39854,player,6.97524,8.19895,0,0,1
39854,bullet1,7.37524,8.19895,0.8,0,1
39857,bullet2,7.44359,7.15185,0.8,0,1
39859,player,6.49971,7.16004,-0.16879,-0.230219,1
39859,bullet1,11.3752,8.19895,0.8,0,1
39861,bullet3,6.78957,7.49919,0.8,0,1
39862,bullet2,11.4436,7.15185,0.8,0,1
39862,bullet4,6.77419,7.54656,0.8,0,1
39864,player,6.51603,7.08809,-0.18874,-0.142284,1
39864,bullet1,15.3752,8.19895,0.8,0,1
39866,bullet3,10.7896,7.49919,0.8,0,1
39867,bullet2,15.4436,7.15185,0.8,0,1
39867,bullet4,10.7742,7.54656,0.8,0,1
39869,player,6.29611,8.00708,0.0800485,0.234508,1
39869,bullet5,6.69611,8.00708,0.8,0,1
39871,bullet3,14.7896,7.49919,0.8,0,1
39871,bullet6,6.25897,7.67072,0.8,0,1
39872,bullet4,14.7742,7.54656,0.8,0,1
39874,player,5.75808,7.59309,-0.0123625,-0.00951227,1
39874,bullet5,10.6961,8.00708,0.8,0,1
39874,bullet1,6.15808,7.59309,0.8,0,1
39875,flyer1,16.5,4.08312,-0.3,0,2
39876,bullet6,10.259,7.67072,0.8,0,1
39876,bullet2,6.15001,7.58689,0.8,0,1
39879,player,6.30587,8.48067,0.0681156,0.405668,1
39879,bullet5,14.6961,8.00708,0.8,0,1
39879,bullet1,10.1581,7.59309,0.8,0,1
39880,flyer1,15,4.08312,-0.3,0,2
39881,bullet6,14.259,7.67072,0.8,0,1
39881,bullet2,10.15,7.58689,0.8,0,1
39883,bullet3,7.24869,8.79898,0.8,0,1
39884,player,6.91829,8.80646,0.0696007,0.00748572,1
39884,bullet1,14.1581,7.59309,0.8,0,1
39885,flyer1,13.5,4.08312,-0.3,0,2
39886,bullet2,14.15,7.58689,0.8,0,1
39886,bullet4,7.36371,8.32197,0.8,0,1
39888,bullet3,11.2487,8.79898,0.8,0,1
39888,bullet5,7.3729,8.22386,0.8,0,1
39889,player,6.97418,8.21016,0.00128433,-0.0137015,1
39890,flyer1,12,4.08312,-0.3,0,2
39890,bullet6,7.37476,8.20399,0.8,0,1
39891,bullet4,11.3637,8.32197,0.8,0,1
39893,bullet3,15.2487,8.79898,0.8,0,1
39893,bullet5,11.3729,8.22386,0.8,0,1
39894,player,6.97521,8.68853,2.36995e-05,0.151622,1
39895,flyer1,10.5,4.08312,-0.3,0,2
39895,bullet6,11.3748,8.20399,0.8,0,1
39896,bullet4,15.3637,8.32197,0.8,0,1
39898,flyer2,16.5,4.08312,-0.260541,0.148722,2
39898,bullet5,15.3729,8.22386,0.8,0,1
39899,player,8.05308,9.28583,0.18263,0.171588,1
39900,flyer1,9,4.08312,-0.3,0,2
39900,flyer3,16.5,4.08312,-0.3,0,2
39900,bullet6,15.3748,8.20399,0.8,0,1
39900,bullet1,8.53527,9.36304,0.8,0,1
39902,bullet2,8.58889,9.41343,0.8,0,1
39903,flyer2,15.1973,4.82673,-0.260541,0.148722,2
39904,player,8.68913,9.913,0.155245,0.155041,1
39905,flyer1,7.5,4.08312,-0.3,0,2
39905,flyer3,15,4.08312,-0.3,0,2
39905,bullet1,12.5353,9.36304,0.8,0,1
39905,bullet3,8.35899,9.98277,-0.8,-6.99382e-08,1
39906,bullet4,9.19043,10.0142,0.8,0,1
39907,bullet2,12.5889,9.41343,0.8,0,1
39908,flyer2,13.8946,5.57034,-0.260541,0.148722,2
39909,player,8.8138,10.0375,0.00286471,0.00286095,1
39910,flyer1,5.99999,4.08312,-0.3,0,2
39910,flyer3,13.5,4.08312,-0.3,0,2
39910,bullet3,4.35899,9.98277,-0.8,-6.99382e-08,1
39911,bullet4,13.1904,10.0142,0.8,0,1
39912,bullet5,9.21593,10.0396,0.8,0,1
39913,flyer2,12.5919,6.31396,-0.260541,0.148722,2
39914,player,8.32673,10.5292,-0.151822,0.151928,1
39915,flyer1,4.49999,4.08312,-0.3,0,2
39915,flyer3,12,4.08312,-0.3,0,2
39915,bullet3,0.358989,9.98277,-0.8,-6.99382e-08,1
39916,bullet4,17.1904,10.0142,0.8,0,1
39917,bullet5,13.2159,10.0396,0.8,0,1
39918,flyer2,11.2892,7.05757,-0.260541,0.148722,2
39919,player,7.39176,10.5383,-0.509092,0.140839,1
39920,flyer1,2.99999,4.08312,-0.3,0,2
39920,flyer3,10.5,4.08312,-0.3,0,2
39921,flyer4,16.5,4.08312,-0.293239,-0.0633318,2
39923,flyer2,9.98647,7.80118,-0.260541,0.148722,2
39923,bullet6,6.8346,10.6488,0.8,0,1
39924,player,6.39445,10.6514,-0.0401489,0.00259887,1
39924,bullet1,6.79445,10.6514,0.8,0,1
39925,flyer1,1.49999,4.08312,-0.3,0,2
39925,flyer3,9,4.08312,-0.3,0,2
39926,flyer4,15.0338,3.76646,-0.293239,-0.0633318,2
39928,flyer2,8.68377,8.5448,-0.260541,0.148722,2
39928,bullet6,10.8346,10.6488,0.8,0,1
39929,player,5.43623,10.1641,-0.368996,-0.151827,1
39929,bullet1,10.7944,10.6514,0.8,0,1
39930,flyer1,-6.4373e-06,4.08312,-0.3,0,2
39930,flyer3,7.5,4.08312,-0.3,0,2
39931,flyer4,13.5676,3.4498,-0.293239,-0.0633318,2
39931,bullet2,5.59546,10.065,0.8,0,1
39933,flyer2,7.38107,9.28841,-0.260541,0.148722,1
39933,bullet6,14.8346,10.6488,0.8,0,1
39934,player,4.8024,9.14692,-0.344309,-0.408645,1
39934,bullet1,14.7944,10.6514,0.8,0,1
39935,flyer3,5.99999,4.08312,-0.3,0,2
39936,flyer4,12.1014,3.13314,-0.293239,-0.0633318,2
39938,flyer2,6.07836,10.032,-0.260541,0.148722,1
39938,flyer5,16.5,4.08312,-0.295586,-0.0512703,2
39939,player,3.92357,9.97878,-0.0201931,0.0746427,1
39939,bullet3,4.32357,9.97878,0.8,0,1
39940,flyer3,4.49999,4.08312,-0.3,0,2
39940,bullet4,4.31449,10.0124,0.8,0,1
39941,flyer4,10.6352,2.81648,-0.293239,-0.0633318,2
39943,flyer5,15.0221,3.82676,-0.295586,-0.0512703,2
39944,player,3.34964,10.5964,-0.0687164,0.0697211,1
39944,bullet5,3.74964,10.5964,0.8,0,1
39945,flyer3,2.99999,4.08312,-0.3,0,2
39945,bullet4,8.31449,10.0124,0.8,0,1
39945,bullet2,3.71872,10.6278,0.8,0,1
39946,flyer4,9.16903,2.49982,-0.293239,-0.0633318,2
39947,bullet6,3.69854,10.6483,0.8,0,1
39948,flyer5,13.5441,3.57041,-0.295586,-0.0512703,2
39949,player,3.29445,10.6524,-0.00126801,0.00128655,1
39949,bullet5,7.74964,10.5964,0.8,0,1
39950,flyer3,1.49999,4.08312,-0.3,0,2
39950,bullet4,12.3145,10.0124,0.8,0,1
39950,bullet2,7.71872,10.6278,0.8,0,1
39951,flyer4,7.70284,2.18316,-0.293239,-0.0633318,2
39952,bullet6,7.69854,10.6483,0.8,0,1
39953,flyer5,12.0662,3.31406,-0.295586,-0.0512703,2
39954,player,3.29343,10.6535,-2.33984e-05,2.37405e-05,1
39954,bullet5,11.7496,10.5964,0.8,0,1
39955,flyer3,-6.4373e-06,4.08312,-0.3,0,2
39955,bullet4,16.3145,10.0124,0.8,0,1
39955,bullet2,11.7187,10.6278,0.8,0,1
39956,flyer4,6.23664,1.8665,-0.293239,-0.0633318,2
39957,bullet6,11.6985,10.6483,0.8,0,1
39958,flyer5,10.5883,3.05771,-0.295586,-0.0512703,2
39958,bullet1,3.79251,10.5544,0.8,0,1
39959,player,3.33801,10.6089,-0.0545046,0.0545046,1
39959,bullet5,15.7496,10.5964,0.8,0,1
39960,bullet2,15.7187,10.6278,0.8,0,1
39960,bullet3,2.91348,10.6334,-0.8,-6.99382e-08,1
39961,flyer4,4.77045,1.54984,-0.293239,-0.0633318,2
39961,bullet4,3.70245,10.6445,0.8,0,1
39962,bullet6,15.6985,10.6483,0.8,0,1
39963,flyer5,9.11034,2.80136,-0.295586,-0.0512703,2
39963,bullet1,7.79252,10.5544,0.8,0,1
39963,bullet5,3.69524,10.6517,0.8,0,1
39964,player,3.29424,10.6527,-0.00100576,0.00100576,1
39966,flyer4,3.30425,1.23318,-0.293239,-0.0633318,2
39966,bullet4,7.70245,10.6445,0.8,0,1
39968,flyer5,7.6324,2.54501,-0.295586,-0.0512703,2
39968,bullet1,11.7925,10.5544,0.8,0,1
39968,bullet5,7.69525,10.6517,0.8,0,1
39969,player,1.61327,10.1503,-0.196488,-0.134941,1
39971,flyer4,1.83806,0.916526,-0.293239,-0.0633318,2
39971,bullet4,11.7024,10.6445,0.8,0,1
39973,flyer5,6.15447,2.28866,-0.295586,-0.0512703,2
39973,bullet1,15.7925,10.5544,0.8,0,1
39973,bullet5,11.6952,10.6517,0.8,0,1
39974,player,0.4,11.1197,-0.139692,0.18014,1
39974,bullet2,0.8,11.1197,0.8,0,1
39976,flyer4,0.371863,0.599867,-0.293239,-0.0633318,2
39976,bullet4,15.7024,10.6445,0.8,0,1
39977,bullet6,0,11.7431,-0.8,-6.99382e-08,1
39978,flyer5,4.67654,2.03231,-0.295586,-0.0512703,2
39978,bullet5,15.6952,10.6517,0.8,0,1
39979,player,0.4,11.5154,0,-0.303421,1
39979,flyer6,16.5,1.45608,-0.3,0,2
39979,bullet2,4.8,11.1197,0.8,0,1
39980,flayer7,16.5,1.45608,-0.264177,-0.142163,2
39981,bullet3,0.8,11.3174,0.8,0,1
39983,flyer5,3.1986,1.77595,-0.295586,-0.0512703,2
39984,player,0.7375,12.0986,0.3375,0.483776,1
39984,flyer6,15,1.45608,-0.3,0,2
39984,bullet2,8.8,11.1197,0.8,0,1
39985,flayer7,15.1791,0.745266,-0.264177,-0.142163,2
39986,bullet3,4.8,11.3174,0.8,0,1
39986,bullet1,1.35772,12.4142,0.8,0,1
39987,bullet4,1.38847,12.4583,0.8,0,1
39988,flyer5,1.72067,1.5196,-0.295586,-0.0512703,2
39989,player,1.00854,12.4871,0.00622782,0.00892703,1
39989,flyer6,13.5,1.45608,-0.3,0,2
39989,bullet2,12.8,11.1197,0.8,0,1
39990,flayer7,13.8582,0.0344522,-0.264177,-0.142163,2
39991,bullet3,8.8,11.3174,0.8,0,1
39991,bullet1,5.35772,12.4142,0.8,0,1
39992,bullet4,5.38847,12.4583,0.8,0,1
39993,flyer5,0.242739,1.26325,-0.295586,-0.0512703,2
39994,player,0.4,12.8625,-0.101432,0.300076,1
39994,flyer6,12,1.45608,-0.3,0,2
39996,bullet3,12.8,11.3174,0.8,0,1
39996,bullet1,9.35772,12.4142,0.8,0,1
39996,bullet6,0.8,13.0583,0.8,0,1
39997,bullet4,9.38847,12.4583,0.8,0,1
39999,player,0.889375,13.5929,0.151875,0.157412,1
39999,flyer6,10.5,1.45608,-0.3,0,2
40001,bullet1,13.3577,12.4142,0.8,0,1
40001,bullet6,4.8,13.0583,0.8,0,1
40002,bullet4,13.3885,12.4583,0.8,0,1
40003,bullet5,1.40854,13.7164,0.8,0,1
40004,player,1.34884,14.0568,0.340303,0.340405,1
40004,flyer6,9,1.45608,-0.3,0,2
40006,flayer8,16.5,14.7166,-0.239232,0.181019,2
40006,bullet6,8.8,13.0583,0.8,0,1
40006,bullet2,1.97089,14.2789,0.8,0,1
40008,bullet5,5.40854,13.7164,0.8,0,1
40009,player,1.62214,14.3302,0.00627954,0.00628142,1
40009,flyer6,7.5,1.45608,-0.3,0,2
40009,bullet3,2.02214,14.3302,0.8,0,1
40011,flayer8,15.3038,15.6216,-0.239232,0.181019,2
40011,bullet6,12.8,13.0583,0.8,0,1
40011,bullet2,5.97089,14.2789,0.8,0,1
40013,bullet5,9.40854,13.7164,0.8,0,1
40014,player,1.06946,14.3352,-0.0682279,0.00011591,1
40014,flyer6,5.99999,1.45608,-0.3,0,2
40014,bullet3,6.02214,14.3302,0.8,0,1
40016,flayer8,14.1077,16.5267,-0.239232,0.181019,2
40016,bullet2,9.97089,14.2789,0.8,0,1
40018,bullet5,13.4085,13.7164,0.8,0,1
40019,player,1.01467,15.4815,-0.001259,0.0991006,1
40019,flyer6,4.49999,1.45608,-0.3,0,2
40019,bullet3,10.0221,14.3302,0.8,0,1
40019,bullet1,1.41467,15.4815,0.8,0,1
40021,bullet2,13.9709,14.2789,0.8,0,1
40024,player,0.4,15.6,-0,0,1
40024,flyer6,2.99999,1.45608,-0.3,0,2
40024,bullet3,14.0221,14.3302,0.8,0,1
40024,bullet1,5.41467,15.4815,0.8,0,1
40025,flyer1,16.5,14.7166,-0.3,0,2
40026,bullet4,0.8,15.6,0.8,0,1
40029,player,0.889375,15.6,0.151875,0,1
40029,flyer6,1.49999,1.45608,-0.3,0,2
40029,bullet1,9.41467,15.4815,0.8,0,1
40029,bullet6,1.28938,15.6,0.8,0,1
40030,flyer1,15,14.7166,-0.3,0,1
40031,bullet4,4.8,15.6,0.8,0,1
40034,player,0.521969,15.6,-0.149072,0,1
40034,flyer6,-6.4373e-06,1.45608,-0.3,0,2
40034,bullet6,5.28938,15.6,0.8,0,1
40034,bullet5,0.921969,15.6,0.8,0,1
40036,bullet4,8.8,15.6,0.8,0,1
40036,bullet2,0.824699,15.6,0.8,0,1
40039,player,1.22913,15.6,0.486624,0,1
40039,bullet6,9.28938,15.6,0.8,0,1
40039,bullet5,4.92197,15.6,0.8,0,1
40041,bullet4,12.8,15.6,0.8,0,1
40041,bullet2,4.8247,15.6,0.8,0,1
40044,player,2.2084,15.6,0.0397343,0,1
40044,bullet6,13.2894,15.6,0.8,0,1
40044,bullet5,8.92197,15.6,0.8,0,1
40046,flyer2,16.5,14.7166,-0.2229,0.200788,2
40046,bullet2,8.8247,15.6,0.8,0,1
40048,bullet3,2.63958,15.6,0.8,0,1
40049,player,2.24031,15.6,0.000733209,0,1
40049,bullet5,12.922,15.6,0.8,0,1
40051,flyer2,15.3855,15.7205,-0.2229,0.200788,0
40051,bullet2,12.8247,15.6,0.8,0,1
40051,bullet1,2.15141,15.6,0.8,0,1
40053,bullet3,6.63958,15.6,0.8,0,1
40053,bullet4,2.05241,15.6,0.8,0,1
40054,player,1.63859,15.6,-0.0138261,0,1
40056,bullet1,6.15141,15.6,0.8,0,1
40056,bullet6,1.54019,15.6,0.8,0,1
40058,bullet3,10.6396,15.6,0.8,0,1
40058,bullet4,6.05241,15.6,0.8,0,1
40059,player,1.51454,15.6,0.13778,0,1
40061,bullet1,10.1514,15.6,0.8,0,1
40061,bullet6,5.54019,15.6,0.8,0,1
40063,bullet3,14.6396,15.6,0.8,0,1
40063,bullet4,10.0524,15.6,0.8,0,1
40064,player,1.02288,14.9977,-0.0112972,-0.0138396,1
40066,flyer3,16.5,13.4924,-0.295211,0.053389,2
40066,bullet1,14.1514,15.6,0.8,0,1
40066,bullet6,9.54019,15.6,0.8,0,1
40067,bullet5,1.9722,14.9874,0.8,0,1
40068,bullet4,14.0524,15.6,0.8,0,1
40069,player,1.61612,14.9866,0.0136311,-0.00025538,1
40070,bullet2,2.02225,14.9865,0.8,0,1
40071,flyer3,15.0239,13.7594,-0.295211,0.053389,2
40071,bullet6,13.5402,15.6,0.8,0,1
40072,bullet5,5.9722,14.9874,0.8,0,1
40073,bullet3,1.53744,14.9864,0.8,0,1
40074,player,1.06935,14.9864,-0.0680922,-4.71247e-06,1
40075,bullet2,6.02225,14.9865,0.8,0,1
40076,flyer3,13.5479,14.0263,-0.295211,0.053389,2
40077,bullet5,9.9722,14.9874,0.8,0,1
40077,bullet1,0.860995,14.4286,0.8,0,1
40078,bullet3,5.53744,14.9864,0.8,0,1
40079,player,0.901727,14.384,0.136779,-0.0138397,1
40080,bullet2,10.0223,14.9865,0.8,0,1
40081,flyer3,12.0718,14.2933,-0.295211,0.053389,1
40082,bullet1,4.86099,14.4286,0.8,0,1
40083,bullet3,9.53744,14.9864,0.8,0,1
40084,player,0.4,14.9752,0,0.0135842,1
40084,bullet4,0.8,14.9752,0.8,0,1
40087,bullet1,8.861,14.4286,0.8,0,1
40088,flyer4,16.5,13.4924,-0.3,0,2
40088,bullet3,13.5374,14.9864,0.8,0,1
40089,player,1.07066,15.0545,-0.0696916,-0.0832806,1
40089,bullet4,4.8,14.9752,0.8,0,1
40092,flayer7,16.5,13.4924,-0.3,0,2
40092,bullet1,12.861,14.4286,0.8,0,1
40092,bullet6,1.17655,14.9926,-0.8,-6.99382e-08,1
40093,flyer4,15,13.4924,-0.3,0,2
40094,player,1.617,14.6501,0.0125536,-0.339037,1
40094,bullet4,8.8,14.9752,0.8,0,1
40095,bullet5,2.02265,14.4975,0.8,0,1
40097,flayer7,15,13.4924,-0.3,0,2
40097,bullet2,2.02634,14.398,0.8,0,1
40098,flyer4,13.5,13.4924,-0.3,0,2
40099,player,1.62708,13.8885,0.000231649,-0.158131,1
40099,bullet4,12.8,14.9752,0.8,0,1
40100,bullet5,6.02265,14.4975,0.8,0,1
40100,bullet3,2.02719,13.8173,0.8,0,1
40102,flayer7,13.5,13.4924,-0.3,0,2
40102,bullet2,6.02634,14.398,0.8,0,1
40103,flyer4,12,13.4924,-0.3,0,2
40104,player,0.701297,13.173,-0.36825,-0.0336726,1
40105,bullet5,10.0227,14.4975,0.8,0,1
40105,bullet3,6.02719,13.8173,0.8,0,1
40107,flayer7,12,13.4924,-0.3,0,2
40107,bullet2,10.0263,14.398,0.8,0,1
40108,flyer4,10.5,13.4924,-0.3,0,2
40109,player,0.894936,12.0681,0.14508,-0.183251,1
40110,bullet5,14.0227,14.4975,0.8,0,1
40112,flayer7,10.5,13.4924,-0.3,0,2
40112,bullet2,14.0263,14.398,0.8,0,1
40113,flyer4,9,13.4924,-0.3,0,1
40113,bullet6,0.60877,12.5128,-0.8,-6.99382e-08,1
40114,player,1.01145,12.1858,0.00267713,-0.327042,1
40116,flyer5,16.5,1.08113,-0.299394,0.0190604,2
40117,flayer7,9,13.4924,-0.3,0,2
40117,flayer8,16.5,13.4924,-0.265039,-0.14055,2
40117,bullet1,0.924062,11.9426,0.8,0,1
40118,flyer4,7.5,13.4924,-0.3,0,1
40119,player,0.425123,11.9231,-0.0307053,-0.00603484,1
40120,bullet4,0.811305,11.9204,0.8,0,1
40121,flyer5,15.003,1.17643,-0.299394,0.0190604,2
40122,flayer7,7.5,13.4924,-0.3,0,2
40122,flayer8,15.1748,12.7897,-0.265039,-0.14055,2
40122,bullet1,4.92406,11.9426,0.8,0,1
40123,flyer4,5.99999,13.4924,-0.3,0,1
40123,bullet3,1.35875,11.9184,0.8,0,1
40124,player,0.651437,12.2558,-0.307312,0.337389,1
40125,bullet4,4.81131,11.9204,0.8,0,1
40126,flyer5,13.5061,1.27174,-0.299394,0.0190604,2
40126,bullet5,0.850916,12.4759,0.8,0,1
40127,flayer7,5.99999,13.4924,-0.3,0,2
40127,flayer8,13.8496,12.0869,-0.265039,-0.14055,2
40127,bullet1,8.92406,11.9426,0.8,0,1
40128,flyer4,4.49999,13.4924,-0.3,0,1
40128,bullet3,5.35875,11.9184,0.8,0,1
40129,player,0.4,12.5267,0,0.00622577,1
40130,bullet4,8.81131,11.9204,0.8,0,1
40131,flyer5,12.0091,1.36704,-0.299394,0.0190604,2
40131,bullet5,4.85092,12.4759,0.8,0,1
40132,flayer7,4.49999,13.4924,-0.3,0,2
40132,flayer8,12.5244,11.3842,-0.265039,-0.14055,1
40132,bullet2,0.8,12.5313,0.8,0,1
40133,flyer4,2.99999,13.4924,-0.3,0,1
40133,bullet3,9.35875,11.9184,0.8,0,1
40134,player,0.4,12.5317,0,0.000114883,1
40136,flyer5,10.5121,1.46234,-0.299394,0.0190604,2
40136,bullet5,8.85092,12.4759,0.8,0,1
40136,bullet6,0.8,12.5318,0.8,0,1
40137,flayer7,2.99999,13.4924,-0.3,0,2
40137,bullet2,4.8,12.5313,0.8,0,1
40138,flyer4,1.49999,13.4924,-0.3,0,1
40138,bullet3,13.3588,11.9184,0.8,0,1
40139,player,0.4,12.5318,0,2.11991e-06,1
40141,flyer5,9.01516,1.55764,-0.299394,0.0190604,2
40141,bullet5,12.8509,12.4759,0.8,0,1
40141,bullet6,4.8,12.5318,0.8,0,1
40142,flayer7,1.49999,13.4924,-0.3,0,2
40142,bullet2,8.8,12.5313,0.8,0,1
40142,bullet1,0.8,12.5318,0.8,0,1
40143,flyer4,-6.4373e-06,13.4924,-0.3,0,1
40144,player,0.4,12.5318,0,3.91184e-08,1
40146,flyer5,7.51819,1.65294,-0.299394,0.0190604,2
40146,bullet6,8.8,12.5318,0.8,0,1
40146,bullet4,0.8,12.5318,0.8,0,1
40147,flayer7,-6.4373e-06,13.4924,-0.3,0,2
40147,bullet2,12.8,12.5313,0.8,0,1
40147,bullet1,4.8,12.5318,0.8,0,1
40149,player,0.7375,12.8693,0.3375,0.3375,1
40151,flyer5,6.02122,1.74825,-0.299394,0.0190604,2
40151,bullet6,12.8,12.5318,0.8,0,1
40151,bullet4,4.8,12.5318,0.8,0,1
40152,bullet1,8.8,12.5318,0.8,0,1
40152,bullet3,1.38847,13.1203,0.8,0,1
40154,player,1.00854,13.1404,0.00622782,0.00622782,1
40156,flyer5,4.52425,1.84355,-0.299394,0.0190604,2
40156,bullet4,8.8,12.5318,0.8,0,1
40157,bullet1,12.8,12.5318,0.8,0,1
40157,bullet3,5.38847,13.1203,0.8,0,1
40159,player,0.793324,12.2055,0.269271,-0.351225,1
40161,flyer5,3.02728,1.93885,-0.299394,0.0190604,2
40161,bullet4,12.8,12.5318,0.8,0,1
40162,flyer1,16.5,1.08113,-0.3,0,2
40162,bullet3,9.38847,13.1203,0.8,0,1
40164,player,1.00957,12.261,0.00496881,0.331019,1
40165,bullet5,1.41181,12.4099,0.8,0,1
40166,flyer5,1.53031,2.03415,-0.299394,0.0190604,2
40167,flyer1,15,1.08113,-0.3,0,2
40167,bullet3,13.3885,13.1203,0.8,0,1
40169,player,1.01356,11.9691,9.16885e-05,-0.0622355,1
40169,bullet2,1.41356,11.9691,0.8,0,1
40170,bullet5,5.41181,12.4099,0.8,0,1
40170,bullet6,1.4136,11.9411,0.8,0,1
40171,flyer5,0.0333447,2.12945,-0.299394,0.0190604,2
40172,flyer1,13.5,1.08113,-0.3,0,2
40172,bullet1,1.41363,11.9228,0.8,0,1
40174,player,1.01364,11.9191,1.69191e-06,-0.00114842,1
40174,bullet2,5.41356,11.9691,0.8,0,1
40175,bullet5,9.41181,12.4099,0.8,0,1
40175,bullet6,5.4136,11.9411,0.8,0,1
40177,flyer1,12,1.08113,-0.3,0,2
40177,bullet1,5.41363,11.9228,0.8,0,1
40179,player,0.455918,11.9182,-0.0683437,-2.11916e-05,1
40179,bullet2,9.41356,11.9691,0.8,0,1
40180,bullet5,13.4118,12.4099,0.8,0,1
40180,bullet6,9.4136,11.9411,0.8,0,1
40182,flyer1,10.5,1.08113,-0.3,0,2
40182,bullet1,9.41363,11.9228,0.8,0,1
40184,player,0.738533,12.2557,0.336239,0.3375,1
40184,bullet2,13.4136,11.9691,0.8,0,1
40185,bullet6,13.4136,11.9411,0.8,0,1
40187,flyer1,9,1.08113,-0.3,0,2
40187,bullet1,13.4136,11.9228,0.8,0,1
40188,flyer6,16.5,13.4924,-0.279853,0.108085,2
40189,player,0.4,13.0844,-0,0.0745716,1
40189,flyer2,16.5,1.08113,-0.212254,-0.212011,2
40191,flyer3,16.5,1.08113,-0.3,0,2
40192,flyer1,7.5,1.08113,-0.3,0,2
40192,bullet4,0.8,13.6293,0.8,0,1
40193,flyer6,15.1007,14.0329,-0.279853,0.108085,2
40194,player,0.4,13.7328,0,0.0321307,1
40194,flyer2,15.4387,0.0210797,-0.212254,-0.212011,2
40194,bullet3,0.8,13.7328,0.8,0,1
40195,bullet5,0.8,13.7473,0.8,0,1
40196,flyer3,15,1.08113,-0.3,0,2
40197,flyer1,5.99999,1.08113,-0.3,0,2
40197,bullet4,4.8,13.6293,0.8,0,1
40198,flyer6,13.7015,14.5733,-0.279853,0.108085,2
40198,bullet2,0.8,13.758,0.8,0,1
40199,player,0.4,13.7586,0,0.000592902,1
40199,bullet3,4.8,13.7328,0.8,0,1
40200,bullet5,4.8,13.7473,0.8,0,1
40201,flyer3,13.5,1.08113,-0.3,0,2
40202,flyer1,4.49999,1.08113,-0.3,0,2
40202,bullet4,8.8,13.6293,0.8,0,1
40203,flyer6,12.3022,15.1137,-0.279853,0.108085,2
40203,bullet2,4.8,13.758,0.8,0,1
40204,player,0.4,14.3475,0,0.0307656,1
40204,bullet3,8.8,13.7328,0.8,0,1
40205,bullet5,8.8,13.7473,0.8,0,1
40206,flyer3,12,1.08113,-0.3,0,2
40207,flyer1,2.99999,1.08113,-0.3,0,2
40207,bullet4,12.8,13.6293,0.8,0,1
40208,flyer6,10.9029,15.6541,-0.279853,0.108085,2
40208,bullet2,8.8,13.758,0.8,0,1
40209,player,0.4,14.3723,0,0.000567712,1
40209,bullet3,12.8,13.7328,0.8,0,1
40210,bullet5,12.8,13.7473,0.8,0,1
40211,flyer3,10.5,1.08113,-0.3,0,2
40212,flyer1,1.49999,1.08113,-0.3,0,2
40213,flyer6,9.50368,16.1946,-0.279853,0.108085,2
40213,bullet2,12.8,13.758,0.8,0,1
40213,bullet6,0.8,14.3727,0.8,0,1
40214,player,0.4,14.3727,0,1.04759e-05,1
40215,bullet1,0.8,14.3727,0.8,0,1
40216,flyer3,9,1.08113,-0.3,0,2
40217,flyer1,-6.4373e-06,1.08113,-0.3,0,2
40217,bullet4,0.8,14.3727,0.8,0,1
40218,bullet6,4.8,14.3727,0.8,0,1
40218,bullet3,0,14.3727,-0.8,-6.99382e-08,1
40219,player,0.4,14.3727,0,1.9331e-07,1
40220,bullet1,4.8,14.3727,0.8,0,1
40220,bullet5,0.8,14.3727,0.8,0,1
40221,flyer3,7.5,1.08113,-0.3,0,2
40222,bullet4,4.8,14.3727,0.8,0,1
40223,bullet6,8.8,14.3727,0.8,0,1
40224,player,0.957719,14.8621,0.0683438,0.151875,1
40225,bullet1,8.8,14.3727,0.8,0,1
40225,bullet5,4.8,14.3727,0.8,0,1
40226,flyer3,5.99999,1.08113,-0.3,0,2
40227,bullet4,8.8,14.3727,0.8,0,1
40228,bullet6,12.8,14.3727,0.8,0,1
40229,player,1.57032,15.5418,0.0696049,0.0711463,1
40230,bullet1,12.8,14.3727,0.8,0,1
40230,bullet5,8.8,14.3727,0.8,0,1
40231,flyer3,4.49999,1.08113,-0.3,0,2
40232,bullet4,12.8,14.3727,0.8,0,1
40233,bullet2,1.46722,15.6,0.8,0,1
40234,player,1.03775,15.6,-0.0294703,0,1
40235,bullet5,12.8,14.3727,0.8,0,1
40236,flyer3,2.99999,1.08113,-0.3,0,2
40237,flayer8,16.5,1.08113,-0.3,0,2
40238,bullet2,5.46722,15.6,0.8,0,1
40239,player,0.676581,15.6,-0.338044,0,1
40240,flyer4,16.5,15.1235,-0.255935,0.156516,2
40240,bullet3,0.924462,15.6,0.8,0,1
40241,flyer3,1.49999,1.08113,-0.3,0,2
40242,flayer8,15,1.08113,-0.3,0,2
40242,bullet6,0.825204,15.6,0.8,0,1
40243,bullet2,9.46722,15.6,0.8,0,1
40243,bullet1,0.811342,15.6,0.8,0,1
40244,player,0.405104,15.6,-0.00623786,0,1
40245,flyer4,15.2203,15.9061,-0.255935,0.156516,2
40245,bullet3,4.92446,15.6,0.8,0,1
40246,flyer3,-6.4373e-06,1.08113,-0.3,0,2
40247,flayer8,13.5,1.08113,-0.3,0,2
40247,bullet6,4.8252,15.6,0.8,0,1
40248,bullet2,13.4672,15.6,0.8,0,1
40248,bullet1,4.81134,15.6,0.8,0,1
40249,player,0.4,15.2625,-0,-0.3375,1
40250,bullet3,8.92446,15.6,0.8,0,1
40252,flayer8,12,1.08113,-0.3,0,2
40252,bullet6,8.8252,15.6,0.8,0,1
40253,bullet1,8.81134,15.6,0.8,0,1
40254,player,0.889375,14.9915,0.151875,-0.00622782,1
40255,bullet3,12.9245,15.6,0.8,0,1
40256,bullet4,1.87785,15.4768,0.8,0,1
40257,flayer8,10.5,1.08113,-0.3,0,2
40257,bullet6,12.8252,15.6,0.8,0,1
40258,bullet1,12.8113,15.6,0.8,0,1
40259,player,1.12428,15.5888,-0.135233,0.0137247,1
40261,bullet4,5.87785,15.4768,0.8,0,1
40262,flayer8,9,1.08113,-0.3,0,2
40262,flayer7,16.5,15.1235,-0.3,0,2
40263,flyer5,16.5,15.1235,-0.269187,-0.132433,2
40263,bullet5,1.41817,15.0418,0.8,0,1
40264,player,1.01568,15.0113,-0.00249543,-0.0305014,1
40265,bullet2,1.41455,14.9976,0.8,0,1
40266,bullet4,9.87785,15.4768,0.8,0,1
40267,flayer8,7.5,1.08113,-0.3,0,2
40267,flayer7,15,15.1235,-0.3,0,1
40268,flyer5,15.1541,14.4614,-0.269187,-0.132433,2
40268,bullet5,5.41817,15.0418,0.8,0,1
40269,player,0.4,15.2252,-0,0.458057,1
40270,bullet2,5.41456,14.9976,0.8,0,1
40272,flayer8,5.99999,1.08113,-0.3,0,2
40273,flyer5,13.8081,13.7992,-0.269187,-0.132433,2
40273,bullet5,9.41817,15.0418,0.8,0,1
40273,bullet3,1.28938,15.5846,0.8,0,1
40274,player,0.957719,15.5931,0.0683438,0.00845245,1
40275,bullet2,9.41456,14.9976,0.8,0,1
40275,bullet6,1.38847,15.5969,0.8,0,1
40277,flayer8,4.49999,1.08113,-0.3,0,2
40278,flyer5,12.4622,13.1371,-0.269187,-0.132433,2
40278,bullet5,13.4182,15.0418,0.8,0,1
40278,bullet3,5.28938,15.5846,0.8,0,1
40279,player,1.0126,15.6,0.00126113,0,1
40280,bullet2,13.4146,14.9976,0.8,0,1
40280,bullet6,5.38847,15.5969,0.8,0,1
40282,flayer8,2.99999,1.08113,-0.3,0,2
40282,bullet1,1.41354,15.6,0.8,0,1
40283,flyer5,11.1163,12.4749,-0.269187,-0.132433,2
40283,bullet3,9.28938,15.5846,0.8,0,1
40284,player,0.524243,15.6,-0.151852,0,1
40285,bullet6,9.38847,15.5969,0.8,0,1
40286,bullet4,1.31453,15.6,0.8,0,1
40287,flayer8,1.49999,1.08113,-0.3,0,2
40287,bullet1,5.41354,15.6,0.8,0,1
40288,flyer5,9.77033,11.8127,-0.269187,-0.132433,2
40288,bullet3,13.2894,15.5846,0.8,0,1
40289,player,0.667106,15.6,-0.326462,0,1
40290,bullet6,13.3885,15.5969,0.8,0,1
40291,bullet4,5.31453,15.6,0.8,0,1
40292,flayer8,-6.4373e-06,1.08113,-0.3,0,2
40292,bullet1,9.41354,15.6,0.8,0,1
40292,bullet5,0.0243404,15.6,-0.8,-6.99382e-08,1
40293,flyer5,8.42439,11.1506,-0.269187,-0.132433,2
40294,player,0.894304,15.6,0.145851,0,1
40295,flyer2,16.5,15.1235,-0.28774,-0.0848871,2
40295,bullet2,1.35994,15.6,0.8,0,1
40296,bullet4,9.31454,15.6,0.8,0,1
40297,bullet1,13.4135,15.6,0.8,0,1
40298,flyer5,7.07846,10.4884,-0.269187,-0.132433,2
40298,bullet3,0.851024,15.6,0.8,0,1
40299,player,0.422961,15.6,-0.0280633,0,1
40300,flyer2,15.0613,14.6991,-0.28774,-0.0848871,1
40300,bullet2,5.35994,15.6,0.8,0,1
40300,bullet5,0.810333,15.6,0.8,0,1
40301,bullet4,13.3145,15.6,0.8,0,1
40303,flyer5,5.73252,9.82623,-0.269187,-0.132433,2
40303,bullet3,4.85102,15.6,0.8,0,1
40304,player,0.4,15.0423,0,-0.0683438,1
40305,flyer2,13.6226,14.2747,-0.28774,-0.0848871,1
40305,bullet2,9.35994,15.6,0.8,0,1
40305,bullet5,4.81033,15.6,0.8,0,1
40307,bullet6,0.8,14.4337,0.8,0,1
40308,flyer5,4.38659,9.16406,-0.269187,-0.132433,2
40308,bullet3,8.85103,15.6,0.8,0,1
40309,player,0.4,14.3851,0,-0.0151007,1
40310,flyer2,12.1839,13.8502,-0.28774,-0.0848871,1
40310,bullet2,13.3599,15.6,0.8,0,1
40310,bullet5,8.81033,15.6,0.8,0,1
40312,bullet6,4.8,14.4337,0.8,0,1
40313,flyer5,3.04065,8.5019,-0.269187,-0.132433,2
40313,bullet3,12.851,15.6,0.8,0,1
40314,player,1.00231,14.9753,0.0138396,0.013561,1
40315,flyer2,10.7452,13.4258,-0.28774,-0.0848871,1
40315,bullet5,12.8103,15.6,0.8,0,1
40317,bullet6,8.8,14.4337,0.8,0,1
40317,bullet1,0.854886,15.5431,0.8,0,1
40318,flyer5,1.69472,7.83973,-0.269187,-0.132433,2
40318,bullet4,0.824699,15.5744,0.8,0,1
40319,player,0.411115,15.5885,-0.0135842,0.0140898,1
40320,flyer2,9.30651,13.0014,-0.28774,-0.0848871,1
40320,bullet2,0.805002,15.5948,0.8,0,1
40322,bullet6,12.8,14.4337,0.8,0,1
40322,bullet1,4.85489,15.5431,0.8,0,1
40323,flyer5,0.348783,7.17757,-0.269187,-0.132433,2
40323,bullet4,4.8247,15.5744,0.8,0,1
40324,player,0.400205,15.5998,-0.000250667,0.000259997,1
40325,flyer2,7.86781,12.5769,-0.28774,-0.0848871,1
40325,bullet2,4.805,15.5948,0.8,0,1
40327,bullet6,16.8,14.4337,0.8,0,1
40327,bullet1,8.85489,15.5431,0.8,0,1
40328,bullet4,8.8247,15.5744,0.8,0,1
40329,player,0.7375,14.674,0.3375,-0.36825,1
40330,flyer2,6.42911,12.1525,-0.28774,-0.0848871,1
40330,bullet2,8.805,15.5948,0.8,0,1
40330,bullet3,1.28938,14.5083,0.8,0,1
40332,bullet1,12.8549,15.5431,0.8,0,1
40333,bullet4,12.8247,15.5744,0.8,0,1
40334,player,1.00854,14.3783,0.00622782,-0.00679525,1
40335,flyer2,4.99041,11.728,-0.28774,-0.0848871,1
40335,bullet2,12.805,15.5948,0.8,0,1
40335,bullet3,5.28938,14.5083,0.8,0,1
40338,flyer6,16.5,9.07316,-0.3,0,2
40339,player,1.35104,14.7103,0.337615,0.337375,1
40340,flyer2,3.55171,11.3036,-0.28774,-0.0848871,1
40340,flyer1,16.5,9.07316,-0.298883,-0.0258649,2
40340,bullet3,9.28938,14.5083,0.8,0,1
40340,bullet5,1.90297,14.8621,0.8,0,1
40343,flyer6,15,9.07316,-0.3,0,2
40344,player,1.1328,13.9342,-0.145645,-0.213993,1
40345,flyer2,2.11301,10.8792,-0.28774,-0.0848871,1
40345,flyer1,15.0056,8.94383,-0.298883,-0.0258649,2
40345,bullet3,13.2894,14.5083,0.8,0,1
40345,bullet5,5.90297,14.8621,0.8,0,1
40348,flyer6,13.5,9.07316,-0.3,0,2
40349,player,0.4,14.854,-0,0.161766,1
40350,flyer2,0.674313,10.4547,-0.28774,-0.0848871,1
40350,flyer1,13.5112,8.81451,-0.298883,-0.0258649,2
40350,bullet5,9.90297,14.8621,0.8,0,1
40352,bullet6,0.8,14.4166,0.8,0,1
40353,flyer6,12,9.07316,-0.3,0,2
40354,player,0.4,14.871,0,0.14102,1
40355,flyer1,12.0168,8.68519,-0.298883,-0.0258649,2
40355,bullet5,13.903,14.8621,0.8,0,1
40357,bullet6,4.8,14.4166,0.8,0,1
40358,flyer6,10.5,9.07316,-0.3,0,2
40358,bullet1,0.8,15.5701,0.8,0,1
40359,player,0.4,15.5865,0,0.0164418,1
40360,flyer1,10.5223,8.55586,-0.298883,-0.0258649,2
40362,bullet6,8.8,14.4166,0.8,0,1
40362,bullet4,0.8,15.6,0.8,0,1
40363,flyer6,9,9.07316,-0.3,0,2
40363,bullet1,4.8,15.5701,0.8,0,1
40363,bullet2,0.8,15.6,0.8,0,1
40364,player,0.4,15.6,0,0,1
40365,flyer1,9.02794,8.42654,-0.298883,-0.0258649,2
40367,bullet6,12.8,14.4166,0.8,0,1
40367,bullet4,4.8,15.6,0.8,0,1
40368,flyer6,7.5,9.07316,-0.3,0,2
40368,bullet1,8.8,15.5701,0.8,0,1
40368,bullet2,4.8,15.6,0.8,0,1
40369,player,0.41384,15.0115,-0.0169151,-0.0307547,1
40370,flyer1,7.53352,8.29722,-0.298883,-0.0258649,2
40372,bullet4,8.8,15.6,0.8,0,1
40372,bullet3,0.801261,14.9887,0.8,0,1
40373,flyer6,5.99999,9.07316,-0.3,0,2
40373,bullet1,12.8,15.5701,0.8,0,1
40373,bullet2,8.8,15.6,0.8,0,1
40374,player,0.88963,14.9868,0.151563,-0.00056751,1
40375,flyer1,6.03911,8.1679,-0.298883,-0.0258649,2
40377,bullet4,12.8,15.6,0.8,0,1
40377,bullet3,4.80126,14.9887,0.8,0,1
40378,flyer6,4.49999,9.07316,-0.3,0,2
40378,bullet2,12.8,15.6,0.8,0,1
40379,player,1.01135,15.5887,0.00279676,0.0138291,1
40379,bullet5,1.41135,15.5887,0.8,0,1
40380,flyer1,4.54469,8.03857,-0.298883,-0.0258649,2
40382,bullet3,8.80126,14.9887,0.8,0,1
40382,bullet6,1.41343,15.599,0.8,0,1
40383,flyer6,2.99999,9.07316,-0.3,0,2
40383,bullet1,1.41354,15.5995,0.8,0,1
40384,player,1.01359,15.5998,5.16081e-05,0.000255186,1
40384,bullet5,5.41135,15.5887,0.8,0,1
40385,flyer1,3.05028,7.90925,-0.298883,-0.0258649,2
40387,bullet3,12.8013,14.9887,0.8,0,1
40387,bullet6,5.41343,15.599,0.8,0,1
40388,flyer6,1.49999,9.07316,-0.3,0,2
40388,bullet1,5.41354,15.5995,0.8,0,1
40389,player,1.01364,14.9977,9.52315e-07,-0.0138349,1
40389,bullet5,9.41135,15.5887,0.8,0,1
40390,flyer1,1.55586,7.77992,-0.298883,-0.0258649,2
40392,bullet6,9.41343,15.599,0.8,0,1
40393,flyer6,-6.4373e-06,9.07316,-0.3,0,2
40393,bullet1,9.41354,15.5995,0.8,0,1
40393,bullet4,0.924261,14.9868,0.8,0,1
40394,player,0.455917,14.9866,-0.0683437,-0.000255293,1
40394,bullet5,13.4113,15.5887,0.8,0,1
40395,flyer1,0.0614496,7.6506,-0.298883,-0.0258649,2
40397,bullet6,13.4134,15.599,0.8,0,1
40398,flyer3,16.5,8.27213,-0.287126,0.0869419,2
40398,bullet1,13.4135,15.5995,0.8,0,1
40398,bullet4,4.92426,14.9868,0.8,0,1
40398,bullet2,0.802293,14.3979,0.8,0,1
40399,player,0.4,14.384,-0,-0.0138443,1
40401,bullet3,0.8,14.375,0.8,0,1
40403,flyer3,15.0644,8.70684,-0.287126,0.0869419,2
40403,bullet4,8.92426,14.9868,0.8,0,1
40403,bullet2,4.80229,14.3979,0.8,0,1
40403,bullet5,0,14.3732,-0.8,-6.99382e-08,1
40404,player,0.4,14.3729,0,-0.000255467,1
40406,bullet3,4.8,14.375,0.8,0,1
40408,flyer3,13.6287,9.14155,-0.287126,0.0869419,2
40408,bullet4,12.9243,14.9868,0.8,0,1
40408,bullet2,8.80229,14.3979,0.8,0,1
40408,bullet6,0.8,14.3727,0.8,0,1
40409,player,0.4,14.3727,0,-4.71408e-06,1
40411,bullet3,8.8,14.375,0.8,0,1
40413,flyer3,12.1931,9.57626,-0.287126,0.0869419,2
40413,bullet2,12.8023,14.3979,0.8,0,1
40413,bullet6,4.8,14.3727,0.8,0,1
40413,bullet1,0.8,14.9612,0.8,0,1
40414,player,0.4,14.975,0,0.0138395,1
40416,bullet3,12.8,14.375,0.8,0,1
40418,flyer3,10.7575,10.011,-0.287126,0.0869419,2
40418,bullet6,8.8,14.3727,0.8,0,1
40418,bullet1,4.8,14.9612,0.8,0,1
40419,player,0.4,14.3838,0,-0.0135842,1
40419,bullet5,0.8,14.3838,0.8,0,1
40423,flyer3,9.32186,10.4457,-0.287126,0.0869419,2
40423,bullet6,12.8,14.3727,0.8,0,1
40423,bullet1,8.8,14.9612,0.8,0,1
40424,player,0.468344,14.8623,-0.0835313,0.151624,1
40424,bullet5,4.8,14.3838,0.8,0,1
40425,bullet4,0.830755,14.9305,0.8,0,1
40428,flyer3,7.88623,10.8804,-0.287126,0.0869419,2
40428,bullet1,12.8,14.9612,0.8,0,1
40429,player,0.401261,14.9841,-0.00154139,0.0027979,1
40429,bullet5,8.8,14.3838,0.8,0,1
40430,bullet4,4.83075,14.9305,0.8,0,1
40430,bullet2,0.800568,14.9853,0.8,0,1
40433,flyer3,6.4506,11.3151,-0.287126,0.0869419,2
40434,player,0.4,15.1382,0,-0.185573,1
40434,bullet5,12.8,14.3838,0.8,0,1
40435,bullet4,8.83076,14.9305,0.8,0,1
40435,bullet2,4.80057,14.9853,0.8,0,1
40438,flyer3,5.01498,11.7498,-0.287126,0.0869419,2
40439,player,1.29522,13.843,0.405844,-0.102523,1
40439,flyer4,16.5,8.6025,-0.3,0,2
40440,bullet4,12.8308,14.9305,0.8,0,1
40440,bullet2,8.80057,14.9853,0.8,0,1
40441,bullet3,1.96003,13.7761,0.8,0,1
40443,flyer3,3.57935,12.1845,-0.287126,0.0869419,2
40443,bullet6,2.01366,13.7625,0.8,0,1
40444,player,1.95865,13.7606,0.344989,-0.00189183,1
40444,flyer4,15,8.6025,-0.3,0,2
40445,bullet2,12.8006,14.9853,0.8,0,1
40446,bullet3,5.96003,13.7761,0.8,0,1
40446,bullet1,2.58375,13.7594,0.8,0,1
40448,flyer3,2.14372,12.6192,-0.287126,0.0869419,2
40448,bullet6,6.01366,13.7625,0.8,0,1
40449,player,1.67798,14.3168,-0.0619777,0.0683088,1
40449,flyer4,13.5,8.6025,-0.3,0,2
40451,bullet3,9.96003,13.7761,0.8,0,1
40451,bullet1,6.58375,13.7594,0.8,0,1
40451,bullet5,2.03754,14.3614,0.8,0,1
40453,flyer3,0.708092,13.0539,-0.287126,0.0869419,2
40453,bullet6,10.0137,13.7625,0.8,0,1
40454,player,1.62821,13.8823,-0.00114366,-0.150615,1
40454,flyer4,12,8.6025,-0.3,0,2
40456,bullet3,13.96,13.7761,0.8,0,1
40456,bullet1,10.5838,13.7594,0.8,0,1
40456,bullet5,6.03754,14.3614,0.8,0,1
40458,bullet6,14.0137,13.7625,0.8,0,1
40459,player,1.62729,13.7614,-2.11038e-05,-0.00277926,1
40459,flyer4,10.5,8.6025,-0.3,0,2
40461,flayer7,16.5,8.6025,-0.3,0,2
40461,bullet1,14.5838,13.7594,0.8,0,1
40461,bullet5,10.0375,14.3614,0.8,0,1
40461,bullet4,2.02728,14.2489,0.8,0,1
40463,bullet2,2.02727,14.3477,0.8,0,1
40464,player,1.62727,14.3614,-3.89425e-07,0.0137883,1
40464,flyer4,9,8.6025,-0.3,0,2
40464,bullet3,2.02727,14.3614,0.8,0,1
40466,flayer7,15,8.6025,-0.3,0,2
40466,bullet5,14.0375,14.3614,0.8,0,1
40466,bullet4,6.02728,14.2489,0.8,0,1
40468,bullet2,6.02727,14.3477,0.8,0,1
40469,player,1.1379,14.3042,-0.151875,0.0837857,1
40469,flyer4,7.5,8.6025,-0.3,0,2
40469,bullet3,6.02727,14.3614,0.8,0,1
40470,bullet6,0.669554,14.3419,-0.8,-6.99382e-08,1
40471,flayer7,13.5,8.6025,-0.3,0,2
40471,bullet4,10.0273,14.2489,0.8,0,1
40473,bullet2,10.0273,14.3477,0.8,0,1
40474,player,1.01593,14.3715,-0.00280252,0.00154608,1
40474,flyer4,5.99999,8.6025,-0.3,0,2
40474,bullet3,10.0273,14.3614,0.8,0,1
40474,bullet1,1.41593,14.3715,0.8,0,1
40476,flayer7,12,8.6025,-0.3,0,2
40476,bullet4,14.0273,14.2489,0.8,0,1
40478,bullet2,14.0273,14.3477,0.8,0,1
40479,player,1.01368,14.9304,-5.17144e-05,0.0683723,1
40479,flyer4,4.49999,8.6025,-0.3,0,2
40479,bullet3,14.0273,14.3614,0.8,0,1
40479,bullet1,5.41593,14.3715,0.8,0,1
40481,flayer7,10.5,8.6025,-0.3,0,2
40482,flayer8,16.5,8.6025,-0.297194,-0.0409338,2
40484,player,0.4,15.0983,-0,-0.136774,1
40484,flyer4,2.99999,8.6025,-0.3,0,2
40484,bullet1,9.41593,14.3715,0.8,0,1
40485,bullet5,0.8,15.0367,0.8,0,1
40486,flayer7,9,8.6025,-0.3,0,2
40487,flayer8,15.014,8.39783,-0.297194,-0.0409338,2
40487,bullet6,0.8,14.9966,0.8,0,1
40489,player,0.4,14.9884,0,-0.00252386,1
40489,flyer4,1.49999,8.6025,-0.3,0,2
40489,bullet1,13.4159,14.3715,0.8,0,1
40490,bullet5,4.8,15.0367,0.8,0,1
40491,flayer7,7.5,8.6025,-0.3,0,2
40491,bullet4,0.8,14.4974,0.8,0,1
40492,flayer8,13.5281,8.19316,-0.297194,-0.0409338,2
40492,bullet6,4.8,14.9966,0.8,0,1
40493,bullet2,0.8,14.398,0.8,0,1
40494,player,0.4,14.3841,0,-0.0138862,1
40494,flyer4,-6.4373e-06,8.6025,-0.3,0,2
40495,bullet5,8.8,15.0367,0.8,0,1
40496,flayer7,5.99999,8.6025,-0.3,0,2
40496,bullet4,4.8,14.4974,0.8,0,1
40497,flayer8,12.0421,7.98849,-0.297194,-0.0409338,2
40497,bullet6,8.8,14.9966,0.8,0,1
40498,bullet2,4.8,14.398,0.8,0,1
40499,player,0.4,14.373,0,-0.000256239,1
40500,bullet5,12.8,15.0367,0.8,0,1
40501,flayer7,4.49999,8.6025,-0.3,0,2
40501,bullet4,8.8,14.4974,0.8,0,1
40502,flayer8,10.5561,7.78382,-0.297194,-0.0409338,2
40502,bullet6,12.8,14.9966,0.8,0,1
40503,bullet2,8.8,14.398,0.8,0,1
40504,player,0.4,15.5635,0,0.0445896,1
40506,flayer7,2.99999,8.6025,-0.3,0,2
40506,bullet4,12.8,14.4974,0.8,0,1
40507,flayer8,9.07014,7.57915,-0.297194,-0.0409338,2
40507,bullet3,1.35772,15.6,0.8,0,1
40508,bullet2,12.8,14.398,0.8,0,1
40508,bullet1,1.38847,15.6,0.8,0,1
40509,player,1.00231,15.6,0.0138396,0,1
40511,flayer7,1.49999,8.6025,-0.3,0,2
40512,flayer8,7.58417,7.37449,-0.297194,-0.0409338,2
40512,bullet3,5.35772,15.6,0.8,0,1
40512,bullet5,1.4126,15.6,0.8,0,1
40513,bullet1,5.38847,15.6,0.8,0,1
40514,player,1.01343,15.6,0.00025538,0,1
40514,bullet6,1.41343,15.6,0.8,0,1
40516,flayer7,-6.4373e-06,8.6025,-0.3,0,2
40517,flayer8,6.09819,7.16982,-0.297194,-0.0409338,2
40517,bullet3,9.35772,15.6,0.8,0,1
40517,bullet5,5.4126,15.6,0.8,0,1
40518,bullet1,9.38847,15.6,0.8,0,1
40519,player,0.524258,15.1106,-0.15187,-0.151875,1
40519,bullet6,5.41343,15.6,0.8,0,1
40522,flayer8,4.61222,6.96515,-0.297194,-0.0409338,2
40522,bullet3,13.3577,15.6,0.8,0,1
40522,bullet5,9.41261,15.6,0.8,0,1
40523,bullet1,13.3885,15.6,0.8,0,1
40524,player,0.990767,15.5771,0.0279523,0.0279522,1
40524,bullet6,9.41343,15.6,0.8,0,1
40527,flayer8,3.12625,6.76048,-0.297194,-0.0409338,2
40527,flyer5,16.5,6.40175,-0.297736,0.0367877,2
40527,bullet5,13.4126,15.6,0.8,0,1
40528,bullet4,0.8,15.6,0.8,0,1
40529,player,0.4,15.6,0,0,1
40529,bullet6,13.4134,15.6,0.8,0,1
40530,bullet2,0.8,15.6,0.8,0,1
40532,flayer8,1.64028,6.55581,-0.297194,-0.0409338,2
40532,flyer5,15.0113,6.58569,-0.297736,0.0367877,2
40532,bullet3,0.8,15.6,0.8,0,1
40533,bullet4,4.8,15.6,0.8,0,1
40534,player,0.4,15.6,0,0,1
40534,bullet1,0.8,15.6,0.8,0,1
40535,bullet2,4.8,15.6,0.8,0,1
40537,flayer8,0.154308,6.35115,-0.297194,-0.0409338,2
40537,flyer5,13.5226,6.76962,-0.297736,0.0367877,2
40537,bullet3,4.8,15.6,0.8,0,1
40538,bullet4,8.8,15.6,0.8,0,1
40539,player,0.4,15.1106,0,-0.151875,1
40539,bullet1,4.8,15.6,0.8,0,1
40540,bullet2,8.8,15.6,0.8,0,1
40542,flyer5,12.034,6.95356,-0.297736,0.0367877,2
40542,bullet3,8.8,15.6,0.8,0,1
40543,bullet4,12.8,15.6,0.8,0,1
40544,player,0.4,14.9887,0,-0.00280252,1
40544,bullet1,8.8,15.6,0.8,0,1
40545,bullet2,12.8,15.6,0.8,0,1
40547,flyer5,10.5453,7.1375,-0.297736,0.0367877,2
40547,bullet3,12.8,15.6,0.8,0,1
40548,finish,18.9968,8,-0.2,0,1
40549,player,0.4,14.4524,0,-0.0974226,1
40549,bullet1,12.8,15.6,0.8,0,1
40552,flyer5,9.0566,7.32144,-0.297736,0.0367877,2
40552,flyer2,16.5,6.40175,-0.3,0,2
40552,bullet5,1.35772,14.38,0.8,0,1
40553,finish,17.9968,8,-0.2,0,1
40554,player,1.00231,14.3742,0.0138396,-0.00179772,1
40554,bullet6,1.40231,14.3742,0.8,0,1
40555,bullet4,1.40854,14.3734,0.8,0,1
40557,flyer5,7.56792,7.50537,-0.297736,0.0367877,2
40557,flyer2,15,6.40175,-0.3,0,2
40557,bullet5,5.35772,14.38,0.8,0,1
40557,bullet2,1.4126,14.3729,0.8,0,1
40558,finish,16.9968,8,-0.2,0,1
40559,player,0.675928,14.0353,-0.337245,-0.337533,1
40559,bullet6,5.40231,14.3742,0.8,0,1
40560,bullet4,5.40854,14.3734,0.8,0,1
40562,flyer5,6.07924,7.68931,-0.297736,0.0367877,2
40562,flyer2,13.5,6.40175,-0.3,0,2
40562,bullet5,9.35772,14.38,0.8,0,1
40562,bullet2,5.4126,14.3729,0.8,0,1
40563,finish,15.9968,8,-0.2,0,1
40564,player,0.405092,13.1757,-0.00622311,-0.0369831,1
40564,bullet6,9.40231,14.3742,0.8,0,1
40565,bullet4,9.40854,14.3734,0.8,0,1
40567,flyer5,4.59055,7.87325,-0.297736,0.0367877,2
40567,flyer2,12,6.40175,-0.3,0,2
40567,bullet5,13.3577,14.38,0.8,0,1
40567,bullet2,9.41261,14.3729,0.8,0,1
40568,finish,14.9968,8,-0.2,0,1
40569,player,0.400094,12.6566,-0.000114834,-0.152557,1
40569,bullet6,13.4023,14.3742,0.8,0,1
40570,bullet4,13.4085,14.3734,0.8,0,1
40572,flyer5,3.10187,8.05719,-0.297736,0.0367877,2
40572,flyer2,10.5,6.40175,-0.3,0,2
40572,bullet2,13.4126,14.3729,0.8,0,1
40573,finish,13.9968,8,-0.2,0,1
40574,player,0.4,13.1226,0,0.0279396,1
40575,bullet3,0.8,13.1352,0.8,0,1
40577,flyer5,1.61319,8.24113,-0.297736,0.0367877,2
40577,flyer2,9,6.40175,-0.3,0,2
40578,finish,12.9968,8,-0.2,0,1
40579,player,0.499099,13.7335,-0.12112,0.0312703,1
40580,bullet3,4.8,13.1352,0.8,0,1
40581,bullet1,0.820068,13.7539,0.8,0,1
40582,flyer5,0.124515,8.42507,-0.297736,0.0367877,2
40582,flyer2,7.5,6.40175,-0.3,0,2
40583,finish,11.9968,8,-0.2,0,1
40584,player,0.4,13.2009,-0,-0.0677667,1
40585,bullet3,8.8,13.1352,0.8,0,1
40586,bullet1,4.82007,13.7539,0.8,0,1
40587,flyer2,5.99999,6.40175,-0.3,0,2
40588,finish,10.9968,8,-0.2,0,1
40589,player,1.00231,13.1465,0.0138396,-0.00125049,1
40589,bullet5,1.40231,13.1465,0.8,0,1
40590,bullet3,12.8,13.1352,0.8,0,1
40591,bullet1,8.82007,13.7539,0.8,0,1
40591,bullet6,1.41134,13.1457,0.8,0,1
40592,flyer2,4.49999,6.40175,-0.3,0,2
40593,finish,9.99682,8,-0.2,0,1
40594,player,1.57115,13.7032,0.0685991,0.0683207,1
40594,bullet5,5.40231,13.1465,0.8,0,1
40596,bullet1,12.8201,13.7539,0.8,0,1
40596,bullet6,5.41134,13.1457,0.8,0,1
40597,flyer2,2.99999,6.40175,-0.3,0,2
40598,finish,8.99682,8,-0.2,0,1
40598,bullet4,2.02497,13.7568,0.8,0,1
40599,player,1.62624,13.7581,0.00126585,0.00126071,1
40599,bullet5,9.40231,13.1465,0.8,0,1
40601,bullet6,9.41134,13.1457,0.8,0,1
40601,bullet2,2.02706,13.7589,0.8,0,1
40602,flyer2,1.49999,6.40175,-0.3,0,2
40603,finish,7.99682,8,-0.2,0,1
40603,bullet4,6.02497,13.7568,0.8,0,1
40604,player,1.62725,13.2697,2.33584e-05,-0.151852,1
40604,bullet5,13.4023,13.1465,0.8,0,1
40606,bullet6,13.4113,13.1457,0.8,0,1
40606,bullet2,6.02706,13.7589,0.8,0,1
40607,flyer2,-6.4373e-06,6.40175,-0.3,0,2
40608,finish,6.99682,8,-0.2,0,1
40608,bullet4,10.025,13.7568,0.8,0,1
40609,player,2.11665,13.6371,0.151875,0.149073,1
40610,flyer6,16.5,6.40175,-0.262334,-0.145537,2
40611,bullet2,10.0271,13.7589,0.8,0,1
40613,finish,5.99683,8,-0.2,0,1
40613,bullet4,14.025,13.7568,0.8,0,1
40613,bullet3,1.73671,14.832,-0.8,-6.99382e-08,1
40614,player,2.19402,14.9169,0.0573067,0.0849342,1
40615,flyer6,15.1883,5.67406,-0.262334,-0.145537,2
40615,bullet1,2.61981,14.9551,0.8,0,1
