4892,player,3.33211,14.4417,0,0,1
4893,bullet1,2.93211,14.4417,-0.8,-6.99382e-08,1
4894,bullet2,3.73211,14.4417,0.8,0,1
4897,player,3.66961,14.7792,0.3375,0.3375,1
4899,bullet2,7.73211,14.4417,0.8,0,1
4900,bullet3,3.83121,14.5408,0.8,0,1
4902,player,3.35218,14.4617,-0.0245269,-0.0245269,1
4902,flyer1,16.5,3.9391,-0.248253,0.168436,2
4902,bullet4,3.75218,14.4617,0.8,0,1
4904,bullet2,11.7321,14.4417,0.8,0,1
4905,bullet3,7.83121,14.5408,0.8,0,1
4907,player,3.57088,14.442,0.458168,-0.00045259,1
4907,flyer1,15.2587,4.78128,-0.248253,0.168436,2
4907,bullet4,7.75218,14.4617,0.8,0,1
4909,bullet2,15.7321,14.4417,0.8,0,1
4910,flyer2,16.5,3.9391,-0.291501,0.0709027,2
4910,bullet3,11.8312,14.5408,0.8,0,1
4910,bullet5,4.80096,13.9523,0.8,0,1
4912,player,4.5273,13.8532,0.0392092,-0.030763,1
4912,flyer1,14.0175,5.62346,-0.248253,0.168436,2
4912,bullet4,11.7522,14.4617,0.8,0,1
4912,bullet6,4.9273,13.8532,0.8,0,1
4915,flyer2,15.0425,4.29362,-0.291501,0.0709027,2
4915,bullet3,15.8312,14.5408,0.8,0,1
4915,bullet5,8.80096,13.9523,0.8,0,1
4917,player,5.04817,14.3179,0.152599,0.151307,1
4917,flyer1,12.7762,6.46564,-0.248253,0.168436,2
4917,bullet4,15.7522,14.4617,0.8,0,1
4917,bullet6,8.9273,13.8532,0.8,0,1
4919,bullet1,5.54774,14.4166,0.8,0,1
4920,flyer2,13.585,4.64813,-0.291501,0.0709027,2
4920,bullet5,12.801,13.9523,0.8,0,1
4920,bullet2,5.56164,14.4304,0.8,0,1
4922,player,5.17072,14.4394,0.00281587,0.00279205,1
4922,flyer1,11.5349,7.30781,-0.248253,0.168436,2
4922,bullet6,12.9273,13.8532,0.8,0,1
4924,bullet1,9.54774,14.4166,0.8,0,1
4925,flyer2,12.1275,5.00265,-0.291501,0.0709027,2
4925,bullet2,9.56165,14.4304,0.8,0,1
4926,bullet3,5.01521,13.8838,0.8,0,1
4927,player,4.58451,13.8531,-0.0307027,-0.0307032,1
4927,flyer1,10.2937,8.14999,-0.248253,0.168436,2
4927,bullet4,4.98451,13.8531,0.8,0,1
4929,bullet1,13.5477,14.4166,0.8,0,1
4930,flyer2,10.67,5.35716,-0.291501,0.0709027,2
4930,bullet2,13.5616,14.4304,0.8,0,1
4931,bullet3,9.01521,13.8838,0.8,0,1
4932,player,5.14832,13.8285,0.0301881,-0.00056656,1
4932,flyer1,9.05241,8.99217,-0.248253,0.168436,2
4932,bullet4,8.98451,13.8531,0.8,0,1
4934,bullet5,6.05739,13.8281,0.8,0,1
4935,flyer2,9.21247,5.71167,-0.291501,0.0709027,2
4936,bullet3,13.0152,13.8838,0.8,0,1
4936,bullet6,6.16048,13.828,0.8,0,1
4937,player,5.77488,13.828,0.0143967,-1.04546e-05,1
4937,flyer1,7.81115,9.83435,-0.248253,0.168436,2
4937,bullet4,12.9845,13.8531,0.8,0,1
4939,bullet5,10.0574,13.8281,0.8,0,1
4940,flyer2,7.75497,6.06619,-0.291501,0.0709027,2
4941,bullet6,10.1605,13.828,0.8,0,1
4942,player,6.12394,13.2395,0.337766,-0.0307549,1
4942,flyer1,6.56989,10.6765,-0.248253,0.168436,2
4944,bullet5,14.0574,13.8281,0.8,0,1
4945,flyer2,6.29746,6.4207,-0.291501,0.0709027,2
4945,bullet1,5.97511,13.2167,-0.8,-6.99382e-08,1
4946,bullet6,14.1605,13.828,0.8,0,1
4947,player,6.39519,13.2148,0.00623273,-0.000567514,1
4947,flyer1,5.32862,11.5187,-0.248253,0.168436,2
4949,flyer3,16.5,3.9391,-0.290133,0.0763079,2
4950,flyer2,4.83996,6.77522,-0.291501,0.0709027,2
4950,bullet1,1.97511,13.2167,-0.8,-6.99382e-08,1
4950,bullet2,6.79983,13.2144,0.8,0,1
4952,player,6.4002,13.2144,0.000115011,-1.04722e-05,1
4952,flyer1,4.08736,12.3609,-0.248253,0.168436,2
4952,bullet3,6.8002,13.2144,0.8,0,1
4953,bullet4,6.80025,13.2144,0.8,0,1
4954,flyer3,15.0493,4.32064,-0.290133,0.0763079,2
4955,flyer2,3.38245,7.12973,-0.291501,0.0709027,2
4955,bullet2,10.7998,13.2144,0.8,0,1
4956,bullet5,6.31091,13.7037,0.8,0,1
4957,player,5.84257,13.7721,-0.0683416,0.0683435,1
4957,flyer1,2.84609,13.2031,-0.248253,0.168436,2
4957,bullet3,10.8002,13.2144,0.8,0,1
4958,bullet4,10.8003,13.2144,0.8,0,1
4959,flyer3,13.5987,4.70218,-0.290133,0.0763079,2
4960,flyer2,1.92495,7.48424,-0.291501,0.0709027,2
4960,bullet2,14.7998,13.2144,0.8,0,1
4961,bullet5,10.3109,13.7037,0.8,0,1
4962,player,5.25371,13.9399,-0.098632,-0.136774,1
4962,flyer1,1.60483,14.0453,-0.248253,0.168436,2
4962,bullet3,14.8002,13.2144,0.8,0,1
4963,bullet4,14.8003,13.2144,0.8,0,1
4964,flyer3,12.148,5.08372,-0.290133,0.0763079,2
4965,flyer2,0.467444,7.83876,-0.291501,0.0709027,2
4965,bullet6,5.02265,13.8382,0.8,0,1
4966,bullet5,14.3109,13.7037,0.8,0,1
4966,bullet1,4.98785,13.8326,0.8,0,1
4967,player,4.57219,13.8301,-0.0156596,-0.00252387,1
4967,flyer1,0.363564,14.8874,-0.248253,0.168436,2
4969,flyer3,10.6973,5.46526,-0.290133,0.0763079,2
4970,bullet6,9.02265,13.8382,0.8,0,1
4970,bullet2,5.51827,14.3859,0.8,0,1
4971,bullet1,8.98785,13.8326,0.8,0,1
4971,bullet3,5.54838,14.4166,0.8,0,1
4972,player,5.16193,14.4303,0.0135506,0.013793,1
4974,flyer3,9.24669,5.8468,-0.290133,0.0763079,2
4975,bullet6,13.0227,13.8382,0.8,0,1
4975,bullet2,9.51827,14.3859,0.8,0,1
4976,bullet1,12.9879,13.8326,0.8,0,1
4976,bullet3,9.54838,14.4166,0.8,0,1
4977,player,4.5705,13.8391,-0.0135896,-0.0135851,1
4979,flyer3,7.79602,6.22834,-0.290133,0.0763079,2
4980,bullet2,13.5183,14.3859,0.8,0,1
4981,flyer4,16.5,2.10676,-0.3,0,2
4981,bullet3,13.5484,14.4166,0.8,0,1
4982,player,4.89709,12.8884,0.337249,-0.35159,1
4984,flyer3,6.34536,6.60987,-0.290133,0.0763079,2
4984,flyer5,16.5,3.9391,-0.298264,0.0322301,2
4985,flyer6,16.5,2.10676,-0.3,0,2
4986,flyer4,15,2.10676,-0.3,0,2
4987,player,4.67855,12.0483,-0.145652,-0.0748316,1
4989,flyer3,4.89469,6.99141,-0.290133,0.0763079,2
4989,flyer5,15.0087,4.10025,-0.298264,0.0322301,2
4990,flyer6,15,2.10676,-0.3,0,2
4991,flyer4,13.5,2.10676,-0.3,0,2
4992,player,4.22408,11.1349,-0.340188,0.291525,1
4994,flyer3,3.44403,7.37295,-0.290133,0.0763079,2
4994,flyer5,13.5174,4.2614,-0.298264,0.0322301,2
4994,bullet4,4.40211,11.3252,0.8,0,1
4995,flyer6,13.5,2.10676,-0.3,0,2
4996,flyer4,12,2.10676,-0.3,0,2
4997,player,4.28838,10.4738,0.331223,-0.400464,1
4999,flyer3,1.99336,7.75449,-0.290133,0.0763079,2
4999,flyer5,12.026,4.42255,-0.298264,0.0322301,2
4999,bullet4,8.40211,11.3252,0.8,0,1
5000,flyer6,12,2.10676,-0.3,0,2
5001,flyer4,10.5,2.10676,-0.3,0,2
5001,bullet5,4.39055,10.1596,0.8,0,1
5002,player,3.96591,10.1522,-0.0246427,-0.00738969,1
5002,bullet6,4.36591,10.1522,0.8,0,1
5004,flyer3,0.5427,8.13603,-0.290133,0.0763079,2
5004,flyer5,10.5347,4.5837,-0.298264,0.0322301,2
5004,bullet4,12.4021,11.3252,0.8,0,1
5004,bullet1,4.34983,10.1474,0.8,0,1
5005,flyer6,10.5,2.10676,-0.3,0,2
5006,flyer4,9,2.10676,-0.3,0,2
5006,bullet5,8.39055,10.1596,0.8,0,1
5007,player,4.28362,10.1463,0.337045,-0.000136361,1
5007,bullet6,8.36591,10.1522,0.8,0,1
5009,flyer5,9.04341,4.74485,-0.298264,0.0322301,2
5009,bullet1,8.34983,10.1474,0.8,0,1
5010,flyer6,9,2.10676,-0.3,0,2
5011,flyer4,7.5,2.10676,-0.3,0,2
5011,bullet5,12.3906,10.1596,0.8,0,1
5012,player,4.93638,10.1016,0.289215,0.0545016,1
5012,bullet6,12.3659,10.1522,0.8,0,1
5014,flyer5,7.55209,4.906,-0.298264,0.0322301,2
5014,bullet1,12.3498,10.1474,0.8,0,1
5014,bullet2,5.5251,10.1371,0.8,0,1
5015,flyer6,7.5,2.10676,-0.3,0,2
5016,flyer4,5.99999,2.10676,-0.3,0,2
5016,bullet5,16.3906,10.1596,0.8,0,1
5017,player,4.61093,10.3656,-0.0630069,-0.268151,1
5017,bullet6,16.3659,10.1522,0.8,0,1
5019,flyer5,6.06078,5.06715,-0.298264,0.0322301,2
5019,bullet1,16.3498,10.1474,0.8,0,1
5019,bullet2,9.5251,10.1371,0.8,0,1
5020,flyer6,5.99999,2.10676,-0.3,0,2
5020,bullet3,4.40636,10.7239,0.8,0,1
5021,flyer4,4.49999,2.10676,-0.3,0,2
5021,bullet4,4.37302,10.7437,0.8,0,1
5022,player,3.95802,10.7525,-0.0150023,0.00889148,1
5024,flyer5,4.56946,5.2283,-0.298264,0.0322301,2
5024,bullet2,13.5251,10.1371,0.8,0,1
5025,flyer6,4.49999,2.10676,-0.3,0,2
5025,bullet3,8.40636,10.7239,0.8,0,1
5026,flyer4,2.99999,2.10676,-0.3,0,2
5026,bullet4,8.37302,10.7437,0.8,0,1
5026,bullet5,3.51549,10.7288,-0.8,-6.99382e-08,1
5027,player,3.93213,10.7458,0.0166382,0.0170792,1
5029,flyer5,3.07814,5.38945,-0.298264,0.0322301,2
5030,flyer6,2.99999,2.10676,-0.3,0,2
5030,bullet3,12.4064,10.7239,0.8,0,1
5030,bullet6,4.3445,10.7585,0.8,0,1
5031,flyer4,1.49999,2.10676,-0.3,0,2
5031,bullet4,12.373,10.7437,0.8,0,1
5031,bullet1,4.34518,10.7592,0.8,0,1
5032,player,3.94549,10.7596,0.000307022,0.000315158,1
5034,flyer5,1.58682,5.5506,-0.298264,0.0322301,2
5035,flyer6,1.49999,2.10676,-0.3,0,2
5035,bullet6,8.3445,10.7585,0.8,0,1
5036,flyer4,-6.4373e-06,2.10676,-0.3,0,2
5036,bullet4,16.373,10.7437,0.8,0,1
5036,bullet1,8.34518,10.7592,0.8,0,1
5037,player,3.45636,11.5867,-0.151869,0.489381,1
5039,flyer5,0.0955022,5.71175,-0.298264,0.0322301,2
5039,bullet2,3.75727,11.906,0.8,0,1
5040,flyer6,-6.4373e-06,2.10676,-0.3,0,2
5040,bullet6,12.3445,10.7585,0.8,0,1
5040,bullet5,3.74343,11.9506,0.8,0,1
5041,bullet1,12.3452,10.7592,0.8,0,1
5042,player,2.9969,12.3172,-0.340302,0.34653,1
5044,bullet2,7.75727,11.906,0.8,0,1
5045,bullet6,16.3445,10.7585,0.8,0,1
5045,bullet5,7.74343,11.9506,0.8,0,1
5046,flayer7,16.5,2.10676,-0.3,0,2
5046,bullet1,16.3452,10.7592,0.8,0,1
5046,bullet3,3.12989,12.5891,0.8,0,1
5047,player,2.72361,12.5955,-0.00627954,0.00639446,1
5047,bullet4,3.12361,12.5955,0.8,0,1
5049,bullet2,11.7573,11.906,0.8,0,1
5050,bullet5,11.7434,11.9506,0.8,0,1
5051,flayer7,15,2.10676,-0.3,0,2
5051,bullet3,7.12989,12.5891,0.8,0,1
5052,player,2.13009,12.0122,-0.0308706,-0.0306367,1
5052,bullet4,7.12361,12.5955,0.8,0,1
5054,bullet2,15.7573,11.906,0.8,0,1
5055,bullet5,15.7434,11.9506,0.8,0,1
5056,flayer7,13.5,2.10676,-0.3,0,2
5056,flayer8,16.5,2.10676,-0.3,0,2
5056,bullet3,11.1299,12.5891,0.8,0,1
5056,bullet6,2.50587,11.4304,0.8,0,1
5057,player,2.4428,11.7366,0.33693,0.30618,1
5057,bullet4,11.1236,12.5955,0.8,0,1
5059,bullet1,3.06265,11.9364,0.8,0,1
5061,flayer7,12,2.10676,-0.3,0,2
5061,flayer8,15,2.10676,-0.3,0,2
5061,bullet3,15.1299,12.5891,0.8,0,1
5061,bullet6,6.50587,11.4304,0.8,0,1
5062,player,2.15566,11.9825,-0.0621264,0.00564988,1
5062,bullet4,15.1236,12.5955,0.8,0,1
5064,bullet1,7.06265,11.9364,0.8,0,1
5066,flayer7,10.5,2.10676,-0.3,0,2
5066,flayer8,13.5,2.10676,-0.3,0,2
5066,bullet6,10.5059,11.4304,0.8,0,1
5066,bullet2,1.91844,11.3984,0.8,0,1
5067,player,1.50346,11.3847,-0.014986,-0.0137354,1
5067,bullet5,1.90346,11.3847,0.8,0,1
5069,bullet1,11.0626,11.9364,0.8,0,1
5071,flayer7,9,2.10676,-0.3,0,2
5071,flayer8,12,2.10676,-0.3,0,2
5071,bullet6,14.5059,11.4304,0.8,0,1
5071,bullet2,5.91844,11.3984,0.8,0,1
5072,player,2.4174,11.9621,0.367978,0.0305012,1
5072,bullet5,5.90346,11.3847,0.8,0,1
5074,bullet1,15.0626,11.9364,0.8,0,1
5075,bullet3,3.64875,11.4271,0.8,0,1
5076,flayer7,7.5,2.10676,-0.3,0,2
5076,flayer8,10.5,2.10676,-0.3,0,2
5076,bullet2,9.91845,11.3984,0.8,0,1
5077,player,3.31523,11.3843,0.0206298,-0.0132768,1
5077,bullet5,9.90346,11.3847,0.8,0,1
5080,bullet3,7.64875,11.4271,0.8,0,1
5080,bullet4,2.44119,11.8638,-0.8,-6.99382e-08,1
5081,flayer7,5.99999,2.10676,-0.3,0,2
5081,flayer8,9,2.10676,-0.3,0,2
5081,bullet2,13.9184,11.3984,0.8,0,1
5082,player,3.08082,11.6246,0.307126,-0.30699,1
5082,bullet5,13.9035,11.3847,0.8,0,1
5085,bullet3,11.6488,11.4271,0.8,0,1
5085,bullet6,3.70921,10.8386,0.8,0,1
5086,flayer7,4.49999,2.10676,-0.3,0,2
5086,flayer8,7.5,2.10676,-0.3,0,2
5086,bullet1,2.9218,10.7953,-0.8,-6.99382e-08,1
5087,player,3.32747,10.7758,0.00566734,-0.0195044,1
5088,bullet4,3.73002,10.767,0.8,0,1
5090,bullet3,15.6488,11.4271,0.8,0,1
5090,bullet6,7.70921,10.8386,0.8,0,1
5091,flayer7,2.99999,2.10676,-0.3,0,2
5091,flayer8,5.99999,2.10676,-0.3,0,2
5091,bullet1,-1.0782,10.7953,-0.8,-6.99382e-08,1
5091,bullet2,3.73191,10.7605,0.8,0,1
5092,player,3.33202,10.7601,0.000104578,-0.000359912,1
5093,bullet4,7.73002,10.767,0.8,0,1
5095,bullet6,11.7092,10.8386,0.8,0,1
5095,bullet5,3.17438,10.7598,0.8,0,1
5096,flayer7,1.49999,2.10676,-0.3,0,2
5096,flayer8,4.49999,2.10676,-0.3,0,2
5096,bullet2,7.73192,10.7605,0.8,0,1
5097,player,3.21917,11.2492,0.138037,0.151868,1
5098,bullet4,11.73,10.767,0.8,0,1
5100,bullet6,15.7092,10.8386,0.8,0,1
5100,bullet5,7.17438,10.7598,0.8,0,1
5101,flayer7,-6.4373e-06,2.10676,-0.3,0,2
5101,flayer8,2.99999,2.10676,-0.3,0,2
5101,bullet2,11.7319,10.7605,0.8,0,1
5102,player,2.25217,10.8818,-0.180082,-0.149073,1
5103,bullet4,15.73,10.767,0.8,0,1
5103,bullet3,2.57113,10.8147,0.8,0,1
5105,bullet5,11.1744,10.7598,0.8,0,1
5105,bullet1,2.51826,10.7709,0.8,0,1
5106,flayer8,1.49999,2.10676,-0.3,0,2
5106,bullet2,15.7319,10.7605,0.8,0,1
5107,player,2.10755,10.7621,-0.00332303,-0.00275081,1
5108,bullet3,6.57114,10.8147,0.8,0,1
5109,bullet6,2.01601,10.2709,0.8,0,1
5110,bullet5,15.1744,10.7598,0.8,0,1
5110,bullet1,6.51826,10.7709,0.8,0,1
5111,flayer8,-6.4373e-06,2.10676,-0.3,0,2
5112,player,1.50257,10.1576,-0.0139009,-0.0138904,1
5112,bullet4,1.90257,10.1576,0.8,0,1
5113,bullet3,10.5711,10.8147,0.8,0,1
5114,bullet6,6.01601,10.2709,0.8,0,1
5115,bullet1,10.5183,10.7709,0.8,0,1
5117,player,1.49141,10.1464,-0.000256511,-0.000256316,1
5117,bullet4,5.90257,10.1576,0.8,0,1
5118,bullet3,14.5711,10.8147,0.8,0,1
5119,bullet6,10.016,10.2709,0.8,0,1
5120,bullet1,14.5183,10.7709,0.8,0,1
5121,flyer2,16.5,2.10676,-0.294918,0.0549862,2
5121,bullet2,1.89121,10.1462,0.8,0,1
5122,player,1.1537,9.80869,-0.337505,-0.337505,1
5122,bullet4,9.90257,10.1576,0.8,0,1
5124,bullet6,14.016,10.2709,0.8,0,1
5126,flyer2,15.0254,2.38169,-0.294918,0.0549862,2
5126,bullet2,5.89121,10.1462,0.8,0,1
5127,player,1.9605,9.63674,0.176402,-0.127348,1
5127,flyer1,16.5,12.3172,-0.28114,-0.104693,2
5127,bullet4,13.9026,10.1576,0.8,0,1
5129,bullet5,2.47561,9.06428,0.8,0,1
5131,flyer2,13.5508,2.65662,-0.294918,0.0549862,2
5131,bullet2,9.89121,10.1462,0.8,0,1
5131,bullet3,2.49891,8.94835,0.8,0,1
5132,player,2.10217,8.93216,0.00325511,-0.0161895,1
5132,flyer1,15.0943,11.7937,-0.28114,-0.104693,2
5132,bullet1,1.70217,8.93216,-0.8,-6.99382e-08,1
5134,bullet5,6.47561,9.06428,0.8,0,1
5136,flyer2,12.0762,2.93155,-0.294918,0.0549862,2
5136,bullet2,13.8912,10.1462,0.8,0,1
5136,bullet3,6.49892,8.94835,0.8,0,1
5137,player,1.29609,9.28742,0.238462,0.299612,1
5137,flyer1,13.6886,11.2703,-0.28114,-0.104693,2
5139,bullet5,10.4756,9.06428,0.8,0,1
5139,bullet6,1.85169,9.48292,0.8,0,1
5141,flyer2,10.6016,3.20648,-0.294918,0.0549862,2
5141,bullet3,10.4989,8.94835,0.8,0,1
5142,player,1.26738,10.4233,0.273557,0.411372,1
5142,flyer1,12.2829,10.7468,-0.28114,-0.104693,2
5144,bullet5,14.4756,9.06428,0.8,0,1
5144,bullet6,5.85169,9.48292,0.8,0,1
5146,flyer2,9.12705,3.48141,-0.294918,0.0549862,2
5146,bullet3,14.4989,8.94835,0.8,0,1
5147,player,0.929348,10.1651,-0.0632959,-0.0231637,1
5147,flyer1,10.8772,10.2233,-0.28114,-0.104693,2
5147,bullet4,1.32935,10.1651,0.8,0,1
5148,bullet1,1.30087,10.1547,0.8,0,1
5149,bullet6,9.85169,9.48292,0.8,0,1
5150,bullet2,1.28228,10.1479,0.8,0,1
5151,flyer2,7.65246,3.75634,-0.294918,0.0549862,2
5151,bullet5,1.27968,10.147,0.8,0,1
5152,player,0.878516,10.1465,-0.00116799,-0.000427436,1
5152,flyer1,9.47152,9.69988,-0.28114,-0.104693,1
5152,bullet4,5.32935,10.1651,0.8,0,1
5153,bullet1,5.30087,10.1547,0.8,0,1
5155,bullet2,5.28228,10.1479,0.8,0,1
5156,flyer2,6.17787,4.03127,-0.294918,0.0549862,2
5156,bullet5,5.27968,10.147,0.8,0,1
5157,player,0.891418,10.1462,-0.0169366,-7.88739e-06,1
5157,bullet3,0.491418,10.1462,-0.8,-6.99382e-08,1
5158,bullet1,9.30087,10.1547,0.8,0,1
5160,bullet2,9.28228,10.1479,0.8,0,1
5160,bullet6,1.27882,10.1462,0.8,0,1
5161,flyer2,4.70328,4.3062,-0.294918,0.0549862,2
5161,bullet5,9.27969,10.147,0.8,0,1
5162,player,0.877816,9.65682,-0.000312529,-0.151875,1
5163,bullet1,13.3009,10.1547,0.8,0,1
5165,bullet2,13.2823,10.1479,0.8,0,1
5165,bullet6,5.27882,10.1462,0.8,0,1
5166,flyer2,3.22869,4.58113,-0.294918,0.0549862,2
5166,bullet5,13.2797,10.147,0.8,0,1
5167,player,1.81738,8.93254,0.351334,-0.0166421,1
5169,flyer3,16.5,12.3172,-0.218915,0.205125,2
5169,bullet4,2.44662,8.92168,0.8,0,1
5170,bullet6,9.27882,10.1462,0.8,0,1
5171,flyer2,1.7541,4.85606,-0.294918,0.0549862,2
5171,bullet3,2.49305,8.91948,0.8,0,1
5172,player,2.09953,8.91917,0.0064831,-0.000307094,1
5174,flyer3,15.4054,13.3428,-0.218915,0.205125,2
5174,bullet4,6.44662,8.92168,0.8,0,1
5175,bullet6,13.2788,10.1462,0.8,0,1
5176,flyer2,0.27951,5.13099,-0.294918,0.0549862,2
5176,bullet3,6.49305,8.91948,0.8,0,1
5176,bullet1,3.09309,8.33046,0.8,0,1
5177,player,2.36955,8.65411,-0.323541,0.323655,1
5179,flyer3,14.3109,14.3684,-0.218915,0.205125,2
5179,bullet4,10.4466,8.92168,0.8,0,1
5181,bullet3,10.493,8.91948,0.8,0,1
5181,bullet1,7.09309,8.33046,0.8,0,1
5182,player,2.44722,8.69382,0.33153,0.275129,1
5184,flyer3,13.2163,15.3941,-0.218915,0.205125,2
5184,bullet4,14.4466,8.92168,0.8,0,1
5184,bullet2,3.06354,8.87333,0.8,0,1
5186,bullet3,14.493,8.91948,0.8,0,1
5186,bullet1,11.0931,8.33046,0.8,0,1
5187,player,3.05096,8.91477,0.343618,0.0050769,1
5189,flyer3,12.1217,16.4197,-0.218915,0.205125,2
5189,flyer4,16.5,12.3172,-0.3,0,2
5189,bullet2,7.06354,8.87333,0.8,0,1
5189,bullet5,3.67517,8.91808,0.8,0,1
5191,bullet1,15.0931,8.33046,0.8,0,1
5192,player,3.54713,8.69863,-0.262816,0.26925,1
5193,flyer5,16.5,12.3172,-0.3,0,2
5193,bullet6,3.82887,8.81979,0.8,0,1
5194,flyer4,15,12.3172,-0.3,0,2
5194,bullet2,11.0635,8.87333,0.8,0,1
5194,bullet5,7.67517,8.91808,0.8,0,1
5197,player,3.89379,9.47257,0.0634941,0.0733122,1
5198,flyer5,15,12.3172,-0.3,0,2
5198,bullet6,7.82887,8.81979,0.8,0,1
5199,flyer4,13.5,12.3172,-0.3,0,2
5199,bullet2,15.0635,8.87333,0.8,0,1
5199,bullet5,11.6752,8.91808,0.8,0,1
5200,bullet4,4.34101,8.96937,0.8,0,1
5202,player,3.94478,8.92914,0.00117164,-0.0124868,1
5202,bullet3,4.34478,8.92914,0.8,0,1
5203,flyer5,13.5,12.3172,-0.3,0,2
5203,bullet6,11.8289,8.81979,0.8,0,1
5204,flyer4,12,12.3172,-0.3,0,2
5204,bullet5,15.6752,8.91808,0.8,0,1
5205,bullet4,8.34101,8.96937,0.8,0,1
5207,player,3.34341,9.03205,-0.013818,-0.138266,1
5207,bullet3,8.34478,8.92914,0.8,0,1
5208,flyer5,12,12.3172,-0.3,0,2
5208,bullet6,15.8289,8.81979,0.8,0,1
5209,flyer4,10.5,12.3172,-0.3,0,2
5210,bullet4,12.341,8.96937,0.8,0,1
5212,player,4.424,8.82191,0.16546,0.118569,1
5212,bullet3,12.3448,8.92914,0.8,0,1
5212,bullet1,4.824,8.82191,0.8,0,1
5213,flyer5,10.5,12.3172,-0.3,0,2
5214,flyer4,9,12.3172,-0.3,0,2
5215,bullet4,16.341,8.96937,0.8,0,1
5217,player,4.0675,9.01623,-0.148822,-0.118932,1
5217,bullet3,16.3448,8.92914,0.8,0,1
5217,bullet1,8.824,8.82191,0.8,0,1
5218,flyer5,9,12.3172,-0.3,0,2
5218,flyer6,16.5,7.71188,-0.286313,0.0895826,2
5218,bullet2,4.40053,8.96271,0.8,0,1
5219,flyer4,7.5,12.3172,-0.3,0,2
5222,player,4.18639,9.50919,0.455874,0.0285601,1
5222,bullet1,12.824,8.82191,0.8,0,1
5223,flyer5,7.5,12.3172,-0.3,0,2
5223,flyer6,15.0684,8.15979,-0.286313,0.0895826,2
5223,bullet2,8.40053,8.96271,0.8,0,1
5224,flyer4,5.99999,12.3172,-0.3,0,2
5227,player,4.52174,9.56288,0.0460012,-0.037062,1
5227,bullet5,4.92174,9.56288,0.8,0,1
5228,flyer5,5.99999,12.3172,-0.3,0,2
5228,flyer6,13.6369,8.60771,-0.286313,0.0895826,1
5228,bullet2,12.4005,8.96271,0.8,0,1
5229,flyer4,4.49999,12.3172,-0.3,0,2
5231,bullet6,4.95783,8.97608,0.8,0,1
5232,player,4.55868,8.94465,0.000848852,-0.0314386,1
5232,bullet5,8.92174,9.56288,0.8,0,1
5232,bullet4,4.95868,8.94465,0.8,0,1
5233,flyer5,4.49999,12.3172,-0.3,0,2
5234,flyer4,2.99999,12.3172,-0.3,0,2
5236,bullet6,8.95783,8.97608,0.8,0,1
5237,player,4.59012,8.02418,-0.0375734,-0.406424,1
5237,bullet5,12.9217,9.56288,0.8,0,1
5237,bullet4,8.95868,8.94465,0.8,0,1
5238,flyer5,2.99999,12.3172,-0.3,0,2
5239,flyer4,1.49999,12.3172,-0.3,0,2
5240,bullet3,4.96218,7.16423,0.8,0,1
5241,bullet6,12.9578,8.97608,0.8,0,1
5242,player,4.55994,7.09547,-0.000693335,-0.0213393,1
5242,bullet4,12.9587,8.94465,0.8,0,1
5242,bullet1,4.95994,7.09547,0.8,0,1
5243,flyer5,1.49999,12.3172,-0.3,0,2
5244,flyer4,-6.4373e-06,12.3172,-0.3,0,2
5245,bullet3,8.96218,7.16423,0.8,0,1
5246,bullet6,16.9578,8.97608,0.8,0,1
5247,player,4.55938,6.18311,-1.2794e-05,-0.406238,1
5247,bullet4,16.9587,8.94465,0.8,0,1
5247,bullet1,8.95994,7.09547,0.8,0,1
5248,flyer5,-6.4373e-06,12.3172,-0.3,0,2
5248,flayer7,16.5,7.71188,-0.3,0,2
5250,flayer8,16.5,7.71188,-0.3,0,2
5250,bullet3,12.9622,7.16423,0.8,0,1
5250,bullet2,4.40166,6.43874,0.8,0,1
5251,bullet5,4.3709,6.45284,0.8,0,1
5252,player,3.95706,6.45918,-0.0138398,0.00634339,1
5252,bullet1,12.9599,7.09547,0.8,0,1
5253,flayer7,15,7.71188,-0.3,0,1
5255,flayer8,15,7.71188,-0.3,0,1
5255,bullet2,8.40166,6.43874,0.8,0,1
5256,bullet5,8.3709,6.45284,0.8,0,1
5257,player,4.42148,5.87581,0.168535,-0.0306376,1
5258,flayer7,13.5,7.71188,-0.3,0,1
5260,flayer8,13.5,7.71188,-0.3,0,1
5260,bullet2,12.4017,6.43874,0.8,0,1
5261,bullet5,12.3709,6.45284,0.8,0,1
5261,bullet6,5.23157,5.85177,-0.8,-6.99382e-08,1
5262,player,5.71686,5.8512,0.0852933,-0.000565351,1
5263,flayer7,12,7.71188,-0.3,0,1
5264,bullet4,6.66189,5.36146,0.8,0,1
5265,flayer8,12,7.71188,-0.3,0,1
5266,bullet5,16.3709,6.45284,0.8,0,1
5266,bullet6,1.23157,5.85177,-0.8,-6.99382e-08,1
5266,bullet3,6.77226,5.26229,0.8,0,1
5267,player,6.72517,5.24844,0.352913,-0.01385,1
5268,flayer7,10.5,7.71188,-0.3,0,1
5269,bullet4,10.6619,5.36146,0.8,0,1
5270,flayer8,10.5,7.71188,-0.3,0,1
5271,bullet3,10.7723,5.26229,0.8,0,1
5272,player,8.08644,5.82579,0.189142,0.0304991,1
5273,flayer7,9,7.71188,-0.3,0,1
5274,bullet4,14.6619,5.36146,0.8,0,1
5274,bullet1,9.09923,5.84569,0.8,0,1
5275,flayer8,9,7.71188,-0.3,0,1
5276,bullet3,14.7723,5.26229,0.8,0,1
5276,bullet2,9.22332,5.84972,0.8,0,1
5277,player,8.84065,5.85028,0.0173298,0.000562795,1
5277,bullet5,9.24065,5.85028,0.8,0,1
5278,flayer7,7.5,7.71188,-0.3,0,1
5279,bullet1,13.0992,5.84569,0.8,0,1
5279,bullet6,9.25196,5.85065,0.8,0,1
5280,flayer8,7.5,7.71188,-0.3,0,1
5281,bullet2,13.2233,5.84972,0.8,0,1
5282,player,8.85457,5.85073,0.000319784,1.03851e-05,1
5282,bullet5,13.2407,5.85028,0.8,0,1
5283,flayer7,5.99999,7.71188,-0.3,0,1
5284,bullet6,13.252,5.85065,0.8,0,1
5285,flayer8,5.99999,7.71188,-0.3,0,1
5286,flyer1,16.5,7.71188,-0.284401,0.0954794,2
5287,player,8.85483,4.95552,5.90091e-06,-0.405844,1
5288,flayer7,4.49999,7.71188,-0.3,0,1
5288,flyer2,16.5,9.35383,-0.3,0,2
5290,flayer8,4.49999,7.71188,-0.3,0,1
5290,bullet4,8.69711,5.21144,0.8,0,1
5291,flyer1,15.078,8.18928,-0.284401,0.0954794,2
5292,player,7.91501,5.23191,-0.351339,0.00635065,1
5293,flayer7,2.99999,7.71188,-0.3,0,1
5293,flyer2,15,9.35383,-0.3,0,2
5293,bullet3,8.15691,5.23477,0.8,0,1
5295,flayer8,2.99999,7.71188,-0.3,0,1
5295,bullet4,12.6971,5.21144,0.8,0,1
5296,flyer1,13.656,8.66667,-0.284401,0.0954794,2
5297,player,8.67995,5.72638,0.213736,0.151992,1
5298,flayer7,1.49999,7.71188,-0.3,0,1
5298,flyer2,13.5,9.35383,-0.3,0,2
5298,bullet3,12.1569,5.23477,0.8,0,1
5298,bullet1,9.17613,5.79478,0.8,0,1
5300,flayer8,1.49999,7.71188,-0.3,0,1
5301,flyer1,12.234,9.14407,-0.284401,0.0954794,2
5302,player,8.8516,4.95322,0.00394402,-0.403039,1
5303,flayer7,-6.4373e-06,7.71188,-0.3,0,1
5303,flyer2,12,9.35383,-0.3,0,2
5303,bullet3,16.1569,5.23477,0.8,0,1
5303,bullet1,13.1761,5.79478,0.8,0,1
5305,flayer8,-6.4373e-06,7.71188,-0.3,0,1
5306,flyer1,10.812,9.62146,-0.284401,0.0954794,2
5306,bullet2,10.3325,4.53789,0.8,0,1
5307,player,10.0148,4.58496,0.0822561,0.0470669,1
5308,flyer2,10.5,9.35383,-0.3,0,2
5308,flyer3,16.5,9.35383,-0.3,0,2
5308,bullet5,10.4518,4.60614,0.8,0,1
5311,flyer1,9.38998,10.0989,-0.284401,0.0954794,2
5311,bullet2,14.3325,4.53789,0.8,0,1
5311,bullet6,10.4793,4.62189,0.8,0,1
5312,player,10.0809,4.62276,0.00151786,0.000868517,1
5313,flyer2,9,9.35383,-0.3,0,2
5313,flyer3,15,9.35383,-0.3,0,2
5313,bullet5,14.4518,4.60614,0.8,0,1
5313,bullet4,10.4815,4.62315,0.8,0,1
5316,flyer1,7.96797,10.5763,-0.284401,0.0954794,2
5316,bullet6,14.4793,4.62189,0.8,0,1
5316,bullet3,11.0398,5.18115,0.8,0,1
5317,player,10.6705,5.21193,0.0307827,0.0307707,1
5318,flyer2,7.5,9.35383,-0.3,0,2
5318,flyer3,13.5,9.35383,-0.3,0,2
5318,bullet4,14.4815,4.62315,0.8,0,1
5319,bullet1,11.0906,5.232,0.8,0,1
5321,flyer1,6.54597,11.0536,-0.284401,0.0954794,2
5321,bullet3,15.0398,5.18115,0.8,0,1
5322,player,11.1846,4.74726,0.152443,-0.151307,1
5323,flyer2,5.99999,9.35383,-0.3,0,2
5323,flyer3,12,9.35383,-0.3,0,2
5324,bullet1,15.0906,5.232,0.8,0,1
5326,flyer1,5.12397,11.531,-0.284401,0.0954794,2
5326,flyer6,16.5,9.35383,-0.3,0,2
5326,bullet2,11.7043,4.04007,0.8,0,1
5327,player,11.3071,4.02344,0.002813,-0.0166317,1
5327,bullet5,11.7071,4.02344,0.8,0,1
5328,flyer2,4.49999,9.35383,-0.3,0,2
5328,flyer3,10.5,9.35383,-0.3,0,2
5329,bullet6,10.9089,4.01258,-0.8,-6.99382e-08,1
5330,bullet4,11.7092,4.01107,0.8,0,1
5331,flyer1,3.70197,12.0084,-0.284401,0.0954794,2
5331,flyer6,15,9.35383,-0.3,0,2
5331,bullet2,15.7043,4.04007,0.8,0,1
5332,player,11.6468,4.34758,0.337552,0.337193,1
5332,bullet5,15.7071,4.02344,0.8,0,1
5333,flyer2,2.99999,9.35383,-0.3,0,2
5333,flyer3,9,9.35383,-0.3,0,2
5333,bullet3,12.1987,4.49931,0.8,0,1
5334,bullet6,6.9089,4.01258,-0.8,-6.99382e-08,1
5335,bullet4,15.7092,4.01107,0.8,0,1
5336,flyer1,2.27996,12.4858,-0.284401,0.0954794,2
5336,flyer6,13.5,9.35383,-0.3,0,2
5337,player,12.4756,4.61837,0.0745725,0.00622216,1
5337,bullet1,12.8756,4.61837,0.8,0,1
5338,flyer2,1.49999,9.35383,-0.3,0,2
5338,flyer3,7.5,9.35383,-0.3,0,2
5338,bullet3,16.1987,4.49931,0.8,0,1
5339,bullet6,2.9089,4.01258,-0.8,-6.99382e-08,1
5339,bullet2,12.9243,4.62243,0.8,0,1
5340,bullet5,12.9311,4.623,0.8,0,1
5341,flyer1,0.85796,12.9632,-0.284401,0.0954794,2
5341,flyer6,12,9.35383,-0.3,0,2
5342,player,12.5355,4.62337,0.00137607,0.000114816,1
5342,bullet4,12.9355,4.62337,0.8,0,1
5343,flyer2,-6.4373e-06,9.35383,-0.3,0,2
5343,flyer3,5.99999,9.35383,-0.3,0,2
5344,bullet2,16.9243,4.62243,0.8,0,1
5345,bullet5,16.9311,4.623,0.8,0,1
5345,bullet3,12.3788,5.18117,0.8,0,1
5346,flyer6,10.5,9.35383,-0.3,0,2
5346,bullet1,12.3481,5.21193,0.8,0,1
5347,player,11.9343,5.22577,-0.0138142,0.0138417,1
5348,flyer3,4.49999,9.35383,-0.3,0,2
5349,bullet6,12.3253,5.2348,0.8,0,1
5350,bullet3,16.3788,5.18117,0.8,0,1
5351,flyer6,9,9.35383,-0.3,0,2
5351,bullet1,16.3481,5.21193,0.8,0,1
5352,player,11.5857,4.67917,-0.337755,-0.0680883,1
5352,flyer4,16.5,9.35383,-0.3,0,2
5353,flyer3,2.99999,9.35383,-0.3,0,2
5353,bullet2,11.8337,4.64853,0.8,0,1
5354,bullet6,16.3253,5.2348,0.8,0,1
5356,flyer6,7.5,9.35383,-0.3,0,2
5357,player,11.3145,4.69283,-0.00623253,-0.0847877,1
5357,flyer4,15,9.35383,-0.3,0,2
5358,flyer3,1.49999,9.35383,-0.3,0,2
5358,bullet2,15.8337,4.64853,0.8,0,1
5359,flyer5,16.5,8.0755,-0.3,0,2
5361,flyer6,5.99999,9.35383,-0.3,0,2
5361,bullet5,11.7096,4.6263,0.8,0,1
5362,player,11.3095,4.28724,-0.000115008,-0.339065,1
5362,flyer4,13.5,9.35383,-0.3,0,2
5363,flyer3,-6.4373e-06,9.35383,-0.3,0,2
5364,flyer5,15,8.0755,-0.3,0,2
5365,bullet4,11.7094,4.0351,0.8,0,1
5366,flyer6,4.49999,9.35383,-0.3,0,2
5366,bullet5,15.7096,4.6263,0.8,0,1
5366,bullet3,11.7094,4.0212,0.8,0,1
5367,player,11.3094,4.01494,-2.12222e-06,-0.00625669,1
5367,flyer4,12,9.35383,-0.3,0,2
5368,bullet1,11.7094,4.01213,0.8,0,1
5369,flyer5,13.5,8.0755,-0.3,0,2
5369,bullet6,11.7094,4.01086,0.8,0,1
5370,bullet4,15.7094,4.0351,0.8,0,1
5371,flyer6,2.99999,9.35383,-0.3,0,2
5371,bullet3,15.7094,4.0212,0.8,0,1
5371,bullet2,11.7094,4.01003,0.8,0,1
5372,player,11.3094,4.00992,-3.91608e-08,-0.000115454,1
5372,flyer4,10.5,9.35383,-0.3,0,2
5373,bullet1,15.7094,4.01213,0.8,0,1
5374,flyer5,12,8.0755,-0.3,0,2
5374,bullet6,15.7094,4.01086,0.8,0,1
5374,bullet5,11.7094,4.00984,0.8,0,1
5376,flyer6,1.49999,9.35383,-0.3,0,2
5376,bullet2,15.7094,4.01003,0.8,0,1
5377,player,11.7987,4.4992,0.151875,0.151873,1
5377,flyer4,9,9.35383,-0.3,0,2
5379,flyer5,10.5,8.0755,-0.3,0,2
5379,bullet5,15.7094,4.00984,0.8,0,1
5380,flayer7,16.5,9.35383,-0.267481,-0.135846,2
5381,flyer6,-6.4373e-06,9.35383,-0.3,0,2
5382,player,12.7338,3.09288,0.509093,-0.379292,1
5382,flyer4,7.5,9.35383,-0.3,0,2
5383,flayer8,16.5,8.0755,-0.239628,-0.180495,2
5384,flyer5,9,8.0755,-0.3,0,2
5385,flayer7,15.1626,8.6746,-0.267481,-0.135846,2
5387,player,13.1426,2.1998,0.00939419,-0.0377537,1
5387,flyer4,5.99999,9.35383,-0.3,0,2
5387,bullet4,13.5426,2.1998,0.8,0,1
5388,flayer8,15.3019,7.17303,-0.239628,-0.180495,2
5388,bullet3,13.5468,2.18282,0.8,0,1
5389,flyer5,7.5,8.0755,-0.3,0,2
5390,flayer7,13.8252,7.99537,-0.267481,-0.135846,2
5390,bullet1,13.5496,2.17173,0.8,0,1
5392,player,13.1501,2.16949,0.000173349,-0.000696662,1
5392,flyer4,4.49999,9.35383,-0.3,0,2
5392,bullet6,12.7501,2.16949,-0.8,-6.99382e-08,1
5393,flayer8,14.1037,6.27056,-0.239628,-0.180495,2
5394,flyer5,5.99999,8.0755,-0.3,0,2
5394,bullet2,13.5503,2.16903,0.8,0,1
5395,flayer7,12.4878,7.31614,-0.267481,-0.135846,2
5395,bullet5,13.5503,2.16897,0.8,0,1
5397,player,12.8128,1.83143,-0.337497,-0.337513,1
5397,flyer4,2.99999,9.35383,-0.3,0,2
5397,bullet6,8.75014,2.16949,-0.8,-6.99382e-08,1
5398,flayer8,12.9056,5.36808,-0.239628,-0.180495,2
5398,bullet4,13.0609,1.67954,0.8,0,1
5399,flyer5,4.49999,8.0755,-0.3,0,2
5400,flayer7,11.1504,6.63691,-0.267481,-0.135846,2
5402,player,12.4734,2.11809,0.0773035,0.0621157,1
5402,flyer4,1.49999,9.35383,-0.3,0,2
5402,bullet6,4.75014,2.16949,-0.8,-6.99382e-08,1
5403,flayer8,11.7074,4.46561,-0.239628,-0.180495,2
5403,bullet3,12.9082,2.14604,0.8,0,1
5404,flyer5,2.99999,8.0755,-0.3,0,2
5405,flayer7,9.81298,5.95768,-0.267481,-0.135846,2
5405,bullet1,12.9309,2.16428,0.8,0,1
5407,player,12.198,2.50548,-0.336074,0.338646,1
5407,flyer4,-6.4373e-06,9.35383,-0.3,0,2
5407,bullet6,0.750143,2.16949,-0.8,-6.99382e-08,1
5408,flayer8,10.5093,3.56313,-0.239628,-0.180495,2
5408,bullet2,12.4467,2.65787,0.8,0,1
5409,flyer5,1.49999,8.0755,-0.3,0,2
5410,flayer7,8.47557,5.27845,-0.267481,-0.135846,2
5410,bullet5,12.3481,2.7573,0.8,0,1
5411,bullet4,12.3343,2.77119,0.8,0,1
5412,player,11.9281,2.77744,-0.0062015,0.00624898,1
5413,flayer8,9.31116,2.66066,-0.239628,-0.180495,2
5413,bullet3,12.3253,2.78025,0.8,0,1
5414,flyer5,-6.4373e-06,8.0755,-0.3,0,2
5414,bullet6,12.324,2.78152,0.8,0,1
5415,flayer7,7.13817,4.59922,-0.267481,-0.135846,2
5415,bullet5,16.3481,2.7573,0.8,0,1
5416,bullet4,16.3343,2.77119,0.8,0,1
5417,player,11.4337,3.27183,-0.151989,0.15199,1
5418,flayer8,8.11303,1.75818,-0.239628,-0.180495,2
5418,bullet3,16.3253,2.78025,0.8,0,1
5418,bullet1,11.7653,3.34023,0.8,0,1
5419,bullet6,16.324,2.78152,0.8,0,1
5420,flayer7,5.80077,3.91999,-0.267481,-0.135846,2
5420,flyer2,16.5,8.0755,-0.279276,-0.109566,2
5422,player,10.8223,3.88327,-0.15468,0.15468,1
5423,flayer8,6.91489,0.855708,-0.239628,-0.180495,2
5423,bullet1,15.7653,3.34023,0.8,0,1
5423,bullet2,11.1527,3.95287,0.8,0,1
5425,flayer7,4.46337,3.24076,-0.267481,-0.135846,2
5425,flyer2,15.1036,7.52767,-0.279276,-0.109566,2
5427,player,10.1404,4.00749,-0.071198,0.00285427,1
5427,bullet5,10.5404,4.00749,0.8,0,1
5428,flayer8,5.71675,-0.0467664,-0.239628,-0.180495,2
5428,bullet2,15.1527,3.95287,0.8,0,1
5428,bullet4,10.5083,4.00877,0.8,0,1
5430,flayer7,3.12597,2.56153,-0.267481,-0.135846,2
5430,flyer2,13.7072,6.97984,-0.279276,-0.109566,2
5431,bullet3,10.9739,4.00972,0.8,0,1
5432,player,10.6409,4.00978,0.0670299,5.26694e-05,1
5432,bullet5,14.5404,4.00749,0.8,0,1
5433,bullet4,14.5083,4.00877,0.8,0,1
5433,bullet6,11.0711,4.0098,0.8,0,1
5435,flayer7,1.78856,1.88229,-0.267481,-0.135846,2
5435,flyer2,12.3109,6.43201,-0.279276,-0.109566,2
5436,bullet3,14.9739,4.00972,0.8,0,1
5437,player,10.8466,4.34732,-0.184388,0.337501,1
5438,flyer1,16.5,1.95205,-0.3,0,2
5438,bullet6,15.0711,4.0098,0.8,0,1
5440,flayer7,0.45116,1.20306,-0.267481,-0.135846,2
5440,flyer2,10.9145,5.88418,-0.279276,-0.109566,2
5440,flyer3,16.5,8.0755,-0.3,0,2
5441,bullet1,11.1019,4.61213,0.8,0,1
5442,player,10.6985,4.61836,-0.00340248,0.00622784,1
5443,flyer1,15,1.95205,-0.3,0,2
5444,bullet2,11.5857,5.1118,0.8,0,1
5445,flyer2,9.5181,5.33635,-0.279276,-0.109566,2
5445,flyer3,15,8.0755,-0.3,0,2
5446,bullet1,15.1019,4.61213,0.8,0,1
5447,player,11.45,5.71505,-0.171848,0.16583,1
5448,flyer1,13.5,1.95205,-0.3,0,2
5449,bullet2,15.5857,5.1118,0.8,0,1
5449,bullet5,11.7378,5.82325,0.8,0,1
5450,flyer2,8.12172,4.78852,-0.279276,-0.109566,2
5450,flyer3,13.5,8.0755,-0.3,0,2
5450,bullet4,11.7222,5.83836,0.8,0,1
5452,player,11.6495,5.51072,0.334329,-0.33444,1
5453,flyer1,12,1.95205,-0.3,0,2
5454,bullet5,15.7378,5.82325,0.8,0,1
5455,flyer2,6.72534,4.24069,-0.279276,-0.109566,2
5455,flyer3,12,8.0755,-0.3,0,2
5455,bullet4,15.7222,5.83836,0.8,0,1
5456,flyer6,16.5,1.95205,-0.299935,0.00624922,2
5457,player,12.5064,6.31999,0.036924,0.176458,1
5458,flyer1,10.5,1.95205,-0.3,0,2
5460,flyer2,5.32896,3.69285,-0.279276,-0.109566,2
5460,flyer3,10.5,8.0755,-0.3,0,2
5461,flyer6,15.0003,1.9833,-0.299935,0.00624922,2
5462,player,13.6823,6.1242,0.0997798,-0.334244,1
5463,flyer1,9,1.95205,-0.3,0,2
5463,bullet3,14.1272,5.97379,0.8,0,1
5465,flyer2,3.93258,3.14502,-0.279276,-0.109566,2
5465,flyer3,9,8.0755,-0.3,0,2
5466,flyer6,13.5006,2.01454,-0.299935,0.00624922,2
5466,bullet6,14.65,5.37257,0.8,0,1
5467,player,14.3201,5.29806,0.070185,-0.0745115,1
5468,flyer1,7.5,1.95205,-0.3,0,2
5469,bullet1,14.7659,5.24944,0.8,0,1
5470,flyer2,2.5362,2.59719,-0.279276,-0.109566,2
5470,flyer3,7.5,8.0755,-0.3,0,2
5470,bullet2,14.7723,5.24265,0.8,0,1
5471,flyer6,12.001,2.04579,-0.299935,0.00624922,2
5472,player,14.3765,5.23822,0.00129511,-0.00137495,1
5472,bullet5,14.7765,5.23822,0.8,0,1
5473,flyer1,5.99999,1.95205,-0.3,0,2
5475,flyer2,1.13982,2.04936,-0.279276,-0.109566,2
5475,flyer3,5.99999,8.0755,-0.3,0,2
5475,bullet4,15.3352,5.79491,0.8,0,1
5476,flyer6,10.5013,2.07704,-0.299935,0.00624922,2
5477,player,15.4692,5.83943,0.165739,0.0138142,1
5478,flyer1,4.49999,1.95205,-0.3,0,2
5478,bullet3,15.9438,5.84564,0.8,0,1
5480,flyer2,-0.256565,1.50153,-0.279276,-0.109566,2
5480,flyer3,4.49999,8.0755,-0.3,0,2
5481,flyer6,9.00162,2.10828,-0.299935,0.00624922,2
5481,flyer4,16.5,1.95205,-0.216593,-0.207575,2
5482,player,14.7071,5.6303,-0.402785,0.269411,1
5483,flyer1,2.99999,1.95205,-0.3,0,2
5483,bullet6,14.9259,5.75154,0.8,0,1
5485,flyer3,2.99999,8.0755,-0.3,0,2
5485,bullet1,14.8076,5.83064,0.8,0,1
5486,flyer6,7.50194,2.13953,-0.299935,0.00624922,2
5486,flyer4,15.417,0.914177,-0.216593,-0.207575,2
5486,bullet2,14.7911,5.84169,0.8,0,1
5487,player,14.3836,5.84666,-0.00743252,0.00497139,1
5488,flyer1,1.49999,1.95205,-0.3,0,2
5488,bullet5,14.7803,5.8489,0.8,0,1
5489,bullet4,14.7788,5.8499,0.8,0,1
5490,flyer3,1.49999,8.0755,-0.3,0,2
5491,flyer6,6.00227,2.17077,-0.299935,0.00624922,2
5491,flyer4,14.3341,-0.1237,-0.216593,-0.207575,2
5491,bullet3,14.7778,5.85056,0.8,0,1
5492,player,14.3777,5.85065,-0.000137151,9.17362e-05,1
5493,flyer1,-6.4373e-06,1.95205,-0.3,0,2
5493,bullet6,14.7776,5.8507,0.8,0,1
5495,flyer3,-6.4373e-06,8.0755,-0.3,0,2
5495,flyer5,16.5,1.95205,-0.3,0,2
5496,flyer6,4.50259,2.20202,-0.299935,0.00624922,2
5496,flayer8,16.5,1.95205,-0.256694,-0.155268,2
5496,bullet1,14.2882,6.3401,0.8,0,1
5497,player,13.8198,6.40845,-0.0683463,0.0683454,1
5498,bullet2,14.1891,6.4392,0.8,0,1
5499,bullet5,14.1752,6.45304,0.8,0,1
5500,flyer5,15,1.95205,-0.3,0,2
5501,flyer6,3.00292,2.23327,-0.299935,0.00624922,2
5501,flayer8,15.2165,1.17571,-0.256694,-0.155268,2
5502,player,13.765,5.63646,-0.00126118,-0.488114,1
5502,flayer7,16.5,2.36314,-0.3,0,2
5504,bullet4,14.1641,5.31797,0.8,0,1
5505,flyer5,13.5,1.95205,-0.3,0,2
5505,bullet3,14.164,5.27349,0.8,0,1
5506,flyer6,1.50324,2.26451,-0.299935,0.00624922,2
5506,flayer8,13.9331,0.399369,-0.256694,-0.155268,2
5507,player,13.7639,5.24446,-2.32723e-05,-0.00900707,1
5507,flayer7,15,2.36314,-0.3,0,2
5507,bullet6,14.1639,5.24446,0.8,0,1
5510,flyer5,12,1.95205,-0.3,0,2
5511,flyer6,0.00356984,2.29576,-0.299935,0.00624922,2
5511,flayer8,12.6496,-0.376972,-0.256694,-0.155268,2
5511,bullet1,14.1639,5.2374,0.8,0,1
5512,player,13.7639,5.23723,-4.2944e-07,-0.000166206,1
5512,flayer7,13.5,2.36314,-0.3,0,2
5512,bullet2,14.1639,5.23723,0.8,0,1
5514,flyer2,16.5,2.36314,-0.3,0,2
5514,bullet5,14.1639,5.23712,0.8,0,1
5515,flyer5,10.5,1.95205,-0.3,0,2
5517,player,14.3216,5.79482,0.0683437,0.0683407,1
5517,flayer7,12,2.36314,-0.3,0,2
5517,flyer4,16.5,2.36314,-0.21397,-0.210278,2
5517,bullet4,14.7216,5.79482,0.8,0,1
5519,flyer2,15,2.36314,-0.3,0,2
5520,flyer5,9,1.95205,-0.3,0,2
5520,bullet3,13.4147,5.84564,-0.8,-6.99382e-08,1
5521,bullet6,14.1868,5.84844,0.8,0,1
5522,player,13.7742,5.8497,-0.0125785,0.00126108,1
5522,flayer7,10.5,2.36314,-0.3,0,2
5522,flyer4,15.4302,1.31174,-0.21397,-0.210278,2
5524,flyer2,13.5,2.36314,-0.3,0,2
5524,bullet1,14.166,5.85052,0.8,0,1
5525,flyer5,7.5,1.95205,-0.3,0,2
5525,bullet3,9.41474,5.84564,-0.8,-6.99382e-08,1
5525,bullet2,14.1649,5.85064,0.8,0,1
5527,player,14.1016,5.51321,0.337268,-0.337477,1
5527,flayer7,9,2.36314,-0.3,0,2
5527,flyer4,14.3603,0.260351,-0.21397,-0.210278,2
5529,flyer2,12,2.36314,-0.3,0,2
5530,flyer5,5.99999,1.95205,-0.3,0,2
5530,bullet3,5.41474,5.84564,-0.8,-6.99382e-08,1
5530,bullet5,15.3101,5.81998,0.8,0,1
5531,bullet4,15.3547,5.83689,0.8,0,1
5532,player,14.9748,5.8445,0.0200632,0.00761221,1
5532,flayer7,7.5,2.36314,-0.3,0,2
5534,flyer2,10.5,2.36314,-0.3,0,2
5535,flyer5,4.49999,1.95205,-0.3,0,2
5535,bullet3,1.41474,5.84564,-0.8,-6.99382e-08,1
5535,bullet6,15.3897,5.85017,0.8,0,1
5537,player,14.9909,5.85062,0.000370222,0.000140467,1
5537,flayer7,5.99999,2.36314,-0.3,0,2
5538,flyer1,16.5,6.3123,-0.297956,-0.0349594,2
5539,flyer2,9,2.36314,-0.3,0,2
