93801,player,5.95078,5.58174,0,0,1
93806,player,5.34847,5.69468,-0.0138396,-0.138035,1
93807,bullet1,5.74224,5.63256,0.8,0,1
93808,bullet2,5.73944,5.60461,0.8,0,1
93810,bullet3,5.73761,5.58637,0.8,0,1
93811,player,5.33735,5.58383,-0.00025538,-0.00254714,1
93811,bullet4,5.73735,5.58383,0.8,0,1
93812,bullet1,9.74224,5.63256,0.8,0,1
93813,bullet2,9.73944,5.60461,0.8,0,1
93815,bullet3,9.73761,5.58637,0.8,0,1
93816,player,5.33715,5.58178,-4.71247e-06,-4.70019e-05,1
93816,bullet4,9.73735,5.58383,0.8,0,1
93817,bullet1,13.7422,5.63256,0.8,0,1
93818,bullet2,13.7394,5.60461,0.8,0,1
93820,bullet3,13.7376,5.58637,0.8,0,1
93821,player,5.04424,5.31693,-0.392004,0.32366,1
93821,bullet4,13.7374,5.58383,0.8,0,1
93826,player,4.69867,6.16533,0.0303555,0.0367271,1
93826,bullet5,5.09867,6.16533,0.8,0,1
93829,bullet6,5.67897,6.19264,0.8,0,1
93830,flyer1,16.5,6.25118,-0.3,0,2
93831,player,5.32537,5.85733,0.0143998,-0.336822,1
93831,bullet5,9.09867,6.16533,0.8,0,1
93832,bullet1,5.73184,5.70576,0.8,0,1
93834,bullet6,9.67897,6.19264,0.8,0,1
93835,flyer1,15,6.25118,-0.3,0,2
93835,bullet2,5.42604,5.59305,-0.8,-6.99382e-08,1
93836,player,5.89465,5.58683,0.0686095,-0.00621532,1
93836,bullet5,13.0987,6.16533,0.8,0,1
93837,bullet1,9.73185,5.70576,0.8,0,1
93839,bullet3,5.78795,5.58221,0.8,0,1
93840,bullet2,1.42604,5.59305,-0.8,-6.99382e-08,1
93840,bullet4,5.76001,5.58195,0.8,0,1
93841,player,5.34744,5.58184,-0.0125736,-0.00011469,1
93842,bullet1,13.7318,5.70576,0.8,0,1
93843,bullet5,5.73923,5.09239,0.8,0,1
93844,bullet3,9.78795,5.58221,0.8,0,1
93845,bullet4,9.76001,5.58195,0.8,0,1
93846,player,5.33734,5.46881,-0.000232018,0.138033,1
93846,bullet6,5.73734,5.46881,0.8,0,1
93848,bullet5,9.73923,5.09239,0.8,0,1
93849,bullet3,13.788,5.58221,0.8,0,1
93850,bullet4,13.76,5.58195,0.8,0,1
93851,player,4.41118,5.91716,-0.368259,0.340047,1
93851,bullet6,9.73734,5.46881,0.8,0,1
93853,flyer2,16.5,15.0376,-0.235255,0.186159,2
93853,bullet5,13.7392,5.09239,0.8,0,1
93853,bullet2,4.57089,6.13904,0.8,0,1
93855,bullet1,4.52223,6.18398,0.8,0,1
93856,player,4.11544,6.19025,-0.00679541,0.00627483,1
93856,bullet6,13.7373,5.46881,0.8,0,1
93858,flyer2,15.3237,15.9684,-0.235255,0.186159,2
93858,bullet2,8.57089,6.13904,0.8,0,1
93858,bullet3,4.511,6.19434,0.8,0,1
93860,bullet1,8.52223,6.18398,0.8,0,1
93861,player,4.44748,6.53279,0.337375,0.337616,1
93861,flyer3,16.5,15.0376,-0.3,0,2
93863,bullet2,12.5709,6.13904,0.8,0,1
93863,bullet3,8.511,6.19434,0.8,0,1
93865,bullet1,12.5222,6.18398,0.8,0,1
93866,player,3.64057,6.70483,-0.176404,0.12735,1
93866,flyer3,15,15.0376,-0.3,0,2
93868,flyer4,16.5,15.0376,-0.21281,-0.211452,2
93868,bullet3,12.511,6.19434,0.8,0,1
93868,bullet4,3.92547,6.78792,0.8,0,1
93871,player,3.4989,6.4696,-0.00325515,-0.33515,1
93871,flyer3,13.5,15.0376,-0.3,0,2
93872,bullet5,3.89744,6.31878,0.8,0,1
93873,flyer4,15.436,13.9803,-0.21281,-0.211452,2
93873,bullet4,7.92547,6.78792,0.8,0,1
93874,bullet6,3.89648,6.22038,0.8,0,1
93875,bullet2,3.89635,6.20663,0.8,0,1
93876,player,3.49629,6.20045,-6.00667e-05,-0.00618446,1
93876,flyer3,12,15.0376,-0.3,0,2
93877,bullet5,7.89744,6.31878,0.8,0,1
93878,flyer4,14.3719,12.9231,-0.21281,-0.211452,2
93878,bullet4,11.9255,6.78792,0.8,0,1
93879,bullet6,7.89648,6.22038,0.8,0,1
93880,bullet2,7.89635,6.20663,0.8,0,1
93881,player,3.49624,6.19548,-1.1084e-06,-0.000114121,1
93881,flyer3,10.5,15.0376,-0.3,0,2
93882,bullet5,11.8974,6.31878,0.8,0,1
93883,flyer4,13.3079,11.8658,-0.21281,-0.211452,2
93883,bullet4,15.9255,6.78792,0.8,0,1
93884,bullet6,11.8965,6.22038,0.8,0,1
93884,bullet1,3.89624,6.1954,0.8,0,1
93885,bullet2,11.8963,6.20663,0.8,0,1
93886,player,3.98561,5.70602,0.151875,-0.151877,1
93886,flyer3,9,15.0376,-0.3,0,2
93887,bullet5,15.8974,6.31878,0.8,0,1
93888,flyer4,12.2438,10.8086,-0.21281,-0.211452,2
93889,bullet6,15.8965,6.22038,0.8,0,1
93889,bullet1,7.89624,6.1954,0.8,0,1
93890,bullet2,15.8964,6.20663,0.8,0,1
93890,bullet3,4.47402,4.44066,0.8,0,1
93891,player,4.09374,4.39326,0.0197176,-0.0473969,1
93891,flyer3,7.5,15.0376,-0.3,0,2
93891,bullet4,4.49374,4.39326,0.8,0,1
93893,flyer4,11.1798,9.7513,-0.21281,-0.211452,2
93893,bullet5,4.50661,4.36233,0.8,0,1
93894,bullet1,11.8962,6.1954,0.8,0,1
93895,bullet3,8.47402,4.44066,0.8,0,1
93896,player,4.10958,4.3552,0.000363845,-0.000874605,1
93896,flyer3,5.99999,15.0376,-0.3,0,2
93896,bullet4,8.49374,4.39326,0.8,0,1
93898,flyer4,10.1157,8.69404,-0.21281,-0.211452,2
93898,bullet5,8.50661,4.36233,0.8,0,1
93899,bullet1,15.8962,6.1954,0.8,0,1
93900,bullet3,12.474,4.44066,0.8,0,1
93900,bullet6,3.92139,4.35451,0.8,0,1
93901,player,3.17006,4.01699,-0.351333,-0.337516,1
93901,flyer3,4.49999,15.0376,-0.3,0,2
93901,bullet4,12.4937,4.39326,0.8,0,1
93903,flyer4,9.05166,7.63678,-0.21281,-0.211452,2
93903,bullet5,12.5066,4.36233,0.8,0,1
93905,bullet6,7.92139,4.35451,0.8,0,1
93906,player,2.88791,3.74594,-0.00648308,-0.00622812,1
93906,flyer3,2.99999,15.0376,-0.3,0,2
93908,flyer4,7.98762,6.57952,-0.21281,-0.211452,2
93908,flyer5,16.5,15.0376,-0.259773,0.15006,2
93910,bullet6,11.9214,4.35451,0.8,0,1
93911,player,3.48501,4.34325,0.01372,0.0137247,1
93911,flyer3,1.49999,15.0376,-0.3,0,2
93911,bullet2,3.88501,4.34325,0.8,0,1
93913,flyer4,6.92356,5.52226,-0.21281,-0.211452,2
93913,flyer5,15.2011,15.7879,-0.259773,0.15006,2
93914,bullet1,3.89521,3.86408,0.8,0,1
93915,bullet6,15.9214,4.35451,0.8,0,1
93916,player,3.15853,3.7658,-0.337247,-0.0305014,1
93916,flyer3,-6.4373e-06,15.0376,-0.3,0,2
93917,bullet3,3.40677,3.75207,0.8,0,1
93918,flyer4,5.85951,4.465,-0.21281,-0.211452,0
93918,flyer5,13.9023,16.5382,-0.259773,0.15006,2
93921,player,1.99247,3.18358,-0.412067,-0.0689066,1
93921,flyer6,16.5,11.1496,-0.3,0,2
93922,flayer7,16.5,1.77238,-0.29816,-0.0331765,2
93922,bullet3,7.40677,3.75207,0.8,0,1
93923,flayer8,16.5,1.77238,-0.217178,0.206963,2
93923,bullet4,2.1236,3.13862,0.8,0,1
93926,player,1.10383,2.57053,-0.0759475,-0.0696153,1
93926,flyer6,15,11.1496,-0.3,0,2
93926,bullet5,1.50383,2.57053,0.8,0,1
93927,flayer7,15.0092,1.6065,-0.29816,-0.0331765,2
93927,bullet3,11.4068,3.75207,0.8,0,1
93928,flayer8,15.4141,2.8072,-0.217178,0.206963,2
93928,bullet4,6.1236,3.13862,0.8,0,1
93931,player,1.60056,2.47003,0.0669423,0.0532195,1
93931,flyer6,13.5,11.1496,-0.3,0,2
93931,bullet5,5.50383,2.57053,0.8,0,1
93931,bullet2,2.00056,2.47003,0.8,0,1
93932,flayer7,13.5184,1.44062,-0.29816,-0.0331765,2
93933,flayer8,14.3282,3.84201,-0.217178,0.206963,1
93933,bullet4,10.1236,3.13862,0.8,0,1
93936,player,1.65432,3.10124,0.00123527,0.0317367,1
93936,flyer6,12,11.1496,-0.3,0,2
93936,bullet5,9.50383,2.57053,0.8,0,1
93936,bullet2,6.00056,2.47003,0.8,0,1
93936,bullet6,2.05432,3.10124,0.8,0,1
93937,flayer7,12.0276,1.27473,-0.29816,-0.0331765,2
93938,flayer8,13.2423,4.87683,-0.217178,0.206963,1
93938,bullet4,14.1236,3.13862,0.8,0,1
93941,player,1.61072,3.17132,0.0545269,-0.0539185,1
93941,flyer6,10.5,11.1496,-0.3,0,2
93941,bullet5,13.5038,2.57053,0.8,0,1
93941,bullet2,10.0006,2.47003,0.8,0,1
93941,bullet6,6.05432,3.10124,0.8,0,1
93942,flayer7,10.5368,1.10885,-0.29816,-0.0331765,2
93942,bullet1,2.03525,3.14706,0.8,0,1
93943,flayer8,12.1564,5.91164,-0.217178,0.206963,1
93946,player,1.65451,2.63865,0.00100618,-0.15287,1
93946,flyer6,9,11.1496,-0.3,0,2
93946,bullet2,14.0006,2.47003,0.8,0,1
93946,bullet6,10.0543,3.10124,0.8,0,1
93947,flayer7,9.04601,0.942969,-0.29816,-0.0331765,2
93947,bullet1,6.03525,3.14706,0.8,0,1
93947,bullet3,1.25496,2.56985,-0.8,-6.99382e-08,1
93948,flayer8,11.0705,6.94646,-0.217178,0.206963,1
93950,bullet4,2.0553,2.02932,0.8,0,1
93951,player,1.65531,1.95816,1.85668e-05,-0.0711646,1
93951,flyer6,7.5,11.1496,-0.3,0,2
93951,bullet6,14.0543,3.10124,0.8,0,1
93952,flayer7,7.55521,0.777086,-0.29816,-0.0331765,2
93952,bullet1,10.0353,3.14706,0.8,0,1
93952,bullet5,2.05532,1.92614,0.8,0,1
93953,flayer8,9.98465,7.98127,-0.217178,0.206963,1
93955,bullet4,6.0553,2.02932,0.8,0,1
93956,player,1.16596,2.39038,-0.151875,0.150562,1
93956,flyer6,5.99999,11.1496,-0.3,0,2
93956,bullet2,1.56596,2.39038,0.8,0,1
93957,flayer7,6.06441,0.611203,-0.29816,-0.0331765,2
93957,bullet1,14.0353,3.14706,0.8,0,1
93957,bullet5,6.05532,1.92614,0.8,0,1
93958,flayer8,8.89876,9.01608,-0.217178,0.206963,1
93960,bullet4,10.0553,2.02932,0.8,0,1
93961,player,1.53336,3.58915,0.149072,0.185408,1
93961,flyer6,4.49999,11.1496,-0.3,0,2
93961,bullet2,5.56596,2.39038,0.8,0,1
93962,flayer7,4.57361,0.445321,-0.29816,-0.0331765,2
93962,bullet5,10.0553,1.92614,0.8,0,1
93963,flayer8,7.81287,10.0509,-0.217178,0.206963,1
93963,bullet3,2.03063,3.71012,0.8,0,1
93965,bullet4,14.0553,2.02932,0.8,0,1
93966,player,2.14245,3.73804,0.154626,0.0034213,1
93966,flyer6,2.99999,11.1496,-0.3,0,2
93966,bullet2,9.56596,2.39038,0.8,0,1
93967,flayer7,3.08281,0.279438,-0.29816,-0.0331765,2
93967,bullet5,14.0553,1.92614,0.8,0,1
93968,flayer8,6.72697,11.0857,-0.217178,0.206963,1
93968,bullet3,6.03063,3.71012,0.8,0,1
93969,bullet6,2.65744,4.22996,0.8,0,1
93971,player,2.60413,3.99176,0.340353,-0.306682,1
93971,flyer6,1.49999,11.1496,-0.3,0,2
93971,bullet2,13.566,2.39038,0.8,0,1
93972,flayer7,1.59201,0.113556,-0.29816,-0.0331765,2
93972,bullet1,3.15729,3.85376,0.8,0,1
93973,flayer8,5.64108,12.1205,-0.217178,0.206963,1
93973,bullet3,10.0306,3.71012,0.8,0,1
93974,bullet6,6.65744,4.22996,0.8,0,1
93976,player,2.87747,3.18775,0.00628047,-0.0740029,1
93976,flyer6,-6.4373e-06,11.1496,-0.3,0,2
93976,bullet4,3.27747,3.18775,0.8,0,1
93977,flayer7,0.101211,-0.052327,-0.29816,-0.0331765,2
93977,bullet1,7.15729,3.85376,0.8,0,1
93978,flayer8,4.55519,13.1553,-0.217178,0.206963,1
93978,bullet3,14.0306,3.71012,0.8,0,1
93979,bullet6,10.6574,4.22996,0.8,0,1
93981,player,3.13348,2.9081,-0.306629,0.267791,1
93981,bullet4,7.27747,3.18775,0.8,0,1
93982,bullet1,11.1573,3.85376,0.8,0,1
93983,flayer8,3.4693,14.1901,-0.217178,0.206963,1
93984,bullet6,14.6574,4.22996,0.8,0,1
93984,bullet5,3.30547,3.10724,0.8,0,1
93986,player,2.88723,3.12316,-0.00565817,0.00494149,1
93986,bullet4,11.2775,3.18775,0.8,0,1
93987,bullet1,15.1573,3.85376,0.8,0,1
93987,bullet2,3.28469,3.12539,0.8,0,1
93988,flayer8,2.38341,15.225,-0.217178,0.206963,1
93989,bullet5,7.30547,3.10724,0.8,0,1
93991,player,2.32497,3.12713,-0.0684482,9.11844e-05,1
93991,bullet4,15.2775,3.18775,0.8,0,1
93991,bullet3,2.72497,3.12713,0.8,0,1
93992,bullet2,7.28469,3.12539,0.8,0,1
93993,flayer8,1.29752,16.2598,-0.217178,0.206963,1
93994,bullet5,11.3055,3.10724,0.8,0,1
93994,bullet6,1.87407,2.56948,-0.8,-6.99382e-08,1
93996,player,1.78063,2.52489,-0.153138,-0.0138379,1
93996,bullet3,6.72497,3.12713,0.8,0,1
93997,flyer1,16.5,1.77238,-0.247809,-0.169088,2
93997,bullet2,11.2847,3.12539,0.8,0,1
93997,bullet1,2.11171,2.51866,0.8,0,1
93999,bullet5,15.3055,3.10724,0.8,0,1
94001,player,1.06917,1.9253,-0.0335805,-0.03101,1
94001,bullet3,10.725,3.12713,0.8,0,1
94002,flyer1,15.261,0.926943,-0.247809,-0.169088,2
94002,bullet2,15.2847,3.12539,0.8,0,1
94002,bullet1,6.11171,2.51866,0.8,0,1
94004,flyer2,16.5,7.14959,-0.3,0,2
94006,player,0.484483,1.78746,-0.0689634,0.137463,1
94006,bullet3,14.725,3.12713,0.8,0,1
94007,flyer1,14.0219,0.0815047,-0.247809,-0.169088,2
94007,bullet1,10.1117,2.51866,0.8,0,1
94008,bullet4,0.839484,2.36653,0.8,0,1
94009,flyer2,15,7.14959,-0.3,0,2
94011,player,0.4,2.01079,0,-0.135499,1
94011,flyer3,16.5,1.77238,-0.231471,0.190844,2
94011,bullet6,0.8,2.01079,0.8,0,1
94012,bullet1,14.1117,2.51866,0.8,0,1
94013,bullet4,4.83948,2.36653,0.8,0,1
94013,bullet5,0.8,1.92238,0.8,0,1
94014,flyer2,13.5,7.14959,-0.3,0,2
94016,player,0.889375,1.90198,0.151875,-0.00250033,1
94016,flyer3,15.3426,2.7266,-0.231471,0.190844,1
94016,bullet6,4.8,2.01079,0.8,0,1
94018,bullet4,8.83949,2.36653,0.8,0,1
94018,bullet5,4.8,1.92238,0.8,0,1
94019,flyer2,12,7.14959,-0.3,0,2
94021,player,1.27616,0.808282,-0.320858,-0.165761,1
94021,flyer3,14.1853,3.68082,-0.231471,0.190844,1
94021,bullet6,8.8,2.01079,0.8,0,1
94023,bullet4,12.8395,2.36653,0.8,0,1
94023,bullet5,8.8,1.92238,0.8,0,1
94024,flyer2,10.5,7.14959,-0.3,0,2
94025,bullet2,1.18212,0.678221,-0.8,-6.99382e-08,1
94026,player,1.60695,0.675162,0.024834,-0.00305875,1
94026,flyer3,13.0279,4.63504,-0.231471,0.190844,1
94026,bullet6,12.8,2.01079,0.8,0,1
94027,bullet3,2.01813,0.673785,0.8,0,1
94028,bullet5,12.8,1.92238,0.8,0,1
94029,flyer2,9,7.14959,-0.3,0,2
94031,player,1.6269,0.824581,0.000458256,-0.185681,1
94031,flyer3,11.8706,5.58926,-0.231471,0.190844,1
94032,bullet3,6.01813,0.673785,0.8,0,1
94033,flyer4,16.5,7.14959,-0.3,0,2
94034,flyer2,7.5,7.14959,-0.3,0,2
94034,bullet1,2.02724,1.17588,0.8,0,1
94036,player,1.96477,1.26394,0.337508,0.0273283,1
94036,flyer3,10.7132,6.54347,-0.231471,0.190844,1
94037,bullet3,10.0181,0.673785,0.8,0,1
94038,flyer4,15,7.14959,-0.3,0,2
94039,flyer2,5.99999,7.14959,-0.3,0,2
94039,bullet1,6.02724,1.17588,0.8,0,1
94039,bullet2,2.05803,1.84198,0.8,0,1
94041,player,1.6335,1.5507,-0.00761163,-0.323156,1
94041,flyer3,9.55587,7.49769,-0.231471,0.190844,1
94042,bullet3,14.0181,0.673785,0.8,0,1
94043,flyer4,13.5,7.14959,-0.3,0,2
94043,bullet4,2.02853,1.33984,0.8,0,1
94044,flyer2,4.49999,7.14959,-0.3,0,2
94044,bullet1,10.0272,1.17588,0.8,0,1
94044,bullet2,6.05803,1.84198,0.8,0,1
94046,player,1.06967,1.29117,-0.0684842,-0.00596314,1
94046,flyer3,8.39851,8.45191,-0.231471,0.190844,1
94048,flyer4,12,7.14959,-0.3,0,2
94048,bullet4,6.02853,1.33984,0.8,0,1
94049,flyer2,2.99999,7.14959,-0.3,0,2
94049,bullet1,14.0272,1.17588,0.8,0,1
94049,bullet2,10.058,1.84198,0.8,0,1
94049,bullet6,1.41874,0.729022,0.8,0,1
94051,player,1.01467,0.684073,-0.00126373,-0.0139496,1
94051,flyer3,7.24116,9.40613,-0.231471,0.190844,1
94052,bullet5,1.4141,0.677796,0.8,0,1
94053,flyer4,10.5,7.14959,-0.3,0,2
94053,bullet4,10.0285,1.33984,0.8,0,1
94054,flyer2,1.49999,7.14959,-0.3,0,2
94054,bullet2,14.058,1.84198,0.8,0,1
94054,bullet6,5.41874,0.729022,0.8,0,1
94056,player,0.455937,0.4,-0.0683671,0,1
94056,flyer3,6.08381,10.3603,-0.231471,0.190844,1
94057,bullet5,5.4141,0.677796,0.8,0,1
94058,flyer4,9,7.14959,-0.3,0,2
94058,bullet4,14.0285,1.33984,0.8,0,1
94059,flyer2,-6.4373e-06,7.14959,-0.3,0,2
94059,bullet6,9.41874,0.729022,0.8,0,1
94059,bullet3,0.8,0.4,0.8,0,1
94061,player,0.4,0.4,0,0,1
94061,flyer3,4.92646,11.3146,-0.231471,0.190844,1
94062,bullet5,9.4141,0.677796,0.8,0,1
94062,bullet1,0,0.4,-0.8,-6.99382e-08,1
94063,flyer4,7.5,7.14959,-0.3,0,2
94064,bullet6,13.4187,0.729022,0.8,0,1
94064,bullet3,4.8,0.4,0.8,0,1
94065,bullet2,0.8,0.4,0.8,0,1
94066,player,0.4,0.4,0,0,1
94066,flyer3,3.7691,12.2688,-0.231471,0.190844,1
94067,bullet5,13.4141,0.677796,0.8,0,1
94068,flyer4,5.99999,7.14959,-0.3,0,2
94069,bullet3,8.8,0.4,0.8,0,1
94069,bullet4,0.8,0.4,0.8,0,1
94070,bullet2,4.8,0.4,0.8,0,1
94071,player,0.4,0.4,0,0,1
94071,flyer3,2.61175,13.223,-0.231471,0.190844,1
94072,bullet1,0.8,0.4,0.8,0,1
94073,flyer4,4.49999,7.14959,-0.3,0,2
94074,bullet3,12.8,0.4,0.8,0,1
94074,bullet4,4.8,0.4,0.8,0,1
94075,bullet2,8.8,0.4,0.8,0,1
94076,player,0.988474,0.988474,0.0307547,0.0307547,1
94076,flyer3,1.4544,14.1772,-0.231471,0.190844,1
94077,bullet1,4.8,0.4,0.8,0,1
94078,flyer4,2.99999,7.14959,-0.3,0,2
94079,bullet4,8.8,0.4,0.8,0,1
94079,bullet6,1.41134,1.01134,0.8,0,1
94080,bullet2,12.8,0.4,0.8,0,1
94081,player,1.50255,1.01317,0.152442,0.00056751,1
94081,flyer3,0.297044,15.1314,-0.231471,0.190844,1
94082,bullet1,8.8,0.4,0.8,0,1
94083,flyer4,1.49999,7.14959,-0.3,0,2
94084,bullet4,12.8,0.4,0.8,0,1
94084,bullet6,5.41134,1.01134,0.8,0,1
94085,bullet2,16.8,0.4,0.8,0,1
94086,player,1.12176,2.05254,-0.132147,0.23023,1
94087,bullet1,12.8,0.4,0.8,0,1
94088,flyer4,-6.4373e-06,7.14959,-0.3,0,2
94088,bullet5,1.43553,2.20276,0.8,0,1
94089,bullet6,9.41134,1.01134,0.8,0,1
94089,bullet3,1.42349,2.22374,0.8,0,1
94091,player,1.01563,2.23743,-0.00243848,0.00424839,1
94092,flyer5,16.5,1.77238,-0.28352,0.0980625,2
94092,bullet2,1.41454,2.23935,0.8,0,1
94093,bullet5,5.43553,2.20276,0.8,0,1
94094,bullet6,13.4113,1.01134,0.8,0,1
94094,bullet3,5.42349,2.22374,0.8,0,1
94096,player,1.01367,2.24085,-4.49969e-05,7.83947e-05,1
94097,flyer5,15.0824,2.26269,-0.28352,0.0980625,2
94097,bullet2,5.41454,2.23935,0.8,0,1
94098,bullet5,9.43553,2.20276,0.8,0,1
94098,bullet4,1.41364,2.2409,0.8,0,1
94099,bullet3,9.42349,2.22374,0.8,0,1
94101,player,0.793419,1.68319,0.269155,-0.0683423,1
94102,flyer5,13.6648,2.75301,-0.28352,0.0980625,2
94102,bullet2,9.41454,2.23935,0.8,0,1
94103,bullet4,5.41364,2.2409,0.8,0,1
94105,bullet1,1.40461,1.04109,0.8,0,1
94106,player,1.00957,1.02599,0.00496667,-0.0151007,1
94106,bullet6,1.40957,1.02599,0.8,0,1
94107,bullet2,13.4145,2.23935,0.8,0,1
94108,bullet4,9.41365,2.2409,0.8,0,1
94110,bullet1,5.40461,1.04109,0.8,0,1
94111,player,1.01356,1.01386,9.16491e-05,-0.000278651,1
94111,flyer6,16.5,9.02815,-0.255225,0.157671,2
94111,bullet6,5.40957,1.02599,0.8,0,1
94111,bullet5,1.41356,1.01386,0.8,0,1
94113,bullet4,13.4136,2.2409,0.8,0,1
94115,bullet1,9.40461,1.04109,0.8,0,1
94116,player,0.4,1.05824,0,-0.0545093,1
94116,flyer6,15.2239,9.8165,-0.255225,0.157671,2
94116,bullet6,9.40957,1.02599,0.8,0,1
94116,bullet5,5.41356,1.01386,0.8,0,1
94117,bullet3,0,1.03371,-0.8,-6.99382e-08,1
94120,bullet1,13.4046,1.04109,0.8,0,1
94121,player,0.4,1.01446,0,-0.00100585,1
94121,flyer6,13.9477,10.6049,-0.255225,0.157671,2
94121,bullet6,13.4096,1.02599,0.8,0,1
94121,bullet5,9.41356,1.01386,0.8,0,1
94121,bullet2,0.8,1.01446,0.8,0,1
94125,flayer7,16.5,9.02815,-0.267921,0.134975,2
94126,player,1.44709,2.06075,0.220219,0.2202,1
94126,flyer6,12.6716,11.3932,-0.255225,0.157671,2
94126,bullet5,13.4136,1.01386,0.8,0,1
94126,bullet2,4.8,1.01446,0.8,0,1
94127,bullet4,1.94619,2.15984,0.8,0,1
94128,bullet3,1.19079,2.20443,-0.8,-6.99382e-08,1
94130,flayer7,15.1604,9.70302,-0.267921,0.134975,2
94131,player,1.13457,2.23759,-0.147811,0.00406331,1
94131,flyer6,11.3955,12.1816,-0.255225,0.157671,2
94131,bullet2,8.8,1.01446,0.8,0,1
94132,bullet4,5.94619,2.15984,0.8,0,1
94135,flayer7,13.8208,10.3779,-0.267921,0.134975,2
94136,player,1.61818,2.84316,0.0111121,0.0139146,1
94136,flyer6,10.1194,12.9699,-0.255225,0.157671,2
94136,bullet2,12.8,1.01446,0.8,0,1
94137,bullet4,9.94619,2.15984,0.8,0,1
94138,bullet1,2.02543,2.36287,0.8,0,1
94140,flayer7,12.4812,11.0528,-0.267921,0.134975,2
94141,player,2.11648,1.76265,0.15208,-0.165458,1
94141,flyer6,8.84324,13.7583,-0.255225,0.157671,2
94141,bullet6,1.71648,1.76265,-0.8,-6.99382e-08,1
94142,bullet4,13.9462,2.15984,0.8,0,1
94143,bullet1,6.02543,2.36287,0.8,0,1
94143,bullet5,2.61571,1.65469,0.8,0,1
94145,flayer7,11.1416,11.7276,-0.267921,0.134975,2
94146,player,2.23861,1.62977,0.0028063,-0.00305316,1
94146,flyer6,7.56712,14.5466,-0.255225,0.157671,2
94146,bullet3,2.63861,1.62977,0.8,0,1
94148,bullet1,10.0254,2.36287,0.8,0,1
94148,bullet5,6.61571,1.65469,0.8,0,1
94148,bullet2,2.64044,1.62778,0.8,0,1
94150,flayer7,9.80196,12.4025,-0.267921,0.134975,2
94151,player,2.24086,1.62732,5.17842e-05,-5.63394e-05,1
94151,flyer6,6.29099,15.335,-0.255225,0.157671,2
94151,bullet3,6.63861,1.62977,0.8,0,1
94153,bullet1,14.0254,2.36287,0.8,0,1
94153,bullet5,10.6157,1.65469,0.8,0,1
94153,bullet2,6.64044,1.62778,0.8,0,1
94155,flayer7,8.46236,13.0774,-0.267921,0.134975,2
94156,player,2.24091,1.62727,9.55564e-07,-1.03962e-06,1
94156,flyer6,5.01487,16.1233,-0.255225,0.157671,2
94156,bullet3,10.6386,1.62977,0.8,0,1
94156,bullet6,2.64091,1.62727,0.8,0,1
94158,bullet5,14.6157,1.65469,0.8,0,1
94158,bullet2,10.6404,1.62778,0.8,0,1
94160,flayer7,7.12275,13.7523,-0.267921,0.134975,2
94161,player,2.68569,1.58268,0.206379,0.0545041,1
94161,bullet3,14.6386,1.62977,0.8,0,1
94161,bullet6,6.64091,1.62727,0.8,0,1
94162,bullet4,3.17856,1.60721,0.8,0,1
94163,bullet2,14.6404,1.62778,0.8,0,1
94164,bullet1,3.23916,1.62321,0.8,0,1
94165,flayer7,5.78314,14.4271,-0.267921,0.134975,2
94166,player,2.85143,1.96395,0.00380828,0.338506,1
94166,bullet6,10.6409,1.62727,0.8,0,1
94167,bullet4,7.17856,1.60721,0.8,0,1
94169,bullet1,7.23916,1.62321,0.8,0,1
94169,bullet5,2.69654,2.77339,0.8,0,1
94170,flayer7,4.44353,15.102,-0.267921,0.134975,2
94171,player,2.25217,2.83811,-0.0137693,0.020086,1
94171,bullet6,14.6409,1.62727,0.8,0,1
94172,bullet4,11.1786,1.60721,0.8,0,1
94174,bullet1,11.2392,1.62321,0.8,0,1
94174,bullet5,6.69654,2.77339,0.8,0,1
94175,flayer7,3.10393,15.7769,-0.267921,0.134975,2
94175,bullet3,2.64137,2.85387,0.8,0,1
94176,player,2.24111,2.85424,-0.000254083,0.000370643,1
94177,bullet4,15.1786,1.60721,0.8,0,1
94179,bullet1,15.2392,1.62321,0.8,0,1
94179,bullet5,10.6965,2.77339,0.8,0,1
94180,flayer7,1.76432,16.4517,-0.267921,0.134975,2
94180,bullet3,6.64137,2.85387,0.8,0,1
94180,bullet2,3.13029,2.36516,0.8,0,1
94181,player,2.79863,2.29682,0.0683391,-0.0683369,1
94182,flayer8,16.5,9.02815,-0.282889,-0.0998683,2
94184,bullet5,14.6965,2.77339,0.8,0,1
94185,bullet3,10.6414,2.85387,0.8,0,1
94185,bullet2,7.13029,2.36516,0.8,0,1
94185,bullet6,4.39844,1.68548,0.8,0,1
94186,player,4.0443,1.65347,0.0458553,-0.0320157,1
94187,flayer8,15.0856,8.5288,-0.282889,-0.0998683,2
94188,bullet4,4.47422,1.63258,0.8,0,1
94190,bullet3,14.6414,2.85387,0.8,0,1
94190,bullet2,11.1303,2.36516,0.8,0,1
94190,bullet6,8.39844,1.68548,0.8,0,1
94191,player,3.1859,1.40754,-0.404998,0.268565,1
94192,flayer8,13.6711,8.02946,-0.282889,-0.0998683,2
94193,bullet4,8.47422,1.63258,0.8,0,1
94195,bullet2,15.1303,2.36516,0.8,0,1
94195,bullet6,12.3984,1.68548,0.8,0,1
94196,player,2.37128,1.13385,-0.159348,-0.146919,1
94196,bullet1,2.77128,1.13385,0.8,0,1
94197,flayer8,12.2567,7.53012,-0.282889,-0.0998683,2
94198,bullet4,12.4742,1.63258,0.8,0,1
94200,bullet6,16.3984,1.68548,0.8,0,1
94201,player,2.24331,2.16205,-0.00294043,0.0963874,1
94201,flyer1,16.5,11.6011,-0.258547,0.152163,2
94201,bullet1,6.77128,1.13385,0.8,0,1
94201,bullet5,2.64331,2.16205,0.8,0,1
94202,flayer8,10.8422,7.03078,-0.282889,-0.0998683,2
94206,player,1.48676,3.66865,0.171731,0.504993,1
94206,flyer1,15.2073,12.3619,-0.258547,0.152163,2
94206,bullet1,10.7713,1.13385,0.8,0,1
94206,bullet5,6.64331,2.16205,0.8,0,1
94207,flayer8,9.42777,6.53143,-0.282889,-0.0998683,2
94208,bullet3,1.99882,3.99815,0.8,0,1
94211,player,1.62468,4.4117,0.00316892,0.346819,1
94211,flyer1,13.9145,13.1228,-0.258547,0.152163,2
94211,bullet1,14.7713,1.13385,0.8,0,1
94211,bullet5,10.6433,2.16205,0.8,0,1
94212,flayer8,8.01332,6.03209,-0.282889,-0.0998683,2
94213,bullet3,5.99882,3.99815,0.8,0,1
94214,bullet2,2.58475,4.6696,0.8,0,1
94216,player,2.71891,5.1796,0.165773,0.158275,1
94216,flyer1,12.6218,13.8836,-0.258547,0.152163,2
94216,bullet5,14.6433,2.16205,0.8,0,1
94217,flayer8,6.59887,5.53275,-0.282889,-0.0998683,2
94217,bullet6,3.19351,5.25082,0.8,0,1
94218,bullet3,9.99882,3.99815,0.8,0,1
94221,player,2.29432,6.20193,-0.0652848,0.408764,1
94221,flyer1,11.3291,14.6444,-0.258547,0.152163,2
94222,bullet4,2.66494,6.38587,0.8,0,1
94223,bullet3,13.9988,3.99815,0.8,0,1
94226,player,2.31023,7.08792,-0.0847359,0.0758866,1
94226,flyer2,16.5,9.02815,-0.3,0,2
94226,flyer1,10.0363,15.4052,-0.258547,0.152163,2
94227,flyer3,16.5,11.6011,-0.288528,-0.0821695,2
94227,bullet4,6.66494,6.38587,0.8,0,1
94231,player,2.49316,7.45561,-0.308309,0.376489,1
94231,flyer2,15,9.02815,-0.3,0,2
94231,flyer1,8.7436,16.166,-0.258547,0.152163,2
94232,flyer3,15.0574,11.1903,-0.288528,-0.0821695,2
94232,bullet4,10.6649,6.38587,0.8,0,1
94232,bullet1,2.75442,7.62503,0.8,0,1
94236,player,3.29265,7.75796,0.21453,0.00694729,1
94236,flyer2,13.5,9.02815,-0.3,0,2
94237,flyer3,13.6147,10.7794,-0.288528,-0.0821695,2
94237,bullet4,14.6649,6.38587,0.8,0,1
94237,bullet1,6.75442,7.62503,0.8,0,1
94237,bullet2,3.78919,7.76108,0.8,0,1
94238,bullet5,3.83264,7.76249,0.8,0,1
94241,player,3.46494,7.27416,0.00395867,-0.151747,1
94241,flyer2,12,9.02815,-0.3,0,2
94241,bullet6,3.06494,7.27416,-0.8,-6.99382e-08,1
94242,flyer3,12.1721,10.3686,-0.288528,-0.0821695,2
94242,bullet1,10.7544,7.62503,0.8,0,1
94242,bullet2,7.78919,7.76108,0.8,0,1
94243,bullet5,7.83264,7.76249,0.8,0,1
94246,player,3.46812,6.59457,7.30487e-05,-0.0711439,1
94246,flyer2,10.5,9.02815,-0.3,0,2
94247,flyer3,10.7294,9.95774,-0.288528,-0.0821695,2
94247,bullet1,14.7544,7.62503,0.8,0,1
94247,bullet2,11.7892,7.76108,0.8,0,1
94248,bullet5,11.8326,7.76249,0.8,0,1
94250,bullet3,3.86818,5.39256,0.8,0,1
94251,player,3.46818,5.34665,1.34795e-06,-0.0459071,1
94251,flyer2,9,9.02815,-0.3,0,2
94252,flyer3,9.28681,9.5469,-0.288528,-0.0821695,2
94252,bullet2,15.7892,7.76108,0.8,0,1
94253,bullet5,15.8326,7.76249,0.8,0,1
94253,bullet4,3.86818,5.3167,0.8,0,1
94255,bullet3,7.86818,5.39256,0.8,0,1
94255,bullet6,3.86818,5.31063,0.8,0,1
94256,player,3.80568,5.30978,0.3375,-0.000847115,1
94256,flyer2,7.5,9.02815,-0.3,0,2
94257,flyer3,7.84417,9.13605,-0.288528,-0.0821695,2
94258,bullet4,7.86818,5.3167,0.8,0,1
94260,bullet3,11.8682,5.39256,0.8,0,1
94260,bullet6,7.86818,5.31063,0.8,0,1
94260,bullet1,4.47049,4.7514,0.8,0,1
94261,player,3.73922,4.72063,-0.331272,-0.0307703,1
94261,flyer2,5.99999,9.02815,-0.3,0,2
94262,flyer3,6.40154,8.7252,-0.288528,-0.0821695,2
94263,bullet4,11.8682,5.3167,0.8,0,1
94265,bullet3,15.8682,5.39256,0.8,0,1
94265,bullet6,11.8682,5.31063,0.8,0,1
94265,bullet1,8.47049,4.7514,0.8,0,1
94266,player,3.47318,4.35842,-0.0061129,-0.338068,1
94266,flyer2,4.49999,9.02815,-0.3,0,2
94267,flyer3,4.9589,8.31435,-0.288528,-0.0821695,2
94268,bullet4,15.8682,5.3167,0.8,0,1
94268,bullet2,3.06919,4.13783,-0.8,-6.99382e-08,1
94270,bullet6,15.8682,5.31063,0.8,0,1
94270,bullet1,12.4705,4.7514,0.8,0,1
94270,bullet5,3.86838,4.09316,0.8,0,1
94271,player,3.46827,4.08692,-0.0001128,-0.0062383,1
94271,flyer2,2.99999,9.02815,-0.3,0,2
94271,bullet3,3.86827,4.08692,0.8,0,1
94272,flyer3,3.51626,7.90351,-0.288528,-0.0821695,2
94273,bullet4,3.8682,4.08285,0.8,0,1
94275,bullet5,7.86838,4.09316,0.8,0,1
94276,player,3.46818,4.08191,-2.08148e-06,-0.000115114,1
94276,flyer2,1.49999,9.02815,-0.3,0,2
94276,bullet3,7.86827,4.08692,0.8,0,1
94276,bullet6,3.86818,4.08191,0.8,0,1
94277,flyer3,2.07362,7.49266,-0.288528,-0.0821695,2
94278,bullet4,7.8682,4.08285,0.8,0,1
94280,bullet5,11.8684,4.09316,0.8,0,1
94281,player,3.2172,4.33279,0.306745,-0.306747,1
94281,flyer2,-6.4373e-06,9.02815,-0.3,0,2
94281,bullet3,11.8683,4.08692,0.8,0,1
94281,bullet6,7.86818,4.08191,0.8,0,1
94282,flyer3,0.630987,7.08181,-0.288528,-0.0821695,2
94283,bullet4,11.8682,4.08285,0.8,0,1
94285,bullet5,15.8684,4.09316,0.8,0,1
94286,player,3.46355,4.64417,0.00566031,0.0626834,1
94286,bullet3,15.8683,4.08692,0.8,0,1
94286,bullet6,11.8682,4.08191,0.8,0,1
94287,flyer4,16.5,11.6011,-0.3,0,2
94287,bullet2,3.86609,4.67237,0.8,0,1
94288,bullet4,15.8682,4.08285,0.8,0,1
94289,flyer5,16.5,11.6011,-0.3,0,2
94291,player,2.91037,4.62616,-0.0682393,0.0846879,1
94291,bullet6,15.8682,4.08191,0.8,0,1
94292,flyer4,15,11.6011,-0.3,0,2
94292,flyer6,16.5,9.30791,-0.3,0,2
94292,bullet2,7.86609,4.67237,0.8,0,1
94292,bullet1,3.27967,4.66427,0.8,0,1
94294,flyer5,15,11.6011,-0.3,0,2
94296,player,2.51807,4.47396,-0.338759,0.270719,1
94297,flyer4,13.5,11.6011,-0.3,0,2
94297,flyer6,15,9.30791,-0.3,0,2
94297,bullet2,11.8661,4.67237,0.8,0,1
94297,bullet1,7.27967,4.66427,0.8,0,1
94297,bullet5,2.76563,4.59578,0.8,0,1
94299,flyer5,13.5,11.6011,-0.3,0,2
94301,player,1.19892,4.62302,-0.22647,0.0885268,1
94302,flyer4,12,11.6011,-0.3,0,2
94302,flyer6,13.5,9.30791,-0.3,0,2
94302,bullet2,15.8661,4.67237,0.8,0,1
94302,bullet1,11.2797,4.66427,0.8,0,1
94302,bullet5,6.76563,4.59578,0.8,0,1
94304,flyer5,12,11.6011,-0.3,0,2
94305,bullet3,1.45198,4.13477,0.8,0,1
94306,player,1.03089,3.76815,-0.0210941,-0.366621,1
94307,flyer4,10.5,11.6011,-0.3,0,2
94307,flyer6,12,9.30791,-0.3,0,2
94307,bullet1,15.2797,4.66427,0.8,0,1
94307,bullet5,10.7656,4.59578,0.8,0,1
94309,flyer5,10.5,11.6011,-0.3,0,2
94309,bullet4,1.4152,3.49552,0.8,0,1
94310,bullet3,5.45198,4.13477,0.8,0,1
94311,player,0.524574,3.96309,-0.152264,0.14511,1
94312,flyer4,9,11.6011,-0.3,0,2
94312,flyer6,10.5,9.30791,-0.3,0,2
94312,bullet5,14.7656,4.59578,0.8,0,1
94314,flyer5,9,11.6011,-0.3,0,2
94314,bullet4,5.4152,3.49552,0.8,0,1
94315,bullet3,9.45198,4.13477,0.8,0,1
94316,player,1.93058,4.51623,0.379285,0.219057,1
94317,flyer4,7.5,11.6011,-0.3,0,2
94317,flyer6,9,9.30791,-0.3,0,2
94319,flyer5,7.5,11.6011,-0.3,0,2
94319,bullet4,9.4152,3.49552,0.8,0,1
94319,bullet6,3.102,4.67912,0.8,0,1
94320,bullet3,13.452,4.13477,0.8,0,1
94321,player,2.82365,4.69215,0.0377536,0.00404222,1
94321,bullet2,3.22365,4.69215,0.8,0,1
94322,flyer4,5.99999,11.6011,-0.3,0,2
94322,flyer6,7.5,9.30791,-0.3,0,2
94324,flyer5,5.99999,11.6011,-0.3,0,2
94324,bullet4,13.4152,3.49552,0.8,0,1
94324,bullet6,7.102,4.67912,0.8,0,1
94325,bullet1,3.81099,5.25304,0.8,0,1
94326,player,3.44244,5.28387,0.0314513,0.0308293,1
94326,bullet2,7.22365,4.69215,0.8,0,1
94327,flyer4,4.49999,11.6011,-0.3,0,2
94327,flyer6,5.99999,9.30791,-0.3,0,2
94328,bullet5,3.06296,5.30398,-0.8,-6.99382e-08,1
94329,flyer5,4.49999,11.6011,-0.3,0,2
94329,bullet6,11.102,4.67912,0.8,0,1
94330,bullet1,7.81099,5.25304,0.8,0,1
94331,player,3.4677,5.30863,0.000580366,0.000568887,1
94331,bullet2,11.2237,4.69215,0.8,0,1
94332,flyer4,2.99999,11.6011,-0.3,0,2
94332,flyer6,4.49999,9.30791,-0.3,0,2
94334,flyer5,2.99999,11.6011,-0.3,0,2
94334,bullet6,15.102,4.67912,0.8,0,1
94335,bullet1,11.811,5.25304,0.8,0,1
94336,player,3.39982,4.81971,0.083542,-0.151864,1
94336,bullet2,15.2237,4.69215,0.8,0,1
94337,flyer4,1.49999,11.6011,-0.3,0,2
94337,flyer6,2.99999,9.30791,-0.3,0,2
94337,bullet3,3.83742,4.75137,0.8,0,1
94339,flyer5,1.49999,11.6011,-0.3,0,2
94340,bullet1,15.811,5.25304,0.8,0,1
94341,player,4.02463,4.69775,0.0698853,-0.00280233,1
94341,bullet4,4.42463,4.69775,0.8,0,1
94342,flyer4,-6.4373e-06,11.6011,-0.3,0,2
94342,flyer6,1.49999,9.30791,-0.3,0,2
94342,bullet3,7.83742,4.75137,0.8,0,1
94342,bullet5,4.45608,4.69649,0.8,0,1
94344,flyer5,-6.4373e-06,11.6011,-0.3,0,2
94346,player,3.59138,3.6484,-0.150585,-0.22027,1
94346,bullet4,8.42463,4.69775,0.8,0,1
94347,flyer6,-6.4373e-06,9.30791,-0.3,0,2
94347,bullet3,11.8374,4.75137,0.8,0,1
94347,bullet5,8.45608,4.69649,0.8,0,1
94347,bullet6,3.92362,3.54928,0.8,0,1
94351,player,3.13295,3.47151,-0.340279,-0.00406461,1
94351,bullet4,12.4246,4.69775,0.8,0,1
94352,bullet3,15.8374,4.75137,0.8,0,1
94352,bullet5,12.4561,4.69649,0.8,0,1
94352,bullet6,7.92362,3.54928,0.8,0,1
94353,flayer7,16.5,7.4864,-0.29155,0.0706995,2
94354,bullet2,3.83763,4.0262,0.8,0,1
94356,player,3.46199,4.55993,0.00756051,0.16564,1
94357,flayer8,16.5,7.4864,-0.3,0,2
94357,bullet6,11.9236,3.54928,0.8,0,1
94357,bullet1,3.86539,4.63447,0.8,0,1
94358,flayer7,15.0422,7.8399,-0.29155,0.0706995,2
94358,bullet3,3.86692,4.66801,0.8,0,1
94359,bullet2,7.83763,4.0262,0.8,0,1
94361,player,3.46806,4.69295,0.000139513,0.00305652,1
94362,flayer8,15,7.4864,-0.3,0,2
94362,bullet6,15.9236,3.54928,0.8,0,1
94362,bullet1,7.86539,4.63447,0.8,0,1
94363,flayer7,13.5845,8.1934,-0.29155,0.0706995,2
94363,bullet3,7.86692,4.66801,0.8,0,1
94364,bullet2,11.8376,4.0262,0.8,0,1
94366,player,2.91045,5.25313,-0.0683412,0.0684001,1
94367,flayer8,13.5,7.4864,-0.3,0,2
94367,bullet1,11.8654,4.63447,0.8,0,1
94367,bullet4,3.2797,5.28391,0.8,0,1
94368,flayer7,12.1267,8.5469,-0.29155,0.0706995,2
94368,bullet3,11.8669,4.66801,0.8,0,1
94369,bullet2,15.8376,4.0262,0.8,0,1
94371,player,2.85557,4.71959,-0.00126109,-0.0294925,1
94371,bullet5,3.25557,4.71959,0.8,0,1
94372,flayer8,12,7.4864,-0.3,0,2
94372,bullet1,15.8654,4.63447,0.8,0,1
94372,bullet4,7.2797,5.28391,0.8,0,1
94373,flayer7,10.669,8.9004,-0.29155,0.0706995,2
94373,bullet3,15.8669,4.66801,0.8,0,1
94374,bullet6,3.25463,4.13994,0.8,0,1
94376,player,2.85456,4.58296,-2.32706e-05,0.137491,1
94376,bullet5,7.25557,4.71959,0.8,0,1
94377,flayer8,10.5,7.4864,-0.3,0,2
94377,bullet4,11.2797,5.28391,0.8,0,1
94378,flayer7,9.21124,9.2539,-0.29155,0.0706995,2
94379,bullet6,7.25464,4.13994,0.8,0,1
94381,player,2.62998,4.24294,-0.475536,-0.196928,1
94381,bullet5,11.2556,4.71959,0.8,0,1
94382,flayer8,9,7.4864,-0.3,0,2
94382,bullet4,15.2797,5.28391,0.8,0,1
94383,flayer7,7.75348,9.60739,-0.29155,0.0706995,2
94384,bullet6,11.2546,4.13994,0.8,0,1
94384,bullet2,3.16573,3.60713,0.8,0,1
94386,player,2.83656,3.49632,0.0219797,-0.0343885,1
94386,bullet5,15.2556,4.71959,0.8,0,1
94386,bullet1,3.23656,3.49632,0.8,0,1
94387,flayer8,7.5,7.4864,-0.3,0,2
94388,flayer7,6.29573,9.96089,-0.29155,0.0706995,2
94389,bullet6,15.2546,4.13994,0.8,0,1
94389,bullet2,7.16573,3.60713,0.8,0,1
94391,player,2.36483,3.5678,-0.151469,-0.121755,1
94391,bullet1,7.23656,3.49632,0.8,0,1
94391,bullet3,2.76483,3.5678,0.8,0,1
94392,flayer8,5.99999,7.4864,-0.3,0,2
94393,flayer7,4.83798,10.3144,-0.29155,0.0706995,2
94393,bullet4,2.666,3.48836,0.8,0,1
94394,bullet2,11.1657,3.60713,0.8,0,1
94396,player,1.90569,3.13252,-0.340295,-0.339747,1
94396,bullet1,11.2366,3.49632,0.8,0,1
94396,bullet3,6.76483,3.5678,0.8,0,1
94397,flayer8,4.49999,7.4864,-0.3,0,2
94398,flayer7,3.38023,10.6679,-0.29155,0.0706995,2
94398,bullet4,6.666,3.48836,0.8,0,1
94399,bullet2,15.1657,3.60713,0.8,0,1
94401,player,0.585311,3.34905,-0.226498,0.145606,1
94401,bullet1,15.2366,3.49632,0.8,0,1
94401,bullet3,10.7648,3.5678,0.8,0,1
94402,flayer8,2.99999,7.4864,-0.3,0,2
94403,flayer7,1.92248,11.0214,-0.29155,0.0706995,2
94403,bullet4,10.666,3.48836,0.8,0,1
94406,player,0.4,2.31979,-0,-0.0964116,1
94406,bullet3,14.7648,3.5678,0.8,0,1
94407,flayer8,1.49999,7.4864,-0.3,0,2
94408,flayer7,0.464726,11.3749,-0.29155,0.0706995,2
94408,bullet4,14.666,3.48836,0.8,0,1
94409,flyer1,16.5,7.4864,-0.3,0,2
94409,bullet5,0.8,1.69038,0.8,0,1
94410,bullet6,0.8,1.65567,0.8,0,1
94411,player,0.4,1.64006,0,-0.0156187,1
94412,flayer8,-6.4373e-06,7.4864,-0.3,0,2
94414,flyer1,15,7.4864,-0.3,0,2
94414,flyer2,16.5,4.59039,-0.3,0,2
94414,bullet5,4.8,1.69038,0.8,0,1
94414,bullet2,0.8,2.18616,0.8,0,1
94415,bullet6,4.8,1.65567,0.8,0,1
94416,player,0.7375,2.56732,0.3375,0.351051,1
94417,bullet1,1.28938,2.7253,0.8,0,1
94419,flyer1,13.5,7.4864,-0.3,0,2
94419,flyer2,15,4.59039,-0.3,0,2
94419,bullet5,8.8,1.69038,0.8,0,1
94419,bullet2,4.8,2.18616,0.8,0,1
94420,bullet6,8.8,1.65567,0.8,0,1
94421,player,0.940197,2.91759,0.0897591,-0.0770534,1
94422,bullet1,5.28938,2.7253,0.8,0,1
94424,flyer1,12,7.4864,-0.3,0,2
94424,flyer2,13.5,4.59039,-0.3,0,2
94424,bullet5,12.8,1.69038,0.8,0,1
94424,bullet2,8.8,2.18616,0.8,0,1
94425,bullet6,12.8,1.65567,0.8,0,1
94426,player,0.4,3.79552,-0,0.349918,1
94427,bullet1,9.28938,2.7253,0.8,0,1
94429,flyer1,10.5,7.4864,-0.3,0,2
94429,flyer2,12,4.59039,-0.3,0,2
94429,bullet2,12.8,2.18616,0.8,0,1
94429,bullet3,0.8,3.49801,0.8,0,1
94431,player,0.4,3.9636,0,0.144492,1
94432,bullet1,13.2894,2.7253,0.8,0,1
94433,bullet4,0.8,4.54726,0.8,0,1
94434,flyer1,9,7.4864,-0.3,0,2
94434,flyer2,10.5,4.59039,-0.3,0,2
94434,bullet3,4.8,3.49801,0.8,0,1
94436,player,0.4,4.68195,0,0.0165059,1
94438,bullet4,4.8,4.54726,0.8,0,1
94439,flyer1,7.5,7.4864,-0.3,0,2
94439,flyer2,9,4.59039,-0.3,0,2
94439,bullet3,8.8,3.49801,0.8,0,1
94441,player,2.04941,4.62686,0.234058,0.0838358,1
94444,flyer1,5.99999,7.4864,-0.3,0,2
94444,flyer2,7.5,4.59039,-0.3,0,1
94444,bullet3,12.8,3.49801,0.8,0,1
94445,bullet5,3.19078,4.69264,0.8,0,1
94446,player,2.82585,4.69419,0.0350737,0.00154701,1
94446,bullet6,3.22585,4.69419,0.8,0,1
94449,flyer1,4.49999,7.4864,-0.3,0,2
94449,bullet3,16.8,3.49801,0.8,0,1
94450,bullet2,3.74274,5.18478,0.8,0,1
94451,player,3.41174,5.25315,0.068991,0.0683723,1
94451,bullet6,7.22585,4.69419,0.8,0,1
94454,flyer1,2.99999,7.4864,-0.3,0,2
94454,flyer3,16.5,4.59039,-0.248053,0.168729,2
94455,bullet2,7.74275,5.18478,0.8,0,1
94455,bullet1,2.4774,4.16061,-0.8,-6.99382e-08,1
94456,player,2.86483,4.45477,-0.0125665,0.294167,1
94456,bullet6,11.2259,4.69419,0.8,0,1
94458,bullet4,3.25663,4.64672,0.8,0,1
94459,flyer1,1.49999,7.4864,-0.3,0,2
94459,flyer3,15.2597,5.43404,-0.248053,0.168729,2
94460,bullet2,11.7427,5.18478,0.8,0,1
94460,bullet5,3.25497,4.68559,0.8,0,1
94461,player,2.85474,4.69101,-0.000231888,0.00542822,1
94461,bullet6,15.2259,4.69419,0.8,0,1
94463,bullet4,7.25663,4.64672,0.8,0,1
94464,flyer1,-6.4373e-06,7.4864,-0.3,0,2
94464,flyer3,14.0195,6.27769,-0.248053,0.168729,2
94465,bullet2,15.7427,5.18478,0.8,0,1
94465,bullet5,7.25497,4.68559,0.8,0,1
94466,player,2.26608,4.69537,-0.030759,0.000100166,1
94466,bullet3,2.66608,4.69537,0.8,0,1
94468,bullet4,11.2566,4.64672,0.8,0,1
94469,flyer3,12.7792,7.12133,-0.248053,0.168729,2
94470,bullet5,11.255,4.68559,0.8,0,1
94471,player,1.752,4.69546,-0.152443,1.84834e-06,1
94471,bullet3,6.66608,4.69537,0.8,0,1
94472,bullet1,2.0834,4.69546,0.8,0,1
94473,bullet4,15.2566,4.64672,0.8,0,1
94474,flyer3,11.5389,7.96498,-0.248053,0.168729,2
94475,bullet5,15.255,4.68559,0.8,0,1
94476,player,1.4777,5.52233,0.182812,0.489375,1
94476,bullet3,10.6661,4.69537,0.8,0,1
94477,flyer4,16.5,4.59039,-0.270584,-0.129554,2
94477,bullet1,6.0834,4.69546,0.8,0,1
94478,bullet6,1.99699,5.84165,0.8,0,1
94479,flyer3,10.2987,8.80863,-0.248053,0.168729,2
94479,bullet2,2.01364,5.88624,0.8,0,1
94481,player,1.28701,5.57784,-0.334127,-0.32847,1
94482,flyer4,15.1471,3.94262,-0.270584,-0.129554,1
94482,bullet1,10.0834,4.69546,0.8,0,1
94483,bullet6,5.99699,5.84165,0.8,0,1
94484,flyer3,9.0584,9.65227,-0.248053,0.168729,2
94484,bullet2,6.01365,5.88624,0.8,0,1
94486,player,0.974089,4.75633,0.0483386,-0.0744049,1
94486,bullet4,1.37409,4.75633,0.8,0,1
94487,flyer4,13.7942,3.29485,-0.270584,-0.129554,1
94487,bullet1,14.0834,4.69546,0.8,0,1
94488,bullet6,9.99699,5.84165,0.8,0,1
94489,flyer3,7.81813,10.4959,-0.248053,0.168729,2
94489,bullet2,10.0136,5.88624,0.8,0,1
94491,player,0.675409,4.69658,-0.336608,-0.00137298,1
94491,bullet4,5.37409,4.75633,0.8,0,1
94492,flyer4,12.4412,2.64708,-0.270584,-0.129554,1
94492,bullet5,0.923936,4.69596,0.8,0,1
94493,bullet6,13.997,5.84165,0.8,0,1
94494,flyer3,6.57786,11.3396,-0.248053,0.168729,2
94494,bullet2,14.0136,5.88624,0.8,0,1
94496,player,0.405085,4.69547,-0.00621136,-2.53353e-05,1
94496,bullet4,9.37409,4.75633,0.8,0,1
94497,flyer4,11.0883,1.99931,-0.270584,-0.129554,1
94497,bullet5,4.92394,4.69596,0.8,0,1
94498,bullet3,0.801032,4.69545,0.8,0,1
94499,flyer3,5.3376,12.1832,-0.248053,0.168729,2
94499,bullet1,0.800466,4.69545,0.8,0,1
94501,player,0.737596,4.35795,0.337385,-0.3375,1
94501,bullet4,13.3741,4.75633,0.8,0,1
94502,flyer4,9.7354,1.35154,-0.270584,-0.129554,1
94502,bullet5,8.92394,4.69596,0.8,0,1
94503,bullet3,4.80103,4.69545,0.8,0,1
94504,flyer3,4.09733,13.0268,-0.248053,0.168729,2
94504,bullet1,4.80047,4.69545,0.8,0,1
94505,bullet6,1.40232,4.58251,0.8,0,1
94506,player,1.00855,4.64463,0.00622571,0.0621159,1
94507,flyer4,8.38248,0.703767,-0.270584,-0.129554,1
94507,bullet5,12.9239,4.69596,0.8,0,1
94508,bullet3,8.80103,4.69545,0.8,0,1
94509,flyer3,2.85707,13.8705,-0.248053,0.168729,2
94509,bullet1,8.80047,4.69545,0.8,0,1
94510,bullet6,5.40232,4.58251,0.8,0,1
94511,player,0.425072,4.10604,-0.0306398,-0.0296085,1
94512,flyer4,7.02956,0.055995,-0.270584,-0.129554,1
94513,bullet3,12.801,4.69545,0.8,0,1
94514,flyer3,1.6168,14.7141,-0.248053,0.168729,2
94514,bullet1,12.8005,4.69545,0.8,0,1
94515,bullet6,9.40232,4.58251,0.8,0,1
94515,bullet2,0.8,4.57219,0.8,0,1
94516,player,0.4,4.63998,0,0.0677974,1
94519,flyer3,0.376532,15.5578,-0.248053,0.168729,2
94519,flyer5,16.5,4.59039,-0.3,0,2
94520,bullet6,13.4023,4.58251,0.8,0,1
94520,bullet2,4.8,4.57219,0.8,0,1
94521,player,0.836599,4.20505,0.21638,-0.150624,1
94523,flyer6,16.5,6.25246,-0.298149,0.0332704,2
94523,bullet4,1.37779,4.10677,0.8,0,1
94524,flyer5,15,4.59039,-0.3,0,1
94525,bullet2,8.8,4.57219,0.8,0,1
94526,player,1.01037,4.08409,0.00399281,-0.00277944,1
94527,bullet5,1.41217,4.08284,0.8,0,1
94528,flyer6,15.0093,6.41881,-0.298149,0.0332704,2
94528,bullet4,5.37779,4.10677,0.8,0,1
94528,bullet3,1.41298,4.08228,0.8,0,1
94529,flyer5,13.5,4.59039,-0.3,0,1
94531,player,0.524202,4.41936,-0.151801,0.337449,1
94532,bullet5,5.41217,4.08284,0.8,0,1
94533,flyer6,13.5185,6.58516,-0.298149,0.0332704,2
94533,bullet4,9.37779,4.10677,0.8,0,1
94533,bullet3,5.41298,4.08228,0.8,0,1
94536,player,0.402292,4.72111,-0.00280116,-0.0313622,1
94536,bullet1,0.802292,4.72111,0.8,0,1
94537,bullet5,9.41217,4.08284,0.8,0,1
94538,flyer6,12.0278,6.75151,-0.298149,0.0332704,2
94538,bullet4,13.3778,4.10677,0.8,0,1
94538,bullet3,9.41298,4.08228,0.8,0,1
94541,player,0.400043,4.69593,-5.16893e-05,-0.00057872,1
94541,bullet1,4.80229,4.72111,0.8,0,1
94542,bullet5,13.4122,4.08284,0.8,0,1
94543,flyer6,10.537,6.91786,-0.298149,0.0332704,2
94543,bullet3,13.413,4.08228,0.8,0,1
94543,bullet6,0.800009,4.69555,0.8,0,1
94546,player,0.400001,4.69546,-9.53813e-07,-1.0679e-05,1
94546,bullet1,8.80229,4.72111,0.8,0,1
94546,bullet2,0.800001,4.69546,0.8,0,1
94548,flyer6,9.04627,7.08421,-0.298149,0.0332704,2
94548,bullet6,4.80001,4.69555,0.8,0,1
94551,player,1.00231,5.14023,0.0138396,0.206379,1
94551,bullet1,12.8023,4.72111,0.8,0,1
94551,bullet2,4.8,4.69546,0.8,0,1
94552,bullet4,1.40854,5.23311,0.8,0,1
94553,flyer6,7.55553,7.25057,-0.298149,0.0332704,2
94553,bullet6,8.80001,4.69555,0.8,0,1
94556,player,0.455709,5.86369,-0.0680884,0.072152,1
94556,bullet2,8.8,4.69546,0.8,0,1
94556,bullet5,0.855709,5.86369,0.8,0,1
94557,bullet4,5.40854,5.23311,0.8,0,1
94558,flyer6,6.06478,7.41692,-0.298149,0.0332704,2
94558,bullet6,12.8,4.69555,0.8,0,1
94561,player,0.401028,5.92164,-0.00125642,0.00133141,1
94561,bullet2,12.8,4.69546,0.8,0,1
94561,bullet5,4.85571,5.86369,0.8,0,1
94562,bullet4,9.40854,5.23311,0.8,0,1
94563,flyer6,4.57403,7.58327,-0.298149,0.0332704,2
94563,bullet3,0.800208,5.9225,0.8,0,1
94566,player,0.889394,5.43333,0.151852,-0.15185,1
94566,bullet5,8.85571,5.86369,0.8,0,1
94566,bullet1,1.28939,5.43333,0.8,0,1
94567,bullet4,13.4085,5.23311,0.8,0,1
94568,flyer6,3.08328,7.74962,-0.298149,0.0332704,2
94568,bullet3,4.80021,5.9225,0.8,0,1
94571,player,1.01134,4.75366,0.00280209,-0.0711458,1
94571,bullet5,12.8557,5.86369,0.8,0,1
94571,bullet1,5.28939,5.43333,0.8,0,1
94572,bullet6,1.4126,4.72165,0.8,0,1
94573,flyer6,1.59254,7.91597,-0.298149,0.0332704,2
94573,bullet3,8.80021,5.9225,0.8,0,1
94576,player,0.676094,5.03403,-0.337448,0.336187,1
94576,bullet1,9.2894,5.43333,0.8,0,1
94577,bullet6,5.4126,4.72165,0.8,0,1
94578,flyer6,0.101789,8.08233,-0.298149,0.0332704,2
94578,bullet3,12.8002,5.9225,0.8,0,1
94581,player,0.4,5.30401,0,0.0062036,1
94581,flayer7,16.5,6.25246,-0.294584,0.0567466,2
94581,bullet1,13.2894,5.43333,0.8,0,1
94581,bullet2,0.8,5.30401,0.8,0,1
94582,bullet6,9.41261,4.72165,0.8,0,1
94582,bullet4,0.8,5.3068,0.8,0,1
94586,player,0.4,4.97149,0,-0.337386,1
94586,flayer7,15.0271,6.53619,-0.294584,0.0567466,1
94586,bullet2,4.8,5.30401,0.8,0,1
94587,bullet6,13.4126,4.72165,0.8,0,1
94587,bullet4,4.8,5.3068,0.8,0,1
94591,player,1.29522,4.40764,0.405844,-0.39823,1
94591,flayer7,13.5542,6.81992,-0.294584,0.0567466,1
94591,flayer8,16.5,6.25246,-0.258414,-0.152388,2
94591,bullet2,8.8,5.30401,0.8,0,1
94592,bullet4,8.8,5.3068,0.8,0,1
94594,bullet5,1.99701,4.11151,0.8,0,1
94595,bullet3,2.01366,4.09518,0.8,0,1
94596,player,1.62115,4.08783,0.00748896,-0.00734846,1
94596,flayer7,12.0812,7.10365,-0.294584,0.0567466,1
94596,flayer8,15.2079,5.49052,-0.258414,-0.152388,2
94596,bullet2,12.8,5.30401,0.8,0,1
94597,bullet4,12.8,5.3068,0.8,0,1
94598,bullet1,2.02603,4.57241,0.8,0,1
94599,bullet5,5.99701,4.11151,0.8,0,1
94600,bullet3,6.01366,4.09518,0.8,0,1
94600,bullet6,2.02702,4.67054,0.8,0,1
94601,player,1.62716,4.68424,0.000138192,0.013704,1
94601,flayer7,10.6083,7.38738,-0.294584,0.0567466,1
94603,bullet1,6.02603,4.57241,0.8,0,1
94604,bullet5,9.99701,4.11151,0.8,0,1
94605,bullet3,10.0137,4.09518,0.8,0,1
94605,bullet6,6.02702,4.67054,0.8,0,1
94606,player,1.62727,4.69525,2.55004e-06,0.000252877,1
94606,flayer7,9.13539,7.67112,-0.294584,0.0567466,1
94608,bullet1,10.026,4.57241,0.8,0,1
94609,bullet5,13.997,4.11151,0.8,0,1
94610,bullet3,14.0137,4.09518,0.8,0,1
94610,bullet6,10.027,4.67054,0.8,0,1
94611,player,1.62727,5.28392,4.70554e-08,0.0307594,1
94611,flayer7,7.66247,7.95485,-0.294584,0.0567466,1
94613,bullet1,14.026,4.57241,0.8,0,1
94613,bullet2,2.02727,5.30399,0.8,0,1
94615,bullet6,14.027,4.67054,0.8,0,1
94616,player,1.1379,5.798,-0.151875,0.152443,1
94616,flayer7,6.18955,8.23858,-0.294584,0.0567466,1
94616,flyer2,16.5,9.65649,-0.299645,0.0145915,2
94618,flyer1,16.5,6.25246,-0.276319,-0.116824,2
94618,bullet2,6.02727,5.30399,0.8,0,1
94620,bullet4,2.0072,6.47533,0.8,0,1
94621,player,1.61824,6.5089,0.0110371,0.0335677,1
94621,flayer7,4.71663,8.52232,-0.294584,0.0567466,1
94621,flyer2,15.0018,9.72945,-0.299645,0.0145915,2
94621,bullet5,2.01824,6.5089,0.8,0,1
94623,flyer1,15.1184,5.66833,-0.276319,-0.116824,2
94623,bullet2,10.0273,5.30399,0.8,0,1
94625,bullet4,6.0072,6.47533,0.8,0,1
94626,player,2.70495,6.43676,0.182833,0.12174,1
94626,flayer7,3.24371,8.80605,-0.294584,0.0567466,1
94626,flyer2,13.5036,9.8024,-0.299645,0.0145915,2
94626,bullet5,6.01824,6.5089,0.8,0,1
94628,flyer1,13.7368,5.08421,-0.276319,-0.116824,1
94630,bullet4,10.0072,6.47533,0.8,0,1
94631,player,3.70507,7.34756,-0.289532,0.508537,1
94631,flayer7,1.77079,9.08978,-0.294584,0.0567466,1
94631,flyer2,12.0053,9.87536,-0.299645,0.0145915,2
94631,bullet5,10.0182,6.5089,0.8,0,1
94633,flyer1,12.3552,4.50009,-0.276319,-0.116824,1
94633,bullet3,3.91615,7.67938,0.8,0,1
94634,bullet1,3.88977,7.72572,0.8,0,1
94635,bullet4,14.0072,6.47533,0.8,0,1
94636,player,3.47255,7.75596,-0.00534268,0.00938393,1
94636,flayer7,0.297866,9.37351,-0.294584,0.0567466,1
94636,flyer2,10.5071,9.94831,-0.299645,0.0145915,2
94636,bullet5,14.0182,6.5089,0.8,0,1
94638,flyer1,10.9736,3.91597,-0.276319,-0.116824,1
94638,bullet3,7.91615,7.67938,0.8,0,1
94639,bullet1,7.88977,7.72572,0.8,0,1
94640,bullet6,3.86836,7.27395,0.8,0,1
94641,player,3.46826,7.20578,-9.85874e-05,-0.0681706,1
94641,flyer2,9.00889,10.0213,-0.299645,0.0145915,2
94643,flyer1,9.59204,3.33185,-0.276319,-0.116824,1
94643,bullet3,11.9162,7.67938,0.8,0,1
94644,bullet1,11.8898,7.72572,0.8,0,1
94644,bullet2,3.31047,7.71281,0.8,0,1
94645,bullet6,7.86836,7.27395,0.8,0,1
94646,player,2.86587,7.75335,-0.0138414,0.0125817,1
94646,flyer2,7.51066,10.0942,-0.299645,0.0145915,2
94648,flyer1,8.21044,2.74773,-0.276319,-0.116824,1
94648,bullet3,15.9162,7.67938,0.8,0,1
94649,bullet1,15.8898,7.72572,0.8,0,1
94649,bullet2,7.31047,7.71281,0.8,0,1
94649,bullet4,3.25558,7.20498,0.8,0,1
94650,bullet6,11.8684,7.27395,0.8,0,1
94651,player,2.85475,6.67176,-0.000255413,-0.165482,1
94651,flyer2,6.01244,10.1672,-0.299645,0.0145915,2
94652,bullet5,3.25464,6.5973,0.8,0,1
94653,flyer1,6.82885,2.16361,-0.276319,-0.116824,1
94654,bullet2,11.3105,7.71281,0.8,0,1
94654,bullet4,7.25558,7.20498,0.8,0,1
94655,bullet6,15.8684,7.27395,0.8,0,1
94656,player,2.75545,6.04949,0.121116,-0.154929,1
94656,flyer2,4.51422,10.2401,-0.299645,0.0145915,2
94656,bullet3,3.15545,6.04949,0.8,0,1
94657,bullet5,7.25464,6.5973,0.8,0,1
94658,flyer1,5.44725,1.57948,-0.276319,-0.116824,1
94659,bullet2,15.3105,7.71281,0.8,0,1
94659,bullet4,11.2556,7.20498,0.8,0,1
94661,player,3.44119,6.51355,0.0329896,0.0278958,1
94661,flyer2,3.01599,10.3131,-0.299645,0.0145915,2
94661,bullet3,7.15545,6.04949,0.8,0,1
94662,bullet5,11.2546,6.5973,0.8,0,1
94662,bullet1,3.85604,6.5261,0.8,0,1
94663,flyer1,4.06566,0.995363,-0.276319,-0.116824,1
94664,bullet4,15.2556,7.20498,0.8,0,1
94666,player,3.21671,7.46192,0.307354,0.368769,1
94666,flyer2,1.51777,10.3861,-0.299645,0.0145915,2
94666,bullet3,11.1555,6.04949,0.8,0,1
94667,bullet5,15.2546,6.5973,0.8,0,1
94667,bullet1,7.85604,6.5261,0.8,0,1
94668,flyer1,2.68406,0.411242,-0.276319,-0.116824,1
94671,player,4.94723,8.68405,0.44227,0.37506,1
94671,flyer2,0.0195413,10.459,-0.299645,0.0145915,2
94671,bullet3,15.1555,6.04949,0.8,0,1
94672,bullet1,11.856,6.5261,0.8,0,1
94673,flyer1,1.30247,-0.17288,-0.276319,-0.116824,1
94673,flyer4,16.5,9.65649,-0.276093,0.117357,2
94673,bullet6,5.63582,8.92878,0.8,0,1
94675,bullet2,5.69425,8.97833,0.8,0,1
94676,player,5.30241,8.64776,0.00816112,-0.330579,1
94677,bullet1,15.856,6.5261,0.8,0,1
94678,flyer3,16.5,6.25246,-0.262832,0.144635,2
94678,flyer4,15.1195,10.2433,-0.276093,0.117357,2
94678,bullet6,9.63582,8.92878,0.8,0,1
94678,bullet4,5.70774,8.43205,0.8,0,1
94679,bullet5,5.70848,8.40193,0.8,0,1
94680,bullet2,9.69425,8.97833,0.8,0,1
94681,player,5.30897,8.38227,0.000150596,-0.00610011,1
94683,flyer3,15.1858,6.97563,-0.262832,0.144635,2
94683,flyer4,13.7391,10.8301,-0.276093,0.117357,2
94683,bullet6,13.6358,8.92878,0.8,0,1
94683,bullet4,9.70774,8.43205,0.8,0,1
94684,bullet5,9.70848,8.40193,0.8,0,1
94685,bullet2,13.6943,8.97833,0.8,0,1
94686,player,5.5739,7.43756,-0.323658,-0.351452,1
94688,flyer3,13.8717,7.69881,-0.262832,0.144635,1
94688,flyer4,12.3586,11.4168,-0.276093,0.117357,2
94689,bullet5,13.7085,8.40193,0.8,0,1
94691,player,4.71166,8.31534,-0.019812,0.0756981,1
94691,bullet3,5.11166,8.31534,0.8,0,1
94692,bullet1,5.10275,8.34941,0.8,0,1
94693,flyer4,10.9781,12.0036,-0.276093,0.117357,2
94694,bullet6,5.09693,8.37163,0.8,0,1
94696,player,4.35825,8.37613,-0.337866,0.00139684,1
94696,bullet3,9.11166,8.31534,0.8,0,1
94697,bullet1,9.10275,8.34941,0.8,0,1
94698,flyer4,9.59766,12.5904,-0.276093,0.117357,2
94699,bullet6,9.09693,8.37163,0.8,0,1
94701,player,3.74942,8.93498,-0.343735,0.0683695,1
94701,bullet3,13.1117,8.31534,0.8,0,1
94702,bullet1,13.1027,8.34941,0.8,0,1
94702,bullet4,3.99474,8.96574,0.8,0,1
94703,flyer4,8.2172,13.1772,-0.276093,0.117357,2
94704,bullet6,13.0969,8.37163,0.8,0,1
94706,player,2.91565,8.98988,-0.0746866,0.00126161,1
94707,flyer5,16.5,9.65649,-0.290784,0.0737865,2
94707,bullet4,7.99474,8.96574,0.8,0,1
94708,flyer4,6.83673,13.764,-0.276093,0.117357,2
94709,flyer6,16.5,9.65649,-0.295435,0.052134,2
94710,bullet2,2.11086,8.96011,0.8,0,1
94711,player,1.32738,9.31455,-0.383472,0.354438,1
94712,flyer5,15.0461,10.0254,-0.290784,0.0737865,2
94712,bullet4,11.9947,8.96574,0.8,0,1
94713,flyer4,5.45627,14.3508,-0.276093,0.117357,2
94713,bullet5,1.47717,9.54582,0.8,0,1
94714,flyer6,15.0228,9.91716,-0.295435,0.052134,2
94715,bullet2,6.11086,8.96011,0.8,0,1
94716,player,0.530049,9.75107,-0.158951,-0.179085,1
94717,flyer5,13.5922,10.3944,-0.290784,0.0737865,2
94717,bullet4,15.9947,8.96574,0.8,0,1
94718,flyer4,4.0758,14.9376,-0.276093,0.117357,2
94718,bullet5,5.47717,9.54582,0.8,0,1
94719,flyer6,13.5457,10.1778,-0.295435,0.052134,2
94720,bullet2,10.1109,8.96011,0.8,0,1
94721,player,0.889375,9.50815,0.151875,0.117816,1
94721,bullet3,1.28938,9.50815,0.8,0,1
94722,flyer5,12.1382,10.7633,-0.290784,0.0737865,2
94723,flyer4,2.69534,15.5244,-0.276093,0.117357,2
94723,bullet5,9.47717,9.54582,0.8,0,1
94724,flyer6,12.0685,10.4385,-0.295435,0.052134,2
94725,bullet2,14.1109,8.96011,0.8,0,1
94726,player,0.4,8.45658,0,-0.0969244,1
94726,bullet3,5.28938,9.50815,0.8,0,1
94726,bullet1,0.8,8.45658,0.8,0,1
94727,flyer5,10.6843,11.1322,-0.290784,0.0737865,2
94728,flyer4,1.31487,16.1111,-0.276093,0.117357,2
94728,bullet5,13.4772,9.54582,0.8,0,1
94729,flyer6,10.5913,10.6992,-0.295435,0.052134,2
94729,bullet6,0.8,8.94222,0.8,0,1
94731,player,0.4,8.98105,0,0.0120511,1
94731,bullet3,9.28938,9.50815,0.8,0,1
94731,bullet1,4.8,8.45658,0.8,0,1
94732,flyer5,9.23038,11.5012,-0.290784,0.0737865,2
94733,bullet4,0.8,8.98892,0.8,0,1
94734,flyer6,9.11413,10.9598,-0.295435,0.052134,2
94734,bullet6,4.8,8.94222,0.8,0,1
94736,player,0.4,8.43301,0,-0.0681214,1
94736,bullet3,13.2894,9.50815,0.8,0,1
94736,bullet1,8.8,8.45658,0.8,0,1
94737,flyer5,7.77646,11.8701,-0.290784,0.0737865,2
94738,bullet4,4.8,8.98892,0.8,0,1
94739,flyer6,7.63695,11.2205,-0.295435,0.052134,2
94739,bullet6,8.8,8.94222,0.8,0,1
94740,bullet2,1.28938,7.89019,0.8,0,1
94741,player,0.957719,7.82058,0.0683438,-0.0696008,1
94741,bullet1,12.8,8.45658,0.8,0,1
94742,flyer5,6.32253,12.239,-0.290784,0.0737865,2
94743,bullet4,8.8,8.98892,0.8,0,1
94744,flyer6,6.15977,11.4812,-0.295435,0.052134,2
94744,bullet6,12.8,8.94222,0.8,0,1
94745,bullet2,5.28938,7.89019,0.8,0,1
94746,player,0.98185,7.79544,0.0388502,-0.0388734,1
94746,bullet5,1.38185,7.79544,0.8,0,1
94747,flyer5,4.86861,12.608,-0.290784,0.0737865,2
94748,bullet4,12.8,8.98892,0.8,0,1
94749,flyer6,4.6826,11.7418,-0.295435,0.052134,2
94749,bullet3,1.41074,7.76654,0.8,0,1
94750,bullet2,9.28938,7.89019,0.8,0,1
94750,finish,20.0647,8,-0.2,0,1
94751,player,0.523675,7.76423,-0.151158,-0.000717323,1
94751,bullet5,5.38185,7.79544,0.8,0,1
94752,flyer5,3.41469,12.9769,-0.290784,0.0737865,2
94754,flyer6,3.20542,12.0025,-0.295435,0.052134,2
94754,bullet3,5.41074,7.76654,0.8,0,1
94754,bullet1,0.81127,7.76369,0.8,0,1
94755,bullet2,13.2894,7.89019,0.8,0,1
94755,finish,19.0647,8,-0.2,0,1
94756,player,0.4,7.76365,0,-1.32366e-05,1
94756,bullet5,9.38185,7.79544,0.8,0,1
94757,flyer5,1.96077,13.3458,-0.290784,0.0737865,2
94759,flyer6,1.72824,12.2632,-0.295435,0.052134,2
94759,bullet3,9.41074,7.76654,0.8,0,1
94759,bullet1,4.81127,7.76369,0.8,0,1
94760,finish,18.0647,8,-0.2,0,1
94760,bullet6,0.8,8.25302,0.8,0,1
94761,player,0.4,8.32136,0,0.0683435,1
94761,bullet5,13.3819,7.79544,0.8,0,1
94762,flyer5,0.506846,13.7148,-0.290784,0.0737865,2
94764,flyer6,0.251065,12.5238,-0.295435,0.052134,2
94764,bullet3,13.4107,7.76654,0.8,0,1
94764,bullet1,8.81127,7.76369,0.8,0,1
94765,finish,17.0647,8,-0.2,0,1
94765,bullet6,4.8,8.25302,0.8,0,1
94766,player,0.4,8.37625,0,0.00126113,1
94766,bullet4,0.8,8.37625,0.8,0,1
94769,bullet1,12.8113,7.76369,0.8,0,1
94769,bullet2,0.8,8.37719,0.8,0,1
94770,finish,16.0647,8,-0.2,0,1
94770,bullet6,8.8,8.25302,0.8,0,1
94771,player,0.4,8.03976,0,-0.337477,1
94771,bullet4,4.8,8.37625,0.8,0,1
94774,bullet2,4.8,8.37719,0.8,0,1
94774,bullet5,0.8,7.78881,0.8,0,1
94775,finish,15.0647,8,-0.2,0,1
94775,bullet6,12.8,8.25302,0.8,0,1
94776,player,0.4,7.76874,0,-0.00622739,1
94776,bullet4,8.8,8.37625,0.8,0,1
94779,bullet2,8.8,8.37719,0.8,0,1
94779,bullet5,4.8,7.78881,0.8,0,1
94780,finish,14.0647,8,-0.2,0,1
94780,bullet3,0.8,7.76386,0.8,0,1
94781,player,0.4,7.76374,0,-0.000114913,1
94781,bullet4,12.8,8.37625,0.8,0,1
94784,bullet2,12.8,8.37719,0.8,0,1
94784,bullet5,8.8,7.78881,0.8,0,1
94785,finish,13.0647,8,-0.2,0,1
94785,bullet3,4.8,7.76386,0.8,0,1
94786,player,0.4,8.02846,0,-0.323663,1
94789,flayer8,16.5,3.93275,-0.3,0,2
94789,bullet5,12.8,7.78881,0.8,0,1
94790,finish,12.0647,8,-0.2,0,1
94790,bullet3,8.8,7.76386,0.8,0,1
94791,player,0.957719,7.27916,0.0683438,-0.157847,1
94792,bullet1,1.38847,7.20813,0.8,0,1
94794,flayer8,15,3.93275,-0.3,0,2
94795,finish,11.0647,8,-0.2,0,1
94795,bullet3,12.8,7.76386,0.8,0,1
94795,bullet6,1.41134,7.15531,0.8,0,1
94796,player,0.675105,7.15239,-0.336239,-0.00291273,1
94797,bullet1,5.38847,7.20813,0.8,0,1
94799,flayer8,13.5,3.93275,-0.3,0,2
94800,finish,10.0647,8,-0.2,0,1
94800,bullet6,5.41134,7.15531,0.8,0,1
