243618,player,1.52954,14.4816,0,0.3375,1
243620,bullet1,1.92954,14.7018,0.8,0,1
243621,bullet2,1.92954,14.7326,0.8,0,1
243623,player,1.52954,14.7526,0,0.00622782,1
243625,bullet1,5.92954,14.7018,0.8,0,1
243626,bullet2,5.92954,14.7326,0.8,0,1
243627,bullet3,2.51801,14.7575,0.8,0,1
243628,player,2.13185,14.7576,0.0138396,0.000114921,1
243630,bullet1,9.92954,14.7018,0.8,0,1
243630,bullet4,2.54088,14.7577,0.8,0,1
243631,bullet2,9.92954,14.7326,0.8,0,1
243632,bullet3,6.51802,14.7575,0.8,0,1
243633,player,1.58525,15.3154,-0.0680884,0.0683459,1
243635,bullet1,13.9295,14.7018,0.8,0,1
243635,bullet4,6.54089,14.7577,0.8,0,1
243636,bullet2,13.9295,14.7326,0.8,0,1
243637,bullet3,10.518,14.7575,0.8,0,1
243638,player,1.53057,15.6,-0.00125642,0,1
243640,flyer1,16.5,6.05126,-0.296164,-0.0478227,2
243640,bullet4,10.5409,14.7577,0.8,0,1
243641,bullet5,1.92963,15.1106,0.8,0,1
243642,bullet3,14.518,14.7575,0.8,0,1
243643,player,1.86706,14.674,0.337477,-0.368255,1
243645,flyer1,15.0192,5.81215,-0.296164,-0.0478227,2
243645,flyer2,16.5,6.05126,-0.289854,0.0773603,2
243645,bullet4,14.5409,14.7577,0.8,0,1
243645,bullet6,2.48726,14.4337,0.8,0,1
243646,bullet5,5.92964,15.1106,0.8,0,1
243648,player,2.62746,14.8677,0.158102,0.14508,1
243648,bullet1,3.02746,14.8677,0.8,0,1
243650,flyer1,13.5384,5.57303,-0.296164,-0.0478227,2
243650,flyer2,15.0507,6.43806,-0.289854,0.0773603,2
243650,bullet6,6.48726,14.4337,0.8,0,1
243651,bullet5,9.92964,15.1106,0.8,0,1
243651,bullet2,3.6344,15.4649,0.8,0,1
243653,player,3.3429,15.5726,0.0336721,0.0334318,1
243653,bullet1,7.02746,14.8677,0.8,0,1
243655,flyer1,12.0575,5.33392,-0.296164,-0.0478227,2
243655,flyer2,13.6015,6.82486,-0.289854,0.0773603,2
243655,bullet6,10.4873,14.4337,0.8,0,1
243656,bullet5,13.9296,15.1106,0.8,0,1
243656,bullet2,7.6344,15.4649,0.8,0,1
243658,player,3.36994,15.5995,0.000621345,0.000616911,1
243658,bullet1,11.0275,14.8677,0.8,0,1
243660,flyer1,10.5767,5.0948,-0.296164,-0.0478227,2
243660,flyer2,12.1522,7.21166,-0.289854,0.0773603,2
243660,bullet6,14.4873,14.4337,0.8,0,1
243661,bullet2,11.6344,15.4649,0.8,0,1
243663,player,3.46954,15.1106,-0.121109,-0.151864,1
243663,bullet1,15.0275,14.8677,0.8,0,1
243665,flyer1,9.09591,4.85569,-0.296164,-0.0478227,2
243665,flyer2,10.7029,7.59846,-0.289854,0.0773603,2
243665,flyer3,16.5,6.05126,-0.3,0,2
243666,bullet2,15.6344,15.4649,0.8,0,1
243667,flyer4,16.5,6.05126,-0.295831,-0.0498407,2
243668,player,3.86165,13.9108,0.14964,-0.185432,1
243670,flyer1,7.61509,4.61657,-0.296164,-0.0478227,2
243670,flyer2,9.25365,7.98527,-0.289854,0.0773603,2
243670,flyer3,15,6.05126,-0.3,0,2
243671,bullet3,4.93065,13.2152,0.8,0,1
243672,flyer4,15.0208,5.80206,-0.295831,-0.0498407,2
243672,bullet4,4.96754,13.1768,0.8,0,1
243673,player,4.58414,13.1596,0.0166009,-0.0172614,1
243674,bullet5,4.99161,13.1518,0.8,0,1
243675,flyer1,6.13428,4.37746,-0.296164,-0.0478227,2
243675,flyer2,7.80438,8.37207,-0.289854,0.0773603,2
243675,flyer3,13.5,6.05126,-0.3,0,2
243676,bullet3,8.93065,13.2152,0.8,0,1
243677,flyer4,13.5417,5.55286,-0.295831,-0.0498407,2
243677,bullet4,8.96754,13.1768,0.8,0,1
243678,player,4.37725,12.2505,0.269463,-0.406162,1
243679,bullet5,8.99161,13.1518,0.8,0,1
243679,bullet6,4.89851,12.0677,0.8,0,1
243680,flyer1,4.65346,4.13834,-0.296164,-0.0478227,2
243680,flyer2,6.35511,8.75887,-0.289854,0.0773603,2
243680,flyer3,12,6.05126,-0.3,0,2
243681,bullet3,12.9306,13.2152,0.8,0,1
243682,flyer4,12.0625,5.30366,-0.295831,-0.0498407,2
243682,bullet4,12.9675,13.1768,0.8,0,1
243683,player,5.08303,11.4349,0.156847,-0.15937,1
243684,bullet5,12.9916,13.1518,0.8,0,1
243684,bullet6,8.89851,12.0677,0.8,0,1
243685,flyer1,3.17264,3.89923,-0.296164,-0.0478227,2
243685,flyer2,4.90584,9.14567,-0.289854,0.0773603,2
243685,flyer3,10.5,6.05126,-0.3,0,2
243687,flyer4,10.5834,5.05445,-0.295831,-0.0498407,2
243687,bullet1,5.60609,11.3099,0.8,0,1
243688,player,5.20899,11.307,0.00289427,-0.00294082,1
243689,bullet6,12.8985,12.0677,0.8,0,1
243689,bullet2,5.61029,11.3056,0.8,0,1
243690,flyer1,1.69182,3.66012,-0.296164,-0.0478227,2
243690,flyer2,3.45657,9.53247,-0.289854,0.0773603,2
243690,flyer3,9,6.05126,-0.3,0,2
243692,flyer4,9.10423,4.80525,-0.295831,-0.0498407,2
243692,bullet1,9.60609,11.3099,0.8,0,1
243692,bullet3,6.10063,11.794,0.8,0,1
243693,player,5.76903,11.8623,0.0683972,0.0682895,1
243694,bullet2,9.61029,11.3056,0.8,0,1
243694,bullet4,6.19981,11.893,0.8,0,1
243695,flyer1,0.211001,3.421,-0.296164,-0.0478227,2
243695,flyer2,2.0073,9.91927,-0.289854,0.0773603,2
243695,flyer3,7.5,6.05126,-0.3,0,2
243697,flyer4,7.62508,4.55605,-0.295831,-0.0498407,2
243697,bullet1,13.6061,11.3099,0.8,0,1
243697,bullet3,10.1006,11.794,0.8,0,1
243698,player,5.82396,11.3287,0.00126212,-0.0294946,1
243699,bullet2,13.6103,11.3056,0.8,0,1
243699,bullet4,10.1998,11.893,0.8,0,1
243700,flyer2,0.558027,10.3061,-0.289854,0.0773603,2
243700,flyer3,5.99999,6.05126,-0.3,0,2
243702,flyer4,6.14592,4.30685,-0.295831,-0.0498407,2
243702,bullet3,14.1006,11.794,0.8,0,1
243702,bullet5,6.71432,10.8162,0.8,0,1
243703,player,6.38269,10.7473,0.068367,-0.068888,1
243704,bullet4,14.1998,11.893,0.8,0,1
243704,bullet6,6.81346,10.7163,0.8,0,1
243705,flyer3,4.49999,6.05126,-0.3,0,2
243706,bullet1,6.83353,10.696,0.8,0,1
243707,flyer4,4.66677,4.05764,-0.295831,-0.0498407,2
243707,bullet5,10.7143,10.8162,0.8,0,1
243708,player,6.43759,10.3544,0.00126156,-0.338771,1
243709,bullet6,10.8135,10.7163,0.8,0,1
243710,flyer3,2.99999,6.05126,-0.3,0,2
243711,bullet1,10.8335,10.696,0.8,0,1
243712,flyer4,3.18762,3.80844,-0.295831,-0.0498407,2
243712,bullet5,14.7143,10.8162,0.8,0,1
243713,player,5.27857,10.127,-0.0821601,-0.0607554,1
243713,bullet2,5.67857,10.127,0.8,0,1
243714,bullet6,14.8135,10.7163,0.8,0,1
243715,flyer3,1.49999,6.05126,-0.3,0,2
243715,bullet3,5.62496,10.0873,0.8,0,1
243716,bullet1,14.8335,10.696,0.8,0,1
243716,bullet4,4.81748,10.0818,-0.8,-6.99382e-08,1
243717,flyer4,1.70846,3.55924,-0.295831,-0.0498407,2
243718,player,5.21259,10.0782,-0.00151608,-0.00112111,1
243718,bullet2,9.67857,10.127,0.8,0,1
243718,bullet5,5.61259,10.0782,0.8,0,1
243720,flyer3,-6.4373e-06,6.05126,-0.3,0,2
243720,bullet3,9.62496,10.0873,0.8,0,1
243721,bullet4,0.817478,10.0818,-0.8,-6.99382e-08,1
243722,flyer4,0.229306,3.31003,-0.295831,-0.0498407,2
243723,player,5.54888,10.5667,0.337472,0.151854,1
243723,bullet2,13.6786,10.127,0.8,0,1
243723,bullet5,9.61259,10.0782,0.8,0,1
243725,flyer5,16.5,15.2186,-0.291064,-0.0726774,2
243725,bullet3,13.625,10.0873,0.8,0,1
243726,bullet6,6.6892,10.6796,0.8,0,1
243728,player,6.07087,11.0261,-0.300518,0.340302,1
243728,bullet5,13.6126,10.0782,0.8,0,1
243729,flyer6,16.5,15.2186,-0.3,0,2
243729,bullet1,6.33563,11.1793,0.8,0,1
243730,flyer5,15.0447,14.8552,-0.291064,-0.0726774,2
243731,bullet6,10.6892,10.6796,0.8,0,1
243733,player,5.82953,11.2994,-0.0055454,0.00627953,1
243733,bullet4,6.22953,11.2994,0.8,0,1
243734,flyer6,15,15.2186,-0.3,0,2
243734,bullet1,10.3356,11.1793,0.8,0,1
243735,flyer5,13.5894,14.4918,-0.291064,-0.0726774,2
243736,bullet6,14.6892,10.6796,0.8,0,1
243738,player,4.67888,10.9362,-0.0992008,-0.299795,1
243738,bullet4,10.2295,11.2994,0.8,0,1
243739,flyer6,13.5,15.2186,-0.3,0,2
243739,bullet1,14.3356,11.1793,0.8,0,1
243739,bullet2,5.03425,10.8013,0.8,0,1
243740,flyer5,12.1341,14.1284,-0.291064,-0.0726774,2
243743,player,4.59922,10.1377,-0.00183053,-0.0738758,1
243743,bullet4,14.2295,11.2994,0.8,0,1
243743,bullet3,4.99922,10.1377,0.8,0,1
243744,flyer6,12,15.2186,-0.3,0,2
243744,bullet2,9.03425,10.8013,0.8,0,1
243745,flyer5,10.6787,13.765,-0.291064,-0.0726774,2
243747,bullet5,5.5555,10.6375,0.8,0,1
243748,player,4.84872,10.6669,-0.306779,0.0293915,1
243748,bullet3,8.99922,10.1377,0.8,0,1
243749,flyer6,10.5,15.2186,-0.3,0,2
243749,bullet2,13.0342,10.8013,0.8,0,1
243750,flyer5,9.22342,13.4016,-0.291064,-0.0726774,2
243752,bullet5,9.5555,10.6375,0.8,0,1
243753,player,5.19082,10.102,0.0250937,-0.0302123,1
243753,bullet3,12.9992,10.1377,0.8,0,1
243754,flyer6,9,15.2186,-0.3,0,2
243755,flyer5,7.7681,13.0382,-0.291064,-0.0726774,2
243755,bullet6,5.6072,10.5717,0.8,0,1
243757,bullet5,13.5555,10.6375,0.8,0,1
243758,player,5.70035,11.1694,0.152338,0.165157,1
243759,flyer6,7.5,15.2186,-0.3,0,2
243759,bullet1,6.1689,11.2437,0.8,0,1
243760,flyer5,6.31278,12.6748,-0.291064,-0.0726774,2
243760,bullet6,9.6072,10.5717,0.8,0,1
243763,player,6.86979,11.3704,0.22303,-0.0804836,1
243764,flyer6,5.99999,15.2186,-0.3,0,2
243764,bullet1,10.1689,11.2437,0.8,0,1
243765,flyer5,4.85746,12.3115,-0.291064,-0.0726774,2
243765,bullet6,13.6072,10.5717,0.8,0,1
243765,bullet4,6.92594,11.8073,0.8,0,1
243768,player,6.44658,11.9081,-0.00972408,0.0123545,1
243768,bullet2,6.84658,11.9081,0.8,0,1
243769,flyer6,4.49999,15.2186,-0.3,0,2
243769,bullet1,14.1689,11.2437,0.8,0,1
243770,flyer5,3.40214,11.9481,-0.291064,-0.0726774,2
243770,bullet4,10.9259,11.8073,0.8,0,1
243771,bullet3,6.83935,11.3595,0.8,0,1
243773,player,6.92815,10.8263,0.151696,-0.165487,1
243773,bullet2,10.8466,11.9081,0.8,0,1
243774,flyer6,2.99999,15.2186,-0.3,0,2
243775,flyer5,1.94683,11.5847,-0.291064,-0.0726774,2
243775,bullet4,14.9259,11.8073,0.8,0,1
243775,bullet5,7.42713,10.7183,0.8,0,1
243776,bullet3,10.8394,11.3595,0.8,0,1
243778,player,7.04997,11.2511,0.00279921,0.0652901,1
243778,bullet2,14.8466,11.9081,0.8,0,1
243778,bullet6,7.44997,11.2511,0.8,0,1
243779,flyer6,1.49999,15.2186,-0.3,0,2
243780,flyer5,0.491509,11.2213,-0.291064,-0.0726774,2
243780,bullet5,11.4271,10.7183,0.8,0,1
243781,bullet3,14.8394,11.3595,0.8,0,1
243782,bullet1,7.45217,11.3024,0.8,0,1
243783,player,7.05222,11.3036,5.16533e-05,0.00120479,1
243783,bullet6,11.45,11.2511,0.8,0,1
243783,bullet4,7.45222,11.3036,0.8,0,1
243784,flyer6,-6.4373e-06,15.2186,-0.3,0,2
243785,bullet5,15.4271,10.7183,0.8,0,1
243787,flayer7,16.5,4.23101,-0.290592,0.0745423,2
243787,bullet1,11.4522,11.3024,0.8,0,1
243788,player,6.24357,11.6728,0.238403,0.299933,1
243788,bullet6,15.45,11.2511,0.8,0,1
243788,bullet4,11.4522,11.3036,0.8,0,1
243790,flayer8,16.5,2.48039,-0.297699,0.0370838,2
243790,bullet2,6.79913,11.8685,0.8,0,1
243792,flayer7,15.047,4.60372,-0.290592,0.0745423,2
243792,bullet1,15.4522,11.3024,0.8,0,1
243792,bullet3,6.83063,11.9081,0.8,0,1
243793,player,6.43502,11.9137,0.0043992,0.00553461,1
243793,bullet4,15.4522,11.3036,0.8,0,1
243795,flayer8,15.0115,2.66581,-0.297699,0.0370838,2
243795,bullet2,10.7991,11.8685,0.8,0,1
243796,bullet5,6.34892,11.4284,0.8,0,1
243797,flayer7,13.5941,4.97643,-0.290592,0.0745423,2
243797,bullet3,10.8306,11.9081,0.8,0,1
243798,player,5.85008,11.3296,-0.0306735,-0.0306526,1
243798,bullet6,6.25008,11.3296,0.8,0,1
243800,flayer8,13.523,2.85123,-0.297699,0.0370838,2
243800,bullet2,14.7991,11.8685,0.8,0,1
243801,bullet5,10.3489,11.4284,0.8,0,1
243802,flayer7,12.1411,5.34915,-0.290592,0.0745423,2
243802,bullet3,14.8306,11.9081,0.8,0,1
243803,player,5.48795,11.305,-0.338066,-0.000565626,1
243803,bullet6,10.2501,11.3296,0.8,0,1
243805,flayer8,12.0345,3.03665,-0.297699,0.0370838,2
243806,bullet5,14.3489,11.4284,0.8,0,1
243807,flayer7,10.6882,5.72186,-0.290592,0.0745423,2
243808,player,5.11736,12.3824,0.114882,0.182619,1
243808,bullet6,14.2501,11.3296,0.8,0,1
243808,bullet1,5.51736,12.3824,0.8,0,1
243810,flayer8,10.546,3.22207,-0.297699,0.0370838,2
243811,flyer1,16.5,2.48039,-0.29121,-0.0720894,2
243812,flayer7,9.23522,6.09457,-0.290592,0.0745423,2
243813,player,5.20962,12.5291,0.0021199,0.00336984,1
243813,bullet1,9.51736,12.3824,0.8,0,1
243814,bullet4,5.61057,12.5306,0.8,0,1
243815,flayer8,9.05753,3.40749,-0.297699,0.0370838,2
243815,bullet2,5.611,12.5313,0.8,0,1
243816,flyer1,15.0439,2.11995,-0.29121,-0.0720894,2
243817,flayer7,7.78226,6.46729,-0.290592,0.0745423,2
243818,player,5.21132,12.5318,3.91181e-05,6.2183e-05,1
243818,bullet1,13.5174,12.3824,0.8,0,1
243818,bullet3,5.61132,12.5318,0.8,0,1
243819,bullet4,9.61057,12.5306,0.8,0,1
243820,flayer8,7.56903,3.59291,-0.297699,0.0370838,2
243820,bullet2,9.611,12.5313,0.8,0,1
243821,flyer1,13.5879,1.7595,-0.29121,-0.0720894,2
243822,flayer7,6.3293,6.84,-0.290592,0.0745423,2
243823,player,5.88201,12.4635,-0.0696909,0.0835324,1
243823,bullet3,9.61132,12.5318,0.8,0,1
243824,bullet4,13.6106,12.5306,0.8,0,1
243825,flayer8,6.08054,3.77833,-0.297699,0.0370838,2
243825,bullet2,13.611,12.5313,0.8,0,1
243825,bullet5,6.72591,13.0074,0.8,0,1
243826,flyer1,12.1318,1.39905,-0.29121,-0.0720894,2
243827,flayer7,4.87634,7.21271,-0.290592,0.0745423,2
243828,player,6.91772,13.1329,0.164429,0.015381,1
243828,bullet3,13.6113,12.5318,0.8,0,1
243830,flayer8,4.59204,3.96375,-0.297699,0.0370838,2
243830,bullet5,10.7259,13.0074,0.8,0,1
243831,flyer1,10.6758,1.03861,-0.29121,-0.0720894,2
243831,bullet6,7.44,12.5866,0.8,0,1
243832,flayer7,3.42339,7.58542,-0.290592,0.0745423,2
243833,player,7.53915,12.5429,0.154909,-0.0135558,1
243835,flayer8,3.10355,4.14917,-0.297699,0.0370838,2
243835,bullet5,14.7259,13.0074,0.8,0,1
243836,flyer1,9.21975,0.678159,-0.29121,-0.0720894,2
243836,bullet6,11.44,12.5866,0.8,0,1
243837,flayer7,1.97043,7.95814,-0.290592,0.0745423,2
243838,player,8.82358,12.0427,0.0850419,-0.152125,1
243839,bullet1,9.26185,11.9742,0.8,0,1
243840,flayer8,1.61505,4.33459,-0.297699,0.0370838,2
243841,flyer1,7.7637,0.317712,-0.29121,-0.0720894,2
243841,bullet6,15.44,12.5866,0.8,0,1
243842,flayer7,0.517471,8.33085,-0.290592,0.0745423,2
243842,bullet4,9.29031,11.9233,0.8,0,1
243843,player,8.89188,11.9205,0.00156926,-0.00280714,1
243844,bullet1,13.2619,11.9742,0.8,0,1
243845,flayer8,0.126553,4.52,-0.297699,0.0370838,2
243846,flyer1,6.30765,-0.0427351,-0.29121,-0.0720894,2
243846,bullet2,8.73533,11.9184,0.8,0,1
243847,bullet4,13.2903,11.9233,0.8,0,1
243848,player,8.7802,11.4289,0.138064,-0.151927,1
243849,flyer2,16.5,2.48039,-0.3,0,2
243850,bullet3,8.47029,11.3297,-0.8,-6.99382e-08,1
243851,flyer1,4.8516,-0.403182,-0.29121,-0.0720894,2
243851,bullet2,12.7353,11.9184,0.8,0,1
243853,player,9.22858,11.5271,0.340048,-0.27196,1
243853,flyer3,16.5,12.4758,-0.256311,0.155899,2
243854,flyer2,15,2.48039,-0.3,0,2
243854,bullet5,8.9816,11.4047,-0.8,-6.99382e-08,1
243855,bullet3,4.47029,11.3297,-0.8,-6.99382e-08,1
243858,player,9.50166,11.3086,0.00627484,-0.00501842,1
243858,flyer3,15.2184,13.2553,-0.256311,0.155899,1
243858,bullet6,9.90166,11.3086,0.8,0,1
243859,flyer2,13.5,2.48039,-0.3,0,2
243859,bullet5,4.9816,11.4047,-0.8,-6.99382e-08,1
243860,bullet3,0.470288,11.3297,-0.8,-6.99382e-08,1
243860,bullet1,9.90576,11.3054,0.8,0,1
243863,player,10.0644,11.3046,0.0684595,-9.2604e-05,1
243863,flyer3,13.9369,14.0348,-0.256311,0.155899,1
243863,bullet6,13.9017,11.3086,0.8,0,1
243864,flyer2,12,2.48039,-0.3,0,2
243864,bullet5,0.981598,11.4047,-0.8,-6.99382e-08,1
243865,bullet1,13.9058,11.3054,0.8,0,1
243867,flyer4,16.5,2.48039,-0.3,0,2
243868,player,9.36521,11.8078,0.173049,0.134958,1
243868,flyer3,12.6553,14.8143,-0.256311,0.155899,1
243869,flyer2,10.5,2.48039,-0.3,0,2
243869,flyer5,16.5,8.60038,-0.3,0,2
243872,flyer4,15,2.48039,-0.3,0,2
243873,player,8.42634,12.4055,-0.179436,0.154365,1
243873,flyer3,11.3738,15.5937,-0.256311,0.155899,1
243874,flyer2,9,2.48039,-0.3,0,2
243874,flyer5,15,8.60038,-0.3,0,2
243877,flyer4,13.5,2.48039,-0.3,0,2
243877,bullet4,8.71629,13.0844,0.8,0,1
243878,player,8.29607,13.118,-0.0202262,0.0336032,1
243878,flyer3,10.0922,16.3732,-0.256311,0.155899,1
243878,bullet2,8.69607,13.118,0.8,0,1
243879,flyer2,7.5,2.48039,-0.3,0,2
243879,flyer5,13.5,8.60038,-0.3,0,2
243880,bullet3,8.68287,13.1399,0.8,0,1
243882,flyer4,12,2.48039,-0.3,0,2
243882,bullet4,12.7163,13.0844,0.8,0,1
243883,player,8.27983,12.5872,-0.00037323,-0.0677237,1
243883,bullet2,12.6961,13.118,0.8,0,1
243883,bullet5,8.67983,12.5872,0.8,0,1
243884,flyer2,5.99999,2.48039,-0.3,0,2
243884,flyer5,12,8.60038,-0.3,0,2
243885,bullet3,12.6829,13.1399,0.8,0,1
243887,flyer4,10.5,2.48039,-0.3,0,2
243888,player,8.7689,12.0435,0.151868,-0.153125,1
243888,bullet5,12.6798,12.5872,0.8,0,1
243889,flyer2,4.49999,2.48039,-0.3,0,2
243889,flyer5,10.5,8.60038,-0.3,0,2
243892,flyer4,9,2.48039,-0.3,0,2
243893,player,9.47933,11.332,0.0335571,-0.0335803,1
243893,flyer6,16.5,11.7316,-0.299258,0.0210825,2
243893,bullet6,9.87933,11.332,0.8,0,1
243894,flyer2,2.99999,2.48039,-0.3,0,2
243894,flyer5,9,8.60038,-0.3,0,2
243894,bullet1,9.89444,11.3169,0.8,0,1
243897,flyer4,7.5,2.48039,-0.3,0,2
243898,player,9.84379,11.3051,0.338119,-0.00061965,1
243898,flyer6,15.0037,11.837,-0.299258,0.0210825,2
243898,bullet6,13.8793,11.332,0.8,0,1
243899,flyer2,1.49999,2.48039,-0.3,0,2
243899,flyer5,7.5,8.60038,-0.3,0,2
243899,bullet1,13.8944,11.3169,0.8,0,1
243900,bullet4,10.4644,11.3047,0.8,0,1
243902,flyer4,5.99999,2.48039,-0.3,0,2
243903,player,10.1153,10.7468,0.00623925,-0.0683552,1
243903,bullet2,10.5153,10.7468,0.8,0,1
243904,flyer2,-6.4373e-06,2.48039,-0.3,0,2
243904,flyer5,5.99999,8.60038,-0.3,0,2
243905,bullet4,14.4644,11.3047,0.8,0,1
243907,flyer4,4.49999,2.48039,-0.3,0,2
243908,player,10.1203,10.2026,0.000115132,-0.153136,1
243908,flayer7,16.5,4.57197,-0.3,0,2
243908,bullet2,14.5153,10.7468,0.8,0,1
243908,bullet3,10.5203,10.2026,0.8,0,1
243909,flyer5,4.49999,8.60038,-0.3,0,2
243910,bullet5,10.5204,10.1026,0.8,0,1
243912,flyer4,2.99999,2.48039,-0.3,0,2
243913,player,10.6781,9.52186,0.0683459,-0.0711695,1
243913,flayer7,15,4.57197,-0.3,0,2
243913,bullet3,14.5203,10.2026,0.8,0,1
243913,bullet6,11.0781,9.52186,0.8,0,1
243914,flyer5,2.99999,8.60038,-0.3,0,2
243915,bullet5,14.5204,10.1026,0.8,0,1
243917,flyer4,1.49999,2.48039,-0.3,0,2
243917,bullet1,11.1318,9.46602,0.8,0,1
243918,player,10.733,9.46471,0.00126117,-0.00131328,1
243918,flayer7,13.5,4.57197,-0.3,0,2
243918,bullet6,15.0781,9.52186,0.8,0,1
243918,bullet4,11.133,9.46471,0.8,0,1
243919,flyer5,1.49999,8.60038,-0.3,0,2
243922,flyer4,-6.4373e-06,2.48039,-0.3,0,2
243922,bullet1,15.1318,9.46602,0.8,0,1
243923,player,10.7033,9.49441,0.0376123,-0.0376133,1
243923,flayer7,12,4.57197,-0.3,0,2
243923,bullet4,15.133,9.46471,0.8,0,1
243923,bullet2,10.3033,9.49441,-0.8,-6.99382e-08,1
243924,flyer5,-6.4373e-06,8.60038,-0.3,0,2
243925,flayer8,16.5,4.57197,-0.3,0,2
243925,bullet3,11.1278,9.46987,0.8,0,1
243928,player,10.2441,9.4642,-0.151181,-0.000694071,1
243928,flayer7,10.5,4.57197,-0.3,0,2
243928,bullet2,6.3033,9.49441,-0.8,-6.99382e-08,1
243928,bullet5,10.6441,9.4642,0.8,0,1
243930,flayer8,15,4.57197,-0.3,0,2
243930,bullet3,15.1278,9.46987,0.8,0,1
243933,player,10.1227,9.4944,-0.00278971,-0.0376019,1
243933,flayer7,9,4.57197,-0.3,0,2
243933,bullet2,2.30329,9.49441,-0.8,-6.99382e-08,1
243933,bullet5,14.6441,9.4642,0.8,0,1
243933,bullet6,10.5227,9.4944,0.8,0,1
243935,flayer8,13.5,4.57197,-0.3,0,2
243937,flyer1,16.5,4.57197,-0.3,0,2
243938,player,10.7228,9.4642,0.0137881,-0.00069386,1
243938,flayer7,7.5,4.57197,-0.3,0,2
243938,bullet6,14.5227,9.4944,0.8,0,1
243940,flayer8,12,4.57197,-0.3,0,2
243940,bullet1,11.1318,9.46375,0.8,0,1
243942,flyer1,15,4.57197,-0.3,0,2
243943,player,10.7339,9.46364,0.00025443,-1.28037e-05,1
243943,flayer7,5.99999,4.57197,-0.3,0,2
243943,bullet4,11.1339,9.46364,0.8,0,1
243944,bullet3,11.134,9.46364,0.8,0,1
243945,flayer8,10.5,4.57197,-0.3,0,2
243945,bullet1,15.1318,9.46375,0.8,0,1
243947,flyer1,13.5,4.57197,-0.3,0,2
243948,player,10.7341,9.46363,4.69495e-06,-2.36264e-07,1
243948,flayer7,4.49999,4.57197,-0.3,0,2
243948,bullet4,15.1339,9.46364,0.8,0,1
243948,bullet5,11.1341,9.46363,0.8,0,1
243949,bullet3,15.134,9.46364,0.8,0,1
243950,flayer8,9,4.57197,-0.3,0,2
243951,bullet2,10.6447,9.46363,0.8,0,1
243952,flyer1,12,4.57197,-0.3,0,2
243953,player,10.4831,9.12613,0.306745,-0.3375,1
243953,flayer7,2.99999,4.57197,-0.3,0,2
243953,bullet5,15.1341,9.46363,0.8,0,1
243954,bullet6,11.0211,8.97426,0.8,0,1
243955,flayer8,7.5,4.57197,-0.3,0,2
243956,bullet2,14.6447,9.46363,0.8,0,1
243957,flyer1,10.5,4.57197,-0.3,0,2
243958,player,11.2188,8.51759,0.157535,-0.343728,1
243958,flayer7,1.49999,4.57197,-0.3,0,2
243959,bullet6,15.0211,8.97426,0.8,0,1
243960,flayer8,5.99999,4.57197,-0.3,0,2
243961,flyer3,16.5,4.57197,-0.240297,0.179603,2
243961,bullet1,12.2253,8.26198,0.8,0,1
243962,flyer1,9,4.57197,-0.3,0,2
243963,player,11.9338,8.24154,0.0336617,-0.00634275,1
243963,flayer7,-6.4373e-06,4.57197,-0.3,0,2
243965,flayer8,4.49999,4.57197,-0.3,0,2
243966,flyer3,15.2985,5.46998,-0.240297,0.179603,2
243966,bullet1,16.2253,8.26198,0.8,0,1
243967,flyer1,7.5,4.57197,-0.3,0,2
243967,flyer6,16.5,4.57197,-0.3,0,2
243967,bullet4,12.9179,8.79429,0.8,0,1
243968,player,12.8868,9.16243,0.368876,0.368138,1
243970,flayer8,2.99999,4.57197,-0.3,0,2
243970,bullet3,13.5275,9.40264,0.8,0,1
243971,flyer3,14.097,6.368,-0.240297,0.179603,2
243972,flyer1,5.99999,4.57197,-0.3,0,2
243972,flyer6,15,4.57197,-0.3,0,2
243973,player,13.183,9.94745,0.0068068,0.158668,1
243974,bullet5,13.5861,10.0188,0.8,0,1
243975,flayer8,1.49999,4.57197,-0.3,0,2
243975,bullet2,13.5875,10.051,0.8,0,1
243976,flyer3,12.8955,7.26602,-0.240297,0.179603,2
243977,flyer1,4.49999,4.57197,-0.3,0,2
243977,flyer6,13.5,4.57197,-0.3,0,2
243977,bullet6,12.7884,10.0719,-0.8,-6.99382e-08,1
243978,player,13.526,9.73737,0.337626,-0.334572,1
243980,flayer8,-6.4373e-06,4.57197,-0.3,0,2
243981,flyer3,11.6941,8.16403,-0.240297,0.179603,2
243982,flyer1,2.99999,4.57197,-0.3,0,2
243982,flyer6,12,4.57197,-0.3,0,2
243982,bullet6,8.78838,10.0719,-0.8,-6.99382e-08,1
243982,bullet1,14.1909,10.0326,0.8,0,1
243983,player,13.7972,10.0572,0.00623014,0.0245809,1
243985,bullet4,13.7118,10.0732,0.8,0,1
243986,flyer3,10.4926,9.06205,-0.240297,0.179603,2
243987,flyer1,1.49999,4.57197,-0.3,0,2
243987,flyer6,10.5,4.57197,-0.3,0,2
243987,bullet6,4.78838,10.0719,-0.8,-6.99382e-08,1
243987,bullet3,13.6136,10.0764,0.8,0,1
243988,player,13.1998,10.0769,-0.0137246,0.000453587,1
243988,bullet5,13.5998,10.0769,0.8,0,1
243991,flyer3,9.29108,9.96007,-0.240297,0.179603,2
243992,flyer1,-6.4373e-06,4.57197,-0.3,0,2
243992,flyer6,9,4.57197,-0.3,0,2
243992,bullet6,0.788384,10.0719,-0.8,-6.99382e-08,1
243993,player,13.6782,11.1551,0.151622,0.182638,1
243994,flyer2,16.5,9.4771,-0.287649,0.0851942,2
243994,flyer4,16.5,9.4771,-0.3,0,2
243994,bullet2,14.1464,11.2373,0.8,0,1
243995,bullet1,14.1771,11.2743,0.8,0,1
243996,flyer3,8.08959,10.8581,-0.240297,0.179603,2
243997,flyer6,7.5,4.57197,-0.3,0,2
243998,player,14.6268,12.1287,0.492173,0.492745,1
243999,flyer2,15.0618,9.90308,-0.287649,0.0851942,2
243999,flyer4,15,9.4771,-0.3,0,2
244001,flyer3,6.88811,11.7561,-0.240297,0.179603,2
244002,flyer6,5.99999,4.57197,-0.3,0,2
244003,player,14.4644,13.0821,-0.0592618,0.0774363,1
244004,flyer2,13.6235,10.329,-0.287649,0.0851942,2
244004,flyer4,13.5,9.4771,-0.3,0,2
244005,bullet4,15.3151,13.1326,0.8,0,1
244006,flyer3,5.68663,12.6541,-0.240297,0.179603,2
244007,flyer6,4.49999,4.57197,-0.3,0,2
244007,bullet3,15.4063,13.1429,0.8,0,1
244008,player,15.0191,13.1443,0.0127461,0.00142892,1
244008,bullet5,15.4191,13.1443,0.8,0,1
244009,flyer2,12.1853,10.755,-0.287649,0.0851942,2
244009,flyer4,12,9.4771,-0.3,0,2
244010,bullet6,15.4274,13.1452,0.8,0,1
244011,flyer3,4.48514,13.5521,-0.240297,0.179603,2
244012,flyer6,2.99999,4.57197,-0.3,0,2
244013,player,14.8775,13.4829,0.18586,0.337526,1
244014,flyer2,10.747,11.181,-0.287649,0.0851942,2
244014,flyer4,10.5,9.4771,-0.3,0,2
244015,bullet2,15.3987,13.7032,0.8,0,1
244016,flyer3,3.28366,14.4502,-0.240297,0.179603,2
244017,flyer6,1.49999,4.57197,-0.3,0,2
244017,bullet1,15.4233,13.7478,0.8,0,1
244018,player,15.0267,13.754,0.00342964,0.00622831,1
244019,flyer2,9.30877,11.607,-0.287649,0.0851942,2
244019,flyer4,9,9.4771,-0.3,0,2
244020,bullet4,15.429,13.7581,0.8,0,1
244021,flyer3,2.08217,15.3482,-0.240297,0.179603,2
244022,flyer6,-6.4373e-06,4.57197,-0.3,0,2
244022,bullet3,15.4294,13.7589,0.8,0,1
244023,player,14.692,14.0965,-0.337437,0.337615,1
244024,flyer2,7.87053,12.0329,-0.287649,0.0851942,2
244024,flyer4,7.5,9.4771,-0.3,0,2
244024,flyer5,16.5,9.4771,-0.3,0,2
244026,flyer3,0.880686,16.2462,-0.240297,0.179603,2
244026,bullet5,14.841,13.8582,0.8,0,1
244028,player,14.421,13.7792,-0.00622666,-0.0245247,1
244028,flayer7,16.5,13.2588,-0.3,0,2
244029,flyer2,6.43228,12.4589,-0.287649,0.0851942,2
244029,flyer4,5.99999,9.4771,-0.3,0,2
244029,flyer5,15,9.4771,-0.3,0,2
244029,bullet6,14.8182,13.7681,0.8,0,1
244033,player,13.8275,13.6604,-0.0308696,0.120668,1
244033,flayer7,15,13.2588,-0.3,0,1
244034,flyer2,4.99403,12.8849,-0.287649,0.0851942,2
244034,flyer4,4.49999,9.4771,-0.3,0,2
244034,flyer5,13.5,9.4771,-0.3,0,2
244034,bullet2,14.2136,13.7147,0.8,0,1
