97674,player,0.528494,9.66355,0,0,1
97675,bullet1,0.928494,9.66355,0.8,0,1
97676,bullet2,0.928494,9.66355,0.8,0,1
97679,player,1.01787,9.17417,0.151875,-0.151875,1
97680,bullet1,4.92849,9.66355,0.8,0,1
97680,bullet3,1.48621,9.10583,0.8,0,1
97681,bullet2,4.92849,9.66355,0.8,0,1
97684,player,1.39081,8.61561,-0.303943,-0.219182,1
97685,bullet1,8.9285,9.66355,0.8,0,1
97685,bullet3,5.48621,9.10583,0.8,0,1
97686,bullet2,8.9285,9.66355,0.8,0,1
97689,player,2.56207,7.85111,0.514521,-0.0347992,1
97690,bullet1,12.9285,9.66355,0.8,0,1
97690,bullet3,9.48621,9.10583,0.8,0,1
97691,bullet2,12.9285,9.66355,0.8,0,1
97693,bullet4,2.56578,7.8238,-0.8,-6.99382e-08,1
97694,player,2.97527,7.82316,0.00949436,-0.000642143,1
97695,bullet3,13.4862,9.10583,0.8,0,1
97696,flyer1,16.5,8.02477,-0.291404,-0.0713011,2
97696,bullet5,3.38147,7.82274,0.8,0,1
97699,player,2.42518,7.26492,-0.0681686,-0.0683556,1
97699,bullet6,2.82518,7.26492,0.8,0,1
97701,flyer1,15.043,7.66826,-0.291404,-0.0713011,2
97701,flyer2,16.5,8.02477,-0.3,0,2
97701,bullet5,7.38147,7.82274,0.8,0,1
97702,bullet1,2.77449,7.21409,0.8,0,1
97704,player,2.37043,7.54753,-0.0012579,0.336239,1
97704,bullet6,6.82518,7.26492,0.8,0,1
97706,flyer1,13.586,7.31176,-0.291404,-0.0713011,2
97706,flyer2,15,8.02477,-0.3,0,2
97706,bullet5,11.3815,7.82274,0.8,0,1
97707,bullet1,6.77449,7.21409,0.8,0,1
97709,player,1.78095,7.81756,-0.0307779,0.00620455,1
97709,bullet6,10.8252,7.26492,0.8,0,1
97709,bullet2,2.18095,7.81756,0.8,0,1
97710,bullet4,1.3671,7.82035,-0.8,-6.99382e-08,1
97711,flyer2,13.5,8.02477,-0.3,0,2
97712,bullet1,10.7745,7.21409,0.8,0,1
97713,bullet3,2.1568,7.82242,0.8,0,1
97714,player,1.75623,7.82254,-0.000567939,0.000114491,1
97714,bullet2,6.18095,7.81756,0.8,0,1
97714,bullet5,2.15623,7.82254,0.8,0,1
97716,flyer2,12,8.02477,-0.3,0,1
97718,bullet3,6.1568,7.82242,0.8,0,1
97719,player,1.72502,8.41111,0.0375786,0.0307568,1
97719,bullet2,10.1809,7.81756,0.8,0,1
97719,bullet5,6.15623,7.82254,0.8,0,1
97719,bullet6,1.32502,8.41111,-0.8,-6.99382e-08,1
97722,bullet4,2.15296,8.9917,0.8,0,1
97723,bullet3,10.1568,7.82242,0.8,0,1
97723,bullet1,2.15451,9.02372,0.8,0,1
97724,player,1.7552,9.03812,0.000693431,0.0144072,1
97724,bullet5,10.1562,7.82254,0.8,0,1
97727,bullet4,6.15296,8.9917,0.8,0,1
97728,bullet3,14.1568,7.82242,0.8,0,1
97728,bullet1,6.15451,9.02372,0.8,0,1
97729,player,1.75576,8.49198,1.27957e-05,-0.0680779,1
97729,bullet5,14.1562,7.82254,0.8,0,1
97731,flyer3,16.5,8.02477,-0.3,0,2
97732,flyer4,16.5,8.02477,-0.224096,0.199452,2
97732,bullet4,10.153,8.9917,0.8,0,1
97733,bullet1,10.1545,9.02372,0.8,0,1
97733,bullet2,1.07792,9.02704,0.8,0,1
97734,player,0.595734,9.03962,-0.0821831,0.0125834,1
97736,flyer3,15,8.02477,-0.3,0,1
97736,bullet6,0.942109,9.04783,0.8,0,1
97737,flyer4,15.3795,9.02202,-0.224096,0.199452,2
97737,bullet4,14.153,8.9917,0.8,0,1
97738,bullet1,14.1545,9.02372,0.8,0,1
97738,bullet2,5.07792,9.02704,0.8,0,1
97739,player,0.529734,9.04973,-0.00151651,0.000232199,1
97739,bullet3,0.929734,9.04973,0.8,0,1
97741,flyer3,13.5,8.02477,-0.3,0,1
97741,bullet6,4.94211,9.04783,0.8,0,1
97743,bullet2,9.07792,9.02704,0.8,0,1
97744,player,0.4,7.40051,0,-0.234054,1
97744,bullet3,4.92973,9.04973,0.8,0,1
97745,bullet5,0.8,7.29518,0.8,0,1
97746,flyer3,12,8.02477,-0.3,0,1
97746,bullet6,8.94211,9.04783,0.8,0,1
97748,bullet2,13.0779,9.02704,0.8,0,1
97749,player,0.4,7.21254,0,-0.00431896,1
97749,bullet3,8.92973,9.04973,0.8,0,1
97750,bullet5,4.8,7.29518,0.8,0,1
97751,flyer3,10.5,8.02477,-0.3,0,1
97751,bullet6,12.9421,9.04783,0.8,0,1
97753,bullet4,0.8,8.287,0.8,0,1
97754,player,0.4,8.36911,0,0.0821037,1
97754,bullet3,12.9297,9.04973,0.8,0,1
97755,bullet1,0.8,8.40605,0.8,0,1
97756,bullet6,16.9421,9.04783,0.8,0,1
97758,bullet4,4.8,8.287,0.8,0,1
97759,player,0.4,8.92441,0,0.15339,1
97759,bullet2,0.8,8.92441,0.8,0,1
97760,bullet1,4.8,8.40605,0.8,0,1
97761,flyer5,16.5,8.02477,-0.3,0,2
97762,bullet5,0.8,9.03848,0.8,0,1
97763,bullet4,8.8,8.287,0.8,0,1
97764,player,0.889375,9.53697,0.151875,0.154705,1
97764,bullet2,4.8,8.92441,0.8,0,1
97765,bullet1,8.8,8.40605,0.8,0,1
97766,flyer5,15,8.02477,-0.3,0,2
97767,bullet5,4.8,9.03848,0.8,0,1
97768,bullet4,12.8,8.287,0.8,0,1
97769,player,0.76037,10.2497,0.309548,0.0336094,1
97769,bullet2,8.8,8.92441,0.8,0,1
97770,bullet1,12.8,8.40605,0.8,0,1
97771,flyer5,13.5,8.02477,-0.3,0,0
97771,bullet6,1.36235,10.2716,0.8,0,1
97772,bullet5,8.8,9.03848,0.8,0,1
97774,player,0.671463,10.8344,-0.331788,0.0689639,1
97774,bullet2,12.8,8.92441,0.8,0,1
97775,bullet3,0.922158,10.8654,0.8,0,1
97776,bullet6,5.36235,10.2716,0.8,0,1
97777,bullet5,12.8,9.03848,0.8,0,1
97779,player,0.405009,10.8898,-0.00612242,0.00127258,1
97779,flyer6,16.5,2.38838,-0.268329,0.134162,2
97779,bullet4,0.805009,10.8898,0.8,0,1
97780,bullet3,4.92216,10.8654,0.8,0,1
97781,bullet6,9.36235,10.2716,0.8,0,1
97784,player,0.400092,11.2591,-0.000112976,0.299934,1
97784,flyer6,15.1584,3.05919,-0.268329,0.134162,2
97784,bullet4,4.80501,10.8898,0.8,0,1
97785,bullet3,8.92216,10.8654,0.8,0,1
97786,bullet6,13.3624,10.2716,0.8,0,1
97787,bullet1,1.35773,10.9244,0.8,0,1
97789,player,1.00231,10.8976,0.0138375,-0.00830498,1
97789,flyer6,13.8167,3.73,-0.268329,0.134162,2
97789,bullet4,8.80501,10.8898,0.8,0,1
97790,bullet3,12.9222,10.8654,0.8,0,1
97792,bullet1,5.35773,10.9244,0.8,0,1
97792,bullet2,0.854886,11.4492,0.8,0,1
97794,player,0.748614,11.8308,0.323916,0.351186,1
97794,flyer6,12.4751,4.40081,-0.268329,0.134162,2
97794,bullet4,12.805,10.8898,0.8,0,1
97797,bullet1,9.35773,10.9244,0.8,0,1
97797,bullet2,4.85489,11.4492,0.8,0,1
97797,bullet5,1.9472,12.0919,0.8,0,1
97799,player,1.12168,12.1128,-0.132058,0.00648038,1
97799,flyer6,11.1334,5.07162,-0.268329,0.134162,2
97800,bullet6,1.46226,12.1157,0.8,0,1
97802,bullet1,13.3577,10.9244,0.8,0,1
97802,bullet2,8.85489,11.4492,0.8,0,1
97802,bullet5,5.94721,12.0919,0.8,0,1
97804,player,1.6041,12.7065,0.0283178,0.0308743,1
97804,flyer6,9.79176,5.74243,-0.268329,0.134162,2
97805,bullet6,5.46226,12.1157,0.8,0,1
97807,bullet2,12.8549,11.4492,0.8,0,1
97807,bullet5,9.94721,12.0919,0.8,0,1
97809,player,2.71853,13.2652,0.166237,0.0979406,1
97809,flyer6,8.45011,6.41324,-0.268329,0.134162,2
97810,bullet6,9.46226,12.1157,0.8,0,1
97812,flayer7,16.5,2.38838,-0.291521,-0.070822,2
97812,bullet5,13.9472,12.0919,0.8,0,1
97814,player,3.69275,12.266,0.475527,-0.180822,1
97814,flyer6,7.10847,7.08405,-0.268329,0.134162,2
97815,bullet6,13.4623,12.1157,0.8,0,1
97816,flayer8,16.5,2.38838,-0.3,0,2
97816,bullet3,4.40303,12.1481,0.8,0,1
97817,flayer7,15.0424,2.03427,-0.291521,-0.070822,2
97818,bullet4,4.46586,12.1242,0.8,0,1
97819,player,4.07464,12.1208,0.00877482,-0.00333668,1
97819,flyer6,5.76682,7.75486,-0.268329,0.134162,2
97820,bullet1,4.47859,12.1193,0.8,0,1
97821,flayer8,15,2.38838,-0.3,0,2
97821,bullet3,8.40303,12.1481,0.8,0,1
97821,bullet2,4.48036,12.1187,0.8,0,1
97822,flayer7,13.5848,1.68016,-0.291521,-0.070822,2
97823,bullet4,8.46586,12.1242,0.8,0,1
97824,player,4.08169,12.1181,0.00016192,-6.15712e-05,1
97824,flyer6,4.42517,8.42567,-0.268329,0.134162,2
97825,bullet1,8.47859,12.1193,0.8,0,1
97826,flayer8,13.5,2.38838,-0.3,0,2
97826,bullet3,12.403,12.1481,0.8,0,1
97826,bullet2,8.48036,12.1187,0.8,0,1
97827,flayer7,12.1272,1.32605,-0.291521,-0.070822,2
97828,bullet4,12.4659,12.1242,0.8,0,1
97829,player,4.08182,11.7806,2.98788e-06,-0.337501,1
97829,flyer6,3.08353,9.09648,-0.268329,0.134162,2
97830,bullet1,12.4786,12.1193,0.8,0,1
97831,flayer8,12,2.38838,-0.3,0,2
97831,bullet2,12.4804,12.1187,0.8,0,1
97832,flayer7,10.6696,0.971937,-0.291521,-0.070822,2
97832,bullet5,3.99244,11.0403,0.8,0,1
97834,player,3.83085,10.5836,0.306745,-0.374483,1
97834,flyer6,1.74188,9.76729,-0.268329,0.134162,2
97836,flayer8,10.5,2.38838,-0.3,0,2
97837,flayer7,9.21197,0.617828,-0.291521,-0.070822,2
97837,bullet5,7.99244,11.0403,0.8,0,1
97839,player,2.5935,11.0915,-0.430938,-0.245312,1
97839,flyer6,0.400237,10.4381,-0.268329,0.134162,2
97840,bullet6,2.79957,10.9811,0.8,0,1
97841,flayer8,9,2.38838,-0.3,0,2
97842,flayer7,7.75437,0.263718,-0.291521,-0.070822,2
97842,bullet5,11.9924,11.0403,0.8,0,1
97842,bullet3,2.67304,10.9091,0.8,0,1
97844,player,2.24742,10.8945,-0.00795202,-0.00452669,1
97844,bullet4,2.64742,10.8945,0.8,0,1
97845,bullet6,6.79957,10.9811,0.8,0,1
97846,flayer8,7.5,2.38838,-0.3,0,2
97847,flayer7,6.29677,-0.0903919,-0.291521,-0.070822,2
97847,bullet5,15.9924,11.0403,0.8,0,1
97847,bullet3,6.67304,10.9091,0.8,0,1
97849,player,2.24103,10.8909,-0.000146737,-8.35302e-05,1
97849,bullet4,6.64742,10.8945,0.8,0,1
97849,bullet1,1.84103,10.8909,-0.8,-6.99382e-08,1
97850,bullet6,10.7996,10.9811,0.8,0,1
97851,flayer8,5.99999,2.38838,-0.3,0,2
97852,flayer7,4.83916,-0.444502,-0.291521,-0.070822,2
97852,bullet3,10.673,10.9091,0.8,0,1
97853,bullet2,3.13029,11.3802,0.8,0,1
97854,player,2.79863,11.4485,0.068341,0.0683422,1
97854,bullet4,10.6474,10.8945,0.8,0,1
97855,bullet6,14.7996,10.9811,0.8,0,1
97856,flayer8,4.49999,2.38838,-0.3,0,2
97857,bullet3,14.673,10.9091,0.8,0,1
97858,bullet2,7.13029,11.3802,0.8,0,1
97859,player,3.45583,12.6635,0.0151007,0.0834445,1
97859,bullet4,14.6474,10.8945,0.8,0,1
97859,bullet5,3.85583,12.6635,0.8,0,1
97860,bullet1,3.86262,12.701,0.8,0,1
97861,flayer8,2.99999,2.38838,-0.3,0,2
97862,bullet6,3.86706,12.7255,0.8,0,1
97863,bullet2,11.1303,11.3802,0.8,0,1
97864,player,3.95733,12.7305,0.152154,0.00153979,1
97864,bullet5,7.85583,12.6635,0.8,0,1
97865,bullet1,7.86262,12.701,0.8,0,1
97866,flayer8,1.49999,2.38838,-0.3,0,2
97867,bullet6,7.86706,12.7255,0.8,0,1
97868,bullet2,15.1303,11.3802,0.8,0,1
97869,player,2.66417,13.1683,-0.517322,0.216408,1
97869,bullet5,11.8558,12.6635,0.8,0,1
97870,bullet1,11.8626,12.701,0.8,0,1
97871,flayer8,-6.4373e-06,2.38838,-0.3,0,2
97872,bullet6,11.8671,12.7255,0.8,0,1
97873,flyer1,16.5,2.38838,-0.3,0,2
97874,player,1.17087,12.8527,-0.192176,-0.147882,1
97874,bullet5,15.8558,12.6635,0.8,0,1
97875,flyer2,16.5,7.32262,-0.3,0,2
97875,bullet1,15.8626,12.701,0.8,0,1
97875,bullet3,1.48439,12.7862,0.8,0,1
97877,bullet6,15.8671,12.7255,0.8,0,1
97878,flyer1,15,2.38838,-0.3,0,2
97878,flyer4,16.5,2.38838,-0.3,0,2
97878,bullet4,0.862364,13.2944,0.8,0,1
97879,player,0.428063,13.3225,-0.0343009,0.0280259,1
97879,bullet2,0.828063,13.3225,0.8,0,1
97880,flyer2,15,7.32262,-0.3,0,2
97880,bullet3,5.48439,12.7862,0.8,0,1
97883,flyer1,13.5,2.38838,-0.3,0,2
97883,flyer4,15,2.38838,-0.3,0,2
97883,bullet4,4.86236,13.2944,0.8,0,1
97884,player,0.431272,12.7565,-0.038222,-0.0302375,1
97884,bullet2,4.82806,13.3225,0.8,0,1
97884,bullet5,0.831272,12.7565,0.8,0,1
97885,flyer2,13.5,7.32262,-0.3,0,2
97885,bullet3,9.48439,12.7862,0.8,0,1
97888,flyer1,12,2.38838,-0.3,0,2
97888,flyer4,13.5,2.38838,-0.3,0,2
97888,bullet4,8.86237,13.2944,0.8,0,1
97889,player,0.400576,12.7322,-0.000705304,-0.000557968,1
97889,bullet2,8.82806,13.3225,0.8,0,1
97889,bullet5,4.83127,12.7565,0.8,0,1
97890,flyer2,12,7.32262,-0.3,0,2
97890,bullet3,13.4844,12.7862,0.8,0,1
97893,flyer1,10.5,2.38838,-0.3,0,2
97893,flyer4,12,2.38838,-0.3,0,2
97893,bullet4,12.8624,13.2944,0.8,0,1
97894,player,0.40001,12.7318,-1.30148e-05,-1.02961e-05,1
97894,bullet2,12.8281,13.3225,0.8,0,1
97894,bullet5,8.83127,12.7565,0.8,0,1
97894,bullet1,0.80001,12.7318,0.8,0,1
97895,flyer2,10.5,7.32262,-0.3,0,2
97898,flyer1,9,2.38838,-0.3,0,2
97898,flyer4,10.5,2.38838,-0.3,0,2
97899,player,0.4,13.2895,0,0.0683436,1
97899,bullet5,12.8313,12.7565,0.8,0,1
97899,bullet1,4.80001,12.7318,0.8,0,1
97900,flyer2,9,7.32262,-0.3,0,2
97903,flyer1,7.5,2.38838,-0.3,0,2
97903,flyer4,9,2.38838,-0.3,0,2
97904,player,0.620219,13.6373,-0.269156,0.393265,1
97904,bullet1,8.80001,12.7318,0.8,0,1
97905,flyer2,7.5,7.32262,-0.3,0,2
97905,bullet6,0.899099,13.8142,0.8,0,1
97908,flyer1,5.99999,2.38838,-0.3,0,2
97908,flyer4,7.5,2.38838,-0.3,0,2
97908,bullet3,0.498405,13.4564,-0.8,-6.99382e-08,1
97909,player,0.961783,13.3954,0.0633771,-0.0610869,1
97909,bullet1,12.8,12.7318,0.8,0,1
97910,flyer2,5.99999,7.32262,-0.3,0,2
97910,bullet6,4.8991,13.8142,0.8,0,1
97910,bullet4,1.3903,13.3679,0.8,0,1
97912,bullet2,1.40891,13.3499,0.8,0,1
97913,flyer1,4.49999,2.38838,-0.3,0,2
97913,flyer4,5.99999,2.38838,-0.3,0,2
97914,player,1.01268,13.3463,0.00116948,-0.00112723,1
97915,flyer2,4.49999,7.32262,-0.3,0,2
97915,bullet6,8.8991,13.8142,0.8,0,1
97915,bullet4,5.3903,13.3679,0.8,0,1
97917,bullet2,5.40891,13.3499,0.8,0,1
97918,flyer1,2.99999,2.38838,-0.3,0,2
97918,flyer4,4.49999,2.38838,-0.3,0,2
97919,player,0.4,14.5054,0,0.0821626,1
97920,flyer2,2.99999,7.32262,-0.3,0,2
97920,bullet6,12.8991,13.8142,0.8,0,1
97920,bullet4,9.3903,13.3679,0.8,0,1
97920,bullet5,0.8,14.5424,0.8,0,1
97922,bullet2,9.40891,13.3499,0.8,0,1
97923,flyer1,1.49999,2.38838,-0.3,0,2
97923,flyer4,2.99999,2.38838,-0.3,0,2
97924,player,0.4,14.9089,-0,0.339016,1
97925,flyer2,1.49999,7.32262,-0.3,0,2
97925,bullet4,13.3903,13.3679,0.8,0,1
97925,bullet5,4.8,14.5424,0.8,0,1
97927,bullet2,13.4089,13.3499,0.8,0,1
97928,flyer1,-6.4373e-06,2.38838,-0.3,0,2
97928,flyer4,1.49999,2.38838,-0.3,0,2
97928,bullet3,1.35772,15.1749,0.8,0,1
97929,player,0.988474,15.1812,0.0307547,0.0062558,1
97930,flyer2,-6.4373e-06,7.32262,-0.3,0,2
97930,bullet5,8.8,14.5424,0.8,0,1
97932,flyer3,16.5,7.32262,-0.3,0,2
97933,flyer4,-6.4373e-06,2.38838,-0.3,0,2
97933,bullet3,5.35772,15.1749,0.8,0,1
97934,player,0.889375,15.6,0.151875,0.0759952,1
97934,bullet1,1.28938,15.6,0.8,0,1
97935,bullet5,12.8,14.5424,0.8,0,1
97936,bullet6,1.38847,15.6,0.8,0,1
97937,flyer3,15,7.32262,-0.3,0,2
97938,bullet3,9.35772,15.1749,0.8,0,1
97939,player,1.34884,15.6,0.340303,0,1
97939,bullet1,5.28938,15.6,0.8,0,1
97941,bullet6,5.38847,15.6,0.8,0,1
97941,bullet4,1.97089,15.6,0.8,0,1
97942,flyer3,13.5,7.32262,-0.3,0,2
97943,bullet3,13.3577,15.1749,0.8,0,1
97944,player,1.28464,15.6,-0.33122,0,1
97944,bullet1,9.28938,15.6,0.8,0,1
97946,bullet6,9.38847,15.6,0.8,0,1
97946,bullet4,5.97089,15.6,0.8,0,1
97947,flyer3,12,7.32262,-0.3,0,2
97947,bullet2,0.948956,15.6,0.8,0,1
97949,player,0.4,15.2625,-0,-0.3375,1
97949,bullet1,13.2894,15.6,0.8,0,1
97951,bullet6,13.3885,15.6,0.8,0,1
97951,bullet4,9.97089,15.6,0.8,0,1
97952,flyer3,10.5,7.32262,-0.3,0,2
97952,bullet2,4.94896,15.6,0.8,0,1
97954,player,0.4,15.5799,0,0.0245269,1
97954,bullet5,0.8,15.5799,0.8,0,1
97956,bullet4,13.9709,15.6,0.8,0,1
97957,flyer3,9,7.32262,-0.3,0,2
97957,bullet2,8.94896,15.6,0.8,0,1
97957,bullet3,0.8,15.1088,0.8,0,1
97959,player,0.4,15.0112,0,-0.0303021,1
97959,bullet5,4.8,15.5799,0.8,0,1
97962,flyer3,7.5,7.32262,-0.3,0,2
97962,bullet2,12.949,15.6,0.8,0,1
97962,bullet3,4.8,15.1088,0.8,0,1
97963,bullet1,0.899099,15.0865,0.8,0,1
97964,player,0.444594,15.0314,-0.0545041,-0.0550633,1
97964,bullet5,8.8,15.5799,0.8,0,1
97967,flyer3,5.99999,7.32262,-0.3,0,2
97967,bullet3,8.8,15.1088,0.8,0,1
97967,bullet6,0.804064,14.9905,0.8,0,1
97968,bullet1,4.8991,15.0865,0.8,0,1
97969,player,0.4,15.3247,-0,0.336484,1
97969,bullet5,12.8,15.5799,0.8,0,1
97972,flyer3,4.49999,7.32262,-0.3,0,2
97972,bullet3,12.8,15.1088,0.8,0,1
97972,bullet6,4.80406,14.9905,0.8,0,1
97973,bullet1,8.8991,15.0865,0.8,0,1
97974,player,0.444594,15.6,-0.0545041,0,1
97975,bullet4,0.820068,15.6,0.8,0,1
97977,flyer3,2.99999,7.32262,-0.3,0,2
97977,bullet6,8.80406,14.9905,0.8,0,1
97978,bullet1,12.8991,15.0865,0.8,0,1
97979,player,0.4,15.5009,0,0.12112,1
97980,bullet4,4.82007,15.6,0.8,0,1
97980,bullet2,0.8,15.5554,0.8,0,1
97982,flyer3,1.49999,7.32262,-0.3,0,2
97982,bullet6,12.8041,14.9905,0.8,0,1
97983,bullet5,0.8,15.5959,0.8,0,1
97984,player,0.4,15.5982,0,0.00223501,1
97985,bullet4,8.82007,15.6,0.8,0,1
97985,bullet2,4.8,15.5554,0.8,0,1
97987,flyer3,-6.4373e-06,7.32262,-0.3,0,2
97987,bullet3,0.8,15.5998,0.8,0,1
97988,bullet5,4.8,15.5959,0.8,0,1
97989,player,0.4,15.6,0,4.12422e-05,1
97990,bullet4,12.8201,15.6,0.8,0,1
97990,bullet2,8.8,15.5554,0.8,0,1
97992,bullet3,4.8,15.5998,0.8,0,1
97993,bullet5,8.8,15.5959,0.8,0,1
97994,player,0.4,14.5083,0,-0.165714,1
97995,flyer5,16.5,1.1285,-0.29993,-0.00650201,2
97995,bullet2,12.8,15.5554,0.8,0,1
97995,bullet1,0.8,14.4337,0.8,0,1
97997,bullet3,8.8,15.5998,0.8,0,1
97998,bullet5,12.8,15.5959,0.8,0,1
97999,player,0.4,14.7127,0,0.334442,1
98000,flyer5,15.0004,1.09599,-0.29993,-0.00650201,2
98000,bullet1,4.8,14.4337,0.8,0,1
98002,bullet3,12.8,15.5998,0.8,0,1
98002,bullet6,0.8,14.9614,0.8,0,1
98004,player,0.4,15.4707,0,0.158046,1
98005,flyer5,13.5007,1.06348,-0.29993,-0.00650201,2
98005,bullet1,8.8,14.4337,0.8,0,1
98007,flyer6,16.5,1.1285,-0.232838,-0.189173,2
98007,bullet6,4.8,14.9614,0.8,0,1
98009,player,0.889375,15.6,0.151875,0,1
98009,bullet4,0.489375,15.6,-0.8,-6.99382e-08,1
98010,flyer5,12.0011,1.03097,-0.29993,-0.00650201,2
98010,bullet1,12.8,14.4337,0.8,0,1
98011,bullet2,1.38847,15.6,0.8,0,1
98012,flyer6,15.3358,0.182634,-0.232838,-0.189173,2
98012,bullet6,8.8,14.9614,0.8,0,1
98013,bullet5,1.40854,15.6,0.8,0,1
98014,player,1.01134,15.6,0.00280252,0,1
98015,flyer5,10.5014,0.99846,-0.29993,-0.00650201,2
98016,bullet2,5.38847,15.6,0.8,0,1
98017,bullet6,12.8,14.9614,0.8,0,1
98017,bullet3,1.9028,15.6,0.8,0,1
98018,bullet5,5.40854,15.6,0.8,0,1
98019,player,1.60207,15.2625,0.0308064,-0.3375,1
98020,flyer5,9.00176,0.96595,-0.29993,-0.00650201,2
98021,bullet2,9.38847,15.6,0.8,0,1
98022,bullet3,5.9028,15.6,0.8,0,1
98022,bullet4,2.51435,15.5009,0.8,0,1
98023,bullet5,9.40854,15.6,0.8,0,1
98024,player,2.21528,15.5799,0.0313232,0.0245269,1
98025,flyer5,7.50211,0.93344,-0.29993,-0.00650201,2
98026,bullet2,13.3885,15.6,0.8,0,1
98027,bullet3,9.9028,15.6,0.8,0,1
98027,bullet4,6.51435,15.5009,0.8,0,1
98028,bullet5,13.4085,15.6,0.8,0,1
98029,player,2.72981,15.6,0.152453,0,1
98030,flyer5,6.00246,0.90093,-0.29993,-0.00650201,2
98030,bullet1,3.19842,15.6,0.8,0,1
98032,bullet3,13.9028,15.6,0.8,0,1
98032,bullet4,10.5144,15.5009,0.8,0,1
98034,player,3.74746,15.2625,0.408657,-0.3375,1
98035,flyer5,4.50282,0.86842,-0.29993,-0.00650201,2
98035,bullet1,7.19842,15.6,0.8,0,1
98035,bullet6,4.33136,15.1106,0.8,0,1
98037,bullet4,14.5144,15.5009,0.8,0,1
98037,bullet2,4.45135,15.0115,0.8,0,1
98039,player,4.07565,14.9915,0.00754087,-0.00622782,1
98040,flyer5,3.00317,0.835909,-0.29993,-0.00650201,2
98040,bullet1,11.1984,15.6,0.8,0,1
98040,bullet6,8.33136,15.1106,0.8,0,1
98041,bullet5,4.96995,14.9874,0.8,0,1
98042,bullet2,8.45135,15.0115,0.8,0,1
98044,player,5.02152,15.3239,0.351479,0.337385,1
98045,flyer5,1.50352,0.803399,-0.29993,-0.00650201,2
98045,bullet1,15.1984,15.6,0.8,0,1
98045,bullet6,12.3314,15.1106,0.8,0,1
98046,bullet5,8.96995,14.9874,0.8,0,1
98047,bullet2,12.4514,15.0115,0.8,0,1
98047,bullet3,5.68289,15.5748,0.8,0,1
98049,player,5.30378,15.5949,0.00648577,0.0062257,1
98050,flyer5,0.00387269,0.770889,-0.29993,-0.00650201,2
98050,bullet6,16.3314,15.1106,0.8,0,1
98051,bullet5,12.9699,14.9874,0.8,0,1
98051,bullet4,5.70802,15.6,0.8,0,1
98052,bullet2,16.4514,15.0115,0.8,0,1
98052,bullet3,9.68289,15.5748,0.8,0,1
98053,flayer7,16.5,14.6773,-0.3,0,2
98053,bullet1,5.70887,15.6,0.8,0,1
98054,player,5.30899,15.6,0.000119681,0,1
98054,bullet6,5.70899,15.6,0.8,0,1
98056,bullet4,9.70802,15.6,0.8,0,1
98057,bullet3,13.6829,15.5748,0.8,0,1
98058,flayer7,15,14.6773,-0.3,0,0
98058,bullet1,9.70887,15.6,0.8,0,1
98059,player,5.86681,14.4538,0.068346,-0.0990984,1
98059,bullet6,9.70899,15.6,0.8,0,1
98061,bullet4,13.708,15.6,0.8,0,1
98061,bullet2,5.82203,14.8785,0.8,0,1
98063,bullet1,13.7089,15.6,0.8,0,1
98064,player,5.31938,14.9765,-0.0125784,0.012011,1
98064,bullet6,13.709,15.6,0.8,0,1
98065,flayer8,16.5,14.6773,-0.291553,0.0706884,2
98066,bullet2,9.82203,14.8785,0.8,0,1
98066,bullet5,4.91117,14.9844,-0.8,-6.99382e-08,1
98067,bullet3,5.71003,14.9855,0.8,0,1
98069,player,4.97178,15.3237,-0.337732,0.337722,1
98071,bullet2,13.822,14.8785,0.8,0,1
98071,bullet5,0.911175,14.9844,-0.8,-6.99382e-08,1
98072,bullet3,9.71003,14.9855,0.8,0,1
98073,flyer1,16.5,14.6773,-0.289935,-0.0770559,2
98074,player,4.14284,15.0372,-0.0745758,-0.0621118,1
98074,flyer2,16.5,15.0144,-0.295644,0.0509349,2
98074,bullet4,4.54284,15.0372,0.8,0,1
98076,bullet1,4.49417,14.9967,0.8,0,1
98077,bullet3,13.71,14.9855,0.8,0,1
98077,bullet6,4.48738,14.991,0.8,0,1
98078,flyer1,15.0503,14.292,-0.289935,-0.0770559,1
98079,player,4.08295,14.9873,-0.00137613,-0.00114614,1
98079,flyer2,15.0218,15.2691,-0.295644,0.0509349,1
98079,bullet4,8.54284,15.0372,0.8,0,1
98079,bullet2,4.48295,14.9873,0.8,0,1
98081,bullet1,8.49417,14.9967,0.8,0,1
98082,bullet6,8.48738,14.991,0.8,0,1
98083,flyer1,13.6006,13.9068,-0.289935,-0.0770559,1
98084,player,4.68415,14.9864,0.0138142,-2.11495e-05,1
98084,flyer2,13.5436,15.5238,-0.295644,0.0509349,1
98084,bullet4,12.5428,15.0372,0.8,0,1
98084,bullet2,8.48295,14.9873,0.8,0,1
98086,bullet1,12.4942,14.9967,0.8,0,1
98087,bullet6,12.4874,14.991,0.8,0,1
98087,bullet5,4.53671,14.4287,0.8,0,1
98088,flyer1,12.151,13.5215,-0.289935,-0.0770559,1
98089,player,4.43044,14.7216,0.323915,0.32366,1
98089,bullet2,12.4829,14.9873,0.8,0,1
98092,flyer4,16.5,14.6773,-0.29676,0.0439688,2
98092,bullet5,8.53671,14.4287,0.8,0,1
98093,flyer1,10.7013,13.1362,-0.289935,-0.0770559,1
98094,player,3.64347,14.8686,-0.214242,0.144008,1
98096,bullet3,3.90368,14.9625,0.8,0,1
98097,flyer4,15.0162,14.8972,-0.29676,0.0439688,1
98097,bullet5,12.5367,14.4287,0.8,0,1
98097,bullet4,3.88416,14.9756,0.8,0,1
98098,flyer1,9.25162,12.7509,-0.289935,-0.0770559,1
98099,player,3.47142,14.9842,-0.00395336,0.00265735,1
98099,bullet1,3.87142,14.9842,0.8,0,1
98101,bullet3,7.90368,14.9625,0.8,0,1
98102,bullet4,7.88416,14.9756,0.8,0,1
98103,flyer1,7.80195,12.3656,-0.289935,-0.0770559,1
98103,bullet6,3.86832,15.4757,0.8,0,1
98104,player,3.46825,15.5441,-7.29506e-05,0.0683928,1
98104,bullet1,7.87142,14.9842,0.8,0,1
98106,bullet3,11.9037,14.9625,0.8,0,1
98107,bullet4,11.8842,14.9756,0.8,0,1
98108,flyer1,6.35227,11.9804,-0.289935,-0.0770559,1
98108,bullet6,7.86832,15.4757,0.8,0,1
98109,player,2.91047,15.6,-0.0683451,0,1
98109,bullet1,11.8714,14.9842,0.8,0,1
98111,bullet3,15.9037,14.9625,0.8,0,1
98112,bullet4,15.8842,14.9756,0.8,0,1
98112,bullet2,2.45965,15.6,-0.8,-6.99382e-08,1
98113,flyer1,4.90259,11.5951,-0.289935,-0.0770559,1
98113,bullet6,11.8683,15.4757,0.8,0,1
98114,player,2.36621,15.6,-0.153136,0,1
98114,bullet1,15.8714,14.9842,0.8,0,1
98115,flyer3,16.5,5.00648,-0.3,0,2
98115,bullet5,2.6973,15.6,0.8,0,1
98118,flyer1,3.45292,11.2098,-0.289935,-0.0770559,1
98118,bullet6,15.8683,15.4757,0.8,0,1
98118,bullet3,2.64605,15.6,0.8,0,1
98119,player,2.24323,15.6,-0.00282579,0,1
98120,flyer3,15,5.00648,-0.3,0,2
98120,bullet5,6.6973,15.6,0.8,0,1
98120,bullet4,2.64196,15.6,0.8,0,1
98123,flyer1,2.00324,10.8245,-0.289935,-0.0770559,1
98123,bullet3,6.64605,15.6,0.8,0,1
98124,player,3.28805,15.6,0.220167,0,1
98125,flyer3,13.5,5.00648,-0.3,0,2
98125,bullet5,10.6973,15.6,0.8,0,1
98125,bullet4,6.64196,15.6,0.8,0,1
98125,bullet1,3.78713,15.6,0.8,0,1
98128,flyer1,0.553568,10.4392,-0.289935,-0.0770559,1
98128,bullet3,10.6461,15.6,0.8,0,1
98129,player,3.46486,15.6,0.00406269,0,1
98130,flyer3,12,5.00648,-0.3,0,2
98130,bullet5,14.6973,15.6,0.8,0,1
98130,bullet4,10.642,15.6,0.8,0,1
98130,bullet1,7.78713,15.6,0.8,0,1
98133,bullet3,14.6461,15.6,0.8,0,1
98134,player,3.09987,15.2625,-0.299836,-0.3375,1
98135,flyer3,10.5,5.00648,-0.3,0,2
98135,bullet4,14.642,15.6,0.8,0,1
98135,bullet1,11.7871,15.6,0.8,0,1
98136,flyer6,16.5,5.00648,-0.229935,0.192691,2
98138,flyer5,16.5,5.00648,-0.3,0,2
98138,bullet2,3.82233,14.9977,0.8,0,1
98139,player,3.44755,14.9915,0.0252219,-0.00622782,1
98140,flyer3,9,5.00648,-0.3,0,2
98140,bullet1,15.7871,15.6,0.8,0,1
98141,flyer6,15.3503,5.96994,-0.229935,0.192691,2
98141,bullet6,3.86401,14.9874,0.8,0,1
98143,flyer5,15,5.00648,-0.3,0,2
98143,bullet2,7.82233,14.9977,0.8,0,1
98144,player,2.91009,14.9865,-0.0678783,-0.000114921,1
98144,bullet5,3.31009,14.9865,0.8,0,1
98145,flyer3,7.5,5.00648,-0.3,0,2
98145,bullet3,3.27954,14.9864,0.8,0,1
98146,flyer6,14.2007,6.93339,-0.229935,0.192691,2
98146,bullet6,7.86401,14.9874,0.8,0,1
98148,flyer5,13.5,5.00648,-0.3,0,2
98148,bullet2,11.8223,14.9977,0.8,0,1
98149,player,2.85558,14.9864,-0.00125255,-2.12061e-06,1
98149,bullet5,7.31009,14.9865,0.8,0,1
98150,flyer3,5.99999,5.00648,-0.3,0,2
98150,bullet3,7.27954,14.9864,0.8,0,1
98151,flyer6,13.051,7.89684,-0.229935,0.192691,2
98151,bullet6,11.864,14.9874,0.8,0,1
98153,flyer5,12,5.00648,-0.3,0,2
98153,bullet2,15.8223,14.9977,0.8,0,1
98154,player,2.29685,15.2066,-0.0683669,-0.269156,1
98154,bullet5,11.3101,14.9865,0.8,0,1
98155,flyer3,4.49999,5.00648,-0.3,0,2
98155,bullet3,11.2795,14.9864,0.8,0,1
98156,flyer6,11.9013,8.8603,-0.229935,0.192691,2
98156,bullet6,15.864,14.9874,0.8,0,1
98158,flyer5,10.5,5.00648,-0.3,0,2
98158,bullet4,2.74231,15.6,0.8,0,1
98159,player,2.28654,15.6,-0.0557657,0,1
98159,bullet5,15.3101,14.9865,0.8,0,1
98160,flyer3,2.99999,5.00648,-0.3,0,2
98160,bullet3,15.2795,14.9864,0.8,0,1
98161,flyer6,10.7516,9.82375,-0.229935,0.192691,2
98162,bullet1,2.64507,15.6,0.8,0,1
98163,flyer5,9,5.00648,-0.3,0,2
98163,bullet4,6.74231,15.6,0.8,0,1
98164,player,2.24176,15.6,-0.00102903,0,1
98164,bullet2,2.64176,15.6,0.8,0,1
98165,flyer3,1.49999,5.00648,-0.3,0,2
98165,bullet6,2.64129,15.6,0.8,0,1
98166,flyer6,9.60196,10.7872,-0.229935,0.192691,2
98167,bullet1,6.64507,15.6,0.8,0,1
98168,flyer5,7.5,5.00648,-0.3,0,2
98168,bullet4,10.7423,15.6,0.8,0,1
98169,player,2.24093,15.6,-1.89886e-05,0,1
98169,bullet2,6.64176,15.6,0.8,0,1
98170,flyer3,-6.4373e-06,5.00648,-0.3,0,2
98170,bullet6,6.64129,15.6,0.8,0,1
98171,flyer6,8.45229,11.7507,-0.229935,0.192691,2
98172,bullet1,10.6451,15.6,0.8,0,1
98173,flyer5,5.99999,5.00648,-0.3,0,2
98173,bullet4,14.7423,15.6,0.8,0,1
98174,player,2.84323,14.9977,0.0138393,-0.0138396,1
98174,bullet2,10.6418,15.6,0.8,0,1
98175,bullet6,10.6413,15.6,0.8,0,1
98176,flyer6,7.30261,12.7141,-0.229935,0.192691,2
98177,bullet1,14.6451,15.6,0.8,0,1
98177,bullet5,3.25352,14.9874,0.8,0,1
98178,flyer5,4.49999,5.00648,-0.3,0,2
98179,player,2.85434,14.9866,0.000255373,-0.00025538,1
98179,bullet2,14.6418,15.6,0.8,0,1
98180,bullet6,14.6413,15.6,0.8,0,1
98180,bullet3,3.25446,14.9865,0.8,0,1
98181,flyer6,6.15293,13.6776,-0.229935,0.192691,2
98182,bullet5,7.25352,14.9874,0.8,0,1
98183,flyer5,2.99999,5.00648,-0.3,0,2
98183,bullet4,3.25454,14.9864,0.8,0,1
98184,player,2.85455,15.3239,4.71235e-06,0.337495,1
98185,bullet3,7.25446,14.9865,0.8,0,1
98186,flyer6,5.00326,14.641,-0.229935,0.192691,1
98186,bullet1,3.25455,15.5441,0.8,0,1
98187,bullet5,11.2535,14.9874,0.8,0,1
98188,flyer5,1.49999,5.00648,-0.3,0,2
98189,player,2.51705,15.3747,-0.3375,0.275384,1
98190,bullet3,11.2545,14.9865,0.8,0,1
98192,bullet5,15.2535,14.9874,0.8,0,1
98192,bullet2,3.2238,15.5795,0.8,0,1
98193,flyer5,-6.4373e-06,5.00648,-0.3,0,2
98194,player,2.84832,15.5958,0.00761179,0.00508161,1
98194,flayer7,16.5,15.3074,-0.3,0,2
98194,bullet6,2.44832,15.5958,-0.8,-6.99382e-08,1
98195,bullet3,15.2545,14.9865,0.8,0,1
98196,bullet4,3.25329,15.5991,0.8,0,1
98197,bullet2,7.2238,15.5795,0.8,0,1
98199,player,2.29672,15.0422,-0.0682033,-0.06825,1
98199,flayer7,15,15.3074,-0.3,0,1
98201,flayer8,16.5,15.3074,-0.226302,0.196946,2
98201,bullet4,7.25329,15.5991,0.8,0,1
98202,bullet2,11.2238,15.5795,0.8,0,1
98202,bullet1,2.08828,14.9914,0.8,0,1
98204,player,1.63963,14.498,-0.0150982,-0.153134,1
98204,flayer7,13.5,15.3074,-0.3,0,0
98206,flayer8,15.3685,16.2922,-0.226302,0.196946,2
98206,bullet4,11.2533,15.5991,0.8,0,1
98207,bullet1,6.08828,14.9914,0.8,0,1
98207,bullet5,2.51778,14.8735,0.8,0,1
98209,player,2.21598,14.9635,0.0304761,0.0279289,1
98209,bullet3,2.61598,14.9635,0.8,0,1
98211,bullet4,15.2533,15.5991,0.8,0,1
98212,bullet1,10.0883,14.9914,0.8,0,1
98212,bullet5,6.51778,14.8735,0.8,0,1
98213,flyer2,16.5,15.3074,-0.266635,-0.137499,2
98213,bullet6,2.63989,14.9854,0.8,0,1
98214,player,2.24045,14.9859,0.000562369,0.000515367,1
98214,bullet3,6.61598,14.9635,0.8,0,1
98217,bullet1,14.0883,14.9914,0.8,0,1
98217,bullet5,10.5178,14.8735,0.8,0,1
98218,flyer2,15.1668,14.6199,-0.266635,-0.137499,1
98218,bullet6,6.63989,14.9854,0.8,0,1
98219,player,2.5784,14.9864,0.33751,9.50997e-06,1
98219,bullet3,10.616,14.9635,0.8,0,1
98220,bullet2,3.13028,14.9864,0.8,0,1
98222,bullet4,3.22939,14.9864,0.8,0,1
98223,bullet6,10.6399,14.9854,0.8,0,1
98224,player,2.84945,14.497,0.00622802,-0.151875,1
98224,bullet3,14.616,14.9635,0.8,0,1
98225,bullet2,7.13028,14.9864,0.8,0,1
98227,flyer4,16.5,11.9051,-0.2168,0.207359,2
98227,bullet4,7.22939,14.9864,0.8,0,1
98227,bullet1,2.69637,14.9418,0.8,0,1
98228,bullet6,14.6399,14.9854,0.8,0,1
98229,player,2.25214,14.6398,-0.0137247,-0.326463,1
98230,bullet2,11.1303,14.9864,0.8,0,1
98232,flyer4,15.416,12.9419,-0.2168,0.207359,2
98232,bullet4,11.2294,14.9864,0.8,0,1
98232,bullet1,6.69637,14.9418,0.8,0,1
98232,bullet5,2.64194,14.3971,0.8,0,1
98234,player,2.7305,14.3777,0.151622,-0.00602416,1
98235,bullet2,15.1303,14.9864,0.8,0,1
98237,flyer4,14.332,13.9787,-0.2168,0.207359,2
98237,bullet4,15.2294,14.9864,0.8,0,1
98237,bullet1,10.6964,14.9418,0.8,0,1
98237,bullet5,6.64194,14.3971,0.8,0,1
98238,bullet3,3.34856,14.2738,0.8,0,1
98239,player,2.89685,14.3282,-0.0517063,0.054393,1
98240,bullet6,3.27359,14.3527,0.8,0,1
98242,flyer4,13.248,15.0155,-0.2168,0.207359,1
98242,bullet5,10.6419,14.3971,0.8,0,1
98243,bullet3,7.34856,14.2738,0.8,0,1
98243,bullet2,2.76691,14.8603,0.8,0,1
98244,player,2.29761,14.9296,-0.0692979,0.0693475,1
98245,bullet6,7.27359,14.3527,0.8,0,1
98247,flyer4,12.164,16.0523,-0.2168,0.207359,1
98247,bullet5,14.6419,14.3971,0.8,0,1
98248,bullet3,11.3486,14.2738,0.8,0,1
98248,bullet2,6.76691,14.8603,0.8,0,1
98249,player,1.75258,13.8936,-0.153154,-0.164435,1
98250,bullet6,11.2736,14.3527,0.8,0,1
98251,flyer1,16.5,11.9051,-0.3,0,2
98251,bullet4,2.54203,13.297,0.8,0,1
98253,bullet3,15.3486,14.2738,0.8,0,1
98253,bullet2,10.7669,14.8603,0.8,0,1
98254,player,2.2319,12.6699,0.0110135,-0.168749,1
98255,bullet6,15.2736,14.3527,0.8,0,1
98256,flyer1,15,11.9051,-0.3,0,2
98256,bullet4,6.54203,13.297,0.8,0,1
98256,bullet1,2.63909,12.5598,0.8,0,1
98258,bullet2,14.7669,14.8603,0.8,0,1
98259,player,1.68303,11.9767,-0.0681405,-0.0714576,1
98259,bullet5,2.08303,11.9767,0.8,0,1
98261,flyer1,13.5,11.9051,-0.3,0,2
98261,bullet4,10.542,13.297,0.8,0,1
98261,bullet1,6.63909,12.5598,0.8,0,1
98263,bullet3,2.02956,11.3629,0.8,0,1
98264,player,1.96581,11.6683,0.336243,0.305427,1
98264,bullet5,6.08303,11.9767,0.8,0,1
98266,flyer1,12,11.9051,-0.3,0,2
98266,bullet4,14.542,13.297,0.8,0,1
98266,bullet1,10.6391,12.5598,0.8,0,1
98268,bullet3,6.02956,11.3629,0.8,0,1
98269,player,0.752144,12.2203,-0.430394,0.380725,1
98269,bullet5,10.083,11.9767,0.8,0,1
98272,flyer3,16.5,5.54314,-0.25334,0.160683,2
98273,bullet3,10.0296,11.3629,0.8,0,1
98273,bullet6,0.913542,12.5191,0.8,0,1
98274,player,0.451096,12.5261,-0.0624461,0.00702545,1
98275,bullet2,0.822995,12.5292,0.8,0,1
98277,flyer3,15.2333,6.34656,-0.25334,0.160683,2
98278,bullet3,14.0296,11.3629,0.8,0,1
98278,bullet6,4.91354,12.5191,0.8,0,1
98279,player,0.958665,12.5317,0.0671914,0.000129639,1
98279,bullet1,1.35866,12.5317,0.8,0,1
98280,bullet2,4.823,12.5292,0.8,0,1
98282,flyer3,13.9666,7.14998,-0.25334,0.160683,2
98282,bullet4,1.40863,12.5318,0.8,0,1
98283,bullet6,8.91354,12.5191,0.8,0,1
98284,player,1.01262,12.5318,0.00123987,2.39221e-06,1
98284,bullet1,5.35866,12.5317,0.8,0,1
98285,bullet2,8.823,12.5292,0.8,0,1
98287,flyer3,12.6999,7.95339,-0.25334,0.160683,2
98287,bullet4,5.40863,12.5318,0.8,0,1
98288,bullet6,12.9135,12.5191,0.8,0,1
98289,player,1.503,12.5318,0.151898,4.4143e-08,1
98289,bullet1,9.35867,12.5317,0.8,0,1
98290,bullet2,12.823,12.5292,0.8,0,1
98292,flyer3,11.4332,8.75681,-0.25334,0.160683,2
98292,bullet4,9.40863,12.5318,0.8,0,1
98293,bullet5,1.43371,13.1203,0.8,0,1
98294,player,1.02267,13.1341,-0.0110367,0.0138396,1
98294,bullet1,13.3587,12.5317,0.8,0,1
98297,flyer3,10.1665,9.56023,-0.25334,0.160683,2
98297,bullet4,13.4086,12.5318,0.8,0,1
98298,flyer6,16.5,5.54314,-0.3,0,2
98298,bullet5,5.43371,13.1203,0.8,0,1
98299,player,0.52443,13.6485,-0.152079,0.135215,1
98300,bullet3,0.855995,13.7093,0.8,0,1
98302,flyer3,8.89981,10.3636,-0.25334,0.160683,2
98303,flyer6,15,5.54314,-0.3,0,2
98303,bullet5,9.43371,13.1203,0.8,0,1
98304,player,0.4,13.6887,0,0.0860264,1
98305,bullet3,4.856,13.7093,0.8,0,1
98306,bullet6,0.8,13.2555,0.8,0,1
98307,flyer3,7.63311,11.1671,-0.25334,0.160683,2
98308,flyer6,13.5,5.54314,-0.3,0,2
98308,bullet5,13.4337,13.1203,0.8,0,1
98308,bullet2,0.8,13.1677,0.8,0,1
98309,player,0.4,13.1555,-0,-0.0122522,1
98310,bullet3,8.856,13.7093,0.8,0,1
98311,bullet6,4.8,13.2555,0.8,0,1
98312,flyer3,6.36641,11.9705,-0.25334,0.160683,2
98313,flyer6,12,5.54314,-0.3,0,2
98313,bullet2,4.8,13.1677,0.8,0,1
98314,player,1.32597,13.9543,0.368255,-0.238628,1
98315,bullet3,12.856,13.7093,0.8,0,1
98316,bullet6,8.8,13.2555,0.8,0,1
98317,flyer3,5.09971,12.7739,-0.25334,0.160683,1
98318,flyer6,10.5,5.54314,-0.3,0,2
98319,player,2.76791,13.205,0.105894,-0.0727471,1
98319,bullet1,3.16791,13.205,0.8,0,1
98321,bullet6,12.8,13.2555,0.8,0,1
98323,flyer6,9,5.54314,-0.3,0,2
98324,player,2.5462,12.2206,-0.373135,-0.369597,1
98325,flyer5,16.5,5.54314,-0.299622,-0.0150477,2
98325,bullet4,2.77829,12.0543,0.8,0,1
98327,flayer7,16.5,5.08204,-0.274914,-0.120092,2
98327,bullet5,2.66873,11.9457,0.8,0,1
98328,flyer6,7.5,5.54314,-0.3,0,2
98329,player,2.24654,11.5863,-0.00688539,-0.34432,1
98330,flyer5,15.0019,5.46791,-0.299622,-0.0150477,2
98330,bullet4,6.77829,12.0543,0.8,0,1
98332,flayer7,15.1254,4.48158,-0.274914,-0.120092,2
98332,bullet5,6.66873,11.9457,0.8,0,1
98333,flyer6,5.99999,5.54314,-0.3,0,2
98334,player,3.7247,10.9415,0.436471,-0.306265,1
98335,flyer5,13.5038,5.39267,-0.299622,-0.0150477,2
98335,bullet4,10.7783,12.0543,0.8,0,1
98337,flayer7,13.7509,3.88112,-0.274914,-0.120092,2
98337,bullet5,10.6687,11.9457,0.8,0,1
98338,flyer6,4.49999,5.54314,-0.3,0,2
98338,bullet2,3.1778,11.1906,-0.8,-6.99382e-08,1
98339,player,3.51751,11.2533,-0.0602896,0.0626923,1
98340,flyer5,12.0057,5.31743,-0.299622,-0.0150477,2
98340,bullet4,14.7783,12.0543,0.8,0,1
98340,bullet3,3.89038,11.2815,0.8,0,1
98342,flayer7,12.3763,3.28067,-0.274914,-0.120092,2
98342,bullet5,14.6687,11.9457,0.8,0,1
98343,flyer6,2.99999,5.54314,-0.3,0,2
98344,player,4.02681,11.8613,0.0672312,0.0695006,1
98345,flyer5,10.5076,5.24219,-0.299622,-0.0150477,2
98345,bullet3,7.89038,11.2815,0.8,0,1
98347,flayer7,11.0017,2.68021,-0.274914,-0.120092,2
98348,flyer6,1.49999,5.54314,-0.3,0,2
98349,player,3.63602,13.0772,-0.205139,0.0834658,1
98350,flyer5,9.00944,5.16695,-0.299622,-0.0150477,2
98350,bullet3,11.8904,11.2815,0.8,0,1
98351,bullet1,2.6128,13.621,-0.8,-6.99382e-08,1
98352,flayer7,9.62713,2.07975,-0.274914,-0.120092,2
98353,flyer6,-6.4373e-06,5.54314,-0.3,0,2
98354,player,3.35834,13.7465,0.13425,0.0153798,1
98354,bullet6,3.75834,13.7465,0.8,0,1
98355,flyer5,7.51132,5.09172,-0.299622,-0.0150477,2
98355,bullet3,15.8904,11.2815,0.8,0,1
98356,flayer8,16.5,5.54314,-0.3,0,2
98357,flayer7,8.25256,1.47929,-0.274914,-0.120092,2
98359,player,3.49691,13.7281,-0.0351118,0.0378729,1
98359,bullet6,7.75834,13.7465,0.8,0,1
98360,flyer5,6.01321,5.01648,-0.299622,-0.0150477,2
98360,bullet4,3.88111,13.7452,0.8,0,1
98361,flayer8,15,5.54314,-0.3,0,2
98361,bullet2,3.874,13.7528,0.8,0,1
98362,flayer7,6.87799,0.878826,-0.274914,-0.120092,2
98363,bullet5,3.86936,13.7578,0.8,0,1
98364,player,3.46871,13.7585,-0.000647911,0.000698861,1
98364,bullet6,11.7583,13.7465,0.8,0,1
98365,flyer5,4.5151,4.94124,-0.299622,-0.0150477,2
98365,bullet4,7.88111,13.7452,0.8,0,1
98366,flayer8,13.5,5.54314,-0.3,0,2
98366,bullet2,7.874,13.7528,0.8,0,1
98367,flayer7,5.50342,0.278366,-0.274914,-0.120092,2
98368,bullet5,7.86936,13.7578,0.8,0,1
98369,player,2.57297,14.6851,-0.405856,0.368268,1
98369,bullet6,15.7583,13.7465,0.8,0,1
98370,flyer5,3.01699,4.866,-0.299622,-0.0150477,2
98370,bullet4,11.8811,13.7452,0.8,0,1
98370,bullet1,2.79034,14.8508,0.8,0,1
98371,flayer8,12,5.54314,-0.3,0,2
98371,bullet2,11.874,13.7528,0.8,0,1
98372,flayer7,4.12884,-0.322094,-0.274914,-0.120092,2
98373,bullet5,11.8694,13.7578,0.8,0,1
98374,player,2.80476,14.9808,0.0608546,0.00679557,1
98375,flyer5,1.51888,4.79077,-0.299622,-0.0150477,2
98375,bullet4,15.8811,13.7452,0.8,0,1
98375,bullet1,6.79034,14.8508,0.8,0,1
98376,flayer8,10.5,5.54314,-0.3,0,2
98376,bullet2,15.874,13.7528,0.8,0,1
98376,bullet3,3.24446,14.9852,0.8,0,1
98377,bullet6,3.25001,14.9859,0.8,0,1
98378,bullet5,15.8694,13.7578,0.8,0,1
98379,player,2.85363,14.9863,0.00112294,0.000125397,1
98379,bullet4,3.25363,14.9863,0.8,0,1
98380,flyer5,0.0207641,4.71553,-0.299622,-0.0150477,2
98380,bullet1,10.7903,14.8508,0.8,0,1
98381,flayer8,9,5.54314,-0.3,0,2
98381,bullet3,7.24446,14.9852,0.8,0,1
98382,bullet6,7.25001,14.9859,0.8,0,1
98384,player,2.96747,14.5359,-0.138015,-0.199462,1
98384,bullet4,7.25363,14.9863,0.8,0,1
98385,bullet1,14.7903,14.8508,0.8,0,1
98386,flayer8,7.5,5.54314,-0.3,0,2
98386,bullet3,11.2445,14.9852,0.8,0,1
98387,bullet6,11.25,14.9859,0.8,0,1
98389,player,2.51913,14.3757,-0.340047,-0.00368064,1
98389,bullet4,11.2536,14.9863,0.8,0,1
98391,flayer8,5.99999,5.54314,-0.3,0,2
98391,bullet3,15.2445,14.9852,0.8,0,1
98392,bullet6,15.25,14.9859,0.8,0,1
98393,flyer2,16.5,5.08204,-0.251976,-0.162813,2
98393,bullet2,2.0946,14.9306,0.8,0,1
98394,player,1.65757,14.6238,-0.0370295,-0.306813,1
98394,bullet4,15.2536,14.9863,0.8,0,1
98396,flayer8,4.49999,5.54314,-0.3,0,2
98396,flyer4,16.5,5.54314,-0.3,0,2
98397,bullet5,2.51941,13.9062,0.8,0,1
98398,flyer2,15.2401,4.26798,-0.251976,-0.162813,2
98398,bullet2,6.0946,14.9306,0.8,0,1
98399,player,1.87881,13.7889,-0.307429,-0.0364163,1
98400,bullet1,2.14046,13.7725,0.8,0,1
98401,flayer8,2.99999,5.54314,-0.3,0,2
98401,flyer4,15,5.54314,-0.3,0,2
98402,bullet5,6.51941,13.9062,0.8,0,1
98403,flyer2,13.9802,3.45392,-0.251976,-0.162813,2
98403,bullet2,10.0946,14.9306,0.8,0,1
98404,player,2.18963,13.2019,0.0626708,-0.0690157,1
98404,bullet3,2.58963,13.2019,0.8,0,1
98405,bullet1,6.14046,13.7725,0.8,0,1
98406,flayer8,1.49999,5.54314,-0.3,0,2
98406,flyer4,13.5,5.54314,-0.3,0,2
98407,bullet5,10.5194,13.9062,0.8,0,1
98408,flyer2,12.7204,2.63986,-0.251976,-0.162813,2
98408,bullet2,14.0946,14.9306,0.8,0,1
98409,player,1.63765,13.1465,-0.0126832,-0.00127353,1
98409,bullet3,6.58963,13.2019,0.8,0,1
98410,bullet1,10.1405,13.7725,0.8,0,1
98411,flayer8,-6.4373e-06,5.54314,-0.3,0,2
98411,flyer4,12,5.54314,-0.3,0,2
98412,bullet5,14.5194,13.9062,0.8,0,1
98413,flyer2,11.4605,1.82579,-0.251976,-0.162813,2
98413,bullet6,1.53832,13.6349,0.8,0,1
98414,player,1.06975,13.7032,-0.0685778,0.0683202,1
98414,bullet3,10.5896,13.2019,0.8,0,1
98415,bullet1,14.1405,13.7725,0.8,0,1
98415,bullet4,1.43889,13.7339,0.8,0,1
98416,flyer4,10.5,5.54314,-0.3,0,2
98418,flyer2,10.2006,1.01173,-0.251976,-0.162813,2
98418,bullet6,5.53832,13.6349,0.8,0,1
98419,player,0.426198,14.3465,-0.0320201,0.0320154,1
98419,bullet3,14.5896,13.2019,0.8,0,1
98420,bullet4,5.43889,13.7339,0.8,0,1
98421,flyer4,9,5.54314,-0.3,0,2
98422,bullet2,0.802387,14.9281,0.8,0,1
98423,flyer2,8.94072,0.197667,-0.251976,-0.162813,2
98423,bullet6,9.53832,13.6349,0.8,0,1
98424,player,0.400483,14.9746,-0.000590862,0.0144304,1
98425,bullet4,9.43889,13.7339,0.8,0,1
98426,flyer4,7.5,5.54314,-0.3,0,2
98427,bullet2,4.80239,14.9281,0.8,0,1
98428,bullet6,13.5383,13.6349,0.8,0,1
98429,player,0.512947,15.3236,-0.138046,0.337766,1
98430,bullet4,13.4389,13.7339,0.8,0,1
98431,flyer4,5.99999,5.54314,-0.3,0,2
98432,flyer1,16.5,5.08204,-0.298463,0.0303304,2
98432,bullet2,8.80239,14.9281,0.8,0,1
98434,player,0.653058,14.4487,-0.309293,-0.0928657,1
98434,flyer3,16.5,5.08204,-0.3,0,2
98435,bullet5,0.913876,14.4069,0.8,0,1
98436,flyer4,4.49999,5.54314,-0.3,0,2
98437,flyer1,15.0077,5.2337,-0.298463,0.0303304,2
98437,bullet2,12.8024,14.9281,0.8,0,1
98439,player,0.894045,14.8635,0.146168,0.150161,1
98439,flyer3,15,5.08204,-0.3,0,2
98439,bullet1,1.29404,14.8635,0.8,0,1
98440,bullet5,4.91388,14.4069,0.8,0,1
98441,flyer4,2.99999,5.54314,-0.3,0,2
98442,flyer1,13.5154,5.38535,-0.298463,0.0303304,2
98442,bullet3,1.89211,14.4858,0.8,0,1
98444,player,1.5999,14.3956,0.0334519,-0.0279838,1
98444,flyer3,13.5,5.08204,-0.3,0,2
98444,bullet1,5.29404,14.8635,0.8,0,1
98444,bullet6,1.9999,14.3956,0.8,0,1
98445,bullet5,8.91388,14.4069,0.8,0,1
98446,flyer4,1.49999,5.54314,-0.3,0,2
98447,flyer1,12.0231,5.537,-0.298463,0.0303304,2
98447,bullet3,5.89211,14.4858,0.8,0,1
98449,player,1.62677,14.3732,0.000617281,-0.00051638,1
98449,flyer3,12,5.08204,-0.3,0,2
98449,bullet1,9.29405,14.8635,0.8,0,1
98449,bullet6,5.9999,14.3956,0.8,0,1
98450,bullet5,12.9139,14.4069,0.8,0,1
98451,flyer4,-6.4373e-06,5.54314,-0.3,0,2
98452,flyer1,10.5307,5.68865,-0.298463,0.0303304,2
98452,bullet3,9.89211,14.4858,0.8,0,1
98454,player,1.03879,13.7843,-0.0307433,-0.0307642,1
98454,flyer3,10.5,5.08204,-0.3,0,2
98454,bullet1,13.294,14.8635,0.8,0,1
98454,bullet6,9.9999,14.3956,0.8,0,1
98457,flyer1,9.03843,5.8403,-0.298463,0.0303304,2
98457,bullet3,13.8921,14.4858,0.8,0,1
98457,bullet4,1.97365,13.7614,0.8,0,1
98459,player,1.61641,13.4221,0.0132723,-0.338068,1
98459,flyer3,9,5.08204,-0.3,0,2
98459,bullet6,13.9999,14.3956,0.8,0,1
98461,bullet2,2.02507,13.2015,0.8,0,1
98462,flyer1,7.54611,5.99195,-0.298463,0.0303304,2
98462,bullet4,5.97365,13.7614,0.8,0,1
98462,bullet5,2.02628,13.1707,0.8,0,1
98464,player,1.28957,13.1506,-0.337255,-0.0062383,1
98464,flyer3,7.5,5.08204,-0.3,0,2
98465,bullet1,1.53781,13.1478,0.8,0,1
98466,bullet2,6.02507,13.2015,0.8,0,1
98467,flyer1,6.0538,6.1436,-0.298463,0.0303304,2
98467,bullet4,9.97365,13.7614,0.8,0,1
98467,bullet5,6.02628,13.1707,0.8,0,1
98469,player,1.01873,13.1456,-0.00622331,-0.000115114,1
98469,flyer3,5.99999,5.08204,-0.3,0,2
98470,bullet1,5.53781,13.1478,0.8,0,1
98471,bullet2,10.0251,13.2015,0.8,0,1
98472,flyer1,4.56149,6.29525,-0.298463,0.0303304,2
98472,bullet4,13.9736,13.7614,0.8,0,1
98472,bullet5,10.0263,13.1707,0.8,0,1
98474,player,1.01373,12.5431,-0.000114837,-0.0138417,1
98474,flyer3,4.49999,5.08204,-0.3,0,2
98475,bullet1,9.53781,13.1478,0.8,0,1
98476,bullet2,14.0251,13.2015,0.8,0,1
98477,flyer1,3.06917,6.4469,-0.298463,0.0303304,2
98477,bullet5,14.0263,13.1707,0.8,0,1
98479,player,0.945295,13.0898,0.0835291,0.0680883,1
98479,flyer3,2.99999,5.08204,-0.3,0,2
98480,flyer6,16.5,1.59748,-0.245533,-0.172376,2
98480,bullet1,13.5378,13.1478,0.8,0,1
98482,flyer1,1.57686,6.59855,-0.298463,0.0303304,2
98484,player,1.76656,12.7931,-0.170244,-0.319328,1
98484,flyer3,1.49999,5.08204,-0.3,0,2
98484,flayer7,16.5,5.08204,-0.285252,-0.0929038,2
98485,flyer6,15.2723,0.735602,-0.245533,-0.172376,2
98487,flyer1,0.0845432,6.7502,-0.298463,0.0303304,2
98488,bullet3,1.47527,13.1003,0.8,0,1
98489,player,1.04137,13.1251,-0.0338962,0.0248622,1
98489,flyer3,-6.4373e-06,5.08204,-0.3,0,2
98489,flayer7,15.0737,4.61753,-0.285252,-0.0929038,2
98490,flyer6,14.0447,-0.126278,-0.245533,-0.172376,2
98491,flyer5,16.5,1.59748,-0.3,0,2
98491,bullet6,0.929878,13.6307,0.8,0,1
98493,bullet3,5.47527,13.1003,0.8,0,1
98494,player,0.901211,13.7474,0.13741,0.0142984,1
98494,flayer7,13.6475,4.15301,-0.285252,-0.0929038,2
98494,bullet4,1.30121,13.7474,0.8,0,1
98496,flyer5,15,1.59748,-0.3,0,2
98496,bullet6,4.92988,13.6307,0.8,0,1
98496,bullet2,0.590871,13.7567,-0.8,-6.99382e-08,1
98498,bullet3,9.47527,13.1003,0.8,0,1
98499,player,1.01156,13.7589,0.0025356,0.000263845,1
98499,flayer7,12.2212,3.68849,-0.285252,-0.0929038,2
98499,bullet4,5.30121,13.7474,0.8,0,1
98499,bullet5,1.41156,13.7589,0.8,0,1
98501,flyer5,13.5,1.59748,-0.3,0,2
98501,bullet6,8.92988,13.6307,0.8,0,1
98503,bullet3,13.4753,13.1003,0.8,0,1
98504,player,1.3511,13.7591,0.337547,4.86869e-06,1
98504,flayer7,10.7949,3.22397,-0.285252,-0.0929038,2
98504,bullet4,9.30121,13.7474,0.8,0,1
98504,bullet5,5.41156,13.7589,0.8,0,1
98506,flyer5,12,1.59748,-0.3,0,2
98506,bullet6,12.9299,13.6307,0.8,0,1
98509,player,1.06446,13.7591,-0.0621151,8.9841e-08,1
98509,flayer7,9.36869,2.75945,-0.285252,-0.0929038,2
98509,bullet4,13.3012,13.7474,0.8,0,1
98509,bullet5,9.41156,13.7589,0.8,0,1
98509,bullet1,1.46446,13.7591,0.8,0,1
98511,flyer5,10.5,1.59748,-0.3,0,2
98513,bullet2,0.926346,14.2485,0.8,0,1
98514,player,0.456856,14.3168,-0.0694899,0.0683438,1
98514,flayer7,7.94242,2.29493,-0.285252,-0.0929038,2
98514,bullet5,13.4116,13.7589,0.8,0,1
98514,bullet1,5.46446,13.7591,0.8,0,1
98516,flyer5,9,1.59748,-0.3,0,2
98518,bullet2,4.92635,14.2485,0.8,0,1
98519,player,0.7375,14.3271,0.3375,0.0557653,1
98519,flayer7,6.51616,1.83041,-0.285252,-0.0929038,2
98519,bullet1,9.46446,13.7591,0.8,0,1
98521,flyer5,7.5,1.59748,-0.3,0,2
98522,bullet3,1.94619,14.9263,0.8,0,1
98523,bullet2,8.92635,14.2485,0.8,0,1
98524,player,1.61085,14.9742,0.0200674,0.0148686,1
98524,flayer7,5.0899,1.36589,-0.285252,-0.0929038,2
98524,bullet1,13.4645,13.7591,0.8,0,1
98525,bullet6,2.01988,14.9809,0.8,0,1
98526,flyer5,5.99999,1.59748,-0.3,0,2
98527,bullet3,5.94619,14.9263,0.8,0,1
98528,bullet2,12.9263,14.2485,0.8,0,1
98529,player,1.0385,15.0852,-0.0303844,-0.120846,1
98529,flayer7,3.66364,0.901373,-0.285252,-0.0929038,2
98530,bullet6,6.01988,14.9809,0.8,0,1
98531,flyer5,4.49999,1.59748,-0.3,0,2
98532,bullet3,9.94619,14.9263,0.8,0,1
98534,player,0.4,14.9198,0,0.0813013,1
98534,flayer7,2.23738,0.436854,-0.285252,-0.0929038,2
98535,bullet6,10.0199,14.9809,0.8,0,1
98536,flyer5,2.99999,1.59748,-0.3,0,2
98536,bullet4,0.8,15.4623,0.8,0,1
98537,bullet3,13.9462,14.9263,0.8,0,1
98539,player,0.4,15.6,0,0,1
98539,flayer7,0.811119,-0.027665,-0.285252,-0.0929038,2
98540,bullet6,14.0199,14.9809,0.8,0,1
98540,bullet5,0.8,15.6,0.8,0,1
98541,flyer5,1.49999,1.59748,-0.3,0,2
98541,bullet4,4.8,15.4623,0.8,0,1
98543,bullet1,1.28938,15.6,0.8,0,1
98544,player,0.957719,15.6,0.0683438,0,1
98545,bullet5,4.8,15.6,0.8,0,1
98546,flyer5,-6.4373e-06,1.59748,-0.3,0,2
98546,bullet4,8.8,15.4623,0.8,0,1
98546,bullet2,0.912938,15.6,0.8,0,1
98548,bullet1,5.28938,15.6,0.8,0,1
98549,player,0.410292,15.6,-0.0125785,0,1
98550,bullet5,8.8,15.6,0.8,0,1
98551,bullet4,12.8,15.4623,0.8,0,1
98551,bullet2,4.91294,15.6,0.8,0,1
98553,bullet1,9.28938,15.6,0.8,0,1
98554,player,0.4,15.6,0,0,1
98555,bullet5,12.8,15.6,0.8,0,1
98556,flayer8,16.5,1.59748,-0.3,0,2
98556,bullet2,8.91294,15.6,0.8,0,1
98558,bullet1,13.2894,15.6,0.8,0,1
98559,player,0.4,14.8596,0,0.15487,1
98560,flyer2,16.5,7.35341,-0.261587,-0.146876,2
98561,flayer8,15,1.59748,-0.3,0,2
98561,bullet2,12.9129,15.6,0.8,0,1
98562,flyer4,16.5,7.35341,-0.27727,-0.114548,2
98562,bullet3,0.8,14.4854,0.8,0,1
98564,player,0.4,14.3955,0,-0.0278969,1
98564,bullet6,0.8,14.3955,0.8,0,1
98565,flyer2,15.1921,6.61903,-0.261587,-0.146876,2
98566,flayer8,13.5,1.59748,-0.3,0,2
98567,flyer4,15.1136,6.78067,-0.27727,-0.114548,2
98567,bullet3,4.8,14.4854,0.8,0,1
98569,player,0.620219,13.4779,-0.269156,-0.406359,1
98569,bullet6,4.8,14.3955,0.8,0,1
98570,flyer2,13.8841,5.88465,-0.261587,-0.146876,2
98570,bullet4,0.899099,13.2951,0.8,0,1
98571,flayer8,12,1.59748,-0.3,0,2
98572,flyer4,13.7273,6.20793,-0.27727,-0.114548,2
98572,bullet3,8.8,14.4854,0.8,0,1
98574,player,0.741564,14.0468,0.332533,0.398345,1
98574,bullet6,8.8,14.3955,0.8,0,1
98575,flyer2,12.5762,5.15027,-0.261587,-0.146876,2
98575,bullet4,4.8991,13.2951,0.8,0,1
98575,bullet5,1.2912,14.2261,0.8,0,1
98576,flayer8,10.5,1.59748,-0.3,0,2
98577,flyer4,12.3409,5.63519,-0.27727,-0.114548,2
98577,bullet3,12.8,14.4854,0.8,0,1
98579,player,1.00862,13.809,0.00613617,-0.0609932,1
98579,bullet6,12.8,14.3955,0.8,0,1
98580,flyer2,11.2683,4.41589,-0.261587,-0.146876,2
98580,bullet4,8.8991,13.2951,0.8,0,1
98580,bullet5,5.2912,14.2261,0.8,0,1
98581,flayer8,9,1.59748,-0.3,0,2
98582,flyer4,10.9546,5.06245,-0.27727,-0.114548,2
98582,bullet1,1.41318,13.7636,0.8,0,1
98584,player,1.01354,13.76,0.00011323,-0.0011255,1
98584,bullet2,1.41354,13.76,0.8,0,1
98585,flyer2,9.96034,3.68151,-0.261587,-0.146876,2
98585,bullet4,12.8991,13.2951,0.8,0,1
98585,bullet5,9.2912,14.2261,0.8,0,1
98586,flayer8,7.5,1.59748,-0.3,0,2
98587,flyer4,9.56824,4.48971,-0.27727,-0.114548,2
98587,bullet1,5.41318,13.7636,0.8,0,1
98589,player,1.61595,13.2697,0.0138417,-0.151896,1
98589,bullet2,5.41354,13.76,0.8,0,1
98590,flyer2,8.65241,2.94713,-0.261587,-0.146876,2
98590,bullet5,13.2912,14.2261,0.8,0,1
98590,bullet3,2.02218,13.2014,0.8,0,1
98591,flayer8,5.99999,1.59748,-0.3,0,2
98592,flyer4,8.18189,3.91697,-0.27727,-0.114548,2
98592,bullet1,9.41318,13.7636,0.8,0,1
98594,player,2.21554,13.7362,0.0310101,0.0279518,1
98594,bullet2,9.41354,13.76,0.8,0,1
98595,flyer2,7.34448,2.21275,-0.261587,-0.146876,2
98595,bullet3,6.02218,13.2014,0.8,0,1
98596,flayer8,4.49999,1.59748,-0.3,0,2
98597,flyer4,6.79554,3.34423,-0.27727,-0.114548,2
98597,bullet1,13.4132,13.7636,0.8,0,1
98597,bullet6,2.6386,13.757,0.8,0,1
98599,player,1.75107,13.7587,-0.151303,0.000515789,1
98599,bullet2,13.4135,13.76,0.8,0,1
98600,flyer2,6.03655,1.47837,-0.261587,-0.146876,2
98600,bullet3,10.0222,13.2014,0.8,0,1
98601,flayer8,2.99999,1.59748,-0.3,0,2
98602,flyer4,5.40919,2.77149,-0.27727,-0.114548,2
98602,bullet6,6.6386,13.757,0.8,0,1
98604,player,1.78143,14.1957,-0.188417,0.216389,1
98605,flyer2,4.72861,0.743996,-0.261587,-0.146876,2
98605,bullet3,14.0222,13.2014,0.8,0,1
98606,flayer8,1.49999,1.59748,-0.3,0,2
98607,flyer4,4.02284,2.19875,-0.27727,-0.114548,2
98607,bullet6,10.6386,13.757,0.8,0,1
98607,bullet4,1.55195,14.846,0.8,0,1
98609,player,1.04164,14.9579,-0.0342315,0.0347477,1
98610,flyer2,3.42068,0.00961795,-0.261587,-0.146876,2
98611,flayer8,-6.4373e-06,1.59748,-0.3,0,2
98611,bullet5,1.41931,14.9806,0.8,0,1
98612,flyer4,2.63649,1.62601,-0.27727,-0.114548,2
98612,bullet6,14.6386,13.757,0.8,0,1
98612,bullet4,5.55195,14.846,0.8,0,1
98614,player,0.524779,15.4752,-0.152507,0.152516,1
98614,bullet1,0.924779,15.4752,0.8,0,1
98616,bullet5,5.41931,14.9806,0.8,0,1
98616,bullet2,0.825268,15.5747,0.8,0,1
98617,flyer4,1.25013,1.05328,-0.27727,-0.114548,2
98617,bullet4,9.55195,14.846,0.8,0,1
98619,player,0.739803,15.5977,0.334686,0.00281435,1
98619,bullet1,4.92478,15.4752,0.8,0,1
98621,bullet5,9.41931,14.9806,0.8,0,1
98621,bullet2,4.82527,15.5747,0.8,0,1
98622,flyer4,-0.136218,0.480536,-0.27727,-0.114548,2
98622,bullet4,13.5519,14.846,0.8,0,1
98624,player,0.450865,15.0422,-0.0621679,-0.0682918,1
98624,bullet1,8.92478,15.4752,0.8,0,1
98626,flyer1,16.5,7.35341,-0.299881,0.00844375,2
98626,bullet5,13.4193,14.9806,0.8,0,1
98626,bullet2,8.82527,15.5747,0.8,0,1
98629,player,0.4,15.6,0,0,1
98629,bullet1,12.9248,15.4752,0.8,0,1
98629,bullet3,0.8,15.6,0.8,0,1
98631,flyer1,15.0006,7.39562,-0.299881,0.00844375,2
98631,bullet2,12.8253,15.5747,0.8,0,1
98632,bullet6,0.8,15.6,0.8,0,1
98634,player,0.4,15.6,0,0,1
98634,bullet3,4.8,15.6,0.8,0,1
98634,bullet4,0.8,15.6,0.8,0,1
98636,flyer1,13.5012,7.43784,-0.299881,0.00844375,2
98636,bullet5,0,15.6,-0.8,-6.99382e-08,1
98637,bullet6,4.8,15.6,0.8,0,1
98639,player,0.4,15.6,0,0,1
98639,bullet3,8.8,15.6,0.8,0,1
98639,bullet4,4.8,15.6,0.8,0,1
98639,bullet1,0.8,15.6,0.8,0,1
98641,flyer1,12.0018,7.48006,-0.299881,0.00844375,2
98642,bullet6,8.8,15.6,0.8,0,1
98644,player,0.468344,14.9977,-0.0835313,-0.0138396,1
98644,bullet3,12.8,15.6,0.8,0,1
98644,bullet4,8.8,15.6,0.8,0,1
98644,bullet1,4.8,15.6,0.8,0,1
98646,flyer1,10.5024,7.52228,-0.299881,0.00844375,2
98647,bullet6,12.8,15.6,0.8,0,1
98649,player,0.95898,14.4289,0.0668024,-0.0685991,1
98649,bullet4,12.8,15.6,0.8,0,1
98649,bullet1,8.8,15.6,0.8,0,1
98649,bullet2,1.35898,14.4289,0.8,0,1
98651,flyer1,9.00298,7.5645,-0.299881,0.00844375,2
98654,player,0.410315,14.1535,-0.0126069,0.26789,1
98654,flyer3,16.5,10.5787,-0.3,0,2
98654,bullet1,12.8,15.6,0.8,0,1
98654,bullet2,5.35898,14.4289,0.8,0,1
98655,bullet5,0.804642,14.2741,0.8,0,1
98656,flyer1,7.50357,7.60672,-0.299881,0.00844375,2
98657,bullet3,0.80094,14.3528,0.8,0,1
98659,player,0.40019,14.3687,-0.000232633,0.00494333,1
98659,flyer3,15,10.5787,-0.3,0,2
98659,bullet2,9.35898,14.4289,0.8,0,1
98660,bullet5,4.80464,14.2741,0.8,0,1
98661,flyer1,6.00417,7.64894,-0.299881,0.00844375,2
98661,bullet6,0.800039,14.3719,0.8,0,1
98662,bullet3,4.80094,14.3528,0.8,0,1
98664,player,0.400004,13.8833,-4.29274e-06,-0.151784,1
98664,flyer3,13.5,10.5787,-0.3,0,2
98664,bullet2,13.359,14.4289,0.8,0,1
98665,bullet5,8.80464,14.2741,0.8,0,1
98666,flyer1,4.50476,7.69116,-0.299881,0.00844375,2
98666,bullet6,4.80004,14.3719,0.8,0,1
98667,bullet3,8.80094,14.3528,0.8,0,1
98669,player,1.22688,12.5706,0.489375,-0.0473951,1
98669,flyer3,12,10.5787,-0.3,0,2
98670,bullet5,12.8046,14.2741,0.8,0,1
98671,flyer1,3.00535,7.73338,-0.299881,0.00844375,2
98671,bullet6,8.80004,14.3719,0.8,0,1
98672,bullet3,12.8009,14.3528,0.8,0,1
98673,bullet4,2.01085,12.5334,0.8,0,1
