464726,player,8.01304,2.72577,0,0,1
464727,bullet1,8.41304,2.72577,0.8,0,1
464728,bullet2,8.41304,2.72577,0.8,0,1
464730,bullet3,8.41304,2.72577,0.8,0,1
464731,player,8.01304,2.72577,0,0,1
464731,bullet4,8.41304,2.72577,0.8,0,1
464732,bullet1,12.413,2.72577,0.8,0,1
464733,bullet2,12.413,2.72577,0.8,0,1
464735,bullet3,12.413,2.72577,0.8,0,1
464736,player,8.01304,2.72577,0,0,1
464736,bullet4,12.413,2.72577,0.8,0,1
464737,bullet5,7.61304,2.72577,-0.8,-6.99382e-08,1
464738,bullet6,8.41304,2.72577,0.8,0,1
464740,bullet1,7.61304,2.72577,-0.8,-6.99382e-08,1
464741,player,8.01304,2.72577,0,0,1
464742,bullet5,3.61304,2.72577,-0.8,-6.99382e-08,1
464743,bullet6,12.413,2.72577,0.8,0,1
464745,bullet1,3.61304,2.72577,-0.8,-6.99382e-08,1
464746,player,8.57076,2.2364,0.0683438,-0.151875,1
464747,bullet5,-0.386958,2.72577,-0.8,-6.99382e-08,1
464748,bullet6,16.413,2.72577,0.8,0,1
464750,flyer1,16.5,13.0914,-0.3,0,2
464750,bullet1,-0.386958,2.72577,-0.8,-6.99382e-08,1
464751,player,9.11502,3.19228,0.153136,0.179827,1
464752,bullet2,9.58394,3.2732,0.8,0,1
464754,bullet3,9.6289,3.326,0.8,0,1
464755,flyer1,15,13.0914,-0.3,0,2
464755,flyer2,16.5,13.0914,-0.281501,0.103716,2
464756,player,9.23801,2.84732,0.00282579,-0.148557,1
464757,bullet2,13.5839,3.2732,0.8,0,1
464757,bullet4,9.63928,2.78047,0.8,0,1
464759,bullet3,13.6289,3.326,0.8,0,1
464760,flyer1,13.5,13.0914,-0.3,0,2
464760,flyer2,15.0925,13.61,-0.281501,0.103716,2
464760,bullet5,9.64022,3.28847,0.8,0,1
464761,player,9.24028,3.31649,5.21438e-05,0.0280134,1
464762,bullet4,13.6393,2.78047,0.8,0,1
464762,bullet6,9.6403,3.32909,0.8,0,1
464764,bullet1,9.64031,3.33732,0.8,0,1
464765,flyer1,12,13.0914,-0.3,0,2
464765,flyer2,13.685,14.1285,-0.281501,0.103716,2
464765,bullet5,13.6402,3.28847,0.8,0,1
464766,player,9.24032,3.33898,9.622e-07,0.000516926,1
464767,bullet6,13.6403,3.32909,0.8,0,1
464767,bullet2,9.64032,3.33922,0.8,0,1
464769,bullet1,13.6403,3.33732,0.8,0,1
464770,flyer1,10.5,13.0914,-0.3,0,2
464770,flyer2,12.2775,14.6471,-0.281501,0.103716,2
464771,player,9.24032,2.85002,1.77553e-08,-0.151865,1
464772,bullet2,13.6403,3.33922,0.8,0,1
464772,bullet3,9.64032,2.78169,0.8,0,1
464774,bullet4,9.64032,2.73709,0.8,0,1
464775,flyer1,9,13.0914,-0.3,0,2
464775,flyer2,10.87,15.1657,-0.281501,0.103716,2
464775,bullet5,9.64032,2.73087,0.8,0,1
464776,player,9.24032,2.72806,3.27635e-10,-0.00280235,1
464777,bullet3,13.6403,2.78169,0.8,0,1
464778,bullet6,10.1297,2.23686,0.8,0,1
464779,bullet4,13.6403,2.73709,0.8,0,1
464780,flyer1,7.5,13.0914,-0.3,0,2
464780,flyer2,9.46246,15.6843,-0.281501,0.103716,2
464780,bullet5,13.6403,2.73087,0.8,0,1
464781,player,9.84263,2.1235,0.0138396,-0.0138913,1
464782,bullet1,10.2489,2.11725,0.8,0,1
464783,bullet6,14.1297,2.23686,0.8,0,1
464785,flyer1,5.99999,13.0914,-0.3,0,2
464785,flyer2,8.05495,16.2028,-0.281501,0.103716,2
464785,bullet2,9.76412,1.62323,0.8,0,1
464786,player,9.29603,1.55462,-0.0680884,-0.0686001,1
464787,bullet1,14.2489,2.11725,0.8,0,1
464788,flyer3,16.5,10.0719,-0.3,0,2
464788,bullet3,9.65161,1.50986,0.8,0,1
464789,bullet4,9.6454,1.50361,0.8,0,1
464790,flyer1,4.49999,13.0914,-0.3,0,2
464790,bullet2,13.7641,1.62323,0.8,0,1
464791,player,8.90385,1.83703,-0.338756,0.336234,1
464793,flyer3,15,10.0719,-0.3,0,2
464793,bullet3,13.6516,1.50986,0.8,0,1
464794,bullet4,13.6454,1.50361,0.8,0,1
464795,flyer1,2.99999,13.0914,-0.3,0,2
464796,player,7.69199,2.5575,-0.357591,0.205669,1
464797,flyer4,16.5,12.1775,-0.299506,0.0172147,2
464798,flyer3,13.5,10.0719,-0.3,0,2
464798,flyer5,16.5,12.1775,-0.290614,0.0744534,2
464798,bullet5,7.85866,2.69169,0.8,0,1
464800,flyer1,1.49999,13.0914,-0.3,0,2
464801,player,6.8471,2.94288,-0.0749423,-0.265361,1
464802,flyer4,15.0025,12.2635,-0.299506,0.0172147,2
464803,flyer3,12,10.0719,-0.3,0,2
464803,flyer5,15.0469,12.5497,-0.290614,0.0744534,2
464803,bullet5,11.8587,2.69169,0.8,0,1
464805,flyer1,-6.4373e-06,13.0914,-0.3,0,2
464805,bullet6,5.79982,3.32315,-0.8,-6.99382e-08,1
464806,player,6.1846,3.33209,-0.0152225,0.00894295,1
464807,flyer4,13.5049,12.3496,-0.299506,0.0172147,2
464808,flyer3,10.5,10.0719,-0.3,0,2
464808,flyer5,13.5939,12.922,-0.290614,0.0744534,2
464808,bullet5,15.8587,2.69169,0.8,0,1
464809,bullet1,6.0839,3.82812,0.8,0,1
464810,bullet6,1.79982,3.32315,-0.8,-6.99382e-08,1
464811,player,5.5839,3.92775,-0.0310356,0.0309197,1
464811,bullet2,5.9839,3.92775,0.8,0,1
464812,flyer4,12.0074,12.4357,-0.299506,0.0172147,2
464812,bullet3,5.16993,3.94166,-0.8,-6.99382e-08,1
464813,flyer3,9,10.0719,-0.3,0,2
464813,flyer5,12.1408,13.2943,-0.290614,0.0744534,2
464814,bullet1,10.0839,3.82812,0.8,0,1
464814,bullet4,5.96082,3.95074,0.8,0,1
464816,player,5.0696,3.4632,-0.152448,-0.151304,1
464816,bullet2,9.9839,3.92775,0.8,0,1
464817,flyer4,10.5099,12.5218,-0.299506,0.0172147,2
464817,bullet3,1.16993,3.94166,-0.8,-6.99382e-08,1
464818,flyer3,7.5,10.0719,-0.3,0,2
464818,flyer5,10.6877,13.6665,-0.290614,0.0744534,2
464819,bullet1,14.0839,3.82812,0.8,0,1
464819,bullet4,9.96082,3.95074,0.8,0,1
464821,player,5.50489,3.34169,0.0655307,-0.00279199,1
464821,bullet2,13.9839,3.92775,0.8,0,1
464821,bullet5,5.90489,3.34169,0.8,0,1
464822,flyer4,9.01237,12.6078,-0.299506,0.0172147,2
464822,bullet6,5.93438,3.34044,0.8,0,1
464823,flyer3,5.99999,10.0719,-0.3,0,2
464823,flyer5,9.23465,14.0388,-0.290614,0.0744534,2
464824,bullet4,13.9608,3.95074,0.8,0,1
464825,bullet3,5.95631,3.3395,0.8,0,1
464826,player,5.55752,3.33945,0.00120922,-5.15201e-05,1
464826,bullet5,9.90489,3.34169,0.8,0,1
464827,flyer4,7.51484,12.6939,-0.299506,0.0172147,2
464827,bullet6,9.93438,3.34044,0.8,0,1
464828,flyer3,4.49999,10.0719,-0.3,0,2
464828,flyer5,7.78158,14.4111,-0.290614,0.0744534,2
464829,bullet1,5.95842,2.85004,0.8,0,1
464830,bullet3,9.95631,3.3395,0.8,0,1
464831,player,5.55849,2.75094,2.23136e-05,-0.0307556,1
464831,bullet5,13.9049,3.34169,0.8,0,1
464832,flyer4,6.01731,12.78,-0.299506,0.0172147,2
464832,bullet6,13.9344,3.34044,0.8,0,1
464833,flyer3,2.99999,10.0719,-0.3,0,2
464833,flyer5,6.3285,14.7833,-0.290614,0.0744534,2
464834,bullet1,9.95842,2.85004,0.8,0,1
464835,bullet3,13.9563,3.3395,0.8,0,1
464836,player,4.73163,2.23686,-0.489375,-0.152443,1
464837,flyer4,4.51978,12.8661,-0.299506,0.0172147,2
464838,flyer3,1.49999,10.0719,-0.3,0,2
464838,flyer5,4.87543,15.1556,-0.290614,0.0744534,2
464839,bullet1,13.9584,2.85004,0.8,0,1
464839,bullet2,4.76772,2.1235,0.8,0,1
464841,player,4.33863,2.11444,-0.00903034,-0.00281299,1
464841,bullet4,4.73863,2.11444,0.8,0,1
464842,flyer4,3.02226,12.9521,-0.299506,0.0172147,2
464843,flyer3,-6.4373e-06,10.0719,-0.3,0,2
464843,flyer5,3.42236,15.5279,-0.290614,0.0744534,2
464844,bullet2,8.76772,2.1235,0.8,0,1
464844,bullet5,5.22129,2.60172,0.8,0,1
464846,player,4.91985,2.70065,0.0305881,0.0307028,1
464846,bullet4,8.73863,2.11444,0.8,0,1
464846,bullet6,5.31985,2.70065,0.8,0,1
464847,flyer4,1.52473,13.0382,-0.299506,0.0172147,2
464848,flyer5,1.96929,15.9001,-0.290614,0.0744534,2
464849,bullet2,12.7677,2.1235,0.8,0,1
464849,bullet5,9.22129,2.60172,0.8,0,1
464851,player,3.79822,3.31378,-0.098534,0.0313212,1
464851,bullet4,12.7386,2.11444,0.8,0,1
464851,bullet6,9.31985,2.70065,0.8,0,1
464852,flyer4,0.0271993,13.1243,-0.299506,0.0172147,2
464853,flyer5,0.516219,16.2724,-0.290614,0.0744534,2
464854,bullet2,16.7677,2.1235,0.8,0,1
464854,bullet5,13.2213,2.60172,0.8,0,1
464856,player,4.20847,3.33894,0.150057,0.000577965,1
464856,flyer6,16.5,7.74069,-0.3,0,2
464856,bullet6,13.3198,2.70065,0.8,0,1
464857,flayer7,16.5,7.74069,-0.3,0,2
464858,flayer8,16.5,7.74069,-0.281897,-0.102635,2
464858,bullet3,4.70638,3.33931,0.8,0,1
464859,bullet1,4.72005,3.33937,0.8,0,1
464861,player,4.32897,3.3394,0.00276897,1.06651e-05,1
464861,flyer6,15,7.74069,-0.3,0,2
464862,flayer7,15,7.74069,-0.3,0,2
464862,bullet2,4.73022,3.3394,0.8,0,1
464863,flayer8,15.0905,7.22751,-0.281897,-0.102635,2
464863,bullet3,8.70638,3.33931,0.8,0,1
464864,bullet1,8.72005,3.33937,0.8,0,1
464866,player,4.82057,3.33941,0.151926,1.96801e-07,1
464866,flyer6,13.5,7.74069,-0.3,0,2
464866,bullet4,5.22057,3.33941,0.8,0,1
464867,flayer7,13.5,7.74069,-0.3,0,2
464867,bullet2,8.73022,3.3394,0.8,0,1
464868,flayer8,13.681,6.71434,-0.281897,-0.102635,2
464868,bullet3,12.7064,3.33931,0.8,0,1
464869,bullet1,12.7201,3.33937,0.8,0,1
464871,player,6.08877,3.33941,0.101902,3.63153e-09,1
464871,flyer6,12,7.74069,-0.3,0,2
464871,bullet4,9.22057,3.33941,0.8,0,1
464872,flayer7,12,7.74069,-0.3,0,2
464872,bullet2,12.7302,3.3394,0.8,0,1
464873,flayer8,12.2715,6.20116,-0.281897,-0.102635,2
464873,bullet5,6.55527,3.33941,0.8,0,1
464875,bullet6,6.56873,3.33941,0.8,0,1
464876,player,6.17061,3.33941,0.00188038,6.70119e-11,1
464876,flyer6,10.5,7.74069,-0.3,0,2
464876,bullet4,13.2206,3.33941,0.8,0,1
464877,flayer7,10.5,7.74069,-0.3,0,2
464878,flayer8,10.8621,5.68799,-0.281897,-0.102635,2
464878,bullet5,10.5553,3.33941,0.8,0,1
464880,bullet6,10.5687,3.33941,0.8,0,1
464881,player,6.17212,4.41726,3.46982e-05,0.18263,1
464881,flyer6,9,7.74069,-0.3,0,2
464882,flayer7,9,7.74069,-0.3,0,2
464883,flayer8,9.45256,5.17481,-0.281897,-0.102635,2
464883,bullet5,14.5553,3.33941,0.8,0,1
464883,bullet3,7.06152,4.53642,0.8,0,1
464885,bullet6,14.5687,3.33941,0.8,0,1
464886,player,6.77446,4.56392,0.0138402,0.00337003,1
464886,flyer6,7.5,7.74069,-0.3,0,2
464886,bullet1,7.17446,4.56392,0.8,0,1
464887,flayer7,7.5,7.74069,-0.3,0,2
464889,bullet2,7.18475,4.56643,0.8,0,1
464891,player,6.2962,4.07725,-0.15162,-0.151813,1
464891,flyer6,5.99999,7.74069,-0.3,0,2
464892,flayer7,5.99999,7.74069,-0.3,0,2
464893,flyer2,16.5,10.9363,-0.3,0,2
464893,bullet4,6.10789,3.97819,0.8,0,1
464894,bullet2,11.1848,4.56643,0.8,0,1
464896,player,5.57212,4.29283,-0.0166374,0.334699,1
464896,flyer6,4.49999,7.74069,-0.3,0,2
464897,flayer7,4.49999,7.74069,-0.3,0,2
464898,flyer2,15,10.9363,-0.3,0,2
464898,bullet4,10.1079,3.97819,0.8,0,1
464898,bullet3,5.96127,4.51122,0.8,0,1
464899,bullet2,15.1848,4.56643,0.8,0,1
464900,bullet5,5.95907,4.55545,0.8,0,1
464901,player,5.55876,4.56162,-0.000307007,0.00617613,1
464901,flyer6,2.99999,7.74069,-0.3,0,2
464902,flayer7,2.99999,7.74069,-0.3,0,2
464903,flyer2,13.5,10.9363,-0.3,0,2
464903,bullet4,14.1079,3.97819,0.8,0,1
464903,bullet3,9.96127,4.51122,0.8,0,1
464905,bullet5,9.95907,4.55545,0.8,0,1
464905,bullet1,5.37005,4.53572,0.8,0,1
464906,player,4.9562,4.55274,-0.0138453,0.017029,1
464906,flyer6,1.49999,7.74069,-0.3,0,2
464907,flayer7,1.49999,7.74069,-0.3,0,2
464908,flyer2,12,10.9363,-0.3,0,2
464908,bullet3,13.9613,4.51122,0.8,0,1
464909,bullet6,5.3459,4.56541,0.8,0,1
464910,bullet5,13.9591,4.55545,0.8,0,1
464910,bullet1,9.37005,4.53572,0.8,0,1
464911,player,4.45571,5.0558,-0.15213,0.152189,1
464911,flyer6,-6.4373e-06,7.74069,-0.3,0,2
464912,flayer7,-6.4373e-06,7.74069,-0.3,0,2
464913,flyer2,10.5,10.9363,-0.3,0,2
464914,bullet6,9.34591,4.56541,0.8,0,1
464914,bullet2,3.94258,5.65834,-0.8,-6.99382e-08,1
464915,bullet1,13.37,4.53572,0.8,0,1
464916,player,4.67103,6.10399,0.334693,0.371063,1
464918,flyer2,9,10.9363,-0.3,0,2
464919,flyer1,16.5,7.74069,-0.26114,0.147668,2
464919,bullet6,13.3459,4.56541,0.8,0,1
464919,bullet2,-0.0574206,5.65834,-0.8,-6.99382e-08,1
464920,flyer3,16.5,10.9363,-0.3,0,2
464920,bullet4,5.33364,5.80667,0.8,0,1
464921,player,4.93982,5.79967,0.00617602,-0.00699245,1
464921,bullet3,5.33982,5.79967,0.8,0,1
464923,flyer2,7.5,10.9363,-0.3,0,2
464924,flyer1,15.1943,8.47903,-0.26114,0.147668,2
464925,flyer3,15,10.9363,-0.3,0,2
464925,bullet4,9.33364,5.80667,0.8,0,1
464926,player,3.46109,5.57384,-0.436484,0.269027,1
464926,bullet3,9.33982,5.79967,0.8,0,1
464928,flyer2,5.99999,10.9363,-0.3,0,2
464929,flyer1,13.8886,9.21737,-0.26114,0.147668,2
464930,flyer3,13.5,10.9363,-0.3,0,2
464930,bullet4,13.3336,5.80667,0.8,0,1
464930,bullet5,3.51861,5.78493,0.8,0,1
464931,player,3.11055,5.45239,-0.00805437,-0.332536,1
464931,bullet3,13.3398,5.79967,0.8,0,1
464933,flyer2,4.49999,10.9363,-0.3,0,2
464934,flyer1,12.5829,9.95571,-0.26114,0.147668,2
464934,bullet1,3.50456,5.20511,0.8,0,1
464935,flyer3,12,10.9363,-0.3,0,2
464935,bullet5,7.51861,5.78493,0.8,0,1
464936,player,3.10408,5.18534,-0.000148626,-0.00613622,1
464936,bullet2,2.70408,5.18534,-0.8,-6.99382e-08,1
464938,flyer2,2.99999,10.9363,-0.3,0,2
464938,bullet6,3.50399,5.18133,0.8,0,1
464939,flyer1,11.2772,10.694,-0.26114,0.147668,2
464939,bullet1,7.50456,5.20511,0.8,0,1
464940,flyer3,10.5,10.9363,-0.3,0,2
464940,bullet5,11.5186,5.78493,0.8,0,1
464940,bullet4,3.50397,5.18052,0.8,0,1
464941,player,3.10397,5.51791,-2.74256e-06,0.337387,1
464943,flyer2,1.49999,10.9363,-0.3,0,2
464943,bullet6,7.50399,5.18133,0.8,0,1
464944,flyer1,9.9715,11.4324,-0.26114,0.147668,2
464944,bullet1,11.5046,5.20511,0.8,0,1
464945,flyer3,9,10.9363,-0.3,0,2
464945,bullet5,15.5186,5.78493,0.8,0,1
464945,bullet4,7.50397,5.18052,0.8,0,1
464946,player,3.10396,5.78886,-5.0608e-08,0.00622573,1
464948,flyer2,-6.4373e-06,10.9363,-0.3,0,2
464948,bullet6,11.504,5.18133,0.8,0,1
464949,flyer1,8.6658,12.1707,-0.26114,0.147668,2
464949,bullet1,15.5046,5.20511,0.8,0,1
464950,flyer3,7.5,10.9363,-0.3,0,2
464950,bullet4,11.504,5.18052,0.8,0,1
464951,player,3.34237,5.45636,0.45862,-0.337385,1
464953,bullet6,15.504,5.18133,0.8,0,1
464953,bullet3,4.04162,5.23622,0.8,0,1
464954,flyer1,7.3601,12.9091,-0.26114,0.147668,2
464954,bullet2,4.08341,5.20547,0.8,0,1
464955,flyer3,5.99999,10.9363,-0.3,0,2
464955,bullet4,15.504,5.18052,0.8,0,1
464956,player,3.71068,5.18541,0.00846284,-0.0062257,1
464957,bullet5,4.11448,5.18261,0.8,0,1
464958,bullet3,8.04162,5.23622,0.8,0,1
464959,flyer1,6.0544,13.6474,-0.26114,0.147668,2
464959,bullet2,8.08341,5.20547,0.8,0,1
464960,flyer3,4.49999,10.9363,-0.3,0,2
464961,player,2.63963,4.59194,-0.182474,-0.0308696,1
464961,bullet1,3.03963,4.59194,0.8,0,1
464962,bullet5,8.11449,5.18261,0.8,0,1
464963,bullet3,12.0416,5.23622,0.8,0,1
464964,flyer1,4.7487,14.3857,-0.26114,0.147668,2
464964,bullet2,12.0834,5.20547,0.8,0,1
464965,flyer3,2.99999,10.9363,-0.3,0,2
464966,player,2.49308,4.56715,-0.00336715,-0.00056963,1
464966,bullet1,7.03963,4.59194,0.8,0,1
464967,bullet5,12.1145,5.18261,0.8,0,1
464968,bullet3,16.0416,5.23622,0.8,0,1
464969,flyer1,3.443,15.1241,-0.26114,0.147668,2
464969,bullet2,16.0834,5.20547,0.8,0,1
464970,flyer3,1.49999,10.9363,-0.3,0,2
464971,player,3.58207,5.65838,0.165652,0.165704,1
464971,bullet1,11.0396,4.59194,0.8,0,1
464972,bullet5,16.1145,5.18261,0.8,0,1
464973,flyer4,16.5,7.74069,-0.225799,-0.197521,2
464974,flyer1,2.1373,15.8624,-0.26114,0.147668,2
464974,bullet6,4.10525,5.7816,0.8,0,1
464975,flyer3,-6.4373e-06,10.9363,-0.3,0,2
464976,player,3.22572,5.30208,-0.148818,-0.148817,1
464976,bullet1,15.0396,4.59194,0.8,0,1
464977,bullet4,3.55876,5.23511,0.8,0,1
464978,flyer4,15.371,6.75308,-0.225799,-0.197521,2
464979,flyer5,16.5,10.9363,-0.291244,0.0719528,2
464979,bullet6,8.10525,5.7816,0.8,0,1
464981,player,2.51774,4.5941,-0.0335008,-0.0335008,1
464981,bullet3,2.91774,4.5941,0.8,0,1
464982,bullet4,7.55876,5.23511,0.8,0,1
464982,bullet2,2.90266,4.57902,0.8,0,1
464983,flyer4,14.242,5.76548,-0.225799,-0.197521,2
464984,flyer5,15.0438,11.296,-0.291244,0.0719528,2
464984,bullet6,12.1053,5.7816,0.8,0,1
464986,player,2.49083,4.56719,-0.000618184,-0.000618184,1
464986,bullet3,6.91774,4.5941,0.8,0,1
464987,bullet4,11.5588,5.23511,0.8,0,1
464987,bullet2,6.90266,4.57902,0.8,0,1
464988,flyer4,13.113,4.77787,-0.225799,-0.197521,0
464988,bullet5,2.89043,5.05616,0.8,0,1
464989,flyer5,13.5876,11.6558,-0.291244,0.0719528,2
464991,player,2.00096,4.67963,-0.151886,-0.138047,1
464991,bullet3,10.9177,4.5941,0.8,0,1
464992,bullet2,10.9027,4.57902,0.8,0,1
464992,bullet1,2.33261,4.61751,0.8,0,1
464993,bullet5,6.89043,5.05616,0.8,0,1
464994,flyer5,12.1313,12.0155,-0.291244,0.0719528,2
464996,player,1.87899,5.05815,-0.00280273,0.149328,1
464996,bullet3,14.9177,4.5941,0.8,0,1
464997,bullet2,14.9027,4.57902,0.8,0,1
464997,bullet1,6.33262,4.61751,0.8,0,1
464998,bullet5,10.8904,5.05616,0.8,0,1
464999,flyer5,10.6751,12.3753,-0.291244,0.0719528,2
464999,flayer8,16.5,10.9363,-0.261394,0.147218,2
465001,player,1.63833,5.66744,-0.458672,0.154631,1
465002,bullet1,10.3326,4.61751,0.8,0,1
465003,bullet5,14.8904,5.05616,0.8,0,1
465004,flyer5,9.21891,12.7351,-0.291244,0.0719528,2
465004,flayer8,15.193,11.6723,-0.261394,0.147218,2
465004,bullet6,1.69725,5.78243,0.8,0,1
465005,bullet4,1.67845,5.78877,0.8,0,1
465006,player,1.26998,5.79163,-0.00846379,0.00285337,1
465007,bullet1,14.3326,4.61751,0.8,0,1
465008,bullet3,1.17508,5.79349,0.8,0,1
465009,flyer5,7.76269,13.0948,-0.291244,0.0719528,2
465009,flayer8,13.8861,12.4084,-0.261394,0.147218,2
465009,bullet6,5.69725,5.78243,0.8,0,1
465010,bullet4,5.67845,5.78877,0.8,0,1
465011,player,0.660872,5.79392,-0.0139958,5.26527e-05,1
465011,bullet2,1.06087,5.79392,0.8,0,1
465013,bullet3,5.17508,5.79349,0.8,0,1
465014,flyer5,6.30647,13.4546,-0.291244,0.0719528,2
465014,flayer8,12.5791,13.1445,-0.261394,0.147218,2
465014,bullet6,9.69726,5.78243,0.8,0,1
465015,bullet4,9.67845,5.78877,0.8,0,1
465016,player,1.25195,5.23624,0.0135813,-0.0683428,1
465016,bullet2,5.06087,5.79392,0.8,0,1
465018,bullet3,9.17509,5.79349,0.8,0,1
465019,flyer5,4.85026,13.8144,-0.291244,0.0719528,2
465019,flayer8,11.2721,13.8806,-0.261394,0.147218,2
465019,bullet6,13.6973,5.78243,0.8,0,1
465020,bullet4,13.6784,5.78877,0.8,0,1
465021,player,1.60035,4.96114,0.337751,0.267895,1
465021,bullet2,9.06087,5.79392,0.8,0,1
465023,bullet3,13.1751,5.79349,0.8,0,1
465024,flyer5,3.39404,14.1741,-0.291244,0.0719528,2
465024,flayer8,9.96516,14.6167,-0.261394,0.147218,2
465025,bullet5,2.85383,5.07224,0.8,0,1
465026,player,2.47391,5.13168,0.0200721,0.0594476,1
465026,bullet2,13.0609,5.79392,0.8,0,1
465028,bullet1,2.887,5.17047,0.8,0,1
465029,flyer5,1.93782,14.5339,-0.291244,0.0719528,2
465029,flayer8,8.65819,15.3528,-0.261394,0.147218,2
465029,bullet6,2.88883,5.17589,0.8,0,1
465030,bullet5,6.85383,5.07224,0.8,0,1
465031,player,2.82753,4.84192,0.33787,-0.336403,1
465033,bullet1,6.887,5.17047,0.8,0,1
465034,flyer5,0.481604,14.8937,-0.291244,0.0719528,2
465034,flayer8,7.35122,16.0889,-0.261394,0.147218,2
465034,bullet6,6.88883,5.17589,0.8,0,1
465035,bullet5,10.8538,5.07224,0.8,0,1
465035,bullet4,4.0811,3.50012,0.8,0,1
465036,player,3.70118,3.41173,0.0200743,-0.0883909,1
465038,bullet1,10.887,5.17047,0.8,0,1
465039,bullet6,10.8888,5.17589,0.8,0,1
465040,bullet5,14.8538,5.07224,0.8,0,1
465040,bullet4,8.0811,3.50012,0.8,0,1
465041,player,3.12883,3.34074,-0.0303843,-0.00163106,1
465042,flyer6,16.5,7.15153,-0.3,0,2
465042,bullet3,3.51515,3.34001,0.8,0,1
465043,bullet1,14.887,5.17047,0.8,0,1
465044,bullet6,14.8888,5.17589,0.8,0,1
465045,bullet4,12.0811,3.50012,0.8,0,1
465045,bullet2,3.50499,3.33946,0.8,0,1
465046,player,3.10442,3.33943,-0.000560675,-3.00977e-05,1
465047,flyer6,15,7.15153,-0.3,0,2
465047,bullet3,7.51515,3.34001,0.8,0,1
465050,bullet4,16.0811,3.50012,0.8,0,1
465050,bullet2,7.50499,3.33946,0.8,0,1
465051,player,3.10397,3.89713,-1.0346e-05,0.0683432,1
465051,flayer7,16.5,10.9363,-0.3,0,2
465051,bullet5,3.50397,3.89713,0.8,0,1
465052,flyer6,13.5,7.15153,-0.3,0,2
465052,bullet3,11.5152,3.34001,0.8,0,1
465052,bullet1,3.50397,3.92788,0.8,0,1
465055,bullet2,11.505,3.33946,0.8,0,1
465056,player,3.10397,3.95201,-1.90913e-07,0.00126112,1
465056,flayer7,15,10.9363,-0.3,0,2
465056,bullet5,7.50397,3.89713,0.8,0,1
465057,flyer6,12,7.15153,-0.3,0,2
465057,bullet3,15.5152,3.34001,0.8,0,1
465057,bullet1,7.50397,3.92788,0.8,0,1
465059,bullet6,3.50397,3.95295,0.8,0,1
465060,bullet2,15.505,3.33946,0.8,0,1
465061,player,3.44147,3.61553,0.3375,-0.337477,1
465061,flayer7,13.5,10.9363,-0.3,0,2
465061,bullet5,11.504,3.89713,0.8,0,1
465062,flyer6,10.5,7.15153,-0.3,0,2
465062,bullet1,11.504,3.92788,0.8,0,1
465064,bullet6,7.50397,3.95295,0.8,0,1
465066,player,3.12403,3.93298,-0.0245269,0.0245273,1
465066,flayer7,12,10.9363,-0.3,0,2
465066,bullet5,15.504,3.89713,0.8,0,1
465066,bullet4,3.52403,3.93298,0.8,0,1
465067,flyer6,9,7.15153,-0.3,0,2
465067,bullet1,15.504,3.92788,0.8,0,1
465068,bullet3,2.70803,3.94898,-0.8,-6.99382e-08,1
465069,bullet6,11.504,3.95295,0.8,0,1
465069,bullet2,3.50579,3.95122,0.8,0,1
465071,player,3.10433,3.95268,-0.00045259,0.000452598,1
465071,flayer7,10.5,10.9363,-0.3,0,2
465071,bullet4,7.52403,3.93298,0.8,0,1
465072,flyer6,7.5,7.15153,-0.3,0,2
465074,bullet6,15.504,3.95295,0.8,0,1
465074,bullet2,7.50579,3.95122,0.8,0,1
465075,bullet5,3.2617,3.39531,-0.8,-6.99382e-08,1
465076,player,3.35494,3.02707,-0.306754,-0.368246,1
465076,flayer7,9,10.9363,-0.3,0,2
465076,bullet4,11.524,3.93298,0.8,0,1
465077,flyer6,5.99999,7.15153,-0.3,0,2
465078,bullet1,3.55479,2.78679,0.8,0,1
465079,bullet2,11.5058,3.95122,0.8,0,1
465081,player,3.10859,2.73134,-0.00566047,-0.00679518,1
465081,flayer7,7.5,10.9363,-0.3,0,2
465081,bullet4,15.524,3.93298,0.8,0,1
465082,flyer6,4.49999,7.15153,-0.3,0,2
465083,bullet1,7.55479,2.78679,0.8,0,1
465084,bullet2,15.5058,3.95122,0.8,0,1
465084,bullet3,3.99376,2.23691,0.8,0,1
465086,player,3.69252,2.13741,0.0306502,-0.0308801,1
465086,flayer7,5.99999,10.9363,-0.3,0,2
465087,flyer6,2.99999,7.15153,-0.3,0,2
465088,bullet1,11.5548,2.78679,0.8,0,1
465089,bullet3,7.99376,2.23691,0.8,0,1
465089,bullet6,2.82594,1.62507,-0.8,-6.99382e-08,1
465091,player,3.12866,1.52413,-0.0301891,-0.0313245,1
465091,flayer7,4.49999,10.9363,-0.3,0,2
465091,bullet5,3.52866,1.52413,0.8,0,1
465092,flyer6,1.49999,7.15153,-0.3,0,2
465093,bullet1,15.5548,2.78679,0.8,0,1
465094,bullet3,11.9938,2.23691,0.8,0,1
465094,bullet4,3.50621,1.50084,0.8,0,1
465096,player,3.10442,1.49898,-0.000557074,-0.000578025,1
465096,flayer7,2.99999,10.9363,-0.3,0,2
465096,bullet5,7.52866,1.52413,0.8,0,1
465096,bullet2,3.50442,1.49898,0.8,0,1
465097,flyer6,-6.4373e-06,7.15153,-0.3,0,2
465099,bullet3,15.9938,2.23691,0.8,0,1
465099,bullet4,7.50621,1.50084,0.8,0,1
465101,player,3.66169,1.49851,0.0683335,-1.06662e-05,1
465101,flayer7,1.49999,10.9363,-0.3,0,2
465101,bullet5,11.5287,1.52413,0.8,0,1
465101,bullet2,7.50442,1.49898,0.8,0,1
465101,bullet6,4.06169,1.49851,0.8,0,1
465104,bullet4,11.5062,1.50084,0.8,0,1
465106,player,4.20594,1.4985,0.153136,-1.96821e-07,1
465106,flayer7,-6.4373e-06,10.9363,-0.3,0,2
465106,bullet5,15.5287,1.52413,0.8,0,1
465106,bullet2,11.5044,1.49898,0.8,0,1
465106,bullet6,8.06169,1.49851,0.8,0,1
465109,flyer2,16.5,7.15153,-0.3,0,2
465109,bullet4,15.5062,1.50084,0.8,0,1
465109,bullet1,4.71982,1.4985,0.8,0,1
465111,player,4.32892,1.161,0.00282579,-0.3375,1
465111,bullet2,15.5044,1.49898,0.8,0,1
465111,bullet6,12.0617,1.49851,0.8,0,1
465112,bullet3,4.73019,1.00913,0.8,0,1
465114,flyer2,15,7.15153,-0.3,0,2
465114,bullet1,8.71982,1.4985,0.8,0,1
465116,player,4.26285,1.44768,0.0835834,0.0621159,1
465116,bullet6,16.0617,1.49851,0.8,0,1
465117,flyer3,16.5,7.15153,-0.3,0,2
465117,bullet3,8.7302,1.00913,0.8,0,1
465118,bullet5,4.71739,1.48821,0.8,0,1
465119,flyer2,13.5,7.15153,-0.3,0,2
465119,bullet1,12.7198,1.4985,0.8,0,1
465119,bullet4,4.725,1.49387,0.8,0,1
465121,player,4.32997,1.49757,0.00154235,0.00114621,1
465122,flyer3,15,7.15153,-0.3,0,2
465122,bullet3,12.7302,1.00913,0.8,0,1
465123,bullet5,8.71739,1.48821,0.8,0,1
465124,flyer2,12,7.15153,-0.3,0,2
465124,bullet4,8.72501,1.49387,0.8,0,1
465125,bullet2,4.14271,0.420618,0.8,0,1
465126,player,3.7289,0.4,-0.0138111,-0.0205406,1
465127,flyer3,13.5,7.15153,-0.3,0,2
465128,bullet5,12.7174,1.48821,0.8,0,1
465129,flyer2,10.5,7.15153,-0.3,0,2
465129,bullet4,12.725,1.49387,0.8,0,1
465130,bullet2,8.14271,0.420618,0.8,0,1
465131,player,3.67322,1.54354,0.0542493,0.0818043,1
465131,bullet6,4.07322,1.54354,0.8,0,1
465132,flyer3,12,7.15153,-0.3,0,2
465134,flyer2,9,7.15153,-0.3,0,2
465134,bullet1,4.11356,1.60437,0.8,0,1
465135,bullet2,12.1427,0.420618,0.8,0,1
465135,bullet3,4.11578,1.60772,0.8,0,1
465136,player,3.71678,1.60923,0.00100105,0.00150952,1
465136,bullet6,8.07322,1.54354,0.8,0,1
465137,flyer3,10.5,7.15153,-0.3,0,2
465139,flyer2,7.5,7.15153,-0.3,0,2
465139,bullet1,8.11356,1.60437,0.8,0,1
465140,bullet2,16.1427,0.420618,0.8,0,1
465140,bullet3,8.11578,1.60772,0.8,0,1
465141,player,4.02433,2.50566,0.375108,0.405872,1
465141,bullet6,12.0732,1.54354,0.8,0,1
465142,flyer3,9,7.15153,-0.3,0,2
465142,bullet5,4.59313,2.6883,0.8,0,1
465144,flyer2,5.99999,7.15153,-0.3,0,2
465144,bullet1,12.1136,1.60437,0.8,0,1
465145,bullet3,12.1158,1.60772,0.8,0,1
465146,player,4.32557,2.83161,0.00692179,0.00748947,1
465146,bullet6,16.0732,1.54354,0.8,0,1
465147,flyer3,7.5,7.15153,-0.3,0,2
465147,bullet5,8.59313,2.6883,0.8,0,1
465148,bullet4,4.73009,2.8365,0.8,0,1
465149,flyer2,4.49999,7.15153,-0.3,0,2
465149,bullet1,16.1136,1.60437,0.8,0,1
465150,bullet3,16.1158,1.60772,0.8,0,1
465151,player,4.33113,2.83763,0.000127726,0.000138202,1
465151,bullet2,4.73113,2.83763,0.8,0,1
465152,flyer3,5.99999,7.15153,-0.3,0,2
465152,bullet5,12.5931,2.6883,0.8,0,1
465152,bullet6,4.73119,2.83769,0.8,0,1
465153,bullet4,8.73009,2.8365,0.8,0,1
465154,flyer2,2.99999,7.15153,-0.3,0,2
465156,player,3.99374,2.50024,-0.337498,-0.337497,1
465156,bullet2,8.73114,2.83763,0.8,0,1
465157,flyer3,4.49999,7.15153,-0.3,0,2
465157,bullet6,8.73119,2.83769,0.8,0,1
465158,bullet4,12.7301,2.8365,0.8,0,1
465158,bullet1,3.37352,2.28002,-0.8,-6.99382e-08,1
465159,flyer2,1.49999,7.15153,-0.3,0,2
465161,player,3.7227,2.2292,-0.00622778,-0.00622778,1
465161,bullet2,12.7311,2.83763,0.8,0,1
465162,flyer3,2.99999,7.15153,-0.3,0,2
465162,bullet6,12.7312,2.83769,0.8,0,1
465164,flyer2,-6.4373e-06,7.15153,-0.3,0,2
465165,bullet3,3.56009,1.66659,0.8,0,1
465166,player,3.12922,1.63572,-0.0308696,-0.0308696,1
465166,bullet2,16.7311,2.83763,0.8,0,1
465167,flyer3,1.49999,7.15153,-0.3,0,2
465167,flyer1,16.5,7.15153,-0.213877,-0.210373,2
465167,bullet6,16.7312,2.83769,0.8,0,1
465168,flyer4,16.5,6.11762,-0.3,0,2
465170,bullet3,7.5601,1.66659,0.8,0,1
465171,player,3.6384,2.21325,0.0968012,0.01327,1
465172,flyer3,-6.4373e-06,7.15153,-0.3,0,2
465172,flyer1,15.4306,6.09966,-0.213877,-0.210373,2
465173,flyer4,15,6.11762,-0.3,0,2
465174,flayer8,16.5,7.15153,-0.294494,0.0572116,2
465175,bullet3,11.5601,1.66659,0.8,0,1
465176,player,4.31845,2.81238,0.0156259,0.0309996,1
465176,bullet5,4.71845,2.81238,0.8,0,1
465177,flyer1,14.3612,5.0478,-0.213877,-0.210373,2
465177,bullet4,4.72549,2.82632,0.8,0,1
465178,flyer4,13.5,6.11762,-0.3,0,2
465179,flayer8,15.0275,7.43758,-0.294494,0.0572116,2
465180,bullet3,15.5601,1.66659,0.8,0,1
465181,player,4.39935,2.27955,-0.0832429,-0.0677717,1
465181,bullet5,8.71845,2.81238,0.8,0,1
465182,flyer1,13.2918,3.99594,-0.213877,-0.210373,2
465182,bullet4,8.72549,2.82632,0.8,0,1
465183,flyer4,12,6.11762,-0.3,0,2
465183,bullet1,3.94503,2.7247,-0.8,-6.99382e-08,1
465184,flayer8,13.5551,7.72364,-0.294494,0.0572116,2
465185,bullet2,4.73403,2.81485,0.8,0,1
465186,player,3.995,3.16494,-0.339036,0.350089,1
465188,flyer4,10.5,6.11762,-0.3,0,2
465188,bullet1,-0.0549673,2.7247,-0.8,-6.99382e-08,1
465189,flayer8,12.0826,8.0097,-0.294494,0.0572116,2
465189,bullet6,4.14288,3.42527,0.8,0,1
465190,bullet2,8.73403,2.81485,0.8,0,1
465190,bullet3,4.12898,3.43963,0.8,0,1
465191,player,3.72272,3.44609,-0.00625617,0.00646013,1
465193,flyer4,9,6.11762,-0.3,0,2
465194,flayer8,10.6101,8.29576,-0.294494,0.0572116,2
465194,bullet6,8.14288,3.42527,0.8,0,1
465194,bullet5,3.56035,4.00861,0.8,0,1
465195,bullet2,12.734,2.81485,0.8,0,1
465195,bullet3,8.12898,3.43963,0.8,0,1
465196,player,3.11539,4.39109,-0.0139551,0.351459,1
465198,flyer4,7.5,6.11762,-0.3,0,2
465199,flayer8,9.13763,8.58181,-0.294494,0.0572116,2
465199,bullet6,12.1429,3.42527,0.8,0,1
465199,bullet5,7.56035,4.00861,0.8,0,1
465200,bullet3,12.129,3.43963,0.8,0,1
465201,player,2.6148,5.76503,-0.152133,0.1722,1
465203,flyer4,5.99999,6.11762,-0.3,0,2
465203,bullet4,2.11554,5.87739,-0.8,-6.99382e-08,1
465204,flayer8,7.66516,8.86787,-0.294494,0.0572116,2
465204,bullet6,16.1429,3.42527,0.8,0,1
465204,bullet5,11.5604,4.00861,0.8,0,1
465205,bullet3,16.129,3.43963,0.8,0,1
465206,player,2.71285,6.12354,-0.271964,-0.265979,1
465207,flyer5,16.5,6.11762,-0.238495,0.181989,2
465207,bullet1,2.99047,6.00385,0.8,0,1
465208,flyer4,4.49999,6.11762,-0.3,0,1
465209,flayer8,6.19269,9.15393,-0.294494,0.0572116,2
465209,bullet5,15.5604,4.00861,0.8,0,1
465210,bullet2,2.09946,5.91485,-0.8,-6.99382e-08,1
465211,player,2.49444,5.90994,-0.00501849,-0.00490806,1
465211,bullet6,2.89444,5.90994,0.8,0,1
465212,flyer5,15.3075,7.02757,-0.238495,0.181989,2
