74028,player,8.18678,6.32559,0,0,1
74028,bullet1,8.58678,6.32559,0.8,0,1
74031,bullet2,8.65513,7.37268,0.8,0,1
74033,player,7.71125,8.00575,-0.16879,0.196469,1
74033,bullet1,12.5868,6.32559,0.8,0,1
74033,bullet3,8.11125,8.00575,0.8,0,1
74034,bullet4,8.03529,8.09416,0.8,0,1
74036,bullet2,12.6551,7.37268,0.8,0,1
74038,player,7.5757,7.60581,-0.00311465,-0.0647183,1
74038,bullet3,12.1113,8.00575,0.8,0,1
74038,bullet5,7.9757,7.60581,0.8,0,1
74039,bullet4,12.0353,8.09416,0.8,0,1
74041,flyer1,16.5,5.19878,-0.275265,-0.119286,2
74043,player,6.15785,6.55952,-0.520187,-0.285918,1
74043,bullet3,16.1113,8.00575,0.8,0,1
74043,bullet5,11.9757,7.60581,0.8,0,1
74044,bullet4,16.0353,8.09416,0.8,0,1
74046,flyer1,15.1237,4.60235,-0.275265,-0.119286,2
74046,flyer2,16.5,5.19878,-0.3,0,2
74046,bullet6,5.12393,6.34691,0.8,0,1
74047,bullet1,5.0035,6.33518,0.8,0,1
74048,player,4.8868,6.32991,0.283307,-0.00527599,1
74048,bullet5,15.9757,7.60581,0.8,0,1
74049,bullet2,5.41429,6.32753,0.8,0,1
74051,flyer1,13.7474,4.00592,-0.275265,-0.119286,2
74051,flyer2,15,5.19878,-0.3,0,2
74051,bullet6,9.12393,6.34691,0.8,0,1
74052,bullet1,9.0035,6.33518,0.8,0,1
74053,player,5.6037,6.25733,0.157103,0.0834339,1
74053,bullet3,6.0037,6.25733,0.8,0,1
74054,bullet2,9.41429,6.32753,0.8,0,1
74056,flyer1,12.371,3.40949,-0.275265,-0.119286,2
74056,flyer2,13.5,5.19878,-0.3,0,2
74056,bullet6,13.1239,6.34691,0.8,0,1
74057,bullet1,13.0035,6.33518,0.8,0,1
74058,player,5.68527,6.25599,0.0574031,0.0850708,1
74058,bullet3,10.0037,6.25733,0.8,0,1
74059,bullet2,13.4143,6.32753,0.8,0,1
74061,flyer1,10.9947,2.81306,-0.275265,-0.119286,2
74061,flyer2,12,5.19878,-0.3,0,2
74061,bullet4,6.12795,6.31925,0.8,0,1
74063,player,5.24199,6.32431,-0.150816,0.0015698,1
74063,bullet3,14.0037,6.25733,0.8,0,1
74063,bullet5,5.64199,6.32431,0.8,0,1
74066,flyer1,9.61838,2.21663,-0.275265,-0.119286,2
74066,flyer2,10.5,5.19878,-0.3,0,2
74066,bullet4,10.128,6.31925,0.8,0,1
74066,bullet6,5.52984,5.27838,0.8,0,1
74067,bullet1,5.52366,5.17935,0.8,0,1
74068,player,4.78337,5.13478,-0.340283,-0.0445653,1
74068,bullet5,9.64199,6.32431,0.8,0,1
74070,bullet2,5.45071,5.10571,0.8,0,1
74071,flyer1,8.24206,1.6202,-0.275265,-0.119286,2
74071,flyer2,9,5.19878,-0.3,0,0
74071,bullet4,14.128,6.31925,0.8,0,1
74073,player,5.33263,6.48359,-0.261596,0.556896,1
74073,bullet5,13.642,6.32431,0.8,0,1
74074,bullet3,5.61491,6.73419,0.8,0,1
74075,bullet2,9.45072,5.10571,0.8,0,1
74075,bullet6,5.56194,6.84696,0.8,0,1
74076,flyer1,6.86573,1.02377,-0.275265,-0.119286,2
74077,bullet1,6.01675,6.43117,0.8,0,1
74078,player,6.01777,6.0356,0.401017,-0.395567,1
74079,bullet3,9.61491,6.73419,0.8,0,1
74080,bullet2,13.4507,5.10571,0.8,0,1
74080,bullet6,9.56194,6.84696,0.8,0,1
74081,flyer1,5.48941,0.427335,-0.275265,-0.119286,2
74082,bullet1,10.0167,6.43117,0.8,0,1
74083,player,5.88938,6.5448,-0.192065,0.482076,1
74084,bullet3,13.6149,6.73419,0.8,0,1
74085,bullet6,13.5619,6.84696,0.8,0,1
74086,flyer1,4.11308,-0.169096,-0.275265,-0.119286,2
74086,bullet4,6.63593,6.34557,0.8,0,1
74087,bullet1,14.0168,6.43117,0.8,0,1
74088,player,6.3236,6.32964,0.0272106,-0.00494396,1
74088,bullet5,6.7236,6.32964,0.8,0,1
74090,flyer3,16.5,6.31805,-0.237833,0.182854,2
74090,bullet2,7.23073,5.83704,0.8,0,1
74091,bullet4,10.6359,6.34557,0.8,0,1
74091,bullet3,7.30156,5.76824,0.8,0,1
74093,player,7.28527,5.72336,0.351842,-0.0139308,1
74093,bullet5,10.7236,6.32964,0.8,0,1
74095,flyer3,15.3108,7.23232,-0.237833,0.182854,2
74095,bullet2,11.2307,5.83704,0.8,0,1
74096,bullet4,14.6359,6.34557,0.8,0,1
74096,bullet3,11.3016,5.76824,0.8,0,1
74098,player,7.07845,4.0766,-0.145383,-0.251231,1
74098,bullet5,14.7236,6.32964,0.8,0,1
74100,flyer3,14.1217,8.14659,-0.237833,0.182854,2
74100,bullet2,15.2307,5.83704,0.8,0,1
74101,flyer4,16.5,6.31805,-0.298073,0.0339465,2
74101,bullet3,15.3016,5.76824,0.8,0,1
74103,player,7.38138,3.20418,0.234371,0.0650557,1
74104,flyer5,16.5,6.31805,-0.3,0,2
74104,bullet6,7.88685,3.23346,0.8,0,1
74105,flyer3,12.9325,9.06086,-0.237833,0.182854,2
74108,player,7.5696,2.69871,0.0043248,-0.0671433,1
74108,flyer6,16.5,6.31805,-0.238411,0.1821,2
74108,bullet1,7.9696,2.69871,0.8,0,1
74109,flyer5,15,6.31805,-0.3,0,2
74109,bullet6,11.8868,3.23346,0.8,0,1
74110,flyer3,11.7433,9.97513,-0.237833,0.182854,2
74113,player,6.52598,1.97413,-0.220139,0.0684526,1
74113,flyer6,15.3079,7.22855,-0.238411,0.1821,2
74113,bullet1,11.9696,2.69871,0.8,0,1
74114,flyer5,13.5,6.31805,-0.3,0,2
74114,bullet6,15.8869,3.23346,0.8,0,1
74115,flyer3,10.5542,10.8894,-0.237833,0.182854,2
74117,bullet4,6.75325,3.17404,0.8,0,1
74118,player,6.34919,3.21989,-0.00406218,0.0458574,1
74118,flyer6,14.1159,8.13905,-0.238411,0.1821,2
74118,bullet1,15.9696,2.69871,0.8,0,1
74119,flyer5,12,6.31805,-0.3,0,2
74120,flyer3,9.36501,11.8037,-0.237833,0.182854,2
74120,bullet5,6.74654,3.24981,0.8,0,1
74122,bullet4,10.7533,3.17404,0.8,0,1
74123,player,6.8353,2.76734,0.1518,-0.151029,1
74123,flyer6,12.9238,9.04954,-0.238411,0.1821,2
74124,flyer5,10.5,6.31805,-0.3,0,2
74125,flyer3,8.17584,12.7179,-0.237833,0.182854,2
74125,bullet5,10.7465,3.24981,0.8,0,1
74125,bullet2,6.84498,3.15817,0.8,0,1
74127,bullet4,14.7533,3.17404,0.8,0,1
74128,player,6.50677,2.75899,-0.196663,-0.140822,1
74128,flyer6,11.7318,9.96004,-0.238411,0.1821,2
74129,flyer5,9,6.31805,-0.3,0,2
74130,flyer3,6.98668,13.6322,-0.237833,0.182854,2
74130,bullet5,14.7465,3.24981,0.8,0,1
74130,bullet2,10.845,3.15817,0.8,0,1
74131,bullet3,6.27115,3.14365,0.8,0,1
74133,player,5.42286,2.89688,-0.371884,-0.309344,1
74133,flyer6,10.5397,10.8705,-0.238411,0.1821,2
74134,flyer5,7.5,6.31805,-0.3,0,2
74135,flyer3,5.79751,14.5465,-0.237833,0.182854,2
74135,bullet2,14.845,3.15817,0.8,0,1
74136,bullet3,10.2712,3.14365,0.8,0,1
74138,player,5.61358,3.13782,0.145013,0.146167,1
74138,flyer6,9.34767,11.781,-0.238411,0.1821,2
74139,flyer5,5.99999,6.31805,-0.3,0,2
74140,flyer3,4.60835,15.4607,-0.237833,0.182854,2
74140,bullet6,6.10821,3.2332,0.8,0,1
74141,bullet3,14.2712,3.14365,0.8,0,1
74141,bullet1,6.12142,3.24652,0.8,0,1
74143,player,6.06754,2.91771,0.340176,-0.334803,1
74143,flyer6,8.15562,12.6915,-0.238411,0.1821,2
74144,flyer5,4.49999,6.31805,-0.3,0,2
74145,flyer3,3.41918,16.375,-0.237833,0.182854,2
74145,bullet6,10.1082,3.2332,0.8,0,1
74146,bullet1,10.1214,3.24652,0.8,0,1
74146,bullet4,6.16279,2.66874,0.8,0,1
74147,bullet5,6.14598,2.65501,0.8,0,1
74148,player,5.73842,2.64883,-0.00756241,-0.00617805,1
74148,flyer6,6.96356,13.602,-0.238411,0.1821,2
74149,flyer5,2.99999,6.31805,-0.3,0,2
74150,bullet6,14.1082,3.2332,0.8,0,1
74151,bullet1,14.1214,3.24652,0.8,0,1
74151,bullet4,10.1628,2.66874,0.8,0,1
74152,bullet5,10.146,2.65501,0.8,0,1
74153,player,4.83713,2.98137,-0.405983,0.337386,1
74153,flyer6,5.77151,14.5125,-0.238411,0.1821,2
74154,flyer5,1.49999,6.31805,-0.3,0,2
74156,bullet4,14.1628,2.66874,0.8,0,1
74156,bullet2,5.49295,3.23226,0.8,0,1
74157,bullet5,14.146,2.65501,0.8,0,1
74157,bullet3,5.50706,3.24609,0.8,0,1
74158,player,5.1134,3.25232,0.00634807,0.00622572,1
74158,flyer6,4.57945,15.423,-0.238411,0.1821,2
74159,flyer5,-6.4373e-06,6.31805,-0.3,0,2
74160,bullet6,5.02817,3.74576,0.8,0,1
74161,bullet2,9.49295,3.23226,0.8,0,1
74162,bullet3,9.50706,3.24609,0.8,0,1
74162,bullet1,4.92991,3.84568,0.8,0,1
74163,player,4.51619,3.85963,-0.0137225,0.0139545,1
74163,flyer6,3.3874,16.3335,-0.238411,0.1821,2
74165,bullet6,9.02817,3.74576,0.8,0,1
74166,bullet2,13.493,3.23226,0.8,0,1
74167,bullet3,13.5071,3.24609,0.8,0,1
74167,bullet1,8.92991,3.84568,0.8,0,1
74168,player,2.85576,3.98377,-0.234312,-0.137778,1
74170,flayer7,16.5,12.9217,-0.3,0,2
74170,bullet6,13.0282,3.74576,0.8,0,1
74170,bullet4,3.10287,3.89387,0.8,0,1
74172,bullet1,12.9299,3.84568,0.8,0,1
74173,player,2.66759,3.38375,-0.00432371,-0.154417,1
74175,flayer8,16.5,6.31805,-0.29959,0.0156845,2
74175,flayer7,15,12.9217,-0.3,0,2
74175,bullet4,7.10287,3.89387,0.8,0,1
74177,flyer2,16.5,12.9217,-0.299074,0.0235515,2
74177,bullet5,2.47572,3.16349,0.8,0,1
74178,player,2.0618,3.21515,-0.0139194,0.0516547,1
74179,bullet2,2.45553,3.23839,0.8,0,1
74180,flayer8,15.0021,6.39648,-0.29959,0.0156845,2
74180,flayer7,13.5,12.9217,-0.3,0,2
74180,bullet4,11.1029,3.89387,0.8,0,1
74180,bullet3,2.45272,3.24885,0.8,0,1
74182,flyer2,15.0046,13.0395,-0.299074,0.0235515,2
74182,bullet5,6.47572,3.16349,0.8,0,1
74183,player,2.05062,2.76726,-0.000256852,-0.150922,1
74184,bullet2,6.45553,3.23839,0.8,0,1
74185,flayer8,13.5041,6.4749,-0.29959,0.0156845,2
74185,flayer7,12,12.9217,-0.3,0,2
74185,bullet4,15.1029,3.89387,0.8,0,1
74185,bullet3,6.45272,3.24885,0.8,0,1
74187,flyer2,13.5093,13.1573,-0.299074,0.0235515,2
74187,bullet5,10.4757,3.16349,0.8,0,1
74188,player,2.05041,1.49986,-4.73964e-06,-0.101883,1
74189,bullet2,10.4555,3.23839,0.8,0,1
74190,flayer8,12.0061,6.55332,-0.29959,0.0156845,2
74190,flayer7,10.5,12.9217,-0.3,0,2
74190,bullet3,10.4527,3.24885,0.8,0,1
74192,flyer2,12.0139,13.275,-0.299074,0.0235515,2
74192,bullet5,14.4757,3.16349,0.8,0,1
74193,player,2.03657,2.00651,0.016915,0.0288747,1
74193,bullet6,2.43657,2.00651,0.8,0,1
74194,bullet2,14.4555,3.23839,0.8,0,1
74195,flayer8,10.5082,6.63175,-0.29959,0.0156845,2
74195,flayer7,9,12.9217,-0.3,0,2
74195,bullet3,14.4527,3.24885,0.8,0,1
74197,flyer2,10.5185,13.3928,-0.299074,0.0235515,2
74198,player,2.63863,1.9306,0.0310668,0.121653,1
74198,bullet6,6.43657,2.00651,0.8,0,1
74200,flayer8,9.01025,6.71017,-0.29959,0.0156845,2
74200,flayer7,7.5,12.9217,-0.3,0,2
74200,bullet1,2.56952,2.49936,0.8,0,1
74202,flyer2,9.02315,13.5105,-0.299074,0.0235515,2
74202,bullet4,2.47453,2.61453,0.8,0,1
74203,player,1.72376,2.63062,-0.350766,0.0160845,1
74203,bullet6,10.4366,2.00651,0.8,0,1
74205,flayer8,7.5123,6.78859,-0.29959,0.0156845,2
74205,flayer7,5.99999,12.9217,-0.3,0,2
74205,bullet1,6.56952,2.49936,0.8,0,1
74206,bullet5,2.3523,2.1532,0.8,0,1
74207,flyer2,7.52777,13.6283,-0.299074,0.0235515,2
74207,bullet4,6.47453,2.61453,0.8,0,1
74208,player,2.03054,2.05506,0.0242821,-0.0304579,1
74208,bullet6,14.4366,2.00651,0.8,0,1
74210,flayer8,6.01435,6.86701,-0.29959,0.0156845,2
74210,flayer7,4.49999,12.9217,-0.3,0,2
74210,bullet1,10.5695,2.49936,0.8,0,1
74211,bullet5,6.3523,2.1532,0.8,0,1
74211,bullet2,2.4486,2.03241,0.8,0,1
74212,flyer2,6.0324,13.7461,-0.299074,0.0235515,2
74212,bullet4,10.4745,2.61453,0.8,0,1
74213,player,2.05004,2.3681,0.000448072,0.336938,1
74215,flayer8,4.5164,6.94544,-0.29959,0.0156845,2
74215,flayer7,2.99999,12.9217,-0.3,0,2
74215,bullet1,14.5695,2.49936,0.8,0,1
74216,bullet5,10.3523,2.1532,0.8,0,1
74216,bullet2,6.4486,2.03241,0.8,0,1
74217,flyer2,4.53703,13.8638,-0.299074,0.0235515,2
74217,bullet4,14.4745,2.61453,0.8,0,1
74218,player,2.8591,1.71272,-0.238393,-0.362037,1
74219,bullet3,3.15182,1.5498,0.8,0,1
74220,flayer8,3.01845,7.02386,-0.29959,0.0156845,2
74220,flayer7,1.49999,12.9217,-0.3,0,2
74221,bullet5,14.3523,2.1532,0.8,0,1
74221,bullet2,10.4486,2.03241,0.8,0,1
74222,flyer2,3.04166,13.9816,-0.299074,0.0235515,2
74223,player,2.10993,1.42197,-0.0727428,-0.00668061,1
74224,bullet3,7.15182,1.5498,0.8,0,1
74225,flayer8,1.52051,7.10228,-0.29959,0.0156845,2
74225,flayer7,-6.4373e-06,12.9217,-0.3,0,2
74226,bullet2,14.4486,2.03241,0.8,0,1
74227,flyer2,1.54629,14.0993,-0.299074,0.0235515,2
74228,player,2.02075,1.38585,0.0362468,0.0374658,1
74228,bullet6,1.62075,1.38585,-0.8,-6.99382e-08,1
74229,bullet3,11.1518,1.5498,0.8,0,1
74230,flayer8,0.022557,7.18071,-0.29959,0.0156845,2
74231,flyer1,16.5,12.9217,-0.283379,-0.0984714,2
74231,bullet1,2.44771,1.41371,0.8,0,1
74232,flyer2,0.0509205,14.2171,-0.299074,0.0235515,2
74233,player,1.71236,1.07844,-0.336831,-0.336809,1
74234,flyer4,16.5,12.9217,-0.3,0,2
74234,bullet3,15.1518,1.5498,0.8,0,1
74235,bullet4,1.89258,0.85867,0.8,0,1
74236,flyer1,15.0831,12.4294,-0.283379,-0.0984714,2
74236,bullet1,6.44771,1.41371,0.8,0,1
74238,player,1.44186,0.4,-0.00621548,-0,1
74238,bullet5,1.84186,0.4,0.8,0,1
74239,flyer4,15,12.9217,-0.3,0,2
74240,bullet4,5.89258,0.85867,0.8,0,1
74241,flyer1,13.6662,11.937,-0.283379,-0.0984714,2
74241,bullet1,10.4477,1.41371,0.8,0,1
74243,player,1.05477,0.7375,-0.283111,0.3375,1
74243,bullet5,5.84186,0.4,0.8,0,1
74244,flyer4,13.5,12.9217,-0.3,0,2
74244,bullet2,1.32737,0.889375,0.8,0,1
74245,bullet4,9.89258,0.85867,0.8,0,1
74246,flyer1,12.2493,11.4447,-0.283379,-0.0984714,2
74246,bullet1,14.4477,1.41371,0.8,0,1
74248,player,0.827412,1.00854,-0.00522419,0.00622782,1
74248,bullet5,9.84186,0.4,0.8,0,1
74249,flyer4,12,12.9217,-0.3,0,2
74249,bullet2,5.32737,0.889375,0.8,0,1
74249,bullet6,1.22506,1.01134,0.8,0,1
74250,bullet4,13.8926,0.85867,0.8,0,1
74251,flyer1,10.8324,10.9523,-0.283379,-0.0984714,2
74253,player,0.823217,1.01354,-9.64009e-05,0.000114921,1
74253,bullet5,13.8419,0.4,0.8,0,1
74254,flyer4,10.5,12.9217,-0.3,0,2
74254,bullet2,9.32738,0.889375,0.8,0,1
74254,bullet6,5.22506,1.01134,0.8,0,1
74254,bullet3,1.22317,1.01359,0.8,0,1
74256,flyer1,9.41553,10.4599,-0.283379,-0.0984714,2
74257,bullet1,0.8,0.455914,0.8,0,1
74258,player,0.7375,0.4,0.3375,-0,1
74259,flyer4,9,12.9217,-0.3,0,2
74259,bullet2,13.3274,0.889375,0.8,0,1
74259,bullet6,9.22506,1.01134,0.8,0,1
74259,bullet3,5.22317,1.01359,0.8,0,1
74261,flyer1,7.99864,9.96759,-0.283379,-0.0984714,2
74262,bullet1,4.8,0.455914,0.8,0,1
74263,player,0.909443,0.889375,0.127348,0.151875,1
74264,flyer4,7.5,12.9217,-0.3,0,2
74264,bullet6,13.2251,1.01134,0.8,0,1
74264,bullet3,9.22317,1.01359,0.8,0,1
74265,bullet4,1.39254,1.47785,0.8,0,1
74266,flyer1,6.58175,9.47523,-0.283379,-0.0984714,2
74267,bullet1,8.8,0.455914,0.8,0,1
74268,player,1.01171,1.27616,0.00234993,-0.320858,1
74269,flyer4,5.99999,12.9217,-0.3,0,2
74269,bullet3,13.2232,1.01359,0.8,0,1
74270,bullet4,5.39254,1.47785,0.8,0,1
74271,flyer1,5.16486,8.98287,-0.283379,-0.0984714,2
74271,bullet5,1.41346,0.548184,0.8,0,1
74272,bullet1,12.8,0.455914,0.8,0,1
74273,player,1.0136,0.430007,4.33628e-05,-0.0366754,1
74273,bullet2,1.4136,0.430007,0.8,0,1
74274,flyer4,4.49999,12.9217,-0.3,0,2
74275,bullet4,9.39254,1.47785,0.8,0,1
74276,flyer1,3.74796,8.49051,-0.283379,-0.0984714,2
74276,bullet5,5.41346,0.548184,0.8,0,1
74277,bullet6,1.41364,0.958949,0.8,0,1
74278,player,1.35114,0.989027,0.337501,0.0300779,1
74278,bullet2,5.4136,0.430007,0.8,0,1
74279,flyer4,2.99999,12.9217,-0.3,0,2
74280,bullet4,13.3925,1.47785,0.8,0,1
74281,flyer1,2.33107,7.99815,-0.283379,-0.0984714,2
74281,bullet5,9.41346,0.548184,0.8,0,1
74282,bullet6,5.41364,0.958949,0.8,0,1
74283,player,1.0337,0.424709,-0.0245268,-0.0301997,1
74283,bullet2,9.4136,0.430007,0.8,0,1
74284,flyer4,1.49999,12.9217,-0.3,0,2
74285,bullet3,1.4177,0.405003,0.8,0,1
74286,flyer1,0.914177,7.50579,-0.283379,-0.0984714,2
74286,bullet5,13.4135,0.548184,0.8,0,1
74287,bullet6,9.41364,0.958949,0.8,0,1
74288,player,1.01401,0.400456,-0.000452589,-0.000557269,1
74288,bullet2,13.4136,0.430007,0.8,0,1
74289,flyer4,-6.4373e-06,12.9217,-0.3,0,2
74290,bullet3,5.4177,0.405003,0.8,0,1
74290,bullet1,1.41371,0.400092,0.8,0,1
74292,bullet6,13.4136,0.958949,0.8,0,1
74293,player,0.676144,0.737508,-0.337508,0.33749,1
74293,flyer3,16.5,8.92889,-0.246745,0.170636,2
74294,bullet4,0.924265,0.889378,0.8,0,1
74295,bullet3,9.4177,0.405003,0.8,0,1
74295,bullet1,5.41371,0.400092,0.8,0,1
74298,player,0.4,1.00854,-0,0.00622763,1
74298,flyer3,15.2663,9.78207,-0.246745,0.170636,2
74299,bullet4,4.92427,0.889378,0.8,0,1
74300,bullet3,13.4177,0.405003,0.8,0,1
74300,bullet1,9.41371,0.400092,0.8,0,1
74303,player,0.4,2.15973,0,0.0992134,1
74303,flyer3,14.0325,10.6353,-0.246745,0.170636,2
74304,flyer5,16.5,12.9217,-0.3,0,2
74304,bullet4,8.92427,0.889378,0.8,0,1
74304,bullet5,0.8,2.20438,0.8,0,1
74305,bullet1,13.4137,0.400092,0.8,0,1
74308,player,0.468344,2.30776,-0.0835313,-0.0817005,1
74308,flyer3,12.7988,11.4884,-0.246745,0.170636,2
74309,flyer5,15,12.9217,-0.3,0,2
74309,bullet4,12.9243,0.889378,0.8,0,1
74309,bullet5,4.8,2.20438,0.8,0,1
74309,bullet2,0.830755,2.27099,0.8,0,1
74310,bullet6,0.81384,2.25445,0.8,0,1
74313,player,0.401261,2.73152,-0.00154139,0.150367,1
74313,flyer3,11.5651,12.3416,-0.246745,0.170636,2
74314,flyer5,13.5,12.9217,-0.3,0,2
74314,bullet5,8.8,2.20438,0.8,0,1
74314,bullet2,4.83075,2.27099,0.8,0,1
74314,bullet3,0.800568,2.79918,0.8,0,1
74315,bullet6,4.81384,2.25445,0.8,0,1
74318,player,0.400023,3.44075,-2.84429e-05,0.0335294,1
74318,flyer3,10.3314,13.1948,-0.246745,0.170636,2
74319,flyer5,12,12.9217,-0.3,0,2
74319,bullet5,12.8,2.20438,0.8,0,1
74319,bullet2,8.83076,2.27099,0.8,0,1
74319,bullet3,4.80057,2.79918,0.8,0,1
74320,bullet6,8.81384,2.25445,0.8,0,1
74323,player,0.4,4.05615,0,0.0313734,1
74323,flyer3,9.09764,14.048,-0.246745,0.170636,2
74324,flyer5,10.5,12.9217,-0.3,0,2
74324,bullet2,12.8308,2.27099,0.8,0,1
74324,bullet3,8.80057,2.79918,0.8,0,1
74324,bullet1,0.8,4.07027,0.8,0,1
74325,bullet6,12.8138,2.25445,0.8,0,1
74328,player,0.4,3.74384,-0,-0.336921,1
74328,flyer3,7.86392,14.9012,-0.246745,0.170636,2
74329,flyer5,9,12.9217,-0.3,0,2
74329,bullet3,12.8006,2.79918,0.8,0,1
74329,bullet1,4.8,4.07027,0.8,0,1
74333,player,0.4,2.88479,0,-0.0369718,1
74333,flyer3,6.63019,15.7543,-0.246745,0.170636,2
74334,flyer5,7.5,12.9217,-0.3,0,2
74334,flyer6,16.5,2.20992,-0.274933,0.120049,2
74334,bullet1,8.8,4.07027,0.8,0,1
74337,bullet4,0.8,2.29807,0.8,0,1
74338,player,0.4,2.26663,0,-0.0314369,1
74338,bullet5,0.8,2.26663,0.8,0,1
74339,flyer5,5.99999,12.9217,-0.3,0,2
74339,flyer6,15.1253,2.81016,-0.274933,0.120049,2
74339,bullet1,12.8,4.07027,0.8,0,1
74340,bullet2,0.8,2.24612,0.8,0,1
74342,bullet4,4.8,2.29807,0.8,0,1
74343,player,0.4,2.24138,0,-0.0005801,1
74343,bullet5,4.8,2.26663,0.8,0,1
74344,flyer5,4.49999,12.9217,-0.3,0,2
74344,flyer6,13.7507,3.41041,-0.274933,0.120049,1
74345,bullet2,4.8,2.24612,0.8,0,1
74347,bullet4,8.8,2.29807,0.8,0,1
74347,bullet6,0.8,1.65246,0.8,0,1
74348,player,0.7375,1.30111,0.3375,-0.35135,1
74348,bullet5,8.8,2.26663,0.8,0,1
74349,flyer5,2.99999,12.9217,-0.3,0,2
74349,flyer6,12.376,4.01065,-0.274933,0.120049,1
74350,bullet2,8.8,2.24612,0.8,0,1
74352,bullet4,12.8,2.29807,0.8,0,1
74352,bullet6,4.8,1.65246,0.8,0,1
74353,player,0.420068,1.35644,-0.0245269,0.331017,1
74353,bullet5,12.8,2.26663,0.8,0,1
74354,flyer5,1.49999,12.9217,-0.3,0,2
74354,flyer6,11.0013,4.6109,-0.274933,0.120049,1
74355,bullet2,12.8,2.24612,0.8,0,1
74357,bullet6,8.8,1.65246,0.8,0,1
74358,player,1.00268,2.22459,0.013387,0.0199478,1
74358,bullet3,1.40268,2.22459,0.8,0,1
74359,flyer5,-6.4373e-06,12.9217,-0.3,0,2
74359,flyer6,9.62668,5.21115,-0.274933,0.120049,1
74360,bullet1,0.611419,2.23761,-0.8,-6.99382e-08,1
74362,flayer7,16.5,2.20992,-0.266591,0.137584,2
74362,bullet6,12.8,1.65246,0.8,0,1
74363,player,0.675934,2.24061,-0.337253,0.000368093,1
74363,bullet3,5.40268,2.22459,0.8,0,1
74364,flyer6,8.25201,5.8114,-0.274933,0.120049,1
74367,flayer7,15.167,2.89784,-0.266591,0.137584,2
74367,flayer8,16.5,2.20992,-0.3,0,2
74367,bullet4,0.910414,2.2409,0.8,0,1
74368,player,0.449686,2.24091,-0.0607274,6.79235e-06,1
74368,bullet3,9.40268,2.22459,0.8,0,1
74369,flyer6,6.87735,6.41164,-0.274933,0.120049,1
74369,bullet5,0.822359,2.24091,0.8,0,1
74372,flayer7,13.8341,3.58576,-0.266591,0.137584,2
74372,flayer8,15,2.20992,-0.3,0,2
74372,bullet4,4.91041,2.2409,0.8,0,1
74373,player,0.98939,2.82938,0.0296341,0.0307548,1
74373,bullet3,13.4027,2.22459,0.8,0,1
74374,flyer6,5.50269,7.01189,-0.274933,0.120049,1
74374,bullet5,4.82236,2.24091,0.8,0,1
74374,bullet2,1.40273,2.84322,0.8,0,1
74376,bullet1,1.41143,2.85225,0.8,0,1
74377,flayer7,12.5011,4.27368,-0.266591,0.137584,2
74377,flayer8,13.5,2.20992,-0.3,0,1
74377,bullet4,8.91041,2.2409,0.8,0,1
74378,player,1.01319,2.85408,0.000546832,0.000567513,1
74379,flyer6,4.12802,7.61214,-0.274933,0.120049,1
74379,bullet5,8.82236,2.24091,0.8,0,1
74379,bullet2,5.40273,2.84322,0.8,0,1
74381,bullet1,5.41143,2.85225,0.8,0,1
74382,flayer7,11.1682,4.9616,-0.266591,0.137584,2
74383,player,0.524253,2.85454,-0.151865,1.04722e-05,1
74383,bullet6,0.924253,2.85454,0.8,0,1
74384,flyer6,2.75336,8.21239,-0.274933,0.120049,1
74384,bullet5,12.8224,2.24091,0.8,0,1
74384,bullet2,9.40273,2.84322,0.8,0,1
74386,bullet1,9.41143,2.85225,0.8,0,1
74387,flayer7,9.83522,5.64952,-0.266591,0.137584,2
74388,player,0.960011,2.85455,0.0655414,1.93242e-07,1
74388,bullet6,4.92425,2.85454,0.8,0,1
74389,flyer6,1.37869,8.81263,-0.274933,0.120049,1
74389,bullet2,13.4027,2.84322,0.8,0,1
74390,bullet3,1.40278,2.85455,0.8,0,1
74391,bullet1,13.4114,2.85225,0.8,0,1
74392,flayer7,8.50227,6.33744,-0.266591,0.137584,2
74393,player,1.01265,2.85455,0.00120942,3.56585e-09,1
74393,bullet6,8.92425,2.85454,0.8,0,1
74393,bullet4,1.41265,2.85455,0.8,0,1
74394,flyer6,0.00402498,9.41288,-0.274933,0.120049,1
74395,bullet3,5.40278,2.85455,0.8,0,1
74396,bullet5,1.41355,2.85455,0.8,0,1
74397,flayer7,7.16932,7.02536,-0.266591,0.137584,2
74398,player,1.01362,2.85455,2.23173e-05,6.58e-11,1
74398,bullet6,12.9243,2.85454,0.8,0,1
74398,bullet4,5.41265,2.85455,0.8,0,1
74400,bullet3,9.40278,2.85455,0.8,0,1
74401,bullet5,5.41355,2.85455,0.8,0,1
74402,flayer7,5.83636,7.71328,-0.266591,0.137584,2
74403,player,1.84051,2.85455,0.489375,1.2142e-12,1
74403,bullet4,9.41265,2.85455,0.8,0,1
74405,bullet3,13.4028,2.85455,0.8,0,1
74406,bullet5,9.41355,2.85455,0.8,0,1
74407,flayer7,4.50341,8.4012,-0.266591,0.137584,2
74408,player,1.89602,2.26607,-0.32847,-0.0307547,1
74408,bullet4,13.4126,2.85455,0.8,0,1
74409,flyer2,16.5,2.20992,-0.288677,0.0816418,2
74409,bullet2,2.14821,2.25223,0.8,0,1
74411,bullet5,13.4135,2.85455,0.8,0,1
74411,bullet1,2.05176,2.2432,0.8,0,1
74412,flayer7,3.17046,9.08912,-0.266591,0.137584,2
74413,player,1.63223,2.24137,-0.00606119,-0.00056751,1
74414,bullet2,6.14821,2.25223,0.8,0,1
74414,bullet6,2.0295,2.24112,0.8,0,1
74416,bullet1,6.05176,2.2432,0.8,0,1
74417,flayer7,1.8375,9.77704,-0.266591,0.137584,2
74418,player,1.06964,2.79864,-0.0684556,0.0683333,1
74418,bullet3,1.46964,2.79864,0.8,0,1
74419,bullet2,10.1482,2.25223,0.8,0,1
74419,bullet6,6.0295,2.24112,0.8,0,1
74421,bullet1,10.0518,2.2432,0.8,0,1
74422,flayer7,0.504548,10.465,-0.266591,0.137584,2
74423,player,1.01467,3.41123,-0.0012632,0.0696047,1
74423,bullet3,5.46965,2.79864,0.8,0,1
74424,bullet2,14.1482,2.25223,0.8,0,1
74424,bullet6,10.0295,2.24112,0.8,0,1
74426,bullet1,14.0518,2.2432,0.8,0,1
74427,flyer1,16.5,6.27858,-0.290616,0.0744459,2
74428,player,0.793437,4.36235,0.269133,0.407128,1
74428,bullet3,9.46965,2.79864,0.8,0,1
74429,flyer4,16.5,6.27858,-0.3,0,2
74429,bullet6,14.0295,2.24112,0.8,0,1
74429,bullet4,1.31455,4.54556,0.8,0,1
74432,flyer1,15.0469,6.65081,-0.290616,0.0744459,2
74433,player,0.941229,5.17869,0.0884975,0.159388,1
74433,bullet3,13.4696,2.79864,0.8,0,1
74434,flyer4,15,6.27858,-0.3,0,2
74434,bullet4,5.31455,4.54556,0.8,0,1
74434,bullet5,1.38105,5.25041,0.8,0,1
74435,bullet2,1.39897,5.28269,0.8,0,1
74437,flyer1,13.5938,7.02303,-0.290616,0.0744459,2
74438,player,0.522924,4.81731,-0.150242,-0.148934,1
74438,bullet1,0.922924,4.81731,0.8,0,1
74439,flyer4,13.5,6.27858,-0.3,0,2
74439,bullet4,9.31455,4.54556,0.8,0,1
74439,bullet5,5.38105,5.25041,0.8,0,1
74440,bullet2,5.39897,5.28269,0.8,0,1
74442,flyer1,12.1408,7.39526,-0.290616,0.0744459,2
74443,player,0.4,5.28618,0,0.0280064,1
74443,bullet1,4.92292,4.81731,0.8,0,1
74444,flyer4,12,6.27858,-0.3,0,2
74444,bullet4,13.3145,4.54556,0.8,0,1
74444,bullet5,9.38105,5.25041,0.8,0,1
74445,bullet2,9.39897,5.28269,0.8,0,1
74447,flyer1,10.6877,7.76749,-0.290616,0.0744459,2
74448,player,0.4,5.30867,0,0.000516798,1
74448,bullet1,8.92292,4.81731,0.8,0,1
74448,bullet6,0.8,5.30867,0.8,0,1
74449,flyer4,10.5,6.27858,-0.3,0,2
74449,bullet5,13.3811,5.25041,0.8,0,1
74450,bullet2,13.399,5.28269,0.8,0,1
74452,flyer1,9.2346,8.13972,-0.290616,0.0744459,2
74453,player,0.4,4.97159,-0,-0.33749,1
74453,bullet1,12.9229,4.81731,0.8,0,1
74453,bullet6,4.8,5.30867,0.8,0,1
74454,flyer4,9,6.27858,-0.3,0,2
74455,bullet3,0.8,4.75137,0.8,0,1
74457,flyer1,7.78152,8.51195,-0.290616,0.0744459,2
74458,player,0.4,5.18993,0,0.145647,1
74458,bullet6,8.8,5.30867,0.8,0,1
74459,flyer4,7.5,6.27858,-0.3,0,2
74460,bullet3,4.8,4.75137,0.8,0,1
74461,bullet4,1.28938,5.29823,0.8,0,1
74462,flyer1,6.32844,8.88418,-0.290616,0.0744459,2
74463,player,0.988474,5.64439,0.0307547,0.340188,1
74463,bullet6,12.8,5.30867,0.8,0,1
74464,flyer4,5.99999,6.27858,-0.3,0,2
74464,bullet5,1.40231,5.79748,0.8,0,1
74465,bullet3,8.8,4.75137,0.8,0,1
74466,bullet4,5.28938,5.29823,0.8,0,1
74467,flyer1,4.87536,9.25641,-0.290616,0.0744459,2
74468,player,1.01317,5.35987,0.00056751,-0.0620663,1
74468,bullet2,1.41317,5.35987,0.8,0,1
74469,flyer4,4.49999,6.27858,-0.3,0,1
74470,bullet3,12.8,4.75137,0.8,0,1
74470,bullet1,1.41354,5.31938,0.8,0,1
74471,bullet4,9.28938,5.29823,0.8,0,1
74472,flyer1,3.42228,9.62864,-0.290616,0.0744459,2
74473,player,1.01363,5.31003,1.04722e-05,-0.0011453,1
74473,bullet2,5.41317,5.35987,0.8,0,1
74474,flyer4,2.99999,6.27858,-0.3,0,1
74475,bullet1,5.41354,5.31938,0.8,0,1
74476,bullet4,13.2894,5.29823,0.8,0,1
74476,bullet6,1.97135,4.75146,0.8,0,1
74477,flyer1,1.9692,10.0009,-0.290616,0.0744459,2
74478,player,1.61595,4.7068,0.0138398,-0.0138607,1
74478,bullet2,9.41317,5.35987,0.8,0,1
74479,flyer4,1.49999,6.27858,-0.3,0,1
74480,bullet1,9.41354,5.31938,0.8,0,1
74481,bullet6,5.97135,4.75146,0.8,0,1
74482,flyer1,0.516114,10.3731,-0.290616,0.0744459,2
74483,player,1.03859,4.68183,-0.0304993,0.0166593,1
74483,bullet2,13.4132,5.35987,0.8,0,1
74483,bullet5,1.43859,4.68183,0.8,0,1
74484,flyer4,-6.4373e-06,6.27858,-0.3,0,1
74485,bullet1,13.4135,5.31938,0.8,0,1
74486,bullet6,9.97136,4.75146,0.8,0,1
74488,player,1.0141,4.6952,-0.000562798,0.000307411,1
74488,flyer3,16.5,11.7997,-0.235605,0.185715,2
74488,bullet5,5.43859,4.68183,0.8,0,1
74489,flyer5,16.5,11.7997,-0.222915,-0.20077,2
74489,bullet3,1.41384,4.69534,0.8,0,1
74491,bullet6,13.9714,4.75146,0.8,0,1
74493,player,1.01364,4.44448,-1.03852e-05,0.306751,1
74493,flyer3,15.322,12.7283,-0.235605,0.185715,2
74493,bullet5,9.43859,4.68183,0.8,0,1
74494,flyer5,15.3854,10.7958,-0.222915,-0.20077,2
74494,bullet3,5.41384,4.69534,0.8,0,1
74494,bullet4,1.41364,4.58252,0.8,0,1
74497,bullet2,1.41364,5.17454,0.8,0,1
74498,player,1.01364,5.24854,-1.91636e-07,0.0740042,1
74498,flyer3,14.1439,13.6568,-0.235605,0.185715,2
74498,bullet5,13.4386,4.68183,0.8,0,1
74499,flyer5,14.2708,9.79197,-0.222915,-0.20077,2
74499,bullet3,9.41384,4.69534,0.8,0,1
74499,bullet4,5.41364,4.58252,0.8,0,1
74502,bullet2,5.41364,5.17454,0.8,0,1
74502,bullet1,0.855918,4.74889,0.8,0,1
74503,player,0.425163,4.382,-0.0307547,-0.366889,1
74503,flyer3,12.9659,14.5854,-0.235605,0.185715,2
74504,flyer5,13.1563,8.78812,-0.222915,-0.20077,2
74504,bullet3,13.4138,4.69534,0.8,0,1
74504,bullet4,9.41364,4.58252,0.8,0,1
74507,bullet2,9.41364,5.17454,0.8,0,1
74507,bullet1,4.85592,4.74889,0.8,0,1
74508,player,0.400465,4.08736,-0.000567511,-0.00677014,1
74508,flyer3,11.7879,15.514,-0.235605,0.185715,2
74509,flyer5,12.0417,7.78427,-0.222915,-0.20077,2
74509,bullet4,13.4136,4.58252,0.8,0,1
74510,bullet6,1.28947,3.59357,0.8,0,1
74512,bullet2,13.4136,5.17454,0.8,0,1
74512,bullet1,8.85592,4.74889,0.8,0,1
74513,player,1.1542,3.96898,-0.171796,0.13791,1
74513,flyer3,10.6099,16.4425,-0.235605,0.185715,2
74514,flyer5,10.9271,6.78042,-0.222915,-0.20077,2
74515,bullet6,5.28947,3.59357,0.8,0,1
74515,bullet5,1.4421,4.05897,0.8,0,1
74516,bullet3,1.42645,4.07154,0.8,0,1
74517,bullet1,12.8559,4.74889,0.8,0,1
74518,player,1.01623,4.07974,-0.00317012,0.00254484,1
74519,flyer5,9.81253,5.77657,-0.222915,-0.20077,2
74520,bullet6,9.28947,3.59357,0.8,0,1
74520,bullet5,5.4421,4.05897,0.8,0,1
74521,bullet3,5.42645,4.07154,0.8,0,1
74523,player,1.16556,4.90866,-0.185684,0.489422,1
74524,flyer5,8.69795,4.77271,-0.222915,-0.20077,0
74525,bullet6,13.2895,3.59357,0.8,0,1
74526,bullet4,1.91685,4.78323,0.8,0,1
74528,player,1.60491,4.71323,0.0273283,-0.0217235,1
74529,flayer8,16.5,11.7997,-0.3,0,2
74529,bullet2,2.01721,4.70345,0.8,0,1
74530,bullet1,2.02274,4.69906,0.8,0,1
74531,bullet4,5.91686,4.78323,0.8,0,1
74533,player,1.13749,4.20641,-0.151371,-0.152276,1
74533,bullet5,1.53749,4.20641,0.8,0,1
74534,flayer8,15,11.7997,-0.3,0,2
74534,bullet2,6.01721,4.70345,0.8,0,1
74535,bullet1,6.02275,4.69906,0.8,0,1
74536,bullet4,9.91686,4.78323,0.8,0,1
74538,player,1.23614,4.97934,-0.271949,0.403034,1
74538,bullet5,5.53749,4.20641,0.8,0,1
74539,flayer8,13.5,11.7997,-0.3,0,2
74539,bullet2,10.0172,4.70345,0.8,0,1
74540,bullet1,10.0227,4.69906,0.8,0,1
74541,bullet4,13.9169,4.78323,0.8,0,1
74543,player,1.01774,4.81363,-0.00501823,-0.144438,1
74543,bullet5,9.53749,4.20641,0.8,0,1
74544,flayer8,12,11.7997,-0.3,0,2
74544,bullet2,14.0172,4.70345,0.8,0,1
74545,bullet1,14.0227,4.69906,0.8,0,1
74547,flyer6,16.5,11.7997,-0.3,0,2
74548,player,1.04447,4.10916,-0.0376817,-0.03342,1
74548,flyer2,16.5,11.7997,-0.298622,-0.0287201,2
74548,bullet5,13.5375,4.20641,0.8,0,1
74548,bullet3,1.44447,4.10916,0.8,0,1
74549,flayer8,10.5,11.7997,-0.3,0,2
74551,bullet6,1.97416,3.52659,0.8,0,1
74552,flyer6,15,11.7997,-0.3,0,2
74553,player,1.27902,3.81751,-0.324356,0.323044,1
74553,flyer2,15.0069,11.6561,-0.298622,-0.0287201,2
74553,bullet3,5.44447,4.10916,0.8,0,1
74554,flayer8,9,11.7997,-0.3,0,2
74555,bullet4,1.46738,4.0283,0.8,0,1
74556,bullet6,5.97417,3.52659,0.8,0,1
74557,flyer6,13.5,11.7997,-0.3,0,2
74558,player,1.01853,4.63466,-0.00598528,0.0743048,1
74558,flyer2,13.5138,11.5125,-0.298622,-0.0287201,2
74558,bullet3,9.44447,4.10916,0.8,0,1
74558,bullet2,1.41853,4.63466,0.8,0,1
74559,flayer8,7.5,11.7997,-0.3,0,2
74560,bullet4,5.46738,4.0283,0.8,0,1
74561,bullet6,9.97417,3.52659,0.8,0,1
74562,flyer6,12,11.7997,-0.3,0,2
74563,player,0.411415,4.80727,-0.0139501,-0.136664,1
74563,flyer2,12.0207,11.3689,-0.298622,-0.0287201,2
74563,bullet3,13.4445,4.10916,0.8,0,1
74563,bullet2,5.41853,4.63466,0.8,0,1
74564,flayer8,5.99999,11.7997,-0.3,0,2
74565,bullet4,9.46738,4.0283,0.8,0,1
74566,bullet6,13.9742,3.52659,0.8,0,1
74567,flyer6,10.5,11.7997,-0.3,0,2
74568,player,1.591,3.50673,0.0443369,-0.0471161,1
74568,flyer2,10.5276,11.2253,-0.298622,-0.0287201,2
74568,bullet2,9.41854,4.63466,0.8,0,1
74568,bullet1,1.991,3.50673,0.8,0,1
74569,flayer8,4.49999,11.7997,-0.3,0,2
74570,bullet4,13.4674,4.0283,0.8,0,1
74572,flyer6,9,11.7997,-0.3,0,2
74573,player,2.70445,3.4689,0.183448,-0.000869425,1
74573,flyer2,9.03445,11.0817,-0.298622,-0.0287201,2
74573,bullet2,13.4185,4.63466,0.8,0,1
74573,bullet1,5.991,3.50673,0.8,0,1
74574,flayer8,2.99999,11.7997,-0.3,0,2
74574,bullet5,3.18701,3.4685,0.8,0,1
74577,flyer6,7.5,11.7997,-0.3,0,2
74577,bullet3,3.24839,3.46821,0.8,0,1
74578,player,2.85178,3.4682,0.00338513,-1.60433e-05,1
74578,flyer2,7.54134,10.9381,-0.298622,-0.0287201,2
74578,bullet1,9.991,3.50673,0.8,0,1
74578,bullet6,2.45178,3.4682,-0.8,-6.99382e-08,1
74579,flayer8,1.49999,11.7997,-0.3,0,2
74579,bullet5,7.18701,3.4685,0.8,0,1
74582,flyer6,5.99999,11.7997,-0.3,0,2
74582,bullet3,7.24839,3.46821,0.8,0,1
74583,player,2.8545,3.46818,6.24651e-05,-2.96045e-07,1
74583,flyer2,6.04823,10.7945,-0.298622,-0.0287201,2
74583,bullet1,13.991,3.50673,0.8,0,1
74584,flayer8,-6.4373e-06,11.7997,-0.3,0,2
74584,bullet5,11.187,3.4685,0.8,0,1
74584,bullet4,3.25452,3.46818,0.8,0,1
74587,flyer6,4.49999,11.7997,-0.3,0,2
74587,bullet3,11.2484,3.46821,0.8,0,1
74588,player,1.4392,3.31631,-0.520128,0.185625,1
74588,flyer2,4.55511,10.6509,-0.298622,-0.0287201,2
74589,bullet5,15.187,3.4685,0.8,0,1
74589,bullet4,7.25453,3.46818,0.8,0,1
74590,bullet2,1.49981,3.43743,0.8,0,1
74592,flyer6,2.99999,11.7997,-0.3,0,2
74592,bullet3,15.2484,3.46821,0.8,0,1
74593,player,1.02149,2.90766,-0.00959783,-0.0649184,1
74593,flyer2,3.062,10.5073,-0.298622,-0.0287201,2
74594,bullet4,11.2545,3.46818,0.8,0,1
74594,bullet6,1.41717,2.87845,0.8,0,1
74595,bullet2,5.49981,3.43743,0.8,0,1
74597,flyer6,1.49999,11.7997,-0.3,0,2
74598,player,1.5715,3.41325,0.0681666,0.0671458,1
74598,flyer2,1.56889,10.3637,-0.298622,-0.0287201,2
74598,bullet1,1.9715,3.41325,0.8,0,1
74599,bullet4,15.2545,3.46818,0.8,0,1
74599,bullet6,5.41717,2.87845,0.8,0,1
74600,bullet2,9.49982,3.43743,0.8,0,1
74601,bullet5,2.02219,3.46318,0.8,0,1
74602,flyer6,-6.4373e-06,11.7997,-0.3,0,2
74603,player,1.62625,3.46717,0.00125787,0.00123903,1
74603,flyer2,0.0757828,10.2201,-0.298622,-0.0287201,2
74603,bullet1,5.9715,3.41325,0.8,0,1
74604,bullet6,9.41717,2.87845,0.8,0,1
74605,bullet2,13.4998,3.43743,0.8,0,1
74606,bullet5,6.02219,3.46318,0.8,0,1
74608,player,1.62726,3.46816,2.32112e-05,2.28636e-05,1
74608,bullet1,9.9715,3.41325,0.8,0,1
74609,flayer7,16.5,2.21429,-0.3,0,2
74609,bullet6,13.4172,2.87845,0.8,0,1
74610,bullet3,2.02727,3.46818,0.8,0,1
74611,bullet5,10.0222,3.46318,0.8,0,1
74613,player,2.18499,2.91046,0.0683442,-0.0683433,1
74613,bullet1,13.9715,3.41325,0.8,0,1
74613,bullet4,2.58499,2.91046,0.8,0,1
74614,flayer7,15,2.21429,-0.3,0,1
74615,bullet3,6.02727,3.46818,0.8,0,1
74616,bullet5,14.0222,3.46318,0.8,0,1
74618,player,3.1351,1.96036,0.407105,-0.407105,1
74618,bullet4,6.58499,2.91046,0.8,0,1
74619,flayer7,13.5,2.21429,-0.3,0,1
74619,flyer1,16.5,6.16493,-0.3,0,2
74620,bullet3,10.0273,3.46818,0.8,0,1
74623,player,2.31585,2.77961,-0.0915862,0.0915862,1
74623,bullet4,10.585,2.91046,0.8,0,1
74623,bullet2,2.71585,2.77961,0.8,0,1
74624,flayer7,12,2.21429,-0.3,0,0
74624,flyer1,15,6.16493,-0.3,0,2
74625,bullet3,14.0273,3.46818,0.8,0,1
74626,bullet6,2.40546,2.84772,-0.8,-6.99382e-08,1
74628,player,3.18211,3.19066,0.34965,0.33919,1
74628,bullet2,6.71585,2.77961,0.8,0,1
74629,flyer1,13.5,6.16493,-0.3,0,2
74630,flyer4,16.5,6.16493,-0.247483,0.169564,2
74631,flyer3,16.5,6.16493,-0.271534,0.127551,2
74631,bullet1,3.84212,3.44289,0.8,0,1
74633,player,3.4629,3.95244,0.00645202,0.158134,1
74633,bullet2,10.7158,2.77961,0.8,0,1
74634,flyer1,12,6.16493,-0.3,0,2
74634,bullet5,3.86581,4.0236,0.8,0,1
74635,flyer4,15.2626,7.01275,-0.247483,0.169564,2
74636,flyer3,15.1423,6.80269,-0.271534,0.127551,2
74636,bullet1,7.84212,3.44289,0.8,0,1
74636,bullet4,3.8677,4.07003,0.8,0,1
74638,player,3.46809,3.59006,0.000119058,-0.148957,1
74638,bullet2,14.7158,2.77961,0.8,0,1
74639,flyer1,10.5,6.16493,-0.3,0,2
74639,bullet5,7.86581,4.0236,0.8,0,1
74640,flyer4,14.0252,7.86058,-0.247483,0.169564,2
74641,flyer3,13.7847,7.44044,-0.271534,0.127551,2
74641,bullet1,11.8421,3.44289,0.8,0,1
74641,bullet4,7.8677,4.07003,0.8,0,1
74641,bullet3,3.86817,3.47929,0.8,0,1
74643,player,3.46818,3.47043,2.19695e-06,-0.00274868,1
74644,flyer1,9,6.16493,-0.3,0,2
74644,bullet5,11.8658,4.0236,0.8,0,1
74645,flyer4,12.7877,8.7084,-0.247483,0.169564,2
74646,flyer3,12.427,8.07819,-0.271534,0.127551,2
74646,bullet1,15.8421,3.44289,0.8,0,1
74646,bullet4,11.8677,4.07003,0.8,0,1
74646,bullet3,7.86817,3.47929,0.8,0,1
74647,bullet6,3.27971,4.05675,0.8,0,1
74648,player,2.86587,4.07054,-0.0138396,0.0137889,1
74649,flyer1,7.5,6.16493,-0.3,0,2
74649,bullet5,15.8658,4.0236,0.8,0,1
74650,flyer4,11.5503,9.55622,-0.247483,0.169564,2
74651,flyer3,11.0693,8.71595,-0.271534,0.127551,2
74651,bullet4,15.8677,4.07003,0.8,0,1
74651,bullet3,11.8682,3.47929,0.8,0,1
74652,bullet6,7.27971,4.05675,0.8,0,1
74652,bullet2,3.25501,4.63907,0.8,0,1
74653,player,2.85475,4.67008,-0.000255379,0.0310091,1
74653,bullet1,3.25475,4.67008,0.8,0,1
74654,flyer1,5.99999,6.16493,-0.3,0,2
74655,flyer4,10.3129,10.404,-0.247483,0.169564,2
74656,flyer3,9.71165,9.3537,-0.271534,0.127551,2
74656,bullet3,15.8682,3.47929,0.8,0,1
74657,bullet6,11.2797,4.05675,0.8,0,1
74657,bullet2,7.25501,4.63907,0.8,0,1
74658,player,2.82379,4.72574,0.0375843,-0.0370169,1
74658,bullet1,7.25476,4.67008,0.8,0,1
74659,flyer1,4.49999,6.16493,-0.3,0,2
74660,flyer4,9.0755,11.2519,-0.247483,0.169564,2
74661,flyer3,8.35398,9.99146,-0.271534,0.127551,2
74662,bullet6,15.2797,4.05675,0.8,0,1
74662,bullet2,11.255,4.63907,0.8,0,1
74663,player,3.20532,4.80895,0.321278,-0.138718,1
74663,bullet1,11.2548,4.67008,0.8,0,1
74664,flyer1,2.99999,6.16493,-0.3,0,2
74665,flyer4,7.83808,12.0997,-0.247483,0.169564,2
74665,bullet5,3.81495,4.71844,0.8,0,1
74666,flyer3,6.99631,10.6292,-0.271534,0.127551,2
74667,bullet2,15.255,4.63907,0.8,0,1
74668,player,4.02105,5.25527,0.0742722,0.065784,1
74668,bullet1,15.2548,4.67008,0.8,0,1
74669,flyer1,1.49999,6.16493,-0.3,0,2
74670,flyer4,6.60067,12.9475,-0.247483,0.169564,2
74670,bullet5,7.81495,4.71844,0.8,0,1
74670,bullet4,4.46951,5.29819,0.8,0,1
74671,flyer3,5.63864,11.267,-0.271534,0.127551,2
74673,player,3.59132,5.30809,-0.150504,0.0012139,1
74673,bullet3,3.99132,5.30809,0.8,0,1
74674,flyer1,-6.4373e-06,6.16493,-0.3,0,2
74675,flyer4,5.36325,13.7953,-0.247483,0.169564,2
74675,bullet5,11.815,4.71844,0.8,0,1
74675,bullet4,8.46951,5.29819,0.8,0,1
74676,flyer3,4.28097,11.9047,-0.271534,0.127551,2
74676,bullet6,3.39003,5.79837,0.8,0,1
74678,player,2.88198,5.89754,-0.0335319,0.0307771,1
74678,bullet3,7.99132,5.30809,0.8,0,1
74680,flyer4,4.12584,14.6431,-0.247483,0.169564,2
74680,bullet5,15.815,4.71844,0.8,0,1
74680,bullet4,12.4695,5.29819,0.8,0,1
74681,flyer3,2.9233,12.5425,-0.271534,0.127551,2
74681,bullet6,7.39003,5.79837,0.8,0,1
74683,player,2.85505,6.41163,-0.000618758,0.152443,1
74683,bullet3,11.9913,5.30809,0.8,0,1
74683,bullet2,3.25505,6.41163,0.8,0,1
74685,flyer4,2.88842,15.491,-0.247483,0.169564,2
74686,flyer3,1.56563,13.1802,-0.271534,0.127551,2
74686,bullet6,11.39,5.79837,0.8,0,1
74688,player,3.44303,5.63884,0.0307433,-0.403031,1
74688,bullet3,15.9913,5.30809,0.8,0,1
74688,bullet2,7.25505,6.41163,0.8,0,1
74690,flyer4,1.651,16.3388,-0.247483,0.169564,2
74690,bullet1,3.86309,5.37586,0.8,0,1
74691,flyer3,0.207959,13.818,-0.271534,0.127551,2
74691,bullet6,15.39,5.79837,0.8,0,1
74692,bullet5,3.86715,5.32261,0.8,0,1
74693,player,3.46772,5.31517,0.0005673,-0.00743705,1
74693,bullet2,11.2551,6.41163,0.8,0,1
74693,bullet4,3.86772,5.31517,0.8,0,1
74695,bullet1,7.86309,5.37586,0.8,0,1
74697,bullet5,7.86715,5.32261,0.8,0,1
74698,player,2.57295,5.6467,-0.405833,0.337363,1
74698,bullet2,15.2551,6.41163,0.8,0,1
74698,bullet4,7.86772,5.31517,0.8,0,1
74700,flyer5,16.5,8.01088,-0.3,0,2
74700,bullet1,11.8631,5.37586,0.8,0,1
74702,bullet5,11.8672,5.32261,0.8,0,1
74703,player,2.73641,5.42826,0.144386,-0.14565,1
74703,bullet4,11.8677,5.31517,0.8,0,1
74705,flyer5,15,8.01088,-0.3,0,2
74705,bullet1,15.8631,5.37586,0.8,0,1
74706,flayer8,16.5,6.16493,-0.299983,0.00317403,2
74706,bullet3,2.7544,5.31995,0.8,0,1
74708,player,2.26389,5.31129,-0.0280904,-0.00268765,1
74708,bullet6,2.66389,5.31129,0.8,0,1
74709,bullet2,2.65125,5.31008,0.8,0,1
74710,flyer5,13.5,8.01088,-0.3,0,2
74711,bullet3,6.75441,5.31995,0.8,0,1
74713,player,2.24133,5.86685,-0.000518346,0.0682942,1
74713,bullet6,6.66389,5.31129,0.8,0,1
74714,bullet2,6.65125,5.31008,0.8,0,1
74715,flyer5,12,8.01088,-0.3,0,2
74716,bullet3,10.7544,5.31995,0.8,0,1
74718,player,0.712628,6.84767,-0.382104,0.369515,1
74718,bullet6,10.6639,5.31129,0.8,0,1
74719,bullet2,10.6513,5.31008,0.8,0,1
74720,flyer5,10.5,8.01088,-0.3,0,2
74721,bullet3,14.7544,5.31995,0.8,0,1
74722,bullet1,0.8,8.21545,0.8,0,1
74723,player,0.4,8.30445,0,0.089002,1
74723,bullet6,14.6639,5.31129,0.8,0,1
74724,bullet2,14.6513,5.31008,0.8,0,1
74725,flyer5,9,8.01088,-0.3,0,2
74726,flyer6,16.5,8.01088,-0.3,0,2
74727,flyer2,16.5,8.01088,-0.298655,0.0283741,2
74727,bullet1,4.8,8.21545,0.8,0,1
74728,player,0.4,7.78745,0,-0.0291124,1
74728,bullet5,0.8,7.78745,0.8,0,1
74730,flyer5,7.5,8.01088,-0.3,0,1
74731,flyer6,15,8.01088,-0.3,0,2
74732,flyer2,15.0067,8.15275,-0.298655,0.0283741,2
74733,player,0.988474,7.76407,0.0307547,-0.000537205,1
74733,bullet5,4.8,7.78745,0.8,0,1
74736,flyer6,13.5,8.01088,-0.3,0,2
74737,flyer2,13.5134,8.29462,-0.298655,0.0283741,2
74737,bullet4,0.8,7.7329,0.8,0,1
74738,player,0.4,7.7498,0,0.0169052,1
74738,bullet3,0.8,7.7498,0.8,0,1
74740,bullet6,0.8,7.76083,0.8,0,1
74741,flyer6,12,8.01088,-0.3,0,2
74741,bullet2,0.8,7.76237,0.8,0,1
74742,flyer2,12.0202,8.43649,-0.298655,0.0283741,2
74742,bullet4,4.8,7.7329,0.8,0,1
74743,player,0.7375,7.76338,0.3375,0.000311948,1
74743,bullet3,4.8,7.7498,0.8,0,1
74745,bullet6,4.8,7.76083,0.8,0,1
74746,flyer6,10.5,8.01088,-0.3,0,2
74746,bullet2,4.8,7.76237,0.8,0,1
74747,flyer2,10.5269,8.57836,-0.298655,0.0283741,2
74747,bullet4,8.8,7.7329,0.8,0,1
74748,player,1.61085,7.76363,0.0200674,5.75631e-06,1
74748,bullet3,8.8,7.7498,0.8,0,1
74748,bullet1,2.01085,7.76363,0.8,0,1
74750,bullet6,8.8,7.76083,0.8,0,1
74751,flyer6,9,8.01088,-0.3,0,0
74751,bullet2,8.8,7.76237,0.8,0,1
74753,player,1.0385,7.76363,-0.0303844,1.0622e-07,1
74753,bullet1,6.01085,7.76363,0.8,0,1
74753,bullet5,1.4385,7.76363,0.8,0,1
74754,bullet4,1.42482,7.76363,0.8,0,1
74757,bullet3,1.41466,7.76363,0.8,0,1
74758,player,1.01409,7.42613,-0.000560677,-0.3375,1
74758,bullet1,10.0109,7.76363,0.8,0,1
74758,bullet5,5.4385,7.76363,0.8,0,1
74759,bullet4,5.42482,7.76363,0.8,0,1
74762,bullet3,5.41466,7.76363,0.8,0,1
74763,player,0.4,6.56662,-0,-0.0369825,1
74763,bullet1,14.0109,7.76363,0.8,0,1
74763,bullet5,9.4385,7.76363,0.8,0,1
74764,bullet4,9.42482,7.76363,0.8,0,1
74766,flayer7,16.5,0.618419,-0.292274,0.0676435,2
74766,bullet6,0.8,6.53912,0.8,0,1
74767,bullet3,9.41466,7.76363,0.8,0,1
74768,player,0.4,7.02629,0,0.151193,1
74768,bullet5,13.4385,7.76363,0.8,0,1
74769,bullet4,13.4248,7.76363,0.8,0,1
74771,flayer7,15.0386,0.956637,-0.292274,0.0676435,2
74771,bullet6,4.8,6.53912,0.8,0,1
74772,bullet3,13.4147,7.76363,0.8,0,1
74773,player,0.4,7.14772,0,0.00278993,1
74773,flyer1,16.5,0.618419,-0.23836,-0.182166,2
74773,bullet2,0.8,7.14772,0.8,0,1
74774,bullet1,0.8,7.14897,0.8,0,1
74776,flayer7,13.5773,1.29485,-0.292274,0.0676435,2
74776,bullet6,8.8,6.53912,0.8,0,1
74778,player,0.889375,7.2183,0.151875,-0.0834798,1
74778,flyer1,15.3082,-0.292413,-0.23836,-0.182166,2
74778,bullet2,4.8,7.14772,0.8,0,1
74779,bullet1,4.8,7.14897,0.8,0,1
74779,bullet5,1.35772,7.18073,0.8,0,1
74781,flayer7,12.1159,1.63307,-0.292274,0.0676435,2
74781,bullet6,12.8,6.53912,0.8,0,1
74783,player,1.01134,7.15126,0.00280252,-0.00154044,1
74783,bullet2,8.8,7.14772,0.8,0,1
74784,bullet1,8.8,7.14897,0.8,0,1
74784,bullet5,5.35772,7.18073,0.8,0,1
74786,flayer7,10.6545,1.97129,-0.292274,0.0676435,2
74787,bullet4,1.41354,6.0722,0.8,0,1
74788,player,1.01359,5.98999,5.17144e-05,-0.0822118,1
74788,bullet2,12.8,7.14772,0.8,0,1
74789,bullet1,12.8,7.14897,0.8,0,1
74789,bullet5,9.35772,7.18073,0.8,0,1
74791,flayer7,9.19314,2.30951,-0.292274,0.0676435,2
74792,bullet4,5.41354,6.0722,0.8,0,1
74793,player,1.02748,4.83227,-0.0169141,-0.167232,1
74794,flyer4,16.5,0.618419,-0.3,0,2
74794,bullet5,13.3577,7.18073,0.8,0,1
74795,bullet3,1.41644,4.72315,0.8,0,1
74796,flayer7,7.73177,2.64773,-0.292274,0.0676435,2
74797,bullet4,9.41354,6.0722,0.8,0,1
74798,player,1.01389,4.2086,-0.000312113,-0.154961,1
74799,flyer4,15,0.618419,-0.3,0,2
74799,bullet6,1.41375,4.13886,0.8,0,1
74800,bullet3,5.41644,4.72315,0.8,0,1
74800,bullet2,1.41369,4.10748,0.8,0,1
74801,flayer7,6.27039,2.98594,-0.292274,0.0676435,2
74802,bullet4,13.4135,6.0722,0.8,0,1
74803,player,0.524266,4.08415,-0.151881,-0.00285946,1
74804,flyer4,13.5,0.618419,-0.3,0,2
74804,bullet6,5.41375,4.13886,0.8,0,1
74805,bullet3,9.41644,4.72315,0.8,0,1
74806,flayer7,4.80902,3.32416,-0.292274,0.0676435,1
74808,player,0.4,4.63957,0,0.068291,1
74808,bullet1,0.8,4.63957,0.8,0,1
74809,flyer4,12,0.618419,-0.3,0,2
74809,bullet6,9.41375,4.13886,0.8,0,1
74810,bullet3,13.4164,4.72315,0.8,0,1
74811,flayer7,3.34765,3.66238,-0.292274,0.0676435,1
74813,player,0.4,4.95923,0,-0.3224,1
74813,bullet1,4.8,4.63957,0.8,0,1
74814,flyer4,10.5,0.618419,-0.3,0,2
74814,bullet6,13.4138,4.13886,0.8,0,1
74816,flayer7,1.88628,4.0006,-0.292274,0.0676435,1
74816,bullet5,0.8,5.20886,0.8,0,1
74818,player,0.7375,5.28878,0.3375,0.0248055,1
74818,bullet1,8.8,4.63957,0.8,0,1
74819,flyer4,9,0.618419,-0.3,0,2
74821,flayer7,0.424904,4.33882,-0.292274,0.0676435,1
74821,bullet5,4.8,5.20886,0.8,0,1
74823,player,0.519166,5.91102,-0.145647,0.0142973,1
74823,bullet1,12.8,4.63957,0.8,0,1
74823,bullet2,0.919166,5.91102,0.8,0,1
74824,flyer4,7.5,0.618419,-0.3,0,2
74826,bullet5,8.8,5.20886,0.8,0,1
74826,bullet4,1.30023,5.43228,0.8,0,1
74828,player,0.990672,5.33403,0.0280671,-0.0304909,1
74828,bullet2,4.91917,5.91102,0.8,0,1
74828,bullet3,1.39067,5.33403,0.8,0,1
74829,flyer4,5.99999,0.618419,-0.3,0,2
74831,bullet5,12.8,5.20886,0.8,0,1
74831,bullet4,5.30023,5.43228,0.8,0,1
74833,player,0.900275,5.91186,0.138553,0.013277,1
74833,bullet2,8.91917,5.91102,0.8,0,1
74833,bullet3,5.39067,5.33403,0.8,0,1
74834,flyer4,4.49999,0.618419,-0.3,0,2
74836,bullet4,9.30023,5.43228,0.8,0,1
74838,player,0.64329,5.61577,-0.297354,-0.374844,1
74838,bullet2,12.9192,5.91102,0.8,0,1
74838,bullet3,9.39067,5.33403,0.8,0,1
74839,flyer4,2.99999,0.618419,-0.3,0,2
74839,bullet6,0.909481,5.44709,0.8,0,1
74841,bullet4,13.3002,5.43228,0.8,0,1
74843,player,0.893865,4.82537,0.146388,-0.158792,1
74843,bullet3,13.3907,5.33403,0.8,0,1
74844,flyer4,1.49999,0.618419,-0.3,0,2
74844,bullet6,4.90948,5.44709,0.8,0,1
74845,flyer3,16.5,0.618419,-0.3,0,2
74845,bullet1,1.38938,5.21113,0.8,0,1
74847,bullet5,1.40873,5.28925,0.8,0,1
74848,player,1.01143,5.30016,0.00270127,0.0109095,1
74849,flyer4,-6.4373e-06,0.618419,-0.3,0,2
74849,bullet6,8.90948,5.44709,0.8,0,1
74849,bullet2,1.41264,5.30507,0.8,0,1
74850,flyer3,15,0.618419,-0.3,0,2
74850,bullet1,5.38938,5.21113,0.8,0,1
74852,bullet5,5.40873,5.28925,0.8,0,1
74853,player,1.0136,4.81954,4.9846e-05,-0.151674,1
74854,bullet6,12.9095,5.44709,0.8,0,1
74854,bullet2,5.41264,5.30507,0.8,0,1
74855,flyer3,13.5,0.618419,-0.3,0,2
74855,bullet1,9.38938,5.21113,0.8,0,1
74857,bullet5,9.40873,5.28925,0.8,0,1
74858,player,2.10532,4.81067,0.165716,-0.140834,1
74859,bullet2,9.41264,5.30507,0.8,0,1
74860,flyer3,12,0.618419,-0.3,0,2
74860,bullet1,13.3894,5.21113,0.8,0,1
74861,bullet4,2.62855,4.70594,0.8,0,1
74862,bullet5,13.4087,5.28925,0.8,0,1
74863,player,2.23841,4.69757,0.00305792,-0.00259879,1
74864,bullet2,13.4126,5.30507,0.8,0,1
74864,bullet3,2.63978,4.6964,0.8,0,1
74865,flyer3,10.5,0.618419,-0.3,0,2
74866,bullet4,6.62855,4.70594,0.8,0,1
74867,bullet6,3.19852,4.13781,0.8,0,1
74868,player,2.82934,4.10701,0.0308111,-0.0308026,1
74869,bullet3,6.63978,4.6964,0.8,0,1
74870,flyer3,9,0.618419,-0.3,0,2
74871,bullet4,10.6286,4.70594,0.8,0,1
74872,bullet6,7.19852,4.13781,0.8,0,1
74872,bullet1,3.74289,3.98374,0.8,0,1
74873,player,3.4118,4.03768,0.0689123,0.0539358,1
74874,bullet3,10.6398,4.6964,0.8,0,1
74875,flyer3,7.5,0.618419,-0.3,0,2
74876,bullet4,14.6286,4.70594,0.8,0,1
74877,bullet6,11.1985,4.13781,0.8,0,1
74877,bullet1,7.74289,3.98374,0.8,0,1
74878,player,3.12964,4.08099,-0.336228,0.000995266,1
74879,bullet3,14.6398,4.6964,0.8,0,1
74880,flyer3,5.99999,0.618419,-0.3,0,2
74881,bullet5,3.27961,4.08173,0.8,0,1
74882,bullet6,15.1985,4.13781,0.8,0,1
74882,bullet1,11.7429,3.98374,0.8,0,1
74883,player,2.37025,4.08179,-0.158079,1.83655e-05,1
74884,flayer8,16.5,0.618419,-0.3,0,2
74884,bullet2,2.69911,4.0818,0.8,0,1
74885,flyer3,4.49999,0.618419,-0.3,0,2
74885,bullet4,2.6671,4.08181,0.8,0,1
74886,bullet5,7.27961,4.08173,0.8,0,1
74886,finish,18.9485,8,-0.2,0,1
74887,bullet1,15.7429,3.98374,0.8,0,1
74888,player,2.73267,3.59243,0.148958,-0.151875,1
74889,flayer8,15,0.618419,-0.3,0,2
74889,bullet2,6.69911,4.0818,0.8,0,1
74889,bullet3,3.1997,3.52409,0.8,0,1
74890,flyer3,2.99999,0.618419,-0.3,0,2
74890,bullet4,6.6671,4.08181,0.8,0,1
74891,bullet5,11.2796,4.08173,0.8,0,1
74891,finish,17.9485,8,-0.2,0,1
74893,player,2.26382,3.47046,-0.028006,-0.00280251,1
74894,flayer8,13.5,0.618419,-0.3,0,2
74894,bullet2,10.6991,4.0818,0.8,0,1
74894,bullet3,7.1997,3.52409,0.8,0,1
74895,flyer3,1.49999,0.618419,-0.3,0,2
74895,bullet4,10.6671,4.08181,0.8,0,1
74896,bullet5,15.2796,4.08173,0.8,0,1
74896,finish,16.9485,8,-0.2,0,1
74898,player,2.24133,3.46821,-0.000516789,-5.17143e-05,1
74898,bullet6,2.64133,3.46821,0.8,0,1
74899,flayer8,12,0.618419,-0.3,0,2
74899,bullet2,14.6991,4.0818,0.8,0,1
74899,bullet3,11.1997,3.52409,0.8,0,1
74900,flyer3,-6.4373e-06,0.618419,-0.3,0,2
74900,bullet4,14.6671,4.08181,0.8,0,1
74901,finish,15.9485,8,-0.2,0,1
74903,player,1.65244,2.8797,-0.0307642,-0.0307556,1
74903,bullet6,6.64133,3.46821,0.8,0,1
74903,bullet1,2.05244,2.8797,0.8,0,1
74904,flayer8,10.5,0.618419,-0.3,0,2
74904,bullet3,15.1997,3.52409,0.8,0,1
74905,bullet5,2.03237,2.85963,0.8,0,1
74906,finish,14.9485,8,-0.2,0,1
74907,bullet2,2.0283,2.85557,0.8,0,1
74908,player,1.96524,2.855,0.336932,-0.000567528,1
74908,bullet6,10.6413,3.46821,0.8,0,1
74908,bullet1,6.05244,2.8797,0.8,0,1
74909,flayer8,9,0.618419,-0.3,0,2
74910,bullet5,6.03237,2.85963,0.8,0,1
74911,finish,13.9485,8,-0.2,0,1
74912,bullet2,6.0283,2.85557,0.8,0,1
74913,player,2.23582,2.85454,0.00621735,-1.04725e-05,1
74913,bullet6,14.6413,3.46821,0.8,0,1
74913,bullet1,10.0524,2.8797,0.8,0,1
74914,flayer8,7.5,0.618419,-0.3,0,2
74915,bullet5,10.0324,2.85963,0.8,0,1
74916,finish,12.9485,8,-0.2,0,1
74916,bullet4,2.64044,2.85454,0.8,0,1
74917,bullet2,10.0283,2.85557,0.8,0,1
74918,player,2.24081,2.85454,0.000114728,-1.93247e-07,1
74918,bullet1,14.0524,2.8797,0.8,0,1
74919,flayer8,5.99999,0.618419,-0.3,0,2
74920,bullet5,14.0324,2.85963,0.8,0,1
74921,finish,11.9485,8,-0.2,0,1
74921,bullet4,6.64044,2.85454,0.8,0,1
74922,bullet2,14.0283,2.85557,0.8,0,1
74923,player,2.2409,2.85454,2.11705e-06,-3.56595e-09,1
74923,bullet3,2.6409,2.85454,0.8,0,1
74924,flayer8,4.49999,0.618419,-0.3,0,2
74926,finish,10.9485,8,-0.2,0,1
74926,bullet4,10.6404,2.85454,0.8,0,1
74926,bullet6,2.6409,2.85454,0.8,0,1
74928,player,1.75153,3.34391,-0.151875,0.151875,1
74928,bullet3,6.6409,2.85454,0.8,0,1
74929,flayer8,2.99999,0.618419,-0.3,0,2
74929,bullet1,2.08319,3.41226,0.8,0,1
74931,finish,9.9485,8,-0.2,0,1
74931,bullet4,14.6404,2.85454,0.8,0,1
74931,bullet6,6.64091,2.85454,0.8,0,1
74933,player,1.62956,3.46588,-0.00280252,0.00280252,1
74933,bullet3,10.6409,2.85454,0.8,0,1
74934,flayer8,1.49999,0.618419,-0.3,0,2
74934,bullet1,6.08319,3.41226,0.8,0,1
74936,finish,8.94851,8,-0.2,0,1
74936,bullet6,10.6409,2.85454,0.8,0,1
74937,bullet5,2.51674,3.46808,0.8,0,1
74938,player,2.18503,3.46813,0.068292,5.17144e-05,1
74938,bullet3,14.6409,2.85454,0.8,0,1
74939,flayer8,-6.4373e-06,0.618419,-0.3,0,2
74939,bullet1,10.0832,3.41226,0.8,0,1
74941,finish,7.94851,8,-0.2,0,1
74941,bullet6,14.6409,2.85454,0.8,0,1
74942,bullet5,6.51674,3.46808,0.8,0,1
74943,player,2.23987,3.46817,0.00126018,9.54276e-07,1
74943,bullet2,2.63987,3.46817,0.8,0,1
74944,bullet1,14.0832,3.41226,0.8,0,1
74946,finish,6.94851,8,-0.2,0,1
74947,flyer5,16.5,10.8865,-0.275584,-0.118546,2
74947,bullet5,10.5167,3.46808,0.8,0,1
74948,player,2.7986,2.9342,0.068367,-0.0973708,1
74948,bullet2,6.63987,3.46817,0.8,0,1
74951,finish,5.94851,8,-0.2,0,1
74952,flyer5,15.1221,10.2938,-0.275584,-0.118546,2
74952,bullet5,14.5167,3.46808,0.8,0,1
74953,player,1.76182,3.94769,-0.164453,0.163918,1
74953,bullet2,10.6399,3.46817,0.8,0,1
74955,flyer2,16.5,10.8865,-0.3,0,2
