241629,player,1.95525,14.208,0.3375,-0.3375,1
241634,player,2.71566,14.4263,0.158103,0.145647,1
241636,bullet1,3.7082,14.032,0.8,0,1
241638,bullet2,3.82819,13.9521,0.8,0,1
241639,player,3.44495,13.9409,0.0167571,-0.011152,1
241641,bullet1,7.7082,14.032,0.8,0,1
241642,bullet3,3.85741,13.9327,0.8,0,1
241643,bullet2,7.82819,13.9521,0.8,0,1
241644,player,3.45841,14.4214,0.000309215,0.151669,1
241645,bullet4,3.85854,14.4896,0.8,0,1
241646,bullet1,11.7082,14.032,0.8,0,1
241647,bullet3,7.85741,13.9327,0.8,0,1
241648,bullet2,11.8282,13.9521,0.8,0,1
241649,player,3.45865,14.0538,5.70588e-06,-0.149076,1
241650,bullet4,7.85855,14.4896,0.8,0,1
241651,bullet1,15.7082,14.032,0.8,0,1
241652,flyer1,16.5,3.5961,-0.3,0,2
241652,bullet3,11.8574,13.9327,0.8,0,1
241653,bullet2,15.8282,13.9521,0.8,0,1
241653,bullet5,4.44713,14.5253,0.8,0,1
241654,player,4.06097,14.5364,0.0138397,0.0110887,1
241655,bullet4,11.8585,14.4896,0.8,0,1
241655,bullet6,4.4672,14.5414,0.8,0,1
241657,flyer1,15,3.5961,-0.3,0,2
241657,bullet3,15.8574,13.9327,0.8,0,1
241658,bullet5,8.44713,14.5253,0.8,0,1
241659,player,4.66056,15.1338,0.0310101,0.0309593,1
241659,bullet1,5.06056,15.1338,0.8,0,1
241660,bullet4,15.8585,14.4896,0.8,0,1
241660,bullet6,8.4672,14.5414,0.8,0,1
241662,flyer1,13.5,3.5961,-0.3,0,2
241662,bullet2,4.5259,15.1568,0.8,0,1
241663,bullet5,12.4471,14.5253,0.8,0,1
241664,player,4.08315,15.6,-0.0132674,0.0762231,1
241664,bullet1,9.06056,15.1338,0.8,0,1
241665,bullet6,12.4672,14.5414,0.8,0,1
241667,flyer1,12,3.5961,-0.3,0,2
241667,bullet2,8.5259,15.1568,0.8,0,1
241669,player,3.47018,15.0423,-0.0140844,-0.0683438,1
241669,bullet1,13.0606,15.1338,0.8,0,1
241669,bullet3,3.87018,15.0423,0.8,0,1
241670,bullet4,3.86384,15.0115,0.8,0,1
241672,flyer1,10.5,3.5961,-0.3,0,2
241672,bullet2,12.5259,15.1568,0.8,0,1
241674,player,3.45887,14.9874,-0.000259897,-0.00126113,1
241674,bullet3,7.87018,15.0423,0.8,0,1
241674,bullet5,3.85887,14.9874,0.8,0,1
241675,bullet4,7.86384,15.0115,0.8,0,1
241677,flyer1,9,3.5961,-0.3,0,2
241679,player,4.01638,15.5441,0.068339,0.0683205,1
241679,bullet3,11.8702,15.0423,0.8,0,1
241679,bullet5,7.85887,14.9874,0.8,0,1
241679,bullet6,4.41638,15.5441,0.8,0,1
241680,bullet4,11.8638,15.0115,0.8,0,1
241682,flyer1,7.5,3.5961,-0.3,0,2
241684,player,4.07126,15.599,0.00126105,0.0012607,1
241684,bullet3,15.8702,15.0423,0.8,0,1
241684,bullet5,11.8589,14.9874,0.8,0,1
241684,bullet6,8.41638,15.5441,0.8,0,1
241685,bullet4,15.8638,15.0115,0.8,0,1
241686,flyer2,16.5,2.8307,-0.3,0,2
241686,bullet1,4.47208,15.5998,0.8,0,1
241687,flyer1,5.99999,3.5961,-0.3,0,2
241687,bullet2,4.4722,15.5999,0.8,0,1
241689,player,3.73477,15.6,-0.337477,0,1
241689,bullet5,15.8589,14.9874,0.8,0,1
241689,bullet6,12.4164,15.5441,0.8,0,1
241690,bullet3,3.98291,15.6,0.8,0,1
241691,flyer2,15,2.8307,-0.3,0,2
241691,bullet1,8.47208,15.5998,0.8,0,1
241692,flyer1,4.49999,3.5961,-0.3,0,2
241692,bullet2,8.4722,15.5999,0.8,0,1
241694,player,3.46375,15.6,-0.00622739,0,1
241695,bullet3,7.98291,15.6,0.8,0,1
241695,bullet4,3.86095,15.6,0.8,0,1
241696,flyer2,13.5,2.8307,-0.3,0,2
241696,bullet1,12.4721,15.5998,0.8,0,1
241697,flyer1,2.99999,3.5961,-0.3,0,2
241697,bullet2,12.4722,15.5999,0.8,0,1
241699,player,3.45875,15.6,-0.000114913,0,1
241700,bullet3,11.9829,15.6,0.8,0,1
241700,bullet4,7.86095,15.6,0.8,0,1
241701,flyer2,12,2.8307,-0.3,0,2
241702,flyer1,1.49999,3.5961,-0.3,0,2
241704,player,4.61869,15.4871,0.0821812,0.138035,1
241705,bullet3,15.9829,15.6,0.8,0,1
241705,bullet4,11.8609,15.6,0.8,0,1
241706,flyer2,10.5,2.8307,-0.3,0,2
241706,flyer3,16.5,2.8307,-0.268041,-0.134737,2
241707,flyer1,-6.4373e-06,3.5961,-0.3,0,2
241709,player,5.287,15.5979,0.0153561,0.00254714,1
241709,flyer4,16.5,2.8307,-0.3,0,2
241710,bullet4,15.8609,15.6,0.8,0,1
241711,flyer2,9,2.8307,-0.3,0,2
241711,flyer3,15.1598,2.15702,-0.268041,-0.134737,2
241711,flyer5,16.5,3.89485,-0.234737,0.186812,2
241712,bullet5,6.25614,15.0421,0.8,0,1
241714,player,5.90164,14.9976,0.014123,-0.0137926,1
241714,flyer4,15,2.8307,-0.3,0,2
241716,flyer2,7.5,2.8307,-0.3,0,2
241716,flyer3,13.8196,1.48333,-0.268041,-0.134737,2
241716,flyer5,15.3263,4.8289,-0.234737,0.186812,2
241716,bullet6,6.31086,14.9886,0.8,0,1
241717,bullet5,10.2561,15.0421,0.8,0,1
241717,bullet1,6.31215,14.9874,0.8,0,1
241719,player,5.91299,14.9866,0.000260609,-0.000254512,1
241719,flyer4,13.5,2.8307,-0.3,0,2
241719,bullet2,6.31299,14.9866,0.8,0,1
241721,flyer2,5.99999,2.8307,-0.3,0,2
241721,flyer3,12.4794,0.809644,-0.268041,-0.134737,2
241721,flyer5,14.1526,5.76296,-0.234737,0.186812,2
241721,bullet6,10.3109,14.9886,0.8,0,1
241722,bullet5,14.2561,15.0421,0.8,0,1
241722,bullet1,10.3121,14.9874,0.8,0,1
241724,player,6.40257,13.8947,0.15188,-0.165719,1
241724,flyer4,12,2.8307,-0.3,0,2
241724,bullet2,10.313,14.9866,0.8,0,1
241726,flyer2,4.49999,2.8307,-0.3,0,2
241726,flyer3,11.1392,0.135958,-0.268041,-0.134737,2
241726,flyer5,12.9789,6.69702,-0.234737,0.186812,2
241726,bullet6,14.3109,14.9886,0.8,0,1
241727,bullet1,14.3121,14.9874,0.8,0,1
241729,player,7.67073,14.9078,0.101901,0.0960405,1
241729,flyer4,10.5,2.8307,-0.3,0,2
241729,bullet2,14.313,14.9866,0.8,0,1
241731,flyer2,2.99999,2.8307,-0.3,0,2
241731,flyer5,11.8053,7.63108,-0.234737,0.186812,2
241732,flyer6,16.5,3.89485,-0.299192,0.0219999,2
241734,player,7.53235,13.8249,0.271037,-0.0804111,1
241734,flyer4,9,2.8307,-0.3,0,2
241736,flyer2,1.49999,2.8307,-0.3,0,2
241736,flyer5,10.6316,8.56513,-0.234737,0.186812,2
241737,flyer6,15.004,4.00485,-0.299192,0.0219999,2
241739,player,7.16154,14.0113,-0.0257533,-0.308229,1
241739,flyer4,7.5,2.8307,-0.3,0,2
241741,flyer2,-6.4373e-06,2.8307,-0.3,0,2
241741,flyer5,9.45788,9.49919,-0.234737,0.186812,2
241742,flyer6,13.5081,4.11485,-0.299192,0.0219999,2
241742,bullet3,8.10011,13.2244,0.8,0,1
241744,player,8.23255,13.1614,0.165239,-0.0195273,1
241744,flyer4,5.99999,2.8307,-0.3,0,2
241746,flyer5,8.28419,10.4332,-0.234737,0.186812,2
241747,flyer6,12.0121,4.22484,-0.299192,0.0219999,2
241747,bullet3,12.1001,13.2244,0.8,0,1
241749,player,8.32065,13.7035,0.0575533,0.0679834,1
241749,flyer4,4.49999,2.8307,-0.3,0,2
241749,bullet4,8.72065,13.7035,0.8,0,1
241750,bullet5,8.74655,13.7341,0.8,0,1
241751,flyer5,7.11051,11.3673,-0.234737,0.186812,2
241752,flyer6,10.5162,4.33484,-0.299192,0.0219999,2
241752,bullet3,16.1001,13.2244,0.8,0,1
241753,bullet6,8.27643,13.7568,0.8,0,1
241754,player,7.80915,13.7581,-0.0672817,0.00125449,1
241754,flyer4,2.99999,2.8307,-0.3,0,2
241754,bullet4,12.7207,13.7035,0.8,0,1
241755,bullet5,12.7466,13.7341,0.8,0,1
241756,flyer5,5.93682,12.3014,-0.234737,0.186812,2
241757,flyer6,9.02019,4.44484,-0.299192,0.0219999,2
241757,bullet1,8.15912,14.3167,0.8,0,1
241758,bullet6,12.2764,13.7568,0.8,0,1
241759,player,8.2445,14.3614,0.150633,0.0138628,1
241759,flyer4,1.49999,2.8307,-0.3,0,2
241761,flyer5,4.76314,13.2354,-0.234737,0.186812,2
241761,bullet2,9.23216,14.8598,0.8,0,1
241762,flyer6,7.52423,4.55484,-0.299192,0.0219999,2
241762,bullet1,12.1591,14.3167,0.8,0,1
241763,bullet6,16.2764,13.7568,0.8,0,1
241763,bullet3,8.55116,14.9607,-0.8,-6.99382e-08,1
241764,player,8.96778,14.9748,0.0166192,0.0140954,1
241764,flyer4,-6.4373e-06,2.8307,-0.3,0,2
241765,bullet4,9.37526,14.9812,0.8,0,1
241766,flyer5,3.58945,14.1695,-0.234737,0.186812,2
241766,bullet2,13.2322,14.8598,0.8,0,1
241767,flyer6,6.02826,4.66484,-0.299192,0.0219999,2
241767,bullet1,16.1591,14.3167,0.8,0,1
241768,bullet3,4.55116,14.9607,-0.8,-6.99382e-08,1
241769,player,8.98112,15.4755,0.000306671,0.152135,1
241770,bullet4,13.3753,14.9812,0.8,0,1
241770,bullet5,9.38126,15.544,0.8,0,1
241771,flyer5,2.41577,15.1035,-0.234737,0.186812,1
241772,flyer6,4.5323,4.77484,-0.299192,0.0219999,2
241774,player,8.98136,15.5977,5.65895e-06,0.00280732,1
241774,bullet6,9.38136,15.5977,0.8,0,1
241775,bullet5,13.3813,15.544,0.8,0,1
241776,flyer5,1.24208,16.0376,-0.234737,0.186812,1
241777,flyer6,3.03634,4.88484,-0.299192,0.0219999,2
241778,bullet1,10.4592,14.5221,0.8,0,1
241779,player,10.1414,14.4399,0.0821835,-0.0821316,1
241779,bullet6,13.3814,15.5977,0.8,0,1
241780,flayer7,16.5,3.89485,-0.220508,-0.203411,2
241781,bullet3,10.595,14.3863,0.8,0,1
241782,flyer6,1.54038,4.99484,-0.299192,0.0219999,2
241782,bullet2,10.6025,14.3789,0.8,0,1
241783,bullet1,14.4592,14.5221,0.8,0,1
241784,player,10.2074,14.374,0.00151652,-0.00151556,1
241784,bullet4,10.6074,14.374,0.8,0,1
241785,flayer7,15.3975,2.87779,-0.220508,-0.203411,2
241786,bullet3,14.595,14.3863,0.8,0,1
241787,flyer6,0.0444195,5.10484,-0.299192,0.0219999,2
241787,bullet2,14.6025,14.3789,0.8,0,1
241788,bullet5,10.6086,14.3728,0.8,0,1
241789,player,10.2086,14.3728,2.7984e-05,-2.79663e-05,1
241789,bullet4,14.6074,14.374,0.8,0,1
241790,flayer7,14.2949,1.86073,-0.220508,-0.203411,2
241790,bullet6,10.6086,14.3727,0.8,0,1
241792,flayer8,16.5,8.16056,-0.3,0,2
241792,bullet1,10.6086,14.3727,0.8,0,1
241793,bullet5,14.6086,14.3728,0.8,0,1
241794,player,10.2086,14.3727,5.16383e-07,-5.16057e-07,1
241795,flayer7,13.1924,0.843676,-0.220508,-0.203411,2
241795,bullet6,14.6086,14.3727,0.8,0,1
241795,bullet3,10.6086,14.3727,0.8,0,1
241797,flayer8,15,8.16056,-0.3,0,2
241797,bullet1,14.6086,14.3727,0.8,0,1
241797,bullet2,10.6086,14.3727,0.8,0,1
241798,bullet4,10.6086,14.3727,0.8,0,1
241799,player,10.2086,14.3727,9.52872e-09,-9.52271e-09,1
241800,flayer7,12.0898,-0.173381,-0.220508,-0.203411,2
241800,bullet3,14.6086,14.3727,0.8,0,1
241801,bullet5,10.6086,14.3727,0.8,0,1
241802,flayer8,13.5,8.16056,-0.3,0,2
241802,bullet2,14.6086,14.3727,0.8,0,1
241803,bullet4,14.6086,14.3727,0.8,0,1
241804,player,10.5461,14.0352,0.3375,-0.3375,1
241805,flyer1,16.5,8.16056,-0.3,0,2
241806,flyer3,16.5,7.44454,-0.292593,-0.0662501,2
241806,bullet5,14.6086,14.3727,0.8,0,1
241807,flayer8,12,8.16056,-0.3,0,2
241809,player,10.2149,13.1619,-0.00761179,-0.0200674,1
241809,flyer2,16.5,0.910036,-0.261714,0.146648,2
241810,flyer1,15,8.16056,-0.3,0,2
241811,flyer3,15.037,7.11329,-0.292593,-0.0662501,2
241812,flayer8,10.5,8.16056,-0.3,0,2
241812,bullet6,10.6092,12.6576,0.8,0,1
241814,player,10.5463,12.2198,0.33736,-0.368625,1
241814,flyer2,15.1914,1.64328,-0.261714,0.146648,2
241815,flyer1,13.5,8.16056,-0.3,0,2
241816,flyer3,13.5741,6.78204,-0.292593,-0.0662501,2
241816,bullet1,11.1664,11.9793,0.8,0,1
241817,flayer8,9,8.16056,-0.3,0,2
241817,bullet6,14.6092,12.6576,0.8,0,1
241819,player,10.8172,12.4131,0.00622523,0.145073,1
241819,flyer2,13.8829,2.37651,-0.261714,0.146648,2
241819,bullet3,11.2172,12.4131,0.8,0,1
241820,flyer1,12,8.16056,-0.3,0,2
241821,flyer3,12.1111,6.45078,-0.292593,-0.0662501,2
241821,bullet1,15.1664,11.9793,0.8,0,1
241821,bullet2,11.2212,12.5078,0.8,0,1
241822,flayer8,7.5,8.16056,-0.3,0,2
241824,player,10.8222,11.6344,0.000114873,-0.403167,1
241824,flyer2,12.5743,3.10975,-0.261714,0.146648,2
241824,bullet3,15.2172,12.4131,0.8,0,1
241825,flyer1,10.5,8.16056,-0.3,0,2
241826,flyer3,10.6481,6.11953,-0.292593,-0.0662501,2
241826,bullet2,15.2212,12.5078,0.8,0,1
241826,bullet4,11.2223,11.3713,0.8,0,1
241827,flayer8,5.99999,8.16056,-0.3,0,2
241828,bullet5,11.2223,11.3181,0.8,0,1
241829,player,10.4848,11.3106,-0.337498,-0.00743956,1
241829,flyer2,11.2657,3.84299,-0.261714,0.146648,2
241830,flyer1,9,8.16056,-0.3,0,2
241831,flyer3,9.18517,5.78828,-0.292593,-0.0662501,2
241831,bullet4,15.2223,11.3713,0.8,0,1
241831,bullet6,10.6646,11.3058,0.8,0,1
241832,flayer8,4.49999,8.16056,-0.3,0,2
241833,bullet5,15.2223,11.3181,0.8,0,1
241834,player,9.72436,10.8153,-0.158103,-0.152012,1
241834,flyer2,9.95715,4.57623,-0.261714,0.146648,2
241835,flyer1,7.5,8.16056,-0.3,0,2
241835,bullet1,10.0532,10.7469,0.8,0,1
241836,flyer3,7.72221,5.45703,-0.292593,-0.0662501,2
241836,bullet6,14.6646,11.3058,0.8,0,1
241836,bullet3,10.0212,10.7161,0.8,0,1
241837,flayer8,2.99999,8.16056,-0.3,0,2
241839,player,9.10801,11.1826,-0.154792,0.14907,1
241839,flyer2,8.64858,5.30947,-0.261714,0.146648,2
241839,bullet2,9.50801,11.1826,0.8,0,1
241840,flyer1,5.99999,8.16056,-0.3,0,2
241840,bullet1,14.0532,10.7469,0.8,0,1
241841,flyer3,6.25924,5.12578,-0.292593,-0.0662501,2
241841,bullet3,14.0212,10.7161,0.8,0,1
241842,flayer8,1.49999,8.16056,-0.3,0,2
241843,bullet4,9.38655,11.2995,0.8,0,1
241844,player,8.98369,11.3023,-0.00285636,0.00275076,1
241844,flyer2,7.34001,6.04271,-0.261714,0.146648,2
241844,bullet2,13.508,11.1826,0.8,0,1
241845,flyer1,4.49999,8.16056,-0.3,0,2
241846,flyer3,4.79627,4.79453,-0.292593,-0.0662501,2
241846,bullet5,9.38183,11.3041,0.8,0,1
241847,flayer8,-6.4373e-06,8.16056,-0.3,0,2
241848,bullet4,13.3866,11.2995,0.8,0,1
241849,player,9.47077,11.3045,0.151822,5.07593e-05,1
241849,flyer2,6.03144,6.77595,-0.261714,0.146648,2
241849,bullet6,9.87077,11.3045,0.8,0,1
241850,flyer1,2.99999,8.16056,-0.3,0,2
241851,flyer3,3.33331,4.46327,-0.292593,-0.0662501,2
241851,bullet5,13.3818,11.3041,0.8,0,1
241852,bullet1,9.4943,11.7939,0.8,0,1
241854,player,9.00423,11.893,-0.0279531,0.0307556,1
241854,flyer2,4.72286,7.50919,-0.261714,0.146648,2
241854,bullet6,13.8708,11.3045,0.8,0,1
241855,flyer1,1.49999,8.16056,-0.3,0,2
241855,bullet3,9.39165,11.9069,0.8,0,1
241856,flyer3,1.87034,4.13202,-0.292593,-0.0662501,2
241856,bullet2,9.38599,11.9131,0.8,0,1
241857,bullet1,13.4943,11.7939,0.8,0,1
241858,bullet4,9.3823,11.9172,0.8,0,1
241859,player,8.98178,11.9177,-0.000515814,0.000567528,1
241859,flyer2,3.41429,8.24243,-0.261714,0.146648,2
241860,flyer1,-6.4373e-06,8.16056,-0.3,0,2
241860,bullet3,13.3917,11.9069,0.8,0,1
241861,flyer3,0.407373,3.80077,-0.292593,-0.0662501,2
241861,bullet2,13.386,11.9131,0.8,0,1
241861,bullet5,9.38145,11.9181,0.8,0,1
241863,bullet4,13.3823,11.9172,0.8,0,1
241864,player,8.98137,11.9182,-9.51822e-06,1.04725e-05,1
241864,flyer2,2.10572,8.97567,-0.261714,0.146648,2
241865,bullet6,9.38137,11.9182,0.8,0,1
241866,bullet5,13.3814,11.9181,0.8,0,1
241867,flyer4,16.5,0.910036,-0.288567,-0.0820306,2
241869,player,8.98136,10.8403,-1.75638e-07,-0.182629,1
241869,flyer2,0.797147,9.7089,-0.261714,0.146648,2
241870,flyer5,16.5,0.910036,-0.3,0,2
241870,bullet6,13.3814,11.9182,0.8,0,1
241871,bullet1,9.38136,10.7212,0.8,0,1
241872,flyer4,15.0572,0.499883,-0.288567,-0.0820306,2
241874,player,9.53908,10.6937,0.0683437,-0.00337003,1
241875,flyer5,15,0.910036,-0.3,0,2
241875,flyer6,16.5,0.910036,-0.3,0,2
241875,bullet3,9.96984,10.6922,0.8,0,1
241876,bullet1,13.3814,10.7212,0.8,0,1
241876,bullet2,9.98368,10.6915,0.8,0,1
241877,flyer4,13.6143,0.0897298,-0.288567,-0.0820306,2
241878,bullet4,9.99271,10.691,0.8,0,1
241879,player,9.59397,10.691,0.00126113,-6.21865e-05,1
241880,flyer5,13.5,0.910036,-0.3,0,2
241880,flyer6,15,0.910036,-0.3,0,2
241880,bullet3,13.9698,10.6922,0.8,0,1
241881,bullet2,13.9837,10.6915,0.8,0,1
241882,flyer4,12.1715,-0.320423,-0.288567,-0.0820306,2
241882,bullet5,9.99491,10.6909,0.8,0,1
241883,bullet4,13.9927,10.691,0.8,0,1
241884,player,9.59499,10.6909,2.32715e-05,-1.14752e-06,1
241885,flyer5,12,0.910036,-0.3,0,2
241885,flyer6,13.5,0.910036,-0.3,0,2
241885,bullet6,9.995,10.6909,0.8,0,1
241887,bullet5,13.9949,10.6909,0.8,0,1
241888,bullet1,9.43729,11.2486,0.8,0,1
241889,player,9.00653,11.2794,-0.0307543,0.0307547,1
241890,flyer5,10.5,0.910036,-0.3,0,2
241890,flyer6,12,0.910036,-0.3,0,2
241890,bullet6,13.995,10.6909,0.8,0,1
241890,bullet3,9.39269,11.2932,0.8,0,1
241893,bullet1,13.4373,11.2486,0.8,0,1
241893,bullet2,9.3824,11.3035,0.8,0,1
241894,player,8.98183,11.3041,-0.000567502,0.00056751,1
241895,flyer5,9,0.910036,-0.3,0,2
241895,flyer6,10.5,0.910036,-0.3,0,2
241895,bullet3,13.3927,11.2932,0.8,0,1
241895,bullet4,9.38157,11.3043,0.8,0,1
241898,bullet2,13.3824,11.3035,0.8,0,1
241899,player,8.98137,11.3046,-1.0472e-05,1.04722e-05,1
241899,bullet5,9.38137,11.3046,0.8,0,1
241900,flyer5,7.5,0.910036,-0.3,0,2
241900,flyer6,9,0.910036,-0.3,0,2
241900,bullet4,13.3816,11.3043,0.8,0,1
241900,bullet6,9.38137,11.3046,0.8,0,1
241902,bullet1,9.38136,11.3046,0.8,0,1
241904,player,8.98136,11.3046,-1.93238e-07,1.93241e-07,1
241904,bullet5,13.3814,11.3046,0.8,0,1
241904,bullet3,9.38136,11.3046,0.8,0,1
241905,flyer5,5.99999,0.910036,-0.3,0,2
241905,flyer6,7.5,0.910036,-0.3,0,2
241905,bullet6,13.3814,11.3046,0.8,0,1
241907,bullet1,13.3814,11.3046,0.8,0,1
241909,player,8.05539,11.0536,-0.368255,0.306745,1
241909,bullet3,13.3814,11.3046,0.8,0,1
241910,flyer5,4.49999,0.910036,-0.3,0,2
241910,flyer6,5.99999,0.910036,-0.3,0,2
241911,flayer7,16.5,0.910036,-0.216173,-0.208013,2
241911,bullet2,8.2151,11.2537,0.8,0,1
241913,bullet4,8.16644,11.2943,0.8,0,1
241914,player,7.75965,11.2999,-0.00679533,0.00566031,1
241914,bullet5,8.15965,11.2999,0.8,0,1
241915,flyer5,2.99999,0.910036,-0.3,0,2
241915,flyer6,4.49999,0.910036,-0.3,0,2
241916,flayer7,15.4191,-0.130029,-0.216173,-0.208013,2
241916,bullet2,12.2151,11.2537,0.8,0,1
241916,bullet6,8.15521,11.3036,0.8,0,1
241918,bullet4,12.1664,11.2943,0.8,0,1
241919,player,7.75419,11.3045,-0.000125393,0.000104449,1
241919,bullet5,12.1596,11.2999,0.8,0,1
241920,flyer5,1.49999,0.910036,-0.3,0,2
241920,flyer6,2.99999,0.910036,-0.3,0,2
241921,bullet2,16.2151,11.2537,0.8,0,1
241921,bullet6,12.1552,11.3036,0.8,0,1
241923,bullet4,16.1664,11.2943,0.8,0,1
241924,player,7.31749,10.8679,-0.216382,-0.216378,1
241924,bullet5,16.1596,11.2999,0.8,0,1
241925,flyer5,-6.4373e-06,0.910036,-0.3,0,2
241925,flyer6,1.49999,0.910036,-0.3,0,2
241925,flayer8,16.5,9.67784,-0.3,0,2
241926,bullet6,16.1552,11.3036,0.8,0,1
241926,bullet1,7.5763,10.7268,0.8,0,1
241927,bullet3,7.55658,10.707,0.8,0,1
241929,player,7.14372,10.6942,-0.00399286,-0.00399278,1
241929,bullet2,7.54372,10.6942,0.8,0,1
241930,flyer6,-6.4373e-06,0.910036,-0.3,0,2
241930,flayer8,15,9.67784,-0.3,0,2
241931,bullet1,11.5763,10.7268,0.8,0,1
241932,bullet3,11.5566,10.707,0.8,0,1
241933,bullet4,7.54059,10.691,0.8,0,1
241934,player,7.14051,10.691,-7.36794e-05,-7.3678e-05,1
241934,bullet2,11.5437,10.6942,0.8,0,1
241935,flayer8,13.5,9.67784,-0.3,0,2
241936,bullet1,15.5763,10.7268,0.8,0,1
241937,bullet3,15.5566,10.707,0.8,0,1
241938,bullet4,11.5406,10.691,0.8,0,1
241939,player,7.39142,10.6909,-0.306747,-1.35957e-06,1
241939,flyer1,16.5,9.67784,-0.26595,-0.138819,2
241939,bullet2,15.5437,10.6942,0.8,0,1
241940,flayer8,12,9.67784,-0.3,0,2
241941,flyer3,16.5,9.67784,-0.279847,-0.1081,2
241941,bullet5,6.79127,10.6909,-0.8,-6.99382e-08,1
241943,bullet4,15.5406,10.691,0.8,0,1
241944,player,7.7028,10.6909,0.0626834,-2.50878e-08,1
241944,flyer1,15.1702,8.98375,-0.26595,-0.138819,2
241944,bullet6,7.3028,10.6909,-0.8,-6.99382e-08,1
241945,flayer8,10.5,9.67784,-0.3,0,2
241945,bullet1,8.131,10.6909,0.8,0,1
241946,flyer3,15.1008,9.13734,-0.279847,-0.1081,2
241946,bullet5,2.79127,10.6909,-0.8,-6.99382e-08,1
241949,player,7.97336,11.0284,-0.268,0.3375,1
241949,flyer1,13.8405,8.28965,-0.26595,-0.138819,2
241949,bullet6,3.3028,10.6909,-0.8,-6.99382e-08,1
241950,flayer8,9,9.67784,-0.3,0,2
241950,bullet1,12.131,10.6909,0.8,0,1
241951,flyer3,13.7015,8.59684,-0.279847,-0.1081,2
241951,bullet3,8.19849,11.2486,0.8,0,1
241952,bullet2,8.17407,11.2794,0.8,0,1
241954,player,7.75813,11.637,-0.00494535,0.343728,1
241954,flyer1,12.5107,7.59556,-0.26595,-0.138819,2
241955,flayer8,7.5,9.67784,-0.3,0,2
241955,bullet1,16.131,10.6909,0.8,0,1
241956,flyer3,12.3023,8.05634,-0.279847,-0.1081,2
241956,bullet3,12.1985,11.2486,0.8,0,1
241956,bullet4,8.1549,11.8612,0.8,0,1
241957,bullet2,12.1741,11.2794,0.8,0,1
241959,player,6.92728,12.0649,-0.489466,-0.179282,1
241959,flyer1,11.181,6.90146,-0.26595,-0.138819,2
241960,flayer8,5.99999,9.67784,-0.3,0,2
241961,flyer3,10.9031,7.51584,-0.279847,-0.1081,2
241961,bullet3,16.1985,11.2486,0.8,0,1
241961,bullet4,12.1549,11.8612,0.8,0,1
241962,bullet2,16.1741,11.2794,0.8,0,1
241964,player,7.09192,11.3324,0.0593117,-0.034063,1
241964,flyer1,9.85125,6.20737,-0.26595,-0.138819,2
241964,bullet5,6.69192,11.3324,-0.8,-6.99382e-08,1
241965,flayer8,4.49999,9.67784,-0.3,0,2
241965,bullet6,7.51861,11.3171,0.8,0,1
241966,flyer3,9.50382,6.97534,-0.279847,-0.1081,2
241966,bullet4,16.1549,11.8612,0.8,0,1
241967,bullet1,7.53602,11.3071,0.8,0,1
241969,player,7.13955,11.3051,0.00109447,-0.000628557,1
241969,flyer1,8.52149,5.51328,-0.26595,-0.138819,2
241969,bullet5,2.69192,11.3324,-0.8,-6.99382e-08,1
241969,bullet3,7.53955,11.3051,0.8,0,1
241970,flayer8,2.99999,9.67784,-0.3,0,2
241970,bullet6,11.5186,11.3171,0.8,0,1
241971,flyer3,8.10459,6.43483,-0.279847,-0.1081,2
241972,bullet1,11.536,11.3071,0.8,0,1
241974,player,6.58271,11.8623,-0.0683236,0.0683322,1
241974,flyer1,7.19175,4.81918,-0.26595,-0.138819,2
241974,bullet3,11.5396,11.3051,0.8,0,1
241974,bullet2,6.98271,11.8623,0.8,0,1
241975,flayer8,1.49999,9.67784,-0.3,0,2
241975,bullet6,15.5186,11.3171,0.8,0,1
241976,flyer3,6.70535,5.89433,-0.279847,-0.1081,2
241977,bullet1,15.536,11.3071,0.8,0,1
241979,player,7.01721,11.9855,0.150614,-0.0822703,1
241979,flyer1,5.862,4.12509,-0.26595,-0.138819,2
241979,bullet3,15.5396,11.3051,0.8,0,1
241979,bullet2,10.9827,11.8623,0.8,0,1
241980,flayer8,-6.4373e-06,9.67784,-0.3,0,2
241981,flyer3,5.30612,5.35383,-0.279847,-0.1081,2
241982,flyer2,16.5,9.67784,-0.3,0,2
241982,bullet4,7.52921,11.9243,0.8,0,1
241984,player,7.13817,11.9194,0.00277926,-0.00151812,1
241984,flyer1,4.53225,3.431,-0.26595,-0.138819,2
241984,bullet2,14.9827,11.8623,0.8,0,1
241984,bullet5,7.53817,11.9194,0.8,0,1
241985,bullet6,7.53942,11.9188,0.8,0,1
241986,flyer3,3.90688,4.81333,-0.279847,-0.1081,2
241987,flyer2,15,9.67784,-0.3,0,2
241987,bullet4,11.5292,11.9243,0.8,0,1
241987,bullet1,7.54024,11.9183,0.8,0,1
241989,player,7.1404,11.9182,5.12851e-05,-2.80136e-05,1
241989,flyer1,3.2025,2.7369,-0.26595,-0.138819,2
241989,bullet5,11.5382,11.9194,0.8,0,1
241990,bullet6,11.5394,11.9188,0.8,0,1
241991,flyer3,2.50765,4.27283,-0.279847,-0.1081,2
241992,flyer2,13.5,9.67784,-0.3,0,2
241992,bullet4,15.5292,11.9243,0.8,0,1
241992,bullet1,11.5402,11.9183,0.8,0,1
241994,player,7.14044,11.3159,9.46354e-07,-0.0138401,1
241994,flyer1,1.87275,2.04281,-0.26595,-0.138819,2
241994,bullet5,15.5382,11.9194,0.8,0,1
241994,bullet3,7.54044,11.3159,0.8,0,1
241995,bullet6,15.5394,11.9188,0.8,0,1
241996,flyer3,1.10841,3.73232,-0.279847,-0.1081,2
241997,flyer2,12,9.67784,-0.3,0,2
241997,bullet1,15.5402,11.9183,0.8,0,1
241998,bullet2,7.44134,10.7165,0.8,0,1
241999,player,7.09585,10.7025,0.0545042,-0.014095,1
241999,flyer1,0.543,1.34871,-0.26595,-0.138819,2
241999,bullet3,11.5404,11.3159,0.8,0,1
242001,flyer3,-0.290824,3.19182,-0.279847,-0.1081,2
242002,flyer2,10.5,9.67784,-0.3,0,2
242003,flyer4,16.5,10.145,-0.291385,0.0713767,2
242003,bullet2,11.4413,10.7165,0.8,0,1
242004,player,6.9194,9.88244,0.270162,0.238141,1
242004,bullet3,15.5404,11.3159,0.8,0,1
242005,bullet4,7.44097,9.9896,0.8,0,1
242007,flyer2,9,9.67784,-0.3,0,1
242008,flyer4,15.0431,10.5018,-0.291385,0.0713767,1
242009,player,7.13636,10.0737,0.00498525,0.00439438,1
242009,bullet5,7.53636,10.0737,0.8,0,1
