191992,player,6.85359,8.75011,0,0,1
191993,bullet1,7.25359,8.75011,0.8,0,1
191995,bullet2,6.76421,9.23948,0.8,0,1
191997,player,6.41699,9.82796,-0.21638,0.18263,1
191998,bullet1,11.2536,8.75011,0.8,0,1
191998,bullet3,6.71962,9.91014,0.8,0,1
191999,bullet4,6.6758,9.94712,0.8,0,1
192000,bullet2,10.7642,9.23948,0.8,0,1
192002,player,5.75384,10.464,-0.155868,0.155245,1
192003,bullet1,15.2536,8.75011,0.8,0,1
192003,bullet3,10.7196,9.91014,0.8,0,1
192004,bullet4,10.6758,9.94712,0.8,0,1
192005,bullet2,14.7642,9.23948,0.8,0,1
192005,bullet5,6.03793,10.5794,0.8,0,1
192007,player,5.96617,10.0993,0.334624,-0.14901,1
192008,bullet3,14.7196,9.91014,0.8,0,1
192009,bullet4,14.6758,9.94712,0.8,0,1
192010,flyer1,16.5,10.1799,-0.285,-0.0936747,2
192010,bullet5,10.0379,10.5794,0.8,0,1
192012,player,6.24874,9.96579,-0.0107403,0.0141654,1
192012,bullet6,6.64874,9.96579,0.8,0,1
192014,bullet1,7.1311,10.4644,0.8,0,1
192015,flyer1,15.075,9.71153,-0.285,-0.0936747,1
192015,bullet5,14.0379,10.5794,0.8,0,1
192017,player,6.84242,10.0901,0.0136414,-0.137774,1
192017,bullet6,10.6487,9.96579,0.8,0,1
192017,bullet2,7.24242,10.0901,0.8,0,1
192019,bullet1,11.1311,10.4644,0.8,0,1
192019,bullet3,6.76195,10.4896,0.8,0,1
192020,flyer1,13.65,9.24315,-0.285,-0.0936747,0
192022,player,6.80878,11.0712,0.0547559,0.163172,1
192022,bullet2,11.2424,10.0901,0.8,0,1
192022,bullet4,7.20878,11.0712,0.8,0,1
192024,bullet1,15.1311,10.4644,0.8,0,1
192024,bullet3,10.7619,10.4896,0.8,0,1
192026,flyer2,16.5,10.1799,-0.239501,-0.180663,2
192027,player,7.19026,9.56662,0.33851,-0.247962,1
192027,bullet2,15.2424,10.0901,0.8,0,1
192027,bullet4,11.2088,11.0712,0.8,0,1
192028,bullet5,7.74259,9.45504,0.8,0,1
192029,bullet3,14.762,10.4896,0.8,0,1
192029,bullet6,7.81114,9.40483,0.8,0,1
192031,flyer2,15.3025,9.27658,-0.239501,-0.180663,1
192032,player,6.90439,9.92521,-0.0620973,0.0637681,1
192032,bullet4,15.2088,11.0712,0.8,0,1
192032,bullet1,7.30439,9.92521,0.8,0,1
192033,bullet5,11.7426,9.45504,0.8,0,1
192034,bullet6,11.8111,9.40483,0.8,0,1
192034,bullet2,7.26387,9.96681,0.8,0,1
192036,flyer2,14.105,8.37327,-0.239501,-0.180663,1
192037,player,6.2968,9.4187,-0.0694896,-0.067167,1
192037,bullet1,11.3044,9.92521,0.8,0,1
192038,bullet5,15.7426,9.45504,0.8,0,1
192039,bullet6,15.8111,9.40483,0.8,0,1
192039,bullet2,11.2639,9.96681,0.8,0,1
192040,flyer3,16.5,10.1799,-0.263767,-0.142923,2
192040,bullet3,6.15575,9.85813,0.8,0,1
192041,flyer2,12.9075,7.46995,-0.239501,-0.180663,1
192042,player,5.65252,10.4426,-0.032037,0.18139,1
192042,bullet4,6.05252,10.4426,0.8,0,1
192043,bullet5,6.0381,10.5242,0.8,0,1
192045,bullet3,10.1558,9.85813,0.8,0,1
192045,bullet6,5.2287,10.0881,-0.8,-6.99382e-08,1
192046,flyer2,11.71,6.56663,-0.239501,-0.180663,1
192047,player,6.11616,10.1517,0.151284,-0.213033,1
192047,bullet4,10.0525,10.4426,0.8,0,1
192048,bullet5,10.0381,10.5242,0.8,0,1
192050,bullet3,14.1558,9.85813,0.8,0,1
192050,bullet6,1.2287,10.0881,-0.8,-6.99382e-08,1
192051,flyer2,10.5125,5.66332,-0.239501,-0.180663,1
192052,player,6.3506,9.37828,-0.135244,-0.0177707,1
192052,bullet4,14.0525,10.4426,0.8,0,1
192053,flyer4,16.5,6.17235,-0.3,0,2
192053,bullet5,14.0381,10.5242,0.8,0,1
192055,flyer5,16.5,6.17235,-0.3,0,2
192056,flyer2,9.31497,4.76,-0.239501,-0.180663,1
192056,flyer6,16.5,6.17235,-0.3,0,2
192056,bullet1,7.16461,8.21815,0.8,0,1
192057,player,6.81354,8.17323,0.048933,-0.0449222,1
192058,flyer4,15,6.17235,-0.3,0,2
192060,flyer5,15,6.17235,-0.3,0,2
192061,flyer2,8.11746,3.85668,-0.239501,-0.180663,1
192061,flyer6,15,6.17235,-0.3,0,2
192061,bullet1,11.1646,8.21815,0.8,0,1
192062,player,6.39422,7.63394,-0.188561,-0.135789,1
192063,flyer4,13.5,6.17235,-0.3,0,2
192063,bullet2,6.70937,7.57283,0.8,0,1
192065,flyer5,13.5,6.17235,-0.3,0,2
192066,flyer2,6.91996,2.95336,-0.239501,-0.180663,1
192066,flyer6,13.5,6.17235,-0.3,0,2
192066,bullet1,15.1646,8.21815,0.8,0,1
192067,player,6.31113,8.57198,-0.0870107,0.217713,1
192068,flyer4,12,6.17235,-0.3,0,2
192068,bullet2,10.7094,7.57283,0.8,0,1
192068,bullet3,6.67198,8.66995,0.8,0,1
192070,flyer5,12,6.17235,-0.3,0,2
192071,flyer2,5.72245,2.05005,-0.239501,-0.180663,1
192071,flyer6,12,6.17235,-0.3,0,2
192072,player,6.73063,8.84592,0.150269,-0.117103,1
192073,flyer4,10.5,6.17235,-0.3,0,2
192073,bullet2,14.7094,7.57283,0.8,0,1
192073,bullet3,10.672,8.66995,0.8,0,1
192075,flyer5,10.5,6.17235,-0.3,0,2
192076,flyer2,4.52495,1.14673,-0.239501,-0.180663,1
192076,flyer6,10.5,6.17235,-0.3,0,2
192076,bullet6,8.39473,9.34251,0.8,0,1
192077,player,8.0421,9.35419,0.0473672,0.0116787,1
192078,flyer4,9,6.17235,-0.3,0,2
192078,bullet3,14.672,8.66995,0.8,0,1
192079,bullet4,8.473,9.36182,0.8,0,1
192080,flyer5,9,6.17235,-0.3,0,2
192081,flyer2,3.32744,0.243413,-0.239501,-0.180663,1
192081,flyer6,9,6.17235,-0.3,0,2
192081,bullet6,12.3947,9.34251,0.8,0,1
192082,player,8.63785,9.9213,0.0692178,0.0685593,1
192083,flyer4,7.5,6.17235,-0.3,0,2
192084,bullet4,12.473,9.36182,0.8,0,1
192085,flyer5,7.5,6.17235,-0.3,0,2
192086,flyer6,7.5,6.17235,-0.3,0,2
192086,bullet6,16.3947,9.34251,0.8,0,1
192087,player,9.28191,9.48698,0.0320319,-0.15061,1
192087,bullet5,9.68191,9.48698,0.8,0,1
192088,flyer4,5.99999,6.17235,-0.3,0,2
192089,bullet1,9.70282,9.38871,0.8,0,1
192090,flyer5,5.99999,6.17235,-0.3,0,2
192091,flyer6,5.99999,6.17235,-0.3,0,2
192092,player,8.74992,9.92374,-0.0677527,0.0655646,1
192092,bullet5,13.6819,9.48698,0.8,0,1
192092,bullet2,9.14992,9.92374,0.8,0,1
192093,flyer4,4.49999,6.17235,-0.3,0,2
192094,bullet1,13.7028,9.38871,0.8,0,1
192094,bullet3,9.10571,9.96652,0.8,0,1
192095,flyer5,4.49999,6.17235,-0.3,0,2
192096,flyer6,4.49999,6.17235,-0.3,0,2
192097,player,8.47529,10.5341,0.267906,0.0695536,1
192097,bullet2,13.1499,9.92374,0.8,0,1
192098,flyer4,2.99999,6.17235,-0.3,0,2
192098,bullet6,8.99585,10.5654,0.8,0,1
192099,bullet3,13.1057,9.96652,0.8,0,1
192100,flyer5,2.99999,6.17235,-0.3,0,2
192100,bullet4,9.07452,10.5858,0.8,0,1
192101,flyer6,2.99999,6.17235,-0.3,0,2
192102,player,9.02795,10.59,0.342444,0.00128346,1
192103,flyer4,1.49999,6.17235,-0.3,0,2
192103,bullet6,12.9958,10.5654,0.8,0,1
192105,flyer5,1.49999,6.17235,-0.3,0,2
192105,bullet4,13.0745,10.5858,0.8,0,1
192105,bullet5,9.68259,10.1016,0.8,0,1
192106,flyer6,1.49999,6.17235,-0.3,0,2
192107,player,8.96546,10.0025,-0.331181,-0.030731,1
192108,flyer4,-6.4373e-06,6.17235,-0.3,0,2
192108,bullet1,9.21642,9.9887,0.8,0,1
192110,flyer5,-6.4373e-06,6.17235,-0.3,0,2
192110,bullet5,13.6826,10.1016,0.8,0,1
192110,bullet2,9.11918,9.97968,0.8,0,1
192111,flyer6,-6.4373e-06,6.17235,-0.3,0,2
192111,bullet3,9.1056,9.97842,0.8,0,1
192112,player,8.69949,9.97785,-0.00611122,-0.000567073,1
192113,bullet1,13.2164,9.9887,0.8,0,1
192114,flayer7,16.5,10.0758,-0.3,0,2
192115,bullet2,13.1192,9.97968,0.8,0,1
192116,bullet3,13.1056,9.97842,0.8,0,1
192117,player,9.88537,10.9172,0.0444815,0.351329,1
192118,bullet6,10.3054,11.0753,0.8,0,1
192122,player,10.4105,11.131,0.152696,0.0900143,1
192122,flayer8,16.5,10.0758,-0.232956,0.189028,2
192123,flyer1,16.5,10.0758,-0.29874,0.0274628,2
192123,bullet6,14.3054,11.0753,0.8,0,1
192123,bullet4,10.8792,11.1715,0.8,0,1
192127,player,10.434,10.1255,0.123938,-0.180969,1
192127,flayer8,15.3352,11.0209,-0.232956,0.189028,1
192128,flyer1,15.0063,10.2131,-0.29874,0.0274628,2
192130,flyer3,16.5,2.05027,-0.294094,-0.0592337,2
192132,player,9.94505,10.5686,-0.0284677,0.0274153,1
192133,flyer1,13.5126,10.3504,-0.29874,0.0274628,2
192133,flyer2,16.5,2.05027,-0.3,0,2
192133,bullet5,10.3322,10.5809,0.8,0,1
192134,bullet1,10.3265,10.5865,0.8,0,1
192135,flyer3,15.0295,1.7541,-0.294094,-0.0592337,2
192136,bullet2,10.3227,10.5901,0.8,0,1
192137,player,9.92219,10.2531,-0.000525309,-0.336994,1
192138,flyer2,15,2.05027,-0.3,0,2
192140,flyer3,13.5591,1.45793,-0.294094,-0.0592337,2
192140,bullet3,10.3218,9.51314,0.8,0,1
192141,bullet2,14.3227,10.5901,0.8,0,1
192142,player,9.92176,9.73151,-9.69343e-06,0.300527,1
192143,flyer2,13.5,2.05027,-0.3,0,2
192144,flyer4,16.5,0.532943,-0.3,0,2
192145,flyer3,12.0886,1.16176,-0.294094,-0.0592337,2
192145,bullet3,14.3218,9.51314,0.8,0,1
192147,player,10.0736,9.82098,-0.185625,0.191171,1
192148,flyer2,12,2.05027,-0.3,0,2
192148,flyer5,16.5,0.532943,-0.283656,0.0976681,2
192149,flyer4,15,0.532943,-0.3,0,2
192150,flyer3,10.6181,0.865595,-0.294094,-0.0592337,2
192152,player,9.36683,9.97451,-0.0717691,0.00352763,1
192152,bullet6,9.76683,9.97451,0.8,0,1
192153,flyer2,10.5,2.05027,-0.3,0,2
192153,flyer5,15.0817,1.02128,-0.283656,0.0976681,2
192153,bullet4,9.73453,9.97609,0.8,0,1
192154,flyer4,13.5,0.532943,-0.3,0,2
192155,flyer3,9.14765,0.569426,-0.294094,-0.0592337,2
192157,player,9.37754,9.41962,-0.0848556,-0.0682787,1
192157,bullet6,13.7668,9.97451,0.8,0,1
192158,flyer2,9,2.05027,-0.3,0,2
192158,flyer5,13.6634,1.50962,-0.283656,0.0976681,2
192158,bullet4,13.7345,9.97609,0.8,0,1
192159,flyer4,12,0.532943,-0.3,0,2
192159,bullet5,9.72217,9.37507,0.8,0,1
192160,flyer3,7.67718,0.273258,-0.294094,-0.0592337,2
192162,player,8.82002,9.36479,-0.153441,-0.00125993,1
192163,flyer2,7.5,2.05027,-0.3,0,2
192163,flyer5,12.2452,1.99796,-0.283656,0.0976681,2
192163,bullet1,9.15097,9.36422,0.8,0,1
192164,flyer4,10.5,0.532943,-0.3,0,2
192164,bullet5,13.7222,9.37507,0.8,0,1
192165,flyer3,6.20671,-0.0229109,-0.294094,-0.0592337,2
192167,player,7.6497,9.9215,-0.22305,0.0683205,1
192168,flyer2,5.99999,2.05027,-0.3,0,2
192168,flyer5,10.8269,2.4863,-0.283656,0.0976681,2
192168,bullet1,13.151,9.36422,0.8,0,1
192169,flyer4,9,0.532943,-0.3,0,2
192169,bullet2,7.90416,9.4767,0.8,0,1
192170,flyer3,4.73624,-0.31908,-0.294094,-0.0592337,2
192172,player,6.98119,8.88468,-0.155991,-0.164454,1
192173,flyer2,4.49999,2.05027,-0.3,0,2
192173,flyer5,9.4086,2.97465,-0.283656,0.0976681,2
192174,flyer4,7.5,0.532943,-0.3,0,2
192174,bullet2,11.9042,9.4767,0.8,0,1
192176,bullet3,7.74817,9.24501,0.8,0,1
192177,player,7.41364,9.31032,0.0654653,0.0653091,1
192178,flyer2,2.99999,2.05027,-0.3,0,2
192178,flyer5,7.99031,3.46299,-0.283656,0.0976681,2
192178,bullet6,7.0431,9.33971,-0.8,-6.99382e-08,1
192179,flyer4,5.99999,0.532943,-0.3,0,2
192179,bullet2,15.9042,9.4767,0.8,0,1
192181,bullet3,11.7482,9.24501,0.8,0,1
192182,player,7.22781,8.28492,-0.457412,-0.181425,1
192183,flyer2,1.49999,2.05027,-0.3,0,2
192183,flyer5,6.57203,3.95133,-0.283656,0.0976681,2
192183,bullet6,3.0431,9.33971,-0.8,-6.99382e-08,1
192184,flyer4,4.49999,0.532943,-0.3,0,2
192186,bullet3,15.7482,9.24501,0.8,0,1
192187,player,6.52297,7.83248,-0.345941,-0.378437,1
192188,flyer2,-6.4373e-06,2.05027,-0.3,0,2
192188,flyer5,5.15375,4.43967,-0.283656,0.0976681,2
192188,flyer6,16.5,3.50522,-0.3,0,2
192189,flyer4,2.99999,0.532943,-0.3,0,2
192190,flayer7,16.5,3.50522,-0.3,0,2
192191,bullet4,6.09382,8.09327,0.8,0,1
192192,player,5.99418,7.77954,0.300362,-0.313729,1
192193,flyer5,3.73547,4.92801,-0.283656,0.0976681,2
192193,flyer6,15,3.50522,-0.3,0,2
192194,flyer4,1.49999,0.532943,-0.3,0,2
192194,bullet5,6.59017,7.57483,0.8,0,1
192195,flayer7,15,3.50522,-0.3,0,2
192195,bullet1,6.61754,7.54624,0.8,0,1
192196,bullet4,10.0938,8.09327,0.8,0,1
192197,player,6.2354,7.52759,0.00554252,-0.00578917,1
192197,bullet2,6.6354,7.52759,0.8,0,1
192198,flyer5,2.31718,5.41635,-0.283656,0.0976681,2
192198,flyer6,13.5,3.50522,-0.3,0,2
192199,flyer4,-6.4373e-06,0.532943,-0.3,0,2
192199,bullet5,10.5902,7.57483,0.8,0,1
192200,flayer7,13.5,3.50522,-0.3,0,2
192200,bullet1,10.6175,7.54624,0.8,0,1
192201,bullet4,14.0938,8.09327,0.8,0,1
192202,player,5.90235,7.52294,-0.337398,-0.000106827,1
192202,bullet2,10.6354,7.52759,0.8,0,1
192203,flyer5,0.898903,5.90469,-0.283656,0.0976681,2
192203,flyer6,12,3.50522,-0.3,0,2
192204,bullet5,14.5902,7.57483,0.8,0,1
192204,bullet3,6.08219,7.52287,0.8,0,1
192205,flayer7,12,3.50522,-0.3,0,2
192205,bullet1,14.6175,7.54624,0.8,0,1
192207,player,5.63139,7.52285,-0.00622594,-1.97125e-06,1
192207,bullet2,14.6354,7.52759,0.8,0,1
192207,bullet6,6.03139,7.52285,0.8,0,1
192208,flyer6,10.5,3.50522,-0.3,0,2
192209,bullet3,10.0822,7.52287,0.8,0,1
192210,flayer7,10.5,3.50522,-0.3,0,2
192210,bullet4,6.58448,8.08057,0.8,0,1
192212,player,6.2287,8.12517,0.0137247,0.0138396,1
192212,bullet6,10.0314,7.52285,0.8,0,1
192212,bullet5,6.6287,8.12517,0.8,0,1
192213,flyer6,9,3.50522,-0.3,0,2
192214,bullet3,14.0822,7.52287,0.8,0,1
192215,flayer7,9,3.50522,-0.3,0,2
192215,bullet4,10.5845,8.08057,0.8,0,1
192217,player,6.23972,8.10553,0.00025326,0.0378444,1
192217,bullet6,14.0314,7.52285,0.8,0,1
192217,bullet5,10.6287,8.12517,0.8,0,1
192217,bullet1,5.83972,8.10553,-0.8,-6.99382e-08,1
192218,flyer6,7.5,3.50522,-0.3,0,2
192220,flayer7,7.5,3.50522,-0.3,0,2
192220,bullet4,14.5845,8.08057,0.8,0,1
192220,bullet2,7.19763,8.13367,0.8,0,1
192222,player,7.33161,7.64654,0.165719,-0.151177,1
192222,bullet5,14.6287,8.12517,0.8,0,1
192222,bullet1,1.83972,8.10553,-0.8,-6.99382e-08,1
192223,flyer6,5.99999,3.50522,-0.3,0,2
192223,bullet3,7.80619,7.57851,0.8,0,1
192225,flayer7,5.99999,3.50522,-0.3,0,2
192225,bullet2,11.1976,8.13367,0.8,0,1
192226,bullet6,8.41936,8.08565,0.8,0,1
192227,player,8.05317,8.11361,0.0338127,0.0279651,1
192227,bullet4,8.45317,8.11361,0.8,0,1
192228,flyer6,4.49999,3.50522,-0.3,0,2
192228,bullet3,11.8062,7.57851,0.8,0,1
192230,flayer7,4.49999,3.50522,-0.3,0,2
192230,bullet2,15.1976,8.13367,0.8,0,1
192231,bullet6,12.4194,8.08565,0.8,0,1
192232,player,7.59096,8.62544,-0.151251,0.152391,1
192232,bullet4,12.4532,8.11361,0.8,0,1
192233,flyer6,2.99999,3.50522,-0.3,0,2
192233,bullet3,15.8062,7.57851,0.8,0,1
192235,flayer7,2.99999,3.50522,-0.3,0,2
192236,flayer8,16.5,3.50522,-0.3,0,2
192236,bullet5,7.84153,8.77577,0.8,0,1
192237,player,7.45565,8.76166,0.0141241,-0.014103,1
192238,flyer6,1.49999,3.50522,-0.3,0,2
192240,flayer7,1.49999,3.50522,-0.3,0,2
192241,flayer8,15,3.50522,-0.3,0,2
192241,bullet5,11.8415,8.77577,0.8,0,1
192242,player,6.3753,9.25355,-0.165454,0.1347,1
192242,bullet1,6.7753,9.25355,0.8,0,1
192243,flyer6,-6.4373e-06,3.50522,-0.3,0,2
192245,flayer7,-6.4373e-06,3.50522,-0.3,0,2
192245,bullet2,6.16289,8.86435,0.8,0,1
192246,flayer8,13.5,3.50522,-0.3,0,2
192246,bullet5,15.8415,8.77577,0.8,0,1
192247,player,5.31646,8.77326,-0.371308,-0.0282691,1
192247,bullet1,10.7753,9.25355,0.8,0,1
192248,flyer1,16.5,14.3947,-0.3,0,2
192250,bullet2,10.1629,8.86435,0.8,0,1
192251,flayer8,12,3.50522,-0.3,0,2
192252,player,4.19573,9.57308,0.248465,-0.255838,1
192252,bullet1,14.7753,9.25355,0.8,0,1
192253,flyer1,15,14.3947,-0.3,0,2
192254,bullet3,4.75786,9.40615,0.8,0,1
192255,bullet2,14.1629,8.86435,0.8,0,1
192256,flayer8,10.5,3.50522,-0.3,0,2
192257,player,3.83755,9.36762,-0.0637589,-0.00472094,1
192257,bullet6,3.43755,9.36762,-0.8,-6.99382e-08,1
192258,flyer1,13.5,14.3947,-0.3,0,2
192259,bullet3,8.75786,9.40615,0.8,0,1
192261,flayer8,9,3.50522,-0.3,0,2
192261,bullet4,5.26537,9.95239,0.8,0,1
192262,player,4.94638,9.96615,0.0810068,0.0137525,1
192263,flyer1,12,14.3947,-0.3,0,2
192264,bullet3,12.7579,9.40615,0.8,0,1
192266,flayer8,7.5,3.50522,-0.3,0,2
192266,bullet4,9.26537,9.95239,0.8,0,1
192267,player,5.05603,11.1372,-0.0530093,0.0824371,1
192268,flyer1,10.5,14.3947,-0.3,0,2
192269,flyer3,16.5,14.3947,-0.3,0,2
192270,bullet5,5.41661,11.7562,0.8,0,1
192271,flayer8,5.99999,3.50522,-0.3,0,2
192271,bullet4,13.2654,9.95239,0.8,0,1
192272,player,5.01346,11.8057,-0.000978171,0.0153608,1
192273,flyer1,9,14.3947,-0.3,0,2
192274,flyer3,15,14.3947,-0.3,0,2
192274,bullet1,5.9022,11.3264,0.8,0,1
192275,bullet5,9.41661,11.7562,0.8,0,1
192276,flayer8,4.49999,3.50522,-0.3,0,2
192277,player,5.12561,10.3889,-0.138053,-0.502931,1
192278,flyer1,7.5,14.3947,-0.3,0,2
192279,flyer3,13.5,14.3947,-0.3,0,2
192279,bullet1,9.9022,11.3264,0.8,0,1
192280,bullet5,13.4166,11.7562,0.8,0,1
192280,bullet2,5.42295,10.0149,0.8,0,1
192281,flayer8,2.99999,3.50522,-0.3,0,2
192282,player,5.01474,9.98498,-0.00254747,-0.00928049,1
192282,bullet6,5.41474,9.98498,0.8,0,1
192283,flyer1,5.99999,14.3947,-0.3,0,2
192284,flyer3,12,14.3947,-0.3,0,2
192284,bullet1,13.9022,11.3264,0.8,0,1
192284,bullet3,5.41308,9.97893,0.8,0,1
192285,bullet2,9.42295,10.0149,0.8,0,1
192286,flayer8,1.49999,3.50522,-0.3,0,2
192287,player,4.67519,9.97753,-0.337547,-0.000171251,1
192287,bullet6,9.41474,9.98498,0.8,0,1
192288,flyer1,4.49999,14.3947,-0.3,0,2
192289,flyer3,10.5,14.3947,-0.3,0,2
192289,bullet3,9.41308,9.97893,0.8,0,1
192289,bullet4,4.85494,9.97742,0.8,0,1
192290,bullet2,13.423,10.0149,0.8,0,1
192291,flayer8,-6.4373e-06,3.50522,-0.3,0,2
192292,player,4.40411,9.97739,-0.00622869,-3.16007e-06,1
192292,bullet6,13.4147,9.98498,0.8,0,1
192293,flyer1,2.99999,14.3947,-0.3,0,2
192294,flyer3,9,14.3947,-0.3,0,2
192294,bullet3,13.4131,9.97893,0.8,0,1
192294,bullet4,8.85495,9.97742,0.8,0,1
192297,player,4.88848,10.4668,0.15176,0.151875,1
192297,bullet5,5.28849,10.4668,0.8,0,1
192298,flyer1,1.49999,14.3947,-0.3,0,2
192299,flyer3,7.5,14.3947,-0.3,0,2
192299,bullet4,12.8549,9.97742,0.8,0,1
192300,bullet1,5.89071,10.0903,0.8,0,1
192302,player,5.26134,9.66276,-0.303945,-0.365452,1
192302,bullet5,9.28849,10.4668,0.8,0,1
192303,flyer1,-6.4373e-06,14.3947,-0.3,0,2
192304,flyer3,5.99999,14.3947,-0.3,0,2
192305,flyer2,16.5,14.3947,-0.279958,-0.107812,2
192305,bullet1,9.89071,10.0903,0.8,0,1
192307,player,4.34658,11.0187,0.064083,0.227315,1
192307,bullet5,13.2885,10.4668,0.8,0,1
192309,flyer3,4.49999,14.3947,-0.3,0,2
192310,flyer2,15.1002,13.8557,-0.279958,-0.107812,2
192310,bullet1,13.8907,10.0903,0.8,0,1
192311,flyer4,16.5,14.3947,-0.3,0,2
192312,player,4.39805,10.0412,0.00118251,-0.0779888,1
192312,bullet2,4.79805,10.0412,0.8,0,1
192314,flyer3,2.99999,14.3947,-0.3,0,2
192315,flyer2,13.7004,13.3166,-0.279958,-0.107812,2
192316,flyer4,15,14.3947,-0.3,0,2
192317,player,5.44609,11.0257,0.220241,0.21878,1
192317,bullet2,8.79805,10.0412,0.8,0,1
192319,flyer3,1.49999,14.3947,-0.3,0,2
192320,flyer2,12.3006,12.7775,-0.279958,-0.107812,2
192321,flyer4,13.5,14.3947,-0.3,0,2
192321,bullet6,7.16509,11.2281,0.8,0,1
192322,player,6.81375,11.2152,0.0486584,-0.012878,1
192322,bullet2,12.7981,10.0412,0.8,0,1
192322,bullet3,7.21375,11.2152,0.8,0,1
192324,flyer3,-6.4373e-06,14.3947,-0.3,0,2
192324,bullet4,7.2455,11.2068,0.8,0,1
192325,flyer2,10.9008,12.2385,-0.279958,-0.107812,2
192326,flyer4,12,14.3947,-0.3,0,2
192326,bullet6,11.1651,11.2281,0.8,0,1
192327,player,7.3422,11.6942,0.152773,0.151637,1
192327,bullet3,11.2138,11.2152,0.8,0,1
192327,bullet5,7.7422,11.6942,0.8,0,1
192329,bullet1,7.84189,11.7932,0.8,0,1
192331,flyer4,10.5,14.3947,-0.3,0,2
192331,bullet6,15.1651,11.2281,0.8,0,1
192331,bullet2,7.86207,11.8132,0.8,0,1
192332,player,7.46489,11.816,0.00281909,0.00279814,1
192332,bullet5,11.7422,11.6942,0.8,0,1
192334,bullet1,11.8419,11.7932,0.8,0,1
192335,bullet4,7.86699,11.3287,0.8,0,1
192336,flyer4,9,14.3947,-0.3,0,2
192336,bullet2,11.8621,11.8132,0.8,0,1
192337,player,7.46716,11.2298,5.20201e-05,-0.0307031,1
192337,bullet5,15.7422,11.6942,0.8,0,1
192338,bullet3,7.86718,11.216,0.8,0,1
192339,bullet1,15.8419,11.7932,0.8,0,1
192340,bullet4,11.867,11.3287,0.8,0,1
192341,flyer4,7.5,14.3947,-0.3,0,2
192341,bullet2,15.8621,11.8132,0.8,0,1
192342,player,7.31532,11.2051,0.185626,-0.000566558,1
192342,flyer5,16.5,14.3947,-0.3,0,2
192343,bullet3,11.8672,11.216,0.8,0,1
192345,bullet4,15.867,11.3287,0.8,0,1
192346,flyer4,5.99999,14.3947,-0.3,0,2
192346,flyer6,16.5,4.65646,-0.3,0,2
192347,player,6.3182,11.2354,-0.0956731,-0.0375995,1
192347,flyer5,15,14.3947,-0.3,0,2
192347,bullet6,6.7182,11.2354,0.8,0,1
192348,bullet3,15.8672,11.216,0.8,0,1
192348,bullet5,6.67515,11.2185,0.8,0,1
192350,bullet1,6.64706,11.2075,0.8,0,1
192351,flyer4,4.49999,14.3947,-0.3,0,2
192351,flyer6,15,4.65646,-0.3,0,2
192352,player,6.57887,11.5427,0.335735,0.336806,1
192352,flyer5,13.5,14.3947,-0.3,0,2
192352,bullet6,10.7182,11.2354,0.8,0,1
192353,bullet5,10.6752,11.2185,0.8,0,1
192355,bullet1,10.6471,11.2075,0.8,0,1
192356,flyer4,2.99999,14.3947,-0.3,0,2
192356,flyer6,13.5,4.65646,-0.3,0,2
192357,player,6.29078,11.2247,-0.0621485,-0.0245397,1
192357,flyer5,12,14.3947,-0.3,0,2
192357,bullet6,14.7182,11.2354,0.8,0,1
192357,bullet2,6.69078,11.2247,0.8,0,1
192358,bullet5,14.6752,11.2185,0.8,0,1
192360,bullet1,14.6471,11.2075,0.8,0,1
192360,bullet4,7.20228,11.2065,0.8,0,1
192361,flyer4,1.49999,14.3947,-0.3,0,2
192361,flyer6,12,4.65646,-0.3,0,2
192361,bullet3,7.23049,11.2055,0.8,0,1
192362,player,6.84318,11.205,0.0126928,-0.000452826,1
192362,flyer5,10.5,14.3947,-0.3,0,2
192362,bullet2,10.6908,11.2247,0.8,0,1
192363,bullet6,7.24889,11.2048,0.8,0,1
192365,bullet4,11.2023,11.2065,0.8,0,1
192366,flyer4,-6.4373e-06,14.3947,-0.3,0,2
192366,flyer6,10.5,4.65646,-0.3,0,2
192366,bullet3,11.2305,11.2055,0.8,0,1
192367,player,6.85338,11.2047,0.000234218,-8.35591e-06,1
192367,flyer5,9,14.3947,-0.3,0,2
192367,bullet2,14.6908,11.2247,0.8,0,1
192368,bullet6,11.2489,11.2048,0.8,0,1
192370,bullet4,15.2023,11.2065,0.8,0,1
192371,flyer6,9,4.65646,-0.3,0,2
192371,bullet3,15.2305,11.2055,0.8,0,1
192371,bullet5,6.17571,10.6162,0.8,0,1
192372,player,5.69353,10.6024,-0.082179,-0.0138398,1
192372,flyer5,7.5,14.3947,-0.3,0,2
192373,bullet6,15.2489,11.2048,0.8,0,1
192374,bullet1,5.55054,10.5933,0.8,0,1
192376,flyer6,7.5,4.65646,-0.3,0,2
192376,bullet5,10.1757,10.6162,0.8,0,1
192376,bullet2,5.44058,10.5915,0.8,0,1
192377,player,5.02522,10.5912,-0.015356,-0.000255383,1
192377,flyer5,5.99999,14.3947,-0.3,0,2
192377,bullet4,5.42522,10.5912,0.8,0,1
192379,bullet1,9.55054,10.5933,0.8,0,1
192381,flyer6,5.99999,4.65646,-0.3,0,2
192381,bullet5,14.1757,10.6162,0.8,0,1
192381,bullet2,9.44058,10.5915,0.8,0,1
192382,player,5.57061,10.591,0.0680604,-4.71253e-06,1
192382,flyer5,4.49999,14.3947,-0.3,0,2
192382,bullet4,9.42522,10.5912,0.8,0,1
192384,bullet1,13.5505,10.5933,0.8,0,1
192386,flyer6,4.49999,4.65646,-0.3,0,2
192386,bullet2,13.4406,10.5915,0.8,0,1
192387,player,3.94511,11.6689,-0.195213,0.18263,1
192387,flyer5,2.99999,14.3947,-0.3,0,2
192387,bullet4,13.4252,10.5912,0.8,0,1
192387,bullet3,4.34511,11.6689,0.8,0,1
192391,flyer6,2.99999,4.65646,-0.3,0,2
192391,flayer7,16.5,4.65646,-0.3,0,2
192392,player,3.53736,11.7848,0.303143,0.0409591,1
192392,flyer5,1.49999,14.3947,-0.3,0,2
192392,bullet3,8.34511,11.6689,0.8,0,1
192393,bullet6,4.07378,11.8032,0.8,0,1
192396,flyer6,1.49999,4.65646,-0.3,0,2
192396,flayer7,15,4.65646,-0.3,0,2
192397,player,3.22309,10.9225,-0.0627499,-0.405088,1
192397,flyer5,-6.4373e-06,14.3947,-0.3,0,2
192397,bullet3,12.3451,11.6689,0.8,0,1
192398,bullet6,8.07378,11.8032,0.8,0,1
192401,flyer6,-6.4373e-06,4.65646,-0.3,0,2
192401,flayer7,13.5,4.65646,-0.3,0,2
192402,player,3.39292,9.78844,-0.270314,0.230927,1
192402,bullet3,16.3451,11.6689,0.8,0,1
192403,flayer8,16.5,4.65646,-0.3,0,2
192403,bullet6,12.0738,11.8032,0.8,0,1
192403,bullet5,3.67128,9.89236,0.8,0,1
192406,flayer7,12,4.65646,-0.3,0,2
192407,player,2.12874,10.5316,-0.225207,0.072605,1
192408,flayer8,15,4.65646,-0.3,0,2
192408,bullet6,16.0738,11.8032,0.8,0,1
192408,bullet5,7.67128,9.89236,0.8,0,1
192408,bullet1,2.4274,10.5643,0.8,0,1
192411,flayer7,10.5,4.65646,-0.3,0,2
192412,player,1.94788,10.0322,-0.0041557,-0.067004,1
192412,bullet2,2.34788,10.0322,0.8,0,1
192413,flayer8,13.5,4.65646,-0.3,0,2
192413,bullet5,11.6713,9.89236,0.8,0,1
192413,bullet1,6.4274,10.5643,0.8,0,1
192415,bullet4,1.78707,9.42466,0.8,0,1
192416,flayer7,9,4.65646,-0.3,0,2
192417,player,0.852854,9.37608,-0.165791,-0.015076,1
192417,bullet2,6.34788,10.0322,0.8,0,1
192418,flayer8,12,4.65646,-0.3,0,2
192418,bullet5,15.6713,9.89236,0.8,0,1
192418,bullet1,10.4274,10.5643,0.8,0,1
192419,bullet3,0.344675,9.36625,-0.8,-6.99382e-08,1
192420,bullet4,5.78707,9.42466,0.8,0,1
192421,flayer7,7.5,4.65646,-0.3,0,2
192422,player,0.4,9.85335,-0,0.151597,1
192422,bullet2,10.3479,10.0322,0.8,0,1
192423,flayer8,10.5,4.65646,-0.3,0,2
192423,bullet1,14.4274,10.5643,0.8,0,1
192425,bullet4,9.78707,9.42466,0.8,0,1
192426,flayer7,5.99999,4.65646,-0.3,0,2
192427,player,0.4,10.4645,0,0.154672,1
192427,bullet2,14.3479,10.0322,0.8,0,1
192428,flayer8,9,4.65646,-0.3,0,2
192428,bullet6,0.8,10.5341,0.8,0,1
192429,bullet5,0.8,10.5654,0.8,0,1
192430,bullet4,13.7871,9.42466,0.8,0,1
192431,flayer7,4.49999,4.65646,-0.3,0,2
192431,bullet3,0.8,10.5858,0.8,0,1
192432,player,0.4,10.5887,-0,0.00285414,1
192433,flayer8,7.5,4.65646,-0.3,0,2
192433,bullet6,4.8,10.5341,0.8,0,1
192434,bullet5,4.8,10.5654,0.8,0,1
192434,bullet1,0.8,10.5906,0.8,0,1
192436,flayer7,2.99999,4.65646,-0.3,0,2
192436,bullet3,4.8,10.5858,0.8,0,1
192437,player,0.4,10.2535,0,-0.337447,1
192438,flayer8,5.99999,4.65646,-0.3,0,2
192438,bullet6,8.8,10.5341,0.8,0,1
192439,bullet5,8.8,10.5654,0.8,0,1
192439,bullet1,4.8,10.5906,0.8,0,1
192441,flayer7,1.49999,4.65646,-0.3,0,2
192441,bullet3,8.8,10.5858,0.8,0,1
192442,player,0.4,10.1344,0,-0.191852,1
192443,flayer8,4.49999,4.65646,-0.3,0,2
192443,bullet6,12.8,10.5341,0.8,0,1
192444,bullet5,12.8,10.5654,0.8,0,1
192444,bullet1,8.8,10.5906,0.8,0,1
192446,flayer7,-6.4373e-06,4.65646,-0.3,0,2
192446,bullet3,12.8,10.5858,0.8,0,1
192447,player,0.4,9.98028,0,-0.00354021,1
192448,flayer8,2.99999,4.65646,-0.3,0,2
192448,bullet6,16.8,10.5341,0.8,0,1
192449,bullet5,16.8,10.5654,0.8,0,1
192449,bullet1,12.8,10.5906,0.8,0,1
192449,bullet2,0.8,9.97797,0.8,0,1
192451,flyer1,16.5,7.82687,-0.3,0,2
192452,player,0.4,9.63994,-0,-0.337565,1
192453,flayer8,1.49999,4.65646,-0.3,0,2
192454,flyer3,16.5,4.65646,-0.219054,-0.204976,2
192454,bullet2,4.8,9.97797,0.8,0,1
192456,flyer1,15,7.82687,-0.3,0,2
192457,player,1.20869,9.11787,-0.238402,0.300516,1
192458,flayer8,-6.4373e-06,4.65646,-0.3,0,2
192458,bullet4,0.701412,9.2531,-0.8,-6.99382e-08,1
192459,flyer3,15.4047,3.63157,-0.219054,-0.204976,2
192459,bullet2,8.8,9.97797,0.8,0,1
192460,flyer2,16.5,7.82687,-0.3,0,2
192461,flyer1,13.5,7.82687,-0.3,0,2
192462,player,1.23745,8.46399,-0.273555,-0.400298,1
192464,flyer3,14.3095,2.60669,-0.219054,-0.204976,2
192464,bullet2,12.8,9.97797,0.8,0,1
192465,flyer2,15,7.82687,-0.3,0,2
192466,flyer1,12,7.82687,-0.3,0,2
192467,player,0.429294,6.99632,-0.0358026,-0.106485,1
192469,flyer3,13.2142,1.58181,-0.219054,-0.204976,2
192469,flyer4,16.5,7.82687,-0.3,0,2
192470,flyer2,13.5,7.82687,-0.3,0,2
192471,flyer1,10.5,7.82687,-0.3,0,2
192472,player,0.7375,8.07084,0.3375,0.0802184,1
192473,bullet6,1.28938,8.10694,0.8,0,1
192474,flyer3,12.1189,0.556928,-0.219054,-0.204976,2
192474,flyer4,15,7.82687,-0.3,0,2
192475,flyer2,12,7.82687,-0.3,0,2
192475,bullet5,1.38847,8.13049,0.8,0,1
192476,flyer1,9,7.82687,-0.3,0,2
192477,player,1.34604,8.13526,0.343728,0.00148026,1
192478,bullet6,5.28938,8.10694,0.8,0,1
192479,flyer3,11.0236,-0.467954,-0.219054,-0.204976,2
192479,flyer4,13.5,7.82687,-0.3,0,2
192480,flyer2,10.5,7.82687,-0.3,0,2
192480,bullet5,5.38847,8.13049,0.8,0,1
192480,bullet3,1.44393,8.69408,0.8,0,1
192481,flyer1,7.5,7.82687,-0.3,0,1
192482,player,1.01977,8.24938,-0.00749686,-0.138008,1
192483,bullet1,1.4164,8.18728,0.8,0,1
192484,flyer4,12,7.82687,-0.3,0,2
192485,flyer2,9,7.82687,-0.3,0,2
192485,bullet3,5.44393,8.69408,0.8,0,1
192487,player,1.50312,8.72702,0.151737,0.028208,1
192487,bullet4,1.90312,8.72702,0.8,0,1
192488,bullet1,5.4164,8.18728,0.8,0,1
192489,flyer4,10.5,7.82687,-0.3,0,2
192490,flyer2,7.5,7.82687,-0.3,0,0
192491,bullet2,2.02218,8.74916,0.8,0,1
192492,player,1.62498,8.74968,0.00279997,0.000520518,1
192492,bullet4,5.90312,8.72702,0.8,0,1
192493,bullet6,2.02624,8.74991,0.8,0,1
192494,flyer4,9,7.82687,-0.3,0,2
192496,bullet2,6.02218,8.74916,0.8,0,1
192497,player,2.2157,8.84919,0.0308064,-0.121111,1
192497,bullet4,9.90313,8.72702,0.8,0,1
192497,bullet5,2.6157,8.84919,0.8,0,1
192498,bullet6,6.02624,8.74991,0.8,0,1
192499,flyer4,7.5,7.82687,-0.3,0,2
192501,bullet2,10.0222,8.74916,0.8,0,1
192502,player,2.57794,8.41443,0.338068,-0.339735,1
192502,bullet4,13.9031,8.72702,0.8,0,1
192502,bullet5,6.6157,8.84919,0.8,0,1
192503,bullet6,10.0262,8.74991,0.8,0,1
192504,flyer4,5.99999,7.82687,-0.3,0,2
192506,bullet2,14.0222,8.74916,0.8,0,1
192506,bullet3,3.2432,8.14786,0.8,0,1
192507,player,2.84944,8.14159,0.00623831,-0.00626906,1
192507,bullet5,10.6157,8.84919,0.8,0,1
192508,bullet6,14.0262,8.74991,0.8,0,1
192509,flyer4,4.49999,7.82687,-0.3,0,1
192510,bullet1,3.25408,8.69465,0.8,0,1
192512,player,2.85445,8.40137,0.000115114,-0.323776,1
192512,bullet5,14.6157,8.84919,0.8,0,1
