126708,player,3.15807,3.5788,0,0,1
126713,player,3.74654,3.54805,0.0307547,0.0375891,1
126713,bullet1,4.14654,3.54805,0.8,0,1
126717,bullet2,4.26977,4.16602,0.8,0,1
126718,player,3.81584,4.18055,-0.0539366,0.0145332,1
126718,bullet1,8.14654,3.54805,0.8,0,1
126722,bullet2,8.26977,4.16602,0.8,0,1
126723,player,3.75868,5.38301,0.0159198,0.0448625,1
126723,bullet1,12.1465,3.54805,0.8,0,1
126727,bullet2,12.2698,4.16602,0.8,0,1
126727,bullet3,3.5827,4.34036,0.8,0,1
126728,player,3.16915,4.259,-0.0135458,-0.0813555,1
126728,bullet1,16.1465,3.54805,0.8,0,1
126731,bullet4,3.00136,4.19851,0.8,0,1
126732,bullet2,16.2698,4.16602,0.8,0,1
126732,bullet3,7.5827,4.34036,0.8,0,1
126733,player,2.55596,4.19367,-0.0140896,-0.00150124,1
126733,bullet5,2.95596,4.19367,0.8,0,1
126735,flyer1,16.5,10.032,-0.3,0,2
126736,bullet4,7.00136,4.19851,0.8,0,1
126736,bullet6,2.38777,4.75027,0.8,0,1
126737,bullet3,11.5827,4.34036,0.8,0,1
126738,player,1.94233,5.28415,-0.0140996,0.165687,1
126738,bullet5,6.95596,4.19367,0.8,0,1
126740,flyer1,15,10.032,-0.3,0,2
126741,bullet4,11.0014,4.19851,0.8,0,1
126741,bullet6,6.38777,4.75027,0.8,0,1
126742,bullet3,15.5827,4.34036,0.8,0,1
126743,player,1.3287,5.41721,-0.0140998,0.00305739,1
126743,bullet5,10.956,4.19367,0.8,0,1
126744,bullet1,1.72235,5.41859,0.8,0,1
126745,flyer1,13.5,10.032,-0.3,0,2
126746,bullet4,15.0014,4.19851,0.8,0,1
126746,bullet6,10.3878,4.75027,0.8,0,1
126748,player,0.827998,5.90904,-0.152135,0.151931,1
126748,bullet5,14.956,4.19367,0.8,0,1
126749,bullet1,5.72235,5.41859,0.8,0,1
126750,flyer1,12,10.032,-0.3,0,2
126750,flyer2,16.5,10.032,-0.3,0,2
126750,bullet2,1.12873,6.00818,0.8,0,1
126751,bullet6,14.3878,4.75027,0.8,0,1
126753,player,1.04332,5.69356,0.334693,-0.334696,1
126754,bullet1,9.72235,5.41859,0.8,0,1
126754,bullet3,0.793933,5.54294,-0.8,-6.99382e-08,1
126755,flyer1,10.5,10.032,-0.3,0,2
126755,flyer2,15,10.032,-0.3,0,2
126755,bullet2,5.12873,6.00818,0.8,0,1
126758,player,1.86983,5.98249,0.0745198,0.0621677,1
126759,bullet1,13.7224,5.41859,0.8,0,1
126760,flyer1,9,10.032,-0.3,0,2
126760,flyer2,13.5,10.032,-0.3,0,2
126760,bullet2,9.12873,6.00818,0.8,0,1
126763,player,2.86948,6.25698,0.352715,0.476683,1
126763,flyer3,16.5,10.032,-0.246646,-0.17078,2
126765,flyer1,7.5,10.032,-0.3,0,2
126765,flyer2,12,10.032,-0.3,0,2
126765,bullet2,13.1287,6.00818,0.8,0,1
126768,player,2.34405,6.63979,0.24491,0.00879613,1
126768,flyer3,15.2668,9.17806,-0.246646,-0.17078,2
126770,flyer1,5.99999,10.032,-0.3,0,2
126770,flyer2,10.5,10.032,-0.3,0,2
126770,flyer4,16.5,1.96469,-0.3,0,2
126770,bullet4,2.90386,6.64553,0.8,0,1
126772,bullet5,2.93622,6.64669,0.8,0,1
126773,player,2.54074,6.64686,0.00451928,0.000162313,1
126773,flyer3,14.0335,8.32417,-0.246646,-0.17078,2
126773,bullet6,2.94074,6.64686,0.8,0,1
126775,flyer1,4.49999,10.032,-0.3,0,2
126775,flyer2,9,10.032,-0.3,0,2
126775,flyer4,15,1.96469,-0.3,0,2
126775,bullet4,6.90386,6.64553,0.8,0,1
126775,bullet3,2.14369,6.64696,-0.8,-6.99382e-08,1
126777,bullet5,6.93622,6.64669,0.8,0,1
126778,player,2.54437,6.64699,8.33934e-05,2.99514e-06,1
126778,flyer3,12.8003,7.47027,-0.246646,-0.17078,2
126778,bullet6,6.94074,6.64686,0.8,0,1
126779,bullet1,2.1444,6.64699,-0.8,-6.99382e-08,1
126780,flyer1,2.99999,10.032,-0.3,0,2
126780,flyer2,7.5,10.032,-0.3,0,2
126780,flyer4,13.5,1.96469,-0.3,0,2
126780,bullet4,10.9039,6.64553,0.8,0,1
126782,bullet2,2.94443,6.64699,0.8,0,1
126783,player,2.54443,6.64699,1.53884e-06,5.52687e-08,1
126783,bullet6,10.9407,6.64686,0.8,0,1
126783,bullet3,2.94443,6.64699,0.8,0,1
126785,flyer1,1.49999,10.032,-0.3,0,2
126785,flyer2,5.99999,10.032,-0.3,0,2
126785,flyer4,12,1.96469,-0.3,0,2
126785,bullet4,2.94443,6.64699,0.8,0,1
126787,bullet2,6.94443,6.64699,0.8,0,1
126788,player,2.32422,6.08927,0.269156,-0.0683438,1
126788,bullet6,14.9407,6.64686,0.8,0,1
126788,bullet3,6.94443,6.64699,0.8,0,1
126790,flyer1,-6.4373e-06,10.032,-0.3,0,2
126790,flyer2,4.49999,10.032,-0.3,0,2
126790,flyer4,10.5,1.96469,-0.3,0,2
126790,bullet4,6.94444,6.64699,0.8,0,1
126792,bullet2,10.9444,6.64699,0.8,0,1
126793,player,1.98265,5.81417,-0.0633771,0.267895,1
126793,bullet3,10.9444,6.64699,0.8,0,1
126795,flyer2,2.99999,10.032,-0.3,0,2
126795,flyer4,9,1.96469,-0.3,0,2
126795,bullet4,10.9444,6.64699,0.8,0,1
126796,bullet5,1.84615,5.524,0.8,0,1
126797,bullet2,14.9444,6.64699,0.8,0,1
126798,player,1.34328,5.44083,-0.0319242,-0.0258113,1
126798,bullet3,14.9444,6.64699,0.8,0,1
126799,bullet1,1.72892,5.42922,0.8,0,1
126800,flyer2,1.49999,10.032,-0.3,0,2
126800,flyer4,7.5,1.96469,-0.3,0,2
126800,bullet4,14.9444,6.64699,0.8,0,1
126801,bullet5,5.84615,5.524,0.8,0,1
126801,bullet6,1.71954,5.42164,0.8,0,1
126803,player,1.65515,5.4201,0.336911,-0.000476291,1
126804,bullet1,5.72892,5.42922,0.8,0,1
126805,flyer2,-6.4373e-06,10.032,-0.3,0,2
126805,flyer4,5.99999,1.96469,-0.3,0,2
126806,bullet5,9.84615,5.524,0.8,0,1
126806,bullet6,5.71954,5.42164,0.8,0,1
126806,bullet2,2.8634,5.97747,0.8,0,1
126808,player,2.52803,5.68454,0.0200566,-0.323669,1
126809,bullet1,9.72892,5.42922,0.8,0,1
126810,flyer4,4.49999,1.96469,-0.3,0,2
126811,bullet5,13.8462,5.524,0.8,0,1
126811,bullet6,9.71955,5.42164,0.8,0,1
126811,bullet2,6.8634,5.97747,0.8,0,1
126813,player,2.47579,5.49295,0.0839013,-0.0895039,1
126814,bullet1,13.7289,5.42922,0.8,0,1
126815,flyer4,2.99999,1.96469,-0.3,0,2
126815,bullet3,2.93054,5.92392,0.8,0,1
126816,bullet6,13.7195,5.42164,0.8,0,1
126816,bullet2,10.8634,5.97747,0.8,0,1
126818,player,2.54317,6.02338,0.00154822,0.012188,1
126820,flyer4,1.49999,1.96469,-0.3,0,2
126820,flyer5,16.5,7.90204,-0.3,0,2
126820,bullet3,6.93054,5.92392,0.8,0,1
126821,bullet2,14.8634,5.97747,0.8,0,1
126823,player,3.59151,6.59089,0.220247,0.0685686,1
126823,flyer6,16.5,7.90204,-0.3,0,2
126825,flyer4,-6.4373e-06,1.96469,-0.3,0,2
126825,flyer5,15,7.90204,-0.3,0,2
126825,bullet3,10.9305,5.92392,0.8,0,1
126827,flayer7,16.5,7.90204,-0.271717,0.12716,2
126827,bullet4,4.19508,6.61394,0.8,0,1
126828,player,3.78222,6.63212,-0.0128509,0.0181804,1
126828,flyer6,15,7.90204,-0.3,0,2
126828,bullet5,4.18222,6.63212,0.8,0,1
126830,flyer5,13.5,7.90204,-0.3,0,2
126830,bullet3,14.9305,5.92392,0.8,0,1
126832,flayer7,15.1414,8.53784,-0.271717,0.12716,2
126832,bullet4,8.19508,6.61394,0.8,0,1
126833,player,4.36038,7.23519,0.0305176,0.0310902,1
126833,flyer6,13.5,7.90204,-0.3,0,2
126833,bullet5,8.18223,6.63212,0.8,0,1
126834,bullet1,4.77411,7.24918,0.8,0,1
126835,flyer5,12,7.90204,-0.3,0,2
126837,flayer7,13.7828,9.17364,-0.271717,0.12716,2
126837,bullet4,12.1951,6.61394,0.8,0,1
126837,bullet6,4.78432,7.8173,0.8,0,1
126838,player,4.38489,7.84863,0.000563135,0.0313284,1
126838,flyer6,12,7.90204,-0.3,0,2
126838,bullet5,12.1822,6.63212,0.8,0,1
126839,bullet1,8.77411,7.24918,0.8,0,1
126840,flyer5,10.5,7.90204,-0.3,0,2
126842,flayer7,12.4242,9.80944,-0.271717,0.12716,2
126842,bullet4,16.1951,6.61394,0.8,0,1
126842,bullet6,8.78432,7.8173,0.8,0,1
126843,player,3.57665,7.84304,0.238412,0.0381672,1
126843,flyer6,10.5,7.90204,-0.3,0,1
126843,bullet5,16.1822,6.63212,0.8,0,1
126845,flyer5,9,7.90204,-0.3,0,1
126847,flayer7,11.0657,10.4452,-0.271717,0.12716,2
126848,player,4.25749,7.76075,0.156274,0.13874,1
126848,flyer6,9,7.90204,-0.3,0,1
126848,flayer8,16.5,7.90204,-0.251765,-0.163139,2
126850,flyer5,7.5,7.90204,-0.3,0,1
126852,flayer7,9.70707,11.081,-0.271717,0.12716,2
126853,player,4.97146,7.50392,0.0336384,-0.297351,1
126853,flyer6,7.5,7.90204,-0.3,0,1
126853,flayer8,15.2412,7.08635,-0.251765,-0.163139,2
126854,bullet2,5.3866,7.37011,0.8,0,1
126855,flyer5,5.99999,7.90204,-0.3,0,1
126857,flayer7,8.34849,11.7168,-0.271717,0.12716,2
126858,player,4.99848,6.7074,0.000620723,-0.0738307,1
126858,flayer8,13.9823,6.27066,-0.251765,-0.163139,2
126860,flyer5,4.49999,7.90204,-0.3,0,1
126860,bullet3,5.39888,6.65923,0.8,0,1
126861,bullet1,5.39894,6.6525,0.8,0,1
126862,flayer7,6.9899,12.3526,-0.271717,0.12716,2
126863,player,5.33647,6.31061,0.337511,-0.338862,1
126863,flayer8,12.7235,5.45497,-0.251765,-0.163139,2
126865,flyer5,2.99999,7.90204,-0.3,0,1
126865,bullet3,9.39888,6.65923,0.8,0,1
126866,bullet1,9.39894,6.6525,0.8,0,1
126867,flayer7,5.63132,12.9884,-0.271717,0.12716,2
126867,bullet4,6.49067,6.04473,0.8,0,1
126868,player,6.16524,6.03848,0.0745718,-0.00625296,1
126868,flayer8,11.4647,4.63928,-0.251765,-0.163139,2
126869,bullet5,6.5988,6.03567,0.8,0,1
126870,flyer5,1.49999,7.90204,-0.3,0,1
126870,bullet3,13.3989,6.65923,0.8,0,1
126871,bullet1,13.3989,6.6525,0.8,0,1
126872,flayer7,4.27273,13.6242,-0.271717,0.12716,2
126872,bullet4,10.4907,6.04473,0.8,0,1
126873,player,5.88763,5.69596,-0.336124,-0.337615,1
126873,flayer8,10.2059,3.82358,-0.251765,-0.163139,2
126874,bullet5,10.5988,6.03567,0.8,0,1
126875,flyer5,-6.4373e-06,7.90204,-0.3,0,1
126876,bullet6,6.03768,5.4449,0.8,0,1
126877,flayer7,2.91415,14.26,-0.271717,0.12716,2
126877,bullet4,14.4907,6.04473,0.8,0,1
126878,player,5.12831,4.93545,-0.158077,-0.158105,1
126878,flayer8,8.94704,3.00789,-0.251765,-0.163139,2
126879,bullet5,14.5988,6.03567,0.8,0,1
126879,bullet2,5.45718,4.8643,0.8,0,1
126881,bullet6,10.0377,5.4449,0.8,0,1
126882,flayer7,1.55556,14.8958,-0.271717,0.12716,2
126883,player,4.90227,4.80847,0.118203,-0.00291748,1
126883,flayer8,7.68822,2.1922,-0.251765,-0.163139,2
126883,bullet3,5.30227,4.80847,0.8,0,1
126884,bullet2,9.45718,4.8643,0.8,0,1
126885,bullet1,5.3794,4.80657,0.8,0,1
126886,bullet6,14.0377,5.4449,0.8,0,1
126887,flayer7,0.196972,15.5316,-0.271717,0.12716,2
126888,player,4.50782,5.29551,-0.149694,0.151821,1
126888,flayer8,6.42939,1.3765,-0.251765,-0.163139,2
126888,bullet3,9.30227,4.80847,0.8,0,1
126889,bullet2,13.4572,4.8643,0.8,0,1
126890,bullet1,9.3794,4.80657,0.8,0,1
126890,bullet4,5.29952,5.88394,0.8,0,1
126893,player,4.50054,6.01974,-0.140798,0.0166411,1
126893,flayer8,5.17056,0.56081,-0.251765,-0.163139,2
126893,bullet3,13.3023,4.80847,0.8,0,1
126893,bullet5,4.90054,6.01974,0.8,0,1
126895,bullet1,13.3794,4.80657,0.8,0,1
126895,bullet4,9.29952,5.88394,0.8,0,1
126898,player,4.38747,6.03311,-0.00259811,0.000307076,1
126898,flayer8,3.91174,-0.254883,-0.251765,-0.163139,2
126898,bullet5,8.90054,6.01974,0.8,0,1
126899,flyer3,16.5,6.58901,-0.3,0,2
126900,flyer1,16.5,6.58901,-0.257411,0.154077,2
126900,bullet4,13.2995,5.88394,0.8,0,1
126902,bullet6,5.93162,4.88716,0.8,0,1
126903,player,5.23867,5.18007,-0.292954,0.292911,1
126903,bullet5,12.9005,6.01974,0.8,0,1
126904,flyer3,15,6.58901,-0.3,0,1
126905,flyer1,15.2129,7.35939,-0.257411,0.154077,2
126906,bullet2,4.93145,5.88726,0.8,0,1
126907,bullet6,9.93162,4.88716,0.8,0,1
126908,player,4.75243,6.00377,0.30134,0.0361597,1
126909,bullet3,5.28803,6.02004,0.8,0,1
126910,flyer1,13.9259,8.12978,-0.257411,0.154077,2
126911,bullet2,8.93145,5.88726,0.8,0,1
126912,bullet6,13.9316,4.88716,0.8,0,1
126913,player,4.99443,5.47509,0.00556056,-0.0676765,1
126913,bullet1,5.39443,5.47509,0.8,0,1
126914,bullet3,9.28803,6.02004,0.8,0,1
126915,flyer1,12.6388,8.90016,-0.257411,0.154077,2
126916,bullet2,12.9314,5.88726,0.8,0,1
126918,player,4.9543,5.80283,0.0546068,0.281747,1
126918,bullet1,9.39443,5.47509,0.8,0,1
126919,bullet3,13.288,6.02004,0.8,0,1
126919,bullet4,5.37888,5.92962,0.8,0,1
126920,flyer1,11.3518,9.67054,-0.257411,0.154077,2
126922,bullet5,4.90778,6.51328,0.8,0,1
126923,player,4.44044,6.58682,-0.0673361,0.0735428,1
126923,bullet1,13.3944,5.47509,0.8,0,1
126924,bullet4,9.37888,5.92962,0.8,0,1
126925,flyer1,10.0647,10.4409,-0.257411,0.154077,2
126927,flyer2,16.5,6.58901,-0.3,0,2
126927,bullet5,8.90778,6.51328,0.8,0,1
126927,bullet6,4.22988,6.61377,0.8,0,1
126928,player,3.79789,6.63204,-0.0319972,0.0182721,1
126928,bullet2,4.19789,6.63204,0.8,0,1
126929,bullet4,13.3789,5.92962,0.8,0,1
126930,flyer1,8.77767,11.2113,-0.257411,0.154077,2
126932,flyer2,15,6.58901,-0.3,0,1
126932,bullet5,12.9078,6.51328,0.8,0,1
126932,bullet6,8.22989,6.61377,0.8,0,1
126932,bullet3,4.17278,6.64638,0.8,0,1
126933,player,3.77219,6.64672,-0.000590439,0.000337173,1
126933,bullet2,8.19789,6.63204,0.8,0,1
126935,flyer1,7.49062,11.9817,-0.257411,0.154077,2
126935,bullet1,4.17181,6.64694,0.8,0,1
126937,bullet6,12.2299,6.61377,0.8,0,1
126937,bullet3,8.17278,6.64638,0.8,0,1
126938,player,3.43422,6.98449,-0.337511,0.337506,1
126938,bullet2,12.1979,6.63204,0.8,0,1
126940,flyer1,6.20356,12.7521,-0.257411,0.154077,2
126940,bullet1,8.17181,6.64694,0.8,0,1
126942,bullet6,16.2299,6.61377,0.8,0,1
126942,bullet3,12.1728,6.64638,0.8,0,1
126943,player,2.94295,7.81325,0.262928,0.0745717,1
126943,bullet2,16.1979,6.63204,0.8,0,1
126944,flyer4,16.5,6.58901,-0.3,0,2
126945,flyer1,4.91651,13.5225,-0.257411,0.154077,2
126945,bullet1,12.1718,6.64694,0.8,0,1
126946,bullet4,3.53847,7.86871,0.8,0,1
126948,player,3.1541,7.87314,0.00485177,0.00137606,1
126948,bullet5,3.5541,7.87314,0.8,0,1
126950,flyer1,3.62945,14.2928,-0.257411,0.154077,2
126950,bullet6,3.55727,7.87404,0.8,0,1
126951,bullet4,7.53847,7.86871,0.8,0,1
126951,bullet2,3.55771,7.87416,0.8,0,1
126953,player,3.158,7.53675,8.95287e-05,-0.337475,1
126953,bullet5,7.5541,7.87314,0.8,0,1
126955,flyer1,2.3424,15.0632,-0.257411,0.154077,2
126955,bullet6,7.55727,7.87404,0.8,0,1
126956,bullet4,11.5385,7.86871,0.8,0,1
126956,bullet2,7.55771,7.87416,0.8,0,1
126958,player,2.66869,7.26573,-0.151873,-0.00622736,1
126958,bullet5,11.5541,7.87314,0.8,0,1
126960,flyer1,1.05534,15.8336,-0.257411,0.154077,2
126960,bullet6,11.5573,7.87404,0.8,0,1
126961,bullet4,15.5385,7.86871,0.8,0,1
126961,bullet2,11.5577,7.87416,0.8,0,1
126963,player,2.20923,7.59823,-0.340302,0.337385,1
126963,bullet5,15.5541,7.87314,0.8,0,1
126965,flyer6,16.5,13.1934,-0.264954,-0.14071,2
126965,bullet6,15.5573,7.87404,0.8,0,1
126965,bullet3,2.38718,7.81837,0.8,0,1
126966,bullet2,15.5577,7.87416,0.8,0,1
126967,flyer5,16.5,6.58901,-0.3,0,2
126968,player,1.93593,7.3798,-0.00627954,-0.145649,1
126968,flayer7,16.5,13.1934,-0.3,0,2
126969,bullet1,2.33311,7.31426,0.8,0,1
126970,flyer6,15.1752,12.4899,-0.264954,-0.14071,2
126970,bullet3,6.38718,7.81837,0.8,0,1
126972,flyer5,15,6.58901,-0.3,0,2
126972,bullet4,2.88873,6.7078,0.8,0,1
126973,player,2.51937,6.67436,0.0306388,-0.0334423,1
126973,flayer7,15,13.1934,-0.3,0,2
126973,bullet5,2.91937,6.67436,0.8,0,1
126974,bullet1,6.33311,7.31426,0.8,0,1
126975,flyer6,13.8505,11.7863,-0.264954,-0.14071,2
126975,bullet3,10.3872,7.81837,0.8,0,1
126977,flyer5,13.5,6.58901,-0.3,0,2
126977,bullet4,6.88873,6.7078,0.8,0,1
126978,player,3.13244,7.7937,0.0313201,0.0984813,1
126978,flayer7,13.5,13.1934,-0.3,0,2
126978,bullet5,6.91937,6.67436,0.8,0,1
126979,bullet1,10.3331,7.31426,0.8,0,1
126980,flyer6,12.5257,11.0828,-0.264954,-0.14071,2
126980,bullet3,14.3872,7.81837,0.8,0,1
126982,flyer5,12,6.58901,-0.3,0,1
126982,bullet4,10.8887,6.7078,0.8,0,1
126982,bullet6,3.55702,7.87097,0.8,0,1
126983,player,3.1576,7.53529,0.000577943,-0.335683,1
126983,flayer7,12,13.1934,-0.3,0,2
126983,bullet5,10.9194,6.67436,0.8,0,1
126985,flyer6,11.2009,10.3792,-0.264954,-0.14071,2
126986,bullet2,3.06865,7.28566,0.8,0,1
126987,bullet6,7.55702,7.87097,0.8,0,1
126988,player,2.56959,7.2657,-0.030744,-0.00619429,1
126988,flayer7,10.5,13.1934,-0.3,0,2
126990,flyer6,9.87614,9.67568,-0.264954,-0.14071,2
126991,bullet2,7.06865,7.28566,0.8,0,1
126992,bullet6,11.557,7.87097,0.8,0,1
126992,bullet1,4.02331,8.33869,0.8,0,1
126993,player,3.70493,8.42076,0.081616,0.0820691,1
126993,flayer7,9,13.1934,-0.3,0,2
126994,bullet3,4.14166,8.45769,0.8,0,1
126995,flyer6,8.55136,8.97213,-0.264954,-0.14071,2
126996,bullet2,11.0687,7.28566,0.8,0,1
126997,bullet6,15.557,7.87097,0.8,0,1
126998,player,3.5195,9.41265,0.308251,0.369769,1
126998,flayer7,7.5,13.1934,-0.3,0,2
126999,bullet4,4.05821,9.57904,0.8,0,1
127001,bullet2,15.0687,7.28566,0.8,0,1
127002,bullet5,4.65074,9.70278,0.8,0,1
127003,player,4.32477,9.70961,0.0740319,0.00682328,1
127003,flayer7,5.99999,13.1934,-0.3,0,2
127004,bullet4,8.05821,9.57904,0.8,0,1
127005,flayer8,16.5,13.1934,-0.224929,-0.198512,2
127007,bullet5,8.65074,9.70278,0.8,0,1
127007,bullet1,4.01361,9.71496,-0.8,-6.99382e-08,1
127008,player,4.39806,9.71508,-0.015549,0.000125909,1
127008,flayer7,4.49999,13.1934,-0.3,0,2
127008,bullet3,4.79806,9.71508,0.8,0,1
127009,bullet4,12.0582,9.57904,0.8,0,1
127010,flayer8,15.3754,12.2009,-0.224929,-0.198512,2
127012,bullet5,12.6507,9.70278,0.8,0,1
127012,bullet1,0.0136124,9.71496,-0.8,-6.99382e-08,1
127013,player,3.7971,9.12671,-0.0310416,-0.0307524,1
127013,flayer7,2.99999,13.1934,-0.3,0,2
127013,bullet3,8.79806,9.71508,0.8,0,1
127014,bullet4,16.0582,9.57904,0.8,0,1
127014,bullet6,4.18314,9.11287,0.8,0,1
127015,flayer8,14.2507,11.2083,-0.224929,-0.198512,2
127015,bullet2,4.17685,9.10664,0.8,0,1
127017,bullet1,4.17275,9.10258,0.8,0,1
127018,player,3.43468,9.43951,-0.338073,0.336933,1
127018,flayer7,1.49999,13.1934,-0.3,0,2
127019,bullet6,8.18314,9.11287,0.8,0,1
127020,flayer8,13.1261,10.2157,-0.224929,-0.198512,1
127020,bullet2,8.17685,9.10664,0.8,0,1
127020,bullet4,3.61408,9.65936,0.8,0,1
127022,bullet1,8.17275,9.10258,0.8,0,1
127023,player,3.16318,9.7101,-0.00623839,0.00621735,1
127023,flayer7,-6.4373e-06,13.1934,-0.3,0,2
127025,flayer8,12.0014,9.22318,-0.224929,-0.198512,-1
127025,bullet2,12.1769,9.10664,0.8,0,1
127025,bullet4,7.61408,9.65936,0.8,0,1
127025,bullet5,3.5591,9.71415,0.8,0,1
127027,bullet1,12.1728,9.10258,0.8,0,1
127028,player,2.66879,10.542,-0.15199,0.48949,1
127030,bullet4,11.6141,9.65936,0.8,0,1
127030,bullet5,7.55911,9.71415,0.8,0,1
127031,flyer3,16.5,13.1934,-0.293092,-0.0640087,2
127031,bullet3,2.46639,10.906,0.8,0,1
127032,bullet1,16.1728,9.10258,0.8,0,1
127033,player,1.62076,10.5976,-0.371059,-0.328468,1
127035,bullet4,15.6141,9.65936,0.8,0,1
127035,bullet5,11.5591,9.71415,0.8,0,1
127036,flyer3,15.0345,12.8734,-0.293092,-0.0640087,2
127036,flyer2,16.5,11.4504,-0.3,0,2
127036,bullet3,6.46639,10.906,0.8,0,1
127036,bullet6,1.74483,10.911,0.8,0,1
127038,player,1.32276,10.9361,-0.00684709,0.00777846,1
127038,bullet2,1.72276,10.9361,0.8,0,1
127040,bullet5,15.5591,9.71415,0.8,0,1
127041,flyer3,13.5691,12.5533,-0.293092,-0.0640087,2
127041,flyer2,15,11.4504,-0.3,0,2
127041,bullet3,10.4664,10.906,0.8,0,1
127041,bullet6,5.74483,10.911,0.8,0,1
127043,player,1.87498,11.8376,0.0682174,0.405987,1
127043,bullet2,5.72276,10.9361,0.8,0,1
127044,bullet1,2.30568,12.0203,0.8,0,1
127046,flyer3,12.1036,12.2333,-0.293092,-0.0640087,2
127046,flyer2,13.5,11.4504,-0.3,0,1
127046,bullet6,9.74483,10.911,0.8,0,1
127046,bullet4,2.32571,12.1395,0.8,0,1
127048,player,1.92977,12.1636,0.0012588,0.00749161,1
127048,bullet2,9.72276,10.9361,0.8,0,1
127049,bullet1,6.30568,12.0203,0.8,0,1
127050,bullet5,1.53059,12.1685,-0.8,-6.99382e-08,1
127051,flyer3,10.6382,11.9132,-0.293092,-0.0640087,2
127051,bullet4,6.32571,12.1395,0.8,0,1
127053,player,1.93078,11.8321,2.32285e-05,-0.337362,1
127053,bullet2,13.7228,10.9361,0.8,0,1
127054,bullet3,2.33079,11.6803,0.8,0,1
127056,bullet6,2.3308,11.5812,0.8,0,1
127057,bullet1,2.3308,11.5674,0.8,0,1
127058,player,1.9308,11.5612,4.2863e-07,-0.00622527,1
127059,bullet3,6.33079,11.6803,0.8,0,1
127061,flyer4,16.5,11.4504,-0.3,0,2
127061,bullet6,6.3308,11.5812,0.8,0,1
127061,bullet5,2.3308,12.1143,0.8,0,1
127062,bullet1,6.3308,11.5674,0.8,0,1
127063,player,2.2683,12.1585,0.3375,0.0137247,1
127064,bullet3,10.3308,11.6803,0.8,0,1
127066,flyer4,15,11.4504,-0.3,0,2
127066,bullet6,10.3308,11.5812,0.8,0,1
127066,bullet5,6.3308,12.1143,0.8,0,1
127067,bullet1,10.3308,11.5674,0.8,0,1
127068,player,2.04996,11.6802,-0.145647,-0.151622,1
127071,bullet5,10.3308,12.1143,0.8,0,1
127072,bullet1,14.3308,11.5674,0.8,0,1
127072,bullet4,1.77796,12.7074,0.8,0,1
127073,player,1.34452,12.7492,-0.0334423,0.0417964,1
127075,flyer1,16.5,10.9692,-0.25192,-0.1629,2
127076,flyer5,16.5,2.9064,-0.297545,0.0382976,2
127076,bullet5,14.3308,12.1143,0.8,0,1
127076,bullet2,1.71965,13.338,0.8,0,1
127077,bullet4,5.77797,12.7074,0.8,0,1
127078,player,1.80704,13.3851,0.151258,0.0146109,1
127079,bullet3,1.47511,13.3916,-0.8,-6.99382e-08,1
127080,flyer1,15.2404,10.1547,-0.25192,-0.1629,2
127080,bullet6,2.30574,13.3946,0.8,0,1
127081,flyer5,15.0123,3.09789,-0.297545,0.0382976,2
127081,bullet2,5.71965,13.338,0.8,0,1
127082,bullet4,9.77797,12.7074,0.8,0,1
127083,player,1.92851,12.9074,0.00279113,-0.151605,1
127084,bullet1,2.32977,12.8392,0.8,0,1
127085,flyer1,13.9808,9.34018,-0.25192,-0.1629,2
127085,bullet6,6.30574,13.3946,0.8,0,1
127086,flyer5,13.5245,3.28938,-0.297545,0.0382976,2
127086,bullet2,9.71966,13.338,0.8,0,1
127087,bullet4,13.778,12.7074,0.8,0,1
127088,player,2.48847,12.2279,0.0683953,-0.0711413,1
127089,bullet1,6.32977,12.8392,0.8,0,1
127090,flyer1,12.7212,8.52568,-0.25192,-0.1629,2
127090,bullet6,10.3057,13.3946,0.8,0,1
127091,flyer5,12.0368,3.48086,-0.297545,0.0382976,2
127091,bullet2,13.7197,13.338,0.8,0,1
127093,player,2.06786,12.674,-0.167528,0.133647,1
127093,bullet5,2.46786,12.674,0.8,0,1
127094,bullet1,10.3298,12.8392,0.8,0,1
127095,flyer1,11.4616,7.71118,-0.25192,-0.1629,2
127095,bullet6,14.3057,13.3946,0.8,0,1
127096,flyer5,10.5491,3.67235,-0.297545,0.0382976,2
127096,bullet3,2.83266,12.284,0.8,0,1
127098,player,2.1843,12.1929,-0.309837,-0.0282885,1
127098,bullet5,6.46786,12.674,0.8,0,1
127099,bullet1,14.3298,12.8392,0.8,0,1
127100,flyer1,10.202,6.89668,-0.25192,-0.1629,2
127100,bullet4,2.38213,12.1744,0.8,0,1
127101,flyer5,9.06136,3.86384,-0.297545,0.0382976,2
127101,bullet3,6.83266,12.284,0.8,0,1
127102,bullet2,2.34119,12.1707,0.8,0,1
127103,player,1.93547,11.8327,-0.00571736,-0.338022,1
127103,bullet5,10.4679,12.674,0.8,0,1
127105,flyer1,8.94241,6.08218,-0.25192,-0.1629,2
127105,bullet4,6.38213,12.1744,0.8,0,1
127106,flyer5,7.57364,4.05533,-0.297545,0.0382976,2
127106,bullet3,10.8327,12.284,0.8,0,1
127107,bullet2,6.34119,12.1707,0.8,0,1
127108,player,1.67991,10.9727,0.30664,-0.0369921,1
127108,bullet5,14.4679,12.674,0.8,0,1
127110,flyer1,7.68281,5.26769,-0.25192,-0.1629,2
127110,bullet4,10.3821,12.1744,0.8,0,1
127111,flyer5,6.08591,4.24682,-0.297545,0.0382976,2
127111,bullet3,14.8327,12.284,0.8,0,1
127111,bullet6,2.30793,10.9452,0.8,0,1
127112,bullet2,10.3412,12.1707,0.8,0,1
127113,player,1.58867,10.943,-0.331842,-0.000682609,1
127115,flyer1,6.42321,4.45319,-0.25192,-0.1629,2
127115,bullet4,14.3821,12.1744,0.8,0,1
127115,bullet1,1.77214,10.9426,0.8,0,1
127116,flyer5,4.59818,4.43831,-0.297545,0.0382976,2
127116,bullet6,6.30793,10.9452,0.8,0,1
127117,bullet2,14.3412,12.1707,0.8,0,1
127118,player,1.32217,10.9425,-0.00612341,-1.25961e-05,1
127118,bullet5,1.72217,10.9425,0.8,0,1
127120,flyer1,5.1636,3.63869,-0.25192,-0.1629,2
127120,bullet1,5.77214,10.9426,0.8,0,1
127121,flyer5,3.11045,4.62979,-0.297545,0.0382976,2
127121,bullet6,10.3079,10.9452,0.8,0,1
127123,player,0.4,10.3847,-0.0550829,-0.068344,1
127123,bullet5,5.72217,10.9425,0.8,0,1
127124,bullet3,0.8,10.354,0.8,0,1
127125,flyer1,3.904,2.82419,-0.25192,-0.1629,2
127125,bullet1,9.77214,10.9426,0.8,0,1
127126,flyer5,1.62273,4.82128,-0.297545,0.0382976,2
127126,bullet6,14.3079,10.9452,0.8,0,1
127128,player,0.4,10.9183,0,0.0294935,1
127128,bullet5,9.72217,10.9425,0.8,0,1
127129,bullet3,4.8,10.354,0.8,0,1
127130,flyer1,2.6444,2.0097,-0.25192,-0.1629,2
127130,bullet1,13.7721,10.9426,0.8,0,1
127131,flyer5,0.135,5.01277,-0.297545,0.0382976,2
127133,player,0.988474,10.942,0.0307547,0.000544239,1
127133,bullet5,13.7222,10.9425,0.8,0,1
127134,bullet3,8.8,10.354,0.8,0,1
127134,bullet4,1.40231,10.9423,0.8,0,1
127135,flyer1,1.3848,1.1952,-0.25192,-0.1629,2
127137,flyer6,16.5,2.9064,-0.284165,-0.0961785,2
127138,player,0.4,11.0416,-0,-0.12111,1
127139,bullet3,12.8,10.354,0.8,0,1
127139,bullet4,5.40231,10.9423,0.8,0,1
127140,flyer1,0.125201,0.380702,-0.25192,-0.1629,2
127142,flyer6,15.0792,2.42551,-0.284165,-0.0961785,2
127142,bullet2,0.8,10.3888,0.8,0,1
127143,player,0.4,10.3558,0,-0.0329895,1
127144,flayer7,16.5,2.9064,-0.3,0,2
127144,bullet4,9.40231,10.9423,0.8,0,1
127144,bullet6,0.8,10.341,0.8,0,1
127147,flyer6,13.6583,1.94461,-0.284165,-0.0961785,2
127147,bullet2,4.8,10.3888,0.8,0,1
127147,bullet1,0.8,10.3299,0.8,0,1
127148,player,0.4,10.3293,0,-0.000608749,1
127149,flayer7,15,2.9064,-0.3,0,2
127149,bullet4,13.4023,10.9423,0.8,0,1
127149,bullet6,4.8,10.341,0.8,0,1
127152,flyer6,12.2375,1.46372,-0.284165,-0.0961785,2
127152,bullet2,8.8,10.3888,0.8,0,1
127152,bullet1,4.8,10.3299,0.8,0,1
127153,player,0.4,10.9173,0,0.0307435,1
127154,flayer7,13.5,2.9064,-0.3,0,2
127154,bullet6,8.8,10.341,0.8,0,1
127155,bullet5,1.28938,10.9374,0.8,0,1
127157,flyer6,10.8167,0.98283,-0.284165,-0.0961785,2
127157,bullet2,12.8,10.3888,0.8,0,1
127157,bullet1,8.8,10.3299,0.8,0,1
127158,player,1.00231,10.942,0.0138396,0.000567303,1
127159,flayer7,12,2.9064,-0.3,0,2
127159,bullet6,12.8,10.341,0.8,0,1
127160,bullet5,5.28938,10.9374,0.8,0,1
127162,flyer6,9.39587,0.501938,-0.284165,-0.0961785,2
127162,bullet1,12.8,10.3299,0.8,0,1
127163,player,1.35093,10.6049,0.337755,-0.33749,1
127164,flayer7,10.5,2.9064,-0.3,0,2
127165,bullet5,9.28938,10.9374,0.8,0,1
127165,bullet3,1.97131,10.3847,0.8,0,1
127167,flyer6,7.97504,0.0210456,-0.284165,-0.0961785,2
127168,player,2.44905,9.99642,0.495608,-0.343728,1
127169,flayer7,9,2.9064,-0.3,0,2
127170,bullet5,13.2894,10.9374,0.8,0,1
127170,bullet3,5.97131,10.3847,0.8,0,1
127170,bullet4,3.17243,9.77214,0.8,0,1
127172,flyer6,6.55422,-0.459847,-0.284165,-0.0961785,2
127173,player,2.84706,9.16265,0.00914535,-0.0746865,1
127173,bullet2,3.24706,9.16265,0.8,0,1
127174,flayer7,7.5,2.9064,-0.3,0,2
127175,bullet3,9.97131,10.3847,0.8,0,1
127175,bullet4,7.17243,9.77214,0.8,0,1
127176,bullet6,1.89614,8.5494,-0.8,-6.99382e-08,1
127178,player,2.25209,8.50036,-0.0136709,-0.0152178,1
127178,bullet2,7.24706,9.16265,0.8,0,1
127179,flayer7,5.99999,2.9064,-0.3,0,2
127180,bullet3,13.9713,10.3847,0.8,0,1
127180,bullet4,11.1724,9.77214,0.8,0,1
127183,player,2.27187,9.04586,-0.0378413,0.0680629,1
127183,bullet2,11.2471,9.16265,0.8,0,1
127183,bullet1,2.67187,9.04586,0.8,0,1
127184,flayer7,4.49999,2.9064,-0.3,0,2
127184,bullet5,2.65484,9.07649,0.8,0,1
127185,bullet4,15.1724,9.77214,0.8,0,1
127188,player,2.30982,8.5428,-0.0842295,-0.0670878,1
127188,bullet2,15.2471,9.16265,0.8,0,1
127188,bullet1,6.67187,9.04586,0.8,0,1
127189,flayer7,2.99999,2.9064,-0.3,0,2
127189,bullet5,6.65484,9.07649,0.8,0,1
127189,bullet6,2.67192,8.51261,0.8,0,1
127193,player,1.68446,8.48892,-0.069898,-0.00123796,1
127193,bullet1,10.6719,9.04586,0.8,0,1
127193,bullet3,2.08446,8.48892,0.8,0,1
127194,flayer7,1.49999,2.9064,-0.3,0,2
127194,bullet5,10.6548,9.07649,0.8,0,1
127194,bullet6,6.67192,8.51261,0.8,0,1
127198,player,2.67542,8.48793,0.218929,-2.28438e-05,1
127198,bullet1,14.6719,9.04586,0.8,0,1
127198,bullet3,6.08446,8.48892,0.8,0,1
127199,flayer7,-6.4373e-06,2.9064,-0.3,0,2
127199,bullet5,14.6548,9.07649,0.8,0,1
127199,bullet6,10.6719,8.51261,0.8,0,1
127202,flayer8,16.5,2.9064,-0.3,0,2
127202,bullet4,3.83567,9.07638,0.8,0,1
127203,player,3.45355,9.09022,0.0178795,0.0138392,1
127203,bullet3,10.0845,8.48892,0.8,0,1
127204,bullet6,14.6719,8.51261,0.8,0,1
127207,flayer8,15,2.9064,-0.3,0,2
127207,flyer2,16.5,8.87187,-0.282753,-0.100255,2
127207,bullet4,7.83568,9.07638,0.8,0,1
127207,bullet2,3.27911,8.61171,0.8,0,1
127208,player,2.8656,8.54362,-0.0135097,-0.0680884,1
127208,bullet3,14.0845,8.48892,0.8,0,1
127209,bullet1,3.25952,8.51298,0.8,0,1
127212,flayer8,13.5,2.9064,-0.3,0,2
127212,flyer2,15.0862,8.3706,-0.282753,-0.100255,1
127212,bullet4,11.8357,9.07638,0.8,0,1
127212,bullet2,7.27911,8.61171,0.8,0,1
127212,bullet5,3.255,8.4902,0.8,0,1
127213,player,2.85475,8.48894,-0.000249292,-0.00125642,1
127214,bullet1,7.25952,8.51298,0.8,0,1
127217,flayer8,12,2.9064,-0.3,0,2
127217,flyer2,13.6725,7.86932,-0.282753,-0.100255,1
127217,bullet4,15.8357,9.07638,0.8,0,1
127217,bullet2,11.2791,8.61171,0.8,0,1
127217,bullet5,7.255,8.4902,0.8,0,1
127218,player,2.82379,8.51869,0.0375845,-0.0376122,1
127218,bullet6,3.22379,8.51869,0.8,0,1
127219,bullet1,11.2595,8.51298,0.8,0,1
127222,flayer8,10.5,2.9064,-0.3,0,2
127222,flyer2,12.2587,7.36805,-0.282753,-0.100255,1
127222,bullet2,15.2791,8.61171,0.8,0,1
127222,bullet5,11.255,8.4902,0.8,0,1
127223,player,2.85398,8.48849,0.000693539,-0.000694052,1
127223,bullet6,7.22379,8.51869,0.8,0,1
127224,bullet1,15.2595,8.51298,0.8,0,1
127226,bullet3,3.74387,8.97735,0.8,0,1
127227,flayer8,9,2.9064,-0.3,0,2
127227,flyer2,10.8449,6.86678,-0.282753,-0.100255,1
127227,bullet5,15.255,8.4902,0.8,0,1
127228,player,3.10551,8.7389,-0.306733,-0.306758,1
127228,bullet6,11.2238,8.51869,0.8,0,1
127229,bullet4,3.36748,8.60086,0.8,0,1
127231,bullet3,7.74387,8.97735,0.8,0,1
127232,flayer8,7.5,2.9064,-0.3,0,2
127232,flyer2,9.43118,6.36551,-0.282753,-0.100255,1
127233,player,2.79083,8.49255,0.0778712,-0.00566055,1
127233,bullet6,15.2238,8.51869,0.8,0,1
127234,bullet4,7.36748,8.60086,0.8,0,1
127234,bullet2,3.22587,8.49,0.8,0,1
127236,bullet3,11.7439,8.97735,0.8,0,1
127237,flayer8,5.99999,2.9064,-0.3,0,2
127237,flyer2,8.01741,5.86423,-0.282753,-0.100255,1
127237,bullet1,3.80965,8.4881,0.8,0,1
127238,player,3.10434,8.8255,-0.305308,0.337396,1
127239,bullet4,11.3675,8.60086,0.8,0,1
127239,bullet2,7.22587,8.49,0.8,0,1
127241,bullet3,15.7439,8.97735,0.8,0,1
127242,flayer8,4.49999,2.9064,-0.3,0,2
127242,flyer2,6.60365,5.36296,-0.282753,-0.100255,1
127242,bullet1,7.80965,8.4881,0.8,0,1
127242,bullet5,3.26479,9.09023,0.8,0,1
127243,player,2.85915,9.09646,-0.0056338,0.0062259,1
127244,bullet4,15.3675,8.60086,0.8,0,1
127244,bullet2,11.2259,8.49,0.8,0,1
127247,flayer8,2.99999,2.9064,-0.3,0,2
127247,flyer2,5.18989,4.86169,-0.282753,-0.100255,1
127247,bullet1,11.8097,8.4881,0.8,0,1
127247,bullet5,7.26479,9.09023,0.8,0,1
127248,player,2.37909,10.2922,-0.168894,0.0447092,1
127248,bullet6,2.77909,10.2922,0.8,0,1
127249,bullet2,15.2259,8.49,0.8,0,1
127252,flayer8,1.49999,2.9064,-0.3,0,2
127252,flyer2,3.77612,4.36042,-0.282753,-0.100255,1
127252,bullet1,15.8097,8.4881,0.8,0,1
127252,bullet5,11.2648,9.09023,0.8,0,1
127253,player,1.16561,11.406,-0.185746,0.183455,1
127253,bullet6,6.77909,10.2922,0.8,0,1
127255,bullet3,1.93378,11.0363,0.8,0,1
127257,flayer8,-6.4373e-06,2.9064,-0.3,0,2
127257,flyer2,2.36236,3.85914,-0.282753,-0.100255,1
127257,bullet5,15.2648,9.09023,0.8,0,1
127257,bullet4,2.00834,10.9615,0.8,0,1
127258,player,1.28125,10.6135,-0.327088,-0.347954,1
127258,bullet6,10.7791,10.2922,0.8,0,1
127260,bullet3,5.93379,11.0363,0.8,0,1
127262,flyer2,0.948597,3.35787,-0.282753,-0.100255,1
127262,bullet4,6.00834,10.9615,0.8,0,1
127263,player,1.01857,10.3341,-0.00603569,-0.00642074,1
127263,bullet6,14.7791,10.2922,0.8,0,1
127263,bullet2,1.41857,10.3341,0.8,0,1
127265,bullet3,9.93379,11.0363,0.8,0,1
127267,flyer2,-0.465165,2.8566,-0.282753,-0.100255,1
127267,bullet4,10.0083,10.9615,0.8,0,1
127268,player,0.524352,9.83955,-0.151986,-0.151993,1
127268,flyer3,16.5,2.9064,-0.3,0,2
127268,bullet2,5.41857,10.3341,0.8,0,1
127268,bullet1,0.924352,9.83955,0.8,0,1
127270,bullet3,13.9338,11.0363,0.8,0,1
127272,bullet4,14.0083,10.9615,0.8,0,1
127273,player,0.7375,9.96846,0.3375,-0.30955,1
127273,flyer3,15,2.9064,-0.3,0,2
127273,bullet2,9.41857,10.3341,0.8,0,1
127273,bullet1,4.92435,9.83955,0.8,0,1
127274,bullet5,1.28938,9.82916,0.8,0,1
127277,bullet6,1.89169,9.72557,0.8,0,1
127278,player,1.56626,9.71986,0.0745716,-0.00571207,1
127278,flyer3,13.5,2.9064,-0.3,0,2
127278,bullet2,13.4186,10.3341,0.8,0,1
127278,bullet1,8.92435,9.83955,0.8,0,1
127279,bullet5,5.28938,9.82916,0.8,0,1
127282,bullet6,5.89169,9.72557,0.8,0,1
127283,player,0.700174,10.6412,-0.366879,0.368149,1
127283,flyer3,12,2.9064,-0.3,0,2
127283,bullet1,12.9244,9.83955,0.8,0,1
127284,bullet5,9.28938,9.82916,0.8,0,1
127287,bullet6,9.89169,9.72557,0.8,0,1
127287,bullet3,0.8,12.008,0.8,0,1
127288,player,0.4,12.0969,0,0.0889767,1
127288,flyer3,10.5,2.9064,-0.3,0,2
127289,bullet5,13.2894,9.82916,0.8,0,1
127289,bullet4,0.8,12.137,0.8,0,1
127292,bullet6,13.8917,9.72557,0.8,0,1
127292,bullet3,4.8,12.008,0.8,0,1
127293,player,0.4,12.1684,0,0.00164187,1
127293,flyer3,9,2.9064,-0.3,0,2
127293,bullet2,0.8,12.1684,0.8,0,1
127294,bullet4,4.8,12.137,0.8,0,1
127296,bullet1,1.35772,11.6119,0.8,0,1
127297,bullet3,8.8,12.008,0.8,0,1
127298,player,1.00231,11.5674,0.0138396,-0.0138093,1
127298,flyer3,7.5,2.9064,-0.3,0,2
127298,bullet2,4.8,12.1684,0.8,0,1
127299,bullet4,8.8,12.137,0.8,0,1
127301,bullet1,5.35772,11.6119,0.8,0,1
127302,bullet3,12.8,12.008,0.8,0,1
127303,player,1.61574,10.4646,0.014095,-0.165969,1
127303,flyer3,5.99999,2.9064,-0.3,0,2
127303,bullet2,8.8,12.1684,0.8,0,1
127304,bullet4,12.8,12.137,0.8,0,1
127306,bullet1,9.35772,11.6119,0.8,0,1
127308,player,2.21553,10.9198,0.0310148,0.0276921,1
127308,flyer3,4.49999,2.9064,-0.3,0,2
127308,bullet2,12.8,12.1684,0.8,0,1
127308,bullet5,2.61553,10.9198,0.8,0,1
127311,bullet1,13.3577,11.6119,0.8,0,1
127312,bullet6,2.63987,10.9415,0.8,0,1
127313,player,2.24044,10.942,0.00057231,0.000510997,1
127313,flyer3,2.99999,2.9064,-0.3,0,2
127313,bullet5,6.61553,10.9198,0.8,0,1
127313,bullet3,2.64044,10.942,0.8,0,1
127315,bullet4,2.64082,10.9424,0.8,0,1
127317,bullet6,6.63987,10.9415,0.8,0,1
127318,player,1.34568,11.5002,-0.405833,0.0683532,1
127318,flyer3,1.49999,2.9064,-0.3,0,2
127318,bullet5,10.6155,10.9198,0.8,0,1
127318,bullet3,6.64044,10.942,0.8,0,1
127320,bullet4,6.64082,10.9424,0.8,0,1
127322,bullet6,10.6399,10.9415,0.8,0,1
127323,player,0.462046,11.5105,-0.0758325,0.0557655,1
127323,flyer3,-6.4373e-06,2.9064,-0.3,0,2
127323,bullet5,14.6155,10.9198,0.8,0,1
127323,bullet3,10.6404,10.942,0.8,0,1
127325,bullet4,10.6408,10.9424,0.8,0,1
127326,flyer4,16.5,8.87187,-0.3,0,2
127327,bullet6,14.6399,10.9415,0.8,0,1
127328,player,0.4,10.9975,0,-0.0673147,1
127328,bullet3,14.6404,10.942,0.8,0,1
127328,bullet2,0.8,10.9975,0.8,0,1
127330,bullet4,14.6408,10.9424,0.8,0,1
127331,flyer4,15,8.87187,-0.3,0,2
127331,flyer5,16.5,13.284,-0.3,0,2
127333,player,0.512938,10.2728,-0.138035,0.0684495,1
127333,flyer1,16.5,13.284,-0.3,0,2
127333,bullet2,4.8,10.9975,0.8,0,1
127336,flyer4,13.5,8.87187,-0.3,0,2
127336,flyer5,15,13.284,-0.3,0,2
127336,bullet1,0.810292,9.766,0.8,0,1
127338,player,0.4,9.38797,-0,-0.350077,1
127338,flyer1,15,13.284,-0.3,0,2
127338,bullet2,8.8,10.9975,0.8,0,1
127339,bullet5,0.8,9.23044,0.8,0,1
127341,flyer4,12,8.87187,-0.3,0,2
127341,flyer5,13.5,13.284,-0.3,0,2
127341,bullet1,4.81029,9.766,0.8,0,1
127342,bullet6,0.8,9.60266,0.8,0,1
127343,player,0.4,9.66455,0,0.0618839,1
127343,flyer1,13.5,13.284,-0.3,0,2
127343,bullet2,12.8,10.9975,0.8,0,1
127344,bullet5,4.8,9.23044,0.8,0,1
127346,flyer4,10.5,8.87187,-0.3,0,2
127346,flyer5,12,13.284,-0.3,0,2
127346,bullet1,8.81029,9.766,0.8,0,1
127347,bullet6,4.8,9.60266,0.8,0,1
127348,player,0.7375,9.12577,0.3375,-0.0296128,1
127348,flyer1,12,13.284,-0.3,0,2
127351,flyer5,10.5,13.284,-0.3,0,2
127351,bullet3,1.38847,9.10375,0.8,0,1
127352,bullet6,8.8,9.60266,0.8,0,1
127353,player,0.519166,9.10199,-0.145647,-0.000546439,1
127353,flyer1,10.5,13.284,-0.3,0,2
127354,bullet4,0.853625,9.10175,0.8,0,1
127356,flyer5,9,13.284,-0.3,0,2
127356,bullet3,5.38847,9.10375,0.8,0,1
127357,bullet6,12.8,9.60266,0.8,0,1
127357,bullet1,0.8,9.65928,0.8,0,1
127358,player,0.4,9.69003,0,0.0307446,1
127358,flyer1,9,13.284,-0.3,0,2
127359,bullet4,4.85362,9.10175,0.8,0,1
127361,flyer5,7.5,13.284,-0.3,0,2
127361,bullet3,9.38847,9.10375,0.8,0,1
127362,bullet1,4.8,9.65928,0.8,0,1
127363,player,0.4,9.81382,0,-0.120553,1
127363,flyer1,7.5,13.284,-0.3,0,2
127364,bullet4,8.85363,9.10175,0.8,0,1
127365,bullet2,0.8,10.2245,0.8,0,1
127366,flyer5,5.99999,13.284,-0.3,0,2
127366,bullet3,13.3885,9.10375,0.8,0,1
127367,bullet1,8.8,9.65928,0.8,0,1
127368,player,0.7375,9.98182,0.3375,-0.325885,1
127368,flyer1,5.99999,13.284,-0.3,0,2
127369,bullet4,12.8536,9.10175,0.8,0,1
127370,bullet2,4.8,10.2245,0.8,0,1
127370,bullet5,1.35772,9.76918,0.8,0,1
127371,flyer5,4.49999,13.284,-0.3,0,2
127372,bullet1,12.8,9.65928,0.8,0,1
127373,player,1.00854,9.72011,0.00622782,-0.00601349,1
127373,flyer1,4.49999,13.284,-0.3,0,2
127374,bullet6,1.41134,9.71741,0.8,0,1
127375,bullet2,8.8,10.2245,0.8,0,1
127375,bullet5,5.35772,9.76918,0.8,0,1
127376,flyer5,2.99999,13.284,-0.3,0,2
127378,player,1.01354,10.273,0.000114921,0.0682328,1
127378,flyer1,2.99999,13.284,-0.3,0,2
127378,bullet3,1.41354,10.273,0.8,0,1
127379,bullet6,5.41134,9.71741,0.8,0,1
127380,bullet2,12.8,10.2245,0.8,0,1
127380,bullet5,9.35772,9.76918,0.8,0,1
127381,flyer5,1.49999,13.284,-0.3,0,2
127383,player,2.15983,9.9903,0.0991006,-0.336241,1
127383,flyer1,1.49999,13.284,-0.3,0,2
127383,bullet3,5.41354,10.273,0.8,0,1
127384,bullet6,9.41134,9.71741,0.8,0,1
127385,bullet5,13.3577,9.76918,0.8,0,1
127386,flyer5,-6.4373e-06,13.284,-0.3,0,2
127388,player,2.84173,10.3226,0.0156683,0.00763502,1
127388,flyer1,-6.4373e-06,13.284,-0.3,0,2
127388,bullet3,9.41354,10.273,0.8,0,1
127388,bullet4,3.24173,10.3226,0.8,0,1
127389,bullet6,13.4113,9.71741,0.8,0,1
127390,flyer6,16.5,13.284,-0.3,0,2
127390,bullet1,3.25195,10.3276,0.8,0,1
127393,player,2.85431,10.3287,0.000289124,0.000140888,1
127393,bullet3,13.4135,10.273,0.8,0,1
127393,bullet4,7.24173,10.3226,0.8,0,1
127393,bullet2,3.25431,10.3287,0.8,0,1
127395,flyer6,15,13.284,-0.3,0,2
127395,bullet1,7.25195,10.3276,0.8,0,1
127398,player,3.94623,10.3734,0.16572,-0.0545015,1
127398,bullet4,11.2417,10.3226,0.8,0,1
127398,bullet2,7.25431,10.3287,0.8,0,1
127399,bullet5,4.4208,10.3489,0.8,0,1
127400,flyer6,13.5,13.284,-0.3,0,2
127400,bullet1,11.252,10.3276,0.8,0,1
127403,player,4.63703,10.8874,0.0714018,0.067338,1
127403,bullet4,15.2417,10.3226,0.8,0,1
127403,bullet2,11.2543,10.3287,0.8,0,1
127404,bullet5,8.4208,10.3489,0.8,0,1
127405,flyer6,12,13.284,-0.3,0,2
127405,bullet1,15.252,10.3276,0.8,0,1
127406,bullet6,5.09013,10.9375,0.8,0,1
127408,player,4.205,10.4521,-0.150557,-0.150632,1
127408,bullet2,15.2543,10.3287,0.8,0,1
127409,bullet5,12.4208,10.3489,0.8,0,1
127409,bullet3,4.53725,10.3843,0.8,0,1
127410,flyer6,10.5,13.284,-0.3,0,2
127411,bullet6,9.09013,10.9375,0.8,0,1
127412,bullet4,4.48687,10.3339,0.8,0,1
127413,player,4.08409,10.3311,-0.00277821,-0.00277959,1
127414,bullet3,8.53725,10.3843,0.8,0,1
127415,flyer6,9,13.284,-0.3,0,2
127415,bullet1,4.48228,10.3293,0.8,0,1
127416,bullet6,13.0901,10.9375,0.8,0,1
127417,bullet4,8.48687,10.3339,0.8,0,1
127418,player,4.08186,10.3289,-5.12658e-05,-5.12913e-05,1
127419,bullet3,12.5373,10.3843,0.8,0,1
127420,flyer6,7.5,13.284,-0.3,0,2
127420,bullet1,8.48228,10.3293,0.8,0,1
127422,bullet4,12.4869,10.3339,0.8,0,1
127422,bullet2,5.03954,9.74036,0.8,0,1
127423,player,4.67029,9.72652,0.0307537,-0.0138406,1
127425,flyer6,5.99999,13.284,-0.3,0,2
127425,bullet1,12.4823,10.3293,0.8,0,1
127425,bullet5,5.09036,9.71749,0.8,0,1
127427,bullet2,9.03954,9.74036,0.8,0,1
127428,player,4.35749,10.0529,-0.336933,0.337245,1
127429,bullet6,4.60587,10.2047,0.8,0,1
127430,flyer6,4.49999,13.284,-0.3,0,2
127430,bullet5,9.09036,9.71749,0.8,0,1
127432,bullet2,13.0395,9.74036,0.8,0,1
127433,player,3.59753,9.83437,-0.158092,-0.145652,1
127433,bullet3,3.99753,9.83437,0.8,0,1
127434,bullet6,8.60587,10.2047,0.8,0,1
127435,flyer6,2.99999,13.284,-0.3,0,2
127435,bullet5,13.0904,9.71749,0.8,0,1
127438,player,3.47057,9.71739,-0.00291725,-0.00268769,1
127438,bullet3,7.99753,9.83437,0.8,0,1
127438,bullet4,3.87057,9.71739,0.8,0,1
127439,bullet6,12.6059,10.2047,0.8,0,1
127440,flyer6,1.49999,13.284,-0.3,0,2
127441,bullet1,3.8684,9.71539,0.8,0,1
127443,player,3.13073,10.0527,-0.337554,0.33745,1
127443,bullet3,11.9975,9.83437,0.8,0,1
127443,bullet4,7.87057,9.71739,0.8,0,1
127445,flyer6,-6.4373e-06,13.284,-0.3,0,2
127446,bullet1,7.8684,9.71539,0.8,0,1
127447,flayer7,16.5,13.284,-0.277723,-0.113445,2
127448,player,1.91983,10.7058,-0.357568,0.289223,1
127448,bullet3,15.9975,9.83437,0.8,0,1
127448,bullet4,11.8706,9.71739,0.8,0,1
127449,flayer8,16.5,9.49754,-0.232469,0.189627,2
127451,bullet1,11.8684,9.71539,0.8,0,1
127452,flayer7,15.1114,12.7167,-0.277723,-0.113445,2
127453,player,0.585578,11.0064,-0.226817,-0.0781943,1
127454,flayer8,15.3377,10.4457,-0.232469,0.189627,1
127454,bullet2,0.883511,10.9713,0.8,0,1
127455,bullet5,0.83758,10.9554,0.8,0,1
127456,bullet1,15.8684,9.71539,0.8,0,1
127457,flayer7,13.7228,12.1495,-0.277723,-0.113445,2
127458,player,0.8928,10.4543,0.14769,-0.153318,1
127458,bullet6,1.2928,10.4543,0.8,0,1
127459,flayer8,14.1753,11.3938,-0.232469,0.189627,1
127459,bullet2,4.88351,10.9713,0.8,0,1
127460,bullet5,4.83758,10.9554,0.8,0,1
127462,flayer7,12.3342,11.5823,-0.277723,-0.113445,2
127462,bullet3,0.850963,10.334,0.8,0,1
127463,player,0.422934,10.3311,-0.0280294,-0.00282915,1
127463,bullet6,5.2928,10.4543,0.8,0,1
127464,flayer8,13.013,12.3419,-0.232469,0.189627,1
127464,bullet2,8.88351,10.9713,0.8,0,1
127465,bullet5,8.83758,10.9554,0.8,0,1
127467,flayer7,10.9455,11.0151,-0.277723,-0.113445,0
127467,bullet3,4.85096,10.334,0.8,0,1
127468,player,0.4,8.91352,-0,-0.520182,1
127468,bullet6,9.2928,10.4543,0.8,0,1
127469,flayer8,11.8506,13.2901,-0.232469,0.189627,1
127472,bullet3,8.85096,10.334,0.8,0,1
127473,player,1.54619,7.34958,0.0990984,-0.108697,1
127473,flyer2,16.5,13.284,-0.3,0,2
127473,bullet6,13.2928,10.4543,0.8,0,1
127473,bullet4,1.94619,7.34958,0.8,0,1
127474,flayer8,10.6883,14.2382,-0.232469,0.189627,1
127475,bullet1,2.01085,7.27865,0.8,0,1
127477,bullet3,12.851,10.334,0.8,0,1
127478,player,1.1364,7.26229,-0.150046,-0.00200577,1
127478,flyer2,15,13.284,-0.3,0,2
127478,bullet4,5.94619,7.34958,0.8,0,1
127478,bullet2,1.5364,7.26229,0.8,0,1
127479,flayer8,9.52594,15.1863,-0.232469,0.189627,1
127480,bullet1,6.01085,7.27865,0.8,0,1
127483,player,1.60437,7.26068,0.0279859,-3.70121e-05,1
127483,flyer2,13.5,13.284,-0.3,0,2
127483,bullet4,9.94619,7.34958,0.8,0,1
127483,bullet2,5.5364,7.26229,0.8,0,1
127483,bullet5,2.00437,7.26068,0.8,0,1
127484,flayer8,8.3636,16.1345,-0.232469,0.189627,1
127484,finish,20.0647,8,-0.2,0,1
127485,bullet1,10.0109,7.27865,0.8,0,1
127488,player,1.36204,8.20046,0.324177,0.351339,1
127488,flyer2,12,13.284,-0.3,0,2
127488,bullet4,13.9462,7.34958,0.8,0,1
127488,bullet2,9.5364,7.26229,0.8,0,1
127488,bullet5,6.00438,7.26068,0.8,0,1
127489,finish,19.0647,8,-0.2,0,1
127490,bullet1,14.0109,7.27865,0.8,0,1
127493,player,2.21085,8.23164,0.0367367,0.313228,1
127493,flyer2,10.5,13.284,-0.3,0,2
127493,bullet2,13.5364,7.26229,0.8,0,1
127493,bullet5,10.0044,7.26068,0.8,0,1
127494,finish,18.0647,8,-0.2,0,1
127496,bullet6,2.08045,8.46456,0.8,0,1
127498,player,2.12742,8.97256,0.138713,0.157655,1
127498,flyer2,9,13.284,-0.3,0,2
127498,bullet5,14.0044,7.26068,0.8,0,1
127499,finish,17.0647,8,-0.2,0,1
127501,flyer3,16.5,9.49754,-0.287434,0.0859177,2
127501,bullet6,6.08045,8.46456,0.8,0,1
127503,player,1.6365,7.93914,-0.01128,-0.0792742,1
127503,flyer2,7.5,13.284,-0.3,0,2
127503,bullet3,2.0365,7.93914,0.8,0,1
127504,finish,16.0647,8,-0.2,0,1
127504,bullet4,2.03143,7.90347,0.8,0,1
127506,flyer3,15.0628,9.92712,-0.287434,0.0859177,2
127506,bullet6,10.0805,8.46456,0.8,0,1
127507,bullet1,2.02765,7.38756,0.8,0,1
127508,player,1.62744,7.31776,-0.000208147,-0.0698066,1
127508,flyer2,5.99999,13.284,-0.3,0,2
127508,bullet3,6.0365,7.93914,0.8,0,1
127509,finish,15.0647,8,-0.2,0,1
127509,bullet4,6.03143,7.90347,0.8,0,1
127511,flyer3,13.6257,10.3567,-0.287434,0.0859177,2
127511,bullet6,14.0805,8.46456,0.8,0,1
127512,bullet1,6.02765,7.38756,0.8,0,1
127513,player,1.62728,7.2617,-3.8409e-06,-0.00128813,1
127513,flyer2,4.49999,13.284,-0.3,0,2
127513,bullet3,10.0365,7.93914,0.8,0,1
127514,finish,14.0647,8,-0.2,0,1
127514,bullet4,10.0314,7.90347,0.8,0,1
127516,flyer3,12.1885,10.7863,-0.287434,0.0859177,2
127517,bullet1,10.0277,7.38756,0.8,0,1
127518,player,0.48108,7.84914,-0.0990985,0.0307309,1
127518,flyer2,2.99999,13.284,-0.3,0,2
127518,bullet3,14.0365,7.93914,0.8,0,1
127519,finish,13.0647,8,-0.2,0,1
127519,bullet4,14.0314,7.90347,0.8,0,1
127520,bullet2,0.0164186,7.86919,-0.8,-6.99382e-08,1
127521,flyer3,10.7513,11.2159,-0.287434,0.0859177,2
127522,bullet1,14.0277,7.38756,0.8,0,1
127522,bullet5,0.803325,7.87325,0.8,0,1
127523,player,0.4,8.21132,-0,0.338067,1
127523,flyer2,1.49999,13.284,-0.3,0,2
127524,finish,12.0647,8,-0.2,0,1
127525,bullet6,0.8,8.4319,0.8,0,1
127526,flyer3,9.31416,11.6455,-0.287434,0.0859177,2
127527,bullet5,4.80332,7.87325,0.8,0,1
127528,player,0.4,7.92509,0,-0.0621055,1
127528,flyer2,-6.4373e-06,13.284,-0.3,0,2
127528,bullet3,0.8,7.92509,0.8,0,1
127529,finish,11.0647,8,-0.2,0,1
127530,bullet6,4.8,8.4319,0.8,0,1
127531,flyer3,7.87699,12.0751,-0.287434,0.0859177,2
127532,bullet5,8.80333,7.87325,0.8,0,1
127532,bullet2,0.8,7.87636,0.8,0,1
127533,player,0.7375,8.21272,0.3375,0.336354,1
127533,bullet3,4.8,7.92509,0.8,0,1
127534,finish,10.0647,8,-0.2,0,1
127535,bullet6,8.8,8.4319,0.8,0,1
127536,flyer3,6.43982,12.5046,-0.287434,0.0859177,2
127537,bullet5,12.8033,7.87325,0.8,0,1
127537,bullet2,4.8,7.87636,0.8,0,1
127538,player,1.00854,8.48284,0.00622782,0.00620668,1
127538,bullet3,8.8,7.92509,0.8,0,1
127539,finish,9.06472,8,-0.2,0,1
127540,bullet6,12.8,8.4319,0.8,0,1
127541,flyer3,5.00266,12.9342,-0.287434,0.0859177,2
127542,bullet2,8.8,7.87636,0.8,0,1
127543,player,1.01354,8.15032,0.000114921,-0.337385,1
127543,bullet3,12.8,7.92509,0.8,0,1
127544,finish,8.06472,8,-0.2,0,1
127545,bullet4,1.41362,7.93017,0.8,0,1
127546,flyer3,3.56549,13.3638,-0.287434,0.0859177,2
127547,bullet2,12.8,7.87636,0.8,0,1
127548,player,1.23385,7.54187,-0.269154,-0.343726,1
127549,finish,7.06472,8,-0.2,0,1
127550,bullet4,5.41362,7.93017,0.8,0,1
127551,flyer3,2.12832,13.7934,-0.287434,0.0859177,2
127552,flyer4,16.5,9.49754,-0.287501,-0.0856933,2
127553,player,1.3552,7.60333,0.332533,0.331157,1
127554,finish,6.06472,8,-0.2,0,1
127555,bullet4,9.41362,7.93017,0.8,0,1
