26213,player,12.6688,13.4447,0,0,1
26213,bullet1,13.0688,13.4447,0.8,0,1
26214,bullet2,13.0688,13.4447,0.8,0,1
26215,bullet3,13.0688,13.4447,0.8,0,1
26216,bullet4,13.0688,13.4447,0.8,0,1
26218,player,13.1582,12.6178,0.151875,-0.489375,1
26219,bullet5,13.6265,12.3976,0.8,0,1
26221,bullet6,13.1817,11.7646,0.8,0,1
26222,bullet1,13.1196,11.6761,0.8,0,1
26223,player,12.3541,11.6364,-0.365452,-0.039785,1
26227,bullet2,10.8318,13.2407,0.8,0,1
26228,player,10.3122,13.3529,-0.119682,0.112204,1
26228,bullet3,10.7122,13.3529,0.8,0,1
26229,bullet4,10.6583,13.4034,0.8,0,1
26230,bullet5,10.6341,13.4261,0.8,0,1
26232,bullet2,14.8318,13.2407,0.8,0,1
26233,player,10.7054,12.9537,0.149667,-0.149805,1
26233,bullet3,14.7122,13.3529,0.8,0,1
26234,flyer1,16.5,5.45435,-0.3,0,2
26234,bullet4,14.6583,13.4034,0.8,0,1
26234,bullet6,10.3728,12.8862,-0.8,-6.99382e-08,1
26235,bullet5,14.6341,13.4261,0.8,0,1
26238,player,10.2679,12.9017,-0.065582,-0.0862956,1
26238,bullet1,10.6679,12.9017,0.8,0,1
26239,flyer1,15,5.45435,-0.3,0,2
26239,flyer2,16.5,5.45435,-0.263783,0.142894,2
26239,bullet6,6.37277,12.8862,-0.8,-6.99382e-08,1
26239,bullet2,10.6384,12.8629,0.8,0,1
26240,bullet3,10.6251,12.8454,0.8,0,1
26243,player,10.7046,12.9843,0.150665,-0.187217,1
26243,bullet1,14.6679,12.9017,0.8,0,1
26244,flyer1,13.5,5.45435,-0.3,0,2
26244,flyer2,15.1811,6.16882,-0.263783,0.142894,2
26244,bullet6,2.37277,12.8862,-0.8,-6.99382e-08,1
26244,bullet2,14.6384,12.8629,0.8,0,1
26245,bullet3,14.6251,12.8454,0.8,0,1
26248,player,12.2102,13.9939,0.560499,0.0787287,1
26248,flyer3,16.5,5.45435,-0.270854,0.12899,2
26249,flyer1,12,5.45435,-0.3,0,2
26249,flyer2,13.8622,6.88328,-0.263783,0.142894,2
26249,flyer4,16.5,5.45435,-0.3,0,2
26253,player,11.6271,15.2172,-0.226791,0.0836361,1
26253,flyer3,15.1457,6.0993,-0.270854,0.12899,2
26253,bullet4,12.0271,15.2172,0.8,0,1
26254,flyer1,10.5,5.45435,-0.3,0,2
26254,flyer2,12.5433,7.59775,-0.263783,0.142894,2
26254,flyer4,15,5.45435,-0.3,0,2
26254,bullet5,11.925,15.2548,0.8,0,1
26255,bullet1,11.8791,15.2718,0.8,0,1
26258,player,11.7141,15.2625,0.416846,-0.3375,1
26258,flyer3,13.7915,6.74424,-0.270854,0.12899,2
26258,bullet4,16.0271,15.2172,0.8,0,1
26259,flyer1,9,5.45435,-0.3,0,2
26259,flyer2,11.2243,8.31222,-0.263783,0.142894,2
26259,flyer4,13.5,5.45435,-0.3,0,2
26259,bullet5,15.925,15.2548,0.8,0,1
26260,bullet1,15.8791,15.2718,0.8,0,1
26261,bullet2,12.4924,15.0115,0.8,0,1
26263,player,12.0627,14.5021,-0.00922309,-0.158103,1
26263,flyer3,12.4372,7.38919,-0.270854,0.12899,2
26263,bullet6,12.4627,14.5021,0.8,0,1
26264,flyer1,7.5,5.45435,-0.3,0,2
26264,flyer2,9.90544,9.02669,-0.263783,0.142894,2
26264,flyer4,12,5.45435,-0.3,0,2
26268,player,12.8402,15.3833,-0.209545,0.264891,1
26268,flyer3,11.0829,8.03414,-0.270854,0.12899,2
26269,flyer1,5.99999,5.45435,-0.3,0,2
26269,flyer2,8.58652,9.74116,-0.263783,0.142894,2
26269,flyer4,10.5,5.45435,-0.3,0,2
26269,bullet3,13.1459,15.5025,0.8,0,1
26272,bullet4,13.1442,15.6,0.8,0,1
26273,player,12.7027,15.6,-0.0414557,0,1
26273,flyer3,9.72865,8.67909,-0.270854,0.12899,2
26274,flyer1,4.49999,5.45435,-0.3,0,2
26274,flyer2,7.26761,10.4556,-0.263783,0.142894,2
26274,flyer4,9,5.45435,-0.3,0,2
26274,bullet5,13.084,15.6,0.8,0,1
26275,bullet1,12.2757,15.6,-0.8,-6.99382e-08,1
26276,bullet2,13.0719,15.6,0.8,0,1
26277,bullet6,13.0702,15.6,0.8,0,1
26278,player,12.3319,15.6,-0.338265,0,1
26278,flyer3,8.37438,9.32403,-0.270854,0.12899,2
26279,flyer1,2.99999,5.45435,-0.3,0,2
26279,flyer2,5.9487,11.1701,-0.263783,0.142894,2
26279,flyer4,7.5,5.45435,-0.3,0,2
26279,bullet3,12.5797,15.6,0.8,0,1
26280,bullet1,8.27565,15.6,-0.8,-6.99382e-08,1
26281,bullet4,11.991,15.1106,0.8,0,1
26282,bullet5,11.9088,15.0423,0.8,0,1
26283,player,11.1343,15.0115,-0.374497,-0.0307547,1
26283,flyer3,7.02011,9.96898,-0.270854,0.12899,2
26284,flyer1,1.49999,5.45435,-0.3,0,2
26284,flyer2,4.62979,11.8846,-0.263783,0.142894,2
26284,flyer4,5.99999,5.45435,-0.3,0,2
26284,bullet2,11.3658,14.9977,0.8,0,1
26285,bullet1,4.27565,15.6,-0.8,-6.99382e-08,1
26286,bullet4,15.991,15.1106,0.8,0,1
26287,bullet5,15.9088,15.0423,0.8,0,1
26288,player,9.68734,14.4667,-0.106009,-0.114853,1
26288,flyer3,5.66585,10.6139,-0.270854,0.12899,2
26288,bullet6,10.0873,14.4667,0.8,0,1
26289,flyer1,-6.4373e-06,5.45435,-0.3,0,2
26289,flyer2,3.31087,12.599,-0.263783,0.142894,2
26289,flyer4,4.49999,5.45435,-0.3,0,2
26289,bullet2,15.3658,14.9977,0.8,0,1
26289,bullet3,10.0396,14.415,0.8,0,1
26290,bullet1,0.27565,15.6,-0.8,-6.99382e-08,1
26293,player,9.6022,13.8851,-0.00195616,-0.153994,1
26293,flyer3,4.31158,11.2589,-0.270854,0.12899,2
26293,bullet6,14.0873,14.4667,0.8,0,1
26294,flyer2,1.99196,13.3135,-0.263783,0.142894,2
26294,flyer4,2.99999,5.45435,-0.3,0,2
26294,bullet3,14.0396,14.415,0.8,0,1
26294,bullet4,9.20132,13.8158,-0.8,-6.99382e-08,1
26296,bullet5,10.0007,13.7706,0.8,0,1
26297,bullet1,10.0007,13.7643,0.8,0,1
26298,player,9.60063,13.7614,-3.60967e-05,-0.00284163,1
26298,flyer3,2.95731,11.9038,-0.270854,0.12899,2
26299,flyer2,0.673047,14.028,-0.263783,0.142894,2
26299,flyer4,1.49999,5.45435,-0.3,0,2
26299,bullet4,5.20132,13.8158,-0.8,-6.99382e-08,1
26299,bullet2,10.0006,13.7601,0.8,0,1
26301,bullet5,14.0007,13.7706,0.8,0,1
26302,bullet1,14.0007,13.7643,0.8,0,1
26303,player,9.60061,13.7591,-6.66086e-07,-5.24361e-05,1
26303,flyer3,1.60304,12.5488,-0.270854,0.12899,2
26304,flyer4,-6.4373e-06,5.45435,-0.3,0,2
26304,bullet4,1.20132,13.8158,-0.8,-6.99382e-08,1
26304,bullet2,14.0006,13.7601,0.8,0,1
26306,flyer5,16.5,6.49464,-0.21861,0.20545,2
26307,flyer6,16.5,6.49464,-0.299911,-0.0073021,2
26308,player,8.52275,13.8582,-0.18263,-0.121121,1
26308,flyer3,0.248774,13.1937,-0.270854,0.12899,2
26308,flayer7,16.5,6.49464,-0.3,0,2
26311,flyer5,15.407,7.52189,-0.21861,0.20545,2
26311,flayer8,16.5,6.49464,-0.290137,0.0762931,2
26312,flyer6,15.0004,6.45813,-0.299911,-0.0073021,2
26313,player,8.9784,12.6831,0.0104696,-0.184865,1
26313,flayer7,15,6.49464,-0.3,0,2
26313,bullet6,9.3784,12.6831,0.8,0,1
26316,flyer5,14.3139,8.54914,-0.21861,0.20545,2
26316,flayer8,15.0493,6.87611,-0.290137,0.0762931,2
26317,flyer6,13.5009,6.42162,-0.299911,-0.0073021,2
26317,bullet3,9.94433,11.9803,0.8,0,1
26318,player,9.57528,11.9461,0.0309479,-0.034166,1
26318,flayer7,13.5,6.49464,-0.3,0,2
26318,bullet6,13.3784,12.6831,0.8,0,1
26320,bullet5,8.7061,12.4132,-0.8,-6.99382e-08,1
26321,flyer5,13.2209,9.57639,-0.21861,0.20545,2
26321,flayer8,13.5986,7.25757,-0.290137,0.0762931,2
26322,flyer6,12.0013,6.38511,-0.299911,-0.0073021,2
26322,bullet3,13.9443,11.9803,0.8,0,1
26322,bullet1,9.41109,12.5078,0.8,0,1
26323,player,8.99782,12.8585,-0.0132685,0.350709,1
26323,flayer7,12,6.49464,-0.3,0,2
26325,bullet5,4.7061,12.4132,-0.8,-6.99382e-08,1
26325,bullet4,9.38917,13.0873,0.8,0,1
26326,flyer5,12.1278,10.6036,-0.21861,0.20545,2
26326,flayer8,12.148,7.63904,-0.290137,0.0762931,2
26326,bullet2,9.38796,13.1193,0.8,0,1
26327,flyer6,10.5018,6.3486,-0.299911,-0.0073021,2
26327,bullet1,13.4111,12.5078,0.8,0,1
26328,player,8.98717,13.1402,-0.000244842,0.00647157,1
26328,flayer7,10.5,6.49464,-0.3,0,2
26330,bullet5,0.706098,12.4132,-0.8,-6.99382e-08,1
26330,bullet4,13.3892,13.0873,0.8,0,1
26331,flyer5,11.0348,11.6309,-0.21861,0.20545,2
26331,flayer8,10.6973,8.0205,-0.290137,0.0762931,2
26331,bullet2,13.388,13.1193,0.8,0,1
26332,flyer6,9.00221,6.31209,-0.299911,-0.0073021,2
26332,bullet6,9.38697,12.5568,0.8,0,1
26333,player,8.64947,12.543,-0.337505,-0.0137202,1
26333,flayer7,9,6.49464,-0.3,0,2
26335,bullet3,8.82924,12.5341,0.8,0,1
26336,flyer5,9.94171,12.6581,-0.21861,0.20545,0
26336,flayer8,9.24659,8.40197,-0.290137,0.0762931,2
26337,flyer6,7.50266,6.27557,-0.299911,-0.0073021,2
26338,player,7.4832,12.7522,-0.412072,-0.269409,1
26338,flayer7,7.5,6.49464,-0.3,0,2
26339,bullet1,7.69777,12.631,0.8,0,1
26341,flayer8,7.79591,8.78343,-0.290137,0.0762931,2
26341,bullet5,7.57678,12.5519,0.8,0,1
26342,flyer6,6.0031,6.23906,-0.299911,-0.0073021,2
26343,player,7.64165,12.5359,0.144271,-0.00497136,1
26343,flayer7,5.99999,6.49464,-0.3,0,2
26344,bullet1,11.6978,12.631,0.8,0,1
26346,flayer8,6.34523,9.1649,-0.290137,0.0762931,2
26346,bullet5,11.5768,12.5519,0.8,0,1
26347,flyer6,4.50355,6.20255,-0.299911,-0.0073021,2
26348,player,7.4927,13.4271,0.326323,0.405752,1
26348,flayer7,4.49999,6.49464,-0.3,0,2
26349,bullet1,15.6978,12.631,0.8,0,1
26349,bullet6,8.03955,13.6097,0.8,0,1
26351,flayer8,4.89454,9.54636,-0.290137,0.0762931,2
26351,bullet5,15.5768,12.5519,0.8,0,1
26352,flyer6,3.00399,6.16604,-0.299911,-0.0073021,2
26353,player,7.26539,12.7059,-0.145853,-0.212731,1
26353,flayer7,2.99999,6.49464,-0.3,0,2
26354,bullet6,12.0395,13.6097,0.8,0,1
26356,flayer8,3.44386,9.92783,-0.290137,0.0762931,2
26357,flyer6,1.50444,6.12953,-0.299911,-0.0073021,2
26357,bullet4,6.96248,12.5697,0.8,0,1
26358,player,6.54594,12.5489,-0.016531,-0.0208406,1
26358,flayer7,1.49999,6.49464,-0.3,0,2
26358,bullet2,6.94594,12.5489,0.8,0,1
26359,bullet6,16.0395,13.6097,0.8,0,1
26361,flayer8,1.99317,10.3093,-0.290137,0.0762931,2
26362,flyer6,0.00487965,6.09302,-0.299911,-0.0073021,2
26362,bullet4,10.9625,12.5697,0.8,0,1
26362,bullet3,6.93297,12.0431,0.8,0,1
26363,player,6.53267,11.9744,-0.000305044,-0.0687283,1
26363,flayer7,-6.4373e-06,6.49464,-0.3,0,2
26363,bullet2,10.9459,12.5489,0.8,0,1
26365,bullet1,6.44309,11.9296,0.8,0,1
26366,flayer8,0.542489,10.6908,-0.290137,0.0762931,2
26367,bullet4,14.9625,12.5697,0.8,0,1
26367,bullet3,10.933,12.0431,0.8,0,1
26368,player,5.93011,11.9192,-0.0138452,-0.00126823,1
26368,bullet2,14.9459,12.5489,0.8,0,1
26370,flyer1,16.5,6.49464,-0.3,0,2
26370,bullet1,10.4431,11.9296,0.8,0,1
26371,flyer2,16.5,5.13496,-0.3,0,2
26372,bullet3,14.933,12.0431,0.8,0,1
26373,player,5.36127,11.9182,-0.0685992,-2.34024e-05,1
26374,flyer4,16.5,5.13496,-0.28126,-0.104368,2
26374,bullet5,5.7304,11.9182,0.8,0,1
26375,flyer1,15,6.49464,-0.3,0,2
26375,bullet1,14.4431,11.9296,0.8,0,1
26375,bullet6,5.71651,11.9182,0.8,0,1
26376,flyer2,15,5.13496,-0.3,0,2
26378,player,6.13305,11.9182,0.488109,-4.3184e-07,1
26379,flyer4,15.0937,4.61312,-0.28126,-0.104368,2
26379,bullet5,9.7304,11.9182,0.8,0,1
26380,flyer1,13.5,6.49464,-0.3,0,2
26380,bullet6,9.71651,11.9182,0.8,0,1
26381,flyer2,13.5,5.13496,-0.3,0,2
26383,player,5.96733,10.772,-0.0593368,-0.0990985,1
26383,bullet4,6.36733,10.772,0.8,0,1
26384,flyer4,13.6874,4.09127,-0.28126,-0.104368,2
26384,bullet5,13.7304,11.9182,0.8,0,1
26385,flyer1,12,6.49464,-0.3,0,2
26385,bullet6,13.7165,11.9182,0.8,0,1
26385,bullet2,6.32861,10.7073,0.8,0,1
26386,flyer2,12,5.13496,-0.3,0,2
26388,player,6.40905,11.0299,0.15078,0.335671,1
26388,bullet4,10.3673,10.772,0.8,0,1
26389,flyer4,12.2811,3.56943,-0.28126,-0.104368,2
26390,flyer1,10.5,6.49464,-0.3,0,2
26390,bullet2,10.3286,10.7073,0.8,0,1
26391,flyer2,10.5,5.13496,-0.3,0,2
26391,bullet3,6.4318,10.7901,0.8,0,1
26393,player,5.94167,10.711,-0.0279724,-0.0245606,1
26393,bullet4,14.3673,10.772,0.8,0,1
26393,bullet1,6.34167,10.711,0.8,0,1
26394,flyer4,10.8748,3.04759,-0.28126,-0.104368,2
26395,flyer1,9,6.49464,-0.3,0,2
26395,bullet2,14.3286,10.7073,0.8,0,1
26396,flyer2,9,5.13496,-0.3,0,2
26396,bullet3,10.4318,10.7901,0.8,0,1
26396,bullet5,5.76315,10.135,0.8,0,1
26398,player,5.31689,10.5783,-0.0143558,0.137582,1
26398,bullet1,10.3417,10.711,0.8,0,1
26399,flyer4,9.46849,2.52575,-0.28126,-0.104368,2
26399,bullet6,5.71043,10.6402,0.8,0,1
26400,flyer1,7.5,6.49464,-0.3,0,2
26401,flyer2,7.5,5.13496,-0.3,0,2
26401,bullet3,14.4318,10.7901,0.8,0,1
26401,bullet5,9.76315,10.135,0.8,0,1
26403,player,5.64286,10.6888,0.337235,0.00253878,1
26403,bullet1,14.3417,10.711,0.8,0,1
26404,flyer4,8.06219,2.00391,-0.28126,-0.104368,2
26404,bullet6,9.71043,10.6402,0.8,0,1
26405,flyer1,5.99999,6.49464,-0.3,0,2
26406,flyer2,5.99999,5.13496,-0.3,0,2
26406,bullet5,13.7631,10.135,0.8,0,1
26407,bullet4,5.71899,10.6908,0.8,0,1
26408,player,5.31137,10.6909,-0.00761667,4.68476e-05,1
26409,flyer4,6.65589,1.48206,-0.28126,-0.104368,2
26409,bullet6,13.7104,10.6402,0.8,0,1
26410,flyer1,4.49999,6.49464,-0.3,0,2
26410,bullet2,4.41703,11.1803,-0.8,-6.99382e-08,1
26411,flyer2,4.49999,5.13496,-0.3,0,2
26412,bullet4,9.71899,10.6908,0.8,0,1
26413,player,4.70294,11.2932,-0.0139802,0.0138405,1
26413,bullet3,5.10294,11.2932,0.8,0,1
26414,flyer4,5.24959,0.960222,-0.28126,-0.104368,2
26414,bullet1,5.09665,11.2994,0.8,0,1
26415,flyer1,2.99999,6.49464,-0.3,0,2
26415,bullet2,0.417028,11.1803,-0.8,-6.99382e-08,1
26416,flyer2,2.99999,5.13496,-0.3,0,2
26417,bullet4,13.719,10.6908,0.8,0,1
26417,bullet5,4.6026,11.7935,0.8,0,1
26418,player,4.134,11.8621,-0.0686017,0.0685991,1
26418,bullet3,9.10294,11.2932,0.8,0,1
26419,flyer4,3.84329,0.438381,-0.28126,-0.104368,2
26419,bullet1,9.09665,11.2994,0.8,0,1
26420,flyer1,1.49999,6.49464,-0.3,0,2
26421,flyer2,1.49999,5.13496,-0.3,0,2
26422,bullet5,8.6026,11.7935,0.8,0,1
26422,bullet6,5.06864,11.9159,0.8,0,1
26423,player,4.68122,11.9171,0.0125737,0.00126585,1
26423,bullet3,13.1029,11.2932,0.8,0,1
26424,flyer4,2.43699,-0.0834609,-0.28126,-0.104368,2
26424,bullet1,13.0967,11.2994,0.8,0,1
26425,flyer1,-6.4373e-06,6.49464,-0.3,0,2
26426,flyer2,-6.4373e-06,5.13496,-0.3,0,2
26427,bullet5,12.6026,11.7935,0.8,0,1
26427,bullet6,9.06864,11.9159,0.8,0,1
26428,player,4.089,12.5205,-0.0136076,0.013863,1
26428,bullet3,17.1029,11.2932,0.8,0,1
26429,bullet1,17.0967,11.2994,0.8,0,1
26430,flyer3,16.5,5.13496,-0.3,0,2
26431,flyer5,16.5,5.13496,-0.288002,-0.0839917,2
26432,flyer6,16.5,13.8157,-0.263285,0.143809,2
26432,bullet6,13.0686,11.9159,0.8,0,1
26432,bullet2,4.47832,11.3852,0.8,0,1
26433,player,4.41557,11.0033,0.337249,-0.381839,1
26435,flyer3,15,5.13496,-0.3,0,2
26435,bullet4,5.03563,10.7542,0.8,0,1
26436,flyer5,15.06,4.715,-0.288002,-0.0839917,2
26437,flyer6,15.1836,14.5347,-0.263285,0.143809,2
26437,bullet2,8.47832,11.3852,0.8,0,1
26437,bullet3,5.08019,10.7037,0.8,0,1
26438,player,4.34891,11.0342,-0.331277,0.330454,1
26440,flyer3,13.5,5.13496,-0.3,0,2
26440,bullet4,9.03563,10.7542,0.8,0,1
26441,flyer5,13.62,4.29504,-0.288002,-0.0839917,2
26442,flyer6,13.8672,15.2538,-0.263285,0.143809,2
26442,bullet2,12.4783,11.3852,0.8,0,1
26442,bullet3,9.08019,10.7037,0.8,0,1
26443,player,4.18197,12.3774,-0.127233,0.188727,1
26443,bullet1,4.58197,12.3774,0.8,0,1
26445,flyer3,12,5.13496,-0.3,0,2
26445,bullet4,13.0356,10.7542,0.8,0,1
26446,flyer5,12.18,3.87508,-0.288002,-0.0839917,2
26447,flyer6,12.5507,15.9728,-0.263285,0.143809,2
26447,bullet3,13.0802,10.7037,0.8,0,1
26448,player,4.33076,12.2222,-0.309093,-0.371607,1
26448,bullet1,8.58197,12.3774,0.8,0,1
26450,flyer3,10.5,5.13496,-0.3,0,2
26451,flyer5,10.74,3.45512,-0.288002,-0.0839917,2
26451,bullet5,5.05863,11.9459,0.8,0,1
26453,player,4.68485,11.9238,0.00813597,-0.00685719,1
26453,bullet1,12.582,12.3774,0.8,0,1
26453,bullet6,5.08485,11.9238,0.8,0,1
26455,flyer3,9,5.13496,-0.3,0,2
26456,flyer5,9.29995,3.03517,-0.288002,-0.0839917,2
26456,bullet5,9.05863,11.9459,0.8,0,1
26456,bullet2,4.60152,11.4293,0.8,0,1
26458,player,4.10291,11.3298,-0.0306046,-0.0308812,1
26458,bullet6,9.08485,11.9238,0.8,0,1
26460,flyer3,7.5,5.13496,-0.3,0,2
26461,flyer5,7.85994,2.61521,-0.288002,-0.0839917,2
26461,bullet5,13.0586,11.9459,0.8,0,1
26461,bullet2,8.60152,11.4293,0.8,0,1
26461,bullet4,3.92243,11.8646,0.8,0,1
26463,player,3.96539,12.3967,0.137471,0.165145,1
26463,bullet6,13.0848,11.9238,0.8,0,1
26465,flyer3,5.99999,5.13496,-0.3,0,2
26466,flyer5,6.41993,2.19525,-0.288002,-0.0839917,2
26466,bullet2,12.6015,11.4293,0.8,0,1
26466,bullet4,7.92243,11.8646,0.8,0,1
26468,player,4.4397,13.6072,-0.442244,0.185677,1
26470,flyer3,4.49999,5.13496,-0.3,0,2
26470,bullet3,4.55114,13.7283,0.8,0,1
26471,flyer5,4.97991,1.77529,-0.288002,-0.0839917,2
26471,bullet4,11.9224,11.8646,0.8,0,1
26472,bullet1,4.4927,13.7529,0.8,0,1
26473,player,4.08454,13.7563,-0.00816065,0.00342626,1
26474,bullet5,4.48087,13.7578,0.8,0,1
26475,flyer3,2.99999,5.13496,-0.3,0,2
26475,bullet3,8.55114,13.7283,0.8,0,1
26476,flyer5,3.5399,1.35533,-0.288002,-0.0839917,2
26476,bullet4,15.9224,11.8646,0.8,0,1
26477,bullet1,8.49271,13.7529,0.8,0,1
26477,bullet6,4.47814,13.759,0.8,0,1
26478,player,4.07799,13.759,-0.000150587,6.32242e-05,1
26479,bullet5,8.48087,13.7578,0.8,0,1
26480,flyer3,1.49999,5.13496,-0.3,0,2
26480,bullet3,12.5511,13.7283,0.8,0,1
26481,flyer5,2.09989,0.935372,-0.288002,-0.0839917,2
26482,bullet1,12.4927,13.7529,0.8,0,1
26482,bullet6,8.47814,13.759,0.8,0,1
26483,player,3.52015,14.0966,-0.0683465,0.337501,1
26484,bullet5,12.4809,13.7578,0.8,0,1
26485,flyer3,-6.4373e-06,5.13496,-0.3,0,2
26486,flyer5,0.659877,0.515413,-0.288002,-0.0839917,2
26486,bullet2,3.86933,14.3476,0.8,0,1
26487,bullet1,16.4927,13.7529,0.8,0,1
26487,bullet6,12.4781,13.759,0.8,0,1
26488,player,3.46526,14.3676,-0.00126119,0.00622785,1
26489,flayer7,16.5,5.13496,-0.3,0,2
26489,bullet4,3.86469,14.3704,0.8,0,1
26491,bullet2,7.86933,14.3476,0.8,0,1
26492,flayer8,16.5,13.8157,-0.297885,-0.0355617,2
26493,player,3.12675,13.8149,-0.337523,-0.0682288,1
26494,flayer7,15,5.13496,-0.3,0,2
26494,bullet4,7.8647,14.3704,0.8,0,1
26494,bullet3,3.37486,13.7842,0.8,0,1
26496,bullet2,11.8693,14.3476,0.8,0,1
26496,bullet1,3.27576,13.7642,0.8,0,1
26497,flayer8,15.0106,13.6379,-0.297885,-0.0355617,2
26498,player,2.85569,13.2707,-0.00622825,-0.153134,1
26499,flayer7,13.5,5.13496,-0.3,0,2
26499,bullet4,11.8647,14.3704,0.8,0,1
26499,bullet3,7.37486,13.7842,0.8,0,1
26500,bullet5,3.741,12.6814,0.8,0,1
26501,bullet1,7.27576,13.7642,0.8,0,1
26502,bullet6,3.83928,12.5621,0.8,0,1
26503,player,3.453,12.5455,0.0137247,-0.0166654,1
26504,flayer7,12,5.13496,-0.3,0,2
26504,bullet3,11.3749,13.7842,0.8,0,1
26505,bullet5,7.741,12.6814,0.8,0,1
26506,bullet1,11.2758,13.7642,0.8,0,1
26507,bullet6,7.83928,12.5621,0.8,0,1
26508,player,2.63715,13.3589,-0.489122,0.489067,1
26509,flayer7,10.5,5.13496,-0.3,0,2
26509,bullet3,15.3749,13.7842,0.8,0,1
26510,bullet5,11.741,12.6814,0.8,0,1
26511,bullet1,15.2758,13.7642,0.8,0,1
26512,bullet6,11.8393,12.5621,0.8,0,1
26513,player,2.14524,12.6739,0.112095,-0.173605,1
26513,flyer1,16.5,5.89635,-0.2508,0.164619,2
26514,flayer7,9,5.13496,-0.3,0,2
26515,bullet5,15.741,12.6814,0.8,0,1
26515,bullet2,2.12901,13.0499,0.8,0,1
26517,bullet6,15.8393,12.5621,0.8,0,1
26517,bullet4,2.04472,13.1261,0.8,0,1
26518,player,1.63295,13.1367,-0.0117711,0.0106361,1
26518,flyer1,15.246,6.71944,-0.2508,0.164619,2
26519,flayer7,7.5,5.13496,-0.3,0,2
26519,bullet3,2.02765,13.1415,0.8,0,1
26520,bullet2,6.12901,13.0499,0.8,0,1
26522,bullet4,6.04472,13.1261,0.8,0,1
26523,player,1.13412,13.1453,-0.152092,0.000196266,1
26523,flyer1,13.992,7.54254,-0.2508,0.164619,2
26523,bullet1,1.53412,13.1453,0.8,0,1
26524,flayer7,5.99999,5.13496,-0.3,0,2
26524,bullet3,6.02765,13.1415,0.8,0,1
26525,bullet2,10.129,13.0499,0.8,0,1
26527,bullet4,10.0447,13.1261,0.8,0,1
26528,player,1.50135,13.1454,0.149068,3.62166e-06,1
26528,flyer1,12.738,8.36563,-0.2508,0.164619,2
26528,bullet1,5.53412,13.1453,0.8,0,1
26529,flayer7,4.49999,5.13496,-0.3,0,2
26529,bullet3,10.0277,13.1415,0.8,0,1
26530,bullet2,14.129,13.0499,0.8,0,1
26532,bullet4,14.0447,13.1261,0.8,0,1
26533,player,1.62107,13.6348,0.00275073,0.151875,1
26533,flyer1,11.484,9.18872,-0.2508,0.164619,2
26533,bullet1,9.53412,13.1453,0.8,0,1
26533,bullet5,2.02107,13.6348,0.8,0,1
26534,flayer7,2.99999,5.13496,-0.3,0,2
26534,bullet3,14.0277,13.1415,0.8,0,1
26535,bullet6,2.02286,13.7339,0.8,0,1
26538,player,1.62328,13.7568,5.07588e-05,0.00280252,1
26538,flyer1,10.23,10.0118,-0.2508,0.164619,2
26538,bullet1,13.5341,13.1453,0.8,0,1
26538,bullet5,6.02107,13.6348,0.8,0,1
26538,bullet2,2.02328,13.7568,0.8,0,1
26539,flayer7,1.49999,5.13496,-0.3,0,2
26540,bullet6,6.02286,13.7339,0.8,0,1
26543,player,2.21179,13.759,0.0307556,5.17144e-05,1
26543,flyer1,8.976,10.8349,-0.2508,0.164619,2
26543,bullet5,10.0211,13.6348,0.8,0,1
26543,bullet2,6.02328,13.7568,0.8,0,1
26543,bullet4,2.61179,13.759,0.8,0,1
26544,flayer7,-6.4373e-06,5.13496,-0.3,0,2
26545,bullet6,10.0229,13.7339,0.8,0,1
26548,player,2.57399,13.2014,0.338068,-0.0683428,1
26548,flyer1,7.722,11.658,-0.2508,0.164619,2
26548,bullet5,14.0211,13.6348,0.8,0,1
26548,bullet2,10.0233,13.7568,0.8,0,1
26548,bullet4,6.61179,13.759,0.8,0,1
26550,bullet6,14.0229,13.7339,0.8,0,1
26551,bullet3,3.22539,13.1505,0.8,0,1
26553,player,2.35611,12.6571,-0.145637,-0.153136,1
26553,flyer1,6.468,12.4811,-0.2508,0.164619,2
26553,bullet2,14.0233,13.7568,0.8,0,1
26553,bullet4,10.6118,13.759,0.8,0,1
26554,bullet1,2.69058,12.5882,0.8,0,1
26555,bullet5,2.66108,12.5572,0.8,0,1
26558,player,1.74978,12.5341,-0.154562,-0.00282579,1
26558,bullet4,14.6118,13.759,0.8,0,1
26559,bullet6,2.08023,12.5329,0.8,0,1
26560,bullet5,6.66109,12.5572,0.8,0,1
26561,bullet3,2.03484,12.532,0.8,0,1
26563,player,1.62565,12.0425,-0.00285211,-0.151927,1
26563,flyer2,16.5,5.89635,-0.275246,-0.119331,2
26564,bullet6,6.08023,12.5329,0.8,0,1
26564,bullet2,2.02437,11.9741,0.8,0,1
26565,bullet5,10.6611,12.5572,0.8,0,1
26566,bullet3,6.03484,12.532,0.8,0,1
26568,player,1.62336,11.4311,-5.26295e-05,-0.154678,1
26568,flyer2,15.1238,5.29969,-0.275246,-0.119331,2
26569,bullet6,10.0802,12.5329,0.8,0,1
26569,bullet2,6.02437,11.9741,0.8,0,1
26570,bullet5,14.6611,12.5572,0.8,0,1
26571,bullet3,10.0348,12.532,0.8,0,1
26573,player,1.0656,12.4669,-0.0683447,0.0793291,1
26573,flyer2,13.7475,4.70304,-0.275246,-0.119331,2
26574,bullet6,14.0802,12.5329,0.8,0,1
26574,bullet2,10.0244,11.9741,0.8,0,1
26576,bullet3,14.0348,12.532,0.8,0,1
26577,flyer4,16.5,10.457,-0.3,0,2
26577,bullet1,2.55817,13.0869,0.8,0,1
26578,player,2.539,13.4566,0.380833,0.369719,1
26578,flyer2,12.3713,4.10639,-0.275246,-0.119331,2
26579,bullet2,14.0244,11.9741,0.8,0,1
26581,bullet4,3.2222,14.2209,0.8,0,1
26582,flyer4,15,10.457,-0.3,0,2
26582,bullet1,6.55817,13.0869,0.8,0,1
26583,player,2.84484,14.342,0.00702744,0.037577,1
26583,flyer2,10.9951,3.50974,-0.275246,-0.119331,2
26583,bullet5,3.24484,14.342,0.8,0,1
26586,bullet4,7.2222,14.2209,0.8,0,1
26586,bullet6,3.80779,14.3699,0.8,0,1
26587,flyer4,13.5,10.457,-0.3,0,2
26587,bullet1,10.5582,13.0869,0.8,0,1
26588,player,3.4528,14.3722,0.0139693,0.000693402,1
26588,flyer2,9.61886,2.91308,-0.275246,-0.119331,2
26588,bullet5,7.24484,14.342,0.8,0,1
26591,bullet4,11.2222,14.2209,0.8,0,1
26591,bullet6,7.80779,14.3699,0.8,0,1
26592,flyer4,12,10.457,-0.3,0,2
26592,bullet1,14.5582,13.0869,0.8,0,1
26593,player,2.31783,14.9304,-0.0988407,0.0683565,1
26593,flyer2,8.24263,2.31643,-0.275246,-0.119331,2
26593,bullet5,11.2448,14.342,0.8,0,1
26596,bullet4,15.2222,14.2209,0.8,0,1
26596,bullet6,11.8078,14.3699,0.8,0,1
26596,bullet3,2.64433,15.539,0.8,0,1
26597,flyer4,10.5,10.457,-0.3,0,2
26598,player,1.74908,15.6,-0.153699,0,1
26598,flyer2,6.8664,1.71978,-0.275246,-0.119331,2
26598,bullet5,15.2448,14.342,0.8,0,1
26599,bullet2,2.07991,15.6,0.8,0,1
26601,bullet6,15.8078,14.3699,0.8,0,1
26601,bullet3,6.64433,15.539,0.8,0,1
26602,flyer4,9,10.457,-0.3,0,2
26603,player,1.62564,15.6,-0.00283618,0,1
26603,flyer2,5.49017,1.12312,-0.275246,-0.119331,2
26603,bullet1,1.22564,15.6,-0.8,-6.99382e-08,1
26604,bullet2,6.07991,15.6,0.8,0,1
26604,bullet4,2.02437,15.6,0.8,0,1
26606,bullet3,10.6443,15.539,0.8,0,1
26607,flyer4,7.5,10.457,-0.3,0,2
26608,player,0.576271,15.6,-0.220271,0,1
26608,flyer2,4.11395,0.526472,-0.275246,-0.119331,2
26609,bullet2,10.0799,15.6,0.8,0,1
26609,bullet4,6.02437,15.6,0.8,0,1
26609,bullet5,0.0771489,15.6,-0.8,-6.99382e-08,1
26611,bullet3,14.6443,15.539,0.8,0,1
26612,flyer4,5.99999,10.457,-0.3,0,2
26613,player,0.498473,15.0115,-0.125185,-0.0307547,1
26613,flyer2,2.73772,-0.0701809,-0.275246,-0.119331,2
26613,bullet6,0.898473,15.0115,0.8,0,1
26614,bullet2,14.0799,15.6,0.8,0,1
26614,bullet4,10.0244,15.6,0.8,0,1
26617,flyer4,4.49999,10.457,-0.3,0,2
26618,player,0.428694,14.9561,-0.0398991,0.0370216,1
26618,flyer6,16.5,10.0504,-0.3,0,2
26618,bullet6,4.89847,15.0115,0.8,0,1
26619,bullet4,14.0244,15.6,0.8,0,1
26622,flyer4,2.99999,10.457,-0.3,0,2
26622,flyer3,16.5,10.0504,-0.3,0,2
26623,player,0.899866,13.795,0.134224,-0.0439111,1
26623,flyer6,15,10.0504,-0.3,0,2
26623,bullet6,8.89847,15.0115,0.8,0,1
26623,bullet1,1.29987,13.795,0.8,0,1
26627,flyer4,1.49999,10.457,-0.3,0,2
26627,flyer3,15,10.0504,-0.3,0,2
26628,player,1.03841,13.7905,-0.0351123,-0.0383993,1
26628,flyer6,13.5,10.0504,-0.3,0,2
26628,bullet6,12.8985,15.0115,0.8,0,1
26628,bullet1,5.29987,13.795,0.8,0,1
26628,bullet5,1.43841,13.7905,0.8,0,1
26632,flyer4,-6.4373e-06,10.457,-0.3,0,2
26632,flyer3,13.5,10.0504,-0.3,0,2
26632,bullet3,0.853145,13.2027,0.8,0,1
26633,player,0.4,13.5087,-0,0.306037,1
26633,flyer6,12,10.0504,-0.3,0,2
26633,bullet1,9.29987,13.795,0.8,0,1
26633,bullet5,5.43841,13.7905,0.8,0,1
26635,bullet2,0.8,13.7084,0.8,0,1
26637,flyer3,12,10.0504,-0.3,0,2
26637,bullet3,4.85315,13.2027,0.8,0,1
26638,player,0.4,13.7545,0,0.00564724,1
26638,flyer6,10.5,10.0504,-0.3,0,2
26638,bullet1,13.2999,13.795,0.8,0,1
26638,bullet5,9.43841,13.7905,0.8,0,1
26640,bullet2,4.8,13.7084,0.8,0,1
26642,flyer3,10.5,10.0504,-0.3,0,2
26642,bullet3,8.85315,13.2027,0.8,0,1
26643,player,0.4,13.759,0,0.000104207,1
26643,flyer6,9,10.0504,-0.3,0,2
26643,bullet5,13.4384,13.7905,0.8,0,1
26645,bullet2,8.8,13.7084,0.8,0,1
26645,bullet4,0.8,14.2485,0.8,0,1
26647,flyer3,9,10.0504,-0.3,0,2
26647,bullet3,12.8531,13.2027,0.8,0,1
26647,bullet6,0,14.3476,-0.8,-6.99382e-08,1
26648,player,0.4,14.3614,0,0.0138415,1
26648,flyer6,7.5,10.0504,-0.3,0,2
26649,bullet1,0.8,14.3676,0.8,0,1
26650,bullet2,12.8,13.7084,0.8,0,1
26650,bullet4,4.8,14.2485,0.8,0,1
26652,flyer3,7.5,10.0504,-0.3,0,2
26653,player,0.957719,14.3725,0.0683438,0.000255415,1
26653,flyer6,5.99999,10.0504,-0.3,0,2
26654,bullet1,4.8,14.3676,0.8,0,1
26654,bullet5,1.38847,14.3726,0.8,0,1
26655,bullet4,8.8,14.2485,0.8,0,1
26657,flyer3,5.99999,10.0504,-0.3,0,2
26657,bullet6,0.853625,14.3727,0.8,0,1
26658,player,0.424131,14.3727,-0.0294936,4.71313e-06,1
26658,flyer6,4.49999,10.0504,-0.3,0,2
26659,bullet1,8.8,14.3676,0.8,0,1
26659,bullet5,5.38847,14.3726,0.8,0,1
26660,bullet4,12.8,14.2485,0.8,0,1
26662,flyer3,4.49999,10.0504,-0.3,0,2
26662,bullet6,4.85362,14.3727,0.8,0,1
26663,player,0.513383,14.2598,-0.13858,0.138035,1
26663,flyer6,2.99999,10.0504,-0.3,0,2
26664,bullet1,12.8,14.3676,0.8,0,1
26664,bullet5,9.38847,14.3726,0.8,0,1
26665,bullet3,0.82296,14.3499,0.8,0,1
26667,flyer3,2.99999,10.0504,-0.3,0,2
26667,bullet6,8.85363,14.3727,0.8,0,1
26668,player,0.402092,14.0332,-0.00255718,-0.334953,1
26668,flyer6,1.49999,10.0504,-0.3,0,2
26669,bullet5,13.3885,14.3726,0.8,0,1
26670,bullet3,4.82296,14.3499,0.8,0,1
26672,flyer3,1.49999,10.0504,-0.3,0,2
26672,bullet6,12.8536,14.3727,0.8,0,1
26672,bullet2,1.3578,14.3281,0.8,0,1
26673,player,0.988512,14.3526,0.0307075,0.0245739,1
26673,flyer6,-6.4373e-06,10.0504,-0.3,0,2
26675,bullet3,8.82296,14.3499,0.8,0,1
26675,bullet4,1.40855,14.3687,0.8,0,1
26677,flyer3,-6.4373e-06,10.0504,-0.3,0,2
26677,bullet2,5.3578,14.3281,0.8,0,1
26677,bullet1,0.612606,14.3719,-0.8,-6.99382e-08,1
26678,player,1.01317,14.3724,0.00056664,0.000453457,1
26679,flyer5,16.5,10.0504,-0.3,0,2
26680,bullet3,12.823,14.3499,0.8,0,1
26680,bullet4,5.40855,14.3687,0.8,0,1
26680,bullet5,1.41354,14.3727,0.8,0,1
26682,bullet2,9.35781,14.3281,0.8,0,1
26683,player,0.676128,14.1525,-0.33749,0.269165,1
26684,flyer5,15,10.0504,-0.3,0,2
26685,bullet4,9.40855,14.3687,0.8,0,1
26685,bullet5,5.41354,14.3727,0.8,0,1
26686,bullet6,0.825162,14.3527,0.8,0,1
26687,bullet2,13.3578,14.3281,0.8,0,1
26688,player,0.405096,14.3687,-0.00622763,0.00496684,1
26689,flyer5,13.5,10.0504,-0.3,0,2
26690,bullet4,13.4086,14.3687,0.8,0,1
26690,bullet5,9.41354,14.3727,0.8,0,1
26691,bullet6,4.82516,14.3527,0.8,0,1
26691,bullet1,0.000464618,14.3724,-0.8,-6.99382e-08,1
26693,player,0.400094,14.0352,-0.000114917,-0.337408,1
26694,flyer5,12,10.0504,-0.3,0,2
26694,flayer8,16.5,14.2659,-0.3,0,2
26695,bullet5,13.4135,14.3727,0.8,0,1
26696,bullet6,8.82516,14.3527,0.8,0,1
26698,player,1.44709,14.9242,0.220219,0.0759572,1
26699,flyer5,10.5,10.0504,-0.3,0,2
26699,flayer8,15,14.2659,-0.3,0,1
26699,bullet3,1.94619,14.9584,0.8,0,1
26700,bullet2,1.99079,14.9738,0.8,0,1
26701,bullet6,12.8252,14.3527,0.8,0,1
26702,bullet1,2.01988,14.9838,0.8,0,1
26703,player,1.62395,14.9852,0.00406366,0.00140162,1
26703,bullet4,2.02395,14.9852,0.8,0,1
26704,flyer5,9,10.0504,-0.3,0,2
26704,bullet3,5.94619,14.9584,0.8,0,1
26705,bullet2,5.99079,14.9738,0.8,0,1
26707,bullet1,6.01988,14.9838,0.8,0,1
26708,player,1.13784,14.497,-0.1518,-0.151849,1
26708,bullet4,6.02395,14.9852,0.8,0,1
26709,flyer5,7.5,10.0504,-0.3,0,2
26709,bullet3,9.94619,14.9584,0.8,0,1
26710,bullet2,9.99079,14.9738,0.8,0,1
26712,bullet1,10.0199,14.9838,0.8,0,1
26713,player,1.01593,13.8856,-0.00280114,-0.154677,1
26713,bullet4,10.0239,14.9852,0.8,0,1
26714,flyer5,5.99999,10.0504,-0.3,0,2
26714,bullet3,13.9462,14.9584,0.8,0,1
26715,bullet2,13.9908,14.9738,0.8,0,1
26717,bullet1,14.0199,14.9838,0.8,0,1
26718,player,1.26465,14.0124,-0.306797,-0.3096,1
26718,bullet4,14.0239,14.9852,0.8,0,1
26719,flyer5,4.49999,10.0504,-0.3,0,2
26719,flayer7,16.5,10.0504,-0.3,0,2
26720,flyer1,16.5,10.0504,-0.292611,-0.0661709,2
26721,flyer2,16.5,4.18514,-0.2716,0.12741,2
26722,bullet5,0.866212,14.3272,0.8,0,1
26723,player,0.4,14.3522,-0,0.0250417,1
26724,flyer5,2.99999,10.0504,-0.3,0,2
26724,flayer7,15,10.0504,-0.3,0,2
26725,flyer1,15.0369,9.71958,-0.292611,-0.0661709,2
26726,flyer2,15.142,4.82219,-0.2716,0.12741,2
26727,bullet5,4.86621,14.3272,0.8,0,1
26728,player,0.957719,14.6233,0.0683438,-0.306283,1
26729,flyer5,1.49999,10.0504,-0.3,0,2
26729,flayer7,13.5,10.0504,-0.3,0,2
26729,bullet6,1.38847,14.4855,0.8,0,1
26730,flyer1,13.5739,9.38873,-0.292611,-0.0661709,2
26731,flyer2,13.784,5.45925,-0.2716,0.12741,2
26732,bullet5,8.86621,14.3272,0.8,0,1
26733,player,1.0126,14.3773,0.00126113,-0.00565179,1
26734,flyer5,-6.4373e-06,10.0504,-0.3,0,2
26734,flayer7,12,10.0504,-0.3,0,2
26734,bullet6,5.38847,14.4855,0.8,0,1
26735,flyer1,12.1108,9.05787,-0.292611,-0.0661709,2
26735,bullet3,1.41343,14.3737,0.8,0,1
26736,flyer2,12.426,6.0963,-0.2716,0.12741,2
26737,bullet5,12.8662,14.3272,0.8,0,1
26738,player,0.455899,14.9305,-0.0683205,0.0682395,1
26738,bullet2,0.855899,14.9305,0.8,0,1
26739,flayer7,10.5,10.0504,-0.3,0,2
26739,bullet6,9.38847,14.4855,0.8,0,1
26740,flyer1,10.6478,8.72702,-0.292611,-0.0661709,2
26740,bullet3,5.41343,14.3737,0.8,0,1
26741,flyer2,11.068,6.73335,-0.2716,0.12741,2
26743,player,1.49272,14.496,0.164454,-0.150616,1
26743,bullet2,4.8559,14.9305,0.8,0,1
26744,flayer7,9,10.0504,-0.3,0,2
26744,bullet6,13.3885,14.4855,0.8,0,1
26744,bullet1,1.96672,14.4282,0.8,0,1
26745,flyer1,9.18472,8.39617,-0.292611,-0.0661709,2
26745,bullet3,9.41343,14.3737,0.8,0,1
26746,flyer2,9.71,7.3704,-0.2716,0.12741,2
26748,player,1.62479,14.2231,0.00303464,0.182846,1
26748,bullet2,8.8559,14.9305,0.8,0,1
26749,flayer7,7.5,10.0504,-0.3,0,2
26749,bullet1,5.96672,14.4282,0.8,0,1
26750,flyer1,7.72166,8.06531,-0.292611,-0.0661709,2
26750,bullet3,13.4134,14.3737,0.8,0,1
26750,bullet4,2.02677,14.3424,0.8,0,1
26751,flyer2,8.35201,8.00745,-0.2716,0.12741,2
26753,player,1.62723,14.37,5.59976e-05,0.00337402,1
26753,bullet2,12.8559,14.9305,0.8,0,1
26754,flayer7,5.99999,10.0504,-0.3,0,2
26754,bullet1,9.96673,14.4282,0.8,0,1
26755,flyer1,6.25861,7.73446,-0.292611,-0.0661709,2
26755,bullet4,6.02677,14.3424,0.8,0,1
26755,bullet5,2.02726,14.3722,0.8,0,1
26756,flyer2,6.99401,8.6445,-0.2716,0.12741,2
26758,player,1.1379,13.8833,-0.151874,-0.151813,1
26759,flayer7,4.49999,10.0504,-0.3,0,2
26759,bullet1,13.9667,14.4282,0.8,0,1
26760,flyer1,4.79555,7.40361,-0.292611,-0.0661709,2
26760,bullet4,10.0268,14.3424,0.8,0,1
26760,bullet5,6.02726,14.3722,0.8,0,1
26760,bullet6,1.4388,13.7842,0.8,0,1
26761,flyer2,5.636,9.28155,-0.2716,0.12741,2
26763,player,1.01593,13.7614,-0.0028025,-0.00280137,1
26763,bullet3,1.41593,13.7614,0.8,0,1
26764,flayer7,2.99999,10.0504,-0.3,0,2
26765,flyer1,3.33249,7.07275,-0.292611,-0.0661709,2
26765,bullet4,14.0268,14.3424,0.8,0,1
26765,bullet5,10.0273,14.3722,0.8,0,1
26765,bullet6,5.4388,13.7842,0.8,0,1
26766,flyer2,4.278,9.9186,-0.2716,0.12741,2
26768,player,1.61599,14.3614,0.0137879,0.0137879,1
26768,bullet3,5.41593,13.7614,0.8,0,1
26769,flayer7,1.49999,10.0504,-0.3,0,2
26770,flyer1,1.86943,6.7419,-0.292611,-0.0661709,2
26770,bullet5,14.0273,14.3722,0.8,0,1
26770,bullet6,9.4388,13.7842,0.8,0,1
26770,bullet2,2.02499,14.3704,0.8,0,1
26771,flyer2,2.92,10.5557,-0.2716,0.12741,2
26773,player,1.28956,14.71,-0.337246,0.337754,1
26773,bullet3,9.41593,13.7614,0.8,0,1
26774,flayer7,-6.4373e-06,10.0504,-0.3,0,2
26774,bullet1,1.5378,14.862,0.8,0,1
26775,flyer1,0.406378,6.41105,-0.292611,-0.0661709,2
26775,bullet6,13.4388,13.7842,0.8,0,1
26775,bullet2,6.02499,14.3704,0.8,0,1
26776,flyer2,1.562,11.1927,-0.2716,0.12741,2
26778,player,0.46101,14.4235,-0.0745669,-0.0621112,1
26778,bullet3,13.4159,13.7614,0.8,0,1
26779,bullet1,5.5378,14.862,0.8,0,1
26780,bullet2,10.025,14.3704,0.8,0,1
26781,flyer2,0.204,11.8298,-0.2716,0.12741,2
26782,flyer4,16.5,4.18514,-0.3,0,2
26783,player,0.958845,14.9314,0.0669678,0.0671976,1
26784,flyer6,16.5,4.18514,-0.223328,-0.200312,2
26784,bullet1,9.53781,14.862,0.8,0,1
26784,bullet4,1.38898,14.9616,0.8,0,1
26785,bullet2,14.025,14.3704,0.8,0,1
26787,flyer4,15,4.18514,-0.3,0,2
26787,bullet5,1.41139,14.4947,0.8,0,1
26788,player,1.01263,14.4276,0.00123574,-0.0671038,1
26789,flyer6,15.3834,3.18358,-0.223328,-0.200312,2
26789,bullet1,13.5378,14.862,0.8,0,1
26789,bullet4,5.38898,14.9616,0.8,0,1
26790,bullet6,1.90281,13.8945,0.8,0,1
26792,flyer4,13.5,4.18514,-0.3,0,2
26792,bullet5,5.41139,14.4947,0.8,0,1
26793,player,2.10531,13.282,0.165737,-0.166953,1
26793,bullet3,2.50531,13.282,0.8,0,1
26794,flyer6,14.2667,2.18202,-0.223328,-0.200312,2
26794,bullet4,9.38898,14.9616,0.8,0,1
26795,bullet6,5.90281,13.8945,0.8,0,1
26797,flyer4,12,4.18514,-0.3,0,2
26797,bullet5,9.41139,14.4947,0.8,0,1
26798,player,1.64993,13.1787,-0.0276964,-0.0406698,1
26798,bullet3,6.50531,13.282,0.8,0,1
26799,flyer6,13.1501,1.18046,-0.223328,-0.200312,2
26799,bullet4,13.389,14.9616,0.8,0,1
26800,bullet6,9.90281,13.8945,0.8,0,1
26802,flyer4,10.5,4.18514,-0.3,0,2
26802,bullet5,13.4114,14.4947,0.8,0,1
26803,player,0.800817,12.3192,-0.489886,-0.490125,1
26803,bullet3,10.5053,13.282,0.8,0,1
26804,flyer6,12.0334,0.178905,-0.223328,-0.200312,2
26805,bullet6,13.9028,13.8945,0.8,0,1
26807,flyer4,9,4.18514,-0.3,0,2
26808,player,0.4,12.8515,0,0.35921,1
26808,flyer3,16.5,8.6183,-0.261749,-0.146586,2
26808,bullet3,14.5053,13.282,0.8,0,1
26809,flayer8,16.5,4.18514,-0.3,0,2
26811,flyer5,16.5,8.6183,-0.3,0,2
26812,flyer4,7.5,4.18514,-0.3,0,2
26813,player,0.512938,13.253,-0.138035,-0.131407,1
26813,flyer3,15.1913,7.88536,-0.261749,-0.146586,2
26813,bullet2,0.912938,13.253,0.8,0,1
26814,flayer8,15,4.18514,-0.3,0,2
26815,bullet1,0.82287,13.1672,0.8,0,1
26816,flyer5,15,8.6183,-0.3,0,2
26816,bullet4,0.810292,13.1552,0.8,0,1
26817,flyer4,5.99999,4.18514,-0.3,0,2
26818,player,0.402084,13.1474,-0.00254714,-0.00242483,1
26818,flyer3,13.8825,7.15243,-0.261749,-0.146586,2
26818,bullet2,4.91294,13.253,0.8,0,1
26818,bullet5,0.802084,13.1474,0.8,0,1
26819,flayer8,13.5,4.18514,-0.3,0,2
26820,bullet1,4.82287,13.1672,0.8,0,1
26821,flyer5,13.5,8.6183,-0.3,0,2
26821,bullet4,4.81029,13.1552,0.8,0,1
26822,flyer4,4.49999,4.18514,-0.3,0,2
26823,player,0.4,12.5877,0,-0.0683885,1
26823,flyer3,12.5738,6.4195,-0.261749,-0.146586,2
26823,bullet2,8.91294,13.253,0.8,0,1
26823,bullet5,4.80208,13.1474,0.8,0,1
26824,flayer8,12,4.18514,-0.3,0,2
26825,bullet1,8.82287,13.1672,0.8,0,1
26826,flyer5,12,8.6183,-0.3,0,2
26826,bullet4,8.81029,13.1552,0.8,0,1
26827,flyer4,2.99999,4.18514,-0.3,0,2
26828,player,0.4,13.6245,0,0.164453,1
26828,flyer3,11.265,5.68657,-0.261749,-0.146586,2
26828,bullet2,12.9129,13.253,0.8,0,1
26828,bullet5,8.80208,13.1474,0.8,0,1
26829,flayer8,10.5,4.18514,-0.3,0,2
26830,bullet1,12.8229,13.1672,0.8,0,1
26831,flyer5,10.5,8.6183,-0.3,0,2
26831,bullet4,12.8103,13.1552,0.8,0,1
26832,flyer4,1.49999,4.18514,-0.3,0,2
26833,player,0.957719,13.7566,0.0683438,0.00303461,1
26833,flyer3,9.95627,4.95364,-0.261749,-0.146586,2
26833,bullet5,12.8021,13.1474,0.8,0,1
26834,flayer8,9,4.18514,-0.3,0,2
26836,flyer5,9,8.6183,-0.3,0,2
26837,flyer4,-6.4373e-06,4.18514,-0.3,0,2
26838,player,3.03027,12.4164,0.53523,0.141087,1
26838,flyer3,8.64752,4.2207,-0.261749,-0.146586,2
26839,flayer8,7.5,4.18514,-0.3,0,2
26839,flayer7,16.5,4.18514,-0.3,0,2
26841,flyer5,7.5,8.6183,-0.3,0,2
26843,player,3.7976,11.6037,0.347377,-0.365651,1
26843,flyer3,7.33878,3.48777,-0.261749,-0.146586,2
26844,flayer8,5.99999,4.18514,-0.3,0,2
26844,flayer7,15,4.18514,-0.3,0,2
26845,bullet6,3.62426,11.3651,-0.8,-6.99382e-08,1
26846,flyer5,5.99999,8.6183,-0.3,0,2
26847,bullet3,3.67016,11.3168,-0.8,-6.99382e-08,1
26848,player,4.07657,11.31,0.00641007,-0.00674729,1
26848,flyer3,6.03003,2.75484,-0.261749,-0.146586,2
26848,bullet2,4.47657,11.31,0.8,0,1
26849,flayer8,4.49999,4.18514,-0.3,0,2
26849,flayer7,13.5,4.18514,-0.3,0,2
26850,bullet6,-0.375736,11.3651,-0.8,-6.99382e-08,1
26850,bullet1,4.48076,11.3056,0.8,0,1
26851,flyer5,4.49999,8.6183,-0.3,0,2
26851,bullet4,4.48134,11.305,0.8,0,1
26852,bullet3,-0.329837,11.3168,-0.8,-6.99382e-08,1
26853,player,4.08172,11.3046,0.000118284,-0.000124507,1
26853,flyer3,4.72129,2.02191,-0.261749,-0.146586,2
26853,bullet2,8.47657,11.31,0.8,0,1
26853,bullet5,4.48172,11.3046,0.8,0,1
26854,flayer8,2.99999,4.18514,-0.3,0,2
26854,flayer7,12,4.18514,-0.3,0,2
26855,bullet1,8.48076,11.3056,0.8,0,1
26856,flyer5,2.99999,8.6183,-0.3,0,2
26856,bullet4,8.48134,11.305,0.8,0,1
26858,player,4.63954,11.3045,0.0683459,-2.2975e-06,1
26858,flyer3,3.41255,1.28898,-0.261749,-0.146586,2
26858,bullet2,12.4766,11.31,0.8,0,1
26858,bullet5,8.48172,11.3046,0.8,0,1
26859,flayer8,1.49999,4.18514,-0.3,0,2
26859,flayer7,10.5,4.18514,-0.3,0,2
26860,bullet1,12.4808,11.3056,0.8,0,1
26861,flyer5,1.49999,8.6183,-0.3,0,2
26861,bullet4,12.4813,11.305,0.8,0,1
26863,player,5.03192,11.642,0.338761,0.3375,1
26863,flyer3,2.1038,0.556044,-0.261749,-0.146586,2
26863,bullet5,12.4817,11.3046,0.8,0,1
26864,flayer8,-6.4373e-06,4.18514,-0.3,0,2
26864,flayer7,9,4.18514,-0.3,0,2
26866,flyer5,-6.4373e-06,8.6183,-0.3,0,2
26866,bullet6,5.12612,11.3353,0.8,0,1
26867,bullet3,5.10925,11.3184,0.8,0,1
26868,player,4.70166,11.3107,-0.00758851,-0.00761179,1
26868,flyer3,0.795057,-0.176888,-0.261749,-0.146586,2
26868,bullet5,16.4817,11.3046,0.8,0,1
26869,flayer7,7.5,4.18514,-0.3,0,2
26871,flyer1,16.5,8.6183,-0.283384,-0.0984544,2
26871,bullet6,9.12612,11.3353,0.8,0,1
26872,bullet3,9.10925,11.3184,0.8,0,1
26873,player,3.94138,10.9671,0.171645,-0.33764,1
26874,flayer7,5.99999,4.18514,-0.3,0,2
26876,flyer1,15.0831,8.12602,-0.283384,-0.0984544,2
26876,bullet6,13.1261,11.3353,0.8,0,1
26877,bullet3,13.1093,11.3184,0.8,0,1
26877,bullet2,3.67606,10.7022,-0.8,-6.99382e-08,1
26878,player,4.07922,10.696,0.00316734,-0.00623042,1
26879,flayer7,4.49999,4.18514,-0.3,0,2
26880,bullet1,4.48129,11.1813,0.8,0,1
26881,flyer1,13.6662,7.63375,-0.283384,-0.0984544,2
26882,bullet2,-0.323943,10.7022,-0.8,-6.99382e-08,1
26882,bullet4,4.48171,11.2796,0.8,0,1
26883,player,4.08177,11.2933,5.84463e-05,0.0137246,1
26883,bullet5,4.48177,11.2933,0.8,0,1
26884,flayer7,2.99999,4.18514,-0.3,0,2
26885,bullet1,8.48129,11.1813,0.8,0,1
26886,flyer1,12.2492,7.14148,-0.283384,-0.0984544,2
26887,bullet4,8.48171,11.2796,0.8,0,1
26888,player,3.59244,11.2052,-0.151874,0.121374,1
26888,bullet5,8.48177,11.2933,0.8,0,1
26889,flayer7,1.49999,4.18514,-0.3,0,2
26890,bullet1,12.4813,11.1813,0.8,0,1
26891,flyer1,10.8323,6.64921,-0.283384,-0.0984544,2
26892,bullet4,12.4817,11.2796,0.8,0,1
26893,player,3.33244,13.3203,0.165907,0.536209,1
26893,bullet5,12.4818,11.2933,0.8,0,1
26894,flayer7,-6.4373e-06,4.18514,-0.3,0,2
26895,bullet6,3.84069,13.6702,0.8,0,1
26896,flyer1,9.41539,6.15693,-0.283384,-0.0984544,2
26897,flyer2,16.5,8.6183,-0.299616,0.0151738,2
26898,player,4.36089,13.1932,0.408905,-0.0584492,1
26898,flyer6,16.5,13.4854,-0.255046,-0.15796,2
26899,bullet3,4.9449,13.1669,0.8,0,1
26900,bullet6,7.84069,13.6702,0.8,0,1
26901,flyer1,7.99847,5.66466,-0.283384,-0.0984544,2
26902,flyer2,15.0019,8.69417,-0.299616,0.0151738,2
26903,player,4.75762,13.1463,-0.0759858,-0.00107855,1
26903,flyer6,15.2248,12.6956,-0.255046,-0.15796,2
26904,bullet3,8.9449,13.1669,0.8,0,1
26904,bullet2,5.12343,13.1458,0.8,0,1
26905,bullet6,11.8407,13.6702,0.8,0,1
26906,flyer1,6.58155,5.17239,-0.283384,-0.0984544,2
26907,flyer2,13.5038,8.77004,-0.299616,0.0151738,2
26908,player,4.6966,12.5877,-0.00140215,-0.0683636,1
26908,flyer6,13.9495,11.9058,-0.255046,-0.15796,2
26908,bullet1,5.0966,12.5877,0.8,0,1
26909,bullet3,12.9449,13.1669,0.8,0,1
26909,bullet2,9.12343,13.1458,0.8,0,1
26910,bullet6,15.8407,13.6702,0.8,0,1
26911,flyer1,5.16463,4.68012,-0.283384,-0.0984544,2
26912,flyer2,12.0058,8.84591,-0.299616,0.0151738,2
26913,player,5.74257,11.9751,0.220193,-0.0696053,1
26913,flyer6,12.6743,11.116,-0.255046,-0.15796,2
26913,bullet1,9.0966,12.5877,0.8,0,1
26914,bullet2,13.1234,13.1458,0.8,0,1
26916,flyer1,3.74771,4.18785,-0.283384,-0.0984544,2
26917,flyer2,10.5077,8.92177,-0.299616,0.0151738,2
26917,bullet4,6.90381,11.9512,0.8,0,1
26918,player,6.52171,11.933,0.0179028,-0.0181995,1
26918,flyer6,11.3991,10.3262,-0.255046,-0.15796,2
26918,bullet1,13.0966,12.5877,0.8,0,1
26921,flyer1,2.33078,3.69557,-0.283384,-0.0984544,2
26921,bullet5,7.49274,11.9195,0.8,0,1
26922,flyer2,9.0096,8.99764,-0.299616,0.0151738,2
26922,bullet4,10.9038,11.9512,0.8,0,1
26923,player,7.62778,12.4078,0.166045,0.151539,1
26923,flyer6,10.1239,9.53643,-0.255046,-0.15796,2
26924,bullet6,7.3025,12.476,-0.8,-6.99382e-08,1
26925,bullet3,7.33612,12.5067,-0.8,-6.99382e-08,1
26926,flyer1,0.913862,3.2033,-0.283384,-0.0984544,2
26926,bullet5,11.4927,11.9195,0.8,0,1
26927,flyer2,7.51152,9.07351,-0.299616,0.0151738,2
26927,bullet4,14.9038,11.9512,0.8,0,1
26928,player,8.2505,12.192,0.154939,-0.334704,1
26928,flyer6,8.84862,8.74663,-0.255046,-0.15796,2
26929,bullet6,3.3025,12.476,-0.8,-6.99382e-08,1
26930,bullet3,3.33612,12.5067,-0.8,-6.99382e-08,1
26930,bullet2,8.7516,11.9736,0.8,0,1
26931,bullet5,15.4927,11.9195,0.8,0,1
26932,flyer2,6.01344,9.14938,-0.299616,0.0151738,2
26933,player,7.81721,11.3655,-0.0654847,-0.07452,1
26933,flyer6,7.57339,7.95683,-0.255046,-0.15796,2
26935,flyer4,16.5,8.6183,-0.213327,-0.21093,2
26935,bullet2,12.7516,11.9736,0.8,0,1
26937,flyer2,4.51537,9.22525,-0.299616,0.0151738,2
26937,bullet1,8.16583,11.307,0.8,0,1
26938,player,7.76462,11.3056,-0.00120838,-0.0013751,1
26938,flyer6,6.29816,7.16702,-0.255046,-0.15796,2
26938,bullet4,8.16462,11.3056,0.8,0,1
26940,flyer4,15.4334,7.56365,-0.213327,-0.21093,2
26940,bullet5,8.16383,11.3047,0.8,0,1
26941,bullet6,8.16372,11.3046,0.8,0,1
26942,flyer2,3.01729,9.30112,-0.299616,0.0151738,2
26942,bullet1,12.1658,11.307,0.8,0,1
26943,player,7.76365,10.967,-2.22979e-05,-0.337525,1
26943,flyer6,5.02293,6.37722,-0.255046,-0.15796,2
26943,bullet4,12.1646,11.3056,0.8,0,1
26945,flyer4,14.3667,6.50899,-0.213327,-0.21093,2
26945,bullet5,12.1638,11.3047,0.8,0,1
26946,bullet6,12.1637,11.3046,0.8,0,1
26947,flyer2,1.5192,9.37699,-0.299616,0.0151738,2
26947,bullet1,16.1658,11.307,0.8,0,1
26948,player,7.76363,10.696,-4.1146e-07,-0.00622829,1
26948,flyer6,3.7477,5.58742,-0.255046,-0.15796,2
26948,bullet4,16.1646,11.3056,0.8,0,1
26949,bullet3,8.16363,10.6932,0.8,0,1
26950,flyer4,13.3001,5.45434,-0.213327,-0.21093,2
26950,bullet5,16.1638,11.3047,0.8,0,1
26951,bullet6,16.1637,11.3046,0.8,0,1
26952,flyer2,0.0211246,9.45286,-0.299616,0.0151738,2
26952,bullet2,8.16363,10.2017,0.8,0,1
26953,player,7.76363,10.1333,-7.59259e-09,-0.0684587,1
26953,flyer6,2.47247,4.79762,-0.255046,-0.15796,2
26954,bullet3,12.1636,10.6932,0.8,0,1
26954,bullet1,8.16363,10.1024,0.8,0,1
26955,flyer4,12.2335,4.39969,-0.213327,-0.21093,2
26956,bullet4,8.16363,10.0823,0.8,0,1
26957,bullet2,12.1636,10.2017,0.8,0,1
26958,player,7.76363,10.0783,-1.40105e-10,-0.00126326,1
26958,flyer6,1.19724,4.00782,-0.255046,-0.15796,2
26959,bullet3,16.1636,10.6932,0.8,0,1
26959,bullet1,12.1636,10.1024,0.8,0,1
26960,flyer4,11.1668,3.34504,-0.213327,-0.21093,2
26961,bullet4,12.1636,10.0823,0.8,0,1
26962,bullet2,16.1636,10.2017,0.8,0,1
26963,player,7.91551,9.82629,-0.185625,0.306722,1
26963,flyer6,-0.0779954,3.21801,-0.255046,-0.15796,2
26964,bullet1,16.1636,10.1024,0.8,0,1
26965,flyer4,10.1002,2.29039,-0.213327,-0.21093,2
26965,flayer8,16.5,13.4854,-0.283963,-0.0967728,2
26965,bullet5,8.19439,10.0264,0.8,0,1
26965,finish,20.0647,8,-0.2,0,1
26966,bullet4,16.1636,10.0823,0.8,0,1
26967,bullet6,8.16986,10.0669,0.8,0,1
26968,player,7.76644,10.0726,-0.0034253,0.00565988,1
26970,flyer4,9.03354,1.23574,-0.213327,-0.21093,2
26970,flayer8,15.0802,13.0016,-0.283963,-0.0967728,2
26970,bullet5,12.1944,10.0264,0.8,0,1
26970,finish,19.0647,8,-0.2,0,1
26970,bullet3,7.67483,9.58693,0.8,0,1
26972,bullet6,12.1699,10.0669,0.8,0,1
26973,player,7.65075,9.96422,0.137972,0.13814,1
26975,flyer4,7.9669,0.181087,-0.213327,-0.21093,2
26975,flayer8,13.6604,12.5177,-0.283963,-0.0967728,2
26975,bullet5,16.1944,10.0264,0.8,0,1
26975,finish,18.0647,8,-0.2,0,1
26975,bullet3,11.6748,9.58693,0.8,0,1
26975,bullet2,8.14078,10.0544,0.8,0,1
26977,bullet6,16.1699,10.0669,0.8,0,1
26978,player,7.76155,10.5645,0.00254598,0.154424,1
26980,flayer8,12.2406,12.0338,-0.283963,-0.0967728,2
26980,finish,17.0647,8,-0.2,0,1
26980,bullet3,15.6748,9.58693,0.8,0,1
26980,bullet2,12.1408,10.0544,0.8,0,1
26980,bullet1,8.65259,10.1759,0.8,0,1
26982,bullet4,8.75203,10.0972,0.8,0,1
26983,player,8.36591,10.0862,0.0138866,-0.0109901,1
26983,bullet5,8.76591,10.0862,0.8,0,1
26985,flayer8,10.8207,11.55,-0.283963,-0.0967728,2
26985,finish,16.0647,8,-0.2,0,1
26985,bullet2,16.1408,10.0544,0.8,0,1
26985,bullet1,12.6526,10.1759,0.8,0,1
26986,bullet6,8.77624,9.58869,0.8,0,1
26987,bullet4,12.752,10.0972,0.8,0,1
26988,player,8.37706,9.48894,0.000256247,-0.0309575,1
26988,bullet5,12.7659,10.0862,0.8,0,1
26990,flayer8,9.40092,11.0661,-0.283963,-0.0967728,2
26990,finish,15.0647,8,-0.2,0,1
26990,bullet3,8.77723,9.46874,0.8,0,1
26991,bullet6,12.7762,9.58869,0.8,0,1
26993,player,7.88789,8.6372,-0.15187,-0.489946,1
26995,flayer8,7.9811,10.5822,-0.283963,-0.0967728,2
26995,finish,14.0647,8,-0.2,0,1
26995,bullet3,12.7772,9.46874,0.8,0,1
26996,flyer5,16.5,13.4854,-0.3,0,2
26996,bullet2,8.17496,7.78349,0.8,0,1
26998,player,7.42843,7.99276,-0.340302,0.297704,1
27000,flayer8,6.56129,10.0984,-0.283963,-0.0967728,2
27000,finish,13.0647,8,-0.2,0,1
27001,flyer5,15,13.4854,-0.3,0,2
27001,bullet2,12.175,7.78349,0.8,0,1
27001,bullet1,7.57537,8.21414,0.8,0,1
27002,bullet4,7.56142,8.22635,0.8,0,1
27003,player,7.15514,8.23184,-0.00627954,0.00549348,1
27004,bullet5,7.55231,8.23432,0.8,0,1
27005,flayer8,5.14147,9.6145,-0.283963,-0.0967728,2
27005,finish,12.0647,8,-0.2,0,1
27006,flyer5,13.5,13.4854,-0.3,0,2
27006,bullet2,16.175,7.78349,0.8,0,1
27006,bullet1,11.5754,8.21414,0.8,0,1
27007,bullet4,11.5614,8.22635,0.8,0,1
27008,player,6.8126,8.57376,-0.337616,0.337601,1
27009,bullet5,11.5523,8.23432,0.8,0,1
