431260,player,5.45567,2.45787,0,0,1
431263,bullet1,5.85567,2.45787,0.8,0,1
431265,player,4.96629,2.45787,-0.151875,0,1
431266,bullet2,5.29795,2.45787,0.8,0,1
431268,bullet1,9.85567,2.45787,0.8,0,1
431269,bullet3,4.68941,3.01559,0.8,0,1
431270,player,4.25585,3.04635,-0.0335572,0.0307547,1
431271,bullet2,9.29795,2.45787,0.8,0,1
431271,bullet4,4.64075,3.06018,0.8,0,1
431273,bullet1,13.8557,2.45787,0.8,0,1
431274,bullet3,8.68941,3.01559,0.8,0,1
431275,player,3.73953,3.07104,-0.152494,0.00056751,1
431276,bullet2,13.298,2.45787,0.8,0,1
431276,bullet4,8.64075,3.06018,0.8,0,1
431277,flyer1,16.5,9.05896,-0.3,0,2
431279,bullet3,12.6894,3.01559,0.8,0,1
431280,player,3.71616,4.14935,-0.123934,0.18264,1
431281,bullet4,12.6408,3.06018,0.8,0,1
431282,flyer1,15,9.05896,-0.3,0,2
431285,player,4.106,4.7854,0.149588,0.155245,1
431286,bullet5,4.57332,4.85526,0.8,0,1
431287,flyer1,13.5,9.05896,-0.3,0,2
431288,flyer2,16.5,1.84778,-0.290879,-0.0734146,2
431290,player,4.56363,5.24757,0.34026,0.340365,1
431291,bullet5,8.57332,4.85526,0.8,0,1
431291,bullet6,5.11675,5.40074,0.8,0,1
431292,flyer1,12,9.05896,-0.3,0,2
431293,flyer2,15.0456,1.48071,-0.290879,-0.0734146,2
431293,bullet1,5.21666,5.50068,0.8,0,1
431294,bullet2,5.23061,5.51464,0.8,0,1
431295,player,4.83689,5.52092,0.00627876,0.00628069,1
431296,bullet5,12.5733,4.85526,0.8,0,1
431296,bullet6,9.11675,5.40074,0.8,0,1
431297,flyer1,10.5,9.05896,-0.3,0,2
431298,flyer2,13.5912,1.11363,-0.290879,-0.0734146,2
431298,bullet1,9.21666,5.50068,0.8,0,1
431299,bullet2,9.23061,5.51464,0.8,0,1
431300,player,5.43041,4.93749,0.0308705,-0.0306388,1
431301,bullet6,13.1168,5.40074,0.8,0,1
431301,bullet3,5.8443,4.9237,0.8,0,1
431302,flyer1,9,9.05896,-0.3,0,2
431303,flyer2,12.1368,0.74656,-0.290879,-0.0734146,2
431303,bullet1,13.2167,5.50068,0.8,0,1
431304,bullet2,13.2306,5.51464,0.8,0,1
431305,player,5.4552,4.4235,0.000569649,-0.15244,1
431306,bullet3,9.8443,4.9237,0.8,0,1
431307,flyer1,7.5,9.05896,-0.3,0,2
431307,bullet4,5.85557,4.32404,0.8,0,1
431308,flyer2,10.6824,0.379487,-0.290879,-0.0734146,2
431310,player,4.56043,3.74336,-0.405833,-0.0711567,1
431311,bullet3,13.8443,4.9237,0.8,0,1
431311,bullet5,4.77781,3.71134,0.8,0,1
431312,flyer1,5.99999,9.05896,-0.3,0,2
431312,bullet4,9.85557,4.32404,0.8,0,1
431313,flyer2,9.22804,0.0124139,-0.290879,-0.0734146,2
431315,player,4.23452,4.24394,-0.00748877,0.0670307,1
431316,bullet5,8.77781,3.71134,0.8,0,1
431317,flyer1,4.49999,9.05896,-0.3,0,2
431317,bullet4,13.8556,4.32404,0.8,0,1
431317,bullet6,4.62963,4.28768,0.8,0,1
431318,flyer2,7.77365,-0.354659,-0.290879,-0.0734146,2
431320,player,4.44872,3.74005,-0.269294,-0.0671068,1
431321,flyer3,16.5,1.84778,-0.3,0,2
431321,bullet5,12.7778,3.71134,0.8,0,1
431322,flyer1,2.99999,9.05896,-0.3,0,2
431322,bullet6,8.62963,4.28768,0.8,0,1
431325,player,3.74308,3.12844,-0.156844,-0.0695821,1
431326,flyer3,15,1.84778,-0.3,0,2
431326,flyer4,16.5,1.84778,-0.3,0,2
431327,flyer1,1.49999,9.05896,-0.3,0,2
431327,bullet6,12.6296,4.28768,0.8,0,1
431328,bullet1,4.58416,3.63442,0.8,0,1
431330,player,4.21943,3.1855,0.0109454,-0.139319,1
431331,flyer3,13.5,1.84778,-0.3,0,2
431331,flyer4,15,1.84778,-0.3,0,2
431331,bullet2,3.82435,3.1228,-0.8,-6.99382e-08,1
431332,flyer1,-6.4373e-06,9.05896,-0.3,0,2
431333,bullet1,8.58416,3.63442,0.8,0,1
431333,bullet3,4.62757,3.0819,0.8,0,1
431335,player,4.22822,3.07361,0.000201973,-0.00257083,1
431336,flyer3,12,1.84778,-0.3,0,2
431336,flyer4,13.5,1.84778,-0.3,0,2
431336,bullet2,-0.175647,3.1228,-0.8,-6.99382e-08,1
431338,bullet1,12.5842,3.63442,0.8,0,1
431338,bullet3,8.62757,3.0819,0.8,0,1
431340,player,4.89904,4.72095,-0.0696879,0.234011,1
431341,flyer3,10.5,1.84778,-0.3,0,2
431341,flyer4,12,1.84778,-0.3,0,2
431342,bullet4,4.76419,5.36302,0.8,0,1
431343,bullet3,12.6276,3.0819,0.8,0,1
431345,player,3.41388,6.00057,-0.504501,0.170033,1
431346,flyer3,9,1.84778,-0.3,0,2
431346,flyer4,10.5,1.84778,-0.3,0,2
431347,bullet4,8.76419,5.36302,0.8,0,1
431348,flyer5,16.5,6.1261,-0.274952,-0.120007,2
431349,bullet5,2.92866,6.62336,0.8,0,1
431350,player,2.45101,6.69484,-0.0776532,0.0714813,1
431351,flyer3,7.5,1.84778,-0.3,0,2
431351,flyer4,9,1.84778,-0.3,0,2
431351,bullet6,2.81607,6.72701,0.8,0,1
431352,bullet4,12.7642,5.36302,0.8,0,1
431353,flyer5,15.1252,5.52607,-0.274952,-0.120007,2
431354,bullet5,6.92866,6.62336,0.8,0,1
431355,player,2.38865,6.65315,-0.00143292,0.122439,1
431355,bullet2,2.78865,6.65315,0.8,0,1
431356,flyer3,5.99999,1.84778,-0.3,0,2
431356,flyer4,7.5,1.84778,-0.3,0,2
431356,bullet6,6.81607,6.72701,0.8,0,1
431358,flyer5,13.7505,4.92604,-0.274952,-0.120007,1
431359,bullet5,10.9287,6.62336,0.8,0,1
431360,player,2.94522,6.81982,0.0683173,-0.0812719,1
431360,bullet2,6.78865,6.65315,0.8,0,1
431361,flyer3,4.49999,1.84778,-0.3,0,2
431361,flyer4,5.99999,1.84778,-0.3,0,2
431361,bullet6,10.8161,6.72701,0.8,0,1
431363,flyer5,12.3757,4.326,-0.274952,-0.120007,1
431364,bullet5,14.9287,6.62336,0.8,0,1
431365,player,2.44236,6.79915,-0.0670831,-0.0560038,1
431365,bullet2,10.7886,6.65315,0.8,0,1
431365,bullet1,2.84236,6.79915,0.8,0,1
431366,flyer3,2.99999,1.84778,-0.3,0,2
431366,flyer4,4.49999,1.84778,-0.3,0,2
431366,bullet6,14.8161,6.72701,0.8,0,1
431366,bullet3,2.81217,6.77395,0.8,0,1
431368,flyer5,11.001,3.72597,-0.274952,-0.120007,1
431370,player,1.83077,7.31189,-0.0695816,0.0673103,1
431370,bullet2,14.7886,6.65315,0.8,0,1
431370,bullet1,6.84236,6.79915,0.8,0,1
431370,bullet4,2.23077,7.31189,0.8,0,1
431371,flyer3,1.49999,1.84778,-0.3,0,2
431371,flyer4,2.99999,1.84778,-0.3,0,2
431371,bullet3,6.81217,6.77395,0.8,0,1
431373,flyer5,9.6262,3.12594,-0.274952,-0.120007,1
431375,player,2.11239,7.02845,0.336216,-0.336258,1
431375,bullet1,10.8424,6.79915,0.8,0,1
431375,bullet4,6.23077,7.31189,0.8,0,1
431376,flyer3,-6.4373e-06,1.84778,-0.3,0,2
431376,flyer4,1.49999,1.84778,-0.3,0,2
431376,bullet3,10.8122,6.77395,0.8,0,1
431376,bullet5,2.66369,6.87713,0.8,0,1
431378,flyer5,8.25144,2.5259,-0.274952,-0.120007,1
431380,player,1.89302,7.24778,-0.145671,0.14567,1
431380,bullet1,14.8424,6.79915,0.8,0,1
431380,bullet4,10.2308,7.31189,0.8,0,1
431381,flyer4,-6.4373e-06,1.84778,-0.3,0,2
431381,bullet3,14.8122,6.77395,0.8,0,1
431381,bullet5,6.66369,6.87713,0.8,0,1
431383,flyer5,6.87668,1.92587,-0.274952,-0.120007,1
431383,bullet6,2.74242,6.79839,0.8,0,1
431385,player,2.37835,6.76245,0.0111516,-0.0111516,1
431385,bullet4,14.2308,7.31189,0.8,0,1
431385,bullet2,2.77835,6.76245,0.8,0,1
431386,bullet5,10.6637,6.87713,0.8,0,1
431388,flyer5,5.50193,1.32583,-0.274952,-0.120007,1
431388,bullet6,6.74242,6.79839,0.8,0,1
431388,bullet1,2.78664,6.75416,0.8,0,1
431390,player,2.38731,6.75349,0.000205778,-0.000205778,1
431390,bullet2,6.77835,6.76245,0.8,0,1
431391,bullet5,14.6637,6.87713,0.8,0,1
431393,flyer5,4.12717,0.725801,-0.274952,-0.120007,1
431393,bullet6,10.7424,6.79839,0.8,0,1
431393,bullet1,6.78664,6.75416,0.8,0,1
431395,player,1.29578,7.84502,-0.165711,0.165711,1
431395,bullet2,10.7784,6.76245,0.8,0,1
431398,flyer5,2.75241,0.125767,-0.274952,-0.120007,1
431398,bullet6,14.7424,6.79839,0.8,0,1
431398,bullet1,10.7866,6.75416,0.8,0,1
431398,bullet3,2.13028,7.41052,0.8,0,1
431400,player,2.25439,6.88641,0.162657,-0.162657,1
431400,bullet2,14.7784,6.76245,0.8,0,1
431403,flyer5,1.37765,-0.474267,-0.274952,-0.120007,1
431403,flyer6,16.5,3.90296,-0.237415,0.183396,2
431403,bullet1,14.7866,6.75416,0.8,0,1
431403,bullet3,6.13028,7.41052,0.8,0,1
431404,flayer7,16.5,3.90296,-0.3,0,2
431405,player,3.08643,7.34425,-0.104279,0.0277532,1
431406,flayer8,16.5,3.90296,-0.3,0,2
431406,bullet4,3.43951,7.35674,0.8,0,1
431408,flyer6,15.3129,4.81994,-0.237415,0.183396,2
431408,bullet3,10.1303,7.41052,0.8,0,1
431408,bullet5,3.40889,7.36489,0.8,0,1
431409,flayer7,15,3.90296,-0.3,0,2
431409,bullet6,3.40461,7.36603,0.8,0,1
431410,player,3.00269,7.36654,-0.00192425,0.000512125,1
431411,flayer8,15,3.90296,-0.3,0,2
431411,bullet4,7.43951,7.35674,0.8,0,1
431413,flyer6,14.1258,5.73693,-0.237415,0.183396,2
431413,bullet3,14.1303,7.41052,0.8,0,1
431413,bullet5,7.40889,7.36489,0.8,0,1
431414,flayer7,13.5,3.90296,-0.3,0,2
431414,bullet6,7.40461,7.36603,0.8,0,1
431415,player,2.41267,6.77848,-0.0307902,-0.0307452,1
431416,flayer8,13.5,3.90296,-0.3,0,2
431416,bullet4,11.4395,7.35674,0.8,0,1
431416,bullet2,2.79881,6.76465,0.8,0,1
431418,flyer6,12.9388,6.65391,-0.237415,0.183396,1
431418,bullet5,11.4089,7.36489,0.8,0,1
431418,bullet1,2.78977,6.75562,0.8,0,1
431419,flayer7,12,3.90296,-0.3,0,2
431419,bullet6,11.4046,7.36603,0.8,0,1
431419,bullet3,2.78851,6.75436,0.8,0,1
431420,player,2.38794,6.75379,-0.000568166,-0.000567336,1
431421,flayer8,12,3.90296,-0.3,0,2
431421,bullet2,6.79881,6.76465,0.8,0,1
431423,bullet1,6.78977,6.75562,0.8,0,1
431424,flayer7,10.5,3.90296,-0.3,0,2
431424,bullet6,15.4046,7.36603,0.8,0,1
431424,bullet3,6.78851,6.75436,0.8,0,1
431425,player,1.79901,6.75334,-0.0307652,-1.04689e-05,1
431426,flayer8,10.5,3.90296,-0.3,0,2
431426,bullet2,10.7988,6.76465,0.8,0,1
431428,bullet1,10.7898,6.75562,0.8,0,1
431428,bullet4,2.17613,6.75333,0.8,0,1
431429,flayer7,9,3.90296,-0.3,0,2
431429,bullet3,10.7885,6.75436,0.8,0,1
431430,player,1.7743,6.75333,-0.000567704,-1.93182e-07,1
431431,flayer8,9,3.90296,-0.3,0,2
431431,bullet2,14.7988,6.76465,0.8,0,1
431433,bullet1,14.7898,6.75562,0.8,0,1
431433,bullet4,6.17613,6.75333,0.8,0,1
431434,flayer7,7.5,3.90296,-0.3,0,2
431434,bullet3,14.7885,6.75436,0.8,0,1
431435,player,0.834034,6.48852,-0.35135,0.32366,1
431436,flayer8,7.5,3.90296,-0.3,0,2
431437,flyer2,16.5,3.90296,-0.25958,-0.150393,2
431437,bullet5,1.00478,6.69971,0.8,0,1
431438,bullet4,10.1761,6.75333,0.8,0,1
431439,flayer7,5.99999,3.90296,-0.3,0,2
431440,player,0.55187,6.19072,-0.0064834,-0.0623713,1
431440,bullet6,0.95187,6.19072,0.8,0,1
431441,flayer8,5.99999,3.90296,-0.3,0,2
431442,flyer2,15.2021,3.151,-0.25958,-0.150393,2
431442,bullet5,5.00478,6.69971,0.8,0,1
431443,bullet4,14.1761,6.75333,0.8,0,1
431443,bullet2,0.8,6.63372,0.8,0,1
431444,flayer7,4.49999,3.90296,-0.3,0,2
431445,player,0.4,6.72911,0,0.0296038,1
431445,bullet6,4.95187,6.19072,0.8,0,1
431446,flayer8,4.49999,3.90296,-0.3,0,2
431447,flyer2,13.9042,2.39903,-0.25958,-0.150393,2
431447,bullet5,9.00478,6.69971,0.8,0,1
431448,bullet2,4.8,6.63372,0.8,0,1
431449,flayer7,2.99999,3.90296,-0.3,0,2
431450,player,0.988474,6.19516,0.0307547,-0.0677975,1
431450,bullet6,8.95187,6.19072,0.8,0,1
431450,bullet1,1.38847,6.19516,0.8,0,1
431451,flayer8,2.99999,3.90296,-0.3,0,2
431452,flyer2,12.6063,1.64707,-0.25958,-0.150393,2
431452,bullet5,13.0048,6.69971,0.8,0,1
431453,bullet2,8.8,6.63372,0.8,0,1
431454,flayer7,1.49999,3.90296,-0.3,0,2
431455,player,1.84005,5.80322,0.489942,-0.338751,1
431455,bullet6,12.9519,6.19072,0.8,0,1
431455,bullet1,5.38847,6.19516,0.8,0,1
431456,flayer8,1.49999,3.90296,-0.3,0,2
431457,flyer2,11.3084,0.895103,-0.25958,-0.150393,2
431458,bullet2,12.8,6.63372,0.8,0,1
431459,flayer7,-6.4373e-06,3.90296,-0.3,0,2
431460,player,2.48449,4.97345,-0.297704,-0.0745947,1
431460,bullet1,9.38847,6.19516,0.8,0,1
431461,flayer8,-6.4373e-06,3.90296,-0.3,0,2
431462,flyer2,10.0105,0.143138,-0.25958,-0.150393,2
431463,flyer1,16.5,11.3519,-0.3,0,2
431463,bullet2,16.8,6.63372,0.8,0,1
431464,flyer3,16.5,3.90296,-0.260832,0.148212,2
431464,bullet3,3.20862,5.47264,0.8,0,1
431465,player,2.49638,5.83952,-0.312239,0.366878,1
431465,bullet1,13.3885,6.19516,0.8,0,1
431467,bullet4,1.89264,6.07891,-0.8,-6.99382e-08,1
431468,flyer1,15,11.3519,-0.3,0,2
431468,bullet5,2.66419,6.11234,0.8,0,1
431469,flyer3,15.1958,4.64403,-0.260832,0.148212,2
431469,bullet3,7.20862,5.47264,0.8,0,1
431470,player,2.24562,6.13415,-0.00576168,0.00676993,1
431471,bullet6,1.84303,6.1372,-0.8,-6.99382e-08,1
431472,bullet2,2.64186,6.13857,0.8,0,1
431473,flyer1,13.5,11.3519,-0.3,0,2
431473,bullet5,6.66419,6.11234,0.8,0,1
431474,flyer3,13.8917,5.38509,-0.260832,0.148212,2
431474,bullet3,11.2086,5.47264,0.8,0,1
431475,player,2.73037,5.65021,0.151769,-0.15175,1
431475,bullet1,3.13037,5.65021,0.8,0,1
431477,bullet2,6.64186,6.13857,0.8,0,1
431478,flyer1,12,11.3519,-0.3,0,2
431478,bullet5,10.6642,6.11234,0.8,0,1
431479,flyer3,12.5875,6.12615,-0.260832,0.148212,1
431480,player,2.85225,4.4505,0.00280056,-0.18543,1
431480,bullet1,7.13037,5.65021,0.8,0,1
431481,bullet4,3.25351,4.36705,0.8,0,1
431482,bullet2,10.6419,6.13857,0.8,0,1
431483,flyer1,10.5,11.3519,-0.3,0,2
431485,player,2.8545,4.20248,5.16782e-05,0.117699,1
431485,bullet1,11.1304,5.65021,0.8,0,1
431486,bullet4,7.25351,4.36705,0.8,0,1
431487,bullet2,14.6419,6.13857,0.8,0,1
431488,flyer1,9,11.3519,-0.3,0,2
431490,player,1.80745,3.24991,-0.220218,-0.218047,1
431490,flyer4,16.5,11.3519,-0.3,0,2
431490,bullet1,15.1304,5.65021,0.8,0,1
431491,bullet4,11.2535,4.36705,0.8,0,1
431492,flyer5,16.5,11.3519,-0.295688,0.0506832,2
431492,bullet6,1.57438,3.10764,0.8,0,1
431493,flyer1,7.5,11.3519,-0.3,0,2
431495,player,1.36578,3.4123,0.319597,0.333476,1
431495,flyer4,15,11.3519,-0.3,0,2
431496,bullet4,15.2535,4.36705,0.8,0,1
431497,flyer5,15.0216,11.6054,-0.295688,0.0506832,2
431497,bullet6,5.57438,3.10764,0.8,0,1
431498,flyer1,5.99999,11.3519,-0.3,0,2
431499,bullet3,2.60502,3.08549,0.8,0,1
431500,player,2.56226,3.0778,0.357237,-0.00768603,1
431500,flyer4,13.5,11.3519,-0.3,0,2
431502,flyer5,13.5431,11.8588,-0.295688,0.0506832,2
431502,bullet6,9.57438,3.10764,0.8,0,1
431502,bullet5,3.19536,3.07278,0.8,0,1
431503,flyer1,4.49999,11.3519,-0.3,0,2
431503,bullet2,3.22791,3.07208,0.8,0,1
431504,bullet3,6.60502,3.08549,0.8,0,1
431505,player,3.18665,2.73413,0.344092,-0.337642,1
431505,flyer4,12,11.3519,-0.3,0,2
431507,flyer5,12.0647,12.1122,-0.295688,0.0506832,2
431507,bullet6,13.5744,3.10764,0.8,0,1
431507,bullet5,7.19536,3.07278,0.8,0,1
431508,flyer1,2.99999,11.3519,-0.3,0,2
431508,bullet2,7.22791,3.07208,0.8,0,1
431509,bullet3,10.605,3.08549,0.8,0,1
431510,player,2.86068,2.46297,-0.00749014,-0.00623044,1
431510,flyer4,10.5,11.3519,-0.3,0,2
431512,flyer5,10.5862,12.3656,-0.295688,0.0506832,2
431512,bullet5,11.1954,3.07278,0.8,0,1
431513,flyer1,1.49999,11.3519,-0.3,0,2
431513,bullet2,11.2279,3.07208,0.8,0,1
431513,bullet1,3.25511,2.45834,0.8,0,1
431514,bullet3,14.605,3.08549,0.8,0,1
431515,player,2.51716,2.79547,-0.337638,0.337385,1
431515,flyer4,9,11.3519,-0.3,0,2
431517,flyer5,9.10781,12.619,-0.295688,0.0506832,2
431517,bullet5,15.1954,3.07278,0.8,0,1
431518,flyer1,-6.4373e-06,11.3519,-0.3,0,2
431518,bullet2,15.2279,3.07208,0.8,0,1
431518,bullet1,7.25511,2.45834,0.8,0,1
431518,bullet4,2.66608,3.04636,0.8,0,1
431520,player,2.24601,3.06642,-0.00623037,0.0062257,1
431520,flyer4,7.5,11.3519,-0.3,0,2
431520,bullet6,2.64601,3.06642,0.8,0,1
431522,flyer5,7.62937,12.8724,-0.295688,0.0506832,2
431523,bullet1,11.2551,2.45834,0.8,0,1
431523,bullet4,6.66608,3.04636,0.8,0,1
431525,player,2.82948,3.88011,0.0306397,-0.238287,1
431525,flyer4,5.99999,11.3519,-0.3,0,2
431525,bullet6,6.64601,3.06642,0.8,0,1
431527,flyer5,6.15093,13.1259,-0.295688,0.0506832,2
431528,bullet1,15.2551,2.45834,0.8,0,1
431528,bullet4,10.6661,3.04636,0.8,0,1
431528,bullet3,3.25226,3.1452,0.8,0,1
431530,player,2.85408,3.08643,0.000565389,-0.0182367,1
431530,flyer4,4.49999,11.3519,-0.3,0,2
431530,bullet6,10.646,3.06642,0.8,0,1
431531,bullet5,3.25434,3.07823,0.8,0,1
431532,flyer5,4.67249,13.3793,-0.295688,0.0506832,2
431533,bullet4,14.6661,3.04636,0.8,0,1
431533,bullet3,7.25226,3.1452,0.8,0,1
431535,player,2.85454,3.07179,1.0433e-05,-0.000336518,1
431535,flyer4,2.99999,11.3519,-0.3,0,2
431535,bullet6,14.646,3.06642,0.8,0,1
431536,bullet5,7.25434,3.07823,0.8,0,1
431537,flyer5,3.19405,13.6327,-0.295688,0.0506832,2
431538,bullet3,11.2523,3.1452,0.8,0,1
431538,bullet2,3.81227,3.62926,0.8,0,1
431540,player,3.94623,4.16321,0.165715,0.165708,1
431540,flyer4,1.49999,11.3519,-0.3,0,2
431541,bullet5,11.2543,3.07823,0.8,0,1
431542,flyer5,1.71562,13.8861,-0.295688,0.0506832,2
431542,bullet1,4.45436,4.27133,0.8,0,1
431543,bullet3,15.2523,3.1452,0.8,0,1
431543,bullet2,7.81227,3.62926,0.8,0,1
431545,player,4.63704,4.5165,0.0714016,-0.266098,1
431545,flyer4,-6.4373e-06,11.3519,-0.3,0,2
431546,bullet5,15.2543,3.07823,0.8,0,1
431546,bullet4,5.06917,4.39676,0.8,0,1
431547,flyer5,0.237177,14.1395,-0.295688,0.0506832,2
431547,bullet1,8.45437,4.27133,0.8,0,1
431548,bullet2,11.8123,3.62926,0.8,0,1
431549,bullet6,5.09306,4.30771,0.8,0,1
431550,player,5.03188,4.3028,0.338818,-0.00491026,1
431551,bullet4,9.06917,4.39676,0.8,0,1
431552,bullet1,12.4544,4.27133,0.8,0,1
431553,bullet2,15.8123,3.62926,0.8,0,1
431554,flyer6,16.5,2.17499,-0.3,0,2
431554,bullet6,9.09306,4.30771,0.8,0,1
431555,player,6.45017,4.26811,0.105351,0.0374985,1
431556,bullet4,13.0692,4.39676,0.8,0,1
431557,flayer7,16.5,15.0086,-0.265685,-0.139325,2
431557,bullet3,7.40829,4.29257,0.8,0,1
431559,flyer6,15,2.17499,-0.3,0,2
431559,bullet6,13.0931,4.30771,0.8,0,1
431560,player,7.13709,4.29822,0.0157836,0.000691952,1
431560,bullet5,7.53709,4.29822,0.8,0,1
431562,flayer7,15.1716,14.312,-0.265685,-0.139325,2
431562,bullet3,11.4083,4.29257,0.8,0,1
431564,flyer6,13.5,2.17499,-0.3,0,2
431565,player,6.00357,5.44497,-0.0988072,0.0991112,1
431565,bullet5,11.5371,4.29822,0.8,0,1
431567,flayer7,13.8432,13.6154,-0.265685,-0.139325,2
431567,bullet3,15.4083,4.29257,0.8,0,1
431569,flyer6,12,2.17499,-0.3,0,2
431569,flayer8,16.5,15.2376,-0.3,0,2
431569,bullet2,6.32605,5.52273,0.8,0,1
431570,player,5.92422,5.18706,-0.00182327,-0.335671,1
431570,bullet5,15.5371,4.29822,0.8,0,1
431572,flayer7,12.5147,12.9188,-0.265685,-0.139325,2
431573,bullet1,6.81224,4.44807,0.8,0,1
431574,flyer6,10.5,2.17499,-0.3,0,2
431574,flayer8,15,15.2376,-0.3,0,2
431574,bullet2,10.326,5.52273,0.8,0,1
431575,player,6.51123,4.32902,0.030721,-0.0369488,1
431575,bullet4,6.91123,4.32902,0.8,0,1
431576,bullet6,6.92506,4.31239,0.8,0,1
431577,flayer7,11.1863,12.2221,-0.265685,-0.139325,2
431578,bullet1,10.8122,4.44807,0.8,0,1
431579,flyer6,9,2.17499,-0.3,0,2
431579,flayer8,13.5,15.2376,-0.3,0,2
431579,bullet2,14.326,5.52273,0.8,0,1
431580,player,5.97819,4.85706,-0.0677769,0.0676619,1
431580,bullet4,10.9112,4.32902,0.8,0,1
431581,bullet6,10.9251,4.31239,0.8,0,1
431582,flayer7,9.85787,11.5255,-0.265685,-0.139325,2
431582,bullet3,6.33396,4.90121,0.8,0,1
431583,bullet1,14.8122,4.44807,0.8,0,1
431584,flyer6,7.5,2.17499,-0.3,0,2
431584,flayer8,12,15.2376,-0.3,0,2
431585,player,5.92376,4.9114,-0.00125067,0.00124855,1
431585,bullet4,14.9112,4.32902,0.8,0,1
431585,bullet5,6.32376,4.9114,0.8,0,1
431586,bullet6,14.9251,4.31239,0.8,0,1
431587,flayer7,8.52945,10.8289,-0.265685,-0.139325,2
431587,bullet3,10.334,4.90121,0.8,0,1
431588,bullet2,6.32282,5.47005,0.8,0,1
431589,flyer6,5.99999,2.17499,-0.3,0,2
431589,flayer8,10.5,15.2376,-0.3,0,2
431590,player,5.92275,5.51472,-2.30784e-05,0.0138626,1
431590,bullet5,10.3238,4.9114,0.8,0,1
431590,bullet1,5.52275,5.51472,-0.8,-6.99382e-08,1
431592,flayer7,7.20102,10.1323,-0.265685,-0.139325,2
431592,bullet3,14.334,4.90121,0.8,0,1
431593,bullet2,10.3228,5.47005,0.8,0,1
431594,flyer6,4.49999,2.17499,-0.3,0,2
431594,flayer8,9,15.2376,-0.3,0,2
431595,player,5.92273,4.96813,-4.25862e-07,-0.068088,1
431595,bullet5,14.3238,4.9114,0.8,0,1
431595,bullet1,1.52275,5.51472,-0.8,-6.99382e-08,1
431595,bullet4,6.32273,4.96813,0.8,0,1
431597,flayer7,5.8726,9.43563,-0.265685,-0.139325,2
431598,bullet2,14.3228,5.47005,0.8,0,1
431599,flyer6,2.99999,2.17499,-0.3,0,2
431599,flayer8,7.5,15.2376,-0.3,0,2
431600,player,5.92273,4.42408,-7.85836e-09,-0.153131,1
431600,bullet4,10.3227,4.96813,0.8,0,1
431600,bullet6,5.52273,4.42408,-0.8,-6.99382e-08,1
431602,flayer7,4.54417,8.739,-0.265685,-0.139325,2
431602,bullet3,6.32273,4.32416,0.8,0,1
431604,flyer6,1.49999,2.17499,-0.3,0,2
431604,flayer8,5.99999,15.2376,-0.3,0,2
431605,player,5.70252,3.9636,0.269156,-0.340326,1
431605,bullet4,14.3227,4.96813,0.8,0,1
431605,bullet6,1.52273,4.42408,-0.8,-6.99382e-08,1
431606,bullet5,6.22364,3.81045,0.8,0,1
431607,flayer7,3.21575,8.04238,-0.265685,-0.139325,2
431607,bullet3,10.3227,4.32416,0.8,0,1
431609,flyer6,-6.4373e-06,2.17499,-0.3,0,2
431609,flayer8,4.49999,15.2376,-0.3,0,2
431609,bullet1,6.31371,3.69657,0.8,0,1
431610,player,5.91867,3.35279,0.00496669,-0.34378,1
431611,bullet5,10.2236,3.81045,0.8,0,1
431612,flayer7,1.88732,7.34575,-0.265685,-0.139325,2
431612,bullet3,14.3227,4.32416,0.8,0,1
431612,bullet2,6.32191,3.12847,0.8,0,1
431614,flayer8,2.99999,15.2376,-0.3,0,2
431614,bullet1,10.3137,3.69657,0.8,0,1
431615,player,5.92266,3.29693,9.16494e-05,-0.2755,1
431616,bullet5,14.2236,3.81045,0.8,0,1
431617,flayer7,0.558899,6.64912,-0.265685,-0.139325,2
431617,bullet2,10.3219,3.12847,0.8,0,1
431619,flayer8,1.49999,15.2376,-0.3,0,2
431619,bullet1,14.3137,3.69657,0.8,0,1
431620,player,7.06893,1.92948,0.0991001,-0.104182,1
431620,bullet4,6.66893,1.92948,-0.8,-6.99382e-08,1
431621,bullet6,7.51352,1.8826,0.8,0,1
431622,bullet2,14.3219,3.12847,0.8,0,1
431624,flayer8,-6.4373e-06,15.2376,-0.3,0,2
431625,player,6.59079,2.40354,-0.0665151,0.0664213,1
431625,flyer2,16.5,15.2376,-0.3,0,2
431625,bullet4,2.66893,1.92948,-0.8,-6.99382e-08,1
431625,bullet3,6.99079,2.40354,0.8,0,1
431626,bullet6,11.5135,1.8826,0.8,0,1
431628,bullet5,7.4307,1.96355,0.8,0,1
431630,player,7.46335,1.8684,0.367027,-0.029529,1
431630,flyer2,15,15.2376,-0.3,0,2
431630,bullet3,10.9908,2.40354,0.8,0,1
431631,bullet6,15.5135,1.8826,0.8,0,1
431633,flyer3,16.5,15.2376,-0.267089,-0.136614,2
431633,bullet5,11.4307,1.96355,0.8,0,1
431633,bullet1,8.69399,2.40416,0.8,0,1
431634,bullet2,8.7398,2.43371,0.8,0,1
431635,player,8.36041,2.447,0.0206123,0.0132947,1
431635,flyer2,13.5,15.2376,-0.3,0,2
431635,bullet3,14.9908,2.40354,0.8,0,1
431638,flyer3,15.1646,14.5546,-0.267089,-0.136614,2
431638,bullet5,15.4307,1.96355,0.8,0,1
431638,bullet1,12.694,2.40416,0.8,0,1
431638,bullet4,8.77574,2.45689,0.8,0,1
431639,bullet2,12.7398,2.43371,0.8,0,1
431640,player,8.71447,2.45768,0.33788,0.000245325,1
431640,flyer2,12,15.2376,-0.3,0,2
431643,flyer3,13.8291,13.8715,-0.267089,-0.136614,2
431643,bullet4,12.7757,2.45689,0.8,0,1
431644,flyer1,16.5,15.2376,-0.237108,0.183793,2
431644,bullet6,8.7911,2.55697,0.8,0,1
431645,player,8.3835,2.50247,-0.00760477,-0.0544996,1
431645,flyer2,10.5,15.2376,-0.3,0,2
431647,bullet3,8.77853,2.46691,0.8,0,1
431648,flyer3,12.4937,13.1884,-0.267089,-0.136614,2
431649,flyer1,15.3145,16.1566,-0.237108,0.183793,2
431649,bullet6,12.7911,2.55697,0.8,0,1
431650,player,8.37738,1.56349,-0.000140329,-0.406849,1
431650,flyer2,9,15.2376,-0.3,0,2
431652,bullet3,12.7785,2.46691,0.8,0,1
431653,flyer3,11.1582,12.5054,-0.267089,-0.136614,2
431654,flyer4,16.5,9.08868,-0.271189,-0.128282,2
431655,player,7.93249,2.39678,-0.206382,0.0746758,1
431655,flyer2,7.5,15.2376,-0.3,0,2
431657,flyer5,16.5,15.2376,-0.294358,-0.0579068,2
431658,flyer3,9.82275,11.8223,-0.267089,-0.136614,2
431658,bullet5,8.73674,2.45231,0.8,0,1
431659,flyer4,15.1441,8.44726,-0.271189,-0.128282,2
431660,player,8.70657,2.11925,0.347531,-0.336122,1
431660,flyer2,5.99999,15.2376,-0.3,0,2
431662,flyer5,15.0282,14.9481,-0.294358,-0.0579068,2
431662,bullet1,9.33333,1.89993,0.8,0,1
431663,flyer3,8.4873,11.1392,-0.267089,-0.136614,2
431663,bullet5,12.7367,2.45231,0.8,0,1
431663,bullet2,9.365,1.8693,0.8,0,1
431664,flyer4,13.7881,7.80585,-0.271189,-0.128282,2
431665,player,8.98566,1.84932,0.00641293,-0.0062024,1
431665,flyer2,4.49999,15.2376,-0.3,0,2
431665,bullet4,9.38566,1.84932,0.8,0,1
431667,flyer5,13.5564,14.6586,-0.294358,-0.0579068,2
431667,bullet1,13.3333,1.89993,0.8,0,1
431668,flyer3,7.15186,10.4561,-0.267089,-0.136614,2
431668,bullet2,13.365,1.8693,0.8,0,1
431669,flyer4,12.4322,7.16444,-0.271189,-0.128282,2
431670,player,9.32831,2.33371,0.337618,0.151761,1
431670,flyer2,2.99999,15.2376,-0.3,0,2
431670,bullet4,13.3857,1.84932,0.8,0,1
431672,flyer5,12.0846,14.369,-0.294358,-0.0579068,2
431673,flyer3,5.81641,9.77308,-0.267089,-0.136614,2
431674,flyer4,11.0762,6.52303,-0.271189,-0.128282,2
431675,player,9.85042,2.70656,-0.300515,-0.303945,1
431675,flyer2,1.49999,15.2376,-0.3,0,2
431677,flyer5,10.6128,14.0795,-0.294358,-0.0579068,2
431678,flyer3,4.48096,9.09001,-0.267089,-0.136614,2
431679,flyer4,9.72026,5.88161,-0.271189,-0.128282,2
431680,player,10.2114,2.3106,0.00829426,0.180016,1
431680,flyer2,-6.4373e-06,15.2376,-0.3,0,2
431682,flyer5,9.14104,13.79,-0.294358,-0.0579068,2
431682,flyer6,16.5,9.08868,-0.245837,0.171942,2
431683,flyer3,3.14552,8.40694,-0.267089,-0.136614,2
431684,flyer4,8.36431,5.2402,-0.271189,-0.128282,2
431685,player,10.2181,3.60135,0.000153052,0.10242,1
431687,flyer5,7.66925,13.5004,-0.294358,-0.0579068,2
431687,flyer6,15.2708,9.94839,-0.245837,0.171942,2
431687,bullet6,10.6181,3.66818,0.8,0,1
431688,flyer3,1.81007,7.72387,-0.267089,-0.136614,2
431689,flyer4,7.00836,4.59879,-0.271189,-0.128282,2
431689,bullet3,10.6182,3.68172,0.8,0,1
431690,player,10.2182,3.68361,2.82425e-06,0.00188994,1
431690,bullet5,10.6182,3.68361,0.8,0,1
431692,flyer5,6.19746,13.2109,-0.294358,-0.0579068,2
431692,flyer6,14.0416,10.8081,-0.245837,0.171942,2
431692,bullet6,14.6181,3.66818,0.8,0,1
431693,flyer3,0.474623,7.0408,-0.267089,-0.136614,2
431694,flyer4,5.65242,3.95737,-0.271189,-0.128282,2
431694,bullet3,14.6182,3.68172,0.8,0,1
431694,bullet1,10.6182,4.17447,0.8,0,1
431695,player,10.2182,4.24284,5.21153e-08,0.0683786,1
431695,bullet5,14.6182,3.68361,0.8,0,1
431696,bullet2,10.6182,4.27361,0.8,0,1
431697,flyer5,4.72567,12.9213,-0.294358,-0.0579068,2
431697,flyer6,12.8124,11.6678,-0.245837,0.171942,2
431697,bullet4,9.81818,4.28746,-0.8,-6.99382e-08,1
431699,flyer4,4.29647,3.31596,-0.271189,-0.128282,2
431699,bullet1,14.6182,4.17447,0.8,0,1
431699,bullet6,10.6182,4.2965,0.8,0,1
431700,player,10.2182,4.29776,9.61674e-10,0.00126178,1
431701,bullet2,14.6182,4.27361,0.8,0,1
431702,flyer5,3.25388,12.6318,-0.294358,-0.0579068,2
431702,flyer6,11.5833,12.5275,-0.245837,0.171942,2
431702,bullet4,5.81818,4.28746,-0.8,-6.99382e-08,1
431704,flyer4,2.94053,2.67455,-0.271189,-0.128282,2
431704,bullet6,14.6182,4.2965,0.8,0,1
431704,bullet3,10.3076,3.71028,-0.8,-6.99382e-08,1
431705,player,10.7759,3.69646,0.0683438,-0.0138163,1
431706,bullet5,11.2066,3.69024,0.8,0,1
431707,flyer5,1.78209,12.3423,-0.294358,-0.0579068,2
431707,flyer6,10.3541,13.3872,-0.245837,0.171942,2
431707,bullet4,1.81818,4.28746,-0.8,-6.99382e-08,1
431708,bullet1,11.2267,3.68619,0.8,0,1
431709,flyer4,1.58458,2.03314,-0.271189,-0.128282,2
431709,bullet3,6.30755,3.71028,-0.8,-6.99382e-08,1
431710,player,10.8308,4.02286,0.00126113,0.337245,1
431711,bullet5,15.2067,3.69024,0.8,0,1
431712,flyer5,0.310295,12.0527,-0.294358,-0.0579068,2
431712,flyer6,9.12488,14.2469,-0.245837,0.171942,2
431713,bullet1,15.2267,3.68619,0.8,0,1
431713,bullet2,11.7894,3.71593,0.8,0,1
431714,flyer4,0.228633,1.39173,-0.271189,-0.128282,2
431714,bullet3,2.30755,3.71028,-0.8,-6.99382e-08,1
431715,player,11.9235,3.20201,0.165738,-0.159491,1
431717,flyer6,7.8957,15.1066,-0.245837,0.171942,2
431717,flayer7,16.5,9.08868,-0.3,0,2
431718,flayer8,16.5,9.08868,-0.3,0,2
431718,bullet2,15.7894,3.71593,0.8,0,1
431718,bullet6,11.9574,3.57279,0.8,0,1
431720,player,11.4681,3.3249,-0.0276964,-0.309688,1
431722,flyer6,6.66651,15.9663,-0.245837,0.171942,2
431722,flayer7,15,9.08868,-0.3,0,2
431723,flayer8,15,9.08868,-0.3,0,2
431723,bullet6,15.9574,3.57279,0.8,0,1
431723,bullet4,12.4052,3.65233,0.8,0,1
431725,player,12.3857,4.01601,0.350829,0.345625,1
431726,flyer1,16.5,1.98469,-0.3,0,2
431727,flayer7,13.5,9.08868,-0.3,0,2
431728,flayer8,13.5,9.08868,-0.3,0,2
431728,flyer2,16.5,1.98469,-0.3,0,2
431728,bullet5,13.5359,4.7624,0.8,0,1
431730,player,13.5934,5.21955,0.374728,0.374632,1
431731,flyer1,15,1.98469,-0.3,0,2
431731,bullet1,14.162,5.38813,0.8,0,1
431732,flayer7,12,9.08868,-0.3,0,2
431733,flayer8,12,9.08868,-0.3,0,2
431733,flyer2,15,1.98469,-0.3,0,2
431735,player,13.405,5.52041,-0.14496,0.00691302,1
431735,bullet3,13.805,5.52041,0.8,0,1
431736,flyer1,13.5,1.98469,-0.3,0,2
431737,flayer7,10.5,9.08868,-0.3,0,2
431737,bullet2,13.7104,5.52492,0.8,0,1
431738,flayer8,10.5,9.08868,-0.3,0,2
431738,flyer2,13.5,1.98469,-0.3,0,2
431738,bullet6,13.6972,5.52555,0.8,0,1
431740,player,13.2885,5.52596,-0.00267492,0.000127565,1
431741,flyer1,12,1.98469,-0.3,0,2
431742,flayer7,9,9.08868,-0.3,0,2
431742,bullet4,13.1974,6.01542,0.8,0,1
431743,flayer8,9,9.08868,-0.3,0,2
431743,flyer2,12,1.98469,-0.3,0,2
431745,player,12.3466,6.12837,-0.351389,0.013842,1
431746,flyer1,10.5,1.98469,-0.3,0,2
431747,flayer7,7.5,9.08868,-0.3,0,2
431748,flayer8,7.5,9.08868,-0.3,0,2
431748,flyer2,10.5,1.98469,-0.3,0,2
431750,player,12.0644,5.58177,-0.00648411,-0.0680883,1
431750,bullet5,12.4644,5.58177,0.8,0,1
431751,flyer1,9,1.98469,-0.3,0,2
431752,flayer7,5.99999,9.08868,-0.3,0,2
431752,bullet1,12.4602,5.53734,0.8,0,1
431753,flayer8,5.99999,9.08868,-0.3,0,2
431753,flyer2,9,1.98469,-0.3,0,2
431754,bullet3,12.4593,5.52835,0.8,0,1
431755,player,12.3967,5.86459,0.33738,0.336244,1
431756,flyer1,7.5,1.98469,-0.3,0,2
431757,flayer7,4.49999,9.08868,-0.3,0,2
431758,flayer8,4.49999,9.08868,-0.3,0,2
431758,flyer2,7.5,1.98469,-0.3,0,2
431758,bullet2,13.5369,6.60401,0.8,0,1
431760,player,13.2561,6.7231,0.0369803,0.0369593,1
431760,bullet6,12.8561,6.7231,-0.8,-6.99382e-08,1
431761,flyer1,5.99999,1.98469,-0.3,0,2
431762,flayer7,2.99999,9.08868,-0.3,0,2
431763,flayer8,2.99999,9.08868,-0.3,0,2
431763,flyer2,5.99999,1.98469,-0.3,0,2
431765,player,13.8743,6.78353,0.0314371,-0.0369071,1
431765,bullet6,8.8561,6.7231,-0.8,-6.99382e-08,1
431766,flyer1,4.49999,1.98469,-0.3,0,2
431767,flayer7,1.49999,9.08868,-0.3,0,2
431767,bullet4,14.2948,6.75945,0.8,0,1
431768,flayer8,1.49999,9.08868,-0.3,0,2
431768,flyer2,4.49999,1.98469,-0.3,0,2
431770,player,14.3889,6.7539,0.152455,-0.000681039,1
431770,bullet6,4.8561,6.7231,-0.8,-6.99382e-08,1
431770,bullet5,14.7889,6.7539,0.8,0,1
431771,flyer1,2.99999,1.98469,-0.3,0,2
431772,flayer7,-6.4373e-06,9.08868,-0.3,0,2
431772,bullet1,14.8884,6.75345,0.8,0,1
431773,flayer8,-6.4373e-06,9.08868,-0.3,0,2
431773,flyer2,2.99999,1.98469,-0.3,0,2
431775,player,15.0007,7.24273,0.154688,0.151862,1
431775,flyer3,16.5,1.98469,-0.270694,0.129324,2
431775,bullet6,0.856096,6.7231,-0.8,-6.99382e-08,1
431776,flyer1,1.49999,1.98469,-0.3,0,2
431776,bullet3,15.4703,7.31106,0.8,0,1
431778,flyer2,1.49999,1.98469,-0.3,0,2
431778,flyer5,16.5,2.16946,-0.3,0,2
431780,player,14.199,7.95316,-0.3654,0.033557,1
431780,flyer3,15.1465,2.63131,-0.270694,0.129324,2
431781,flyer1,-6.4373e-06,1.98469,-0.3,0,2
431783,flyer2,-6.4373e-06,1.98469,-0.3,0,2
431783,flyer5,15,2.16946,-0.3,0,2
431783,flyer4,16.5,2.16946,-0.296094,-0.0482514,2
431784,bullet2,14.4114,7.49011,0.8,0,1
431785,player,13.9501,7.42239,-0.0612468,-0.0677245,1
431785,flyer3,13.7931,3.27793,-0.270694,0.129324,2
431786,bullet4,14.3225,7.39191,0.8,0,1
431788,flyer5,13.5,2.16946,-0.3,0,2
431788,flyer4,15.0195,1.9282,-0.296094,-0.0482514,2
431789,flyer6,16.5,2.16946,-0.274336,0.121408,2
431790,player,13.3432,7.368,-0.0694739,-0.00124971,1
431790,flyer3,12.4396,3.92455,-0.270694,0.129324,2
431793,flyer5,12,2.16946,-0.3,0,2
431793,flyer4,13.5391,1.68694,-0.296094,-0.0482514,2
431794,flyer6,15.1283,2.7765,-0.274336,0.121408,2
431794,bullet5,13.1993,7.26792,0.8,0,1
431795,player,12.7297,7.32241,-0.0696257,0.0544811,1
431795,flyer3,11.0861,4.57117,-0.270694,0.129324,2
431798,flyer5,10.5,2.16946,-0.3,0,2
431798,flyer4,12.0586,1.44569,-0.296094,-0.0482514,2
431798,bullet1,12.5202,6.8052,0.8,0,1
431799,flyer6,13.7566,3.38354,-0.274336,0.121408,2
431800,player,11.5821,6.76384,-0.166999,-0.0128343,1
431800,flyer3,9.73265,5.21778,-0.270694,0.129324,2
431801,bullet6,11.9069,6.75807,0.8,0,1
431803,flyer5,9,2.16946,-0.3,0,2
431803,flyer4,10.5781,1.20443,-0.296094,-0.0482514,2
431804,flyer6,12.385,3.99058,-0.274336,0.121408,2
431804,bullet3,11.8511,6.2644,0.8,0,1
431805,player,11.448,6.19582,-0.00308161,-0.0685806,1
431805,flyer3,8.37919,5.8644,-0.270694,0.129324,2
431806,bullet6,15.9069,6.75807,0.8,0,1
431807,bullet2,11.046,6.15107,-0.8,-6.99382e-08,1
431808,flyer5,7.5,2.16946,-0.3,0,2
431808,flyer4,9.09765,0.963173,-0.296094,-0.0482514,2
431808,bullet4,11.8457,6.14482,0.8,0,1
431809,flyer6,11.0133,4.59762,-0.274336,0.121408,2
431809,bullet3,15.8511,6.2644,0.8,0,1
431810,player,11.783,6.14075,0.337443,-0.0012655,1
431810,flyer3,7.02571,6.51102,-0.270694,0.129324,2
431811,bullet5,12.3348,6.14018,0.8,0,1
431813,flyer5,5.99999,2.16946,-0.3,0,2
431813,flyer4,7.61718,0.721916,-0.296094,-0.0482514,2
431813,bullet4,15.8457,6.14482,0.8,0,1
431814,flyer6,9.6416,5.20466,-0.274336,0.121408,2
431814,bullet1,11.9584,5.65038,0.8,0,1
431815,player,11.4963,5.58201,-0.062117,-0.0683671,1
431815,flyer3,5.67224,7.15764,-0.270694,0.129324,1
431816,bullet5,16.3348,6.14018,0.8,0,1
431818,flyer5,4.49999,2.16946,-0.3,0,2
431818,flyer4,6.13671,0.480659,-0.296094,-0.0482514,2
431818,bullet6,12.3395,6.02055,0.8,0,1
431819,flyer6,8.26992,5.8117,-0.274336,0.121408,2
431819,bullet1,15.9584,5.65038,0.8,0,1
431820,player,12.0349,6.11558,0.0296085,0.0294931,1
431820,flyer3,4.31877,7.80426,-0.270694,0.129324,1
431821,bullet3,12.4482,6.12885,0.8,0,1
431823,flyer5,2.99999,2.16946,-0.3,0,2
431823,flyer4,4.65624,0.239402,-0.296094,-0.0482514,2
431823,bullet6,16.3395,6.02055,0.8,0,1
431824,flyer6,6.89824,6.41874,-0.274336,0.121408,2
431824,bullet2,12.4581,6.13872,0.8,0,1
431825,player,12.3961,5.80176,0.338046,-0.336956,1
431825,flyer3,2.9653,8.45088,-0.270694,0.129324,1
431827,bullet4,13.0167,5.5819,0.8,0,1
431828,flyer5,1.49999,2.16946,-0.3,0,2
431828,flyer4,3.17576,-0.00185459,-0.296094,-0.0482514,2
431829,flyer6,5.52657,7.02578,-0.274336,0.121408,2
431830,player,12.6676,5.53116,0.00623791,-0.00621778,1
431830,flyer3,1.61183,9.0975,-0.270694,0.129324,1
431830,bullet5,13.0676,5.53116,0.8,0,1
431833,flyer5,-6.4373e-06,2.16946,-0.3,0,2
431833,flyer4,1.69529,-0.243111,-0.296094,-0.0482514,2
431834,flyer6,4.15489,7.63282,-0.274336,0.121408,2
431835,player,12.628,6.12848,0.0546192,0.0137249,1
431835,flyer3,0.258359,9.74412,-0.270694,0.129324,1
431835,flayer7,16.5,2.16946,-0.286944,0.0875408,2
431835,bullet1,13.028,6.12848,0.8,0,1
431837,bullet6,13.0637,6.13744,0.8,0,1
431838,flyer4,0.214822,-0.484368,-0.296094,-0.0482514,2
431839,flyer6,2.78321,8.23986,-0.274336,0.121408,2
431840,player,13.2296,6.69722,0.0693516,0.068597,1
431840,flayer7,15.0653,2.60716,-0.286944,0.0875408,2
431840,flayer8,16.5,2.16946,-0.3,0,2
431840,bullet3,13.6296,6.69722,0.8,0,1
431844,flyer6,1.41153,8.8469,-0.274336,0.121408,2
431844,flyer1,16.5,3.61624,-0.3,0,2
431845,player,12.683,7.04522,-0.0125599,0.39327,1
431845,flayer7,13.6306,3.04487,-0.286944,0.0875408,2
431845,flayer8,15,2.16946,-0.3,0,2
431847,bullet2,13.0748,7.30183,0.8,0,1
431849,flyer6,0.039851,9.45394,-0.274336,0.121408,2
431849,flyer1,15,3.61624,-0.3,0,2
431850,player,12.6729,7.91877,-0.000231765,0.0756007,1
431850,flayer7,12.1958,3.48257,-0.286944,0.0875408,2
431850,flayer8,13.5,2.16946,-0.3,0,2
431850,bullet4,13.0729,7.91877,0.8,0,1
431853,bullet5,13.0727,7.41727,0.8,0,1
431854,flyer1,13.5,3.61624,-0.3,0,2
431855,player,12.6727,7.37717,-4.27672e-06,-0.0124446,1
431855,flayer7,10.7611,3.92027,-0.286944,0.0875408,2
431855,flayer8,12,2.16946,-0.3,0,2
431857,bullet1,13.0727,7.36905,0.8,0,1
431859,flyer1,12,3.61624,-0.3,0,2
431860,player,12.6727,7.36717,-7.89175e-08,-0.000229637,1
431860,flayer7,9.32641,4.35798,-0.286944,0.0875408,2
431860,flayer8,10.5,2.16946,-0.3,0,2
431860,bullet6,13.0727,7.36717,0.8,0,1
431864,flyer1,10.5,3.61624,-0.3,0,2
431865,player,13.4269,7.21512,-0.171785,0.185621,1
431865,flayer7,7.8917,4.79568,-0.286944,0.0875408,2
431865,flayer8,9,2.16946,-0.3,0,2
431865,flyer2,16.5,3.61624,-0.3,0,2
431868,bullet3,13.3885,7.84252,-0.8,-6.99382e-08,1
431869,flyer1,9,3.61624,-0.3,0,2
431870,player,13.8774,7.95265,0.0275848,0.0341799,1
431870,flayer7,6.45698,5.23338,-0.286944,0.0875408,2
431870,flayer8,7.5,2.16946,-0.3,0,2
431870,flyer2,15,3.61624,-0.3,0,2
431871,bullet2,14.2898,7.96804,0.8,0,1
431872,bullet4,14.2954,7.97496,0.8,0,1
431873,bullet3,9.38853,7.84252,-0.8,-6.99382e-08,1
431874,flyer1,7.5,3.61624,-0.3,0,2
431874,bullet5,14.2991,7.97947,0.8,0,1
431875,player,13.5621,8.31761,-0.336991,0.338131,1
431875,flayer7,5.02226,5.67109,-0.286944,0.0875408,2
431875,flayer8,5.99999,2.16946,-0.3,0,2
431875,flyer2,13.5,3.61624,-0.3,0,2
431878,bullet3,5.38853,7.84252,-0.8,-6.99382e-08,1
431879,flyer1,5.99999,3.61624,-0.3,0,2
431879,bullet1,13.6977,8.58291,0.8,0,1
431880,player,13.2914,8.58915,-0.00621843,0.00623946,1
431880,flayer7,3.58754,6.10879,-0.286944,0.0875408,2
431880,flayer8,4.49999,2.16946,-0.3,0,2
431880,flyer2,12,3.61624,-0.3,0,2
431881,bullet6,13.6886,8.59196,0.8,0,1
431883,bullet3,1.38853,7.84252,-0.8,-6.99382e-08,1
431884,flyer1,4.49999,3.61624,-0.3,0,2
431884,bullet2,13.1288,8.59405,0.8,0,1
431885,player,12.698,8.93166,-0.0308694,0.337615,1
431885,flayer7,2.15283,6.54649,-0.286944,0.0875408,2
431885,flayer8,2.99999,2.16946,-0.3,0,2
431885,flyer2,10.5,3.61624,-0.3,0,2
431887,bullet4,13.0778,9.15196,0.8,0,1
431889,flyer1,2.99999,3.61624,-0.3,0,2
431890,player,12.6732,8.71343,-0.000569628,-0.145645,1
431890,flayer7,0.718109,6.9842,-0.286944,0.0875408,2
431890,flayer8,1.49999,2.16946,-0.3,0,2
431890,flyer2,9,3.61624,-0.3,0,2
431894,flyer1,1.49999,3.61624,-0.3,0,2
431894,bullet5,12.515,8.56839,0.8,0,1
431895,player,12.0842,8.58262,-0.0307652,0.0142275,1
431895,flayer8,-6.4373e-06,2.16946,-0.3,0,2
431895,flyer2,7.5,3.61624,-0.3,0,2
431895,bullet1,12.4842,8.58262,0.8,0,1
431899,flyer1,-6.4373e-06,3.61624,-0.3,0,2
431899,flyer5,16.5,3.61624,-0.3,0,2
431900,player,12.0288,8.59404,0.0370214,0.000262538,1
431900,flyer2,5.99999,3.61624,-0.3,0,2
431900,flyer3,16.5,3.61624,-0.3,0,2
431900,bullet6,12.4288,8.59404,0.8,0,1
431902,bullet3,12.4529,8.59422,0.8,0,1
431904,flyer5,15,3.61624,-0.3,0,2
431904,bullet2,12.4578,8.59425,0.8,0,1
431905,player,12.0585,8.59425,0.000683148,4.84456e-06,1
431905,flyer2,4.49999,3.61624,-0.3,0,2
431905,flyer3,15,3.61624,-0.3,0,2
431905,bullet4,12.4585,8.59425,0.8,0,1
431907,bullet5,12.459,8.59426,0.8,0,1
431909,flyer5,13.5,3.61624,-0.3,0,2
431910,player,12.5484,8.10488,0.151888,-0.151875,1
431910,flyer2,2.99999,3.61624,-0.3,0,2
431910,flyer3,13.5,3.61624,-0.3,0,2
431912,flyer4,16.5,6.59131,-0.3,0,2
431912,bullet1,12.5582,7.51641,0.8,0,1
431914,flyer5,12,3.61624,-0.3,0,2
431915,player,11.5787,7.3806,-0.162912,-0.0166421,1
431915,flyer2,1.49999,3.61624,-0.3,0,2
431915,flyer3,12,3.61624,-0.3,0,2
431915,bullet6,11.9787,7.3806,0.8,0,1
431917,flyer4,15,6.59131,-0.3,0,2
431918,bullet3,11.8576,7.36823,0.8,0,1
431919,flyer5,10.5,3.61624,-0.3,0,2
431920,player,10.9585,7.85661,-0.154881,0.151568,1
431920,flyer2,-6.4373e-06,3.61624,-0.3,0,2
431920,flyer3,10.5,3.61624,-0.3,0,2
431921,bullet2,11.2888,7.92482,0.8,0,1
431922,bullet4,11.2575,7.95551,0.8,0,1
431924,flyer5,9,3.61624,-0.3,0,2
431925,player,10.8341,7.64083,-0.00285799,-0.334703,1
431925,flyer3,9,3.61624,-0.3,0,2
431926,bullet2,15.2888,7.92482,0.8,0,1
431927,bullet4,15.2575,7.95551,0.8,0,1
431928,flyer6,16.5,6.59131,-0.3,0,2
431928,bullet5,11.7897,7.39194,0.8,0,1
431929,flyer5,7.5,3.61624,-0.3,0,2
431930,player,10.9448,6.88266,-0.138088,-0.158051,1
431930,flyer3,7.5,3.61624,-0.3,0,2
431931,bullet1,11.2826,6.81154,0.8,0,1
431933,flyer6,15,6.59131,-0.3,0,1
431934,flyer5,5.99999,3.61624,-0.3,0,2
431935,player,10.4964,7.09323,-0.340048,0.334583,1
431935,flyer3,5.99999,3.61624,-0.3,0,2
431939,flyer5,4.49999,3.61624,-0.3,0,2
431939,bullet6,11.1189,7.25666,0.8,0,1
431940,player,10.781,7.31734,0.0620689,0.0606782,1
431940,flyer3,4.49999,3.61624,-0.3,0,2
431941,flayer7,16.5,6.59131,-0.3,0,2
431943,bullet3,10.6694,7.92018,0.8,0,1
431944,flyer5,2.99999,3.61624,-0.3,0,2
431945,player,10.566,7.63088,0.324806,-0.322541,1
431945,flyer3,2.99999,3.61624,-0.3,0,2
431946,flayer7,15,6.59131,-0.3,0,1
431948,bullet3,14.6694,7.92018,0.8,0,1
431948,bullet2,10.6499,6.83331,0.8,0,1
431949,flyer5,1.49999,3.61624,-0.3,0,2
431950,player,10.2246,6.76954,-0.00784603,-0.0197914,1
431950,flyer3,1.49999,3.61624,-0.3,0,2
431950,bullet4,10.6246,6.76954,0.8,0,1
431951,flayer7,13.5,6.59131,-0.3,0,0
431952,bullet5,9.81946,6.75663,-0.8,-6.99382e-08,1
431953,bullet1,10.6187,6.75483,0.8,0,1
431954,flyer5,-6.4373e-06,3.61624,-0.3,0,2
431955,player,10.2183,6.75365,-0.000144781,-0.000365207,1
431955,flyer3,-6.4373e-06,3.61624,-0.3,0,2
431955,bullet4,14.6246,6.76954,0.8,0,1
431955,bullet6,10.6183,6.75365,0.8,0,1
431957,bullet5,5.81946,6.75663,-0.8,-6.99382e-08,1
431958,bullet1,14.6187,6.75483,0.8,0,1
431958,bullet3,10.6182,6.75338,0.8,0,1
431960,player,10.2182,6.75336,-2.67162e-06,-6.73909e-06,1
431960,bullet6,14.6183,6.75365,0.8,0,1
431961,flayer8,16.5,5.21845,-0.27478,-0.120398,2
431962,bullet5,1.81946,6.75663,-0.8,-6.99382e-08,1
431963,flyer1,16.5,6.59131,-0.3,0,2
431963,bullet3,14.6182,6.75338,0.8,0,1
431963,bullet2,11.1075,7.24272,0.8,0,1
431965,player,10.8066,7.34182,0.0307546,0.0307546,1
431966,flayer8,15.1261,4.61646,-0.27478,-0.120398,2
431968,flyer1,15,6.59131,-0.3,0,0
431969,bullet4,11.7885,6.80823,0.8,0,1
431970,player,11.0823,7.11555,-0.306178,0.307313,1
431971,flayer8,13.7522,4.01446,-0.27478,-0.120398,2
431972,bullet1,11.2825,7.31607,0.8,0,1
431974,flyer4,16.5,5.21845,-0.3,0,2
431974,bullet4,15.7885,6.80823,0.8,0,1
431975,player,10.8364,7.36234,-0.00564984,0.00567079,1
431975,flyer2,16.5,5.21845,-0.287515,-0.0856453,2
431976,flayer8,12.3783,3.41247,-0.27478,-0.120398,2
431977,bullet1,15.2825,7.31607,0.8,0,1
431979,flyer4,15,5.21845,-0.3,0,2
431979,flyer6,16.5,5.27079,-0.3,0,2
431979,bullet6,10.0858,7.92451,0.8,0,1
431980,player,9.6411,7.95537,-0.0446986,0.0308593,1
431980,flyer2,15.0624,4.79022,-0.287515,-0.0856453,2
431980,bullet3,10.0411,7.95537,0.8,0,1
431981,flayer8,11.0044,2.81048,-0.27478,-0.120398,2
431984,flyer4,13.5,5.21845,-0.3,0,2
431984,flyer6,15,5.27079,-0.3,0,2
431984,bullet6,14.0858,7.92451,0.8,0,1
431985,player,9.11582,9.058,-0.1527,0.183199,1
431985,flyer2,13.6249,4.362,-0.287515,-0.0856453,2
431985,bullet3,14.0411,7.95537,0.8,0,1
431986,flayer8,9.63049,2.20849,-0.27478,-0.120398,2
431987,bullet5,9.41619,9.17754,0.8,0,1
431989,flyer4,12,5.21845,-0.3,0,2
431989,flyer6,13.5,5.27079,-0.3,0,2
431989,bullet2,9.39601,9.20175,0.8,0,1
431990,player,8.65569,9.54263,-0.340318,0.340881,1
431990,flyer2,12.1873,3.93377,-0.287515,-0.0856453,2
431991,flayer8,8.25659,1.60649,-0.27478,-0.120398,2
431992,bullet5,13.4162,9.17754,0.8,0,1
431993,bullet4,8.80263,9.79611,0.8,0,1
431994,flyer4,10.5,5.21845,-0.3,0,2
431994,flyer6,12,5.27079,-0.3,0,2
431994,bullet2,13.396,9.20175,0.8,0,1
431994,bullet1,8.78867,9.81009,0.8,0,1
431995,player,8.38239,9.81638,-0.00627982,0.0062902,1
431995,flyer2,10.7497,3.50554,-0.287515,-0.0856453,2
431996,flayer8,6.88269,1.0045,-0.27478,-0.120398,2
431998,bullet4,12.8026,9.79611,0.8,0,1
431999,flyer4,9,5.21845,-0.3,0,2
431999,flyer6,10.5,5.27079,-0.3,0,2
431999,bullet1,12.7887,9.81009,0.8,0,1
432000,player,7.67594,9.92053,0.107165,-0.121004,1
432000,flyer2,9.31213,3.07732,-0.287515,-0.0856453,2
432001,flayer8,5.50879,0.402509,-0.27478,-0.120398,2
432001,bullet6,8.12416,9.86608,0.8,0,1
432003,bullet3,8.15563,9.83055,0.8,0,1
432004,flyer4,7.5,5.21845,-0.3,0,2
432004,flyer6,9,5.27079,-0.3,0,2
432005,player,8.25138,9.82335,0.153852,-0.00223287,1
432005,flyer2,7.87456,2.64909,-0.287515,-0.0856453,2
432006,flayer8,4.13489,-0.199484,-0.27478,-0.120398,2
432006,bullet6,12.1242,9.86608,0.8,0,1
432008,bullet3,12.1556,9.83055,0.8,0,1
432009,flyer4,5.99999,5.21845,-0.3,0,2
432009,flyer6,7.5,5.27079,-0.3,0,2
432010,player,8.93266,10.9133,0.0711828,0.165673,1
432010,flyer2,6.43698,2.22086,-0.287515,-0.0856453,2
432011,bullet6,16.1242,9.86608,0.8,0,1
432013,bullet3,16.1556,9.83055,0.8,0,1
432013,bullet5,8.09621,10.5471,-0.8,-6.99382e-08,1
432014,flyer4,4.49999,5.21845,-0.3,0,2
432014,flyer6,5.99999,5.27079,-0.3,0,2
432015,player,8.06385,10.4578,-0.366941,-0.0276975,1
432015,flyer2,4.99941,1.79264,-0.287515,-0.0856453,2
432016,bullet2,8.29872,10.4454,0.8,0,1
432018,bullet5,4.09621,10.5471,-0.8,-6.99382e-08,1
432018,bullet4,8.19098,10.4372,0.8,0,1
432019,flyer4,2.99999,5.21845,-0.3,0,2
432019,flyer6,4.49999,5.27079,-0.3,0,2
432019,bullet1,8.17593,10.4361,0.8,0,1
432020,player,7.76916,10.4356,-0.0067711,-0.000511098,1
432020,flyer2,3.56183,1.36441,-0.287515,-0.0856453,2
432021,bullet2,12.2987,10.4454,0.8,0,1
432023,bullet5,0.0962125,10.5471,-0.8,-6.99382e-08,1
432023,bullet4,12.191,10.4372,0.8,0,1
432024,flyer4,1.49999,5.21845,-0.3,0,2
432024,flyer6,2.99999,5.27079,-0.3,0,2
432024,bullet1,12.1759,10.4361,0.8,0,1
432024,bullet6,7.57538,11.0237,0.8,0,1
432025,player,7.16141,11.0375,-0.0139646,0.0138302,1
432025,flyer2,2.12426,0.936183,-0.287515,-0.0856453,2
432026,bullet2,16.2987,10.4454,0.8,0,1
432028,bullet4,16.191,10.4372,0.8,0,1
432029,flyer4,-6.4373e-06,5.21845,-0.3,0,2
432029,flyer6,1.49999,5.27079,-0.3,0,2
432029,bullet1,16.1759,10.4361,0.8,0,1
432029,bullet6,11.5754,11.0237,0.8,0,1
432030,player,7.70792,10.4909,0.0680861,-0.0680885,1
432030,flyer2,0.686681,0.507956,-0.287515,-0.0856453,2
432031,flayer7,16.5,5.27079,-0.281616,0.103404,2
432032,bullet3,7.66297,10.4464,0.8,0,1
432034,flyer6,-6.4373e-06,5.27079,-0.3,0,2
432034,bullet6,15.5754,11.0237,0.8,0,1
432034,bullet5,7.57286,10.4375,0.8,0,1
432035,player,7.16028,10.4362,-0.0125832,-0.00125643,1
432036,flayer7,15.0919,5.78781,-0.281616,0.103404,2
432037,flyer5,16.5,5.27079,-0.3,0,2
432037,bullet3,11.663,10.4464,0.8,0,1
432039,bullet5,11.5729,10.4375,0.8,0,1
432040,player,7.82083,10.4352,-0.0699238,-2.31846e-05,1
432041,flayer7,13.6838,6.30483,-0.281616,0.103404,2
432042,flyer5,15,5.27079,-0.3,0,2
432042,bullet3,15.663,10.4464,0.8,0,1
432043,flyer3,16.5,5.27079,-0.3,0,2
432044,bullet5,15.5729,10.4375,0.8,0,1
432045,player,9.29296,9.84669,0.380804,-0.0307551,1
432046,flayer7,12.2758,6.82185,-0.281616,0.103404,2
432046,flyer1,16.5,10.4904,-0.223206,0.200447,2
432047,flyer5,13.5,5.27079,-0.3,0,2
432048,flyer3,15,5.27079,-0.3,0,2
432049,bullet2,9.99175,9.33318,0.8,0,1
432050,player,9.59878,9.26427,0.0070269,-0.0689113,1
432051,flayer7,10.8677,7.33887,-0.281616,0.103404,2
432051,flyer1,15.384,11.4927,-0.223206,0.200447,2
432052,flyer5,12,5.27079,-0.3,0,2
432053,flyer3,13.5,5.27079,-0.3,0,2
432054,bullet2,13.9918,9.33318,0.8,0,1
432055,player,10.5304,8.85759,0.368384,-0.321857,1
432056,flayer7,9.45959,7.85589,-0.281616,0.103404,2
432056,flyer1,14.2679,12.4949,-0.223206,0.200447,2
432057,flyer5,10.5,5.27079,-0.3,0,2
432058,flyer3,12,5.27079,-0.3,0,2
432060,player,11.3156,9.20142,0.158673,0.00790045,1
432061,flayer7,8.05151,8.37291,-0.281616,0.103404,2
432061,flyer1,13.1519,13.4971,-0.223206,0.200447,2
432061,bullet4,11.787,9.20498,0.8,0,1
432062,flyer5,9,5.27079,-0.3,0,2
432063,flyer3,10.5,5.27079,-0.3,0,2
432065,player,11.1055,8.98755,-0.334572,0.269302,1
432066,flayer7,6.64343,8.88993,-0.281616,0.103404,2
432066,flyer1,12.0359,14.4994,-0.223206,0.200447,2
432066,bullet4,15.787,9.20498,0.8,0,1
432067,flyer5,7.5,5.27079,-0.3,0,2
432068,flyer3,9,5.27079,-0.3,0,2
432068,bullet1,11.2567,9.74553,0.8,0,1
432070,player,10.8369,9.80613,-0.0061738,0.018809,1
432070,bullet6,11.2369,9.80613,0.8,0,1
432071,flayer7,5.23535,9.40695,-0.281616,0.103404,2
432071,flyer1,10.9198,15.5016,-0.223206,0.200447,2
432072,flyer5,5.99999,5.27079,-0.3,0,2
432072,bullet3,11.2328,9.81841,0.8,0,1
432073,flyer3,7.5,5.27079,-0.3,0,2
432073,bullet1,15.2567,9.74553,0.8,0,1
432073,bullet5,11.2323,9.82012,0.8,0,1
432075,player,10.8319,9.82124,-0.000113924,0.000347079,1
432075,bullet6,15.2369,9.80613,0.8,0,1
432076,flayer7,3.82727,9.92397,-0.281616,0.103404,2
432077,flyer5,4.49999,5.27079,-0.3,0,2
432077,bullet3,15.2328,9.81841,0.8,0,1
432078,flyer3,5.99999,5.27079,-0.3,0,2
432078,bullet5,15.2323,9.82012,0.8,0,1
432079,bullet2,10.154,9.72241,0.8,0,1
432080,player,9.67178,9.77692,-0.0821855,0.0545105,1
432081,flayer7,2.41919,10.441,-0.281616,0.103404,2
432082,flyer5,2.99999,5.27079,-0.3,0,2
432083,flyer3,4.49999,5.27079,-0.3,0,2
432084,bullet2,14.154,9.72241,0.8,0,1
432085,player,9.01731,10.4092,-0.0322712,0.0317606,1
432086,flayer7,1.01111,10.958,-0.281616,0.103404,2
432087,flyer5,1.49999,5.27079,-0.3,0,2
432087,flayer8,16.5,10.4904,-0.3,0,2
432087,bullet4,9.39625,10.4299,0.8,0,1
432088,flyer3,2.99999,5.27079,-0.3,0,2
432090,player,9.14327,10.2828,-0.18622,0.186211,1
432091,flayer7,-0.396969,11.475,-0.281616,0.103404,2
432092,flyer5,-6.4373e-06,5.27079,-0.3,0,2
432092,flayer8,15,10.4904,-0.3,0,2
432092,bullet4,13.3963,10.4299,0.8,0,1
432092,bullet1,8.62176,10.4043,-0.8,-6.99382e-08,1
432093,flyer3,1.49999,5.27079,-0.3,0,2
432095,player,9.55144,9.87463,0.0649075,-0.0649076,1
432096,bullet6,9.98064,9.84542,0.8,0,1
432097,flayer8,13.5,10.4904,-0.3,0,1
432097,bullet1,4.62176,10.4043,-0.8,-6.99382e-08,1
432097,bullet3,9.19379,9.83228,-0.8,-6.99382e-08,1
432098,flyer3,-6.4373e-06,5.27079,-0.3,0,2
432099,bullet5,10.0024,9.8237,0.8,0,1
432100,player,9.60357,9.8225,0.00119773,-0.00119773,1
432100,bullet2,10.0036,9.8225,0.8,0,1
432102,bullet1,0.621761,10.4043,-0.8,-6.99382e-08,1
432102,bullet3,5.19379,9.83228,-0.8,-6.99382e-08,1
432104,bullet5,14.0024,9.8237,0.8,0,1
432104,bullet4,10.0045,9.82156,0.8,0,1
432105,player,9.60453,9.82153,2.21014e-05,-2.21015e-05,1
432105,bullet2,14.0036,9.8225,0.8,0,1
432107,flyer4,16.5,10.4904,-0.224419,-0.199088,2
432107,bullet3,1.19379,9.83228,-0.8,-6.99382e-08,1
432107,bullet6,10.0045,9.82152,0.8,0,1
432109,flyer2,16.5,10.4904,-0.3,0,2
432109,bullet4,14.0045,9.82156,0.8,0,1
432109,bullet1,10.0046,9.82152,0.8,0,1
432110,player,9.60455,10.159,4.07833e-07,0.3375,1
432112,flyer4,15.3779,9.49499,-0.224419,-0.199088,1
432112,bullet6,14.0045,9.82152,0.8,0,1
432114,bullet1,14.0046,9.82152,0.8,0,1
432114,bullet5,10.5623,10.9815,0.8,0,1
432115,player,9.85553,11.0185,-0.306745,0.0369825,1
432117,flyer4,14.2558,8.49955,-0.224419,-0.199088,1
432118,flyer6,16.5,10.4904,-0.3,0,2
432119,flyer1,16.5,15.0348,-0.279255,0.10962,2
432119,bullet5,14.5623,10.9815,0.8,0,1
432120,player,9.11981,12.1261,-0.157535,0.183312,1
432120,bullet2,9.51981,12.1261,0.8,0,1
432122,flyer4,13.1337,7.50411,-0.224419,-0.199088,1
432122,bullet3,9.41702,12.2457,0.8,0,1
432123,flyer6,15,10.4904,-0.3,0,1
432124,flyer1,15.1037,15.5829,-0.279255,0.10962,2
432125,player,9.3308,12.4252,0.334593,-0.182242,1
432125,bullet2,13.5198,12.1261,0.8,0,1
432127,flyer4,12.0116,6.50867,-0.224419,-0.199088,1
432127,bullet3,13.417,12.2457,0.8,0,1
432128,flyer6,13.5,10.4904,-0.3,0,1
432129,flyer1,13.7075,16.131,-0.279255,0.10962,2
432130,player,9.29276,12.8365,-0.368915,0.0649809,1
432131,flayer7,16.5,15.0348,-0.3,0,2
432132,flyer4,10.8895,5.51323,-0.224419,-0.199088,1
432133,flyer6,12,10.4904,-0.3,0,1
432133,flyer5,16.5,15.0348,-0.247369,0.169731,2
432135,player,9.82336,13.0406,0.482567,-0.184426,1
432136,flayer7,15,15.0348,-0.3,0,2
432137,flyer4,9.76741,4.51779,-0.224419,-0.199088,1
432137,bullet4,10.5382,12.9202,0.8,0,1
432138,flyer6,10.5,10.4904,-0.3,0,1
432138,flyer5,15.2632,15.8834,-0.247369,0.169731,2
432140,player,10.2109,12.8925,0.00890473,-0.00340318,1
432141,flayer7,13.5,15.0348,-0.3,0,2
432141,bullet6,10.6149,12.8909,0.8,0,1
432142,flyer4,8.64532,3.52235,-0.224419,-0.199088,1
432142,bullet4,14.5382,12.9202,0.8,0,1
432143,flyer6,9,10.4904,-0.3,0,1
432145,player,10.2181,13.3791,0.000164317,0.151812,1
432145,bullet1,10.6181,13.3791,0.8,0,1
432146,flayer7,12,15.0348,-0.3,0,2
432146,bullet6,14.6149,12.8909,0.8,0,1
432146,finish,20.0647,8,-0.2,0,1
432147,flyer4,7.52322,2.52691,-0.224419,-0.199088,1
432148,flyer6,7.5,10.4904,-0.3,0,1
432148,bullet5,10.6182,13.492,0.8,0,1
432150,player,10.7076,13.501,0.151878,0.00280136,1
432150,bullet1,14.6181,13.3791,0.8,0,1
432151,flayer7,10.5,15.0348,-0.3,0,2
432151,finish,19.0647,8,-0.2,0,1
432152,flyer4,6.40112,1.53147,-0.224419,-0.199088,1
