128660,player,0.753672,8.57738,0,0,1
128662,bullet1,1.15367,8.57738,0.8,0,1
128663,bullet2,1.15367,8.57738,0.8,0,1
128665,player,0.753672,8.57738,0,0,1
128665,bullet3,1.15367,8.57738,0.8,0,1
128666,bullet4,1.15367,8.57738,0.8,0,1
128667,bullet1,5.15367,8.57738,0.8,0,1
128668,bullet2,5.15367,8.57738,0.8,0,1
128670,player,0.4,8.57738,-0,0,1
128670,bullet3,5.15367,8.57738,0.8,0,1
128671,bullet4,5.15367,8.57738,0.8,0,1
128672,bullet1,9.15367,8.57738,0.8,0,1
128673,bullet2,9.15367,8.57738,0.8,0,1
128675,player,0.889375,9.51719,0.151875,0.35134,1
128675,bullet3,9.15367,8.57738,0.8,0,1
128676,bullet4,9.15367,8.57738,0.8,0,1
128677,bullet1,13.1537,8.57738,0.8,0,1
128678,bullet2,13.1537,8.57738,0.8,0,1
128680,player,0.521969,10.2887,-0.149072,0.158358,1
128680,bullet3,13.1537,8.57738,0.8,0,1
128681,bullet4,13.1537,8.57738,0.8,0,1
128682,flyer1,16.5,15.2819,-0.212648,-0.211615,2
128682,bullet5,0.824699,9.90268,0.8,0,1
128684,bullet6,0.805002,9.8245,0.8,0,1
128685,player,0.402251,9.81359,-0.00275081,-0.0109175,1
128685,bullet1,0.802251,9.81359,0.8,0,1
128687,flyer1,15.4368,14.2238,-0.212648,-0.211615,2
128687,bullet5,4.8247,9.90268,0.8,0,1
128688,bullet2,0.8,10.2948,0.8,0,1
128689,bullet6,4.805,9.8245,0.8,0,1
128690,player,0.4,10.3933,0,0.0305532,1
128690,bullet1,4.80225,9.81359,0.8,0,1
128692,flyer1,14.3735,13.1658,-0.212648,-0.211615,2
128692,bullet5,8.8247,9.90268,0.8,0,1
128693,bullet2,4.8,10.2948,0.8,0,1
128694,bullet6,8.805,9.8245,0.8,0,1
128695,player,0.4,9.81552,0,-0.0132758,1
128695,bullet1,8.80225,9.81359,0.8,0,1
128697,flyer1,13.3103,12.1077,-0.212648,-0.211615,2
128697,bullet5,12.8247,9.90268,0.8,0,1
128698,bullet2,8.8,10.2948,0.8,0,1
128699,bullet6,12.805,9.8245,0.8,0,1
128700,player,0.988474,9.80485,0.0307547,-0.000244976,1
128700,bullet1,12.8023,9.81359,0.8,0,1
128702,flyer1,12.247,11.0496,-0.212648,-0.211615,1
128704,flyer2,16.5,15.2819,-0.3,0,2
128704,bullet3,1.90198,10.294,0.8,0,1
128705,player,1.57089,10.3624,0.0689113,0.0683392,1
128707,flyer1,11.1838,9.99152,-0.212648,-0.211615,1
128707,flyer3,16.5,2.40945,-0.271245,-0.128165,2
128707,bullet4,1.21586,9.91759,-0.8,-6.99382e-08,1
128709,flyer2,15,15.2819,-0.3,0,2
128709,bullet3,5.90198,10.294,0.8,0,1
128709,bullet5,2.02496,9.82752,0.8,0,1
128710,player,1.62623,9.47745,0.00127161,-0.350079,1
128712,flyer1,10.1206,8.93344,-0.212648,-0.211615,1
128712,flyer3,15.1438,1.76863,-0.271245,-0.128165,2
128712,bullet2,2.02706,9.24902,0.8,0,1
128714,flyer2,13.5,15.2819,-0.3,0,2
128714,bullet3,9.90198,10.294,0.8,0,1
128714,bullet5,6.02496,9.82752,0.8,0,1
128714,bullet6,2.02723,9.20276,0.8,0,1
128715,player,1.62725,9.1963,2.34647e-05,-0.00645993,1
128717,flyer1,9.05734,7.87537,-0.212648,-0.211615,1
128717,flyer3,13.7876,1.1278,-0.271245,-0.128165,2
128717,bullet2,6.02706,9.24902,0.8,0,1
128719,flyer2,12,15.2819,-0.3,0,2
128719,bullet3,13.902,10.294,0.8,0,1
128719,bullet5,10.025,9.82752,0.8,0,1
128719,bullet6,6.02723,9.20276,0.8,0,1
128720,player,1.4754,9.07818,0.185625,0.137916,1
128722,flyer1,7.9941,6.81729,-0.212648,-0.211615,1
128722,flyer3,12.4313,0.486972,-0.271245,-0.128165,2
128722,bullet2,10.0271,9.24902,0.8,0,1
128723,bullet1,2.01343,9.18073,0.8,0,1
128724,flyer2,10.5,15.2819,-0.3,0,2
128724,bullet5,14.025,9.82752,0.8,0,1
128724,bullet6,10.0272,9.20276,0.8,0,1
128725,player,1.28697,8.85144,-0.334075,-0.334955,1
128727,flyer1,6.93086,5.75921,-0.212648,-0.211615,1
128727,flyer3,11.0751,-0.153855,-0.271245,-0.128165,2
128727,bullet2,14.0271,9.24902,0.8,0,1
128728,bullet1,6.01343,9.18073,0.8,0,1
128729,flyer2,9,15.2819,-0.3,0,2
128729,bullet6,14.0272,9.20276,0.8,0,1
128729,bullet4,1.98256,8.0309,0.8,0,1
128730,player,1.60715,7.99397,0.0245901,-0.0369355,1
128732,flyer1,5.86763,4.70114,-0.212648,-0.211615,1
128733,bullet1,10.0134,9.18073,0.8,0,1
128733,bullet3,2.51481,7.9665,0.8,0,1
128734,flyer2,7.5,15.2819,-0.3,0,2
128734,bullet4,5.98256,8.0309,0.8,0,1
128735,player,2.21537,7.96431,0.0312084,-0.000681565,1
128735,bullet5,2.61537,7.96431,0.8,0,1
128737,flyer1,4.80439,3.64306,-0.212648,-0.211615,1
128738,bullet1,14.0134,9.18073,0.8,0,1
128738,bullet3,6.51482,7.9665,0.8,0,1
128739,flyer2,5.99999,15.2819,-0.3,0,2
128739,bullet4,9.98256,8.0309,0.8,0,1
128740,player,1.75106,8.45314,-0.151299,0.151862,1
128740,bullet5,6.61538,7.96431,0.8,0,1
128742,flyer1,3.74115,2.58499,-0.212648,-0.211615,1
128742,bullet2,2.05234,8.55222,0.8,0,1
128743,bullet3,10.5148,7.9665,0.8,0,1
128744,flyer2,4.49999,15.2819,-0.3,0,2
128744,bullet4,13.9826,8.0309,0.8,0,1
128745,player,1.62956,8.01737,-0.00279189,-0.0655415,1
128745,bullet5,10.6154,7.96431,0.8,0,1
128747,flyer1,2.67791,1.52691,-0.212648,-0.211615,1
128747,bullet2,6.05234,8.55222,0.8,0,1
128748,bullet3,14.5148,7.9665,0.8,0,1
128749,flyer2,2.99999,15.2819,-0.3,0,2
128750,player,2.719,7.47536,0.165663,-0.153084,1
128750,bullet5,14.6154,7.96431,0.8,0,1
128752,flyer1,1.61467,0.468835,-0.212648,-0.211615,1
128752,bullet2,10.0523,8.55222,0.8,0,1
128753,flyer4,16.5,6.54043,-0.243419,-0.175349,2
128754,flyer2,1.49999,15.2819,-0.3,0,2
128755,player,1.70585,7.9409,-0.0960415,0.0279298,1
128755,bullet6,2.10585,7.9409,0.8,0,1
128757,bullet2,14.0523,8.55222,0.8,0,1
128758,flyer4,15.2829,5.66369,-0.243419,-0.175349,2
128758,bullet1,1.54506,7.47229,0.8,0,1
128759,flyer2,-6.4373e-06,15.2819,-0.3,0,2
128760,player,1.04025,7.37485,-0.0325269,-0.0302393,1
128760,bullet6,6.10585,7.9409,0.8,0,1
128760,bullet4,1.44025,7.37485,0.8,0,1
128763,flyer4,14.0658,4.78694,-0.243419,-0.175349,2
128763,bullet1,5.54506,7.47229,0.8,0,1
128765,player,0.983373,8.49676,0.0369889,0.0985404,1
128765,bullet6,10.1059,7.9409,0.8,0,1
128765,bullet4,5.44025,7.37485,0.8,0,1
128765,bullet3,1.38337,8.49676,0.8,0,1
128768,flyer4,12.8487,3.9102,-0.243419,-0.175349,2
128768,bullet1,9.54506,7.47229,0.8,0,1
128770,player,1.01308,8.50756,0.000682548,0.0853496,1
128770,bullet6,14.1059,7.9409,0.8,0,1
128770,bullet4,9.44025,7.37485,0.8,0,1
128770,bullet3,5.38337,8.49676,0.8,0,1
128773,flyer4,11.6316,3.03345,-0.243419,-0.175349,2
128773,bullet1,13.5451,7.47229,0.8,0,1
128775,player,1.01363,9.06547,1.25949e-05,0.15345,1
128775,bullet4,13.4403,7.37485,0.8,0,1
128775,bullet3,9.38337,8.49676,0.8,0,1
128776,bullet5,1.41363,9.13453,0.8,0,1
128778,flyer4,10.4145,2.1567,-0.243419,-0.175349,2
128779,flyer5,16.5,6.54043,-0.275822,0.117992,2
128779,bullet2,1.41364,9.67525,0.8,0,1
128780,player,1.01364,9.74643,2.32412e-07,0.0711753,1
128780,bullet3,13.3834,8.49676,0.8,0,1
128781,bullet5,5.41363,9.13453,0.8,0,1
128781,bullet6,1.41364,9.77846,0.8,0,1
128783,flyer4,9.19744,1.27996,-0.243419,-0.175349,2
128784,flyer5,15.1209,7.13039,-0.275822,0.117992,2
128784,bullet2,5.41364,9.67525,0.8,0,1
128785,player,0.914537,10.293,0.12112,0.153188,1
128786,bullet5,9.41363,9.13453,0.8,0,1
128786,bullet6,5.41364,9.77846,0.8,0,1
128788,flyer4,7.98035,0.403212,-0.243419,-0.175349,2
128788,bullet1,1.4046,10.4069,0.8,0,1
128789,flyer5,13.7418,7.72035,-0.275822,0.117992,2
128789,bullet2,9.41364,9.67525,0.8,0,1
128790,player,0.674307,10.416,-0.335265,0.00282676,1
128791,bullet5,13.4136,9.13453,0.8,0,1
128791,bullet6,9.41364,9.77846,0.8,0,1
128793,flyer4,6.76325,-0.473535,-0.243419,-0.175349,2
128793,bullet1,5.4046,10.4069,0.8,0,1
128794,flyer5,12.3627,8.31031,-0.275822,0.117992,2
128794,bullet2,13.4136,9.67525,0.8,0,1
128795,player,0.4,10.3192,0,0.121172,1
128795,bullet4,0.8,10.3192,0.8,0,1
128796,bullet6,13.4136,9.77846,0.8,0,1
128798,bullet1,9.40461,10.4069,0.8,0,1
128798,bullet3,0.8,10.4093,0.8,0,1
128799,flyer5,10.9835,8.90027,-0.275822,0.117992,2
128800,player,0.4,10.754,-0,0.339736,1
128800,bullet4,4.8,10.3192,0.8,0,1
128802,bullet5,0.8,10.9756,0.8,0,1
128803,bullet1,13.4046,10.4069,0.8,0,1
128803,bullet3,4.8,10.4093,0.8,0,1
128804,flyer5,9.60443,9.49023,-0.275822,0.117992,2
128805,player,0.4,11.3643,-0,0.343769,1
128807,bullet5,4.8,10.9756,0.8,0,1
128807,bullet2,0.8,11.5886,0.8,0,1
128808,bullet3,8.8,10.4093,0.8,0,1
128810,player,0.4,11.6404,0,0.00634351,1
128812,flyer6,16.5,6.54043,-0.299322,-0.0201574,2
128812,bullet5,8.8,10.9756,0.8,0,1
128812,bullet2,4.8,11.5886,0.8,0,1
128813,flayer7,16.5,5.72481,-0.3,0,2
128813,bullet6,0.8,12.2028,0.8,0,1
128815,player,0.4,12.7372,0,0.165832,1
128817,flyer6,15.0034,6.43965,-0.299322,-0.0201574,2
128817,bullet5,12.8,10.9756,0.8,0,1
128817,bullet2,8.8,11.5886,0.8,0,1
128818,flayer7,15,5.72481,-0.3,0,2
128818,bullet6,4.8,12.2028,0.8,0,1
128818,bullet4,0.8,13.4182,0.8,0,1
128820,player,0.4,12.9833,0,-0.134975,1
128822,flyer6,13.5068,6.33886,-0.299322,-0.0201574,2
128822,bullet2,12.8,11.5886,0.8,0,1
128823,flayer7,13.5,5.72481,-0.3,0,2
128823,bullet6,8.8,12.2028,0.8,0,1
128823,bullet4,4.8,13.4182,0.8,0,1
128825,player,0.4,14.0349,0,0.0796927,1
128827,flyer6,12.0102,6.23807,-0.299322,-0.0201574,2
128828,flayer7,12,5.72481,-0.3,0,2
128828,bullet6,12.8,12.2028,0.8,0,1
128828,bullet4,8.8,13.4182,0.8,0,1
128829,bullet1,1.94619,14.6552,0.8,0,1
128830,player,1.59079,14.6874,0.0445943,0.0322252,1
128830,bullet3,1.99079,14.6874,0.8,0,1
128832,flyer6,10.5136,6.13729,-0.299322,-0.0201574,2
128833,flayer7,10.5,5.72481,-0.3,0,2
128833,bullet4,12.8,13.4182,0.8,0,1
128834,bullet1,5.94619,14.6552,0.8,0,1
128834,bullet5,1.22578,14.7127,-0.8,-6.99382e-08,1
128835,player,1.6266,14.7133,0.00082289,0.000594646,1
128835,bullet3,5.99079,14.6874,0.8,0,1
128837,flyer6,9.01695,6.0365,-0.299322,-0.0201574,2
128838,flayer7,9,5.72481,-0.3,0,2
128839,bullet1,9.94619,14.6552,0.8,0,1
128840,player,1.03879,15.3022,-0.0307395,0.0307657,1
128840,bullet3,9.99079,14.6874,0.8,0,1
128840,bullet2,0.638787,15.3022,-0.8,-6.99382e-08,1
128842,flyer6,7.52034,5.93571,-0.299322,-0.0201574,2
128842,bullet6,1.41873,15.3223,0.8,0,1
128843,flayer7,7.5,5.72481,-0.3,0,2
128843,bullet5,1.41593,15.3251,0.8,0,1
128844,bullet1,13.9462,14.6552,0.8,0,1
128845,player,0.676602,15.3269,-0.338067,0.000567713,1
128845,bullet3,13.9908,14.6874,0.8,0,1
128847,flyer6,6.02373,5.83493,-0.299322,-0.0201574,2
128847,bullet6,5.41873,15.3223,0.8,0,1
128848,flayer7,5.99999,5.72481,-0.3,0,2
128848,bullet5,5.41593,15.3251,0.8,0,1
128848,bullet4,0.825206,15.3273,0.8,0,1
128850,player,0.4,15.3274,-0,1.04759e-05,1
128852,flyer6,4.52711,5.73414,-0.299322,-0.0201574,2
128852,bullet6,9.41873,15.3223,0.8,0,1
128852,bullet2,0.8,15.3274,0.8,0,1
128853,flayer7,4.49999,5.72481,-0.3,0,2
128853,bullet5,9.41593,15.3251,0.8,0,1
128853,bullet4,4.82521,15.3273,0.8,0,1
128855,player,0.4,15.3274,0,1.9331e-07,1
128857,flyer6,3.0305,5.63335,-0.299322,-0.0201574,2
128857,bullet6,13.4187,15.3223,0.8,0,1
128857,bullet2,4.8,15.3274,0.8,0,1
128858,flayer7,2.99999,5.72481,-0.3,0,2
128858,bullet5,13.4159,15.3251,0.8,0,1
128858,bullet4,8.82521,15.3273,0.8,0,1
128860,player,1.00231,15.6,0.0138396,0.253125,1
128862,flyer6,1.53389,5.53257,-0.299322,-0.0201574,2
128862,bullet2,8.8,15.3274,0.8,0,1
128862,bullet1,1.41134,15.6,0.8,0,1
128863,flayer7,1.49999,5.72481,-0.3,0,2
128863,bullet4,12.8252,15.3273,0.8,0,1
128865,player,0.524053,15.6,-0.15162,0,1
128865,bullet3,0.924053,15.6,0.8,0,1
128867,flyer6,0.0372837,5.43178,-0.299322,-0.0201574,2
128867,bullet2,12.8,15.3274,0.8,0,1
128867,bullet1,5.41134,15.6,0.8,0,1
128868,flayer7,-6.4373e-06,5.72481,-0.3,0,2
128868,bullet6,0.811305,15.6,0.8,0,1
128870,player,0.4,15.6,-0,0,1
128870,bullet3,4.92405,15.6,0.8,0,1
128872,flayer8,16.5,6.54043,-0.3,0,2
128872,bullet1,9.41134,15.6,0.8,0,1
128873,bullet6,4.81131,15.6,0.8,0,1
128875,player,0.620219,15.0423,-0.269156,-0.0683438,1
128875,bullet3,8.92405,15.6,0.8,0,1
128877,flayer8,15,6.54043,-0.3,0,2
128877,bullet1,13.4113,15.6,0.8,0,1
128878,bullet6,8.81131,15.6,0.8,0,1
128880,player,0.4,15.5897,0,0.0125785,1
128880,bullet3,12.9241,15.6,0.8,0,1
128881,flyer3,16.5,10.3129,-0.3,0,2
128882,flayer8,13.5,6.54043,-0.3,0,2
128883,bullet6,12.8113,15.6,0.8,0,1
128885,player,0.4,14.7911,-0,0.238634,1
128885,flyer1,16.5,10.3129,-0.3,-8.93199e-06,2
128886,flyer3,15,10.3129,-0.3,0,2
128887,flayer8,12,6.54043,-0.3,0,2
128888,flyer2,16.5,3.5768,-0.216245,0.207938,2
128888,bullet5,0.8,15.5263,0.8,0,1
128889,bullet4,0.8,15.5668,0.8,0,1
128890,player,0.4,15.5851,0,0.0182431,1
128890,flyer1,15,10.3128,-0.3,-8.93199e-06,2
128891,flyer3,13.5,10.3129,-0.3,0,2
128892,flayer8,10.5,6.54043,-0.3,0,2
128893,flyer2,15.4188,4.61649,-0.216245,0.207938,2
128893,bullet5,4.8,15.5263,0.8,0,1
128894,bullet4,4.8,15.5668,0.8,0,1
128894,bullet2,0.8,15.0423,0.8,0,1
128895,player,0.4,15.0115,0,-0.0307547,1
128895,flyer1,13.5,10.3128,-0.3,-8.93199e-06,2
128896,flyer3,12,10.3129,-0.3,0,2
128896,bullet1,0.8,14.9977,0.8,0,1
128897,flayer8,9,6.54043,-0.3,0,2
128898,flyer2,14.3376,5.65618,-0.216245,0.207938,2
128898,bullet5,8.8,15.5263,0.8,0,1
128899,bullet4,8.8,15.5668,0.8,0,1
128899,bullet2,4.8,15.0423,0.8,0,1
128900,player,0.4,15.4762,0,0.151307,1
128900,flyer1,12,10.3127,-0.3,-8.93199e-06,2
128901,flyer3,10.5,10.3129,-0.3,0,2
128901,bullet1,4.8,14.9977,0.8,0,1
128902,flayer8,7.5,6.54043,-0.3,0,2
128903,flyer2,13.2563,6.69587,-0.216245,0.207938,2
128903,bullet5,12.8,15.5263,0.8,0,1
128904,bullet4,12.8,15.5668,0.8,0,1
128904,bullet2,8.8,15.0423,0.8,0,1
128905,player,0.4,15.5977,0,0.00279205,1
128905,flyer1,10.5,10.3127,-0.3,-8.93199e-06,2
128906,flyer3,9,10.3129,-0.3,0,2
128906,bullet1,8.8,14.9977,0.8,0,1
128907,flayer8,5.99999,6.54043,-0.3,0,2
128908,flyer2,12.1751,7.73556,-0.216245,0.207938,2
128908,bullet3,0.8,15.5998,0.8,0,1
128909,bullet2,12.8,15.0423,0.8,0,1
128909,bullet6,0.8,15.5999,0.8,0,1
128910,player,0.4,15.6,0,5.15212e-05,1
128910,flyer1,9,10.3127,-0.3,-8.93199e-06,2
128911,flyer3,7.5,10.3129,-0.3,0,2
128911,bullet1,12.8,14.9977,0.8,0,1
128912,flayer8,4.49999,6.54043,-0.3,0,2
128913,flyer2,11.0939,8.77524,-0.216245,0.207938,2
128913,bullet3,4.8,15.5998,0.8,0,1
128914,bullet6,4.8,15.5999,0.8,0,1
128914,bullet5,0.8,15.6,0.8,0,1
128915,player,0.4,15.6,0,9.5071e-07,1
128915,flyer1,7.5,10.3126,-0.3,-8.93199e-06,2
128916,flyer3,5.99999,10.3129,-0.3,0,2
128917,flayer8,2.99999,6.54043,-0.3,0,2
128918,flyer2,10.0127,9.81493,-0.216245,0.207938,2
128918,bullet3,8.8,15.5998,0.8,0,1
128919,bullet6,8.8,15.5999,0.8,0,1
128919,bullet5,4.8,15.6,0.8,0,1
128919,bullet4,1.35772,15.6,0.8,0,1
128920,player,0.988474,15.6,0.0307547,1.75433e-08,1
128920,flyer1,5.99999,10.3126,-0.3,-8.93199e-06,2
128921,flyer3,4.49999,10.3129,-0.3,0,2
128922,flayer8,1.49999,6.54043,-0.3,0,2
128923,flyer2,8.93143,10.8546,-0.216245,0.207938,2
128923,bullet3,12.8,15.5998,0.8,0,1
128924,bullet6,12.8,15.5999,0.8,0,1
128924,bullet5,8.8,15.6,0.8,0,1
128924,bullet4,5.35772,15.6,0.8,0,1
128925,player,0.424699,15.6,-0.0301872,0,1
128925,flyer1,4.49999,10.3125,-0.3,-8.93199e-06,2
128926,flyer3,2.99999,10.3129,-0.3,0,2
128927,flayer8,-6.4373e-06,6.54043,-0.3,0,2
128928,flyer2,7.85021,11.8943,-0.216245,0.207938,2
128928,bullet2,0.802251,15.6,0.8,0,1
128929,bullet5,12.8,15.6,0.8,0,1
128929,bullet4,9.35772,15.6,0.8,0,1
128930,player,0.4,15.6,-0,0,1
128930,flyer1,2.99999,10.3125,-0.3,-8.93199e-06,2
128931,flyer3,1.49999,10.3129,-0.3,0,2
128933,flyer2,6.76898,12.934,-0.216245,0.207938,2
128933,bullet2,4.80225,15.6,0.8,0,1
128934,bullet4,13.3577,15.6,0.8,0,1
128935,player,0.4,15.6,0,0,1
128935,flyer1,1.49999,10.3124,-0.3,-8.93199e-06,2
128935,bullet1,0.8,15.6,0.8,0,1
128936,flyer3,-6.4373e-06,10.3129,-0.3,0,2
128937,bullet3,0,15.6,-0.8,-6.99382e-08,1
128938,flyer2,5.68776,13.9737,-0.216245,0.207938,2
128938,bullet2,8.80225,15.6,0.8,0,1
128938,bullet6,0.8,15.6,0.8,0,1
128940,player,0.4,15.6,0,0,1
128940,flyer1,-6.4373e-06,10.3124,-0.3,-8.93199e-06,2
128940,bullet1,4.8,15.6,0.8,0,1
128940,bullet5,0.8,15.6,0.8,0,1
128943,flyer2,4.60653,15.0134,-0.216245,0.207938,1
128943,bullet2,12.8023,15.6,0.8,0,1
128943,bullet4,0.8,15.6,0.8,0,1
128945,player,0.4,15.6,0,0,1
128945,bullet1,8.8,15.6,0.8,0,1
128945,bullet3,0.8,15.6,0.8,0,1
128948,bullet4,4.8,15.6,0.8,0,1
128948,bullet6,0.8,15.6,0.8,0,1
128950,player,0.4,15.2625,-0,-0.3375,1
128950,bullet1,12.8,15.6,0.8,0,1
128950,bullet3,4.8,15.6,0.8,0,1
128953,bullet4,8.8,15.6,0.8,0,1
128953,bullet6,4.8,15.6,0.8,0,1
128955,player,0.4,15.4808,0,0.145647,1
128955,flyer4,16.5,3.5768,-0.293337,-0.0628758,2
128955,bullet3,8.8,15.6,0.8,0,1
128956,bullet5,0.8,15.5464,0.8,0,1
128958,bullet4,12.8,15.6,0.8,0,1
128958,bullet6,8.8,15.6,0.8,0,1
128960,player,0.4,15.0093,-0,-0.0280671,1
128960,flyer4,15.0333,3.26242,-0.293337,-0.0628758,2
128960,bullet3,12.8,15.6,0.8,0,1
128961,bullet5,4.8,15.5464,0.8,0,1
128963,bullet6,12.8,15.6,0.8,0,1
128964,bullet2,0.8,14.4979,0.8,0,1
128965,player,0.4,14.4291,0,-0.0688617,1
128965,flyer4,13.5666,2.94804,-0.293337,-0.0628758,2
128966,bullet5,8.8,15.5464,0.8,0,1
128966,bullet1,0,14.3981,-0.8,-6.99382e-08,1
128967,bullet4,0.8,14.3841,0.8,0,1
128969,bullet2,4.8,14.4979,0.8,0,1
128969,bullet3,0.8,14.375,0.8,0,1
128970,player,0.4,14.3738,0,-0.00127069,1
128970,flyer4,12.0999,2.63366,-0.293337,-0.0628758,2
128971,bullet5,12.8,15.5464,0.8,0,1
128972,bullet4,4.8,14.3841,0.8,0,1
128974,bullet2,8.8,14.4979,0.8,0,1
128974,bullet3,4.8,14.375,0.8,0,1
128975,player,0.4,14.3728,0,-2.34478e-05,1
128975,flyer4,10.6333,2.31929,-0.293337,-0.0628758,2
128976,bullet1,0.8,14.3727,0.8,0,1
128977,bullet4,8.8,14.3841,0.8,0,1
128979,bullet2,12.8,14.4979,0.8,0,1
128979,bullet3,8.8,14.375,0.8,0,1
128980,player,0.4,14.0352,-0,-0.3375,1
128980,flyer4,9.16658,2.00491,-0.293337,-0.0628758,2
128981,bullet1,4.8,14.3727,0.8,0,1
128982,bullet4,12.8,14.3841,0.8,0,1
128984,bullet3,12.8,14.375,0.8,0,1
128985,player,1.47785,13.8633,0.18263,-0.127348,1
128985,flyer4,7.69989,1.69053,-0.293337,-0.0628758,2
128986,bullet1,8.8,14.3727,0.8,0,1
128986,bullet6,1.96003,13.806,0.8,0,1
128989,flyer5,16.5,3.5768,-0.3,0,2
128989,bullet5,1.46343,13.2056,0.8,0,1
128990,player,1.03604,13.1725,-0.0273847,-0.0331046,1
128990,flyer4,6.23321,1.37615,-0.293337,-0.0628758,2
128990,bullet2,1.43604,13.1725,0.8,0,1
128991,bullet1,12.8,14.3727,0.8,0,1
128991,bullet6,5.96003,13.806,0.8,0,1
128994,flyer5,15,3.5768,-0.3,0,2
128994,bullet5,5.46343,13.2056,0.8,0,1
128995,player,1.94002,13.7037,0.367749,0.0677329,1
128995,flyer4,4.76653,1.06177,-0.293337,-0.0628758,2
128995,bullet2,5.43604,13.1725,0.8,0,1
128996,bullet6,9.96003,13.806,0.8,0,1
128999,flyer5,13.5,3.5768,-0.3,0,2
128999,bullet5,9.46343,13.2056,0.8,0,1
129000,player,1.14367,13.2687,-0.158929,-0.150625,1
129000,flyer4,3.29984,0.747392,-0.293337,-0.0628758,2
129000,bullet2,9.43604,13.1725,0.8,0,1
129000,bullet4,1.54367,13.2687,0.8,0,1
129001,bullet6,13.96,13.806,0.8,0,1
129004,flyer5,12,3.5768,-0.3,0,2
129004,bullet5,13.4634,13.2056,0.8,0,1
129005,player,1.35354,13.4852,0.334567,0.334721,1
129005,flyer4,1.83315,0.433014,-0.293337,-0.0628758,2
129005,bullet2,13.436,13.1725,0.8,0,1
129005,bullet4,5.54367,13.2687,0.8,0,1
129006,bullet3,1.90409,13.6359,0.8,0,1
129009,flyer5,10.5,3.5768,-0.3,0,2
129010,player,1.0645,14.3118,-0.06217,0.0745203,1
129010,flyer4,0.366469,0.118635,-0.293337,-0.0628758,2
129010,bullet4,9.54367,13.2687,0.8,0,1
129011,bullet3,5.90409,13.6359,0.8,0,1
129012,bullet1,1.42394,14.3604,0.8,0,1
129013,bullet6,1.41827,14.3672,0.8,0,1
129014,flyer5,9,3.5768,-0.3,0,2
129015,player,1.35207,14.3716,0.336353,0.00137511,1
129015,bullet4,13.5437,13.2687,0.8,0,1
129016,bullet3,9.90409,13.6359,0.8,0,1
129017,bullet1,5.42394,14.3604,0.8,0,1
129018,bullet6,5.41827,14.3672,0.8,0,1
129019,flyer5,7.5,3.5768,-0.3,0,2
129020,player,1.66679,14.9067,-0.0482975,0.0973962,1
129021,bullet3,13.9041,13.6359,0.8,0,1
129022,bullet1,9.42394,14.3604,0.8,0,1
129023,bullet6,9.41827,14.3672,0.8,0,1
129024,flyer5,5.99999,3.5768,-0.3,0,2
129025,player,1.92091,15.0295,0.391113,-0.0527069,1
129025,flyer6,16.5,3.5768,-0.3,0,2
129026,bullet5,2.49691,15.0058,0.8,0,1
129027,bullet1,13.4239,14.3604,0.8,0,1
129028,bullet6,13.4183,14.3672,0.8,0,1
129028,bullet2,2.61175,14.9903,0.8,0,1
129029,flyer5,4.49999,3.5768,-0.3,0,2
129030,player,2.72438,14.9872,0.159092,-0.000972591,1
129030,flyer6,15,3.5768,-0.3,0,2
129031,bullet5,6.49691,15.0058,0.8,0,1
129031,bullet4,3.19597,14.9867,0.8,0,1
129033,bullet2,6.61175,14.9903,0.8,0,1
129034,flyer5,2.99999,3.5768,-0.3,0,2
129035,player,3.77812,14.6489,0.37119,-0.337518,1
129035,flyer6,13.5,3.5768,-0.3,0,2
129036,bullet5,10.4969,15.0058,0.8,0,1
129036,bullet4,7.19597,14.9867,0.8,0,1
129038,bullet2,10.6117,14.9903,0.8,0,1
129039,flyer5,1.49999,3.5768,-0.3,0,2
129040,player,3.58684,14.9118,-0.145025,0.0911427,1
129040,flyer6,12,3.5768,-0.3,0,2
129041,bullet5,14.4969,15.0058,0.8,0,1
129041,bullet4,11.196,14.9867,0.8,0,1
129041,bullet3,3.92158,14.9528,0.8,0,1
129043,bullet2,14.6118,14.9903,0.8,0,1
129044,flyer5,-6.4373e-06,3.5768,-0.3,0,2
129044,bullet1,3.87305,14.9833,0.8,0,1
129045,player,3.47037,14.985,-0.00267613,0.00168184,1
129045,flyer6,10.5,3.5768,-0.3,0,2
129046,bullet4,15.196,14.9867,0.8,0,1
129046,bullet3,7.92158,14.9528,0.8,0,1
129048,flayer7,16.5,2.97085,-0.287242,0.0865571,2
129049,bullet1,7.87305,14.9833,0.8,0,1
129049,bullet6,4.35765,14.9863,0.8,0,1
129050,player,4.02594,14.9863,0.0682944,3.10347e-05,1
129050,flyer6,9,3.5768,-0.3,0,2
129051,bullet3,11.9216,14.9528,0.8,0,1
129051,bullet5,4.45667,14.9863,0.8,0,1
129053,flayer7,15.0638,3.40363,-0.287242,0.0865571,2
129054,bullet1,11.873,14.9833,0.8,0,1
129054,bullet6,8.35765,14.9863,0.8,0,1
129055,player,4.08079,14.3979,0.00126022,-0.0307541,1
129055,flyer6,7.5,3.5768,-0.3,0,2
129056,bullet3,15.9216,14.9528,0.8,0,1
129056,bullet5,8.45668,14.9863,0.8,0,1
129058,flayer7,13.6276,3.83642,-0.287242,0.0865571,2
129058,bullet2,4.9711,13.8856,0.8,0,1
129059,bullet1,15.8731,14.9833,0.8,0,1
129059,bullet6,12.3576,14.9863,0.8,0,1
129060,player,4.67027,13.7847,0.0307779,-0.0313222,1
129060,flyer6,5.99999,3.5768,-0.3,0,2
129061,bullet5,12.4567,14.9863,0.8,0,1
129061,bullet4,5.08412,13.7706,0.8,0,1
129063,flayer7,12.1914,4.2692,-0.287242,0.0865571,2
129063,bullet2,8.9711,13.8856,0.8,0,1
129064,bullet6,16.3576,14.9863,0.8,0,1
129065,player,4.69499,13.2702,0.00056794,-0.152453,1
129065,flyer6,4.49999,3.5768,-0.3,0,2
129066,bullet4,9.08412,13.7706,0.8,0,1
129067,bullet3,5.09536,13.1707,0.8,0,1
129068,flayer7,10.7552,4.70199,-0.287242,0.0865571,2
129068,bullet2,12.9711,13.8856,0.8,0,1
129070,player,5.25316,12.59,0.0683542,-0.0711569,1
129070,flyer6,2.99999,3.5768,-0.3,0,2
129070,bullet1,4.85316,12.59,-0.8,-6.99382e-08,1
129071,bullet4,13.0841,13.7706,0.8,0,1
129072,bullet3,9.09536,13.1707,0.8,0,1
129073,flayer7,9.31895,5.13477,-0.287242,0.0865571,2
129074,bullet6,5.49527,11.9457,-0.8,-6.99382e-08,1
129075,player,5.91037,11.9306,0.0151009,-0.0151527,1
129075,flyer6,1.49999,3.5768,-0.3,0,2
129075,bullet1,0.853164,12.59,-0.8,-6.99382e-08,1
129077,bullet3,13.0954,13.1707,0.8,0,1
129078,flayer7,7.88274,5.56756,-0.287242,0.0865571,2
129078,bullet5,5.83222,11.9193,0.8,0,1
129079,bullet6,1.49527,11.9457,-0.8,-6.99382e-08,1
129080,player,4.99652,12.2559,-0.367976,0.33722,1
129080,flyer6,-6.4373e-06,3.5768,-0.3,0,2
129082,flayer8,16.5,9.17933,-0.271547,0.127524,2
129082,bullet3,17.0954,13.1707,0.8,0,1
129083,flayer7,6.44653,6.00034,-0.287242,0.0865571,2
129083,flyer3,16.5,9.17933,-0.299997,0.00134696,2
129083,bullet5,9.83222,11.9193,0.8,0,1
129084,bullet2,5.69627,11.932,0.8,0,1
129085,player,5.30332,11.9244,0.00704942,-0.00761694,1
129085,bullet4,5.70332,11.9244,0.8,0,1
129087,flayer8,15.1423,9.81695,-0.271547,0.127524,2
129088,flayer7,5.01032,6.43313,-0.287242,0.0865571,2
129088,flyer3,15,9.18606,-0.299997,0.00134696,2
129088,bullet5,13.8322,11.9193,0.8,0,1
129089,bullet2,9.69627,11.932,0.8,0,1
129090,player,5.8667,12.5068,0.0684738,0.0306141,1
129090,bullet4,9.70332,11.9244,0.8,0,1
129090,bullet1,6.2667,12.5068,0.8,0,1
129092,flayer8,13.7845,10.4546,-0.271547,0.127524,2
129093,flayer7,3.57411,6.86591,-0.287242,0.0865571,2
129093,flyer3,13.5,9.1928,-0.299997,0.00134696,2
129093,bullet6,5.51762,12.5295,-0.8,-6.99382e-08,1
129094,bullet2,13.6963,11.932,0.8,0,1
129095,player,5.92169,12.042,0.00126353,-0.15131,1
129095,bullet4,13.7033,11.9244,0.8,0,1
129095,bullet1,10.2667,12.5068,0.8,0,1
129097,flayer8,12.4268,11.0922,-0.271547,0.127524,2
129098,flayer7,2.1379,7.29869,-0.287242,0.0865571,2
129098,flyer3,12,9.19953,-0.299997,0.00134696,2
129098,bullet6,1.51762,12.5295,-0.8,-6.99382e-08,1
129098,bullet3,6.32263,11.9295,0.8,0,1
129100,player,6.41208,11.9205,0.151898,-0.0027921,1
129100,bullet1,14.2667,12.5068,0.8,0,1
129102,flayer8,11.0691,11.7298,-0.271547,0.127524,2
129103,flayer7,0.701695,7.73148,-0.287242,0.0865571,2
129103,flyer3,10.5001,9.20626,-0.299997,0.00134696,2
129103,bullet3,10.3226,11.9295,0.8,0,1
129105,player,6.97885,10.7582,0.209182,-0.0822349,1
129106,bullet5,7.47298,10.7212,0.8,0,1
129107,flayer8,9.71134,12.3674,-0.271547,0.127524,1
129108,flyer3,9.00007,9.213,-0.299997,0.00134696,2
129108,flyer1,16.5,9.17933,-0.3,0,2
129109,bullet2,7.54298,10.6937,0.8,0,1
129110,player,7.14684,10.6921,0.00386,-0.00151746,1
129111,bullet5,11.473,10.7212,0.8,0,1
129111,bullet4,7.54857,10.6915,0.8,0,1
129112,flayer8,8.35361,13.0051,-0.271547,0.127524,1
129113,flyer3,7.50008,9.21973,-0.299997,0.00134696,2
129113,flyer1,15,9.17933,-0.3,0,2
129114,bullet2,11.543,10.6937,0.8,0,1
