259944,player,4.18133,13.4346,0,0,1
259944,bullet1,4.58134,13.4346,0.8,0,1
259945,bullet2,4.58134,13.4346,0.8,0,1
259946,bullet3,4.58134,13.4346,0.8,0,1
259947,bullet4,4.58134,13.4346,0.8,0,1
259949,player,4.18133,13.4346,0,0,1
259949,bullet1,8.58134,13.4346,0.8,0,1
259950,bullet2,8.58134,13.4346,0.8,0,1
259951,bullet3,8.58134,13.4346,0.8,0,1
259952,bullet4,8.58134,13.4346,0.8,0,1
259954,player,3.7058,13.8712,-0.16879,0.21638,1
259954,bullet1,12.5813,13.4346,0.8,0,1
259955,bullet2,12.5813,13.4346,0.8,0,1
259956,bullet3,12.5813,13.4346,0.8,0,1
259957,bullet4,12.5813,13.4346,0.8,0,1
259959,player,3.57025,14.045,-0.00311465,0.00399281,1
259959,bullet5,3.97025,14.045,0.8,0,1
259960,bullet6,3.96885,14.0468,0.8,0,1
259961,bullet1,3.96822,14.0476,0.8,0,1
259964,player,3.63609,14.7578,-0.0835887,-0.117208,1
259964,bullet5,7.97025,14.045,0.8,0,1
259965,bullet6,7.96885,14.0468,0.8,0,1
259965,bullet2,3.99848,14.7051,0.8,0,1
259966,bullet1,7.96822,14.0476,0.8,0,1
259969,player,2.85937,14.5118,0.115739,0.183462,1
259969,bullet5,11.9702,14.045,0.8,0,1
259970,bullet6,11.9688,14.0468,0.8,0,1
259970,bullet2,7.99848,14.7051,0.8,0,1
259971,bullet1,11.9682,14.0476,0.8,0,1
259974,player,2.36384,14.3078,-0.028619,-0.3172,1
259974,bullet5,15.9703,14.045,0.8,0,1
259975,flyer1,16.5,7.77487,-0.3,0,2
259975,bullet6,15.9688,14.0468,0.8,0,1
259975,bullet2,11.9985,14.7051,0.8,0,1
259975,bullet3,2.75096,14.1651,0.8,0,1
259976,bullet1,15.9682,14.0476,0.8,0,1
259976,bullet4,2.74517,14.1008,0.8,0,1
259977,bullet5,2.74256,14.0719,0.8,0,1
259979,player,2.00336,14.0531,-0.338028,-0.00585322,1
259980,flyer1,15,7.77487,-0.3,0,2
259980,bullet2,15.9985,14.7051,0.8,0,1
259980,bullet3,6.75097,14.1651,0.8,0,1
259981,bullet4,6.74517,14.1008,0.8,0,1
259982,bullet5,6.74256,14.0719,0.8,0,1
259984,player,2.28961,14.3859,0.0621062,0.337392,1
259985,flyer1,13.5,7.77487,-0.3,0,2
259985,bullet3,10.751,14.1651,0.8,0,1
259986,bullet4,10.7452,14.1008,0.8,0,1
259987,bullet5,10.7426,14.0719,0.8,0,1
259989,player,2.10543,14.2064,0.287217,-0.193239,1
259990,flyer1,12,7.77487,-0.3,0,2
259990,bullet3,14.751,14.1651,0.8,0,1
259991,bullet4,14.7452,14.1008,0.8,0,1
259992,bullet5,14.7426,14.0719,0.8,0,1
259993,flyer2,16.5,7.77487,-0.218006,-0.206091,2
259994,player,2.25391,13.9132,0.105746,0.165144,1
259994,flyer3,16.5,7.77487,-0.3,0,2
259995,flyer1,10.5,7.77487,-0.3,0,2
259995,flyer4,16.5,13.2627,-0.298325,-0.0316563,2
259995,bullet6,2.70149,13.9875,0.8,0,1
259996,bullet1,2.72291,14.0209,0.8,0,1
259998,flyer2,15.41,6.74441,-0.218006,-0.206091,2
259999,player,1.84945,14.5352,-0.149924,0.154922,1
259999,flyer3,15,7.77487,-0.3,0,2
259999,bullet2,2.24945,14.5352,0.8,0,1
260000,flyer1,9,7.77487,-0.3,0,2
260000,flyer4,15.0084,13.1044,-0.298325,-0.0316563,2
260000,bullet6,6.70149,13.9875,0.8,0,1
260000,bullet3,2.18199,14.6049,0.8,0,1
260001,bullet1,6.72291,14.0209,0.8,0,1
260003,flyer2,14.3199,5.71395,-0.218006,-0.206091,2
260004,player,2.31753,14.1702,0.0279882,-0.149016,1
260004,flyer3,13.5,7.77487,-0.3,0,2
260004,bullet2,6.24945,14.5352,0.8,0,1
260005,flyer1,7.5,7.77487,-0.3,0,2
260005,flyer4,13.5167,12.9462,-0.298325,-0.0316563,2
260005,bullet6,10.7015,13.9875,0.8,0,1
260005,bullet3,6.18199,14.6049,0.8,0,1
260006,bullet1,10.7229,14.0209,0.8,0,1
260008,flyer2,13.2299,4.6835,-0.218006,-0.206091,2
260009,player,1.14922,15.2413,-0.0440778,0.0418445,1
260009,flyer3,12,7.77487,-0.3,0,2
260009,bullet2,10.2495,14.5352,0.8,0,1
260010,flyer1,5.99999,7.77487,-0.3,0,2
260010,flyer4,12.0251,12.7879,-0.298325,-0.0316563,2
260010,bullet6,14.7015,13.9875,0.8,0,1
260010,bullet3,10.182,14.6049,0.8,0,1
260011,bullet1,14.7229,14.0209,0.8,0,1
260013,flyer2,12.1399,3.65304,-0.218006,-0.206091,2
260013,bullet4,0.926158,15.6,0.8,0,1
260014,player,0.4,15.2625,-0.0880382,-0.3375,1
260014,flyer3,10.5,7.77487,-0.3,0,2
260014,bullet2,14.2495,14.5352,0.8,0,1
260015,flyer1,4.49999,7.77487,-0.3,0,2
260015,flyer4,10.5335,12.6296,-0.298325,-0.0316563,2
260015,bullet3,14.182,14.6049,0.8,0,1
260018,flyer2,11.0499,2.62258,-0.218006,-0.206091,2
260018,bullet4,4.92616,15.6,0.8,0,1
260018,bullet5,1.38774,14.5083,0.8,0,1
260019,player,0.962366,14.4337,-0.025374,-0.0745716,1
260019,flyer3,9,7.77487,-0.3,0,2
260019,bullet6,1.36237,14.4337,0.8,0,1
260020,flyer1,2.99999,7.77487,-0.3,0,2
260020,flyer4,9.04186,12.4713,-0.298325,-0.0316563,2
260020,bullet1,1.35095,14.4002,0.8,0,1
260023,flyer2,9.95984,1.59213,-0.218006,-0.206091,2
260023,bullet4,8.92616,15.6,0.8,0,1
260023,bullet5,5.38774,14.5083,0.8,0,1
260024,player,0.941988,14.9623,-0.000468222,0.0293786,1
260024,flyer3,7.5,7.77487,-0.3,0,2
260024,bullet6,5.36237,14.4337,0.8,0,1
260025,flyer1,1.49999,7.77487,-0.3,0,2
260025,flyer4,7.55024,12.313,-0.298325,-0.0316563,2
260025,bullet1,5.35095,14.4002,0.8,0,1
260028,flyer2,8.86982,0.561671,-0.218006,-0.206091,2
260028,bullet4,12.9262,15.6,0.8,0,1
260028,bullet5,9.38774,14.5083,0.8,0,1
260029,player,0.855908,15.0989,0.141489,-0.137493,1
260029,flyer3,5.99999,7.77487,-0.3,0,2
260029,bullet6,9.36237,14.4337,0.8,0,1
260030,flyer1,-6.4373e-06,7.77487,-0.3,0,2
260030,flyer4,6.05861,12.1548,-0.298325,-0.0316563,2
260030,bullet1,9.35095,14.4002,0.8,0,1
260033,flyer2,7.77979,-0.468785,-0.218006,-0.206091,2
260033,bullet5,13.3877,14.5083,0.8,0,1
260034,player,1.57185,14.3861,0.0164505,-0.0163767,1
260034,flyer3,4.49999,7.77487,-0.3,0,2
260034,bullet6,13.3624,14.4337,0.8,0,1
260034,bullet2,1.97185,14.3861,0.8,0,1
260035,flyer4,4.56699,11.9965,-0.298325,-0.0316563,2
260035,bullet1,13.3509,14.4002,0.8,0,1
260039,player,1.09569,14.4413,-0.151571,-0.0838334,1
260039,flyer3,2.99999,7.77487,-0.3,0,2
260039,flyer5,16.5,1.85974,-0.3,0,2
260039,bullet2,5.97185,14.3861,0.8,0,1
260040,flyer4,3.07536,11.8382,-0.298325,-0.0316563,2
260042,bullet3,0.893598,13.8896,0.8,0,1
260044,player,0.4,13.7855,-0.0251637,-0.0323016,1
260044,flyer3,1.49999,7.77487,-0.3,0,2
260044,flyer5,15,1.85974,-0.3,0,2
260044,bullet2,9.97185,14.3861,0.8,0,1
260044,bullet4,0.8,13.7855,0.8,0,1
260045,flyer4,1.58373,11.6799,-0.298325,-0.0316563,2
260047,bullet3,4.8936,13.8896,0.8,0,1
260048,bullet5,0.879354,14.3486,0.8,0,1
260049,player,0.424386,14.3619,-0.0549685,0.0132436,1
260049,flyer3,-6.4373e-06,7.77487,-0.3,0,2
260049,flyer5,13.5,1.85974,-0.3,0,2
260049,bullet2,13.9719,14.3861,0.8,0,1
260049,bullet4,4.8,13.7855,0.8,0,1
260050,flyer4,0.092109,11.5216,-0.298325,-0.0316563,2
260052,bullet3,8.8936,13.8896,0.8,0,1
260053,bullet5,4.87935,14.3486,0.8,0,1
260054,player,0.399429,14.3725,-0.000570557,0.000244381,1
260054,flyer5,12,1.85974,-0.3,0,2
260054,bullet4,8.8,13.7855,0.8,0,1
260054,bullet6,0.799429,14.3725,0.8,0,1
260057,bullet3,12.8936,13.8896,0.8,0,1
260058,bullet5,8.87936,14.3486,0.8,0,1
260059,player,0.4,15.4198,0,0.220223,1
260059,flyer5,10.5,1.85974,-0.3,0,2
260059,bullet4,12.8,13.7855,0.8,0,1
260059,bullet6,4.79943,14.3725,0.8,0,1
260062,bullet1,0.8,15.5836,0.8,0,1
260063,bullet5,12.8794,14.3486,0.8,0,1
260064,player,0.4,15.2592,0,-0.333436,1
260064,flyer5,9,1.85974,-0.3,0,2
260064,bullet6,8.79943,14.3725,0.8,0,1
260067,bullet1,4.8,15.5836,0.8,0,1
260068,flyer6,16.5,1.85974,-0.249043,0.167265,2
260068,bullet2,0,14.4091,-0.8,-6.99382e-08,1
260069,player,0.4,14.3891,0,-0.0199924,1
260069,flyer5,7.5,1.85974,-0.3,0,2
260069,bullet6,12.7994,14.3725,0.8,0,1
260069,bullet3,0.8,14.3891,0.8,0,1
260072,bullet1,8.8,15.5836,0.8,0,1
260072,bullet4,0.8,14.8636,0.8,0,1
260073,flyer6,15.2548,2.69607,-0.249043,0.167265,2
260074,player,0.4,14.9615,0,0.0303858,1
260074,flyer5,5.99999,1.85974,-0.3,0,2
260074,bullet3,4.8,14.3891,0.8,0,1
260075,bullet5,0.8,14.9752,0.8,0,1
260077,bullet1,12.8,15.5836,0.8,0,1
260077,bullet4,4.8,14.8636,0.8,0,1
260078,flyer6,14.0096,3.53239,-0.249043,0.167265,2
260079,player,0.4,14.0599,0,-0.367694,1
260079,flyer5,4.49999,1.85974,-0.3,0,2
260079,bullet3,8.8,14.3891,0.8,0,1
260080,bullet5,4.8,14.9752,0.8,0,1
260082,bullet4,8.8,14.8636,0.8,0,1
260083,flyer6,12.7644,4.36872,-0.249043,0.167265,2
260084,player,0.7375,12.9559,0.3375,0.231617,1
260084,flyer5,2.99999,1.85974,-0.3,0,2
260084,bullet3,12.8,14.3891,0.8,0,1
260085,bullet5,8.8,14.9752,0.8,0,1
260087,bullet4,12.8,14.8636,0.8,0,1
260088,flyer6,11.5191,5.20504,-0.249043,0.167265,2
260088,bullet2,1.40231,13.1377,0.8,0,1
260089,player,1.00854,13.142,0.00622782,0.00427398,1
260089,flyer5,1.49999,1.85974,-0.3,0,2
260089,bullet6,1.40854,13.142,0.8,0,1
260090,bullet5,12.8,14.9752,0.8,0,1
260093,flyer6,10.2739,6.04137,-0.249043,0.167265,2
260093,bullet2,5.40231,13.1377,0.8,0,1
260094,player,0.676043,14.6291,-0.337385,0.436677,1
260094,flyer5,-6.4373e-06,1.85974,-0.3,0,2
260094,bullet6,5.40854,13.142,0.8,0,1
260095,bullet1,0.924219,14.8256,0.8,0,1
260097,bullet3,0.825155,14.9538,0.8,0,1
260098,flyer6,9.02872,6.87769,-0.249043,0.167265,2
260098,bullet2,9.40231,13.1377,0.8,0,1
260099,player,0.4,14.6423,-0,-0.329442,1
260099,bullet6,9.40854,13.142,0.8,0,1
260100,bullet1,4.92422,14.8256,0.8,0,1
260102,bullet3,4.82515,14.9538,0.8,0,1
260103,flyer6,7.78351,7.71402,-0.249043,0.167265,2
260103,bullet2,13.4023,13.1377,0.8,0,1
260104,player,0.957719,14.9354,0.0683438,0.0622646,1
260104,bullet6,13.4085,13.142,0.8,0,1
260105,bullet1,8.92422,14.8256,0.8,0,1
260107,bullet3,8.82516,14.9538,0.8,0,1
260107,bullet4,1.40854,14.9817,0.8,0,1
260108,flyer6,6.5383,8.55034,-0.249043,0.167265,2
260109,player,0.675105,14.9854,-0.336239,0.00114896,1
260110,bullet1,12.9242,14.8256,0.8,0,1
260112,bullet3,12.8252,14.9538,0.8,0,1
260112,bullet4,5.40854,14.9817,0.8,0,1
260112,bullet5,1.31444,14.4969,0.8,0,1
260113,flyer6,5.29308,9.38667,-0.249043,0.167265,2
260114,player,0.99355,14.3979,0.0245501,-0.0307335,1
260116,bullet2,1.40957,14.3778,0.8,0,1
260117,bullet4,9.40854,14.9817,0.8,0,1
260117,bullet5,5.31444,14.4969,0.8,0,1
260118,flyer6,4.04787,10.223,-0.249043,0.167265,2
260118,bullet6,1.41281,14.3737,0.8,0,1
260119,player,1.01327,14.3732,0.000453019,-0.000567119,1
260121,bullet2,5.40957,14.3778,0.8,0,1
260122,bullet4,13.4085,14.9817,0.8,0,1
260122,bullet5,9.31444,14.4969,0.8,0,1
260123,flyer6,2.80265,11.0593,-0.249043,0.167265,2
260123,bullet6,5.41281,14.3737,0.8,0,1
260124,player,1.01363,14.7102,8.35948e-06,0.33749,1
260126,bullet2,9.40957,14.3778,0.8,0,1
260127,bullet5,13.3144,14.4969,0.8,0,1
260128,flyer6,1.55744,11.8956,-0.249043,0.167265,2
260128,bullet6,9.41281,14.3737,0.8,0,1
260128,bullet1,0.855918,14.975,0.8,0,1
260129,player,0.425164,14.9813,-0.0307545,0.00622763,1
260131,bullet2,13.4096,14.3778,0.8,0,1
260133,flyer6,0.312223,12.732,-0.249043,0.167265,2
260133,bullet6,13.4128,14.3737,0.8,0,1
260133,bullet1,4.85592,14.975,0.8,0,1
260134,player,1.14081,15.6,-0.155438,0,1
260135,flayer7,16.5,15.3033,-0.238336,-0.182197,2
260137,flayer8,16.5,7.67132,-0.3,0,2
260138,bullet1,8.85592,14.975,0.8,0,1
260139,player,0.526608,15.6,-0.154743,0,1
260140,flayer7,15.3083,14.3923,-0.238336,-0.182197,1
260140,bullet3,0.856974,15.6,0.8,0,1
260141,bullet4,0.825638,15.6,0.8,0,1
260142,flayer8,15,7.67132,-0.3,0,2
260143,bullet1,12.8559,14.975,0.8,0,1
260144,player,0.891711,15.1106,0.14902,-0.151875,1
260145,flayer7,14.1166,13.4813,-0.238336,-0.182197,1
260145,bullet3,4.85697,15.6,0.8,0,1
260146,bullet4,4.82564,15.6,0.8,0,1
260147,flayer8,13.5,7.67132,-0.3,0,2
260148,bullet5,1.50773,15.5799,0.8,0,1
260149,player,1.05598,15.591,-0.0517543,0.0110371,1
260150,flayer7,12.925,12.5704,-0.238336,-0.182197,1
260150,bullet3,8.85697,15.6,0.8,0,1
260150,bullet2,1.43269,15.5959,0.8,0,1
260151,bullet4,8.82564,15.6,0.8,0,1
260152,flayer8,12,7.67132,-0.3,0,2
260153,bullet5,5.50774,15.5799,0.8,0,1
260154,player,1.60289,15.0114,0.0297997,-0.030551,1
260155,flayer7,11.7333,11.6594,-0.238336,-0.182197,1
260155,bullet3,12.857,15.6,0.8,0,1
260155,bullet2,5.43269,15.5959,0.8,0,1
260156,bullet4,12.8256,15.6,0.8,0,1
260157,flayer8,10.5,7.67132,-0.3,0,2
260158,bullet5,9.50774,15.5799,0.8,0,1
260159,player,1.02451,15.5891,-0.0132897,0.0132759,1
260160,flayer7,10.5416,10.7484,-0.238336,-0.182197,1
260160,bullet2,9.43269,15.5959,0.8,0,1
260162,flayer8,9,7.67132,-0.3,0,2
260163,bullet5,13.5077,15.5799,0.8,0,1
260164,player,1.3375,15.2625,0.35417,-0.3375,1
260165,flayer7,9.3499,9.83739,-0.238336,-0.182197,1
260165,bullet2,13.4327,15.5959,0.8,0,1
260167,flayer8,7.5,7.67132,-0.3,0,2
260167,flyer1,16.5,7.67132,-0.295561,-0.0514175,2
260168,bullet6,1.52601,15.0968,0.8,0,1
260169,player,1.06421,15.036,-0.0618083,-0.060732,1
260170,flayer7,8.15822,8.92641,-0.238336,-0.182197,1
260170,bullet1,1.43639,15.0087,0.8,0,1
260172,flayer8,5.99999,7.67132,-0.3,0,2
260172,flyer1,15.0222,7.41423,-0.295561,-0.0514175,2
260173,bullet6,5.52601,15.0968,0.8,0,1
260174,player,0.426096,14.3988,-0.0318952,-0.0318754,1
260174,bullet3,0.826096,14.3988,0.8,0,1
260175,flayer7,6.96654,8.01542,-0.238336,-0.182197,1
260175,bullet1,5.43639,15.0087,0.8,0,1
260177,flayer8,4.49999,7.67132,-0.3,0,2
260177,flyer1,13.5444,7.15715,-0.295561,-0.0514175,2
260178,bullet6,9.52602,15.0968,0.8,0,1
260179,player,0.9582,13.2132,0.0677552,-0.0827715,1
260179,bullet3,4.8261,14.3988,0.8,0,1
260180,flayer7,5.77486,7.10443,-0.238336,-0.182197,1
260180,bullet1,9.43639,15.0087,0.8,0,1
260181,bullet4,1.89179,12.6698,0.8,0,1
260182,flayer8,2.99999,7.67132,-0.3,0,2
260182,flyer1,12.0666,6.90006,-0.295561,-0.0514175,2
260183,bullet6,13.526,15.0968,0.8,0,1
260184,player,1.61493,12.055,0.0150899,-0.167242,1
260184,bullet3,8.8261,14.3988,0.8,0,1
260185,flayer7,4.58318,6.19345,-0.238336,-0.182197,1
260185,bullet1,13.4364,15.0087,0.8,0,1
260186,bullet4,5.89179,12.6698,0.8,0,1
260187,flayer8,1.49999,7.67132,-0.3,0,2
260187,flyer1,10.5888,6.64297,-0.295561,-0.0514175,2
260188,bullet5,3.10462,12.0229,0.8,0,1
260189,player,2.78708,11.9653,0.0824618,-0.0575902,1
260189,bullet3,12.8261,14.3988,0.8,0,1
260190,flayer7,3.3915,5.28246,-0.238336,-0.182197,1
260190,bullet2,3.22418,11.9394,0.8,0,1
260191,bullet4,9.89179,12.6698,0.8,0,1
260192,flayer8,-6.4373e-06,7.67132,-0.3,0,2
260192,flyer1,9.11098,6.38589,-0.295561,-0.0514175,2
260193,bullet5,7.10462,12.0229,0.8,0,1
260194,player,1.95808,11.6988,-0.404322,0.268094,1
260194,bullet3,16.8261,14.3988,0.8,0,1
260195,flayer7,2.19982,4.37148,-0.238336,-0.182197,1
260195,bullet2,7.22418,11.9394,0.8,0,1
260195,bullet6,2.17614,11.8195,0.8,0,1
260196,bullet4,13.8918,12.6698,0.8,0,1
260197,flyer1,7.63317,6.1288,-0.295561,-0.0514175,2
260198,bullet5,11.1046,12.0229,0.8,0,1
260199,player,1.63338,11.3564,-0.00746088,-0.0633967,1
260200,flayer7,1.00813,3.46049,-0.238336,-0.182197,1
260200,bullet2,11.2242,11.9394,0.8,0,1
260200,bullet6,6.17614,11.8195,0.8,0,1
260201,bullet1,2.51788,10.8257,0.8,0,1
260202,flyer1,6.15537,5.87171,-0.295561,-0.0514175,2
260203,bullet5,15.1046,12.0229,0.8,0,1
260204,player,2.2297,10.7032,0.0137019,-0.0150095,1
260205,flayer7,-0.183547,2.54951,-0.238336,-0.182197,1
260205,bullet2,15.2242,11.9394,0.8,0,1
260205,bullet6,10.1761,11.8195,0.8,0,1
260205,bullet3,2.63586,10.6964,0.8,0,1
260206,bullet1,6.51788,10.8257,0.8,0,1
260207,flyer1,4.67757,5.61462,-0.295561,-0.0514175,2
260208,bullet4,2.64045,10.6914,0.8,0,1
260209,player,2.2407,10.6911,0.000252839,-0.000276967,1
260210,bullet6,14.1761,11.8195,0.8,0,1
260210,bullet3,6.63587,10.6964,0.8,0,1
260211,bullet1,10.5179,10.8257,0.8,0,1
260212,flyer1,3.19976,5.35754,-0.295561,-0.0514175,2
260213,bullet4,6.64045,10.6914,0.8,0,1
260213,bullet5,2.6409,10.6909,0.8,0,1
260214,player,2.2409,10.6909,4.66559e-06,-5.11081e-06,1
260215,bullet3,10.6359,10.6964,0.8,0,1
260216,bullet1,14.5179,10.8257,0.8,0,1
260217,flyer1,1.72196,5.10045,-0.295561,-0.0514175,2
260218,bullet4,10.6405,10.6914,0.8,0,1
260218,bullet5,6.6409,10.6909,0.8,0,1
260219,player,2.25475,10.1024,-0.016915,-0.0307548,1
260219,bullet2,2.65475,10.1024,0.8,0,1
260220,bullet3,14.6359,10.6964,0.8,0,1
260222,flyer1,0.244154,4.84336,-0.295561,-0.0514175,2
260223,bullet4,14.6405,10.6914,0.8,0,1
260223,bullet5,10.6409,10.6909,0.8,0,1
260224,player,2.17282,10.1461,0.0832191,-0.0840988,1
260224,bullet2,6.65475,10.1024,0.8,0,1
260225,flyer2,16.5,7.37929,-0.215964,-0.208229,2
260226,flyer3,16.5,15.1251,-0.276068,0.117415,2
260226,bullet6,2.62712,10.0912,0.8,0,1
260228,bullet5,14.6409,10.6909,0.8,0,1
260229,player,2.79737,10.6362,0.0698794,0.0667919,1
260229,bullet2,10.6547,10.1024,0.8,0,1
260230,flyer2,15.4202,6.33815,-0.215964,-0.208229,2
260231,flyer3,15.1197,15.7122,-0.276068,0.117415,2
260231,bullet6,6.62712,10.0912,0.8,0,1
260232,bullet1,3.24934,11.2436,0.8,0,1
260234,player,2.85349,11.2922,0.00128947,0.0150721,1
260234,bullet2,14.6548,10.1024,0.8,0,1
260234,bullet3,3.25349,11.2922,0.8,0,1
260235,flyer2,14.3404,5.297,-0.215964,-0.208229,2
260236,flyer3,13.7393,16.2993,-0.276068,0.117415,2
260236,bullet6,10.6271,10.0912,0.8,0,1
260237,bullet1,7.24934,11.2436,0.8,0,1
260237,bullet4,3.25445,11.3034,0.8,0,1
260239,player,2.85453,11.3043,2.37944e-05,0.000278123,1
260239,bullet3,7.25349,11.2922,0.8,0,1
260240,flyer2,13.2605,4.25586,-0.215964,-0.208229,2
260241,bullet6,14.6271,10.0912,0.8,0,1
260242,bullet1,11.2493,11.2436,0.8,0,1
260242,bullet4,7.25445,11.3034,0.8,0,1
260244,player,2.25223,10.7022,-0.0138392,-0.0138345,1
260244,bullet3,11.2535,11.2922,0.8,0,1
260245,flyer2,12.1807,3.21471,-0.215964,-0.208229,2
260247,bullet1,15.2493,11.2436,0.8,0,1
260247,bullet4,11.2545,11.3034,0.8,0,1
260249,player,2.24112,9.53107,-0.000255372,-0.0824386,1
260249,flyer4,16.5,14.8016,-0.294952,0.054804,2
260249,bullet3,15.2535,11.2922,0.8,0,1
260249,bullet5,2.64112,9.53107,0.8,0,1
260250,flyer2,11.1009,2.17356,-0.215964,-0.208229,2
260250,bullet2,2.641,9.49397,0.8,0,1
260252,bullet4,15.2545,11.3034,0.8,0,1
260253,bullet6,2.64092,8.97701,0.8,0,1
260254,player,2.24091,8.90714,-4.71232e-06,-0.069865,1
260254,flyer4,15.0252,15.0756,-0.294952,0.054804,2
260254,bullet5,6.64112,9.53107,0.8,0,1
260255,flyer2,10.0211,1.13242,-0.215964,-0.208229,2
260255,bullet2,6.641,9.49397,0.8,0,1
260257,bullet1,2.64091,8.85519,0.8,0,1
260258,bullet6,6.64092,8.97701,0.8,0,1
260259,player,2.24091,8.85103,-8.69557e-08,-0.00128921,1
260259,flyer4,13.5505,15.3496,-0.294952,0.054804,2
260259,bullet5,10.6411,9.53107,0.8,0,1
260260,flyer2,8.94125,0.0912716,-0.215964,-0.208229,2
260260,bullet2,10.641,9.49397,0.8,0,1
260262,bullet1,6.64091,8.85519,0.8,0,1
260263,bullet6,10.6409,8.97701,0.8,0,1
260264,player,2.24091,8.85,-1.60458e-09,-2.37895e-05,1
260264,flyer4,12.0757,15.6236,-0.294952,0.054804,2
260264,bullet5,14.6411,9.53107,0.8,0,1
260265,bullet2,14.641,9.49397,0.8,0,1
260267,bullet1,10.6409,8.85519,0.8,0,1
260267,bullet3,3.13029,8.84998,0.8,0,1
260268,bullet6,14.6409,8.97701,0.8,0,1
260269,player,2.82938,8.84998,0.0307547,-4.38982e-07,1
260269,flyer4,10.601,15.8976,-0.294952,0.054804,2
260270,bullet4,3.24322,8.84998,0.8,0,1
260271,bullet5,2.44945,8.84998,-0.8,-6.99382e-08,1
260272,bullet1,14.6409,8.85519,0.8,0,1
260272,bullet3,7.13029,8.84998,0.8,0,1
260274,player,2.36471,9.33936,-0.151307,0.151875,1
260274,flyer4,9.12621,16.1717,-0.294952,0.054804,2
260275,flyer5,16.5,14.8016,-0.3,0,2
260275,bullet4,7.24323,8.84998,0.8,0,1
260276,bullet2,2.66598,9.43846,0.8,0,1
260277,bullet3,11.1303,8.84998,0.8,0,1
260277,bullet6,2.65219,9.4523,0.8,0,1
260279,player,1.9057,9.79883,-0.340292,0.340303,1
260279,flyer4,7.65145,16.4457,-0.294952,0.054804,2
260280,flyer5,15,14.8016,-0.3,0,2
260280,bullet4,11.2432,8.84998,0.8,0,1
260281,bullet2,6.66598,9.43846,0.8,0,1
260282,bullet3,15.1303,8.84998,0.8,0,1
260282,bullet6,6.65219,9.4523,0.8,0,1
260284,player,1.04394,10.6606,-0.037034,0.0370342,1
260285,flyer5,13.5,14.8016,-0.3,0,2
260285,bullet4,15.2432,8.84998,0.8,0,1
260285,bullet1,1.42727,10.6773,0.8,0,1
260286,bullet2,10.666,9.43846,0.8,0,1
260287,bullet6,10.6522,9.4523,0.8,0,1
260288,bullet5,1.9726,10.6896,0.8,0,1
260289,player,1.26517,11.0278,-0.307429,0.338183,1
260290,flyer5,12,14.8016,-0.3,0,2
260290,bullet1,5.42727,10.6773,0.8,0,1
260291,bullet2,14.666,9.43846,0.8,0,1
260292,bullet6,14.6522,9.4523,0.8,0,1
260293,bullet5,5.9726,10.6896,0.8,0,1
260294,player,1.25668,12.1263,0.452947,0.495615,1
260295,flyer5,10.5,14.8016,-0.3,0,2
260295,flyer6,16.5,14.8016,-0.287692,-0.0850477,2
260295,bullet1,9.42727,10.6773,0.8,0,1
260296,bullet3,1.95223,12.4497,0.8,0,1
260297,bullet4,1.9935,12.4948,0.8,0,1
260298,bullet5,9.9726,10.6896,0.8,0,1
260299,player,1.62044,12.5243,0.00835815,0.0091455,1
260300,flyer5,9,14.8016,-0.3,0,2
260300,flyer6,15.0615,14.3763,-0.287692,-0.0850477,2
260300,bullet1,13.4273,10.6773,0.8,0,1
260301,bullet3,5.95223,12.4497,0.8,0,1
260302,bullet4,5.99351,12.4948,0.8,0,1
260303,bullet5,13.9726,10.6896,0.8,0,1
260304,player,1.62715,12.5317,0.000154231,0.00016876,1
260305,flyer5,7.5,14.8016,-0.3,0,2
260305,flyer6,13.6231,13.9511,-0.287692,-0.0850477,2
260306,bullet3,9.95223,12.4497,0.8,0,1
260306,bullet2,2.02725,12.5318,0.8,0,1
260307,bullet4,9.99351,12.4948,0.8,0,1
260307,bullet6,2.02726,12.5318,0.8,0,1
260309,player,1.62727,12.5318,2.846e-06,3.1141e-06,1
260310,flyer5,5.99999,14.8016,-0.3,0,2
260310,flyer6,12.1846,13.5258,-0.287692,-0.0850477,2
260311,bullet3,13.9522,12.4497,0.8,0,1
260311,bullet2,6.02725,12.5318,0.8,0,1
260312,bullet4,13.9935,12.4948,0.8,0,1
260312,bullet6,6.02726,12.5318,0.8,0,1
260314,player,2.21575,11.9433,0.0307547,-0.0307546,1
260315,flyer5,4.49999,14.8016,-0.3,0,2
260315,flyer6,10.7462,13.1006,-0.287692,-0.0850477,2
260316,bullet2,10.0273,12.5318,0.8,0,1
260316,bullet1,2.63582,11.9233,0.8,0,1
260317,bullet6,10.0273,12.5318,0.8,0,1
260319,player,2.72982,11.7667,0.152443,0.185057,1
260320,flyer5,2.99999,14.8016,-0.3,0,2
260321,bullet1,6.63582,11.9233,0.8,0,1
260322,flayer8,16.5,14.8016,-0.286878,-0.0877547,2
260322,bullet5,1.95381,11.9044,-0.8,-6.99382e-08,1
260324,player,2.26377,11.9154,-0.0279417,0.00341483,1
260324,bullet3,2.66377,11.9154,0.8,0,1
260325,flyer5,1.49999,14.8016,-0.3,0,2
260326,bullet1,10.6358,11.9233,0.8,0,1
260327,flayer8,15.0656,14.3628,-0.286878,-0.0877547,2
260329,player,2.49231,13.0643,-0.307261,0.0991615,1
260329,bullet3,6.66377,11.9154,0.8,0,1
260330,flyer5,-6.4373e-06,14.8016,-0.3,0,2
260331,bullet1,14.6358,11.9233,0.8,0,1
260331,bullet4,1.89182,13.129,-0.8,-6.99382e-08,1
260332,flayer8,13.6312,13.924,-0.286878,-0.0877547,2
260334,player,2.24555,12.8064,-0.00566983,-0.33567,1
260334,flyer1,16.5,14.8016,-0.3,0,2
260334,flayer7,16.5,8.56234,-0.3,0,2
260334,bullet3,10.6638,11.9154,0.8,0,1
260335,bullet2,2.643,12.6554,0.8,0,1
260337,flayer8,12.1968,13.4852,-0.286878,-0.0877547,2
260337,bullet6,2.64133,12.5568,0.8,0,1
260339,player,1.9035,12.8744,-0.337605,0.331306,1
260339,flyer1,15,14.8016,-0.3,0,2
260339,flayer7,15,8.56234,-0.3,0,2
260339,bullet3,14.6638,11.9154,0.8,0,1
260340,bullet2,6.643,12.6554,0.8,0,1
260342,flayer8,10.7624,13.0465,-0.286878,-0.0877547,2
260342,bullet6,6.64134,12.5568,0.8,0,1
260342,bullet5,1.56307,12.6314,0.8,0,1
260344,player,1.0439,12.552,-0.0369844,-0.0246412,1
260344,flyer1,13.5,14.8016,-0.3,0,2
260344,flayer7,13.5,8.56234,-0.3,0,2
260344,bullet1,1.4439,12.552,0.8,0,1
260345,bullet4,1.42726,12.5409,0.8,0,1
260347,bullet5,5.56307,12.6314,0.8,0,1
260349,player,0.456479,11.9745,-0.0690262,-0.0687984,1
260349,flyer1,12,14.8016,-0.3,0,2
260349,flayer7,12,8.56234,-0.3,0,2
260349,bullet1,5.4439,12.552,0.8,0,1
260350,bullet4,5.42726,12.5409,0.8,0,1
260350,bullet3,0.825417,11.9435,0.8,0,1
260352,bullet5,9.56307,12.6314,0.8,0,1
260354,player,0.738545,12.2567,0.336226,0.33623,1
260354,flyer1,10.5,14.8016,-0.3,0,2
260354,flayer7,10.5,8.56234,-0.3,0,2
260354,bullet1,9.4439,12.552,0.8,0,1
260355,bullet4,9.42726,12.5409,0.8,0,1
260355,bullet3,4.82542,11.9435,0.8,0,1
260357,bullet5,13.5631,12.6314,0.8,0,1
260359,player,0.40625,12.5267,-0.00763529,0.0062044,1
260359,flyer1,9,14.8016,-0.3,0,2
260359,flayer7,9,8.56234,-0.3,0,2
260359,bullet1,13.4439,12.552,0.8,0,1
260360,bullet4,13.4273,12.5409,0.8,0,1
260360,bullet3,8.82542,11.9435,0.8,0,1
260362,bullet2,0.8,13.0207,0.8,0,1
260364,player,0.4,13.1202,0,0.0308692,1
260364,flyer1,7.5,14.8016,-0.3,0,2
260364,flayer7,7.5,8.56234,-0.3,0,2
260364,bullet6,0.8,13.1202,0.8,0,1
260365,bullet3,12.8254,11.9435,0.8,0,1
260367,bullet2,4.8,13.0207,0.8,0,1
260367,bullet5,1.35772,12.5854,0.8,0,1
260369,player,1.00231,12.5427,0.0138396,-0.01327,1
260369,flyer1,5.99999,14.8016,-0.3,0,2
260369,flayer7,5.99999,8.56234,-0.3,0,2
260369,bullet6,4.8,13.1202,0.8,0,1
260371,bullet1,1.41134,12.534,0.8,0,1
260372,bullet2,8.8,13.0207,0.8,0,1
260372,bullet5,5.35772,12.5854,0.8,0,1
260374,player,0.675928,12.1945,-0.337245,-0.337745,1
260374,flyer1,4.49999,14.8016,-0.3,0,2
260374,flayer7,4.49999,8.56234,-0.3,0,2
260374,bullet6,8.8,13.1202,0.8,0,1
260376,bullet1,5.41134,12.534,0.8,0,1
260377,bullet2,12.8,13.0207,0.8,0,1
260377,bullet5,9.35772,12.5854,0.8,0,1
260379,player,0.405092,11.9233,-0.00622311,-0.00623234,1
260379,flyer1,2.99999,14.8016,-0.3,0,2
260379,flayer7,2.99999,8.56234,-0.3,0,2
260379,bullet6,12.8,13.1202,0.8,0,1
260381,bullet1,9.41134,12.534,0.8,0,1
260382,bullet5,13.3577,12.5854,0.8,0,1
260384,player,0.400094,11.9183,-0.000114834,-0.000115004,1
260384,flyer1,1.49999,14.8016,-0.3,0,2
260384,flayer7,1.49999,8.56234,-0.3,0,2
260384,bullet4,0.800094,11.9183,0.8,0,1
260386,bullet1,13.4113,12.534,0.8,0,1
260388,bullet3,0.8,11.3604,0.8,0,1
260389,player,0.4,11.6672,-0,0.306743,1
260389,flyer1,-6.4373e-06,14.8016,-0.3,0,2
260389,flayer7,-6.4373e-06,8.56234,-0.3,0,2
260389,bullet4,4.80009,11.9183,0.8,0,1
260391,flyer3,16.5,8.56234,-0.283104,-0.0992581,2
260391,bullet2,0.8,11.8673,0.8,0,1
260392,bullet6,0.8,11.8953,0.8,0,1
260393,bullet3,4.8,11.3604,0.8,0,1
260394,player,0.7375,11.576,0.3375,-0.33184,1
260394,bullet4,8.8001,11.9183,0.8,0,1
260396,flyer3,15.0845,8.06605,-0.283104,-0.0992581,2
260396,bullet2,4.8,11.8673,0.8,0,1
260397,bullet6,4.8,11.8953,0.8,0,1
260398,bullet3,8.8,11.3604,0.8,0,1
260399,player,1.25951,11.5605,-0.300517,-0.312869,1
260399,bullet4,12.8001,11.9183,0.8,0,1
260401,flyer3,13.669,7.56976,-0.283104,-0.0992581,2
260401,bullet2,8.8,11.8673,0.8,0,1
260402,bullet6,8.8,11.8953,0.8,0,1
260403,bullet3,12.8,11.3604,0.8,0,1
260404,player,0.460454,10.2622,-0.0738891,-0.225992,1
260405,bullet5,0.827204,10.1605,0.8,0,1
260406,flyer3,12.2534,7.07347,-0.283104,-0.0992581,2
260406,bullet2,12.8,11.8673,0.8,0,1
260407,bullet6,12.8,11.8953,0.8,0,1
260409,player,0.401115,10.0807,-0.00136346,-0.00417019,1
260409,bullet1,0.801115,10.0807,0.8,0,1
260410,bullet5,4.8272,10.1605,0.8,0,1
260411,flyer3,10.8379,6.57718,-0.283104,-0.0992581,2
260412,flyer2,16.5,14.8233,-0.3,0,2
260412,bullet4,0.800101,10.0776,0.8,0,1
260414,player,0.40002,10.0773,-2.51597e-05,-7.69517e-05,1
260414,bullet1,4.80112,10.0807,0.8,0,1
260414,bullet3,0.80002,10.0773,0.8,0,1
260415,bullet5,8.82721,10.1605,0.8,0,1
260416,flyer3,9.4224,6.08089,-0.283104,-0.0992581,2
260417,flyer2,15,14.8233,-0.3,0,2
260417,bullet4,4.8001,10.0776,0.8,0,1
260419,player,1.29522,9.85704,0.405843,0.269155,1
260419,bullet1,8.80112,10.0807,0.8,0,1
260419,bullet3,4.80002,10.0773,0.8,0,1
260420,bullet5,12.8272,10.1605,0.8,0,1
260421,flyer3,8.00688,5.5846,-0.283104,-0.0992581,2
260422,flyer2,13.5,14.8233,-0.3,0,2
260422,bullet4,8.8001,10.0776,0.8,0,1
260424,player,1.46927,9.24632,0.193114,-0.484408,1
260424,bullet1,12.8011,10.0807,0.8,0,1
260424,bullet3,8.80002,10.0773,0.8,0,1
260426,flyer3,6.59136,5.08831,-0.283104,-0.0992581,2
260427,flyer2,12,14.8233,-0.3,0,2
260427,bullet4,12.8001,10.0776,0.8,0,1
260427,bullet2,1.5235,8.88611,0.8,0,1
260429,player,1.37338,9.1948,0.310309,0.328561,1
260429,bullet3,12.8,10.0773,0.8,0,1
260431,flyer3,5.17584,4.59202,-0.283104,-0.0992581,2
260432,flyer2,10.5,14.8233,-0.3,0,2
260432,bullet2,5.5235,8.88611,0.8,0,1
260432,bullet6,1.44642,8.88141,0.8,0,1
260434,player,1.35777,9.19385,0.329386,0.329723,1
260436,flyer3,3.76032,4.09573,-0.283104,-0.0992581,2
260436,bullet5,1.9727,9.409,0.8,0,1
260437,flyer2,9,14.8233,-0.3,0,2
260437,bullet2,9.5235,8.88611,0.8,0,1
260437,bullet6,5.44642,8.88141,0.8,0,1
260437,bullet1,2.00271,9.43904,0.8,0,1
260439,player,1.6223,9.45865,0.00607811,0.00608432,1
260441,flyer3,2.3448,3.59944,-0.283104,-0.0992581,2
260441,bullet5,5.9727,9.409,0.8,0,1
260442,flyer2,7.5,14.8233,-0.3,0,2
260442,bullet2,13.5235,8.88611,0.8,0,1
260442,bullet6,9.44642,8.88141,0.8,0,1
260442,bullet1,6.00272,9.43904,0.8,0,1
260444,player,1.67178,10.0213,-0.054392,0.068456,1
260446,flyer3,0.929283,3.10315,-0.283104,-0.0992581,2
260446,bullet5,9.9727,9.409,0.8,0,1
260447,flyer2,5.99999,14.8233,-0.3,0,2
260447,bullet6,13.4464,8.88141,0.8,0,1
260447,bullet1,10.0027,9.43904,0.8,0,1
260449,player,2.01019,10.6785,0.281992,0.0151028,1
260451,flyer3,-0.486236,2.60686,-0.283104,-0.0992581,2
260451,bullet5,13.9727,9.409,0.8,0,1
260452,flyer2,4.49999,14.8233,-0.3,0,2
260452,flyer4,16.5,14.8233,-0.3,0,2
260452,bullet1,14.0027,9.43904,0.8,0,1
260454,player,1.85456,12.1882,-0.277792,0.419962,1
260455,flyer6,16.5,14.8233,-0.3,0,2
260456,flyer5,16.5,3.83693,-0.3,0,2
260457,flyer2,2.99999,14.8233,-0.3,0,2
260457,flyer4,15,14.8233,-0.3,0,2
260457,bullet4,1.55861,12.9899,0.8,0,1
260459,player,1.04299,13.1139,-0.0358807,0.0385042,1
260460,flyer6,15,14.8233,-0.3,0,2
260460,bullet3,1.42685,13.1313,0.8,0,1
260461,flyer5,15,3.83693,-0.3,0,2
260461,bullet2,1.41958,13.1391,0.8,0,1
260462,flyer2,1.49999,14.8233,-0.3,0,2
260462,flyer4,13.5,14.8233,-0.3,0,2
260462,bullet4,5.55861,12.9899,0.8,0,1
260464,player,1.50355,13.1449,0.151213,0.00071051,1
260464,bullet6,1.90355,13.1449,0.8,0,1
260465,flyer6,13.5,14.8233,-0.3,0,2
260465,bullet3,5.42685,13.1313,0.8,0,1
260466,flyer5,13.5,3.83693,-0.3,0,2
260466,bullet2,5.41958,13.1391,0.8,0,1
260467,flyer2,-6.4373e-06,14.8233,-0.3,0,2
260467,flyer4,12,14.8233,-0.3,0,2
260467,bullet4,9.55861,12.9899,0.8,0,1
260469,player,2.18271,13.7032,0.0711341,0.0683569,1
260469,bullet6,5.90355,13.1449,0.8,0,1
260470,flyer6,12,14.8233,-0.3,0,2
260470,bullet3,9.42685,13.1313,0.8,0,1
260471,flyer5,12,3.83693,-0.3,0,2
260471,bullet2,9.41958,13.1391,0.8,0,1
260472,flyer4,10.5,14.8233,-0.3,0,2
260472,bullet4,13.5586,12.9899,0.8,0,1
260474,player,1.63752,13.1557,-0.012527,-0.0125782,1
260474,bullet6,9.90355,13.1449,0.8,0,1
260475,flyer6,10.5,14.8233,-0.3,0,2
260475,bullet3,13.4268,13.1313,0.8,0,1
260476,flyer5,10.5,3.83693,-0.3,0,2
260476,bullet2,13.4196,13.1391,0.8,0,1
260476,bullet5,2.02935,13.1475,0.8,0,1
260477,flyer4,9,14.8233,-0.3,0,2
260479,player,1.62746,12.5879,-0.000231158,-0.0685759,1
260479,bullet6,13.9036,13.1449,0.8,0,1
260479,bullet1,2.02746,12.5879,0.8,0,1
260480,flyer6,9,14.8233,-0.3,0,2
260481,flyer5,9,3.83693,-0.3,0,2
260481,bullet5,6.02935,13.1475,0.8,0,1
260481,bullet4,2.02731,12.5432,0.8,0,1
260482,flyer4,7.5,14.8233,-0.3,0,2
260484,player,1.40706,13.4281,0.269152,0.404578,1
260484,bullet1,6.02746,12.5879,0.8,0,1
260485,flyer6,7.5,14.8233,-0.3,0,2
260486,flyer5,7.5,3.83693,-0.3,0,2
260486,bullet5,10.0293,13.1475,0.8,0,1
260486,bullet4,6.02731,12.5432,0.8,0,1
260487,flyer4,5.99999,14.8233,-0.3,0,2
260489,player,1.06549,13.7976,-0.0633771,-0.0470385,1
260489,bullet1,10.0275,12.5879,0.8,0,1
260489,bullet3,1.46549,13.7976,0.8,0,1
260490,flyer6,5.99999,14.8233,-0.3,0,2
260491,flyer5,5.99999,3.83693,-0.3,0,2
260491,bullet5,14.0293,13.1475,0.8,0,1
260491,bullet4,10.0273,12.5432,0.8,0,1
260492,flyer4,4.49999,14.8233,-0.3,0,2
260494,player,0.456874,13.7598,-0.0695132,-0.000867993,1
260494,bullet1,14.0275,12.5879,0.8,0,1
260494,bullet3,5.46549,13.7976,0.8,0,1
260495,flyer6,4.49999,14.8233,-0.3,0,2
260495,bullet2,0.825593,13.7594,0.8,0,1
260496,flyer5,4.49999,3.83693,-0.3,0,2
260496,bullet4,14.0273,12.5432,0.8,0,1
260497,flyer4,2.99999,14.8233,-0.3,0,2
260497,bullet6,0.805182,13.7591,0.8,0,1
260499,player,0.401049,13.7591,-0.00128271,-1.60169e-05,1
260499,bullet3,9.46549,13.7976,0.8,0,1
260499,bullet5,0.801049,13.7591,0.8,0,1
260500,flyer6,2.99999,14.8233,-0.3,0,2
260500,bullet2,4.82559,13.7594,0.8,0,1
260501,flyer5,2.99999,3.83693,-0.3,0,2
260502,flyer4,1.49999,14.8233,-0.3,0,2
260502,bullet6,4.80518,13.7591,0.8,0,1
