108214,player,3.69039,12.161,0,0,1
108217,bullet1,4.64811,12.7187,0.8,0,1
108218,bullet2,4.67886,12.7495,0.8,0,1
108219,player,4.2927,12.7633,0.0138396,0.0138396,1
108222,bullet1,8.64811,12.7187,0.8,0,1
108222,bullet3,4.14527,12.2159,0.8,0,1
108223,bullet2,8.67886,12.7495,0.8,0,1
108223,bullet4,4.11509,12.1857,0.8,0,1
108224,player,3.7015,12.1721,-0.0135842,-0.0135842,1
108227,bullet1,12.6481,12.7187,0.8,0,1
108227,bullet3,8.14528,12.2159,0.8,0,1
108228,bullet2,12.6789,12.7495,0.8,0,1
108228,bullet4,8.11509,12.1857,0.8,0,1
108229,player,3.10212,12.7497,-0.0310054,0.030504,1
108232,bullet3,12.1453,12.2159,0.8,0,1
108233,bullet4,12.1151,12.1857,0.8,0,1
108234,player,2.58784,12.7742,-0.152447,0.000562885,1
108235,bullet5,2.91924,12.7744,0.8,0,1
108237,bullet3,16.1453,12.2159,0.8,0,1
108238,bullet4,16.1151,12.1857,0.8,0,1
108239,player,1.05007,12.6228,-0.522943,0.185635,1
108240,flyer1,16.5,12.8785,-0.253491,0.160444,2
108240,bullet5,6.91924,12.7744,0.8,0,1
108242,bullet6,1.55057,12.7608,0.8,0,1
108244,player,1.21857,12.4343,0.0211049,-0.334074,1
108245,flyer1,15.2325,13.6807,-0.253491,0.160444,2
108245,bullet5,10.9192,12.7744,0.8,0,1
108245,bullet1,0.828071,12.284,-0.8,-6.99382e-08,1
108247,bullet6,5.55057,12.7608,0.8,0,1
108248,bullet2,1.63513,11.6828,0.8,0,1
108249,player,1.23552,11.6083,0.000389445,-0.0745084,1
108250,flyer1,13.9651,14.483,-0.253491,0.160444,2
108250,bullet5,14.9192,12.7744,0.8,0,1
108250,bullet3,1.6357,11.5748,0.8,0,1
108252,bullet6,9.55057,12.7608,0.8,0,1
108253,bullet2,5.63513,11.6828,0.8,0,1
108254,player,1.23584,11.5485,7.18636e-06,-0.00137489,1
108254,bullet4,1.63584,11.5485,0.8,0,1
108255,flyer1,12.6976,15.2852,-0.253491,0.160444,2
108255,bullet3,5.6357,11.5748,0.8,0,1
108257,bullet6,13.5506,12.7608,0.8,0,1
108258,bullet2,9.63513,11.6828,0.8,0,1
108259,player,0.678123,12.1051,-0.0683436,0.0683184,1
108259,bullet4,5.63584,11.5485,0.8,0,1
108260,flyer1,11.4302,16.0874,-0.253491,0.160444,2
108260,bullet3,9.6357,11.5748,0.8,0,1
108263,flyer2,16.5,2.7821,-0.291586,-0.0705539,2
108263,bullet2,13.6351,11.6828,0.8,0,1
108264,player,0.889375,11.5715,0.151875,-0.029494,1
108264,bullet4,9.63584,11.5485,0.8,0,1
108265,bullet3,13.6357,11.5748,0.8,0,1
108267,flyer3,16.5,2.7821,-0.269294,0.132215,2
108268,flyer2,15.0421,2.42933,-0.291586,-0.0705539,2
108269,player,0.4,12.6395,0,0.16517,1
108269,flyer4,16.5,2.7821,-0.3,0,2
108269,bullet4,13.6358,11.5485,0.8,0,1
108271,bullet1,1.28938,12.7473,0.8,0,1
108272,flyer3,15.1535,3.44318,-0.269294,0.132215,2
108273,flyer2,13.5841,2.07656,-0.291586,-0.0705539,2
108274,player,0.664813,13.1096,-0.32366,0.340548,1
108274,flyer4,15,2.7821,-0.3,0,2
108275,bullet5,0.919166,13.2629,0.8,0,1
108276,bullet1,5.28938,12.7473,0.8,0,1
108277,flyer3,13.8071,4.10425,-0.269294,0.132215,2
108278,flyer2,12.1262,1.72379,-0.291586,-0.0705539,2
108279,player,0.4,13.9409,0,0.0746278,1
108279,flyer4,13.5,2.7821,-0.3,0,2
108280,bullet5,4.91917,13.2629,0.8,0,1
108281,bullet1,9.28938,12.7473,0.8,0,1
108281,bullet6,0.8,14.4789,0.8,0,1
108282,flyer3,12.4606,4.76533,-0.269294,0.132215,2
108283,flyer2,10.6683,1.37102,-0.291586,-0.0705539,2
108284,player,0.4,14.6031,0,0.0152167,1
108284,flyer4,12,2.7821,-0.3,0,2
108285,bullet5,8.91917,13.2629,0.8,0,1
108285,bullet2,0.8,14.61,0.8,0,1
108286,bullet1,13.2894,12.7473,0.8,0,1
108286,bullet6,4.8,14.4789,0.8,0,1
108287,flyer3,11.1141,5.4264,-0.269294,0.132215,2
108288,flyer2,9.21035,1.01825,-0.291586,-0.0705539,2
108289,player,0.889375,14.0576,0.151875,-0.068063,1
108289,flyer4,10.5,2.7821,-0.3,0,2
108290,bullet5,12.9192,13.2629,0.8,0,1
108290,bullet2,4.8,14.61,0.8,0,1
108290,bullet3,1.35772,14.027,0.8,0,1
108291,bullet6,8.8,14.4789,0.8,0,1
108292,flyer3,9.76765,6.08748,-0.269294,0.132215,2
108293,flyer2,7.75242,0.665485,-0.291586,-0.0705539,2
108294,player,0.42287,14.5914,-0.0279522,0.0294987,1
108294,flyer4,9,2.7821,-0.3,0,2
108295,bullet2,8.8,14.61,0.8,0,1
108295,bullet3,5.35772,14.027,0.8,0,1
108295,bullet4,0.810292,14.6047,0.8,0,1
108296,bullet6,12.8,14.4789,0.8,0,1
108297,flyer3,8.42119,6.74855,-0.269294,0.132215,2
108298,flyer2,6.2945,0.312715,-0.291586,-0.0705539,2
108299,player,0.958141,14.0574,0.067828,-0.0677994,1
108299,flyer4,7.5,2.7821,-0.3,0,2
108300,bullet2,12.8,14.61,0.8,0,1
108300,bullet3,9.35772,14.027,0.8,0,1
108300,bullet4,4.81029,14.6047,0.8,0,1
108302,flyer3,7.07472,7.40963,-0.269294,0.132215,2
108303,flyer2,4.83657,-0.0400544,-0.291586,-0.0705539,2
108303,bullet1,1.96908,13.4465,0.8,0,1
108304,player,1.93859,13.4145,0.369506,-0.0320058,1
108304,flyer4,5.99999,2.7821,-0.3,0,2
108305,bullet3,13.3577,14.027,0.8,0,1
108305,bullet4,8.81029,14.6047,0.8,0,1
108307,flyer3,5.72825,8.0707,-0.269294,0.132215,2
108307,bullet5,2.61336,13.3907,0.8,0,1
108308,flyer2,3.37864,-0.392824,-0.291586,-0.0705539,2
108308,bullet1,5.96908,13.4465,0.8,0,1
108309,player,2.23533,13.3888,0.00681843,-0.000590597,1
108309,flyer4,4.49999,2.7821,-0.3,0,2
108309,bullet6,2.63533,13.3888,0.8,0,1
108310,bullet4,12.8103,14.6047,0.8,0,1
108312,flyer3,4.38178,8.73177,-0.269294,0.132215,2
108312,bullet5,6.61336,13.3907,0.8,0,1
108313,bullet1,9.96908,13.4465,0.8,0,1
108314,player,2.24081,13.9768,0.000125819,0.0307438,1
108314,flyer4,2.99999,2.7821,-0.3,0,2
108314,bullet6,6.63533,13.3888,0.8,0,1
108317,flyer3,3.03531,9.39285,-0.269294,0.132215,2
108317,bullet5,10.6134,13.3907,0.8,0,1
108317,bullet2,2.6409,13.5102,0.8,0,1
108318,bullet1,13.9691,13.4465,0.8,0,1
108319,player,2.57841,13.0755,0.337502,-0.367687,1
108319,flyer4,1.49999,2.7821,-0.3,0,2
108319,bullet6,10.6353,13.3888,0.8,0,1
108322,flyer3,1.68884,10.0539,-0.269294,0.132215,2
108322,bullet5,14.6134,13.3907,0.8,0,1
108322,bullet2,6.6409,13.5102,0.8,0,1
108323,bullet3,2.44322,12.787,-0.8,-6.99382e-08,1
108324,player,2.84945,12.4427,0.00622787,-0.344285,1
108324,flyer4,-6.4373e-06,2.7821,-0.3,0,2
108324,bullet6,14.6353,13.3888,0.8,0,1
108327,flyer3,0.342371,10.715,-0.269294,0.132215,2
108327,flyer5,16.5,2.7821,-0.3,0,2
108327,bullet2,10.6409,13.5102,0.8,0,1
108328,flyer6,16.5,7.47535,-0.3,0,2
108329,player,1.70826,13.3124,-0.0989835,0.0927454,1
108329,bullet4,2.10826,13.3124,0.8,0,1
108331,bullet1,2.04367,13.3729,0.8,0,1
108332,flyer5,15,2.7821,-0.3,0,2
108332,bullet2,14.6409,13.5102,0.8,0,1
108333,flyer6,15,7.47535,-0.3,0,2
108334,player,2.18649,12.8292,0.0665172,-0.0666323,1
108334,bullet4,6.10826,13.3124,0.8,0,1
108334,bullet5,2.58649,12.8292,0.8,0,1
108336,bullet1,6.04367,13.3729,0.8,0,1
108336,bullet6,2.62989,12.7857,0.8,0,1
108337,flyer5,13.5,2.7821,-0.3,0,2
108338,flyer6,13.5,7.47535,-0.3,0,2
108339,player,3.13512,11.8804,0.407071,-0.407073,1
108339,bullet4,10.1083,13.3124,0.8,0,1
108339,bullet5,6.58649,12.8292,0.8,0,1
108341,bullet1,10.0437,13.3729,0.8,0,1
108341,bullet6,6.62989,12.7857,0.8,0,1
108342,flyer5,12,2.7821,-0.3,0,2
108343,flyer6,12,7.47535,-0.3,0,2
108344,player,3.46203,11.5535,0.00751161,-0.00751165,1
108344,bullet4,14.1083,13.3124,0.8,0,1
108344,bullet5,10.5865,12.8292,0.8,0,1
108346,bullet1,14.0437,13.3729,0.8,0,1
108346,bullet6,10.6299,12.7857,0.8,0,1
108347,flyer5,10.5,2.7821,-0.3,0,2
108348,flyer6,10.5,7.47535,-0.3,0,2
108348,bullet3,3.37855,11.5476,0.8,0,1
108349,player,2.91035,11.5475,-0.0682051,-0.000138611,1
108349,bullet5,14.5865,12.8292,0.8,0,1
108350,bullet2,3.27966,11.5474,0.8,0,1
108351,bullet6,14.6299,12.7857,0.8,0,1
108352,flyer5,9,2.7821,-0.3,0,2
108353,flyer6,9,7.47535,-0.3,0,2
108353,bullet3,7.37855,11.5476,0.8,0,1
108353,bullet4,2.76746,11.5474,0.8,0,1
108354,player,2.29785,11.5474,-0.0696023,-2.55776e-06,1
108355,bullet2,7.27966,11.5474,0.8,0,1
108355,bullet1,2.66653,11.5474,0.8,0,1
108357,flyer5,7.5,2.7821,-0.3,0,2
108358,flyer6,7.5,7.47535,-0.3,0,2
108358,bullet3,11.3786,11.5476,0.8,0,1
108358,bullet4,6.76746,11.5474,0.8,0,1
108359,player,2.24196,10.9589,-0.00128436,-0.0307547,1
108360,bullet2,11.2797,11.5474,0.8,0,1
108360,bullet1,6.66653,11.5474,0.8,0,1
108362,flyer5,5.99999,2.7821,-0.3,0,2
108363,flyer6,5.99999,7.47535,-0.3,0,2
108363,bullet3,15.3786,11.5476,0.8,0,1
108363,bullet4,10.7675,11.5474,0.8,0,1
108364,player,2.24093,10.9342,-2.37e-05,-0.000567511,1
108365,bullet2,15.2797,11.5474,0.8,0,1
108365,bullet1,10.6665,11.5474,0.8,0,1
108365,bullet5,2.64092,10.934,0.8,0,1
108367,flyer5,4.49999,2.7821,-0.3,0,2
108368,flyer6,4.49999,7.47535,-0.3,0,2
108368,bullet4,14.7675,11.5474,0.8,0,1
108368,bullet6,2.39863,10.9338,-0.8,-6.99382e-08,1
108369,player,2.49188,11.2713,-0.306746,0.33749,1
108370,bullet1,14.6665,11.5474,0.8,0,1
108370,bullet5,6.64092,10.934,0.8,0,1
108372,flyer5,2.99999,2.7821,-0.3,0,2
108373,flyer6,2.99999,7.47535,-0.3,0,2
108373,flayer7,16.5,7.47535,-0.3,0,2
108374,player,1.19844,10.9846,-0.225879,-0.0621161,1
108375,bullet5,10.6409,10.934,0.8,0,1
108376,bullet3,1.45106,10.4547,0.8,0,1
108377,flyer5,1.49999,2.7821,-0.3,0,2
108378,flyer6,1.49999,7.47535,-0.3,0,2
108378,flayer7,15,7.47535,-0.3,0,2
108378,bullet2,1.42121,10.3474,0.8,0,1
108379,player,0.679545,10.3324,-0.341668,-0.0149858,1
108380,bullet5,14.6409,10.934,0.8,0,1
108381,bullet3,5.45106,10.4547,0.8,0,1
108381,bullet4,0.856606,10.3226,0.8,0,1
108382,flyer5,-6.4373e-06,2.7821,-0.3,0,2
108383,flyer6,-6.4373e-06,7.47535,-0.3,0,2
108383,flayer7,13.5,7.47535,-0.3,0,2
108383,bullet2,5.42121,10.3474,0.8,0,1
108384,player,0.405157,10.8781,-0.00630474,0.0680672,1
108384,bullet6,0.00515658,10.8781,-0.8,-6.99382e-08,1
108386,bullet3,9.45106,10.4547,0.8,0,1
108386,bullet4,4.85661,10.3226,0.8,0,1
108388,flayer7,12,7.47535,-0.3,0,2
108388,bullet2,9.42121,10.3474,0.8,0,1
108388,bullet1,1.35793,10.3737,0.8,0,1
108389,player,0.651067,10.6817,-0.306862,0.308001,1
108391,bullet3,13.4511,10.4547,0.8,0,1
108391,bullet4,8.85661,10.3226,0.8,0,1
108393,flayer7,10.5,7.47535,-0.3,0,2
108393,bullet2,13.4212,10.3474,0.8,0,1
108393,bullet1,5.35793,10.3737,0.8,0,1
108394,player,0.96235,10.9291,0.0626813,0.00568349,1
108396,bullet4,12.8566,10.3226,0.8,0,1
108397,flayer8,16.5,7.47535,-0.240169,0.179775,2
108398,flayer7,9,7.47535,-0.3,0,2
108398,bullet1,9.35793,10.3737,0.8,0,1
108399,player,1.93866,10.6953,0.369411,-0.458515,1
108401,flyer1,16.5,2.05467,-0.293264,-0.0632174,2
108401,bullet5,2.5797,10.3961,0.8,0,1
108402,flayer8,15.2992,8.37422,-0.240169,0.179775,2
108403,flayer7,7.5,7.47535,-0.3,0,2
108403,bullet1,13.3579,10.3737,0.8,0,1
108404,player,2.45555,10.6645,-0.26234,0.329039,1
108405,bullet6,1.9375,10.8126,-0.8,-6.99382e-08,1
108406,flyer1,15.0337,1.73858,-0.293264,-0.0632174,2
108406,bullet5,6.5797,10.3961,0.8,0,1
108407,flayer8,14.0983,9.2731,-0.240169,0.179775,2
108407,bullet3,2.66047,10.9092,0.8,0,1
108408,flayer7,5.99999,7.47535,-0.3,0,2
108408,bullet2,1.84971,10.9227,-0.8,-6.99382e-08,1
108409,player,2.24487,10.9288,-0.0048409,0.0060717,1
108410,bullet4,2.64269,10.9315,0.8,0,1
108411,flyer1,13.5674,1.42249,-0.293264,-0.0632174,2
108411,bullet5,10.5797,10.3961,0.8,0,1
108412,flayer8,12.8975,10.172,-0.240169,0.179775,2
108412,bullet3,6.66047,10.9092,0.8,0,1
108412,bullet1,2.64127,10.9333,0.8,0,1
108413,flayer7,4.49999,7.47535,-0.3,0,2
108414,player,1.75161,10.4443,-0.151964,-0.151763,1
108415,bullet4,6.64269,10.9315,0.8,0,1
108415,bullet6,2.08322,10.376,0.8,0,1
108416,flyer1,12.101,1.10641,-0.293264,-0.0632174,2
108417,flayer8,11.6966,11.0708,-0.240169,0.179775,1
108417,bullet3,10.6605,10.9092,0.8,0,1
108417,bullet1,6.64127,10.9333,0.8,0,1
108418,flayer7,2.99999,7.47535,-0.3,0,2
108419,player,2.18728,10.3907,0.0655396,-0.0863317,1
108420,bullet4,10.6427,10.9315,0.8,0,1
108420,bullet6,6.08322,10.376,0.8,0,1
108421,flyer1,10.6347,0.790319,-0.293264,-0.0632174,2
108422,bullet1,10.6413,10.9333,0.8,0,1
108423,flayer7,1.49999,7.47535,-0.3,0,2
108423,bullet2,1.86946,9.17681,-0.8,-6.99382e-08,1
108424,player,2.25376,9.13062,-0.0157057,-0.0461874,1
108425,bullet4,14.6427,10.9315,0.8,0,1
108425,bullet6,10.0832,10.376,0.8,0,1
108426,flyer1,9.16841,0.474232,-0.293264,-0.0632174,2
108427,bullet1,14.6413,10.9333,0.8,0,1
108428,flayer7,-6.4373e-06,7.47535,-0.3,0,2
108428,bullet5,3.13081,9.09438,0.8,0,1
108429,player,2.79886,9.09353,0.0680539,-0.000852287,1
108430,bullet6,14.0832,10.376,0.8,0,1
108431,flyer2,16.5,7.47535,-0.289846,0.0773899,2
108431,flyer1,7.7021,0.158145,-0.293264,-0.0632174,2
108431,bullet3,3.73264,9.58235,0.8,0,1
108433,bullet5,7.13081,9.09438,0.8,0,1
108434,player,3.79333,10.0327,0.352595,0.351324,1
108436,flyer2,15.0508,7.8623,-0.289846,0.0773899,2
108436,flyer1,6.23578,-0.157942,-0.293264,-0.0632174,2
108436,bullet3,7.73264,9.58235,0.8,0,1
108437,bullet2,3.89781,10.2939,0.8,0,1
108438,bullet5,11.1308,9.09438,0.8,0,1
108438,bullet4,3.88151,10.3083,0.8,0,1
108439,player,3.47418,10.3148,-0.00733323,0.00648291,1
108441,flyer2,13.6015,8.24925,-0.289846,0.0773899,1
108441,flyer1,4.76946,-0.474029,-0.293264,-0.0632174,2
108441,bullet3,11.7326,9.58235,0.8,0,1
108442,bullet2,7.89781,10.2939,0.8,0,1
108443,bullet4,7.88151,10.3083,0.8,0,1
108444,player,3.45445,10.9085,0.0167798,0.0308743,1
108445,bullet1,3.862,10.9224,0.8,0,1
108446,flyer2,12.1523,8.6362,-0.289846,0.0773899,1
108446,bullet3,15.7326,9.58235,0.8,0,1
108447,bullet2,11.8978,10.2939,0.8,0,1
108447,bullet6,3.86693,10.9315,0.8,0,1
108448,bullet4,11.8815,10.3083,0.8,0,1
108449,player,3.46793,10.9333,0.000309634,0.000569718,1
108450,bullet1,7.862,10.9224,0.8,0,1
108451,flyer2,10.7031,9.02315,-0.289846,0.0773899,1
108452,bullet2,15.8978,10.2939,0.8,0,1
108452,bullet6,7.86693,10.9315,0.8,0,1
108453,bullet4,15.8815,10.3083,0.8,0,1
108453,bullet5,5.01436,10.9337,0.8,0,1
108454,player,4.65896,10.9337,0.0446,1.05129e-05,1
108454,bullet3,5.05896,10.9337,0.8,0,1
108455,bullet1,11.862,10.9224,0.8,0,1
108456,flyer2,9.25384,9.4101,-0.289846,0.0773899,1
108457,bullet6,11.8669,10.9315,0.8,0,1
108458,bullet5,9.01436,10.9337,0.8,0,1
108459,player,4.10631,11.4231,-0.0299317,0.151875,1
108459,bullet3,9.05896,10.9337,0.8,0,1
108460,bullet1,15.862,10.9224,0.8,0,1
108461,flyer2,7.80461,9.79704,-0.289846,0.0773899,1
108462,bullet6,15.8669,10.9315,0.8,0,1
108463,flyer4,16.5,2.05467,-0.27747,-0.114063,2
108463,bullet5,13.0144,10.9337,0.8,0,1
108463,bullet2,3.9251,12.6885,0.8,0,1
108464,player,3.49379,12.7359,-0.031307,0.0473968,1
108464,bullet3,13.059,10.9337,0.8,0,1
108464,bullet4,3.89379,12.7359,0.8,0,1
108466,flyer2,6.35538,10.184,-0.289846,0.0773899,1
108468,flyer4,15.1127,1.48435,-0.27747,-0.114063,2
108468,bullet2,7.9251,12.6885,0.8,0,1
108469,player,3.46865,13.3624,-0.000577702,0.0316293,1
108469,bullet4,7.89379,12.7359,0.8,0,1
108470,bullet1,3.86839,13.3767,0.8,0,1
108471,flyer2,4.90614,10.5709,-0.289846,0.0773899,1
108471,bullet6,3.86827,13.3831,0.8,0,1
108473,flyer4,13.7253,0.914033,-0.27747,-0.114063,2
108473,bullet2,11.9251,12.6885,0.8,0,1
108474,player,3.46819,13.3878,-1.06602e-05,0.000583649,1
108474,bullet4,11.8938,12.7359,0.8,0,1
108475,bullet1,7.86839,13.3767,0.8,0,1
108476,flyer2,3.45691,10.9579,-0.289846,0.0773899,1
108476,bullet6,7.86827,13.3831,0.8,0,1
108478,flyer4,12.338,0.343716,-0.27747,-0.114063,2
108478,bullet2,15.9251,12.6885,0.8,0,1
108479,player,2.8797,13.9768,-0.0307549,0.0307655,1
108479,bullet4,15.8938,12.7359,0.8,0,1
108479,bullet5,3.2797,13.9768,0.8,0,1
108480,bullet1,11.8684,13.3767,0.8,0,1
108480,bullet3,3.26586,13.9906,0.8,0,1
108481,flyer2,2.00768,11.3448,-0.289846,0.0773899,1
108481,bullet6,11.8683,13.3831,0.8,0,1
108483,flyer4,10.9506,-0.226601,-0.27747,-0.114063,2
108484,player,2.92335,14.4908,-0.0840988,0.152443,1
108484,bullet5,7.2797,13.9768,0.8,0,1
108485,bullet1,15.8684,13.3767,0.8,0,1
108485,bullet3,7.26586,13.9906,0.8,0,1
108486,flyer2,0.55845,11.7318,-0.289846,0.0773899,1
108486,bullet6,15.8683,13.3831,0.8,0,1
108487,bullet2,3.26081,14.6042,0.8,0,1
108489,player,2.85581,14.9508,-0.00155186,0.340313,1
108489,bullet5,11.2797,13.9768,0.8,0,1
108490,flyer3,16.5,7.47535,-0.3,0,2
108490,bullet3,11.2659,13.9906,0.8,0,1
108492,bullet2,7.26081,14.6042,0.8,0,1
108494,player,4.0146,15.6,0.0821547,0,1
108494,bullet5,15.2797,13.9768,0.8,0,1
108495,flyer3,15,7.47535,-0.3,0,2
108495,bullet3,15.2659,13.9906,0.8,0,1
108496,flyer5,16.5,2.05467,-0.3,0,2
108497,flyer6,16.5,2.05467,-0.247118,-0.170096,2
108497,bullet2,11.2608,14.6042,0.8,0,1
108499,player,4.08057,14.44,0.00151599,-0.0821834,1
108499,bullet4,4.48057,14.44,0.8,0,1
108500,flyer3,13.5,7.47535,-0.3,0,2
108500,bullet1,4.48126,14.403,0.8,0,1
108501,flyer5,15,2.05467,-0.3,0,2
108502,flyer6,15.2644,1.20418,-0.247118,-0.170096,2
108502,bullet2,15.2608,14.6042,0.8,0,1
108502,bullet6,4.4817,14.3789,0.8,0,1
108504,player,4.08179,13.8846,2.79742e-05,-0.153392,1
108504,bullet4,8.48057,14.44,0.8,0,1
108505,flyer3,12,7.47535,-0.3,0,2
108505,bullet1,8.48126,14.403,0.8,0,1
108506,flyer5,13.5,2.05467,-0.3,0,2
108507,flyer6,14.0288,0.353702,-0.247118,-0.170096,2
108507,bullet6,8.4817,14.3789,0.8,0,1
108509,player,4.57119,13.6485,0.151876,0.135205,1
108509,bullet4,12.4806,14.44,0.8,0,1
108509,bullet5,4.97119,13.6485,0.8,0,1
108510,flyer3,10.5,7.47535,-0.3,0,2
108510,bullet1,12.4813,14.403,0.8,0,1
108511,flyer5,12,2.05467,-0.3,0,2
108512,flyer6,12.7932,-0.496781,-0.247118,-0.170096,2
108512,bullet6,12.4817,14.3789,0.8,0,1
108514,player,4.69316,13.757,0.00280253,0.00249491,1
108514,bullet5,8.97119,13.6485,0.8,0,1
108515,flyer3,9,7.47535,-0.3,0,2
108516,flyer5,10.5,2.05467,-0.3,0,2
108516,bullet3,5.58436,14.248,0.8,0,1
108519,player,5.63522,14.0239,0.351391,-0.323614,1
108519,bullet5,12.9712,13.6485,0.8,0,1
108520,flyer3,7.5,7.47535,-0.3,0,2
108521,flyer5,9,2.05467,-0.3,0,2
108521,bullet3,9.58436,14.248,0.8,0,1
108521,bullet2,6.26451,13.8127,0.8,0,1
108522,bullet4,6.29653,13.7832,0.8,0,1
108524,player,6.25492,13.764,0.343984,-0.00597159,1
108525,flyer3,5.99999,7.47535,-0.3,0,2
108525,bullet1,6.80971,13.7613,0.8,0,1
108526,flyer5,7.5,2.05467,-0.3,0,2
108526,bullet3,13.5844,14.248,0.8,0,1
108526,bullet2,10.2645,13.8127,0.8,0,1
108527,bullet4,10.2965,13.7832,0.8,0,1
108529,player,7.35804,13.2698,0.495723,-0.151985,1
108530,flyer3,4.49999,7.47535,-0.3,0,2
108530,bullet1,10.8097,13.7613,0.8,0,1
108531,flyer5,5.99999,2.05467,-0.3,0,2
108531,bullet2,14.2645,13.8127,0.8,0,1
108532,bullet4,14.2965,13.7832,0.8,0,1
108532,bullet6,8.61605,13.1568,0.8,0,1
108534,player,8.34463,13.1477,0.0399022,-0.00280455,1
108535,flyer3,2.99999,7.47535,-0.3,0,2
108535,bullet1,14.8097,13.7613,0.8,0,1
108536,flyer5,4.49999,2.05467,-0.3,0,2
108536,bullet5,8.77066,13.1459,0.8,0,1
108537,bullet6,12.6161,13.1568,0.8,0,1
108539,player,8.71417,13.9724,0.338236,0.489323,1
108540,flyer3,1.49999,7.47535,-0.3,0,2
108541,flyer5,2.99999,2.05467,-0.3,0,2
108541,bullet5,12.7707,13.1459,0.8,0,1
108541,bullet3,9.33487,14.2916,0.8,0,1
108542,bullet2,9.36569,14.3362,0.8,0,1
108544,player,8.9858,14.0278,0.00624141,-0.328471,1
108545,flyer3,-6.4373e-06,7.47535,-0.3,0,2
108546,flyer5,1.49999,2.05467,-0.3,0,2
108546,bullet3,13.3349,14.2916,0.8,0,1
108547,flayer8,16.5,2.05467,-0.3,0,2
108547,bullet2,13.3657,14.3362,0.8,0,1
108549,player,8.75241,15.1794,-0.458505,0.514068,1
108550,flayer7,16.5,4.59116,-0.215199,0.20902,2
108551,flyer5,-6.4373e-06,2.05467,-0.3,0,2
108551,flyer1,16.5,4.59116,-0.247167,-0.170025,2
108551,bullet4,8.85324,15.5148,0.8,0,1
108552,flayer8,15,2.05467,-0.3,0,2
108552,bullet1,8.81146,15.5617,0.8,0,1
108554,player,8.3842,15.5922,-0.00846071,0.00948601,1
108554,bullet6,8.7842,15.5922,0.8,0,1
108555,flayer7,15.424,5.63626,-0.215199,0.20902,2
108556,flyer1,15.2642,3.74104,-0.247167,-0.170025,2
108556,bullet4,12.8532,15.5148,0.8,0,1
108557,flayer8,13.5,2.05467,-0.3,0,2
108557,bullet1,12.8115,15.5617,0.8,0,1
108559,player,8.30906,15.6,0.0833751,0,1
108559,bullet6,12.7842,15.5922,0.8,0,1
108560,flayer7,14.348,6.68136,-0.215199,0.20902,2
108560,bullet5,8.74658,15.6,0.8,0,1
108561,flyer1,14.0283,2.89091,-0.247167,-0.170025,2
108561,bullet3,8.76346,15.6,0.8,0,1
108562,flayer8,12,2.05467,-0.3,0,2
108563,bullet2,8.77448,15.6,0.8,0,1
108564,player,8.37601,15.6,0.00153851,0,1
108565,flayer7,13.272,7.72646,-0.215199,0.20902,2
108565,bullet5,12.7466,15.6,0.8,0,1
108565,bullet4,8.7767,15.6,0.8,0,1
108566,flyer1,12.7925,2.04078,-0.247167,-0.170025,2
108566,bullet3,12.7635,15.6,0.8,0,1
108567,flayer8,10.5,2.05467,-0.3,0,2
108568,bullet2,12.7745,15.6,0.8,0,1
108569,player,8.93497,15.5317,0.0683721,0.0835313,1
108570,flayer7,12.196,8.77156,-0.215199,0.20902,2
108570,bullet4,12.7767,15.6,0.8,0,1
108570,bullet1,9.36574,15.5692,0.8,0,1
108571,flyer1,11.5567,1.19066,-0.247167,-0.170025,2
108571,bullet6,9.37958,15.5862,0.8,0,1
108572,flayer8,9,2.05467,-0.3,0,2
108574,player,9.81675,15.6,0.490637,0,1
108575,flayer7,11.12,9.81665,-0.215199,0.20902,2
108575,bullet1,13.3657,15.5692,0.8,0,1
108576,flyer1,10.3208,0.340534,-0.247167,-0.170025,2
108576,bullet6,13.3796,15.5862,0.8,0,1
108576,bullet5,10.5369,15.6,0.8,0,1
108577,flayer8,7.5,2.05467,-0.3,0,2
108577,bullet3,10.5816,15.6,0.8,0,1
108579,player,10.2108,15.6,0.00905363,0,1
108580,flayer7,10.044,10.8618,-0.215199,0.20902,2
108581,bullet5,14.5369,15.6,0.8,0,1
108581,bullet2,10.6167,15.6,0.8,0,1
108582,flayer8,5.99999,2.05467,-0.3,0,2
108582,bullet3,14.5816,15.6,0.8,0,1
108583,bullet4,10.6179,15.6,0.8,0,1
108584,player,10.218,15.6,0.000167065,0,1
108585,flayer7,8.96802,11.9069,-0.215199,0.20902,2
108586,bullet2,14.6167,15.6,0.8,0,1
108586,bullet1,10.6181,15.6,0.8,0,1
108587,flayer8,4.49999,2.05467,-0.3,0,2
108587,bullet6,10.6182,15.6,0.8,0,1
108588,bullet4,14.6179,15.6,0.8,0,1
108589,player,10.2182,15.6,3.08282e-06,0,1
108589,bullet5,10.6182,15.6,0.8,0,1
108590,flayer7,7.89202,12.9519,-0.215199,0.20902,2
108591,bullet1,14.6182,15.6,0.8,0,1
108592,flayer8,2.99999,2.05467,-0.3,0,2
108592,bullet6,14.6182,15.6,0.8,0,1
108592,bullet3,10.6182,15.6,0.8,0,1
108594,player,9.88068,15.6,-0.3375,0,1
108594,bullet5,14.6182,15.6,0.8,0,1
108595,flayer7,6.81603,13.997,-0.215199,0.20902,2
108597,flayer8,1.49999,2.05467,-0.3,0,2
108597,flyer4,16.5,4.59116,-0.298921,0.025418,2
108597,bullet3,14.6182,15.6,0.8,0,1
108597,bullet2,8.74033,15.1106,-0.8,-6.99382e-08,1
108599,player,9.35866,14.674,0.300517,-0.368255,1
108600,flayer7,5.74003,15.0421,-0.215199,0.20902,1
108602,flayer8,-6.4373e-06,2.05467,-0.3,0,2
108602,flyer4,15.0054,4.71825,-0.298921,0.025418,2
108604,player,9.71294,14.4229,-0.13249,-0.0612995,1
108604,flyer2,16.5,4.59116,-0.3,0,2
108605,flayer7,4.66404,16.0872,-0.215199,0.20902,1
108605,flyer6,16.5,4.59116,-0.3,0,2
108605,bullet4,10.0533,14.3953,0.8,0,1
108607,flyer4,13.5108,4.84534,-0.298921,0.025418,2
108609,player,9.50744,13.8843,0.118675,-0.153006,1
108609,flyer2,15,4.59116,-0.3,0,2
108610,flyer6,15,4.59116,-0.3,0,2
108610,bullet4,14.0533,14.3953,0.8,0,1
108611,bullet1,9.4955,13.7844,0.8,0,1
108612,flyer4,12.0162,4.97243,-0.298921,0.025418,2
108614,player,8.51106,13.7614,-0.163525,-0.00282339,1
108614,flyer2,13.5,4.59116,-0.3,0,2
108615,flyer6,13.5,4.59116,-0.3,0,2
108615,bullet6,8.83748,13.7601,0.8,0,1
108616,bullet1,13.4955,13.7844,0.8,0,1
108616,bullet5,8.80436,13.7596,0.8,0,1
108617,flyer4,10.5216,5.09952,-0.298921,0.025418,2
108619,player,8.37974,13.2698,-0.00301749,-0.151927,1
108619,flyer2,12,4.59116,-0.3,0,2
108620,flyer6,12,4.59116,-0.3,0,2
108620,bullet6,12.8375,13.7601,0.8,0,1
108621,bullet5,12.8044,13.7596,0.8,0,1
108622,flyer4,9.02696,5.22661,-0.298921,0.025418,2
108622,bullet3,9.33521,12.5991,0.8,0,1
108623,bullet2,9.36585,12.5621,0.8,0,1
108624,player,8.97963,12.5454,0.0137839,-0.0166431,1
108624,flyer2,10.5,4.59116,-0.3,0,2
108625,flyer6,10.5,4.59116,-0.3,0,2
108627,flyer4,7.53235,5.3537,-0.298921,0.025418,2
108627,bullet3,13.3352,12.5991,0.8,0,1
108628,bullet2,13.3658,12.5621,0.8,0,1
108628,bullet4,8.24425,12.5016,0.8,0,1
108629,player,7.79991,12.5182,-0.0443399,0.016608,1
108629,flyer2,9,4.59116,-0.3,0,2
108629,bullet1,8.19991,12.5182,0.8,0,1
108630,flyer6,9,4.59116,-0.3,0,2
108632,flyer4,6.03775,5.48079,-0.298921,0.025418,2
108633,bullet4,12.2443,12.5016,0.8,0,1
108634,player,7.7643,13.12,-0.000818197,0.0310612,1
108634,flyer2,7.5,4.59116,-0.3,0,2
108634,bullet1,12.1999,12.5182,0.8,0,1
108635,flyer6,7.5,4.59116,-0.3,0,2
108635,bullet6,8.16393,13.134,0.8,0,1
108637,flyer4,4.54314,5.60787,-0.298921,0.025418,2
108638,bullet4,16.2443,12.5016,0.8,0,1
108638,bullet5,8.16366,13.7021,0.8,0,1
108639,player,7.76365,13.7335,-1.5098e-05,0.0313279,1
108639,flyer2,5.99999,4.59116,-0.3,0,2
108639,bullet1,16.1999,12.5182,0.8,0,1
108639,bullet3,8.16364,13.7335,0.8,0,1
108640,flyer6,5.99999,4.59116,-0.3,0,2
108640,bullet6,12.1639,13.134,0.8,0,1
108642,flyer4,3.04854,5.73496,-0.298921,0.025418,2
108643,bullet5,12.1637,13.7021,0.8,0,1
108644,player,7.76363,13.7586,-2.78601e-07,0.000578087,1
108644,flyer2,4.49999,4.59116,-0.3,0,2
108644,bullet3,12.1636,13.7335,0.8,0,1
108644,bullet2,8.16363,13.7586,0.8,0,1
108645,flyer6,4.49999,4.59116,-0.3,0,2
108645,bullet6,16.1639,13.134,0.8,0,1
108647,flyer4,1.55393,5.86205,-0.298921,0.025418,2
108648,bullet5,16.1637,13.7021,0.8,0,1
108649,player,8.84148,13.2697,0.18263,-0.151864,1
108649,flyer2,2.99999,4.59116,-0.3,0,2
108649,bullet3,16.1636,13.7335,0.8,0,1
108649,bullet2,12.1636,13.7586,0.8,0,1
108649,bullet4,9.24148,13.2697,0.8,0,1
108650,flyer6,2.99999,4.59116,-0.3,0,2
108651,bullet1,9.36065,13.1706,0.8,0,1
108652,flyer4,0.0593226,5.98914,-0.298921,0.025418,2
108652,bullet6,9.37729,13.1568,0.8,0,1
108654,player,8.98815,13.1477,0.00337003,-0.00280232,1
108654,flyer2,1.49999,4.59116,-0.3,0,2
108654,bullet2,16.1636,13.7586,0.8,0,1
108654,bullet4,13.2415,13.2697,0.8,0,1
108655,flyer6,1.49999,4.59116,-0.3,0,2
108655,bullet5,9.38967,13.1465,0.8,0,1
108656,bullet1,13.3606,13.1706,0.8,0,1
108657,bullet6,13.3773,13.1568,0.8,0,1
108659,player,8.99086,13.7032,6.21866e-05,0.068292,1
108659,flyer2,-6.4373e-06,4.59116,-0.3,0,2
108659,bullet3,9.39086,13.7032,0.8,0,1
108660,flyer6,-6.4373e-06,4.59116,-0.3,0,2
108660,bullet5,13.3897,13.1465,0.8,0,1
108662,flyer3,16.5,2.71191,-0.213698,0.210554,2
108662,bullet6,17.3773,13.1568,0.8,0,1
108662,bullet2,9.3909,14.3117,0.8,0,1
108664,player,8.9909,14.3604,1.14752e-06,0.0150998,1
108664,flyer5,16.5,2.71191,-0.3,0,2
108664,bullet3,13.3909,13.7032,0.8,0,1
108664,bullet4,9.3909,14.3604,0.8,0,1
108667,flyer3,15.4315,3.76469,-0.213698,0.210554,2
108667,bullet2,13.3909,14.3117,0.8,0,1
108669,player,10.0826,15.0431,0.165715,-0.069413,1
108669,flyer5,15,2.71191,-0.3,0,2
108669,bullet4,13.3909,14.3604,0.8,0,1
108670,bullet1,10.5572,15.0119,0.8,0,1
108671,bullet6,10.5907,14.9979,0.8,0,1
108672,flyer3,14.363,4.81746,-0.213698,0.210554,2
108674,player,10.2157,14.9874,0.0030579,-0.00128087,1
108674,flyer5,13.5,2.71191,-0.3,0,2
108674,bullet5,10.6157,14.9874,0.8,0,1
108675,bullet1,14.5572,15.0119,0.8,0,1
108676,bullet6,14.5907,14.9979,0.8,0,1
108677,flyer3,13.2945,5.87023,-0.213698,0.210554,2
108678,bullet3,11.6959,15.4758,0.8,0,1
108679,player,11.3782,15.5441,0.0822398,0.0683201,1
108679,flyer5,12,2.71191,-0.3,0,2
108679,bullet5,14.6157,14.9874,0.8,0,1
108680,bullet2,11.8152,15.5748,0.8,0,1
108682,flyer3,12.226,6.92301,-0.213698,0.210554,2
108683,bullet3,15.6959,15.4758,0.8,0,1
108683,bullet4,11.285,15.6,0.8,0,1
108684,player,10.8557,15.6,-0.0292371,0,1
108684,flyer5,10.5,2.71191,-0.3,0,2
108684,bullet1,11.2557,15.6,0.8,0,1
108685,bullet2,15.8152,15.5748,0.8,0,1
108687,flyer3,11.1575,7.97578,-0.213698,0.210554,2
108688,bullet4,15.285,15.6,0.8,0,1
108688,bullet6,10.6751,15.6,0.8,0,1
108689,player,10.2438,15.6,-0.0312942,0,1
108689,flyer5,9,2.71191,-0.3,0,2
108689,bullet1,15.2557,15.6,0.8,0,1
108691,flyer1,16.5,2.71191,-0.249099,-0.167181,2
108692,flyer3,10.0891,9.02855,-0.213698,0.210554,2
108693,bullet6,14.6751,15.6,0.8,0,1
108694,player,10.821,15.6,0.0132621,0,1
108694,flyer5,7.5,2.71191,-0.3,0,2
108694,bullet5,11.221,15.6,0.8,0,1
108696,flyer1,15.2545,1.87601,-0.249099,-0.167181,2
108696,bullet3,11.2296,15.6,0.8,0,1
108697,flyer3,9.02056,10.0813,-0.213698,0.210554,2
108699,player,11.1691,15.6,0.337745,0,1
108699,flyer5,5.99999,2.71191,-0.3,0,2
108699,bullet5,15.221,15.6,0.8,0,1
108701,flyer1,14.009,1.0401,-0.249099,-0.167181,2
108701,bullet3,15.2296,15.6,0.8,0,1
108702,flyer3,7.95207,11.1341,-0.213698,0.210554,2
108703,flayer8,16.5,2.71191,-0.3,0,2
108703,bullet2,11.735,15.6,0.8,0,1
108704,player,11.3958,15.6,0.0607365,0,1
108704,flyer5,4.49999,2.71191,-0.3,0,2
108705,bullet4,11.8231,15.6,0.8,0,1
108706,flyer1,12.7635,0.204194,-0.249099,-0.167181,2
108707,flyer3,6.88358,12.1869,-0.213698,0.210554,2
108708,flayer8,15,2.71191,-0.3,0,2
108708,bullet2,15.735,15.6,0.8,0,1
108709,player,10.8868,15.6,-0.067223,0,1
108709,flyer5,2.99999,2.71191,-0.3,0,2
108709,bullet1,11.2868,15.6,0.8,0,1
108710,bullet4,15.8231,15.6,0.8,0,1
108712,flyer3,5.81509,13.2396,-0.213698,0.210554,2
108712,bullet6,11.7945,15.0423,0.8,0,1
108713,flayer8,13.5,2.71191,-0.3,0,2
108713,bullet5,11.8225,15.0115,0.8,0,1
108714,player,11.4351,14.9977,0.0125992,-0.0138396,1
108714,flyer5,1.49999,2.71191,-0.3,0,2
108714,bullet1,15.2868,15.6,0.8,0,1
108715,bullet3,11.8408,14.9915,0.8,0,1
108717,flyer3,4.7466,14.2924,-0.213698,0.210554,2
108717,bullet6,15.7945,15.0423,0.8,0,1
108718,flayer8,12,2.71191,-0.3,0,2
108718,bullet5,15.8225,15.0115,0.8,0,1
108718,bullet2,12.4027,14.4291,0.8,0,1
108719,player,12.0337,14.3981,0.0309872,-0.0310101,1
108719,flyer5,-6.4373e-06,2.71191,-0.3,0,2
108719,bullet4,12.4337,14.3981,0.8,0,1
108720,bullet3,15.8408,14.9915,0.8,0,1
108721,bullet1,12.454,14.3779,0.8,0,1
108722,flyer3,3.67811,15.3452,-0.213698,0.210554,2
108723,flayer8,10.5,2.71191,-0.3,0,2
108723,bullet6,12.458,14.3738,0.8,0,1
108724,player,12.0586,14.3732,0.000571801,-0.000572223,1
108726,flayer7,16.5,13.4884,-0.3,0,2
108727,flyer3,2.60962,16.3979,-0.213698,0.210554,2
108728,flayer8,9,2.71191,-0.3,0,2
108728,flyer4,16.5,2.71191,-0.3,0,2
108728,bullet5,12.4898,14.9305,0.8,0,1
108729,player,12.4104,14.9612,0.320595,0.0307441,1
108731,flayer7,15,13.4884,-0.3,0,1
108733,flayer8,7.5,2.71191,-0.3,0,2
108733,flyer4,15,2.71191,-0.3,0,2
108733,flyer2,16.5,13.4884,-0.3,0,2
108734,player,11.59,14.3974,-0.176714,-0.0301874,1
108736,flayer7,13.5,13.4884,-0.3,0,1
108736,bullet3,11.3853,14.8671,0.8,0,1
108738,flayer8,5.99999,2.71191,-0.3,0,2
108738,flyer4,13.5,2.71191,-0.3,0,2
108738,flyer2,15,13.4884,-0.3,0,2
108739,player,10.6939,15.313,0.168525,0.350783,1
108741,flayer7,12,13.4884,-0.3,0,1
108741,bullet3,15.3853,14.8671,0.8,0,1
108743,flayer8,4.49999,2.71191,-0.3,0,2
108743,flyer4,12,2.71191,-0.3,0,2
108743,flyer2,13.5,13.4884,-0.3,0,2
108744,player,10.7985,15.6,0.0406988,0,1
108746,flayer7,10.5,13.4884,-0.3,0,1
108748,flayer8,2.99999,2.71191,-0.3,0,2
108748,flyer4,10.5,2.71191,-0.3,0,2
108748,flyer2,12,13.4884,-0.3,0,2
108749,player,11.4335,14.1708,0.0145906,-0.503215,1
