496522,player,2.80221,14.8632,0,0,1
496523,bullet1,3.20221,14.8632,0.8,0,1
496524,bullet2,3.20221,14.8632,0.8,0,1
496526,bullet3,2.40221,14.8632,-0.8,-6.99382e-08,1
496527,player,2.80221,14.8632,0,0,1
496528,bullet1,7.20221,14.8632,0.8,0,1
496529,bullet2,7.20221,14.8632,0.8,0,1
496532,player,2.24449,14.9078,-0.0683438,-0.0545041,1
496533,bullet1,11.2022,14.8632,0.8,0,1
496534,bullet2,11.2022,14.8632,0.8,0,1
496534,bullet4,2.11052,14.8723,0.8,0,1
496537,player,1.09792,14.3747,-0.166976,-0.152881,1
496537,bullet5,1.49792,14.3747,0.8,0,1
496538,bullet1,15.2022,14.8632,0.8,0,1
496539,bullet2,15.2022,14.8632,0.8,0,1
496539,bullet4,6.11052,14.8723,0.8,0,1
496541,bullet6,1.3669,14.2547,0.8,0,1
496542,player,0.963821,14.2519,-0.00308117,-0.00282108,1
496542,flyer1,16.5,11.1677,-0.286155,-0.0900853,2
496542,bullet5,5.49792,14.3747,0.8,0,1
496544,bullet4,10.1105,14.8723,0.8,0,1
496544,bullet3,1.36181,14.2501,0.8,0,1
496546,bullet6,5.3669,14.2547,0.8,0,1
496547,player,1.45072,14.4015,0.151818,-0.185677,1
496547,flyer1,15.0692,10.7172,-0.286155,-0.0900853,2
496547,bullet5,9.49792,14.3747,0.8,0,1
496549,bullet4,14.1105,14.8723,0.8,0,1
496549,bullet3,5.36181,14.2501,0.8,0,1
496551,bullet6,9.3669,14.2547,0.8,0,1
496552,player,1.01493,14.8101,-0.0655423,0.0649175,1
496552,flyer1,13.6385,10.2668,-0.286155,-0.0900853,2
496552,bullet5,13.4979,14.3747,0.8,0,1
496552,bullet1,1.41493,14.8101,0.8,0,1
496554,bullet3,9.36181,14.2501,0.8,0,1
496556,bullet6,13.3669,14.2547,0.8,0,1
496557,player,0.4,14.2738,-0,-0.0295568,1
496557,flyer1,12.2077,9.81638,-0.286155,-0.0900853,2
496557,bullet1,5.41493,14.8101,0.8,0,1
496559,bullet3,13.3618,14.2501,0.8,0,1
496559,bullet2,0.8,14.2545,0.8,0,1
496560,bullet4,0.8,14.2518,0.8,0,1
496562,player,0.4,14.2501,0,-0.000545406,1
496562,flyer1,10.7769,9.36595,-0.286155,-0.0900853,2
496562,bullet1,9.41493,14.8101,0.8,0,1
496563,bullet5,0,14.2498,-0.8,-6.99382e-08,1
496564,bullet2,4.8,14.2545,0.8,0,1
496564,bullet6,0.8,14.2497,0.8,0,1
496565,bullet4,4.8,14.2518,0.8,0,1
496567,player,0.4,14.2496,0,-1.00643e-05,1
496567,flyer1,9.34613,8.91553,-0.286155,-0.0900853,2
496567,bullet1,13.4149,14.8101,0.8,0,1
496569,bullet2,8.8,14.2545,0.8,0,1
496569,bullet6,4.8,14.2497,0.8,0,1
496570,bullet4,8.8,14.2518,0.8,0,1
496572,player,0.4,13.9121,0,-0.3375,1
496572,flyer1,7.91536,8.4651,-0.286155,-0.0900853,2
496574,bullet2,12.8,14.2545,0.8,0,1
496574,bullet6,8.8,14.2497,0.8,0,1
496575,bullet4,12.8,14.2518,0.8,0,1
496576,bullet3,0,13.0896,-0.8,-6.99382e-08,1
496577,player,0.4,12.7151,-0,-0.374483,1
496577,flyer1,6.48458,8.01468,-0.286155,-0.0900853,2
496579,flyer2,16.5,12.336,-0.295319,-0.0527886,2
496579,bullet6,12.8,14.2497,0.8,0,1
496580,flyer3,16.5,14.4882,-0.280612,0.106098,2
496580,bullet5,0.8,12.4366,0.8,0,1
496582,player,0.4,12.0768,0,-0.34441,1
496582,flyer1,5.05381,7.56425,-0.286155,-0.0900853,2
496584,flyer2,15.0234,12.072,-0.295319,-0.0527886,2
496585,flyer3,15.0969,15.0187,-0.280612,0.106098,1
496585,bullet5,4.8,12.4366,0.8,0,1
496586,bullet1,0.8,12.3643,0.8,0,1
496587,player,0.4,12.3887,0,0.0243994,1
496587,flyer1,3.62303,7.11383,-0.286155,-0.0900853,2
496587,bullet3,0.8,12.3887,0.8,0,1
496589,flyer2,13.5468,11.8081,-0.295319,-0.0527886,2
496590,flyer3,13.6939,15.5492,-0.280612,0.106098,1
496590,bullet5,8.8,12.4366,0.8,0,1
496591,bullet1,4.8,12.3643,0.8,0,1
496592,player,1.20869,13.3343,-0.238402,0.368705,1
496592,flyer1,2.19226,6.6634,-0.286155,-0.0900853,2
496592,bullet3,4.8,12.3887,0.8,0,1
496594,flyer2,12.0702,11.5441,-0.295319,-0.0527886,1
496595,flyer3,12.2908,16.0797,-0.280612,0.106098,1
496596,bullet1,8.8,12.3643,0.8,0,1
496597,player,0.428762,14.1198,-0.0351539,0.158679,1
496597,flyer1,0.761485,6.21298,-0.286155,-0.0900853,2
496597,bullet3,8.8,12.3887,0.8,0,1
496597,bullet2,0.828763,14.1198,0.8,0,1
496599,flyer2,10.5936,11.2802,-0.295319,-0.0527886,1
496601,bullet1,12.8,12.3643,0.8,0,1
496602,player,0.989005,14.1481,0.030106,0.124048,1
496602,bullet3,12.8,12.3887,0.8,0,1
496602,bullet2,4.82876,14.1198,0.8,0,1
496604,flyer2,9.11703,11.0162,-0.295319,-0.0527886,1
496606,flyer4,16.5,14.4882,-0.225994,0.197298,2
496607,player,0.410869,13.1699,-0.0132841,-0.180341,1
496607,flyer5,16.5,14.4882,-0.3,0,2
496607,bullet2,8.82876,14.1198,0.8,0,1
496609,flyer2,7.64044,10.7523,-0.295319,-0.0527886,1
496609,bullet4,0.8,13.5416,0.8,0,1
496611,flyer4,15.37,15.4747,-0.225994,0.197298,2
496611,bullet6,0.8,13.6169,0.8,0,1
496612,player,0.4,13.6274,0,0.0105118,1
496612,flyer5,15,14.4882,-0.3,0,2
496612,bullet2,12.8288,14.1198,0.8,0,1
496614,flyer2,6.16385,10.4884,-0.295319,-0.0527886,1
496614,bullet4,4.8,13.5416,0.8,0,1
496616,flyer4,14.2401,16.4612,-0.225994,0.197298,2
496616,bullet6,4.8,13.6169,0.8,0,1
496617,player,0.4,14.1935,0,0.0685377,1
496617,flyer5,13.5,14.4882,-0.3,0,1
496618,bullet5,0.8,14.2244,0.8,0,1
496619,flyer2,4.68725,10.2244,-0.295319,-0.0527886,1
496619,bullet4,8.8,13.5416,0.8,0,1
496621,bullet6,8.8,13.6169,0.8,0,1
496622,player,0.499099,14.3477,-0.12112,-0.119856,1
496622,flyer5,12,14.4882,-0.3,0,1
496623,bullet5,4.8,14.2244,0.8,0,1
496623,bullet1,0.844594,14.2937,0.8,0,1
496624,flyer2,3.21065,9.96047,-0.295319,-0.0527886,1
496624,bullet4,12.8,13.5416,0.8,0,1
496625,bullet3,0.00903052,14.2585,-0.8,-6.99382e-08,1
496626,bullet2,0.00406379,14.2536,-0.8,-6.99382e-08,1
496627,player,0.401829,14.2514,-0.00223501,-0.00221167,1
496628,bullet5,8.8,14.2244,0.8,0,1
496628,bullet1,4.84459,14.2937,0.8,0,1
496629,flyer2,1.73406,9.69652,-0.295319,-0.0527886,1
496629,bullet6,0.80037,14.25,0.8,0,1
496630,bullet3,0.800167,14.2498,0.8,0,1
496632,player,0.4,14.2496,-0,-4.08116e-05,1
496633,bullet5,12.8,14.2244,0.8,0,1
496633,bullet1,8.84459,14.2937,0.8,0,1
496634,flyer2,0.257464,9.43258,-0.295319,-0.0527886,1
496634,bullet6,4.80037,14.25,0.8,0,1
496635,bullet3,4.80017,14.2498,0.8,0,1
496637,player,0.4,13.6473,0,-0.0138404,1
496638,flyer6,16.5,6.7235,-0.285179,0.093128,2
496638,bullet1,12.8446,14.2937,0.8,0,1
496639,bullet6,8.80037,14.25,0.8,0,1
496640,bullet3,8.80017,14.2498,0.8,0,1
496642,player,0.4,13.9737,-0,0.337245,1
496643,flayer7,16.5,14.4882,-0.285062,-0.0934865,2
496643,flyer6,15.0741,7.18914,-0.285179,0.093128,2
496644,bullet6,12.8004,14.25,0.8,0,1
496645,bullet3,12.8002,14.2498,0.8,0,1
496645,bullet2,0.8,13.6667,0.8,0,1
496646,bullet4,0.8,13.6498,0.8,0,1
496647,player,0.4,13.6422,0,-0.0076165,1
496648,flayer7,15.0747,14.0208,-0.285062,-0.0934865,0
496648,flyer6,13.6482,7.65478,-0.285179,0.093128,2
496648,bullet5,0,13.6388,-0.8,-6.99382e-08,1
496649,bullet1,0.8,13.6372,0.8,0,1
496650,bullet2,4.8,13.6667,0.8,0,1
496651,bullet4,4.8,13.6498,0.8,0,1
496652,player,0.4,13.6361,0,-0.000140546,1
496653,flyer6,12.2223,8.12042,-0.285179,0.093128,2
496653,bullet6,0.8,13.636,0.8,0,1
496654,bullet1,4.8,13.6372,0.8,0,1
496655,bullet2,8.8,13.6667,0.8,0,1
496656,bullet4,8.8,13.6498,0.8,0,1
496657,player,0.4,13.636,0,-2.59347e-06,1
496658,flyer6,10.7964,8.58607,-0.285179,0.093128,2
496658,bullet6,4.8,13.636,0.8,0,1
496659,bullet1,8.8,13.6372,0.8,0,1
496660,bullet2,12.8,13.6667,0.8,0,1
496661,bullet4,12.8,13.6498,0.8,0,1
496662,player,1.00231,13.0337,0.0138396,-0.0138397,1
496663,flyer6,9.37052,9.05171,-0.285179,0.093128,2
496663,bullet6,8.8,13.636,0.8,0,1
496664,bullet1,12.8,13.6372,0.8,0,1
496666,flayer8,16.5,6.7235,-0.28501,-0.0936436,2
496667,player,1.01343,13.0225,0.00025538,-0.000255381,1
496667,bullet3,1.41343,13.0225,0.8,0,1
496668,flyer6,7.94463,9.51735,-0.285179,0.093128,2
496668,bullet6,12.8,13.636,0.8,0,1
496671,flayer8,15.0749,6.25528,-0.28501,-0.0936436,2
496672,player,0.4,13.2733,-0,-0.30675,1
496672,bullet3,5.41343,13.0225,0.8,0,1
496673,flyer3,16.5,14.4882,-0.266456,0.137844,2
496673,flyer6,6.51873,9.98299,-0.285179,0.093128,2
496673,bullet5,0.8,13.1353,0.8,0,1
496675,bullet2,0.8,13.0452,0.8,0,1
496676,flayer8,13.6499,5.78707,-0.28501,-0.0936436,2
496677,player,0.889375,13.5163,0.151875,0.146215,1
496677,bullet3,9.41343,13.0225,0.8,0,1
496678,flyer3,15.1677,15.1775,-0.266456,0.137844,2
496678,flyer6,5.09283,10.4486,-0.285179,0.093128,2
496678,bullet5,4.8,13.1353,0.8,0,1
496680,bullet2,4.8,13.0452,0.8,0,1
496681,flayer8,12.2248,5.31885,-0.28501,-0.0936436,2
496682,player,0.42287,14.1093,-0.0279522,0.171488,1
496682,bullet3,13.4134,13.0225,0.8,0,1
496683,flyer3,13.8354,15.8667,-0.266456,0.137844,2
496683,flyer6,3.66694,10.9143,-0.285179,0.093128,2
496683,bullet5,8.8,13.1353,0.8,0,1
496683,bullet4,0.810292,14.1865,0.8,0,1
496685,bullet2,8.8,13.0452,0.8,0,1
496686,flayer8,10.7998,4.85063,-0.28501,-0.0936436,2
496687,player,0.4,14.7364,0,0.155039,1
496688,flyer6,2.24104,11.3799,-0.285179,0.093128,2
496688,bullet5,12.8,13.1353,0.8,0,1
496688,bullet4,4.81029,14.1865,0.8,0,1
496688,bullet1,0.8,14.8061,0.8,0,1
496690,bullet2,12.8,13.0452,0.8,0,1
496691,flayer8,9.37474,4.38241,-0.28501,-0.0936436,2
496692,player,0.650973,15.1984,-0.306745,0.340361,1
496693,flyer6,0.815147,11.8456,-0.285179,0.093128,2
496693,bullet4,8.81029,14.1865,0.8,0,1
496693,bullet1,4.8,14.8061,0.8,0,1
496696,flayer8,7.94969,3.91419,-0.28501,-0.0936436,2
496697,player,0.889375,15.6,0.151875,0,1
496698,flyer1,16.5,6.7235,-0.264274,-0.141982,2
496698,bullet4,12.8103,14.1865,0.8,0,1
496698,bullet1,8.8,14.8061,0.8,0,1
496698,bullet6,1.35772,15.6,0.8,0,1
496699,bullet3,1.38847,15.6,0.8,0,1
496701,flayer8,6.52464,3.44597,-0.28501,-0.0936436,2
496702,player,1.01134,15.2625,0.00280252,-0.3375,1
496703,flyer1,15.1786,6.01359,-0.264274,-0.141982,2
496703,bullet1,12.8,14.8061,0.8,0,1
496703,bullet6,5.35772,15.6,0.8,0,1
496703,bullet5,1.4126,15.1106,0.8,0,1
496704,bullet3,5.38847,15.6,0.8,0,1
496706,flayer8,5.09959,2.97776,-0.28501,-0.0936436,2
496707,player,1.01359,14.9915,5.17144e-05,-0.00622782,1
496708,flyer1,13.8573,5.30368,-0.264274,-0.141982,2
496708,bullet6,9.35772,15.6,0.8,0,1
496708,bullet5,5.4126,15.1106,0.8,0,1
496709,bullet3,9.38847,15.6,0.8,0,1
496709,bullet2,1.41363,14.9874,0.8,0,1
496711,flayer8,3.67453,2.50954,-0.28501,-0.0936436,2
496712,player,1.01364,14.9865,9.54276e-07,-0.000114921,1
496713,flyer1,12.5359,4.59376,-0.264274,-0.141982,2
496713,bullet6,13.3577,15.6,0.8,0,1
496713,bullet5,9.41261,15.1106,0.8,0,1
496714,bullet3,13.3885,15.6,0.8,0,1
496714,bullet2,5.41363,14.9874,0.8,0,1
496716,flayer8,2.24948,2.04132,-0.28501,-0.0936436,2
496717,player,1.01364,15.6,1.76091e-08,0.10146,1
496718,flyer1,11.2145,3.88385,-0.264274,-0.141982,2
496718,bullet5,13.4126,15.1106,0.8,0,1
496719,bullet2,9.41363,14.9874,0.8,0,1
496721,flayer8,0.82443,1.5731,-0.28501,-0.0936436,2
496722,player,0.425163,15.6,-0.0307547,0,1
496722,flyer4,16.5,6.7235,-0.3,0,2
496723,flyer1,9.89314,3.17394,-0.264274,-0.141982,2
496724,bullet2,13.4136,14.9874,0.8,0,1
496726,flyer5,16.5,12.304,-0.3,0,2
496726,bullet4,0.801032,15.6,0.8,0,1
496727,player,0.4,15.6,-0,0,1
496727,flyer4,15,6.7235,-0.3,0,2
496728,flyer1,8.57176,2.46403,-0.264274,-0.141982,2
496729,bullet1,0.8,15.6,0.8,0,1
496731,flyer5,15,12.304,-0.3,0,2
496731,bullet4,4.80103,15.6,0.8,0,1
496732,player,0.4,15.6,0,0,1
496732,flyer4,13.5,6.7235,-0.3,0,2
496732,bullet6,0,15.6,-0.8,-6.99382e-08,1
496733,flyer1,7.25039,1.75411,-0.264274,-0.141982,2
496733,bullet3,0.8,15.6,0.8,0,1
496734,bullet1,4.8,15.6,0.8,0,1
496736,flyer5,13.5,12.304,-0.3,0,2
496736,bullet4,8.80103,15.6,0.8,0,1
496737,player,0.4,15.6,0,0,1
496737,flyer4,12,6.7235,-0.3,0,2
496737,bullet5,0.8,15.6,0.8,0,1
496738,flyer1,5.92902,1.0442,-0.264274,-0.141982,2
496738,bullet3,4.8,15.6,0.8,0,1
496739,bullet1,8.8,15.6,0.8,0,1
496741,flyer5,12,12.304,-0.3,0,2
496741,bullet4,12.801,15.6,0.8,0,1
496742,player,0.4,15.6,0,0,1
496742,flyer4,10.5,6.7235,-0.3,0,2
496742,bullet5,4.8,15.6,0.8,0,1
496743,flyer1,4.60764,0.334288,-0.264274,-0.141982,2
496743,bullet3,8.8,15.6,0.8,0,1
496744,bullet1,12.8,15.6,0.8,0,1
496746,flyer5,10.5,12.304,-0.3,0,2
496747,player,0.4,15.6,0,0,1
496747,flyer4,9,6.7235,-0.3,0,2
496747,bullet5,8.8,15.6,0.8,0,1
496748,flyer1,3.28627,-0.375624,-0.264274,-0.141982,2
496748,bullet3,12.8,15.6,0.8,0,1
496751,flyer5,9,12.304,-0.3,0,2
496752,player,0.957719,15.2625,0.0683438,-0.3375,1
496752,flyer4,7.5,6.7235,-0.3,0,2
496752,bullet5,12.8,15.6,0.8,0,1
496753,flyer2,16.5,6.7235,-0.3,0,2
496754,bullet2,1.40231,15.0423,0.8,0,1
496755,bullet6,1.40854,15.0115,0.8,0,1
496756,flyer5,7.5,12.304,-0.3,0,2
496757,player,1.3501,15.329,0.338761,0.331272,1
496757,flyer4,5.99999,6.7235,-0.3,0,2
496758,flyer2,15,6.7235,-0.3,0,2
496759,bullet2,5.40231,15.0423,0.8,0,1
496760,bullet6,5.40854,15.0115,0.8,0,1
496761,flyer5,5.99999,12.304,-0.3,0,2
496761,bullet4,2.57363,15.0312,0.8,0,1
496762,player,2.54813,15.0065,0.374506,-0.0246418,1
496762,flyer4,4.49999,6.7235,-0.3,0,2
496763,flyer2,13.5,6.7235,-0.3,0,2
496764,bullet2,9.40231,15.0423,0.8,0,1
496765,bullet6,9.40854,15.0115,0.8,0,1
496766,flyer5,4.49999,12.304,-0.3,0,2
496766,bullet4,6.57363,15.0312,0.8,0,1
496767,player,3.43737,13.8405,0.0376654,-0.0995531,1
496767,flyer4,2.99999,6.7235,-0.3,0,2
496768,flyer2,12,6.7235,-0.3,0,2
496768,bullet1,3.85432,13.7957,0.8,0,1
496769,bullet2,13.4023,15.0423,0.8,0,1
496770,bullet6,13.4085,15.0115,0.8,0,1
496771,flyer5,2.99999,12.304,-0.3,0,2
496771,bullet4,10.5736,15.0312,0.8,0,1
496772,player,3.80512,14.0981,0.338195,0.335663,1
496772,flyer4,1.49999,6.7235,-0.3,0,2
496773,flyer2,10.5,6.7235,-0.3,0,2
496773,bullet1,7.85432,13.7957,0.8,0,1
496776,flyer5,1.49999,12.304,-0.3,0,2
496776,bullet4,14.5736,15.0312,0.8,0,1
496776,bullet3,5.02819,14.3615,0.8,0,1
496777,player,4.66519,14.3677,0.0369953,0.00619393,1
496777,flyer4,-6.4373e-06,6.7235,-0.3,0,2
496778,flyer2,9,6.7235,-0.3,0,2
496778,bullet1,11.8543,13.7957,0.8,0,1
496781,flyer5,-6.4373e-06,12.304,-0.3,0,2
496781,bullet3,9.02819,14.3615,0.8,0,1
496782,player,4.10643,15.4505,-0.030072,0.182744,1
496782,bullet5,4.50643,15.4505,0.8,0,1
496783,flyer2,7.5,6.7235,-0.3,0,2
496783,bullet1,15.8543,13.7957,0.8,0,1
496784,flayer7,16.5,12.304,-0.264923,-0.140769,2
496785,bullet2,4.97344,15.5864,0.8,0,1
496786,bullet3,13.0282,14.3615,0.8,0,1
496787,player,4.67075,15.5972,0.0301998,0.00337214,1
496787,bullet5,8.50643,15.4505,0.8,0,1
496787,bullet6,5.07075,15.5972,0.8,0,1
496788,flyer2,5.99999,6.7235,-0.3,0,2
496789,flayer7,15.1754,11.6001,-0.264923,-0.140769,2
496790,bullet2,8.97344,15.5864,0.8,0,1
496791,bullet4,5.09444,15.5999,0.8,0,1
496792,player,5.0325,15.5999,0.338057,6.22255e-05,1
496792,bullet5,12.5064,15.4505,0.8,0,1
496792,bullet6,9.07075,15.5972,0.8,0,1
496793,flyer2,4.49999,6.7235,-0.3,0,2
496794,flayer7,13.8508,10.8963,-0.264923,-0.140769,2
496795,bullet2,12.9734,15.5864,0.8,0,1
496796,bullet4,9.09444,15.5999,0.8,0,1
496797,player,4.96649,15.6,-0.331262,0,1
496797,bullet6,13.0708,15.5972,0.8,0,1
496798,flyer2,2.99999,6.7235,-0.3,0,2
496799,flayer7,12.5262,10.1925,-0.264923,-0.140769,2
496799,bullet1,5.15034,15.6,0.8,0,1
496801,bullet4,13.0944,15.5999,0.8,0,1
496801,bullet3,5.10657,15.6,0.8,0,1
496802,player,4.70046,15.6,-0.00611271,0,1
496803,flyer2,1.49999,6.7235,-0.3,0,2
496803,bullet5,5.09771,15.6,0.8,0,1
496804,flayer7,11.2016,9.48861,-0.264923,-0.140769,2
496804,bullet1,9.15034,15.6,0.8,0,1
496806,bullet3,9.10657,15.6,0.8,0,1
496806,bullet2,4.29566,15.6,-0.8,-6.99382e-08,1
496807,player,4.69555,15.6,-0.000112797,0,1
496808,flyer2,-6.4373e-06,6.7235,-0.3,0,2
496808,bullet5,9.09771,15.6,0.8,0,1
496809,flayer7,9.87695,8.78476,-0.264923,-0.140769,2
496809,bullet1,13.1503,15.6,0.8,0,1
496811,bullet3,13.1066,15.6,0.8,0,1
496811,bullet2,0.295663,15.6,-0.8,-6.99382e-08,1
496812,player,4.6647,15.0423,0.037587,-0.0683438,1
496813,bullet5,13.0977,15.6,0.8,0,1
496813,bullet6,5.08162,15.0115,0.8,0,1
496814,flayer7,8.55233,8.08092,-0.264923,-0.140769,2
496814,bullet4,5.08923,14.9977,0.8,0,1
496816,bullet2,5.0942,14.9887,0.8,0,1
496817,player,4.69489,14.6499,0.000693585,-0.338761,1
496818,bullet6,9.08162,15.0115,0.8,0,1
496819,flayer7,7.22772,7.37707,-0.264923,-0.140769,2
496819,bullet4,9.08923,14.9977,0.8,0,1
496821,bullet2,9.0942,14.9887,0.8,0,1
496821,bullet1,4.53772,14.9418,0.8,0,1
496822,player,4.10697,14.9663,-0.0307419,0.0245036,1
496823,bullet6,13.0816,15.0115,0.8,0,1
496824,flayer7,5.90311,6.67322,-0.264923,-0.140769,2
496824,bullet4,13.0892,14.9977,0.8,0,1
496826,bullet2,13.0942,14.9887,0.8,0,1
496826,bullet1,8.53772,14.9418,0.8,0,1
496827,player,4.08229,14.6485,-0.000567274,-0.337048,1
496829,flayer7,4.5785,5.96937,-0.264923,-0.140769,2
496829,flyer3,16.5,12.304,-0.295952,0.0491169,2
496830,bullet3,4.97124,13.9085,0.8,0,1
496831,bullet1,12.5377,14.9418,0.8,0,1
496832,player,4.3328,13.4518,-0.306756,-0.374474,1
496834,flayer7,3.25388,5.26553,-0.264923,-0.140769,2
496834,flyer3,15.0202,12.5496,-0.295952,0.0491169,2
496835,bullet3,8.97124,13.9085,0.8,0,1
496836,flyer6,16.5,12.304,-0.3,0,2
496836,bullet5,3.9344,13.7157,0.8,0,1
496837,player,3.49798,13.7396,-0.0364152,0.0238446,1
496837,bullet6,3.89798,13.7396,0.8,0,1
496839,flayer7,1.92927,4.56168,-0.264923,-0.140769,2
496839,flyer3,13.5405,12.7952,-0.295952,0.0491169,2
496839,bullet4,3.07422,13.7551,-0.8,-6.99382e-08,1
496840,bullet3,12.9712,13.9085,0.8,0,1
496841,flyer6,15,12.304,-0.3,0,2
496841,bullet5,7.9344,13.7157,0.8,0,1
496842,player,3.46873,13.7587,-0.000671963,0.00044,1
496842,bullet6,7.89798,13.7396,0.8,0,1
496844,flayer7,0.604657,3.85783,-0.264923,-0.140769,2
496844,flyer3,12.0607,13.0407,-0.295952,0.0491169,2
496846,flyer6,13.5,12.304,-0.3,0,2
496846,bullet2,3.86821,14.3168,0.8,0,1
496847,player,3.46819,14.3476,-1.23996e-05,0.0307628,1
496847,bullet6,11.898,13.7396,0.8,0,1
496847,bullet1,3.8682,14.3476,0.8,0,1
496851,flyer6,12,12.304,-0.3,0,2
496851,bullet2,7.86821,14.3168,0.8,0,1
496852,player,2.91047,15.5185,-0.068344,0.0996661,1
496852,flayer8,16.5,6.81916,-0.279363,0.109344,2
496852,bullet1,7.8682,14.3476,0.8,0,1
496853,bullet4,3.27971,15.5633,0.8,0,1
496854,bullet3,3.26587,15.5835,0.8,0,1
496856,flyer6,10.5,12.304,-0.3,0,2
496856,bullet2,11.8682,14.3168,0.8,0,1
496857,player,2.3662,15.261,-0.153136,-0.335661,1
496857,flayer8,15.1032,7.36588,-0.279363,0.109344,2
496857,bullet1,11.8682,14.3476,0.8,0,1
496858,bullet4,7.27971,15.5633,0.8,0,1
496859,bullet3,7.26587,15.5835,0.8,0,1
496861,flyer6,9,12.304,-0.3,0,2
496861,bullet2,15.8682,14.3168,0.8,0,1
496862,player,1.65475,14.403,-0.0335805,-0.0369486,1
496862,flayer8,13.7064,7.91259,-0.279363,0.109344,2
496862,bullet1,15.8682,14.3476,0.8,0,1
496862,bullet5,2.05475,14.403,0.8,0,1
496863,bullet4,11.2797,15.5633,0.8,0,1
496864,bullet3,11.2659,15.5835,0.8,0,1
496866,flyer6,7.5,12.304,-0.3,0,2
496867,player,1.17734,14.6381,-0.200084,-0.324342,1
496867,flayer8,12.3095,8.45931,-0.279363,0.109344,2
496867,bullet5,6.05475,14.403,0.8,0,1
496868,bullet4,15.2797,15.5633,0.8,0,1
496869,bullet3,15.2659,15.5835,0.8,0,1
496871,flyer6,5.99999,12.304,-0.3,0,2
496871,flyer1,16.5,6.81916,-0.3,0,2
496872,player,1.60513,14.9354,0.0270626,0.0623587,1
496872,flayer8,10.9127,9.00603,-0.279363,0.109344,2
496872,bullet5,10.0548,14.403,0.8,0,1
496872,bullet6,2.00513,14.9354,0.8,0,1
496873,bullet2,2.01731,14.9634,0.8,0,1
496876,flyer6,4.49999,12.304,-0.3,0,2
496876,flyer1,15,6.81916,-0.3,0,2
496876,bullet1,2.02637,14.9843,0.8,0,1
496877,player,1.28937,15.3229,-0.337001,0.338651,1
496877,flayer8,9.51591,9.55275,-0.279363,0.109344,2
496877,bullet5,14.0548,14.403,0.8,0,1
496877,bullet6,6.00513,14.9354,0.8,0,1
496878,bullet2,6.01731,14.9634,0.8,0,1
496880,bullet4,1.43876,15.5748,0.8,0,1
496881,flyer6,2.99999,12.304,-0.3,0,2
496881,flyer1,13.5,6.81916,-0.3,0,2
496881,bullet1,6.02637,14.9843,0.8,0,1
496882,player,0.681225,15.5949,-0.343719,0.00624906,1
496882,flayer8,8.11909,10.0995,-0.279363,0.109344,2
496882,bullet6,10.0051,14.9354,0.8,0,1
496883,bullet2,10.0173,14.9634,0.8,0,1
496885,bullet4,5.43876,15.5748,0.8,0,1
496886,flyer6,1.49999,12.304,-0.3,0,2
496886,flyer1,12,6.81916,-0.3,0,2
496886,bullet1,10.0264,14.9843,0.8,0,1
496887,player,0.4,15.6,0,0,1
496887,flayer8,6.72227,10.6462,-0.279363,0.109344,2
496887,bullet6,14.0051,14.9354,0.8,0,1
496888,bullet2,14.0173,14.9634,0.8,0,1
496890,bullet4,9.43876,15.5748,0.8,0,1
496891,flyer6,-6.4373e-06,12.304,-0.3,0,2
496891,flyer1,10.5,6.81916,-0.3,0,2
496891,bullet1,14.0264,14.9843,0.8,0,1
496892,player,1.54619,15.2625,0.0990984,-0.3375,1
496892,flayer8,5.32545,11.1929,-0.279363,0.109344,2
496894,flyer4,16.5,12.2722,-0.299645,-0.014587,2
496895,bullet4,13.4388,15.5748,0.8,0,1
496895,bullet3,1.46217,15.5692,0.8,0,1
496896,flyer1,9,6.81916,-0.3,0,2
496896,bullet5,0.635475,15.5862,-0.8,-6.99382e-08,1
496897,player,1.02346,15.5938,-0.012011,0.00761179,1
496897,flayer8,3.92864,11.7396,-0.279363,0.109344,2
496899,flyer4,15.0018,12.1993,-0.299645,-0.014587,2
496900,bullet3,5.46217,15.5692,0.8,0,1
496901,flyer1,7.5,6.81916,-0.3,0,2
496902,player,0.411505,15.0114,-0.0140612,-0.0306142,1
496902,flayer8,2.53182,12.2863,-0.279363,0.109344,2
496903,bullet6,0.805177,14.9976,0.8,0,1
496904,flyer4,13.5035,12.1263,-0.299645,-0.014587,2
496905,bullet3,9.46217,15.5692,0.8,0,1
496905,bullet2,0.801048,14.9886,0.8,0,1
496906,flyer1,5.99999,6.81916,-0.3,0,2
496907,player,0.4,15.4762,0,0.15131,1
496907,flayer8,1.135,12.8331,-0.279363,0.109344,2
496908,bullet6,4.80518,14.9976,0.8,0,1
496909,flyer4,12.0053,12.0534,-0.299645,-0.014587,2
496910,bullet3,13.4622,15.5692,0.8,0,1
496910,bullet2,4.80105,14.9886,0.8,0,1
496911,flyer1,4.49999,6.81916,-0.3,0,2
496912,player,0.4,15.1106,0,-0.151875,1
496912,flayer8,-0.261815,13.3798,-0.279363,0.109344,2
496913,bullet6,8.80518,14.9976,0.8,0,1
496914,flyer4,10.5071,11.9804,-0.299645,-0.014587,2
496915,bullet2,8.80105,14.9886,0.8,0,1
496916,flyer1,2.99999,6.81916,-0.3,0,2
496916,bullet1,0.8,13.9136,0.8,0,1
496917,player,0.4,13.8286,0,-0.0849859,1
496918,bullet6,12.8052,14.9976,0.8,0,1
496919,flyer4,9.00887,11.9075,-0.299645,-0.014587,2
496919,bullet5,0.8,13.2838,0.8,0,1
496920,bullet2,12.8011,14.9886,0.8,0,1
496921,flyer1,1.49999,6.81916,-0.3,0,2
496921,bullet1,4.8,13.9136,0.8,0,1
496922,player,0.4,13.1581,0,-0.0154078,1
496923,bullet4,0.8,13.1511,0.8,0,1
496924,flyer4,7.51064,11.8346,-0.299645,-0.014587,2
496924,bullet5,4.8,13.2838,0.8,0,1
496926,flyer1,-6.4373e-06,6.81916,-0.3,0,2
496926,bullet1,8.8,13.9136,0.8,0,1
496927,player,0.4,13.1457,0,-0.000284318,1
496928,bullet4,4.8,13.1511,0.8,0,1
496929,flyer4,6.01241,11.7616,-0.299645,-0.014587,2
496929,bullet5,8.8,13.2838,0.8,0,1
496931,bullet1,12.8,13.9136,0.8,0,1
496931,bullet3,1.35772,12.557,0.8,0,1
496932,player,0.650973,12.2056,-0.306745,-0.351345,1
496933,bullet4,8.8,13.1511,0.8,0,1
496934,flyer4,4.51418,11.6887,-0.299645,-0.014587,1
496934,bullet5,12.8,13.2838,0.8,0,1
496937,player,0.889375,12.4129,0.151875,0.145392,1
496938,bullet4,12.8,13.1511,0.8,0,1
496939,flyer4,3.01596,11.6158,-0.299645,-0.014587,1
496939,flyer5,16.5,12.2722,-0.3,0,2
496939,bullet6,1.38847,12.0184,0.8,0,1
496941,bullet2,1.40854,11.9385,0.8,0,1
496942,player,1.01134,11.9273,0.00280252,-0.0111567,1
496942,bullet3,1.41134,11.9273,0.8,0,1
496944,flyer5,15,12.2722,-0.3,0,1
496946,bullet2,5.40854,11.9385,0.8,0,1
496947,player,0.425121,11.8876,-0.030703,0.0373832,1
496947,flyer2,16.5,8.53093,-0.3,0,2
496947,bullet3,5.41134,11.9273,0.8,0,1
496947,bullet1,0.825121,11.8876,0.8,0,1
496949,flyer5,13.5,12.2722,-0.3,0,1
496949,bullet5,0.805087,11.912,0.8,0,1
496951,bullet2,9.40854,11.9385,0.8,0,1
496952,player,0.4,11.4282,0,-0.151185,1
496952,flyer2,15,8.53093,-0.3,0,2
496952,bullet3,9.41134,11.9273,0.8,0,1
496952,bullet1,4.82512,11.8876,0.8,0,1
496954,flyer5,12,12.2722,-0.3,0,0
496954,bullet5,4.80509,11.912,0.8,0,1
496954,bullet6,0.8,11.3296,0.8,0,1
496957,player,0.4,11.3068,0,-0.00278979,1
496957,flyer2,13.5,8.53093,-0.3,0,2
496957,bullet3,13.4113,11.9273,0.8,0,1
496957,bullet1,8.82512,11.8876,0.8,0,1
496959,bullet5,8.80509,11.912,0.8,0,1
496959,bullet6,4.8,11.3296,0.8,0,1
496961,bullet4,0.8,10.1584,0.8,0,1
496962,player,0.4,10.1138,0,-0.0446458,1
496962,flyer2,12,8.53093,-0.3,0,2
496962,bullet1,12.8251,11.8876,0.8,0,1
496964,bullet5,12.8051,11.912,0.8,0,1
496964,bullet6,8.8,11.3296,0.8,0,1
496966,bullet4,4.8,10.1584,0.8,0,1
496967,player,0.957719,10.6357,0.0683438,0.0675199,1
496967,flyer2,10.5,8.53093,-0.3,0,2
496969,flyer3,16.5,8.53093,-0.3,0,2
496969,bullet6,12.8,11.3296,0.8,0,1
496971,bullet4,8.8,10.1584,0.8,0,1
496971,bullet2,0.02287,10.6886,-0.8,-6.99382e-08,1
496972,player,0.410292,10.3524,-0.0125785,-0.336254,1
496972,flyer2,9,8.53093,-0.3,0,2
496974,flyer3,15,8.53093,-0.3,0,2
496974,flayer7,16.5,8.53093,-0.298128,0.0334644,2
496974,bullet3,0.802084,10.133,0.8,0,1
496976,bullet4,12.8,10.1584,0.8,0,1
496976,bullet1,0.800422,10.0885,0.8,0,1
496977,player,0.73769,10.0823,0.337268,-0.00620483,1
496977,flyer2,7.5,8.53093,-0.3,0,2
496979,flyer3,13.5,8.53093,-0.3,0,2
496979,flayer7,15.0094,8.69825,-0.298128,0.0334644,2
496979,bullet3,4.80208,10.133,0.8,0,1
496981,bullet1,4.80042,10.0885,0.8,0,1
496982,player,0.4,9.48888,-0,-0.0308692,1
496982,flyer2,5.99999,8.53093,-0.3,0,2
496984,flyer3,12,8.53093,-0.3,0,2
496984,flayer7,13.5187,8.86557,-0.298128,0.0334644,2
496984,bullet3,8.80208,10.133,0.8,0,1
496986,bullet1,8.80042,10.0885,0.8,0,1
496987,player,1.47785,8.97472,0.18263,-0.152445,1
496987,flyer2,4.49999,8.53093,-0.3,0,2
496987,bullet5,1.87785,8.97472,0.8,0,1
496989,flyer3,10.5,8.53093,-0.3,0,2
496989,flayer7,12.0281,9.0329,-0.298128,0.0334644,2
496989,bullet3,12.8021,10.133,0.8,0,1
496991,bullet1,12.8004,10.0885,0.8,0,1
496991,bullet2,1.46343,9.41282,0.8,0,1
496992,player,0.698542,9.77826,-0.364885,0.365442,1
496992,flyer2,2.99999,8.53093,-0.3,0,0
496994,flyer3,9,8.53093,-0.3,0,2
496994,flayer7,10.5374,9.20022,-0.298128,0.0334644,2
496994,bullet6,0.860454,10.0167,0.8,0,1
496997,player,0.4,10.0717,0,0.00674343,1
496998,flyer6,16.5,13.4542,-0.3,0,2
496999,flyer3,7.5,8.53093,-0.3,0,2
496999,flayer7,9.0468,9.36754,-0.298128,0.0334644,2
496999,bullet6,4.86045,10.0167,0.8,0,1
496999,bullet4,0.8,9.58677,0.8,0,1
497002,player,0.4,8.98548,0,-0.16559,1
497002,bullet5,0.8,8.98548,0.8,0,1
497003,flyer6,15,13.4542,-0.3,0,2
497004,flyer3,5.99999,8.53093,-0.3,0,2
497004,flayer7,7.55616,9.53486,-0.298128,0.0334644,1
497004,bullet4,4.8,9.58677,0.8,0,1
497007,player,0.4,8.78415,0,0.0804756,1
497008,flyer6,13.5,13.4542,-0.3,0,2
497008,bullet2,0.8,8.82036,0.8,0,1
497009,flyer3,4.49999,8.53093,-0.3,0,1
497009,bullet3,0.8,8.83666,0.8,0,1
497012,player,0.4,8.84877,0,0.001485,1
497012,bullet1,0.8,8.84877,0.8,0,1
497013,flyer6,12,13.4542,-0.3,0,2
497014,bullet3,4.8,8.83666,0.8,0,1
497016,bullet6,0.8,8.36056,0.8,0,1
497017,player,0.4,8.29225,0,-0.0683163,1
497017,bullet1,4.8,8.84877,0.8,0,1
497018,flyer6,10.5,13.4542,-0.3,0,2
497019,bullet3,8.8,8.83666,0.8,0,1
497021,bullet6,4.8,8.36056,0.8,0,1
497022,player,1.15419,6.7091,-0.171785,-0.383355,1
497022,bullet1,8.8,8.84877,0.8,0,1
497023,flyer6,9,13.4542,-0.3,0,2
497024,bullet3,12.8,8.83666,0.8,0,1
497024,bullet4,1.4421,6.45896,0.8,0,1
497026,bullet6,8.8,8.36056,0.8,0,1
497027,player,1.01623,6.40123,-0.00316992,-0.00707398,1
497027,bullet1,12.8,8.84877,0.8,0,1
497028,flyer6,7.5,13.4542,-0.3,0,2
497029,bullet4,5.4421,6.45896,0.8,0,1
497029,bullet5,1.41416,6.39661,0.8,0,1
497031,bullet6,12.8,8.36056,0.8,0,1
497032,player,1.01368,6.39555,-5.8494e-05,-0.000130535,1
497033,flyer6,5.99999,13.4542,-0.3,0,2
497033,bullet2,1.41366,6.39549,0.8,0,1
497034,bullet4,9.4421,6.45896,0.8,0,1
497034,bullet5,5.41416,6.39661,0.8,0,1
497037,player,1.50301,5.90607,0.151874,-0.151877,1
497037,bullet3,1.90301,5.90607,0.8,0,1
497038,flyer6,4.49999,13.4542,-0.3,0,2
497038,bullet2,5.41366,6.39549,0.8,0,1
497039,bullet4,13.4421,6.45896,0.8,0,1
497039,bullet5,9.41416,6.39661,0.8,0,1
497042,player,2.67207,5.29472,0.223021,-0.154678,1
497042,bullet3,5.90301,5.90607,0.8,0,1
497043,flyer6,2.99999,13.4542,-0.3,0,2
497043,bullet2,9.41366,6.39549,0.8,0,1
497043,bullet1,3.17243,5.22512,0.8,0,1
497044,bullet5,13.4142,6.39661,0.8,0,1
497047,player,2.85118,5.1705,0.00411537,-0.00285424,1
497047,bullet3,9.90301,5.90607,0.8,0,1
497048,flyer6,1.49999,13.4542,-0.3,0,2
497048,bullet2,13.4137,6.39549,0.8,0,1
497048,bullet1,7.17243,5.22512,0.8,0,1
497050,bullet6,2.69652,5.7261,0.8,0,1
497052,player,2.25217,5.77052,-0.0137637,0.0137869,1
497052,bullet3,13.903,5.90607,0.8,0,1
497052,bullet4,2.65217,5.77052,0.8,0,1
497053,flyer6,-6.4373e-06,13.4542,-0.3,0,2
497053,bullet1,11.1724,5.22512,0.8,0,1
497055,bullet6,6.69652,5.7261,0.8,0,1
497056,flayer8,16.5,8.53093,-0.3,0,2
497057,player,1.08108,6.94163,-0.0824373,0.0824378,1
497057,bullet4,6.65217,5.77052,0.8,0,1
497058,bullet1,15.1724,5.22512,0.8,0,1
497058,bullet5,1.44399,6.97873,0.8,0,1
497060,bullet6,10.6965,5.7261,0.8,0,1
497060,bullet2,1.41978,7.00293,0.8,0,1
497061,flayer8,15,8.53093,-0.3,0,2
497062,player,1.35238,6.67033,0.335979,-0.335979,1
497062,bullet4,10.6522,5.77052,0.8,0,1
497063,bullet5,5.44399,6.97873,0.8,0,1
497065,bullet6,14.6965,5.7261,0.8,0,1
497065,bullet2,5.41978,7.00293,0.8,0,1
497066,flayer8,13.5,8.53093,-0.3,0,2
497067,player,2.17992,6.40052,0.0745435,-0.00619975,1
497067,bullet4,14.6522,5.77052,0.8,0,1
497068,bullet5,9.44399,6.97873,0.8,0,1
497070,flyer1,16.5,13.4542,-0.3,0,2
497070,bullet2,9.41978,7.00293,0.8,0,1
497071,flayer8,12,8.53093,-0.3,0,2
497072,player,1.65131,7.58632,-0.0293791,0.0444799,1
497072,bullet3,2.05131,7.58632,0.8,0,1
497073,bullet5,13.444,6.97873,0.8,0,1
497073,bullet1,1.23809,7.60634,-0.8,-6.99382e-08,1
497075,flyer1,15,13.4542,-0.3,0,2
497075,bullet2,13.4198,7.00293,0.8,0,1
497076,flayer8,10.5,8.53093,-0.3,0,2
497076,bullet6,0.738883,7.13185,-0.8,-6.99382e-08,1
497077,player,1.07,7.06432,-0.0688859,-0.067523,1
497077,bullet3,6.05131,7.58632,0.8,0,1
497078,bullet4,1.439,7.03394,0.8,0,1
497080,flyer1,13.5,13.4542,-0.3,0,2
497080,bullet1,1.41877,7.01411,0.8,0,1
497081,flayer8,9,8.53093,-0.3,0,2
497082,player,1.01468,7.0101,-0.00127114,-0.00124599,1
497082,bullet3,10.0513,7.58632,0.8,0,1
497082,bullet5,1.41468,7.0101,0.8,0,1
497083,bullet4,5.439,7.03394,0.8,0,1
497085,flyer1,12,13.4542,-0.3,0,2
497085,bullet1,5.41877,7.01411,0.8,0,1
497086,flayer8,7.5,8.53093,-0.3,0,2
497087,player,1.01366,6.40678,-2.34561e-05,-0.0138626,1
497087,bullet3,14.0513,7.58632,0.8,0,1
497087,bullet5,5.41468,7.0101,0.8,0,1
497088,bullet4,9.439,7.03394,0.8,0,1
497090,flyer1,10.5,13.4542,-0.3,0,2
497090,bullet1,9.41877,7.01411,0.8,0,1
497091,flayer8,5.99999,8.53093,-0.3,0,2
497092,player,1.02748,6.98412,-0.0169155,0.0304989,1
497092,bullet5,9.41468,7.0101,0.8,0,1
497092,bullet6,1.42748,6.98412,0.8,0,1
497093,bullet4,13.439,7.03394,0.8,0,1
497095,flyer1,9,13.4542,-0.3,0,2
497095,bullet1,13.4188,7.01411,0.8,0,1
497096,flayer8,4.49999,8.53093,-0.3,0,2
497097,player,0.411579,8.1003,-0.0141517,0.166277,1
497097,bullet5,13.4147,7.0101,0.8,0,1
497097,bullet6,5.42748,6.98412,0.8,0,1
497099,bullet2,0.8,7.71942,0.8,0,1
497100,flyer1,7.5,13.4542,-0.3,0,2
497101,flayer8,2.99999,8.53093,-0.3,0,1
497102,player,0.4,7.63152,0,-0.0107713,1
497102,bullet6,9.42748,6.98412,0.8,0,1
497102,bullet3,0.8,7.63152,0.8,0,1
497105,flyer1,5.99999,13.4542,-0.3,0,2
497105,bullet4,1.35772,7.0658,0.8,0,1
497106,bullet1,1.38847,7.0346,0.8,0,1
497107,player,1.00231,7.02056,0.0138396,-0.0140384,1
497107,bullet6,13.4275,6.98412,0.8,0,1
497110,flyer1,4.49999,13.4542,-0.3,0,2
497110,bullet4,5.35772,7.0658,0.8,0,1
497110,bullet5,1.97032,7.01012,0.8,0,1
497111,bullet1,5.38847,7.0346,0.8,0,1
497112,player,1.95324,6.67179,0.351595,-0.337759,1
497115,flyer1,2.99999,13.4542,-0.3,0,2
497115,bullet4,9.35772,7.0658,0.8,0,1
497115,bullet5,5.97032,7.01012,0.8,0,1
497116,bullet1,9.38847,7.0346,0.8,0,1
497116,bullet2,2.72821,6.40677,0.8,0,1
497117,player,2.2802,6.40054,-0.0480162,-0.0062326,1
497120,flyer1,1.49999,13.4542,-0.3,0,2
497120,bullet4,13.3577,7.0658,0.8,0,1
497120,bullet5,9.97032,7.01012,0.8,0,1
497121,bullet1,13.3885,7.0346,0.8,0,1
497121,bullet2,6.72821,6.40677,0.8,0,1
497122,player,2.24163,5.90616,-0.000886034,-0.15199,1
497125,flyer4,16.5,8.53093,-0.279005,-0.110254,2
497125,flyer1,-6.4373e-06,13.4542,-0.3,0,2
497125,bullet5,13.9703,7.01012,0.8,0,1
497126,bullet2,10.7282,6.40677,0.8,0,1
497127,player,1.63861,6.83119,-0.013856,0.217414,1
497127,flyer5,16.5,13.4542,-0.3,0,2
497129,flyer2,16.5,13.4542,-0.272887,0.12463,2
497130,flyer4,15.105,7.97966,-0.279005,-0.110254,2
497131,bullet2,14.7282,6.40677,0.8,0,1
497132,player,2.10302,6.51642,0.168534,-0.147863,1
497132,flyer5,15,13.4542,-0.3,0,2
497134,flyer2,15.1356,14.0774,-0.272887,0.12463,2
497134,flayer7,16.5,7.61559,-0.3,0,2
497135,flyer4,13.7099,7.42839,-0.279005,-0.110254,2
497135,bullet3,1.82834,6.96418,-0.8,-6.99382e-08,1
497136,bullet6,2.63526,6.98887,0.8,0,1
497137,player,2.23837,6.99998,0.00310993,0.0111111,1
497137,flyer5,13.5,13.4542,-0.3,0,2
497139,flyer2,13.7711,14.7005,-0.272887,0.12463,2
497139,flayer7,15,7.61559,-0.3,0,2
497139,bullet4,2.15102,7.49661,0.8,0,1
497140,flyer4,12.3149,6.87712,-0.279005,-0.110254,2
497141,bullet6,6.63526,6.98887,0.8,0,1
497142,player,1.30105,7.94872,-0.351282,0.351545,1
497142,flyer5,12,13.4542,-0.3,0,2
497143,bullet1,1.54297,8.10692,0.8,0,1
497144,flyer2,12.4067,15.3237,-0.272887,0.12463,2
497144,flayer7,13.5,7.61559,-0.3,0,2
497144,bullet4,6.15102,7.49661,0.8,0,1
497145,flyer4,10.9199,6.32584,-0.279005,-0.110254,2
497145,bullet5,1.43983,8.21014,0.8,0,1
497146,bullet2,1.42542,8.22455,0.8,0,1
497147,player,1.01894,8.23104,-0.00648214,0.00648699,1
497147,flyer5,10.5,13.4542,-0.3,0,2
497148,bullet1,5.54297,8.10692,0.8,0,1
497149,flyer2,11.0423,15.9468,-0.272887,0.12463,2
497149,flayer7,12,7.61559,-0.3,0,2
497149,bullet4,10.151,7.49661,0.8,0,1
497150,flyer4,9.52487,5.77457,-0.279005,-0.110254,1
497150,bullet5,5.43983,8.21014,0.8,0,1
497151,bullet2,5.42542,8.22455,0.8,0,1
497152,player,1.60221,8.33535,0.0306351,-0.121001,1
497152,flyer5,9,13.4542,-0.3,0,2
497153,bullet1,9.54297,8.10692,0.8,0,1
497154,flayer7,10.5,7.61559,-0.3,0,0
497155,flyer4,8.12985,5.2233,-0.279005,-0.110254,1
497155,bullet5,9.43983,8.21014,0.8,0,1
497156,bullet2,9.42542,8.22455,0.8,0,1
497156,bullet3,1.92715,8.33951,0.8,0,1
497157,player,1.58222,8.28277,0.0550695,-0.0567369,1
497157,flyer5,7.5,13.4542,-0.3,0,2
497158,bullet6,2.007,8.25724,0.8,0,1
497160,flyer4,6.73482,4.67203,-0.279005,-0.110254,1
497160,bullet5,13.4398,8.21014,0.8,0,1
497161,bullet2,13.4254,8.22455,0.8,0,1
497161,bullet3,5.92715,8.33951,0.8,0,1
497162,player,1.62644,8.23721,0.00101619,-0.00104696,1
497162,flyer5,5.99999,13.4542,-0.3,0,2
497163,bullet6,6.007,8.25724,0.8,0,1
497165,flyer4,5.33979,4.12076,-0.279005,-0.110254,1
497166,bullet3,9.92715,8.33951,0.8,0,1
497167,player,1.13788,8.72574,-0.151856,0.151856,1
497167,flyer5,4.49999,13.4542,-0.3,0,2
497168,bullet6,10.007,8.25724,0.8,0,1
497170,flyer4,3.94477,3.56949,-0.279005,-0.110254,1
497171,bullet3,13.9271,8.33951,0.8,0,1
497172,player,0.413617,7.6569,-0.0166418,-0.0417921,1
497172,flyer5,2.99999,13.4542,-0.3,0,2
497173,bullet6,14.007,8.25724,0.8,0,1
497173,bullet4,0.806128,7.6381,0.8,0,1
497175,flyer4,2.54974,3.01822,-0.279005,-0.110254,1
497175,bullet1,0.801242,7.62582,0.8,0,1
497176,bullet5,0.800559,7.62411,0.8,0,1
497177,player,0.400252,7.62334,-0.000307088,-0.000771182,1
497177,flyer5,1.49999,13.4542,-0.3,0,2
497178,bullet4,4.80613,7.6381,0.8,0,1
497178,bullet2,0.800114,7.62299,0.8,0,1
497180,flyer4,1.15471,2.46694,-0.279005,-0.110254,1
497180,bullet1,4.80124,7.62582,0.8,0,1
497181,bullet5,4.80056,7.62411,0.8,0,1
497182,player,0.400006,7.62272,-5.66663e-06,-1.42305e-05,1
497182,flyer5,-6.4373e-06,13.4542,-0.3,0,2
497183,bullet4,8.80613,7.6381,0.8,0,1
497183,bullet2,4.80011,7.62299,0.8,0,1
497185,flyer4,-0.240316,1.91567,-0.279005,-0.110254,1
497185,bullet1,8.80124,7.62582,0.8,0,1
497186,bullet5,8.80056,7.62411,0.8,0,1
497187,player,0.400001,7.62271,-1.04565e-07,-2.62592e-07,1
497188,bullet4,12.8061,7.6381,0.8,0,1
497188,bullet2,8.80011,7.62299,0.8,0,1
497190,bullet1,12.8012,7.62582,0.8,0,1
497191,bullet5,12.8006,7.62411,0.8,0,1
497192,player,0.7375,7.84293,0.3375,-0.269156,1
497193,flyer3,16.5,7.61559,-0.3,0,2
497193,bullet2,12.8001,7.62299,0.8,0,1
497197,player,1.49792,8.21525,0.158103,0.025788,1
497197,bullet3,1.89792,8.21525,0.8,0,1
497199,flyer6,16.5,7.61559,-0.29243,-0.0669661,2
497200,flayer8,16.5,7.61559,-0.3,0,2
497201,flyer1,16.5,2.59181,-0.3,0,2
497202,player,2.18261,7.64748,0.0712612,-0.0302788,1
497202,bullet3,5.89792,8.21525,0.8,0,1
497203,bullet6,2.61467,7.63386,0.8,0,1
497204,flyer6,15.0378,7.28076,-0.29243,-0.0669661,2
497205,flayer8,15,7.61559,-0.3,0,2
497206,flyer1,15,2.59181,-0.3,0,2
497207,player,2.39171,7.52407,-0.18431,0.120562,1
497207,bullet3,9.89792,8.21525,0.8,0,1
497208,bullet6,6.61467,7.63386,0.8,0,1
497209,flyer6,13.5757,6.94593,-0.29243,-0.0669661,2
497210,flayer8,13.5,7.61559,-0.3,0,2
497211,flyer1,13.5,2.59181,-0.3,0,2
497212,player,2.83217,6.1372,0.0273536,-0.434374,1
497213,bullet6,10.6147,7.63386,0.8,0,1
497214,flyer6,12.1135,6.6111,-0.29243,-0.0669661,2
497214,bullet4,3.25001,5.85377,0.8,0,1
497215,bullet1,3.25251,5.81418,0.8,0,1
497216,flyer1,12,2.59181,-0.3,0,2
497217,player,2.51663,5.78836,-0.336995,-0.00801542,1
497219,flyer6,10.6514,6.27627,-0.29243,-0.0669661,2
497219,bullet4,7.25001,5.85377,0.8,0,1
497220,bullet1,7.25251,5.81418,0.8,0,1
497221,flyer1,10.5,2.59181,-0.3,0,2
497222,player,2.80372,4.63573,0.0621252,-0.0992463,1
497222,bullet5,3.20372,4.63573,0.8,0,1
497226,flyer1,9,2.59181,-0.3,0,2
497227,player,3.79342,4.77624,0.352486,-0.270988,1
497227,bullet5,7.20372,4.63573,0.8,0,1
497228,flyer2,16.5,2.59181,-0.245177,-0.172883,2
497229,flayer7,16.5,2.59181,-0.253513,-0.160409,2
497231,flyer1,7.5,2.59181,-0.3,0,2
497232,player,5.56019,4.25187,0.443103,-0.38009,1
497232,bullet5,11.2037,4.63573,0.8,0,1
497233,flyer2,15.2741,1.72739,-0.245177,-0.172883,2
497233,bullet2,6.15959,4.08083,0.8,0,1
497234,flayer7,15.2324,1.78976,-0.253513,-0.160409,2
497236,flyer1,5.99999,2.59181,-0.3,0,2
497237,player,5.91604,4.43601,0.00817649,0.144861,1
497237,bullet5,15.2037,4.63573,0.8,0,1
497237,bullet3,6.31604,4.43601,0.8,0,1
497238,flyer2,14.0482,0.86298,-0.245177,-0.172883,2
497238,bullet2,10.1596,4.08083,0.8,0,1
497239,flayer7,13.9649,0.987716,-0.253513,-0.160409,2
497239,bullet6,6.32137,4.53053,0.8,0,1
497240,bullet4,6.32212,4.54373,0.8,0,1
497241,flyer1,4.49999,2.59181,-0.3,0,2
497242,player,5.9226,4.55234,0.000150879,0.0026731,1
497242,bullet3,10.316,4.43601,0.8,0,1
497243,flyer2,12.8224,-0.00143352,-0.245177,-0.172883,2
497243,bullet2,14.1596,4.08083,0.8,0,1
497244,flayer7,12.6973,0.18567,-0.253513,-0.160409,2
497244,bullet6,10.3214,4.53053,0.8,0,1
497245,bullet4,10.3221,4.54373,0.8,0,1
497246,flyer1,2.99999,2.59181,-0.3,0,2
497247,player,7.01441,4.10405,0.165717,-0.199415,1
497247,bullet3,14.316,4.43601,0.8,0,1
497249,bullet6,14.3214,4.53053,0.8,0,1
497250,flyer5,16.5,14.9421,-0.29015,-0.0762425,2
497250,bullet4,14.3221,4.54373,0.8,0,1
497250,bullet1,7.53765,3.95576,0.8,0,1
497251,flyer1,1.49999,2.59181,-0.3,0,2
497251,bullet5,7.54444,3.94758,0.8,0,1
497252,player,7.1475,3.9439,0.00305795,-0.00367977,1
497253,bullet2,7.54888,3.94225,0.8,0,1
497254,bullet3,7.5495,3.9415,0.8,0,1
497255,flyer5,15.0493,14.5609,-0.29015,-0.0762425,2
497255,bullet1,11.5376,3.95576,0.8,0,1
497256,flyer1,-6.4373e-06,2.59181,-0.3,0,2
497256,bullet5,11.5444,3.94758,0.8,0,1
497257,player,7.14996,4.27845,5.64278e-05,0.337432,1
497258,bullet2,11.5489,3.94225,0.8,0,1
497259,bullet3,11.5495,3.9415,0.8,0,1
497260,flyer5,13.5985,14.1796,-0.29015,-0.0762425,2
497260,bullet1,15.5376,3.95576,0.8,0,1
497261,bullet5,15.5444,3.94758,0.8,0,1
497262,player,7.15,3.50234,1.04125e-06,-0.213992,1
497263,flyer4,16.5,14.9421,-0.22738,-0.195699,2
497263,bullet2,15.5489,3.94225,0.8,0,1
497264,bullet3,15.5495,3.9415,0.8,0,1
497265,flyer5,12.1478,13.7984,-0.29015,-0.0762425,2
497265,flyer3,16.5,14.9421,-0.254845,0.158284,2
497266,flayer8,16.5,14.9421,-0.216477,-0.207697,2
497267,player,6.67447,2.74202,-0.16879,-0.0347034,1
497268,flyer4,15.3631,13.9636,-0.22738,-0.195699,2
497269,bullet6,6.96433,2.71937,0.8,0,1
497270,flyer5,10.697,13.4172,-0.29015,-0.0762425,2
497270,flyer3,15.2258,15.7335,-0.254845,0.158284,2
497271,flayer8,15.4176,13.9036,-0.216477,-0.207697,2
497271,bullet4,6.94203,2.71479,0.8,0,1
497272,player,6.53891,2.71415,-0.00311465,-0.000640376,1
497272,bullet1,6.93891,2.71415,0.8,0,1
497273,flyer4,14.2262,12.9851,-0.22738,-0.195699,2
497274,bullet6,10.9643,2.71937,0.8,0,1
497275,flyer5,9.24626,13.036,-0.29015,-0.0762425,2
497276,flayer8,14.3352,12.8651,-0.216477,-0.207697,2
497276,bullet4,10.942,2.71479,0.8,0,1
497277,player,6.04704,2.61453,-0.151932,0.121108,1
497277,bullet1,10.9389,2.71415,0.8,0,1
497278,flyer4,13.0893,12.0066,-0.22738,-0.195699,2
497278,bullet5,6.37867,2.66903,0.8,0,1
497279,bullet6,14.9643,2.71937,0.8,0,1
497280,flyer5,7.79551,12.6548,-0.29015,-0.0762425,2
497281,flayer8,13.2529,11.8266,-0.216477,-0.207697,2
497281,bullet4,14.942,2.71479,0.8,0,1
497281,bullet2,6.32783,2.70956,0.8,0,1
497282,player,5.92502,2.71179,-0.00280358,0.00223479,1
497282,bullet1,14.9389,2.71415,0.8,0,1
497283,flyer4,11.9524,11.0281,-0.22738,-0.195699,2
497283,bullet5,10.3787,2.66903,0.8,0,1
497285,flyer5,6.34476,12.2736,-0.29015,-0.0762425,2
497286,flayer8,12.1705,10.7881,-0.216477,-0.207697,2
497286,bullet2,10.3278,2.70956,0.8,0,1
497286,bullet3,6.32282,2.12507,0.8,0,1
497287,player,5.92277,2.11127,-5.1734e-05,-0.0137984,1
497288,flyer4,10.8155,10.0496,-0.22738,-0.195699,2
497288,bullet5,14.3787,2.66903,0.8,0,1
497288,bullet6,6.32275,2.10506,0.8,0,1
497290,flyer5,4.89401,11.8924,-0.29015,-0.0762425,2
497291,flayer8,11.0881,9.74965,-0.216477,-0.207697,2
497291,bullet2,14.3278,2.70956,0.8,0,1
497291,bullet3,10.3228,2.12507,0.8,0,1
497292,player,6.41211,1.61082,0.151874,-0.15213,1
497292,bullet4,6.81211,1.61082,0.8,0,1
497293,flyer4,9.67858,9.07111,-0.22738,-0.195699,2
497293,bullet6,10.3228,2.10506,0.8,0,1
497295,flyer5,3.44326,11.5112,-0.29015,-0.0762425,2
497296,flayer8,10.0057,8.71116,-0.216477,-0.207697,2
497296,bullet3,14.3228,2.12507,0.8,0,1
497297,player,7.02345,1.48864,0.154678,-0.00280722,1
497297,bullet4,10.8121,1.61082,0.8,0,1
497298,flyer4,8.54167,8.09261,-0.22738,-0.195699,2
497298,bullet6,14.3228,2.10506,0.8,0,1
497298,bullet1,7.49306,1.48738,0.8,0,1
497299,bullet5,7.52438,1.48681,0.8,0,1
497300,flyer5,1.99251,11.1299,-0.29015,-0.0762425,2
497301,flayer8,8.92332,7.67268,-0.216477,-0.207697,2
497302,player,7.63705,1.97577,0.154729,0.151823,1
497302,bullet4,14.8121,1.61082,0.8,0,1
497303,flyer4,7.40477,7.11412,-0.22738,-0.195699,2
497303,bullet1,11.4931,1.48738,0.8,0,1
497303,bullet2,8.10668,2.04409,0.8,0,1
497304,bullet5,11.5244,1.48681,0.8,0,1
497305,flyer5,0.541755,10.7487,-0.29015,-0.0762425,2
497305,bullet3,8.15211,2.08867,0.8,0,1
497306,flayer8,7.84094,6.6342,-0.216477,-0.207697,2
497307,player,7.76131,2.09769,0.00285519,0.00280156,1
497308,flyer4,6.26787,6.13562,-0.22738,-0.195699,2
497308,bullet1,15.4931,1.48738,0.8,0,1
497308,bullet2,12.1067,2.04409,0.8,0,1
497309,bullet5,15.5244,1.48681,0.8,0,1
497310,bullet3,12.1521,2.08867,0.8,0,1
497311,flayer8,6.75856,5.59571,-0.216477,-0.207697,2
497312,player,8.25298,1.00825,0.151928,-0.165663,1
497313,flyer4,5.13097,5.15712,-0.22738,-0.195699,2
497313,bullet2,16.1067,2.04409,0.8,0,1
497313,bullet6,8.72134,0.933706,0.8,0,1
497315,bullet3,16.1521,2.08867,0.8,0,1
497316,flayer8,5.67618,4.55723,-0.216477,-0.207697,2
497316,flyer6,16.5,2.14332,-0.3,0,2
497317,player,7.32789,1.36459,-0.217415,0.148818,1
497318,flyer4,3.99407,4.17863,-0.22738,-0.195699,2
497318,bullet6,12.7213,0.933706,0.8,0,1
497318,bullet4,7.63006,1.43156,0.8,0,1
497319,bullet1,7.58603,1.46169,0.8,0,1
497321,flayer8,4.5938,3.51875,-0.216477,-0.207697,2
497321,flyer6,15,2.14332,-0.3,0,2
497321,bullet5,7.5573,1.48136,0.8,0,1
497322,player,7.15329,1.4841,-0.00401192,0.00274611,1
497323,flyer4,2.85717,3.20013,-0.22738,-0.195699,2
497323,bullet4,11.6301,1.43156,0.8,0,1
497324,bullet1,11.586,1.46169,0.8,0,1
497324,bullet2,7.55067,1.48589,0.8,0,1
497325,bullet3,7.55031,1.48614,0.8,0,1
497326,flayer8,3.51141,2.48027,-0.216477,-0.207697,2
497326,flyer6,13.5,2.14332,-0.3,0,0
497326,bullet5,11.5573,1.48136,0.8,0,1
497327,player,7.15007,1.48631,-7.40313e-05,5.06735e-05,1
497328,flyer4,1.72026,2.22164,-0.22738,-0.195699,2
497328,bullet6,7.55004,1.48633,0.8,0,1
497329,bullet2,11.5507,1.48589,0.8,0,1
497330,bullet3,11.5503,1.48614,0.8,0,1
497331,flayer8,2.42903,1.44178,-0.216477,-0.207697,2
497331,bullet5,15.5573,1.48136,0.8,0,1
497332,player,7.15001,1.48635,-1.36608e-06,9.35068e-07,1
497333,flyer4,0.583362,1.24314,-0.22738,-0.195699,2
497333,bullet6,11.55,1.48633,0.8,0,1
497334,bullet2,15.5507,1.48589,0.8,0,1
497335,bullet3,15.5503,1.48614,0.8,0,1
497335,bullet4,7.55001,2.04407,0.8,0,1
497336,flayer8,1.34665,0.403299,-0.216477,-0.207697,2
497337,player,6.66063,1.59929,-0.151875,-0.138035,1
497338,flyer2,16.5,14.9421,-0.3,0,2
497338,bullet6,15.55,1.48633,0.8,0,1
497339,bullet1,6.16153,1.50922,-0.8,-6.99382e-08,1
497340,bullet4,11.55,2.04407,0.8,0,1
497341,flayer7,16.5,2.14332,-0.213634,0.21062,2
497342,player,6.53867,1.48843,-0.00280252,-0.00254714,1
497343,flyer2,15,14.9421,-0.3,0,2
497344,bullet1,2.16153,1.50922,-0.8,-6.99382e-08,1
497345,bullet4,15.55,2.04407,0.8,0,1
497346,flayer7,15.4318,3.19642,-0.213634,0.21062,2
497346,bullet5,6.83737,2.56428,0.8,0,1
497347,player,6.49182,2.64642,0.0544524,0.0821364,1
497348,flyer2,13.5,14.9421,-0.3,0,2
497348,flyer1,16.5,7.74737,-0.3,0,2
497348,bullet2,6.91633,2.68338,0.8,0,1
497351,flayer7,14.3637,4.24951,-0.213634,0.21062,2
497351,bullet5,10.8374,2.56428,0.8,0,1
497352,player,6.87305,1.78641,0.338505,-0.366739,1
497353,flyer2,12,14.9421,-0.3,0,2
497353,flyer1,15,7.74737,-0.3,0,2
497353,bullet2,10.9163,2.68338,0.8,0,1
497353,bullet3,7.42538,1.62138,0.8,0,1
497356,flayer7,13.2955,5.30261,-0.213634,0.21062,2
497356,bullet5,14.8374,2.56428,0.8,0,1
497357,player,7.21325,1.42354,-0.0772849,0.0767639,1
497358,flyer2,10.5,14.9421,-0.3,0,2
497358,flyer1,13.5,7.74737,-0.3,0,2
497358,bullet2,14.9163,2.68338,0.8,0,1
497358,bullet3,11.4254,1.62138,0.8,0,1
497361,flayer7,12.2273,6.35571,-0.213634,0.21062,2
497362,player,5.65365,2.64522,-0.421109,0.0835999,1
497363,flyer2,9,14.9421,-0.3,0,2
497363,flyer1,12,7.74737,-0.3,0,2
497363,bullet3,15.4254,1.62138,0.8,0,1
497363,bullet6,5.86415,2.68284,0.8,0,1
497365,bullet4,5.7405,2.70739,0.8,0,1
497366,flayer7,11.1592,7.40881,-0.213634,0.21062,2
497366,bullet1,5.72323,2.71082,0.8,0,1
497367,player,5.31546,2.71236,-0.00777065,0.00154265,1
497368,flyer2,7.5,14.9421,-0.3,0,2
497368,flyer1,10.5,7.74737,-0.3,0,2
497368,bullet6,9.86415,2.68284,0.8,0,1
497368,bullet5,5.71197,2.71305,0.8,0,1
497370,bullet4,9.7405,2.70739,0.8,0,1
497371,flayer7,10.091,8.4619,-0.213634,0.21062,2
497371,bullet1,9.72324,2.71082,0.8,0,1
497372,player,5.52944,2.15588,-0.2693,-0.0683153,1
497373,flyer2,5.99999,14.9421,-0.3,0,2
497373,flyer1,9,7.74737,-0.3,0,2
497373,bullet6,13.8642,2.68284,0.8,0,1
497373,bullet5,9.71197,2.71305,0.8,0,1
497375,bullet4,13.7405,2.70739,0.8,0,1
497376,flayer7,9.02282,9.515,-0.213634,0.21062,2
497376,bullet1,13.7232,2.71082,0.8,0,1
497377,player,4.15314,2.70333,-0.0871527,0.012579,1
497378,flyer2,4.49999,14.9421,-0.3,0,2
497378,flyer1,7.5,7.74737,-0.3,0,2
497378,bullet5,13.712,2.71305,0.8,0,1
497380,bullet2,3.93061,3.2704,0.8,0,1
497381,flayer7,7.95466,10.5681,-0.213634,0.21062,2
497382,player,3.14334,3.31575,-0.352948,0.0140717,1
497383,flyer2,2.99999,14.9421,-0.3,0,2
497383,flyer1,5.99999,7.74737,-0.3,0,2
497383,bullet3,3.38451,3.32208,0.8,0,1
497385,bullet2,7.93061,3.2704,0.8,0,1
497386,flayer7,6.88649,11.6212,-0.213634,0.21062,2
497387,player,2.85989,3.32705,-0.00651288,0.000259663,1
497387,bullet6,3.25989,3.32705,0.8,0,1
497388,flyer2,1.49999,14.9421,-0.3,0,2
497388,flyer1,4.49999,7.74737,-0.3,0,2
497388,bullet3,7.38451,3.32208,0.8,0,1
497389,bullet4,3.25564,3.32722,0.8,0,1
497390,bullet2,11.9306,3.2704,0.8,0,1
497391,flayer7,5.81832,12.6743,-0.213634,0.21062,2
497392,player,2.85466,3.32726,-0.000120181,4.79151e-06,1
497392,bullet6,7.25989,3.32705,0.8,0,1
497393,flyer2,-6.4373e-06,14.9421,-0.3,0,2
497393,flyer1,2.99999,7.74737,-0.3,0,2
497393,bullet3,11.3845,3.32208,0.8,0,1
497394,bullet4,7.25564,3.32722,0.8,0,1
497395,bullet2,15.9306,3.2704,0.8,0,1
497396,flayer7,4.75015,13.7274,-0.213634,0.21062,2
497397,player,2.85456,3.32726,-2.21768e-06,8.84169e-08,1
497397,bullet6,11.2599,3.32705,0.8,0,1
497397,bullet1,3.25456,3.32726,0.8,0,1
497398,flyer1,1.49999,7.74737,-0.3,0,2
497398,bullet3,15.3845,3.32208,0.8,0,1
497399,bullet4,11.2556,3.32722,0.8,0,1
497400,bullet5,2.76519,3.81663,0.8,0,1
497401,flayer7,3.68198,14.7805,-0.213634,0.21062,2
497402,player,2.26609,3.91573,-0.0307547,0.0307547,1
497402,bullet6,15.2599,3.32705,0.8,0,1
497402,bullet1,7.25456,3.32726,0.8,0,1
497403,flyer1,-6.4373e-06,7.74737,-0.3,0,2
497404,bullet4,15.2556,3.32722,0.8,0,1
497405,bullet5,6.76519,3.81663,0.8,0,1
497406,flayer7,2.61381,15.8336,-0.213634,0.21062,2
497406,flyer3,16.5,7.74737,-0.238593,-0.181861,2
497407,player,1.75201,3.94043,-0.152443,0.000567511,1
497407,bullet1,11.2546,3.32726,0.8,0,1
497407,bullet2,2.15201,3.94043,0.8,0,1
497410,bullet5,10.7652,3.81663,0.8,0,1
497411,flyer3,15.307,6.83807,-0.238593,-0.181861,2
497412,player,0.551741,3.35241,-0.185443,-0.0307442,1
497412,bullet1,15.2546,3.32726,0.8,0,1
497412,bullet2,6.15201,3.94043,0.8,0,1
497413,bullet3,0.868292,3.33858,0.8,0,1
497414,bullet6,0.83074,3.33235,0.8,0,1
497415,bullet5,14.7652,3.81663,0.8,0,1
497416,flyer3,14.1141,5.92876,-0.238593,-0.181861,2
497417,player,0.402815,3.32772,-0.00342194,-0.000567317,1
497417,bullet2,10.152,3.94043,0.8,0,1
497418,bullet3,4.86829,3.33858,0.8,0,1
497419,bullet6,4.83074,3.33235,0.8,0,1
497421,flyer3,12.9211,5.01945,-0.238593,-0.181861,2
497421,bullet4,0.8,4.40513,0.8,0,1
497422,player,0.4,4.4873,0,0.0821729,1
497422,bullet2,14.152,3.94043,0.8,0,1
497423,bullet3,8.86829,3.33858,0.8,0,1
497424,bullet6,8.83074,3.33235,0.8,0,1
497425,bullet1,0.8,5.10612,0.8,0,1
497426,flyer3,11.7282,4.11015,-0.238593,-0.181861,1
497426,bullet4,4.8,4.40513,0.8,0,1
497427,player,0.4,5.1556,0,0.0153559,1
497428,bullet5,0.8,5.16251,0.8,0,1
497430,bullet1,4.8,5.10612,0.8,0,1
497431,bullet4,8.8,4.40513,0.8,0,1
497432,player,0.4,5.16793,0,0.00028336,1
497433,flyer5,16.5,7.74737,-0.3,0,2
497433,bullet5,4.8,5.16251,0.8,0,1
497435,bullet1,8.8,5.10612,0.8,0,1
497436,bullet4,12.8,4.40513,0.8,0,1
497437,player,0.988474,6.24601,0.0307547,0.182635,1
497438,flyer5,15,7.74737,-0.3,0,2
497438,bullet5,8.8,5.16251,0.8,0,1
497438,bullet2,1.40231,6.3282,0.8,0,1
497440,bullet1,12.8,5.10612,0.8,0,1
497442,player,1.08152,5.83496,-0.0829637,-0.0649736,1
497443,flyer5,13.5,7.74737,-0.3,0,2
497443,bullet5,12.8,5.16251,0.8,0,1
497443,bullet2,5.40231,6.3282,0.8,0,1
497444,bullet3,1.42738,5.79257,0.8,0,1
497447,player,0.4,6.003,-0.101844,-0.270355,1
497448,flyer5,12,7.74737,-0.3,0,2
497448,flyer6,16.5,7.74737,-0.299431,0.0184667,2
497448,bullet2,9.40231,6.3282,0.8,0,1
497449,bullet3,5.42738,5.79257,0.8,0,1
497451,bullet6,1.28938,5.79087,0.8,0,1
497452,player,0.957719,5.78588,0.0683438,-0.00498881,1
497453,flyer5,10.5,7.74737,-0.3,0,2
497453,flyer6,15.0028,7.83971,-0.299431,0.0184667,2
497453,bullet2,13.4023,6.3282,0.8,0,1
497454,bullet3,9.42738,5.79257,0.8,0,1
497455,bullet4,0.850822,6.33989,0.8,0,1
497456,bullet6,5.28938,5.79087,0.8,0,1
497457,player,0.4,6.72169,-0,0.351248,1
497458,flyer5,9,7.74737,-0.3,0,2
497458,flyer6,13.5057,7.93204,-0.299431,0.0184667,2
497458,bullet1,0.8,6.87975,0.8,0,1
497459,bullet3,13.4274,5.79257,0.8,0,1
497460,bullet4,4.85082,6.33989,0.8,0,1
497461,bullet6,9.28938,5.79087,0.8,0,1
497462,player,0.4,7.00377,0,0.00648151,1
497463,flyer5,7.5,7.74737,-0.3,0,2
497463,flyer6,12.0085,8.02437,-0.299431,0.0184667,2
497463,bullet1,4.8,6.87975,0.8,0,1
497465,bullet4,8.85082,6.33989,0.8,0,1
497465,bullet5,0.8,7.56631,0.8,0,1
497466,bullet6,13.2894,5.79087,0.8,0,1
497467,player,0.4,7.61129,0,0.0139592,1
497468,flyer5,5.99999,7.74737,-0.3,0,1
497468,flyer6,10.5114,8.11671,-0.299431,0.0184667,2
497470,bullet4,12.8508,6.33989,0.8,0,1
497472,player,0.7375,7.285,0.3375,-0.337242,1
497473,flyer6,9.01423,8.20904,-0.299431,0.0184667,2
497475,flyer4,16.5,7.74737,-0.280548,0.106269,2
497475,bullet2,1.87785,7.03422,0.8,0,1
497477,player,1.59701,6.67667,0.0369825,-0.343723,1
497477,flayer8,16.5,8.6709,-0.3,0,2
497478,flyer6,7.51707,8.30138,-0.299431,0.0184667,2
497478,bullet3,2.01366,6.52199,0.8,0,1
497480,flyer4,15.0973,8.27872,-0.280548,0.106269,2
497480,bullet2,5.87785,7.03422,0.8,0,1
497482,player,1.069,5.84291,-0.0676613,-0.0746864,1
497482,flayer8,15,8.6709,-0.3,0,2
497482,bullet1,1.469,5.84291,0.8,0,1
497483,flyer6,6.01992,8.39371,-0.299431,0.0184667,2
497483,bullet3,6.01366,6.52199,0.8,0,1
497485,flyer4,13.6945,8.81006,-0.280548,0.106269,2
497485,bullet2,9.87785,7.03422,0.8,0,1
497487,player,1.57238,5.22521,0.0670952,-0.0697219,1
497487,flayer8,13.5,8.6709,-0.3,0,2
497487,bullet1,5.469,5.84291,0.8,0,1
497488,flyer6,4.52276,8.48605,-0.299431,0.0184667,2
497488,bullet3,10.0137,6.52199,0.8,0,1
497488,bullet6,2.00257,5.19384,0.8,0,1
497490,flyer4,12.2918,9.34141,-0.280548,0.106269,2
497490,bullet2,13.8779,7.03422,0.8,0,1
497492,player,1.62626,5.16922,0.0012381,-0.00128657,1
497492,flayer8,12,8.6709,-0.3,0,2
497492,bullet1,9.469,5.84291,0.8,0,1
497493,flyer6,3.0256,8.57838,-0.299431,0.0184667,2
497493,bullet3,14.0137,6.52199,0.8,0,1
497493,bullet6,6.00257,5.19384,0.8,0,1
497494,bullet5,2.02707,5.16838,0.8,0,1
497495,flyer4,10.889,9.87275,-0.280548,0.106269,2
497497,player,1.62725,5.72591,2.28463e-05,0.06832,1
497497,flayer8,10.5,8.6709,-0.3,0,2
497497,bullet1,13.469,5.84291,0.8,0,1
497497,bullet4,2.02725,5.72591,0.8,0,1
497498,flyer6,1.52845,8.67072,-0.299431,0.0184667,2
497498,bullet6,10.0026,5.19384,0.8,0,1
497499,bullet5,6.02707,5.16838,0.8,0,1
497500,flyer4,9.4863,10.4041,-0.280548,0.106269,2
497502,player,2.7873,5.22305,0.0821838,-0.0670831,1
497502,flayer8,9,8.6709,-0.3,0,2
497502,bullet4,6.02725,5.72591,0.8,0,1
497502,bullet2,3.1873,5.22305,0.8,0,1
497503,flyer6,0.0312938,8.76305,-0.299431,0.0184667,2
497503,bullet6,14.0026,5.19384,0.8,0,1
497504,bullet5,10.0271,5.16838,0.8,0,1
497505,flyer4,8.08356,10.9354,-0.280548,0.106269,2
497507,player,2.26483,5.75765,-0.0292382,0.0295168,1
497507,flayer8,7.5,8.6709,-0.3,0,2
497507,bullet4,10.0273,5.72591,0.8,0,1
497507,bullet2,7.1873,5.22305,0.8,0,1
497507,bullet3,2.66483,5.75765,0.8,0,1
497509,bullet5,14.0271,5.16838,0.8,0,1
497510,flyer4,6.68082,11.4668,-0.280548,0.106269,2
497512,player,2.57885,5.78136,0.33696,0.000544668,1
497512,flayer8,5.99999,8.6709,-0.3,0,2
497512,bullet4,14.0273,5.72591,0.8,0,1
497512,bullet2,11.1873,5.22305,0.8,0,1
497512,bullet3,6.66483,5.75765,0.8,0,1
497515,flyer4,5.27808,11.9981,-0.280548,0.106269,2
497517,player,2.88021,6.37027,-0.0313712,0.0307647,1
497517,flayer8,4.49999,8.6709,-0.3,0,2
497517,bullet2,15.1873,5.22305,0.8,0,1
497517,bullet3,10.6648,5.75765,0.8,0,1
497517,bullet1,3.28021,6.37027,0.8,0,1
497520,flyer4,3.87534,12.5295,-0.280548,0.106269,2
497521,bullet6,3.2556,5.80594,0.8,0,1
