219743,player,12.3523,6.92078,0,0,1
219743,bullet1,11.9523,6.92078,-0.8,-6.99382e-08,1
219744,bullet2,12.7523,6.92078,0.8,0,1
219746,bullet3,13.2417,6.43141,0.8,0,1
219748,player,13.4302,6.33231,0.18263,-0.0307547,1
219748,bullet1,7.95233,6.92078,-0.8,-6.99382e-08,1
219748,bullet4,13.8302,6.33231,0.8,0,1
219749,bullet5,13.9124,6.31847,0.8,0,1
219751,bullet6,13.966,6.79882,0.8,0,1
219753,player,13.0875,6.40671,-0.148505,-0.121688,1
219753,bullet1,3.95233,6.92078,-0.8,-6.99382e-08,1
219755,bullet2,13.3906,5.83793,0.8,0,1
219756,bullet3,13.377,5.7585,0.8,0,1
219757,bullet4,13.371,5.72276,0.8,0,1
219758,player,12.6307,5.70667,-0.34024,-0.0160851,1
219758,bullet1,-0.047671,6.92078,-0.8,-6.99382e-08,1
219759,bullet5,12.8776,5.69943,0.8,0,1
219762,bullet6,11.4744,6.18342,-0.8,-6.99382e-08,1
219763,player,12.1373,6.58897,0.262878,0.405547,1
219764,bullet1,12.6556,6.77147,0.8,0,1
219766,bullet2,12.2434,7.37992,0.8,0,1
219767,bullet6,7.47438,6.18342,-0.8,-6.99382e-08,1
219767,bullet3,12.1858,7.4649,0.8,0,1
219768,player,11.7599,7.50313,-0.0259039,0.0382382,1
219770,bullet4,12.6324,7.03871,0.8,0,1
219771,bullet2,16.2434,7.37992,0.8,0,1
219772,flyer1,16.5,12.4318,-0.2935,-0.0621106,2
219772,bullet6,3.47438,6.18342,-0.8,-6.99382e-08,1
219772,bullet3,16.1858,7.4649,0.8,0,1
219772,bullet5,11.4387,7.43404,-0.8,-6.99382e-08,1
219773,player,11.7837,7.15175,-0.0549821,-0.28229,1
219777,flyer1,15.0325,12.1212,-0.2935,-0.0621106,2
219777,flyer2,16.5,12.4318,-0.261106,0.147728,2
219777,bullet5,7.43867,7.43404,-0.8,-6.99382e-08,1
219778,player,11.6949,7.67923,0.0534896,-0.176994,1
219779,bullet1,12.119,7.59959,0.8,0,1
219780,bullet2,12.1298,7.56375,0.8,0,1
219782,flyer1,13.565,11.8107,-0.2935,-0.0621106,2
219782,flyer2,15.1945,13.1704,-0.261106,0.147728,2
219782,bullet5,3.43867,7.43404,-0.8,-6.99382e-08,1
219782,bullet3,11.6475,8.02973,0.8,0,1
219783,player,11.1802,8.09481,-0.0673567,0.0650777,1
219784,bullet1,16.119,7.59959,0.8,0,1
219785,bullet2,16.1298,7.56375,0.8,0,1
219787,flyer1,12.0975,11.5001,-0.2935,-0.0621106,2
219787,flyer2,13.8889,13.9091,-0.261106,0.147728,2
219787,flyer3,16.5,12.4318,-0.3,0,2
219787,bullet3,15.6475,8.02973,0.8,0,1
219788,player,10.606,8.06489,-0.115529,0.101647,1
219788,flyer4,16.5,12.4318,-0.3,0,2
219788,bullet4,10.206,8.06489,-0.8,-6.99382e-08,1
219789,bullet6,10.954,8.11063,0.8,0,1
219791,bullet1,10.92,8.62985,0.8,0,1
219792,flyer1,10.63,11.1896,-0.2935,-0.0621106,2
219792,flyer2,12.5834,14.6477,-0.261106,0.147728,2
219792,flyer3,15,12.4318,-0.3,0,2
219793,player,10.5132,8.24562,-0.00213183,-0.119245,1
219793,flyer4,15,12.4318,-0.3,0,2
219793,bullet4,6.20595,8.06489,-0.8,-6.99382e-08,1
219793,bullet2,10.9132,8.24562,0.8,0,1
219794,bullet6,14.954,8.11063,0.8,0,1
219796,bullet1,14.92,8.62985,0.8,0,1
219796,bullet5,10.3539,8.71467,0.8,0,1
219797,flyer1,9.1625,10.879,-0.2935,-0.0621106,2
219797,flyer2,11.2779,15.3864,-0.261106,0.147728,2
219797,flyer3,13.5,12.4318,-0.3,0,2
219798,player,9.90915,8.2628,-0.0138789,-0.140236,1
219798,flyer4,13.5,12.4318,-0.3,0,2
219798,bullet4,2.20595,8.06489,-0.8,-6.99382e-08,1
219798,bullet2,14.9132,8.24562,0.8,0,1
219798,bullet3,10.3091,8.2628,0.8,0,1
219801,bullet5,14.3539,8.71467,0.8,0,1
219801,bullet6,10.2988,8.64789,0.8,0,1
219802,flyer1,7.695,10.5685,-0.2935,-0.0621106,2
219802,flyer2,9.97236,16.125,-0.261106,0.147728,2
219802,flyer3,12,12.4318,-0.3,0,2
219803,player,9.07113,9.07614,-0.489631,0.365667,1
219803,flyer4,12,12.4318,-0.3,0,2
219803,bullet3,14.3092,8.2628,0.8,0,1
219804,bullet1,9.25079,9.24069,0.8,0,1
219806,bullet6,14.2988,8.64789,0.8,0,1
219806,bullet2,9.5964,9.83744,0.8,0,1
219807,flyer1,6.2275,10.2579,-0.2935,-0.0621106,2
219807,flyer3,10.5,12.4318,-0.3,0,2
219807,bullet4,9.64467,9.92078,0.8,0,1
219808,player,9.60389,9.95828,0.35922,0.0375023,1
219808,flyer4,10.5,12.4318,-0.3,0,2
219809,bullet1,13.2508,9.24069,0.8,0,1
219811,bullet2,13.5964,9.83744,0.8,0,1
219811,bullet5,9.71329,9.91782,0.8,0,1
219812,flyer1,4.76,9.94737,-0.2935,-0.0621106,2
219812,flyer3,9,12.4318,-0.3,0,2
219812,bullet4,13.6447,9.92078,0.8,0,1
219813,player,8.46319,9.48518,-0.496586,-0.134268,1
219813,flyer4,9,12.4318,-0.3,0,2
219815,bullet3,9.02854,9.88694,0.8,0,1
219816,bullet5,13.7133,9.91782,0.8,0,1
219817,flyer1,3.2925,9.63681,-0.2935,-0.0621106,2
219817,flyer3,7.5,12.4318,-0.3,0,2
219818,player,7.2821,10.1999,-0.553043,-0.257794,1
219818,flyer4,7.5,12.4318,-0.3,0,2
219820,bullet3,13.0285,9.88694,0.8,0,1
219821,bullet6,6.71313,10.5659,0.8,0,1
219822,flyer1,1.825,9.32626,-0.2935,-0.0621106,2
219822,flyer3,5.99999,12.4318,-0.3,0,2
219823,player,6.23565,10.5952,-0.0240448,0.00908258,1
219823,flyer4,5.99999,12.4318,-0.3,0,2
219823,bullet1,6.63565,10.5952,0.8,0,1
219826,bullet6,10.7131,10.5659,0.8,0,1
219827,flyer1,0.357501,9.0157,-0.2935,-0.0621106,2
219827,flyer3,4.49999,12.4318,-0.3,0,2
219828,player,5.65862,10.0447,-0.0687874,-0.0681762,1
219828,flyer4,4.49999,12.4318,-0.3,0,2
219828,bullet1,10.6357,10.5952,0.8,0,1
219828,bullet2,6.05862,10.0447,0.8,0,1
219829,bullet4,6.02767,10.0141,0.8,0,1
219831,bullet6,14.7131,10.5659,0.8,0,1
219832,flyer3,2.99999,12.4318,-0.3,0,2
219833,player,5.60338,9.65249,-0.00126932,-0.338758,1
219833,flyer4,2.99999,12.4318,-0.3,0,2
219833,bullet1,14.6357,10.5952,0.8,0,1
219833,bullet2,10.0586,10.0447,0.8,0,1
219834,bullet4,10.0277,10.0141,0.8,0,1
219835,bullet5,6.00255,9.43145,0.8,0,1
219836,bullet3,6.00244,9.40058,0.8,0,1
219837,flyer3,1.49999,12.4318,-0.3,0,2
219838,player,5.60236,9.38044,-2.34226e-05,-0.00625104,1
219838,flyer4,1.49999,12.4318,-0.3,0,2
219838,bullet2,14.0586,10.0447,0.8,0,1
219839,bullet4,14.0277,10.0141,0.8,0,1
219840,bullet5,10.0026,9.43145,0.8,0,1
219841,bullet3,10.0024,9.40058,0.8,0,1
219841,bullet6,6.00235,8.81807,0.8,0,1
219842,flyer3,-6.4373e-06,12.4318,-0.3,0,2
219843,player,5.93984,8.77311,0.3375,-0.013955,1
219843,flyer4,-6.4373e-06,12.4318,-0.3,0,2
219844,bullet1,6.49172,8.76683,0.8,0,1
219845,bullet5,14.0026,9.43145,0.8,0,1
219846,bullet3,14.0024,9.40058,0.8,0,1
219846,bullet6,10.0023,8.81807,0.8,0,1
219848,player,5.87338,8.7619,-0.331272,-0.000257508,1
219848,flyer5,16.5,6.67285,-0.3,0,2
219849,flyer6,16.5,0.501021,-0.281554,0.103574,2
219849,bullet1,10.4917,8.76683,0.8,0,1
219851,bullet6,14.0023,8.81807,0.8,0,1
219853,player,5.04963,9.92172,-0.0744567,0.0821786,1
219853,flyer5,15,6.67285,-0.3,0,2
219853,bullet2,5.44963,9.92172,0.8,0,1
219854,flyer6,15.0922,1.01889,-0.281554,0.103574,2
219854,bullet1,14.4917,8.76683,0.8,0,1
219857,flayer7,16.5,0.501021,-0.271029,-0.12862,2
219858,player,5.92965,8.49019,0.349966,-0.418167,1
219858,flyer5,13.5,6.67285,-0.3,0,2
219858,bullet2,9.44963,9.92172,0.8,0,1
219859,flyer6,13.6845,1.53676,-0.281554,0.103574,2
219861,bullet4,7.14761,8.73695,0.8,0,1
219862,flayer7,15.1449,-0.14208,-0.271029,-0.12862,2
219863,player,6.81301,8.75668,0.0202975,0.00612325,1
219863,flyer5,12,6.67285,-0.3,0,2
219863,bullet2,13.4496,9.92172,0.8,0,1
219863,bullet5,7.21301,8.75668,0.8,0,1
219864,flyer6,12.2767,2.05463,-0.281554,0.103574,2
219866,bullet4,11.1476,8.73695,0.8,0,1
219866,bullet3,6.67039,8.20352,0.8,0,1
219868,player,6.227,8.15929,-0.0134651,-0.0137266,1
219868,flyer5,10.5,6.67285,-0.3,0,2
219868,bullet5,11.213,8.75668,0.8,0,1
219868,bullet6,6.627,8.15929,0.8,0,1
219869,flyer6,10.8689,2.57251,-0.281554,0.103574,2
219871,bullet4,15.1476,8.73695,0.8,0,1
219871,bullet3,10.6704,8.20352,0.8,0,1
219873,player,5.62771,8.17902,-0.0310032,-0.0378424,1
219873,flyer5,9,6.67285,-0.3,0,2
219873,bullet5,15.213,8.75668,0.8,0,1
219873,bullet6,10.627,8.15929,0.8,0,1
219873,bullet1,6.02771,8.17902,0.8,0,1
219874,flyer6,9.46117,3.09038,-0.281554,0.103574,2
219875,bullet2,5.20748,8.15433,-0.8,-6.99382e-08,1
219876,bullet3,14.6704,8.20352,0.8,0,1
219878,player,5.60281,8.14863,-0.000572096,-0.000698298,1
219878,flyer5,7.5,6.67285,-0.3,0,2
219878,bullet6,14.627,8.15929,0.8,0,1
219878,bullet1,10.0277,8.17902,0.8,0,1
219879,flyer6,8.0534,3.60825,-0.281554,0.103574,2
219880,bullet2,1.20748,8.15433,-0.8,-6.99382e-08,1
219881,bullet4,6.00238,8.63749,0.8,0,1
219883,player,5.60235,8.73654,-1.05568e-05,0.0307418,1
219883,flyer5,5.99999,6.67285,-0.3,0,2
219883,bullet1,14.0277,8.17902,0.8,0,1
219883,bullet5,6.00235,8.73654,0.8,0,1
219884,flyer6,6.64564,4.12612,-0.281554,0.103574,2
219885,bullet3,6.00234,8.7566,0.8,0,1
219886,bullet4,10.0024,8.63749,0.8,0,1
219887,bullet6,6.00234,8.76066,0.8,0,1
219888,player,5.60234,8.76123,-1.94802e-07,0.000567273,1
219888,flyer5,4.49999,6.67285,-0.3,0,2
219888,bullet5,10.0024,8.73654,0.8,0,1
219889,flyer6,5.23787,4.64399,-0.281554,0.103574,2
219890,bullet3,10.0023,8.7566,0.8,0,1
219891,bullet4,14.0024,8.63749,0.8,0,1
219892,bullet6,10.0023,8.76066,0.8,0,1
219893,player,5.60234,8.76169,-3.59465e-09,1.04678e-05,1
219893,flyer5,2.99999,6.67285,-0.3,0,2
219893,bullet5,14.0024,8.73654,0.8,0,1
219894,flyer6,3.8301,5.16186,-0.281554,0.103574,2
219895,bullet3,14.0023,8.7566,0.8,0,1
219895,bullet2,6.00234,8.76169,0.8,0,1
219897,bullet6,14.0023,8.76066,0.8,0,1
219898,player,5.60234,8.60982,-6.63313e-11,0.185625,1
219898,flyer5,1.49999,6.67285,-0.3,0,2
219899,flyer6,2.42234,5.67973,-0.281554,0.103574,2
219900,flayer8,16.5,0.501021,-0.3,0,2
219900,bullet2,10.0023,8.76169,0.8,0,1
219900,bullet1,5.20234,8.73094,-0.8,-6.99382e-08,1
219903,player,5.04462,9.31662,-0.0683438,0.0717691,1
219903,flyer5,-6.4373e-06,6.67285,-0.3,0,2
219904,flyer6,1.01457,6.19761,-0.281554,0.103574,2
219904,bullet4,5.41387,9.34891,0.8,0,1
219905,flayer8,15,0.501021,-0.3,0,2
219905,bullet2,14.0023,8.76169,0.8,0,1
219905,bullet1,1.20234,8.73094,-0.8,-6.99382e-08,1
219907,bullet5,4.83328,9.37293,0.8,0,1
219908,player,4.06377,9.71175,-0.369516,0.338824,1
219909,flyer6,-0.3932,6.71548,-0.281554,0.103574,2
219909,bullet4,9.41387,9.34891,0.8,0,1
219910,flayer8,13.5,0.501021,-0.3,0,2
219910,flyer2,16.5,7.10191,-0.3,0,2
219912,bullet5,8.83328,9.37293,0.8,0,1
219912,bullet3,4.17383,9.9776,0.8,0,1
219913,player,3.76701,9.98385,-0.00681861,0.00625226,1
219914,bullet4,13.4139,9.34891,0.8,0,1
219915,flayer8,12,0.501021,-0.3,0,2
219915,flyer2,15,7.10191,-0.3,0,2
219917,bullet5,12.8333,9.37293,0.8,0,1
219917,bullet3,8.17383,9.9776,0.8,0,1
219918,player,4.36385,10.2537,0.0137138,-0.323545,1
219920,flayer8,10.5,0.501021,-0.3,0,2
219920,flyer2,13.5,7.10191,-0.3,0,2
219921,bullet6,5.33177,10.0131,0.8,0,1
219922,bullet3,12.1738,9.9776,0.8,0,1
219922,bullet2,5.36308,9.99982,0.8,0,1
219923,player,4.97718,9.99385,0.0140927,-0.00597032,1
219925,flayer8,9,0.501021,-0.3,0,2
219925,flyer2,12,7.10191,-0.3,0,2
219926,bullet6,9.33177,10.0131,0.8,0,1
219927,bullet3,16.1738,9.9776,0.8,0,1
219927,bullet2,9.36308,9.99982,0.8,0,1
219928,player,4.73752,9.68232,0.307005,-0.375199,1
219929,bullet1,5.27567,9.51348,0.8,0,1
219930,flayer8,7.5,0.501021,-0.3,0,2
219930,flyer2,10.5,7.10191,-0.3,0,2
219931,bullet6,13.3318,10.0131,0.8,0,1
219932,bullet2,13.3631,9.99982,0.8,0,1
219933,player,3.93698,8.89163,-0.214554,-0.158798,1
219934,bullet1,9.27567,9.51348,0.8,0,1
219935,flayer8,5.99999,0.501021,-0.3,0,2
219935,flyer2,9,7.10191,-0.3,0,2
219935,bullet4,4.19698,8.78801,0.8,0,1
219938,player,4.65989,8.7641,0.401885,-0.00293028,1
219939,bullet1,13.2757,9.51348,0.8,0,1
219940,flayer8,4.49999,0.501021,-0.3,0,2
219940,flyer2,7.5,7.10191,-0.3,0,2
219940,bullet4,8.19698,8.78801,0.8,0,1
219941,bullet5,5.35874,8.76191,0.8,0,1
219943,player,4.98264,9.09924,0.0074159,0.337446,1
219945,flayer8,2.99999,0.501021,-0.3,0,2
219945,flyer2,5.99999,7.10191,-0.3,0,2
219945,bullet4,12.197,8.78801,0.8,0,1
219946,bullet5,9.35874,8.76191,0.8,0,1
219948,player,6.13479,8.81252,0.0992353,-0.0621169,1
219948,bullet3,6.53479,8.81252,0.8,0,1
219950,flayer8,1.49999,0.501021,-0.3,0,2
219950,flyer2,4.49999,7.10191,-0.3,0,2
219950,bullet4,16.197,8.78801,0.8,0,1
219951,bullet5,13.3587,8.76191,0.8,0,1
219952,bullet6,6.61265,8.1753,0.8,0,1
219953,player,5.87698,8.49782,-0.335669,0.322514,1
219953,bullet3,10.5348,8.81252,0.8,0,1
219955,flayer8,-6.4373e-06,0.501021,-0.3,0,2
219955,flyer2,2.99999,7.10191,-0.3,0,2
219955,bullet2,6.05796,8.70825,0.8,0,1
219956,bullet1,6.02737,8.73764,0.8,0,1
219957,bullet6,10.6127,8.1753,0.8,0,1
219958,player,5.60741,8.75682,-0.00619403,0.00595129,1
219958,bullet3,14.5348,8.81252,0.8,0,1
219960,flyer2,1.49999,7.10191,-0.3,0,2
219960,bullet2,10.058,8.70825,0.8,0,1
219961,bullet1,10.0274,8.73764,0.8,0,1
219962,bullet6,14.6127,8.1753,0.8,0,1
219962,bullet4,5.41408,9.34996,0.8,0,1
219963,player,5.00012,9.36391,-0.0139539,0.0139494,1
219965,flyer2,-6.4373e-06,7.10191,-0.3,0,2
219965,bullet2,14.058,8.70825,0.8,0,1
219966,bullet1,14.0274,8.73764,0.8,0,1
219966,bullet5,5.87912,9.37428,0.8,0,1
219967,bullet4,9.41408,9.34996,0.8,0,1
219968,player,5.91489,9.71261,0.367997,0.337757,1
219968,flyer1,16.5,7.10191,-0.3,0,2
219969,flyer3,16.5,7.10191,-0.3,0,2
219971,bullet5,9.87912,9.37428,0.8,0,1
219972,bullet4,13.4141,9.34996,0.8,0,1
219972,bullet3,6.04592,10.5353,0.8,0,1
219973,player,5.62195,10.2348,-0.0239641,-0.300513,1
219973,flyer1,15,7.10191,-0.3,0,2
219974,flyer3,15,7.10191,-0.3,0,2
219976,bullet5,13.8791,9.37428,0.8,0,1
219976,bullet6,5.51476,10.5007,0.8,0,1
219977,bullet3,10.0459,10.5353,0.8,0,1
219978,player,4.67673,10.2445,-0.368697,-0.312291,1
219978,flyer1,13.5,7.10191,-0.3,0,2
219979,flyer3,13.5,7.10191,-0.3,0,2
219981,bullet6,9.51476,10.5007,0.8,0,1
219981,bullet2,4.24484,10.0122,0.8,0,1
219982,bullet3,14.0459,10.5353,0.8,0,1
219982,bullet1,4.19897,9.99944,0.8,0,1
219983,player,3.77833,9.99367,-0.0206431,-0.00576264,1
219983,flyer1,12,7.10191,-0.3,0,2
219984,flyer3,12,7.10191,-0.3,0,2
219985,bullet4,3.36486,9.98991,-0.8,-6.99382e-08,1
219986,bullet6,13.5148,10.5007,0.8,0,1
219986,bullet2,8.24484,10.0122,0.8,0,1
219987,bullet1,8.19897,9.99944,0.8,0,1
219988,player,3.20403,9.09383,-0.0687247,-0.40595,1
219988,flyer1,10.5,7.10191,-0.3,0,2
219989,flyer3,10.5,7.10191,-0.3,0,2
219991,bullet2,12.2448,10.0122,0.8,0,1
219992,bullet1,12.199,9.99944,0.8,0,1
219993,player,3.14884,8.65488,-0.00126816,0.130544,1
219993,flyer1,9,7.10191,-0.3,0,2
219993,bullet5,3.54884,8.65488,0.8,0,1
219994,flyer3,9,7.10191,-0.3,0,2
219996,bullet2,16.2448,10.0122,0.8,0,1
219997,bullet1,16.199,9.99944,0.8,0,1
219998,player,3.11706,8.79047,0.0375657,-0.0351801,1
219998,flyer1,7.5,7.10191,-0.3,0,2
219998,flyer4,16.5,7.10191,-0.298369,0.0312365,2
219998,bullet5,7.54884,8.65488,0.8,0,1
219998,bullet3,3.51706,8.79047,0.8,0,1
219999,flyer3,7.5,7.10191,-0.3,0,2
220002,bullet6,2.98882,9.32059,0.8,0,1
220003,player,2.89626,9.01319,0.307438,-0.307394,1
220003,flyer1,5.99999,7.10191,-0.3,0,2
220003,flyer4,15.0082,7.2581,-0.298369,0.0312365,2
220003,bullet5,11.5488,8.65488,0.8,0,1
220003,bullet3,7.51707,8.79047,0.8,0,1
220004,flyer3,5.99999,7.10191,-0.3,0,2
220007,bullet6,6.98882,9.32059,0.8,0,1
220007,bullet4,2.97977,8.772,0.8,0,1
220008,player,2.55469,8.76633,-0.0250816,-0.00567229,1
220008,flyer1,4.49999,7.10191,-0.3,0,2
220008,flyer4,13.5163,7.41428,-0.298369,0.0312365,2
220008,bullet5,15.5488,8.65488,0.8,0,1
220008,bullet3,11.5171,8.79047,0.8,0,1
220009,flyer3,4.49999,7.10191,-0.3,0,2
220012,bullet6,10.9888,9.32059,0.8,0,1
220012,bullet4,6.97977,8.772,0.8,0,1
220013,player,4.5522,9.23731,0.533507,0.168685,1
220013,flyer1,2.99999,7.10191,-0.3,0,2
220013,flyer4,12.0245,7.57046,-0.298369,0.0312365,2
220013,bullet3,15.5171,8.79047,0.8,0,1
220014,flyer3,2.99999,7.10191,-0.3,0,2
220017,bullet6,14.9888,9.32059,0.8,0,1
220017,bullet4,10.9798,8.772,0.8,0,1
220018,player,5.049,8.8834,-0.0736866,-0.148762,1
220018,flyer1,1.49999,7.10191,-0.3,0,2
220018,flyer4,10.5326,7.72664,-0.298369,0.0312365,2
220019,flyer3,1.49999,7.10191,-0.3,0,2
220019,bullet2,5.41584,8.81646,0.8,0,1
220020,bullet1,5.40092,8.78634,0.8,0,1
220022,bullet4,14.9798,8.772,0.8,0,1
220022,bullet5,5.39118,8.76668,0.8,0,1
220023,player,4.98982,8.76393,-0.00135972,-0.00274508,1
220023,flyer1,-6.4373e-06,7.10191,-0.3,0,2
220023,flyer4,9.04077,7.88283,-0.298369,0.0312365,2
220024,flyer3,-6.4373e-06,7.10191,-0.3,0,2
220024,bullet2,9.41584,8.81646,0.8,0,1
220026,bullet3,5.38881,8.76189,0.8,0,1
220027,bullet6,5.38876,8.76177,0.8,0,1
220028,player,4.98873,8.76172,-2.50907e-05,-5.06545e-05,1
220029,bullet2,13.4158,8.81646,0.8,0,1
220031,flayer7,16.5,6.32266,-0.288271,0.0830668,2
220031,bullet3,9.38881,8.76189,0.8,0,1
220032,bullet6,9.38876,8.76177,0.8,0,1
220033,player,5.12675,8.86078,-0.16871,-0.121121,1
220033,flyer5,16.5,14.5256,-0.296896,-0.0430445,2
220036,flayer7,15.0586,6.73799,-0.288271,0.0830668,2
220036,bullet3,13.3888,8.76189,0.8,0,1
220036,bullet4,4.11191,9.26009,-0.8,-6.99382e-08,1
220037,bullet6,13.3888,8.76177,0.8,0,1
220038,player,4.40278,9.35199,-0.0338679,0.0285197,1
220038,flyer5,15.0155,14.3103,-0.296896,-0.0430445,2
220040,bullet1,4.29131,9.37059,0.8,0,1
220041,flayer7,13.6173,7.15333,-0.288271,0.0830668,2
220041,bullet4,0.111912,9.26009,-0.8,-6.99382e-08,1
220042,flyer6,16.5,14.5256,-0.3,0,2
220043,player,3.28389,9.86426,-0.16634,0.152401,1
220043,flyer5,13.531,14.0951,-0.296896,-0.0430445,2
220043,bullet5,3.68389,9.86426,0.8,0,1
220045,bullet1,8.29131,9.37059,0.8,0,1
220045,bullet2,3.57536,9.9637,0.8,0,1
220046,flayer7,12.1759,7.56866,-0.288271,0.0830668,2
220046,bullet3,3.5602,9.97759,0.8,0,1
220047,flyer6,15,14.5256,-0.3,0,2
220048,player,3.15031,9.98665,-0.00306943,0.00281223,1
220048,flyer5,12.0466,13.8799,-0.296896,-0.0430445,2
220048,bullet5,7.68389,9.86426,0.8,0,1
220050,bullet1,12.2913,9.37059,0.8,0,1
220050,bullet2,7.57536,9.9637,0.8,0,1
220051,flayer7,10.7346,7.984,-0.288271,0.0830668,2
220051,bullet3,7.5602,9.97759,0.8,0,1
220052,flyer6,13.5,14.5256,-0.3,0,2
220053,player,3.29972,9.40044,-0.185682,-0.0307028,1
220053,flyer5,10.5621,13.6647,-0.296896,-0.0430445,2
220053,bullet5,11.6839,9.86426,0.8,0,1
220055,bullet1,16.2913,9.37059,0.8,0,1
220055,bullet2,11.5754,9.9637,0.8,0,1
220056,flayer7,9.29323,8.39933,-0.288271,0.0830668,2
220056,bullet3,11.5602,9.97759,0.8,0,1
220056,bullet6,3.56164,9.37761,0.8,0,1
220057,flyer6,12,14.5256,-0.3,0,2
220058,player,3.63998,8.8864,0.148449,-0.152442,1
220058,flyer5,9.0776,13.4495,-0.296896,-0.0430445,2
220058,bullet5,15.6839,9.86426,0.8,0,1
220059,bullet4,4.10678,8.8178,0.8,0,1
220060,bullet2,15.5754,9.9637,0.8,0,1
220061,flayer7,7.85187,8.81466,-0.288271,0.0830668,1
220061,bullet3,15.5602,9.97759,0.8,0,1
220062,flyer6,10.5,14.5256,-0.3,0,2
220063,player,4.24857,8.1755,0.154614,-0.0335677,1
220063,flyer5,7.59312,13.2342,-0.296896,-0.0430445,2
220066,bullet1,5.32126,8.70826,0.8,0,1
220067,flyer6,9,14.5256,-0.3,0,2
220068,player,4.48567,8.75086,-0.135182,0.0132202,1
220068,flyer5,6.10864,13.019,-0.296896,-0.0430445,2
220069,flayer8,16.5,14.5256,-0.3,0,2
220069,bullet5,4.82484,8.75681,0.8,0,1
220070,bullet6,4.79746,8.75948,0.8,0,1
220071,bullet1,9.32126,8.70826,0.8,0,1
220072,flyer6,7.5,14.5256,-0.3,0,2
220072,bullet2,3.9796,8.76123,-0.8,-6.99382e-08,1
220073,player,4.37711,8.76148,-0.00249449,0.00024395,1
220073,flyer5,4.62416,12.8038,-0.296896,-0.0430445,2
220074,flayer8,15,14.5256,-0.3,0,2
220074,bullet5,8.82484,8.75681,0.8,0,1
220075,bullet6,8.79747,8.75948,0.8,0,1
220076,bullet1,13.3213,8.70826,0.8,0,1
220077,flyer6,5.99999,14.5256,-0.3,0,2
220077,bullet2,-0.0203956,8.76123,-0.8,-6.99382e-08,1
220078,player,4.3751,8.76167,-4.60304e-05,4.50156e-06,1
220078,flyer5,3.13968,12.5886,-0.296896,-0.0430445,2
220079,flayer8,13.5,14.5256,-0.3,0,2
220079,bullet5,12.8248,8.75681,0.8,0,1
220079,bullet3,4.77508,8.76168,0.8,0,1
220080,bullet6,12.7975,8.75948,0.8,0,1
220082,flyer6,4.49999,14.5256,-0.3,0,2
220083,player,5.45292,8.66258,0.182629,0.12112,1
220083,flyer5,1.6552,12.3734,-0.296896,-0.0430445,2
220084,flayer8,12,14.5256,-0.3,0,2
220084,bullet3,8.77508,8.76168,0.8,0,1
220087,flyer6,2.99999,14.5256,-0.3,0,2
220088,player,4.43955,7.11044,-0.0788133,-0.231823,1
220088,flyer5,0.170721,12.1581,-0.296896,-0.0430445,2
220089,flayer8,10.5,14.5256,-0.3,0,2
220089,bullet3,12.7751,8.76168,0.8,0,1
220089,bullet4,4.80408,7.00612,0.8,0,1
220090,bullet2,4.78812,6.95918,0.8,0,1
220092,flyer6,1.49999,14.5256,-0.3,0,2
220093,player,4.37626,6.92427,-0.00145433,-0.00427779,1
220093,bullet1,4.77626,6.92427,0.8,0,1
220094,flayer8,9,14.5256,-0.3,0,2
220094,bullet4,8.80408,7.00612,0.8,0,1
220095,bullet2,8.78813,6.95918,0.8,0,1
220097,flyer6,-6.4373e-06,14.5256,-0.3,0,2
220098,player,3.77278,6.92084,-0.0138664,-7.89373e-05,1
220098,bullet1,8.77626,6.92427,0.8,0,1
220098,bullet5,4.17278,6.92084,0.8,0,1
220099,flayer8,7.5,14.5256,-0.3,0,2
220099,bullet4,12.8041,7.00612,0.8,0,1
220100,bullet2,12.7881,6.95918,0.8,0,1
220103,player,3.76164,6.92077,-0.000255875,-1.45662e-06,1
220103,bullet1,12.7763,6.92427,0.8,0,1
220103,bullet5,8.17278,6.92084,0.8,0,1
220104,flayer8,5.99999,14.5256,-0.3,0,2
220105,flyer2,16.5,14.5256,-0.3,0,2
220108,player,4.25081,6.31846,0.15187,-0.0138396,1
220108,flyer1,16.5,14.5256,-0.3,0,2
220108,bullet5,12.1728,6.92084,0.8,0,1
220108,bullet6,4.65081,6.31846,0.8,0,1
220109,flayer8,4.49999,14.5256,-0.3,0,2
220110,flyer2,15,14.5256,-0.3,0,2
220112,bullet3,5.3277,6.86532,0.8,0,1
220113,player,4.96125,6.89582,0.0335571,0.0304993,1
220113,flyer1,15,14.5256,-0.3,0,2
220113,bullet5,16.1728,6.92084,0.8,0,1
220113,bullet6,8.65081,6.31846,0.8,0,1
220114,flayer8,2.99999,14.5256,-0.3,0,2
220114,bullet4,5.37635,6.90954,0.8,0,1
220115,flyer2,13.5,14.5256,-0.3,0,2
220117,bullet3,9.3277,6.86532,0.8,0,1
220118,player,5.47758,5.84246,0.152494,-0.182067,1
220118,flyer1,13.5,14.5256,-0.3,0,2
220118,bullet6,12.6508,6.31846,0.8,0,1
220119,flayer8,1.49999,14.5256,-0.3,0,2
220119,bullet4,9.37635,6.90954,0.8,0,1
220120,flyer2,12,14.5256,-0.3,0,2
220121,bullet2,5.99098,5.14936,0.8,0,1
220122,bullet3,13.3277,6.86532,0.8,0,1
220123,player,5.60004,5.09394,0.00281395,-0.0171993,1
220123,flyer1,12,14.5256,-0.3,0,2
220124,flayer8,-6.4373e-06,14.5256,-0.3,0,2
220124,bullet4,13.3764,6.90954,0.8,0,1
220124,bullet1,6.00131,5.0862,0.8,0,1
220125,flyer2,10.5,14.5256,-0.3,0,2
220126,bullet2,9.99098,5.14936,0.8,0,1
220128,player,5.04458,5.63784,-0.0682918,0.0680264,1
220128,flyer1,10.5,14.5256,-0.3,0,2
220128,bullet5,5.44458,5.63784,0.8,0,1
220129,bullet1,10.0013,5.0862,0.8,0,1
220130,flyer2,9,14.5256,-0.3,0,2
220131,bullet2,13.991,5.14936,0.8,0,1
220133,player,6.14977,5.24769,0.0809232,-0.205124,1
220133,flyer1,9,14.5256,-0.3,0,2
220133,bullet5,9.44458,5.63784,0.8,0,1
220134,bullet1,14.0013,5.0862,0.8,0,1
220135,flyer2,7.5,14.5256,-0.3,0,2
220135,bullet6,6.60257,5.11384,0.8,0,1
220136,bullet3,6.60994,5.09515,0.8,0,1
220138,player,6.21476,5.08296,0.00149326,-0.00378511,1
220138,flyer1,7.5,14.5256,-0.3,0,2
220138,bullet5,13.4446,5.63784,0.8,0,1
220140,flyer2,5.99999,14.5256,-0.3,0,2
220140,bullet6,10.6026,5.11384,0.8,0,1
220141,bullet3,10.6099,5.09515,0.8,0,1
220143,player,6.81827,4.1847,0.0138672,-0.405914,1
220143,flyer1,5.99999,14.5256,-0.3,0,2
220145,flyer2,4.49999,14.5256,-0.3,0,2
220145,bullet6,14.6026,5.11384,0.8,0,1
220146,bullet3,14.6099,5.09515,0.8,0,1
220146,bullet4,6.42858,4.37222,-0.8,-6.99382e-08,1
220148,player,6.82941,4.44719,0.000255888,0.0232644,1
220148,flyer1,4.49999,14.5256,-0.3,0,2
220149,flyer3,16.5,12.5774,-0.26306,-0.144219,2
220150,flyer2,2.99999,14.5256,-0.3,0,2
220150,bullet2,7.22957,4.46237,0.8,0,1
220151,bullet4,2.42858,4.37222,-0.8,-6.99382e-08,1
220152,bullet1,7.22961,4.46544,0.8,0,1
220153,player,6.82961,4.12837,4.72186e-06,-0.337071,1
220153,flyer1,2.99999,14.5256,-0.3,0,2
220154,flyer3,15.1847,11.8563,-0.26306,-0.144219,2
220155,flyer2,1.49999,14.5256,-0.3,0,2
220155,bullet2,11.2296,4.46237,0.8,0,1
220155,bullet5,7.22961,3.90843,0.8,0,1
220157,bullet1,11.2296,4.46544,0.8,0,1
220157,bullet6,7.22961,3.86389,0.8,0,1
220158,player,6.82961,3.85767,8.71315e-08,-0.0062199,1
220158,flyer1,1.49999,14.5256,-0.3,0,2
220159,flyer3,13.8694,11.1352,-0.26306,-0.144219,2
220160,flyer2,-6.4373e-06,14.5256,-0.3,0,2
220160,bullet2,15.2296,4.46237,0.8,0,1
220160,bullet5,11.2296,3.90843,0.8,0,1
220162,bullet1,15.2296,4.46544,0.8,0,1
220162,bullet6,11.2296,3.86389,0.8,0,1
220162,bullet3,6.64114,4.44127,0.8,0,1
220163,player,6.2273,4.45499,-0.0138396,0.0137248,1
220163,flyer1,-6.4373e-06,14.5256,-0.3,0,2
220164,flyer3,12.5541,10.4141,-0.26306,-0.144219,2
220165,bullet5,15.2296,3.90843,0.8,0,1
220165,bullet4,6.61827,4.46395,0.8,0,1
220167,bullet6,15.2296,3.86389,0.8,0,1
220167,bullet3,10.6411,4.44127,0.8,0,1
220168,player,6.21619,4.46602,-0.00025538,0.000253262,1
220169,flyer3,11.2388,9.69303,-0.26306,-0.144219,2
220169,flyer4,16.5,10.5739,-0.299746,0.0123498,2
220170,bullet4,10.6183,4.46395,0.8,0,1
220172,bullet3,14.6411,4.44127,0.8,0,1
220173,player,5.1243,4.9556,-0.165719,0.15188,1
220174,flyer3,9.92349,8.97194,-0.26306,-0.144219,2
220174,flyer4,15.0013,10.6357,-0.299746,0.0123498,2
220175,flayer7,16.5,10.5739,-0.235771,-0.185505,2
220175,bullet4,14.6183,4.46395,0.8,0,1
220176,bullet2,5.95878,5.06854,0.8,0,1
220178,player,5.59352,5.07757,0.0107816,0.00280261,1
220179,flyer3,8.60818,8.25084,-0.26306,-0.144219,2
220179,flyer4,13.5025,10.6974,-0.299746,0.0123498,2
220180,flayer7,15.3211,9.64639,-0.235771,-0.185505,2
220181,bullet2,9.95878,5.06854,0.8,0,1
220183,player,6.20449,4.4775,0.0140386,-0.0137879,1
220183,bullet1,6.60449,4.4775,0.8,0,1
220184,flyer3,7.29288,7.52974,-0.26306,-0.144219,2
220184,flyer4,12.0038,10.7592,-0.299746,0.0123498,2
220185,flayer7,14.1423,8.71887,-0.235771,-0.185505,2
220186,bullet2,13.9588,5.06854,0.8,0,1
220188,player,5.61346,4.02165,-0.0135806,-0.206634,1
220188,bullet1,10.6045,4.4775,0.8,0,1
220189,flyer3,5.97758,6.80865,-0.26306,-0.144219,2
220189,flyer4,10.5051,10.8209,-0.299746,0.0123498,2
220190,flayer7,12.9634,7.79134,-0.235771,-0.185505,2
220193,player,6.69424,2.66492,0.165464,-0.0484073,1
220193,bullet1,14.6045,4.4775,0.8,0,1
220194,flyer3,4.66228,6.08755,-0.26306,-0.144219,2
220194,flyer4,9.00636,10.8827,-0.299746,0.0123498,2
220194,bullet5,6.3687,2.64314,-0.8,-6.99382e-08,1
220195,flayer7,11.7846,6.86382,-0.235771,-0.185505,2
220198,player,7.38484,2.13667,0.071397,-0.152768,1
220199,flyer3,3.34697,5.36645,-0.26306,-0.144219,2
220199,flyer4,7.50763,10.9444,-0.299746,0.0123498,2
220199,bullet5,2.3687,2.64314,-0.8,-6.99382e-08,1
220199,bullet6,7.81697,2.06792,0.8,0,1
220200,flayer7,10.6057,5.93629,-0.235771,-0.185505,2
220203,player,7.34308,1.52461,0.122438,-0.154694,1
220204,flyer3,2.03167,4.64535,-0.26306,-0.144219,2
220204,flyer4,6.00891,11.0062,-0.299746,0.0123498,2
220204,bullet6,11.817,2.06792,0.8,0,1
220205,flayer7,9.42686,5.00877,-0.235771,-0.185505,2
220208,player,6.77075,1.88975,0.071951,0.14902,1
220209,flyer3,0.716367,3.92426,-0.26306,-0.144219,2
220209,flyer4,4.51018,11.0679,-0.299746,0.0123498,2
220209,bullet6,15.817,2.06792,0.8,0,1
220210,flayer7,8.24801,4.08125,-0.235771,-0.185505,2
220210,flyer5,16.5,10.5739,-0.3,0,2
220210,bullet3,6.72833,1.98699,0.8,0,1
220213,player,6.22622,1.52005,-0.0125119,-0.149125,1
220214,flyer4,3.01145,11.1297,-0.299746,0.0123498,2
220214,bullet4,6.62059,1.45295,0.8,0,1
220215,flayer7,7.06915,3.15372,-0.235771,-0.185505,2
220215,flyer5,15,10.5739,-0.3,0,2
220215,bullet3,10.7283,1.98699,0.8,0,1
220217,bullet2,6.61641,1.40304,0.8,0,1
220218,player,6.21618,1.40029,-0.00023088,-0.00275178,1
220219,flyer4,1.51272,11.1914,-0.299746,0.0123498,2
220219,bullet4,10.6206,1.45295,0.8,0,1
220220,flayer7,5.8903,2.22619,-0.235771,-0.185505,2
220220,flyer5,13.5,10.5739,-0.3,0,2
220220,bullet3,14.7283,1.98699,0.8,0,1
220222,bullet2,10.6164,1.40304,0.8,0,1
220222,bullet1,7.20447,0.4,0.8,0,1
220223,player,6.81831,0.4,0.0138353,0,1
220224,flyer4,0.0139917,11.2532,-0.299746,0.0123498,2
220224,bullet4,14.6206,1.45295,0.8,0,1
220224,bullet5,7.22453,0.4,0.8,0,1
220225,flayer7,4.71145,1.29867,-0.235771,-0.185505,2
220225,flyer5,12,10.5739,-0.3,0,2
220227,bullet2,14.6164,1.40304,0.8,0,1
220227,bullet1,11.2045,0.4,0.8,0,1
220228,player,6.82942,1.44709,0.000255301,0.220219,1
220229,bullet5,11.2245,0.4,0.8,0,1
220230,flayer7,3.53259,0.371142,-0.235771,-0.185505,2
220230,flyer5,10.5,10.5739,-0.3,0,2
220230,bullet6,6.74021,1.10141,0.8,0,1
220232,bullet1,15.2045,0.4,0.8,0,1
220233,player,6.22731,1.02163,-0.0138349,-0.00977595,1
220234,bullet5,15.2245,0.4,0.8,0,1
220234,bullet3,6.62108,1.01724,0.8,0,1
220235,flyer5,9,10.5739,-0.3,0,2
220235,bullet6,10.7402,1.10141,0.8,0,1
220236,flyer6,16.5,4.94653,-0.3,0,2
220237,bullet4,6.12708,1.50334,0.8,0,1
220238,player,5.65848,1.5715,-0.068599,0.0681634,1
220239,bullet3,10.6211,1.01724,0.8,0,1
220240,flyer5,7.5,10.5739,-0.3,0,2
220240,bullet6,14.7402,1.10141,0.8,0,1
220241,flyer6,15,4.94653,-0.3,0,2
220242,bullet4,10.1271,1.50334,0.8,0,1
220243,player,6.09276,1.18964,0.150609,-0.215122,1
220244,bullet3,14.6211,1.01724,0.8,0,1
220245,flyer5,5.99999,10.5739,-0.3,0,2
220246,flyer6,13.5,4.94653,-0.3,0,2
220247,flayer8,16.5,12.4057,-0.3,0,2
220247,bullet4,14.1271,1.50334,0.8,0,1
220247,bullet2,6.61093,0.531479,0.8,0,1
220248,player,6.21371,0.459165,0.00277916,-0.0723134,1
220249,bullet1,6.61496,0.426624,0.8,0,1
220250,flyer5,4.49999,10.5739,-0.3,0,2
220250,bullet5,6.61553,0.411981,0.8,0,1
220251,flyer6,12,4.94653,-0.3,0,2
220252,flayer8,15,12.4057,-0.3,0,2
220252,bullet2,10.6109,0.531479,0.8,0,1
220253,player,5.72657,0.890466,-0.151824,0.150541,1
220253,bullet6,6.12657,0.890466,0.8,0,1
220254,bullet1,10.615,0.426624,0.8,0,1
220255,flyer5,2.99999,10.5739,-0.3,0,2
220255,bullet5,10.6155,0.411981,0.8,0,1
220256,flyer6,10.5,4.94653,-0.3,0,2
220257,flayer8,13.5,12.4057,-0.3,0,2
220257,bullet2,14.6109,0.531479,0.8,0,1
220258,player,5.60464,1.11046,-0.00280157,-0.118342,1
220258,bullet6,10.1266,0.890466,0.8,0,1
220259,bullet1,14.615,0.426624,0.8,0,1
220260,flyer5,1.49999,10.5739,-0.3,0,2
220260,bullet5,14.6155,0.411981,0.8,0,1
220260,bullet3,6.00282,1.03324,0.8,0,1
220261,flyer6,9,4.94653,-0.3,0,2
220262,flayer8,12,12.4057,-0.3,0,2
220263,player,5.6024,1.01542,-5.16969e-05,-0.00218375,1
220263,bullet6,14.1266,0.890466,0.8,0,1
220263,bullet4,6.0024,1.01542,0.8,0,1
220265,flyer5,-6.4373e-06,10.5739,-0.3,0,2
220265,bullet3,10.0028,1.03324,0.8,0,1
220265,bullet2,6.00236,1.014,0.8,0,1
220266,flyer6,7.5,4.94653,-0.3,0,2
220267,flayer8,10.5,12.4057,-0.3,0,2
220268,player,5.60236,0.45595,-9.53954e-07,-0.068384,1
220268,bullet4,10.0024,1.01542,0.8,0,1
220269,bullet1,6.00236,0.425177,0.8,0,1
220270,bullet3,14.0028,1.03324,0.8,0,1
220270,bullet2,10.0024,1.014,0.8,0,1
220271,flyer6,5.99999,4.94653,-0.3,0,2
220272,flayer8,9,12.4057,-0.3,0,2
220273,player,5.01388,0.890406,-0.0307547,0.150613,1
220273,bullet4,14.0024,1.01542,0.8,0,1
220273,bullet5,5.41388,0.890406,0.8,0,1
220274,bullet1,10.0024,0.425177,0.8,0,1
220275,bullet2,14.0024,1.014,0.8,0,1
220276,flyer6,4.49999,4.94653,-0.3,0,2
220276,bullet6,4.90164,1.00241,0.8,0,1
220277,flayer8,7.5,12.4057,-0.3,0,2
220278,player,4.40071,1.01136,-0.0313222,0.00277924,1
220278,bullet5,9.41388,0.890406,0.8,0,1
220279,bullet1,14.0024,0.425177,0.8,0,1
220279,bullet3,4.78661,1.01261,0.8,0,1
220281,flyer6,2.99999,4.94653,-0.3,0,2
220281,bullet6,8.90164,1.00241,0.8,0,1
220282,flayer8,5.99999,12.4057,-0.3,0,2
220283,player,3.44958,0.775191,-0.368833,-0.458569,1
220283,bullet5,13.4139,0.890406,0.8,0,1
220284,bullet3,8.78662,1.01261,0.8,0,1
220285,bullet4,3.60892,0.475975,0.8,0,1
220286,flyer6,1.49999,4.94653,-0.3,0,2
220286,bullet6,12.9016,1.00241,0.8,0,1
220287,flayer8,4.49999,12.4057,-0.3,0,2
220288,player,3.15338,0.406922,-0.006806,-0.00846189,1
220289,bullet3,12.7866,1.01261,0.8,0,1
220290,bullet4,7.60892,0.475975,0.8,0,1
220291,flyer6,-6.4373e-06,4.94653,-0.3,0,2
220292,flayer8,2.99999,12.4057,-0.3,0,2
220293,player,2.3072,1.14047,-0.472585,-0.155026,1
220293,flyer2,16.5,3.35903,-0.3,0,2
220294,flyer1,16.5,3.35903,-0.3,0,2
220295,bullet4,11.6089,0.475975,0.8,0,1
220297,flayer8,1.49999,12.4057,-0.3,0,2
220298,player,2.14789,0.647721,-0.277877,-0.302772,1
220298,flyer2,15,3.35903,-0.3,0,2
220299,flyer1,15,3.35903,-0.3,0,2
220299,bullet2,2.42285,0.511474,0.8,0,1
220300,bullet4,15.6089,0.475975,0.8,0,1
220302,flayer8,-6.4373e-06,12.4057,-0.3,0,2
220302,bullet1,1.52986,0.410157,-0.8,-6.99382e-08,1
220303,player,1.58723,0.40457,-0.342628,-0.00558699,1
220303,flyer2,13.5,3.35903,-0.3,0,2
220304,flyer1,13.5,3.35903,-0.3,0,2
220304,bullet2,6.42285,0.511474,0.8,0,1
220305,flyer3,16.5,3.35903,-0.3,0,2
220306,bullet5,0.44307,0.88979,-0.8,-6.99382e-08,1
220308,player,0.723599,0.988557,-0.0370771,0.0306516,1
220308,flyer2,12,3.35903,-0.3,0,2
220308,bullet6,1.1236,0.988557,0.8,0,1
220309,flyer1,12,3.35903,-0.3,0,2
220309,bullet2,10.4228,0.511474,0.8,0,1
220310,flyer3,15,3.35903,-0.3,0,2
220311,bullet3,1.65375,1.56907,0.8,0,1
220312,bullet4,1.68298,1.60108,0.8,0,1
220313,player,1.29614,1.61549,0.0131554,0.0144052,1
220313,flyer2,10.5,3.35903,-0.3,0,2
220313,bullet6,5.1236,0.988557,0.8,0,1
220314,flyer1,10.5,3.35903,-0.3,0,2
220314,bullet2,14.4228,0.511474,0.8,0,1
220315,flyer3,13.5,3.35903,-0.3,0,2
220316,bullet3,5.65375,1.56907,0.8,0,1
220317,bullet4,5.68298,1.60108,0.8,0,1
220318,player,1.08648,1.06934,0.269399,-0.0680779,1
220318,flyer2,9,3.35903,-0.3,0,2
220318,bullet6,9.1236,0.988557,0.8,0,1
220319,flyer1,9,3.35903,-0.3,0,2
220319,bullet1,1.60771,1.0387,0.8,0,1
220320,flyer3,12,3.35903,-0.3,0,2
220321,bullet3,9.65375,1.56907,0.8,0,1
220322,bullet4,9.68298,1.60108,0.8,0,1
220323,player,1.86055,2.06176,0.0733149,0.218963,1
220323,flyer2,7.5,3.35903,-0.3,0,2
220323,bullet6,13.1236,0.988557,0.8,0,1
220324,flyer1,7.5,3.35903,-0.3,0,2
220324,bullet1,5.60771,1.0387,0.8,0,1
220325,flyer3,10.5,3.35903,-0.3,0,2
220326,bullet3,13.6537,1.56907,0.8,0,1
220327,bullet4,13.683,1.60108,0.8,0,1
220328,player,2.13965,2.01738,-0.267803,0.273197,1
220328,flyer2,5.99999,3.35903,-0.3,0,2
220329,flyer1,5.99999,3.35903,-0.3,0,2
220329,bullet1,9.60771,1.0387,0.8,0,1
220330,flyer3,9,3.35903,-0.3,0,2
220333,player,1.65977,1.41425,0.318719,0.260358,1
220333,flyer2,4.49999,3.35903,-0.3,0,2
220334,flyer1,4.49999,3.35903,-0.3,0,2
220334,bullet1,13.6077,1.0387,0.8,0,1
220335,flyer3,7.5,3.35903,-0.3,0,2
220335,bullet5,2.26773,1.58414,0.8,0,1
220336,bullet2,2.29678,1.60786,0.8,0,1
220338,player,1.91573,1.62334,0.00588126,0.00480434,1
220338,flyer2,2.99999,3.35903,-0.3,0,2
220338,bullet6,1.51573,1.62334,-0.8,-6.99382e-08,1
220339,flyer1,2.99999,3.35903,-0.3,0,2
220339,bullet3,2.31837,1.6255,0.8,0,1
220340,flyer3,5.99999,3.35903,-0.3,0,2
220340,bullet5,6.26773,1.58414,0.8,0,1
220341,bullet2,6.29678,1.60786,0.8,0,1
220343,player,2.47817,2.18492,0.0684523,0.0684324,1
220343,flyer2,1.49999,3.35903,-0.3,0,2
220344,flyer1,1.49999,3.35903,-0.3,0,2
220344,bullet3,6.31837,1.6255,0.8,0,1
220345,flyer3,4.49999,3.35903,-0.3,0,2
220345,bullet5,10.2677,1.58414,0.8,0,1
220346,bullet2,10.2968,1.60786,0.8,0,1
220346,bullet4,2.92907,1.74643,0.8,0,1
220348,player,2.53314,1.6514,0.00126314,-0.0294919,1
220348,flyer2,-6.4373e-06,3.35903,-0.3,0,2
220349,flyer1,-6.4373e-06,3.35903,-0.3,0,2
220349,bullet3,10.3184,1.6255,0.8,0,1
220350,flyer3,2.99999,3.35903,-0.3,0,2
220350,bullet5,14.2677,1.58414,0.8,0,1
220351,bullet2,14.2968,1.60786,0.8,0,1
220351,bullet4,6.92907,1.74643,0.8,0,1
220353,player,2.53415,1.62772,2.33084e-05,-0.000544209,1
220354,flyer4,16.5,3.35903,-0.268022,0.134775,2
220354,bullet3,14.3184,1.6255,0.8,0,1
220354,bullet1,2.93416,1.62747,0.8,0,1
220355,flyer3,1.49999,3.35903,-0.3,0,2
220356,bullet4,10.9291,1.74643,0.8,0,1
220356,bullet6,2.93417,1.62731,0.8,0,1
220358,player,2.19667,1.62728,-0.3375,-1.00422e-05,1
220359,flyer4,15.1599,4.03291,-0.268022,0.134775,2
220359,bullet1,6.93416,1.62747,0.8,0,1
220359,bullet5,2.4448,1.62728,0.8,0,1
220360,flyer3,-6.4373e-06,3.35903,-0.3,0,2
220361,bullet4,14.9291,1.74643,0.8,0,1
220361,bullet6,6.93417,1.62731,0.8,0,1
220363,player,1.92563,1.62727,-0.00622782,-1.85307e-07,1
220363,bullet2,2.32563,1.62727,0.8,0,1
220363,finish,20.0647,8,-0.2,0,1
220364,flyer4,13.8198,4.70679,-0.268022,0.134775,2
220364,bullet1,10.9342,1.62747,0.8,0,1
220364,bullet5,6.4448,1.62728,0.8,0,1
220366,bullet6,10.9342,1.62731,0.8,0,1
220368,player,1.36291,1.62727,-0.0684587,-3.41943e-09,1
220368,bullet2,6.32563,1.62727,0.8,0,1
220368,finish,19.0647,8,-0.2,0,1
220369,flyer4,12.4797,5.38067,-0.268022,0.134775,2
220369,bullet1,14.9342,1.62747,0.8,0,1
220369,bullet5,10.4448,1.62728,0.8,0,1
220371,bullet6,14.9342,1.62731,0.8,0,1
220373,player,0.750214,2.7873,-0.069607,0.0821834,1
220373,bullet2,10.3256,1.62727,0.8,0,1
220373,finish,18.0647,8,-0.2,0,1
220373,bullet3,1.15021,2.7873,0.8,0,1
220374,flyer4,11.1396,6.05455,-0.268022,0.134775,2
220374,bullet5,14.4448,1.62728,0.8,0,1
220376,bullet4,1.58783,2.35904,0.8,0,1
220378,player,1.28279,2.26483,0.0294702,-0.0292382,1
220378,bullet2,14.3256,1.62727,0.8,0,1
220378,finish,17.0647,8,-0.2,0,1
220378,bullet3,5.15021,2.7873,0.8,0,1
220378,bullet1,1.68279,2.26483,0.8,0,1
220379,flyer4,9.79946,6.72842,-0.268022,0.134775,2
220381,bullet4,5.58783,2.35904,0.8,0,1
220381,bullet6,1.7047,2.24309,0.8,0,1
220383,player,1.30645,1.90385,0.000543809,-0.33804,1
220383,finish,16.0647,8,-0.2,0,1
220383,bullet3,9.15021,2.7873,0.8,0,1
220383,bullet1,5.68279,2.26483,0.8,0,1
220384,flyer4,8.45935,7.4023,-0.268022,0.134775,2
220386,bullet4,9.58783,2.35904,0.8,0,1
220386,bullet6,5.7047,2.24309,0.8,0,1
220388,player,1.30689,1.63238,1.00348e-05,-0.00623778,1
220388,finish,15.0647,8,-0.2,0,1
220388,bullet3,13.1502,2.7873,0.8,0,1
220388,bullet1,9.68279,2.26483,0.8,0,1
220389,flyer4,7.11924,8.07618,-0.268022,0.134775,2
220391,bullet4,13.5878,2.35904,0.8,0,1
220391,bullet6,9.7047,2.24309,0.8,0,1
220393,player,0.718425,0.481175,-0.0307545,-0.0992135,1
220393,finish,14.0647,8,-0.2,0,1
220393,bullet1,13.6828,2.26483,0.8,0,1
220393,bullet5,1.11843,0.481175,0.8,0,1
220394,flyer4,5.77914,8.75006,-0.268022,0.134775,2
220395,bullet2,1.09836,0.416438,0.8,0,1
220396,bullet6,13.7047,2.24309,0.8,0,1
220398,player,0.693726,0.401498,-0.000567507,-0.00183077,1
220398,finish,13.0647,8,-0.2,0,1
220398,bullet5,5.11843,0.481175,0.8,0,1
220398,bullet3,1.09373,0.401498,0.8,0,1
220399,flyer4,4.43903,9.42393,-0.268022,0.134775,2
220400,bullet2,5.09836,0.416438,0.8,0,1
220400,bullet4,1.09336,0.400304,0.8,0,1
220403,player,0.845146,1.2269,-0.185635,0.489341,1
220403,finish,12.0647,8,-0.2,0,1
220403,bullet5,9.11843,0.481175,0.8,0,1
220403,bullet3,5.09373,0.401498,0.8,0,1
220404,flyer4,3.09892,10.0978,-0.268022,0.134775,2
220405,bullet2,9.09836,0.416438,0.8,0,1
220405,bullet4,5.09336,0.400304,0.8,0,1
220408,player,0.7375,1.28239,0.3375,-0.32847,1
220408,finish,11.0647,8,-0.2,0,1
220408,bullet5,13.1184,0.481175,0.8,0,1
220408,bullet3,9.09373,0.401498,0.8,0,1
220409,flyer4,1.75881,10.7717,-0.268022,0.134775,2
220410,bullet2,13.0984,0.416438,0.8,0,1
220410,bullet4,9.09336,0.400304,0.8,0,1
220413,player,1.59701,1.60707,0.0369825,0.0246935,1
220413,finish,10.0647,8,-0.2,0,1
220413,bullet3,13.0937,0.401498,0.8,0,1
220414,flyer4,0.418704,11.4456,-0.268022,0.134775,2
220414,bullet1,2.01366,1.61818,0.8,0,1
220415,bullet4,13.0934,0.400304,0.8,0,1
220418,player,0.548866,1.6269,-0.181947,0.000455664,1
220418,finish,9.06472,8,-0.2,0,1
220418,bullet3,17.0937,0.401498,0.8,0,1
220419,flayer7,16.5,3.35903,-0.3,0,2
220419,bullet1,6.01366,1.61818,0.8,0,1
220420,flyer5,16.5,4.86226,-0.3,0,2
220423,player,0.960465,1.62727,0.0649863,8.40829e-06,1
220423,finish,8.06472,8,-0.2,0,1
220424,flayer7,15,3.35903,-0.3,0,2
220424,bullet1,10.0137,1.61818,0.8,0,1
220425,flyer5,15,4.86226,-0.3,0,2
220428,player,1.01266,1.0388,0.00119918,-0.0307545,1
220428,finish,7.06472,8,-0.2,0,1
220428,bullet6,1.41266,1.0388,0.8,0,1
220429,flayer7,13.5,3.35903,-0.3,0,2
220429,bullet1,14.0137,1.61818,0.8,0,1
220430,flyer5,13.5,4.86226,-0.3,0,2
220433,player,1.50299,1.50348,0.151897,0.151307,1
220433,finish,6.06472,8,-0.2,0,1
220433,bullet6,5.41266,1.0388,0.8,0,1
220434,flayer7,12,3.35903,-0.3,0,2
