32944,player,2.27051,12.3151,0,0,1
32945,bullet1,2.67051,12.3151,0.8,0,1
32949,player,1.68203,12.4142,-0.0307547,-0.12112,1
32950,bullet1,6.67051,12.3151,0.8,0,1
32951,bullet2,2.55134,12.8245,0.8,0,1
32954,player,1.77027,12.4299,-0.138603,-0.14027,1
32955,bullet1,10.6705,12.3151,0.8,0,1
32955,bullet3,2.1079,12.3668,0.8,0,1
32956,bullet2,6.55134,12.8245,0.8,0,1
32956,bullet4,2.07983,12.3383,0.8,0,1
32959,player,1.65896,12.3172,-0.00255761,-0.00258838,1
32960,bullet1,14.6705,12.3151,0.8,0,1
32960,bullet3,6.1079,12.3668,0.8,0,1
32961,bullet2,10.5513,12.8245,0.8,0,1
32961,bullet4,6.07984,12.3383,0.8,0,1
32963,flyer1,16.5,14.0785,-0.3,0,2
32963,bullet5,2.08771,12.8729,0.8,0,1
32964,player,2.00825,12.9036,0.320538,0.0307069,1
32965,bullet3,10.1079,12.3668,0.8,0,1
32966,bullet2,14.5513,12.8245,0.8,0,1
32966,bullet4,10.0798,12.3383,0.8,0,1
32968,flyer1,15,14.0785,-0.3,0,2
32968,bullet5,6.08771,12.8729,0.8,0,1
32969,player,0.85032,13.3649,-0.514215,0.216946,1
32970,bullet3,14.1079,12.3668,0.8,0,1
32971,bullet4,14.0798,12.3383,0.8,0,1
32971,bullet6,0.914795,13.5064,0.8,0,1
32973,flyer1,13.5,14.0785,-0.3,0,2
32973,bullet5,10.0877,12.8729,0.8,0,1
32973,bullet1,0.846851,13.5351,0.8,0,1
32974,player,0.437362,13.5391,-0.00948871,0.00400327,1
32974,bullet2,0.837362,13.5391,0.8,0,1
32976,bullet6,4.91479,13.5064,0.8,0,1
32978,flyer1,12,14.0785,-0.3,0,2
32978,bullet5,14.0877,12.8729,0.8,0,1
32978,bullet1,4.84685,13.5351,0.8,0,1
32979,player,0.4,13.2048,-0,-0.337426,1
32979,bullet2,4.83736,13.5391,0.8,0,1
32981,bullet6,8.9148,13.5064,0.8,0,1
32981,bullet3,0.8,12.9846,0.8,0,1
32983,flyer1,10.5,14.0785,-0.3,0,1
32983,bullet1,8.84685,13.5351,0.8,0,1
32984,player,0.4,12.9338,0,-0.00622646,1
32984,bullet2,8.83736,13.5391,0.8,0,1
32986,bullet3,4.8,12.9846,0.8,0,1
32986,bullet4,0.8,12.9298,0.8,0,1
32987,bullet5,0.8,12.9292,0.8,0,1
32989,player,0.4,12.9288,0,-0.000114896,1
32989,bullet2,12.8374,13.5391,0.8,0,1
32991,bullet3,8.8,12.9846,0.8,0,1
32991,bullet4,4.8,12.9298,0.8,0,1
32992,bullet5,4.8,12.9292,0.8,0,1
32994,player,0.4,12.898,0,0.0375869,1
32994,flyer2,16.5,14.0785,-0.3,0,2
32994,bullet6,0.8,12.898,0.8,0,1
32996,bullet3,12.8,12.9846,0.8,0,1
32996,bullet4,8.8,12.9298,0.8,0,1
32997,bullet5,8.8,12.9292,0.8,0,1
32999,player,0.889375,12.4388,0.151875,-0.151181,1
32999,flyer2,15,14.0785,-0.3,0,2
32999,bullet6,4.8,12.898,0.8,0,1
33001,bullet4,12.8,12.9298,0.8,0,1
33002,bullet5,12.8,12.9292,0.8,0,1
33004,player,1.39344,12.0526,0.285798,0.320871,1
33004,flyer2,13.5,14.0785,-0.3,0,2
33004,bullet6,8.8,12.898,0.8,0,1
33006,flyer3,16.5,14.0785,-0.3,0,2
33007,flyer4,16.5,2.64139,-0.3,0,2
33009,player,0.53127,13.9597,-0.160441,0.239979,1
33009,flyer2,12,14.0785,-0.3,0,2
33009,bullet6,12.8,12.898,0.8,0,1
33010,bullet1,0.0590713,14.0676,-0.8,-6.99382e-08,1
33011,flyer3,15,14.0785,-0.3,0,2
33011,bullet2,0.826582,14.1162,0.8,0,1
33012,flyer4,15,2.64139,-0.3,0,2
33014,player,0.891797,14.6418,0.148914,0.156303,1
33014,flyer2,10.5,14.0785,-0.3,0,2
33016,flyer3,13.5,14.0785,-0.3,0,2
33016,bullet2,4.82658,14.1162,0.8,0,1
33017,flyer4,13.5,2.64139,-0.3,0,2
33017,bullet3,1.40253,14.758,0.8,0,1
33018,bullet4,1.40864,14.7644,0.8,0,1
33019,player,1.01139,14.7673,0.00274789,0.00288424,1
33019,flyer2,9,14.0785,-0.3,0,2
33020,bullet5,1.41262,14.7686,0.8,0,1
33021,flyer3,12,14.0785,-0.3,0,2
33022,flyer4,12,2.64139,-0.3,0,2
33022,bullet3,5.40253,14.758,0.8,0,1
33023,bullet4,5.40864,14.7644,0.8,0,1
33024,player,0.914496,14.1811,0.121171,-0.0307015,1
33024,flyer2,7.5,14.0785,-0.3,0,0
33025,bullet5,5.41262,14.7686,0.8,0,1
33025,bullet1,1.36902,14.1673,0.8,0,1
33026,flyer3,10.5,14.0785,-0.3,0,2
33027,flyer4,10.5,2.64139,-0.3,0,2
33028,bullet6,0.920196,13.6677,0.8,0,1
33029,player,0.454088,13.5988,-0.0661078,-0.0689103,1
33030,bullet1,5.36902,14.1673,0.8,0,1
33030,bullet2,0.82434,13.5677,0.8,0,1
33032,flyer4,9,2.64139,-0.3,0,2
33033,bullet6,4.9202,13.6677,0.8,0,1
33034,player,0.500096,14.0328,-0.12234,0.150603,1
33034,bullet3,0.900096,14.0328,0.8,0,1
33035,bullet1,9.36902,14.1673,0.8,0,1
33035,bullet2,4.82434,13.5677,0.8,0,1
33037,flyer4,7.5,2.64139,-0.3,0,2
33038,bullet6,8.9202,13.6677,0.8,0,1
33039,player,0.4,14.1537,0,0.00277906,1
33039,bullet3,4.9001,14.0328,0.8,0,1
33040,bullet1,13.369,14.1673,0.8,0,1
33040,bullet2,8.82434,13.5677,0.8,0,1
33042,flyer4,5.99999,2.64139,-0.3,0,2
33043,bullet6,12.9202,13.6677,0.8,0,1
33044,player,0.4,13.5537,0,-0.0137883,1
33044,bullet3,8.9001,14.0328,0.8,0,1
33044,bullet4,0.8,13.5537,0.8,0,1
33045,bullet2,12.8243,13.5677,0.8,0,1
33047,flyer4,4.49999,2.64139,-0.3,0,2
33049,player,0.7375,13.7936,0.3375,-0.307,1
33049,bullet3,12.9001,14.0328,0.8,0,1
33049,bullet4,4.8,13.5537,0.8,0,1
33050,flyer5,16.5,2.64139,-0.3,0,2
33051,bullet5,1.35772,13.5932,0.8,0,1
33052,flyer4,2.99999,2.64139,-0.3,0,2
33052,bullet1,1.38847,13.5653,0.8,0,1
33054,player,1.00854,13.547,0.00622782,-0.00566501,1
33054,bullet4,8.8,13.5537,0.8,0,1
33054,bullet6,1.40854,13.547,0.8,0,1
33055,flyer5,15,2.64139,-0.3,0,2
33056,bullet5,5.35772,13.5932,0.8,0,1
33057,flyer4,1.49999,2.64139,-0.3,0,2
33057,bullet1,5.38847,13.5653,0.8,0,1
33059,player,1.01354,13.5425,0.000114921,-0.000104535,1
33059,bullet4,12.8,13.5537,0.8,0,1
33059,bullet6,5.40854,13.547,0.8,0,1
33060,flyer5,13.5,2.64139,-0.3,0,2
33061,bullet5,9.35772,13.5932,0.8,0,1
33062,flyer4,-6.4373e-06,2.64139,-0.3,0,2
33062,bullet1,9.38847,13.5653,0.8,0,1
33064,player,0.425161,14.1309,-0.0307526,0.0307528,1
33064,bullet4,16.8,13.5537,0.8,0,1
33064,bullet6,9.40854,13.547,0.8,0,1
33065,flyer5,12,2.64139,-0.3,0,2
33066,bullet5,13.3577,13.5932,0.8,0,1
33066,bullet2,0.805095,14.1509,0.8,0,1
33067,bullet1,13.3885,13.5653,0.8,0,1
33069,player,0.4,15.0508,-0,0.406411,1
33069,bullet6,13.4085,13.547,0.8,0,1
33070,flyer5,10.5,2.64139,-0.3,0,2
33071,flyer6,16.5,2.64139,-0.3,0,2
33071,bullet2,4.8051,14.1509,0.8,0,1
33072,bullet3,1.35772,15.6,0.8,0,1
33074,player,1.00231,15.6,0.0138396,0,1
33075,flyer5,9,2.64139,-0.3,0,2
33076,flyer6,15,2.64139,-0.3,0,2
33076,bullet2,8.8051,14.1509,0.8,0,1
33077,bullet3,5.35772,15.6,0.8,0,1
33077,bullet4,1.97032,15.6,0.8,0,1
33079,player,1.61574,15.6,0.014095,0,1
33080,flyer5,7.5,2.64139,-0.3,0,2
33081,flyer6,13.5,2.64139,-0.3,0,2
33081,bullet2,12.8051,14.1509,0.8,0,1
33082,bullet3,9.35772,15.6,0.8,0,1
33082,bullet4,5.97032,15.6,0.8,0,1
33084,player,1.02475,15.3798,-0.0135795,0.269156,1
33085,flyer5,5.99999,2.64139,-0.3,0,2
33085,bullet5,1.41864,15.5009,0.8,0,1
33086,flyer6,12,2.64139,-0.3,0,2
33087,bullet3,13.3577,15.6,0.8,0,1
33087,bullet4,9.97032,15.6,0.8,0,1
33089,player,0.4,15.2584,-0.101524,-0.332533,1
33090,flyer5,4.49999,2.64139,-0.3,0,2
33090,bullet5,5.41864,15.5009,0.8,0,1
33090,bullet1,0.8,15.1088,0.8,0,1
33091,flyer6,10.5,2.64139,-0.3,0,2
33092,bullet4,13.9703,15.6,0.8,0,1
33093,bullet6,0.8,15.4869,0.8,0,1
33094,player,0.4,15.5491,0,0.0622076,1
33095,flyer5,2.99999,2.64139,-0.3,0,2
33095,bullet5,9.41864,15.5009,0.8,0,1
33095,bullet1,4.8,15.1088,0.8,0,1
33096,flyer6,9,2.64139,-0.3,0,2
33098,bullet6,4.8,15.4869,0.8,0,1
33099,player,0.4,15.6,0,0,1
33100,flyer5,1.49999,2.64139,-0.3,0,2
33100,bullet5,13.4186,15.5009,0.8,0,1
33100,bullet1,8.8,15.1088,0.8,0,1
33100,bullet2,0.8,15.6,0.8,0,1
33101,flyer6,7.5,2.64139,-0.3,0,2
33103,bullet6,8.8,15.4869,0.8,0,1
33104,player,0.889375,15.0423,0.151875,-0.0683438,1
33105,flyer5,-6.4373e-06,2.64139,-0.3,0,2
33105,bullet1,12.8,15.1088,0.8,0,1
33105,bullet2,4.8,15.6,0.8,0,1
33106,flyer6,5.99999,2.64139,-0.3,0,2
33107,bullet3,1.40231,14.4337,0.8,0,1
33108,bullet6,12.8,15.4869,0.8,0,1
33109,player,1.01134,14.3851,0.00280252,-0.0151007,1
33110,bullet2,8.8,15.6,0.8,0,1
33111,flyer6,4.49999,2.64139,-0.3,0,2
33112,bullet3,5.40231,14.4337,0.8,0,1
33113,flayer7,16.5,2.64139,-0.213709,-0.210543,2
33114,player,2.10528,15.6,0.165766,0,1
33115,bullet2,12.8,15.6,0.8,0,1
33116,flyer6,2.99999,2.64139,-0.3,0,2
33116,bullet4,2.12407,15.6,0.8,0,1
33117,bullet3,9.40231,14.4337,0.8,0,1
33118,flayer7,15.4315,1.58867,-0.213709,-0.210543,2
33118,bullet5,2.04688,15.6,0.8,0,1
33119,player,1.63609,15.6,-0.0107808,0,1
33120,bullet1,2.03124,15.6,0.8,0,1
33121,flyer6,1.49999,2.64139,-0.3,0,2
33121,bullet4,6.12407,15.6,0.8,0,1
33122,bullet3,13.4023,14.4337,0.8,0,1
33123,flayer7,14.3629,0.535956,-0.213709,-0.210543,2
33123,bullet5,6.04688,15.6,0.8,0,1
33124,player,1.69578,15.0423,-0.0837302,-0.0683438,1
33125,bullet1,6.03124,15.6,0.8,0,1
33126,flyer6,-6.4373e-06,2.64139,-0.3,0,2
33126,bullet4,10.1241,15.6,0.8,0,1
33128,flayer7,13.2944,-0.516761,-0.213709,-0.210543,2
33128,bullet5,10.0469,15.6,0.8,0,1
33129,player,1.13916,15.5759,-0.15342,0.0294936,1
33129,flayer8,16.5,3.23975,-0.216097,0.208091,2
33130,bullet1,10.0312,15.6,0.8,0,1
33131,bullet4,14.1241,15.6,0.8,0,1
33131,bullet6,0.949681,15.5951,0.8,0,1
33133,bullet5,14.0469,15.6,0.8,0,1
33134,player,0.413641,15.5996,-0.0166706,0.000544239,1
33134,flayer8,15.4195,4.28021,-0.216097,0.208091,2
33135,bullet1,14.0312,15.6,0.8,0,1
33136,flyer1,16.5,3.23975,-0.272364,-0.125769,2
33136,bullet6,4.94968,15.5951,0.8,0,1
33136,bullet2,0.8,15.1105,0.8,0,1
33138,bullet3,0.8,15.0115,0.8,0,1
33139,player,0.4,14.9977,0,-0.0138296,1
33139,flayer8,14.339,5.32066,-0.216097,0.208091,2
33139,bullet4,0.8,14.9977,0.8,0,1
33141,flyer1,15.1382,2.6109,-0.272364,-0.125769,2
33141,bullet6,8.94968,15.5951,0.8,0,1
33141,bullet2,4.8,15.1105,0.8,0,1
33143,bullet3,4.8,15.0115,0.8,0,1
33144,player,0.4,14.4972,0,-0.15213,1
33144,flayer8,13.2585,6.36112,-0.216097,0.208091,2
33144,bullet4,4.8,14.9977,0.8,0,1
33146,flyer1,13.7764,1.98206,-0.272364,-0.125769,2
33146,bullet6,12.9497,15.5951,0.8,0,1
33146,bullet2,8.8,15.1105,0.8,0,1
33148,bullet3,8.8,15.0115,0.8,0,1
33149,player,0.7375,14.2232,0.3375,0.182818,1
33149,flayer8,12.178,7.40157,-0.216097,0.208091,2
33149,bullet4,8.8,14.9977,0.8,0,1
33151,flyer1,12.4145,1.35321,-0.272364,-0.125769,2
33151,bullet2,12.8,15.1105,0.8,0,1
33152,bullet5,0.588474,14.3591,-0.8,-6.99382e-08,1
33153,bullet3,12.8,15.0115,0.8,0,1
33154,player,1.00854,14.37,0.00622782,0.0033735,1
33154,flayer8,11.0976,8.44203,-0.216097,0.208091,2
33154,bullet4,12.8,14.9977,0.8,0,1
33155,bullet1,0.611344,14.3715,-0.8,-6.99382e-08,1
33156,flyer1,11.0527,0.724366,-0.272364,-0.125769,2
33158,flyer2,16.5,3.23975,-0.3,0,2
33158,bullet6,1.97115,13.8149,0.8,0,1
33159,player,1.60202,13.7842,0.0308696,-0.0306924,1
33159,flayer8,10.0171,9.48248,-0.216097,0.208091,2
33159,bullet5,2.00202,13.7842,0.8,0,1
33161,flyer1,9.69091,0.0955195,-0.272364,-0.125769,2
33163,flyer2,15,3.23975,-0.3,0,2
33163,bullet6,5.97115,13.8149,0.8,0,1
33164,player,1.13743,13.1711,-0.151305,-0.031321,1
33164,flayer8,8.93658,10.5229,-0.216097,0.208091,2
33164,bullet5,6.00202,13.7842,0.8,0,1
33168,flyer2,13.5,3.23975,-0.3,0,2
33168,bullet6,9.97115,13.8149,0.8,0,1
33169,player,0.512706,13.1598,-0.137752,-0.017493,1
33169,flayer8,7.85609,11.5634,-0.216097,0.208091,2
33169,bullet5,10.002,13.7842,0.8,0,1
33171,bullet2,0.822823,12.659,0.8,0,1
33173,flyer2,12,3.23975,-0.3,0,2
33173,bullet6,13.9711,13.8149,0.8,0,1
33173,bullet1,0.804622,12.5576,0.8,0,1
33174,player,0.40208,12.5434,-0.00254191,-0.0141624,1
33174,flayer8,6.7756,12.6038,-0.216097,0.208091,2
33174,bullet5,14.002,13.7842,0.8,0,1
33176,bullet2,4.82282,12.659,0.8,0,1
33178,flyer2,10.5,3.23975,-0.3,0,2
33178,bullet1,4.80462,12.5576,0.8,0,1
33178,bullet3,0.800085,12.5323,0.8,0,1
33179,player,0.400039,12.532,-4.69054e-05,-0.000261336,1
33179,flayer8,5.69512,13.6443,-0.216097,0.208091,1
33179,bullet4,0.800039,12.532,0.8,0,1
33183,flyer2,9,3.23975,-0.3,0,2
33183,bullet1,8.80462,12.5576,0.8,0,1
33183,bullet3,4.80009,12.5323,0.8,0,1
33183,bullet6,1.35772,13.0896,0.8,0,1
33184,player,0.988474,13.1203,0.0307538,0.0307499,1
33184,flayer8,4.61463,14.6848,-0.216097,0.208091,1
33184,bullet4,4.80004,12.532,0.8,0,1
33188,flyer2,7.5,3.23975,-0.3,0,2
33188,bullet1,12.8046,12.5576,0.8,0,1
33188,bullet3,8.80009,12.5323,0.8,0,1
33188,bullet6,5.35772,13.0896,0.8,0,1
33189,player,0.424699,13.1312,-0.0301872,0.0174825,1
33189,flayer8,3.53414,15.7252,-0.216097,0.208091,1
33189,bullet4,8.80004,12.532,0.8,0,1
33193,flyer2,5.99999,3.23975,-0.3,0,2
33193,bullet1,16.8046,12.5576,0.8,0,1
33193,bullet3,12.8001,12.5323,0.8,0,1
33193,bullet6,9.35772,13.0896,0.8,0,1
33194,player,0.4,12.5567,0,-0.0304321,1
33194,bullet4,12.8,12.532,0.8,0,1
33195,bullet5,0.8,12.543,0.8,0,1
33198,flyer2,4.49999,3.23975,-0.3,0,2
33198,bullet6,13.3577,13.0896,0.8,0,1
33198,bullet2,0.8,12.5328,0.8,0,1
33199,player,0.4,12.5323,0,-0.000561558,1
33200,bullet5,4.8,12.543,0.8,0,1
33200,bullet1,0.8,12.532,0.8,0,1
33203,flyer2,2.99999,3.23975,-0.3,0,2
33203,bullet2,4.8,12.5328,0.8,0,1
33203,bullet3,0.8,12.5318,0.8,0,1
33204,player,0.7375,12.1943,0.3375,-0.33751,1
33205,bullet5,8.8,12.543,0.8,0,1
33205,bullet1,4.8,12.532,0.8,0,1
33208,flyer2,1.49999,3.23975,-0.3,0,2
33208,bullet2,8.8,12.5328,0.8,0,1
33208,bullet3,4.8,12.5318,0.8,0,1
33209,player,1.10764,11.8242,-0.114892,0.114892,1
33210,bullet5,12.8,12.543,0.8,0,1
33210,bullet1,8.8,12.532,0.8,0,1
33213,flyer2,-6.4373e-06,3.23975,-0.3,0,2
33213,bullet2,12.8,12.5328,0.8,0,1
33213,bullet3,8.8,12.5318,0.8,0,1
33214,player,0.525996,10.9905,-0.153995,-0.366135,1
33215,bullet5,16.8,12.543,0.8,0,1
33215,bullet1,12.8,12.532,0.8,0,1
33216,flyer3,16.5,2.34973,-0.255796,0.156743,2
33218,flyer4,16.5,2.34973,-0.3,0,2
33218,bullet3,12.8,12.5318,0.8,0,1
33219,player,0.402325,10.2598,-0.00284164,-0.223136,1
33220,flyer5,16.5,3.66315,-0.3,0,2
33221,flyer3,15.221,3.13345,-0.255796,0.156743,2
33221,bullet4,0.800471,10.1142,0.8,0,1
33223,flyer4,15,2.34973,-0.3,0,2
33224,player,0.889418,10.0806,0.151823,-0.00411749,1
33224,bullet6,1.28942,10.0806,0.8,0,1
33225,flyer5,15,3.66315,-0.3,0,2
33226,flyer3,13.942,3.91717,-0.255796,0.156743,2
33226,bullet4,4.80047,10.1142,0.8,0,1
33226,bullet5,1.38848,10.078,0.8,0,1
33228,flyer4,13.5,2.34973,-0.3,0,2
33229,player,0.673844,10.0773,-0.334698,-7.59792e-05,1
33229,bullet6,5.28942,10.0806,0.8,0,1
33230,flyer5,13.5,3.66315,-0.3,0,2
33231,flyer3,12.6631,4.70088,-0.255796,0.156743,2
33231,bullet4,8.80047,10.1142,0.8,0,1
33231,bullet5,5.38848,10.078,0.8,0,1
33231,bullet2,0.855454,10.0773,0.8,0,1
33233,flyer4,12,2.34973,-0.3,0,2
33234,player,0.405053,9.5879,-0.00617613,-0.151876,1
33234,bullet6,9.28942,10.0806,0.8,0,1
33235,flyer5,12,3.66315,-0.3,0,2
33236,flyer3,11.3841,5.4846,-0.255796,0.156743,2
33236,bullet4,12.8005,10.1142,0.8,0,1
33236,bullet5,9.38848,10.078,0.8,0,1
33236,bullet2,4.85545,10.0773,0.8,0,1
33238,flyer4,10.5,2.34973,-0.3,0,2
33239,player,0.4,9.71691,-0,-0.309548,1
33239,bullet6,13.2894,10.0806,0.8,0,1
33240,flyer5,10.5,3.66315,-0.3,0,2
33241,flyer3,10.1051,6.26832,-0.255796,0.156743,2
33241,bullet5,13.3885,10.078,0.8,0,1
33241,bullet2,8.85545,10.0773,0.8,0,1
33242,bullet1,0.8,9.48672,0.8,0,1
33243,flyer4,9,2.34973,-0.3,0,2
33244,player,0.4,9.95769,0,0.146163,1
33245,flyer5,9,3.66315,-0.3,0,2
33245,bullet3,0.8,10.0235,0.8,0,1
33246,flyer3,8.82613,7.05204,-0.255796,0.156743,2
33246,bullet2,12.8555,10.0773,0.8,0,1
33247,bullet1,4.8,9.48672,0.8,0,1
33248,flyer4,7.5,2.34973,-0.3,0,2
33249,player,0.4,9.97597,0,0.123817,1
33250,flyer5,7.5,3.66315,-0.3,0,2
33250,bullet3,4.8,10.0235,0.8,0,1
33251,flyer3,7.54716,7.83576,-0.255796,0.156743,2
33252,bullet1,8.8,9.48672,0.8,0,1
33252,bullet4,0.8,10.068,0.8,0,1
33253,flyer4,5.99999,2.34973,-0.3,0,2
33254,player,0.4,10.0754,0,0.00228478,1
33255,flyer5,5.99999,3.66315,-0.3,0,2
33255,bullet3,8.8,10.0235,0.8,0,1
33256,flyer3,6.26818,8.61947,-0.255796,0.156743,2
33257,bullet1,12.8,9.48672,0.8,0,1
33257,bullet4,4.8,10.068,0.8,0,1
33258,flyer4,4.49999,2.34973,-0.3,0,2
33259,player,0.4,8.88646,-0,-0.0445521,1
33260,flyer5,4.49999,3.66315,-0.3,0,2
33260,bullet3,12.8,10.0235,0.8,0,1
33261,flyer3,4.9892,9.40319,-0.255796,0.156743,2
33262,bullet4,8.8,10.068,0.8,0,1
33263,flyer4,2.99999,2.34973,-0.3,0,2
33264,player,0.4,9.08908,-0,0.457798,1
33265,flyer5,2.99999,3.66315,-0.3,0,2
33266,flyer3,3.71022,10.1869,-0.255796,0.156743,2
33267,bullet4,12.8,10.068,0.8,0,1
33268,flyer4,1.49999,2.34973,-0.3,0,2
33268,bullet6,0.8,9.44828,0.8,0,1
33269,player,0.4,9.45673,0,0.00844766,1
33270,flyer5,1.49999,3.66315,-0.3,0,2
33270,bullet5,0.8,9.46054,0.8,0,1
33271,flyer3,2.43124,10.9706,-0.255796,0.156743,2
33271,bullet2,0.8,9.46224,0.8,0,1
33273,flyer4,-6.4373e-06,2.34973,-0.3,0,2
33273,bullet6,4.8,9.44828,0.8,0,1
33273,bullet1,0.8,9.46336,0.8,0,1
33274,player,0.4,9.46352,0,0.000155883,1
33275,flyer5,-6.4373e-06,3.66315,-0.3,0,2
33275,bullet5,4.8,9.46054,0.8,0,1
33276,flyer3,1.15226,11.7543,-0.255796,0.156743,2
33276,bullet2,4.8,9.46224,0.8,0,1
33278,bullet6,8.8,9.44828,0.8,0,1
33278,bullet1,4.8,9.46336,0.8,0,1
33279,player,1.00231,8.86133,0.0138396,-0.0138367,1
33280,bullet5,8.8,9.46054,0.8,0,1
33281,flyer3,-0.126721,12.538,-0.255796,0.156743,2
33281,bullet2,8.8,9.46224,0.8,0,1
33283,bullet6,12.8,9.44828,0.8,0,1
33283,bullet1,8.8,9.46336,0.8,0,1
33284,player,2.10512,9.55163,0.16597,-0.107536,1
33285,bullet5,12.8,9.46054,0.8,0,1
33286,bullet2,12.8,9.46224,0.8,0,1
33288,flyer6,16.5,3.66315,-0.219189,0.204832,2
33288,bullet1,12.8,9.46336,0.8,0,1
33288,bullet3,2.63534,9.46726,0.8,0,1
33289,player,2.2384,9.46527,0.00306261,-0.00198434,1
33291,flayer7,16.5,3.66315,-0.255416,-0.157361,2
33292,bullet4,2.64068,9.4638,0.8,0,1
33293,flyer6,15.4041,4.68731,-0.219189,0.204832,2
33293,bullet3,6.63534,9.46726,0.8,0,1
33293,bullet6,2.64081,9.46372,0.8,0,1
33294,player,2.24086,9.46368,5.65138e-05,-3.66167e-05,1
33295,bullet5,2.64089,9.46367,0.8,0,1
33296,flayer7,15.2229,2.87634,-0.255416,-0.157361,2
33297,bullet4,6.64068,9.4638,0.8,0,1
33298,flyer6,14.3081,5.71147,-0.219189,0.204832,2
33298,bullet3,10.6353,9.46726,0.8,0,1
33298,bullet6,6.64081,9.46372,0.8,0,1
33299,player,1.65244,8.87518,-0.0307536,-0.0307554,1
33300,bullet5,6.64089,9.46367,0.8,0,1
33301,flayer7,13.9458,2.08953,-0.255416,-0.157361,2
33302,bullet4,10.6407,9.4638,0.8,0,1
33303,flyer6,13.2122,6.73562,-0.219189,0.204832,2
33303,bullet3,14.6353,9.46726,0.8,0,1
33303,bullet6,10.6408,9.46372,0.8,0,1
33304,player,2.21621,8.85048,0.0301872,-0.000567523,1
33305,bullet5,10.6409,9.46367,0.8,0,1
33306,flayer7,12.6688,1.30273,-0.255416,-0.157361,2
33307,bullet4,14.6407,9.4638,0.8,0,1
33308,flyer6,12.1162,7.75978,-0.219189,0.204832,2
33308,bullet6,14.6408,9.46372,0.8,0,1
33308,bullet2,2.6399,7.70384,0.8,0,1
33309,player,2.57795,7.65923,0.338057,-0.0446048,1
33310,bullet5,14.6409,9.46367,0.8,0,1
33311,flayer7,11.3917,0.51592,-0.255416,-0.157361,2
33311,bullet1,3.19854,7.63013,0.8,0,1
33313,flyer6,11.0203,8.78394,-0.219189,0.204832,2
33313,bullet2,6.6399,7.70384,0.8,0,1
33314,player,2.29172,8.18113,-0.0621057,0.0675207,1
33316,flayer7,10.1146,-0.270887,-0.255416,-0.157361,2
33316,bullet1,7.19854,7.63013,0.8,0,1
33318,flyer6,9.92431,9.8081,-0.219189,0.204832,2
33318,flyer1,16.5,3.66315,-0.297344,-0.0398305,2
33318,bullet2,10.6399,7.70384,0.8,0,1
33319,player,1.05106,8.23536,-0.0457403,0.00124595,1
33319,bullet3,0.65106,8.23536,-0.8,-6.99382e-08,1
33321,bullet1,11.1985,7.63013,0.8,0,1
33321,bullet4,1.42121,8.23617,0.8,0,1
33323,flyer6,8.82836,10.8323,-0.219189,0.204832,2
33323,flyer1,15.0133,3.464,-0.297344,-0.0398305,2
33323,bullet2,14.6399,7.70384,0.8,0,1
33324,player,1.01433,8.79408,-0.000844038,0.0683667,1
33326,bullet1,15.1985,7.63013,0.8,0,1
33326,bullet4,5.42121,8.23617,0.8,0,1
33328,flyer6,7.73242,11.8564,-0.219189,0.204832,2
33328,flyer1,13.5266,3.26485,-0.297344,-0.0398305,2
33328,flayer8,16.5,2.33417,-0.3,0,2
33328,bullet6,0.8,8.84772,0.8,0,1
33329,player,0.4,8.84898,0,0.00126156,1
33329,bullet5,0.8,8.84898,0.8,0,1
33331,bullet4,9.42122,8.23617,0.8,0,1
33331,bullet3,0.8,8.8498,0.8,0,1
33333,flyer6,6.63647,12.8806,-0.219189,0.204832,2
33333,flyer1,12.0398,3.06569,-0.297344,-0.0398305,2
33333,flayer8,15,2.33417,-0.3,0,2
33333,bullet6,4.8,8.84772,0.8,0,1
33334,player,0.957719,8.84999,0.0683438,2.32793e-05,1
33334,bullet5,4.8,8.84898,0.8,0,1
33336,bullet4,13.4212,8.23617,0.8,0,1
33336,bullet3,4.8,8.8498,0.8,0,1
33338,flyer6,5.54053,13.9047,-0.219189,0.204832,2
33338,flyer1,10.5531,2.86654,-0.297344,-0.0398305,2
33338,flayer8,13.5,2.33417,-0.3,0,2
33338,bullet6,8.8,8.84772,0.8,0,1
33339,player,0.454886,9.40773,-0.0670826,0.0683442,1
33339,bullet5,8.8,8.84898,0.8,0,1
33341,bullet3,8.8,8.8498,0.8,0,1
33341,bullet2,0.811115,9.45232,0.8,0,1
33343,flyer6,4.44458,14.9289,-0.219189,0.204832,2
33343,flyer1,9.06639,2.66739,-0.297344,-0.0398305,2
33343,flayer8,12,2.33417,-0.3,0,2
33343,bullet6,12.8,8.84772,0.8,0,1
33344,player,0.401013,9.46262,-0.00123786,0.00126114,1
33344,bullet5,12.8,8.84898,0.8,0,1
33346,bullet3,12.8,8.8498,0.8,0,1
33346,bullet2,4.81111,9.45232,0.8,0,1
33348,flyer6,3.34863,15.9531,-0.219189,0.204832,2
33348,flyer1,7.57967,2.46824,-0.297344,-0.0398305,2
33348,flayer8,10.5,2.33417,-0.3,0,2
33349,player,0.4,10.5415,0,0.182653,1
33351,flyer2,16.5,2.33417,-0.295056,-0.0542419,2
33351,bullet2,8.81112,9.45232,0.8,0,1
33351,bullet1,1.28938,10.1713,0.8,0,1
33353,flyer1,6.09295,2.26908,-0.297344,-0.0398305,2
33353,flayer8,9,2.33417,-0.3,0,2
33354,player,0.512938,10.5752,-0.138035,0.141406,1
33354,bullet4,0.912938,10.5752,0.8,0,1
33356,flyer2,15.0247,2.06296,-0.295056,-0.0542419,2
33356,bullet2,12.8111,9.45232,0.8,0,1
33356,bullet1,5.28938,10.1713,0.8,0,1
33358,flyer1,4.60623,2.06993,-0.297344,-0.0398305,2
33358,flayer8,7.5,2.33417,-0.3,0,2
33359,player,0.4,10.7879,0,-0.118511,1
33359,bullet4,4.91294,10.5752,0.8,0,1
33360,bullet6,0.8,10.7346,0.8,0,1
33361,flyer2,13.5494,1.79175,-0.295056,-0.0542419,2
33361,bullet1,9.28938,10.1713,0.8,0,1
33361,bullet5,0.8,10.7106,0.8,0,1
33363,flyer1,3.11951,1.87078,-0.297344,-0.0398305,2
33363,flayer8,5.99999,2.33417,-0.3,0,2
33364,player,0.4,11.1821,0,0.149688,1
33364,bullet4,8.91294,10.5752,0.8,0,1
33365,bullet6,4.8,10.7346,0.8,0,1
33366,flyer2,12.0742,1.52054,-0.295056,-0.0542419,2
33366,bullet1,13.2894,10.1713,0.8,0,1
33366,bullet5,4.8,10.7106,0.8,0,1
33368,flyer1,1.63279,1.67163,-0.297344,-0.0398305,2
33368,flayer8,4.49999,2.33417,-0.3,0,2
33369,player,0.4,11.3023,0,0.00276217,1
33369,bullet4,12.9129,10.5752,0.8,0,1
33370,bullet6,8.8,10.7346,0.8,0,1
33371,flyer2,10.5989,1.24933,-0.295056,-0.0542419,2
33371,bullet5,8.8,10.7106,0.8,0,1
33373,flyer1,0.146069,1.47247,-0.297344,-0.0398305,2
33373,flayer8,2.99999,2.33417,-0.3,0,2
33374,player,0.7375,12.4953,0.3375,0.0446453,1
33375,bullet6,12.8,10.7346,0.8,0,1
33376,flyer2,9.12362,0.978121,-0.295056,-0.0542419,2
33376,bullet5,12.8,10.7106,0.8,0,1
33376,bullet3,1.35772,12.5244,0.8,0,1
33377,bullet2,1.38847,12.5285,0.8,0,1
33378,flayer8,1.49999,2.33417,-0.3,0,2
33379,player,1.00854,12.5312,0.00622782,0.000823831,1
33381,flyer2,7.64834,0.706911,-0.295056,-0.0542419,2
33381,bullet3,5.35772,12.5244,0.8,0,1
33381,bullet1,1.4126,12.5317,0.8,0,1
33382,bullet2,5.38847,12.5285,0.8,0,1
33383,flayer8,-6.4373e-06,2.33417,-0.3,0,2
33384,player,1.01354,12.5318,0.000114921,1.5202e-05,1
33384,bullet4,1.41354,12.5318,0.8,0,1
33386,flyer2,6.17306,0.435702,-0.295056,-0.0542419,2
33386,bullet3,9.35772,12.5244,0.8,0,1
33386,bullet1,5.4126,12.5317,0.8,0,1
33387,bullet2,9.38847,12.5285,0.8,0,1
33389,player,0.4,13.4578,-0,0.368255,1
33389,bullet4,5.41354,12.5318,0.8,0,1
33391,flyer2,4.69778,0.164492,-0.295056,-0.0542419,2
33391,bullet3,13.3577,12.5244,0.8,0,1
33391,bullet1,9.41261,12.5317,0.8,0,1
33392,bullet2,13.3885,12.5285,0.8,0,1
33394,player,0.4,13.7535,0,0.00679534,1
33394,bullet4,9.41354,12.5318,0.8,0,1
33396,flyer2,3.22251,-0.106718,-0.295056,-0.0542419,2
33396,flyer4,16.5,9.75629,-0.3,0,2
33396,bullet1,13.4126,12.5317,0.8,0,1
33396,bullet6,0.8,13.758,0.8,0,1
33397,bullet5,0.8,13.7586,0.8,0,1
33399,player,0.4,13.759,0,0.000125393,1
33399,bullet4,13.4135,12.5318,0.8,0,1
33401,flyer2,1.74723,-0.377927,-0.295056,-0.0542419,2
33401,flyer4,15,9.75629,-0.3,0,2
33401,bullet6,4.8,13.758,0.8,0,1
33402,bullet5,4.8,13.7586,0.8,0,1
33403,bullet3,1.35772,14.3168,0.8,0,1
33404,player,0.988474,14.3476,0.0307547,0.030757,1
33404,bullet2,1.38847,14.3476,0.8,0,1
33406,flyer4,13.5,9.75629,-0.3,0,2
33406,bullet6,8.8,13.758,0.8,0,1
33407,bullet5,8.8,13.7586,0.8,0,1
33408,bullet3,5.35772,14.3168,0.8,0,1
33409,player,0.424699,14.1213,-0.0301872,0.307313,1
33409,bullet2,5.38847,14.3476,0.8,0,1
33411,flyer4,12,9.75629,-0.3,0,2
33411,bullet6,12.8,13.758,0.8,0,1
33412,bullet5,12.8,13.7586,0.8,0,1
33413,bullet3,9.35772,14.3168,0.8,0,1
33414,player,0.4,14.3681,0,0.00567079,1
33414,bullet2,9.38847,14.3476,0.8,0,1
33416,flyer4,10.5,9.75629,-0.3,0,2
33417,flyer5,16.5,9.75629,-0.3,0,2
33418,bullet3,13.3577,14.3168,0.8,0,1
33419,player,1.54619,13.8149,0.0990984,-0.0682391,1
33419,bullet2,13.3885,14.3476,0.8,0,1
33419,bullet1,1.94619,13.8149,0.8,0,1
33420,bullet4,1.99079,13.7842,0.8,0,1
33421,flyer4,9,9.75629,-0.3,0,2
33422,flyer5,15,9.75629,-0.3,0,2
33424,player,2.52099,13.9804,0.407672,-0.270415,1
33424,bullet1,5.94619,13.8149,0.8,0,1
33425,bullet4,5.99079,13.7842,0.8,0,1
33426,flyer4,7.5,9.75629,-0.3,0,2
33426,bullet6,3.187,13.8039,0.8,0,1
33427,flyer5,13.5,9.75629,-0.3,0,2
33427,bullet5,3.22415,13.7793,0.8,0,1
33429,player,2.84839,13.7632,0.0075227,-0.00498993,1
33429,bullet1,9.94619,13.8149,0.8,0,1
33430,bullet4,9.99079,13.7842,0.8,0,1
33431,flyer4,5.99999,9.75629,-0.3,0,2
33431,bullet6,7.187,13.8039,0.8,0,1
33432,flyer5,12,9.75629,-0.3,0,2
33432,bullet5,7.22415,13.7793,0.8,0,1
33434,player,2.85443,13.7592,0.000138815,-9.20782e-05,1
33434,bullet1,13.9462,13.8149,0.8,0,1
33435,bullet4,13.9908,13.7842,0.8,0,1
33436,flyer4,4.49999,9.75629,-0.3,0,2
33436,bullet6,11.187,13.8039,0.8,0,1
33437,flyer5,10.5,9.75629,-0.3,0,2
33437,bullet5,11.2242,13.7793,0.8,0,1
33439,player,3.07476,14.0966,-0.269154,0.337498,1
33441,flyer4,2.99999,9.75629,-0.3,0,2
33441,bullet6,15.187,13.8039,0.8,0,1
33442,flyer5,9,9.75629,-0.3,0,2
33442,bullet5,15.2242,13.7793,0.8,0,1
33443,flyer3,16.5,9.75629,-0.3,0,2
33444,player,1.96339,14.0301,-0.41081,-0.331272,1
33444,flayer7,16.5,9.75629,-0.3,0,2
33445,bullet3,2.17853,13.8811,0.8,0,1
33446,flyer4,1.49999,9.75629,-0.3,0,2
33447,flyer5,7.5,9.75629,-0.3,0,2
33448,flyer3,15,9.75629,-0.3,0,2
33449,player,0.586381,14.8112,-0.227799,0.214106,1
33449,flayer7,15,9.75629,-0.3,0,2
33450,bullet3,6.17853,13.8811,0.8,0,1
33451,flyer4,-6.4373e-06,9.75629,-0.3,0,2
33452,flyer5,5.99999,9.75629,-0.3,0,2
33452,bullet2,1.3747,14.4127,0.8,0,1
33453,flyer3,13.5,9.75629,-0.3,0,2
33454,player,1.00575,14.3808,0.00963607,-0.00988876,1
33454,flayer7,13.5,9.75629,-0.3,0,2
33454,bullet1,1.40575,14.3808,0.8,0,1
33455,bullet3,10.1785,13.8811,0.8,0,1
33455,bullet4,1.41009,14.3764,0.8,0,1
33457,flyer5,4.49999,9.75629,-0.3,0,2
33457,bullet2,5.3747,14.4127,0.8,0,1
33458,flyer3,12,9.75629,-0.3,0,2
33459,player,0.455772,14.9306,-0.0681659,0.0681613,1
33459,flayer7,12,9.75629,-0.3,0,2
33459,bullet1,5.40575,14.3808,0.8,0,1
33460,bullet3,14.1785,13.8811,0.8,0,1
33460,bullet4,5.41009,14.3764,0.8,0,1
33462,flyer5,2.99999,9.75629,-0.3,0,2
33462,bullet2,9.3747,14.4127,0.8,0,1
33463,flyer3,10.5,9.75629,-0.3,0,2
33464,player,0.500127,15.4747,-0.122378,0.153133,1
33464,flayer7,10.5,9.75629,-0.3,0,2
33464,bullet1,9.40575,14.3808,0.8,0,1
33465,bullet4,9.41009,14.3764,0.8,0,1
33465,bullet6,0.845057,15.5436,0.8,0,1
33467,flyer5,1.49999,9.75629,-0.3,0,2
33467,bullet2,13.3747,14.4127,0.8,0,1
33468,flyer3,9,9.75629,-0.3,0,2
33469,player,0.891222,15.5977,0.149617,0.00282573,1
33469,flayer7,9,9.75629,-0.3,0,2
33469,bullet1,13.4058,14.3808,0.8,0,1
33470,bullet4,13.4101,14.3764,0.8,0,1
33470,bullet6,4.84506,15.5436,0.8,0,1
33471,bullet5,1.38885,15.5995,0.8,0,1
33472,flyer5,-6.4373e-06,9.75629,-0.3,0,2
33473,flyer3,7.5,9.75629,-0.3,0,2
33473,bullet3,1.40862,15.5999,0.8,0,1
33474,player,1.01138,15.6,0.00276085,5.21427e-05,1
33474,flayer7,7.5,9.75629,-0.3,0,2
33475,bullet6,8.84506,15.5436,0.8,0,1
33475,bullet2,1.41262,15.6,0.8,0,1
33476,bullet5,5.38885,15.5995,0.8,0,1
33478,flyer3,5.99999,9.75629,-0.3,0,2
33478,bullet3,5.40862,15.5999,0.8,0,1
33479,player,0.94525,15.6,0.0835822,0,1
33479,flayer7,5.99999,9.75629,-0.3,0,2
33480,bullet6,12.8451,15.5436,0.8,0,1
33480,bullet2,5.41262,15.6,0.8,0,1
33481,bullet5,9.38885,15.5995,0.8,0,1
33483,flyer3,4.49999,9.75629,-0.3,0,2
33483,bullet3,9.40862,15.5999,0.8,0,1
33484,player,1.01237,15.6,0.00154233,0,1
33484,flayer7,4.49999,9.75629,-0.3,0,2
33485,bullet2,9.41262,15.6,0.8,0,1
33485,bullet1,1.41307,15.6,0.8,0,1
33486,bullet5,13.3888,15.5995,0.8,0,1
33488,flyer3,2.99999,9.75629,-0.3,0,2
33488,bullet3,13.4086,15.5999,0.8,0,1
33489,player,1.01361,15.6,2.84603e-05,0,1
33489,flayer7,2.99999,9.75629,-0.3,0,2
33490,bullet2,13.4126,15.6,0.8,0,1
33490,bullet1,5.41307,15.6,0.8,0,1
33493,flyer3,1.49999,9.75629,-0.3,0,2
33494,player,1.51685,15.6,0.13496,0,1
33494,flayer7,1.49999,9.75629,-0.3,0,2
33494,flyer6,16.5,0.73611,-0.276036,-0.117491,2
33495,bullet1,9.41307,15.6,0.8,0,1
33495,bullet4,1.97758,15.6,0.8,0,1
33498,flyer3,-6.4373e-06,9.75629,-0.3,0,2
33499,player,0.547386,15.6,-0.180139,0,1
33499,flayer7,-6.4373e-06,9.75629,-0.3,0,2
33499,flyer6,15.1198,0.148656,-0.276036,-0.117491,2
33500,bullet1,13.4131,15.6,0.8,0,1
33500,bullet4,5.97758,15.6,0.8,0,1
33501,flyer1,16.5,0.73611,-0.279977,0.107762,2
33502,bullet6,0.571149,15.6,-0.8,-6.99382e-08,1
33503,bullet5,1.39452,15.6,0.8,0,1
33504,player,1.00503,15.6,0.0105155,0,1
33504,flyer6,13.7396,-0.438799,-0.276036,-0.117491,2
33505,flayer8,16.5,15.3359,-0.294195,-0.0587292,2
33505,bullet4,9.97758,15.6,0.8,0,1
33505,bullet3,1.40976,15.6,0.8,0,1
33506,flyer1,15.1001,1.27492,-0.279977,0.107762,2
33508,bullet5,5.39452,15.6,0.8,0,1
33509,player,1.01348,15.0423,0.000194041,-0.0683438,1
33509,bullet2,1.41348,15.0423,0.8,0,1
33510,flayer8,15.029,15.0422,-0.294195,-0.0587292,2
33510,bullet4,13.9776,15.6,0.8,0,1
33510,bullet3,5.40976,15.6,0.8,0,1
33511,flyer1,13.7002,1.81373,-0.279977,0.107762,2
33512,bullet1,0.855903,14.9915,0.8,0,1
33513,bullet5,9.39452,15.6,0.8,0,1
33514,player,0.41132,14.9874,-0.013836,-0.00126113,1
33514,bullet2,5.41348,15.0423,0.8,0,1
33515,flayer8,13.558,14.7486,-0.294195,-0.0587292,1
33515,bullet3,9.40977,15.6,0.8,0,1
33516,flyer1,12.3003,2.35254,-0.279977,0.107762,2
33517,bullet1,4.8559,14.9915,0.8,0,1
33518,bullet5,13.3945,15.6,0.8,0,1
33519,player,0.400209,15.5887,-0.000255314,0.0138163,1
33519,bullet2,9.41348,15.0423,0.8,0,1
33520,flayer8,12.0871,14.4549,-0.294195,-0.0587292,1
33520,bullet3,13.4098,15.6,0.8,0,1
33521,flyer1,10.9004,2.89135,-0.279977,0.107762,2
33522,bullet1,8.8559,14.9915,0.8,0,1
33523,bullet6,0.8,15.5995,0.8,0,1
33524,player,0.4,15.5998,0,0.00025495,1
33526,flyer1,9.50056,3.43016,-0.279977,0.107762,2
33526,bullet4,0.8,15.6,0.8,0,1
33527,bullet1,12.8559,14.9915,0.8,0,1
33527,bullet2,0.8,15.6,0.8,0,1
33528,bullet6,4.8,15.5995,0.8,0,1
33529,player,0.4,15.6,0,0,1
33531,flyer1,8.10067,3.96897,-0.279977,0.107762,2
33531,bullet4,4.8,15.6,0.8,0,1
33532,bullet2,4.8,15.6,0.8,0,1
33533,bullet6,8.8,15.5995,0.8,0,1
33533,bullet5,0.8,15.6,0.8,0,1
33534,player,0.4,15.6,0,0,1
33536,flyer1,6.70078,4.50779,-0.279977,0.107762,2
33536,bullet4,8.8,15.6,0.8,0,1
33537,bullet2,8.8,15.6,0.8,0,1
33538,bullet6,12.8,15.5995,0.8,0,1
33538,bullet5,4.8,15.6,0.8,0,1
33539,player,0.7375,15.6,0.3375,0,1
33541,flyer1,5.30089,5.0466,-0.279977,0.107762,2
33541,bullet4,12.8,15.6,0.8,0,1
33542,bullet2,12.8,15.6,0.8,0,1
33543,bullet5,8.8,15.6,0.8,0,1
33544,player,1.49792,15.6,0.158103,0,1
33546,flyer1,3.90101,5.58541,-0.279977,0.107762,2
33546,flyer2,16.5,2.92693,-0.286422,0.0892339,2
33546,bullet3,2.00108,15.6,0.8,0,1
33548,bullet5,12.8,15.6,0.8,0,1
33549,player,0.729667,14.7048,-0.402926,-0.405844,1
33550,bullet1,0.94835,14.5222,0.8,0,1
33551,flyer1,2.50112,6.12422,-0.279977,0.107762,2
33551,flyer2,15.0679,3.3731,-0.286422,0.0892339,2
33551,bullet3,6.00108,15.6,0.8,0,1
33553,bullet6,0.813519,14.3863,0.8,0,1
33554,player,0.406084,14.3789,-0.00743512,-0.00748896,1
33554,bullet4,0.00608358,14.3789,-0.8,-6.99382e-08,1
33555,bullet1,4.94835,14.5222,0.8,0,1
33556,flyer1,1.10123,6.66303,-0.279977,0.107762,2
33556,flyer2,13.6358,3.81926,-0.286422,0.0892339,2
33556,bullet3,10.0011,15.6,0.8,0,1
33556,bullet2,0.801232,14.374,0.8,0,1
33558,bullet6,4.81352,14.3863,0.8,0,1
33559,player,0.400113,14.3728,-0.000137199,-0.000138192,1
33560,bullet1,8.94835,14.5222,0.8,0,1
33561,flyer1,-0.298654,7.20184,-0.279977,0.107762,2
33561,flyer2,12.2037,4.26543,-0.286422,0.0892339,2
33561,bullet3,14.0011,15.6,0.8,0,1
33561,bullet2,4.80123,14.374,0.8,0,1
33563,bullet6,8.81352,14.3863,0.8,0,1
33564,player,0.737502,14.7102,0.337497,0.337497,1
33565,bullet1,12.9484,14.5222,0.8,0,1
33566,flyer2,10.7716,4.7116,-0.286422,0.0892339,2
33566,bullet2,8.80123,14.374,0.8,0,1
33567,bullet5,1.38847,15.4506,0.8,0,1
33568,bullet6,12.8135,14.3863,0.8,0,1
33569,player,1.00854,15.2322,0.00622778,-0.300518,1
33571,flyer2,9.33946,5.15777,-0.286422,0.0892339,2
33571,bullet2,12.8012,14.374,0.8,0,1
33571,bullet4,1.4126,15.0362,0.8,0,1
33572,bullet5,5.38847,15.4506,0.8,0,1
33574,player,1.01354,14.6534,0.00011492,-0.343045,1
33576,flyer2,7.90735,5.60394,-0.286422,0.0892339,2
33576,flyer4,16.5,2.92693,-0.3,0,2
33576,bullet4,5.41261,15.0362,0.8,0,1
33577,bullet5,9.38847,15.4506,0.8,0,1
33577,bullet3,1.903,14.8877,0.8,0,1
33579,player,1.60211,14.9664,0.0307568,0.0244245,1
33579,bullet1,2.00211,14.9664,0.8,0,1
33581,flyer2,6.47524,6.05011,-0.286422,0.0892339,2
33581,flyer4,15,2.92693,-0.3,0,2
33581,bullet4,9.41261,15.0362,0.8,0,1
33582,bullet5,13.3885,15.4506,0.8,0,1
33582,bullet3,5.903,14.8877,0.8,0,1
33584,player,1.03834,14.3975,-0.0301871,-0.030304,1
33584,bullet1,6.00211,14.9664,0.8,0,1
33586,flyer2,5.04313,6.49628,-0.286422,0.0892339,2
33586,flyer4,13.5,2.92693,-0.3,0,2
33586,bullet4,13.4126,15.0362,0.8,0,1
33586,bullet6,1.41864,14.3777,0.8,0,1
33587,bullet3,9.903,14.8877,0.8,0,1
33589,player,1.01409,13.8838,-0.000557038,-0.152434,1
33589,bullet1,10.0021,14.9664,0.8,0,1
33591,flyer2,3.61102,6.94245,-0.286422,0.0892339,2
33591,flyer4,12,2.92693,-0.3,0,2
33591,bullet6,5.41864,14.3777,0.8,0,1
33592,bullet3,13.903,14.8877,0.8,0,1
33594,player,0.455927,14.3499,-0.068354,0.0279418,1
33594,bullet1,14.0021,14.9664,0.8,0,1
33596,flyer2,2.17891,7.38862,-0.286422,0.0892339,2
33596,flyer4,10.5,2.92693,-0.3,0,2
33596,bullet6,9.41864,14.3777,0.8,0,1
33596,bullet2,1.3007,14.8575,0.8,0,1
33599,player,0.4,15.6,-0.238398,0.251865,1
33601,flyer2,0.746806,7.83479,-0.286422,0.0892339,2
33601,flyer4,9,2.92693,-0.3,0,2
33601,bullet6,13.4186,14.3777,0.8,0,1
33601,bullet2,5.3007,14.8575,0.8,0,1
33603,bullet5,0.8,15.6,0.8,0,1
33604,player,0.4,15.6,0,0,1
33605,bullet4,0.8,15.6,0.8,0,1
33606,flyer4,7.5,2.92693,-0.3,0,2
33606,bullet2,9.3007,14.8575,0.8,0,1
33606,bullet3,0.8,15.6,0.8,0,1
33608,bullet5,4.8,15.6,0.8,0,1
33609,player,0.4,15.6,0,0,1
33610,bullet4,4.8,15.6,0.8,0,1
33611,flyer4,5.99999,2.92693,-0.3,0,2
33611,bullet2,13.3007,14.8575,0.8,0,1
33611,bullet3,4.8,15.6,0.8,0,1
33613,bullet5,8.8,15.6,0.8,0,1
33614,player,0.4,15.5317,0,0.0835313,1
33615,bullet4,8.8,15.6,0.8,0,1
33616,flyer4,4.49999,2.92693,-0.3,0,2
33616,bullet3,8.8,15.6,0.8,0,1
33616,bullet1,0.8,15.5862,0.8,0,1
33618,bullet5,12.8,15.6,0.8,0,1
33619,player,0.4,15.6,-0,0,1
33620,bullet4,12.8,15.6,0.8,0,1
33621,flyer4,2.99999,2.92693,-0.3,0,2
33621,bullet3,12.8,15.6,0.8,0,1
33621,bullet1,4.8,15.5862,0.8,0,1
33624,player,0.4,15.6,0,0,1
33625,flyer5,16.5,2.92693,-0.292374,0.0672118,2
33626,flyer4,1.49999,2.92693,-0.3,0,2
33626,flyer3,16.5,1.05328,-0.3,0,2
33626,bullet1,8.8,15.5862,0.8,0,1
33626,bullet6,0.8,15.6,0.8,0,1
33629,player,0.957719,15.6,0.0683438,0,1
33629,bullet2,1.35772,15.6,0.8,0,1
33630,flyer5,15.0381,3.26299,-0.292374,0.0672118,2
33631,flyer4,-6.4373e-06,2.92693,-0.3,0,2
33631,flyer3,15,1.05328,-0.3,0,2
33631,bullet1,12.8,15.5862,0.8,0,1
33631,bullet6,4.8,15.6,0.8,0,1
33634,player,1.83514,14.44,-0.254056,-0.0821834,1
33634,bullet2,5.35772,15.6,0.8,0,1
33635,flyer5,13.5763,3.59904,-0.292374,0.0672118,2
33636,flyer3,13.5,1.05328,-0.3,0,2
33636,bullet6,8.8,15.6,0.8,0,1
33636,bullet5,2.06937,14.3863,0.8,0,1
33637,bullet4,2.04621,14.3789,0.8,0,1
33639,player,1.63111,14.374,-0.00468804,-0.00151651,1
33639,bullet2,9.35772,15.6,0.8,0,1
33640,flyer5,12.1144,3.9351,-0.292374,0.0672118,2
33641,flyer3,12,1.05328,-0.3,0,2
33641,bullet6,12.8,15.6,0.8,0,1
33641,bullet5,6.06937,14.3863,0.8,0,1
33642,bullet4,6.04621,14.3789,0.8,0,1
33644,player,1.62734,14.3727,-8.65075e-05,-2.7984e-05,1
33644,bullet2,13.3577,15.6,0.8,0,1
33645,flyer5,10.6525,4.27116,-0.292374,0.0672118,2
33646,flyer3,10.5,1.05328,-0.3,0,2
33646,bullet5,10.0694,14.3863,0.8,0,1
33647,bullet4,10.0462,14.3789,0.8,0,1
33648,bullet3,2.02728,14.3727,0.8,0,1
33649,player,1.62727,14.3727,-1.59631e-06,-5.16383e-07,1
33650,flyer5,9.19066,4.60722,-0.292374,0.0672118,2
33650,bullet1,1.22727,14.3727,-0.8,-6.99382e-08,1
33651,flyer3,9,1.05328,-0.3,0,2
33651,bullet5,14.0694,14.3863,0.8,0,1
33652,bullet4,14.0462,14.3789,0.8,0,1
33653,bullet3,6.02728,14.3727,0.8,0,1
33653,bullet6,2.02727,14.3727,0.8,0,1
33654,player,1.62727,14.3727,-2.94564e-08,-9.52871e-09,1
33654,bullet2,2.02727,14.3727,0.8,0,1
33655,flyer5,7.72879,4.94328,-0.292374,0.0672118,2
33656,flyer3,7.5,1.05328,-0.3,0,2
33658,bullet3,10.0273,14.3727,0.8,0,1
33658,bullet6,6.02727,14.3727,0.8,0,1
33658,bullet1,2.02727,14.3727,0.8,0,1
33659,player,1.62727,14.3727,-5.43552e-10,-1.75832e-10,1
33659,bullet2,6.02727,14.3727,0.8,0,1
33660,flyer5,6.26692,5.27934,-0.292374,0.0672118,2
33661,flyer3,5.99999,1.05328,-0.3,0,2
33663,bullet3,14.0273,14.3727,0.8,0,1
33663,bullet6,10.0273,14.3727,0.8,0,1
33663,bullet1,6.02727,14.3727,0.8,0,1
33664,player,1.62727,14.1343,-1.00301e-11,-0.45862,1
33664,bullet2,10.0273,14.3727,0.8,0,1
33665,flyer5,4.80505,5.6154,-0.292374,0.0672118,2
33666,flyer3,4.49999,1.05328,-0.3,0,2
33668,bullet6,14.0273,14.3727,0.8,0,1
33668,bullet1,10.0273,14.3727,0.8,0,1
33669,player,1.1379,13.2083,-0.151875,-0.0768066,1
33669,bullet2,14.0273,14.3727,0.8,0,1
33670,flyer5,3.34318,5.95145,-0.292374,0.0672118,2
33670,bullet5,1.46955,13.1737,0.8,0,1
33671,flyer3,2.99999,1.05328,-0.3,0,2
33671,bullet4,1.4388,13.1582,0.8,0,1
33673,bullet1,14.0273,14.3727,0.8,0,1
33673,bullet3,1.41873,13.148,0.8,0,1
33674,player,1.01593,13.1466,-0.00280252,-0.0014173,1
33675,flyer5,1.88131,6.28751,-0.292374,0.0672118,2
33675,bullet5,5.46955,13.1737,0.8,0,1
33676,flyer3,1.49999,1.05328,-0.3,0,2
33676,bullet4,5.4388,13.1582,0.8,0,1
33678,bullet3,5.41873,13.148,0.8,0,1
33678,bullet6,0.825257,13.734,0.8,0,1
33679,player,0.411365,13.7478,-0.0138913,0.0138135,1
33680,flyer5,0.419437,6.62357,-0.292374,0.0672118,2
33680,bullet5,9.46955,13.1737,0.8,0,1
33681,flyer3,-6.4373e-06,1.05328,-0.3,0,2
33681,bullet4,9.4388,13.1582,0.8,0,1
33683,bullet3,9.41873,13.148,0.8,0,1
33683,bullet6,4.82526,13.734,0.8,0,1
33684,player,0.400209,13.7589,-0.000256334,0.000254897,1
33685,bullet5,13.4696,13.1737,0.8,0,1
33686,bullet4,13.4388,13.1582,0.8,0,1
33688,bullet3,13.4187,13.148,0.8,0,1
33688,bullet6,8.82526,13.734,0.8,0,1
33689,player,0.400004,13.7591,-4.73008e-06,4.70357e-06,1
33689,flayer7,16.5,2.92693,-0.3,0,2
33689,bullet2,0.800004,13.7591,0.8,0,1
33691,bullet1,0.8,13.7591,0.8,0,1
33692,bullet5,-5.96046e-08,13.7591,-0.8,-6.99382e-08,1
33693,bullet6,12.8253,13.734,0.8,0,1
33694,player,0.4,13.7591,-8.72833e-08,8.67941e-08,1
33694,flayer7,15,2.92693,-0.3,0,2
33694,bullet2,4.8,13.7591,0.8,0,1
33694,bullet4,0.8,13.7591,0.8,0,1
33696,bullet1,4.8,13.7591,0.8,0,1
33699,player,0.7375,13.4216,0.3375,-0.3375,1
33699,flayer7,13.5,2.92693,-0.3,0,2
33699,bullet2,8.8,13.7591,0.8,0,1
33699,bullet4,4.8,13.7591,0.8,0,1
33701,bullet1,8.8,13.7591,0.8,0,1
33701,bullet3,1.35772,13.2014,0.8,0,1
33704,player,1.56626,13.7083,0.0745716,0.0621159,1
33704,flayer7,12,2.92693,-0.3,0,2
33704,bullet2,12.8,13.7591,0.8,0,1
33704,bullet4,8.8,13.7591,0.8,0,1
33706,bullet1,12.8,13.7591,0.8,0,1
33706,bullet3,5.35772,13.2014,0.8,0,1
33709,player,1.62615,13.7581,0.00137606,0.00114621,1
33709,flayer7,10.5,2.92693,-0.3,0,2
33709,bullet4,12.8,13.7591,0.8,0,1
33709,bullet5,2.02615,13.7581,0.8,0,1
33711,bullet3,9.35772,13.2014,0.8,0,1
33714,player,1.62725,13.5388,2.53921e-05,0.269177,1
33714,flayer7,9,2.92693,-0.3,0,2
33714,flyer6,16.5,1.05328,-0.288645,0.0817564,2
33714,bullet5,6.02615,13.7581,0.8,0,1
33715,bullet6,2.02726,13.66,0.8,0,1
33716,bullet3,13.3577,13.2014,0.8,0,1
33717,bullet2,2.02727,13.739,0.8,0,1
33719,player,1.62727,13.755,4.68555e-07,0.00496708,1
33719,flayer7,7.5,2.92693,-0.3,0,2
33719,flyer6,15.0568,1.46206,-0.288645,0.0817564,2
33719,bullet5,10.0261,13.7581,0.8,0,1
33720,bullet6,6.02726,13.66,0.8,0,1
33722,bullet2,6.02727,13.739,0.8,0,1
33723,bullet1,2.02727,13.2012,0.8,0,1
33724,player,1.62727,13.1705,8.64617e-09,-0.030663,1
33724,flayer7,5.99999,2.92693,-0.3,0,2
33724,flyer6,13.6136,1.87085,-0.288645,0.0817564,2
33724,bullet5,14.0261,13.7581,0.8,0,1
33725,bullet6,10.0273,13.66,0.8,0,1
33727,bullet2,10.0273,13.739,0.8,0,1
33728,bullet1,6.02727,13.2012,0.8,0,1
33729,player,1.02496,13.1905,-0.0138396,-0.05507,1
33729,flayer7,4.49999,2.92693,-0.3,0,2
33729,flyer6,12.1703,2.27963,-0.288645,0.0817564,2
33729,bullet4,1.42496,13.1905,0.8,0,1
33730,bullet6,14.0273,13.66,0.8,0,1
33732,bullet2,14.0273,13.739,0.8,0,1
33733,bullet1,10.0273,13.2012,0.8,0,1
33734,player,1.01384,13.0779,-0.00025538,0.0825151,1
33734,flayer7,2.99999,2.92693,-0.3,0,2
33734,flyer6,10.7271,2.68841,-0.288645,0.0817564,2
33734,bullet4,5.42496,13.1905,0.8,0,1
33736,bullet3,1.41368,13.1318,0.8,0,1
33738,bullet1,14.0273,13.2012,0.8,0,1
33739,player,0.455921,13.1442,-0.0683485,0.00152263,1
33739,flayer7,1.49999,2.92693,-0.3,0,2
33739,flyer6,9.28388,3.09719,-0.288645,0.0817564,2
33739,bullet4,9.42496,13.1905,0.8,0,1
33739,bullet5,0.855921,13.1442,0.8,0,1
33741,bullet3,5.41368,13.1318,0.8,0,1
33744,player,0.4,13.5902,0,0.206407,1
33744,flayer7,-6.4373e-06,2.92693,-0.3,0,2
33744,flyer6,7.84066,3.50597,-0.288645,0.0817564,2
33744,bullet4,13.425,13.1905,0.8,0,1
33744,bullet5,4.85592,13.1442,0.8,0,1
33745,bullet6,0.8,13.6831,0.8,0,1
33746,bullet3,9.41368,13.1318,0.8,0,1
33749,player,0.4,13.4185,0,-0.333691,1
33749,flyer6,6.39743,3.91475,-0.288645,0.0817564,2
33749,bullet5,8.85592,13.1442,0.8,0,1
33750,bullet6,4.8,13.6831,0.8,0,1
33751,bullet3,13.4137,13.1318,0.8,0,1
33752,bullet2,0.8,13.1703,0.8,0,1
33754,player,0.4,13.1505,0,-0.00615754,1
33754,flyer6,4.95421,4.32354,-0.288645,0.0817564,2
33754,bullet5,12.8559,13.1442,0.8,0,1
33755,bullet6,8.8,13.6831,0.8,0,1
33755,bullet1,0.8,13.1477,0.8,0,1
33757,bullet2,4.8,13.1703,0.8,0,1
33759,player,0.4,13.734,0,0.0306411,1
33759,flyer6,3.51098,4.73232,-0.288645,0.0817564,2
33759,bullet4,0,13.734,-0.8,-6.99382e-08,1
33760,bullet6,12.8,13.6831,0.8,0,1
33760,bullet1,4.8,13.1477,0.8,0,1
33760,bullet3,0.8,13.7478,0.8,0,1
33762,bullet2,8.8,13.1703,0.8,0,1
33764,player,0.4,14.3163,0,0.0689092,1
33764,flyer6,2.06776,5.1411,-0.288645,0.0817564,2
33765,bullet1,8.8,13.1477,0.8,0,1
33765,bullet3,4.8,13.7478,0.8,0,1
33767,bullet2,12.8,13.1703,0.8,0,1
33769,player,0.4,13.9896,-0,-0.281724,1
33769,flyer6,0.624534,5.54989,-0.288645,0.0817564,2
33770,bullet1,12.8,13.1477,0.8,0,1
33770,bullet3,8.8,13.7478,0.8,0,1
33772,flayer8,16.5,1.30729,-0.273738,-0.12275,2
33772,bullet5,0.8,14.3378,0.8,0,1
33774,player,0.4,14.3657,0,0.008641,1
33774,bullet4,0.8,14.3657,0.8,0,1
33775,bullet3,12.8,13.7478,0.8,0,1
33776,bullet6,0.8,14.3713,0.8,0,1
33777,flayer8,15.1313,0.69354,-0.273738,-0.12275,2
33777,bullet5,4.8,14.3378,0.8,0,1
33779,player,0.4,14.5928,0,-0.268997,1
33779,bullet4,4.8,14.3657,0.8,0,1
33781,bullet6,4.8,14.3713,0.8,0,1
33782,flayer8,13.7626,0.079791,-0.273738,-0.12275,2
33782,bullet5,8.8,14.3378,0.8,0,1
33783,bullet2,1.38847,13.7933,0.8,0,1
33784,player,1.00231,13.7745,0.0138396,-0.0188034,1
33784,bullet4,8.8,14.3657,0.8,0,1
33786,bullet6,8.8,14.3713,0.8,0,1
33787,bullet5,12.8,14.3378,0.8,0,1
33788,bullet2,5.38847,13.7933,0.8,0,1
33789,player,0.4,13.4526,-0,-0.375436,1
33789,bullet4,12.8,14.3657,0.8,0,1
33791,bullet6,12.8,14.3713,0.8,0,1
33792,flyer1,16.5,1.30729,-0.3,0,2
33792,bullet1,0.8,13.1734,0.8,0,1
33793,bullet2,9.38847,13.7933,0.8,0,1
33794,player,0.4,13.4886,-0,0.330572,1
33796,flyer2,16.5,1.30729,-0.3,0,2
33796,bullet3,0.8,13.7043,0.8,0,1
33797,flyer1,15,1.30729,-0.3,0,2
33797,bullet1,4.8,13.1734,0.8,0,1
33797,bullet5,0.8,13.7344,0.8,0,1
33798,bullet2,13.3885,13.7933,0.8,0,1
33799,player,0.4,13.7541,0,0.00609999,1
33801,flyer2,15,1.30729,-0.3,0,2
33801,bullet3,4.8,13.7043,0.8,0,1
33802,flyer1,13.5,1.30729,-0.3,0,2
33802,bullet1,8.8,13.1734,0.8,0,1
33802,bullet5,4.8,13.7344,0.8,0,1
33802,bullet4,1.35772,14.3164,0.8,0,1
33804,player,1.00231,14.3613,0.0138396,0.0139522,1
33806,flyer2,13.5,1.30729,-0.3,0,2
33806,bullet3,8.8,13.7043,0.8,0,1
33807,flyer1,12,1.30729,-0.3,0,2
33807,bullet1,12.8,13.1734,0.8,0,1
33807,bullet5,8.8,13.7344,0.8,0,1
33807,bullet4,5.35772,14.3164,0.8,0,1
33809,player,1.01343,14.9302,0.00025538,0.0686012,1
33811,flyer2,12,1.30729,-0.3,0,2
33811,bullet3,12.8,13.7043,0.8,0,1
33812,flyer1,10.5,1.30729,-0.3,0,2
33812,bullet5,12.8,13.7344,0.8,0,1
33812,bullet4,9.35772,14.3164,0.8,0,1
33812,bullet6,1.41362,14.9813,0.8,0,1
33814,player,1.01363,15.3228,4.71247e-06,0.338766,1
33816,flyer2,10.5,1.30729,-0.3,0,2
33816,bullet2,1.41364,15.5439,0.8,0,1
33817,flyer1,9,1.30729,-0.3,0,2
33817,bullet4,13.3577,14.3164,0.8,0,1
33817,bullet6,5.41362,14.9813,0.8,0,1
33819,player,1.16551,15.1055,-0.185625,-0.145624,1
33821,flyer2,9,1.30729,-0.3,0,2
33821,bullet2,5.41364,15.5439,0.8,0,1
33821,bullet1,1.44439,15.0105,0.8,0,1
33822,flyer1,7.5,1.30729,-0.3,0,2
33822,bullet6,9.41362,14.9813,0.8,0,1
33824,player,1.01644,14.4992,-0.0034253,-0.154562,1
33826,flyer2,7.5,1.30729,-0.3,0,2
33826,bullet2,9.41364,15.5439,0.8,0,1
33826,bullet1,5.44439,15.0105,0.8,0,1
33827,flyer1,5.99999,1.30729,-0.3,0,2
33827,bullet6,13.4136,14.9813,0.8,0,1
33829,player,0.538153,15.5658,-0.168853,0.0417422,1
33830,bullet3,0.862169,15.5846,0.8,0,1
33831,flyer2,5.99999,1.30729,-0.3,0,2
33831,bullet2,13.4136,15.5439,0.8,0,1
33831,bullet1,9.44439,15.0105,0.8,0,1
33832,flyer1,4.49999,1.30729,-0.3,0,2
33833,bullet5,1.36338,15.0409,0.8,0,1
33834,player,0.991023,15.0109,0.0276389,-0.0299844,1
33835,bullet3,4.86217,15.5846,0.8,0,1
33835,bullet4,1.40346,14.9974,0.8,0,1
33836,flyer2,4.49999,1.30729,-0.3,0,2
33836,bullet1,13.4444,15.0105,0.8,0,1
33837,flyer1,2.99999,1.30729,-0.3,0,2
33838,bullet5,5.36338,15.0409,0.8,0,1
33839,player,0.424746,15.5753,-0.0302447,0.0302014,1
33840,bullet3,8.86217,15.5846,0.8,0,1
33840,bullet4,5.40346,14.9974,0.8,0,1
33840,bullet6,0.811136,15.5889,0.8,0,1
33841,flyer2,2.99999,1.30729,-0.3,0,2
33842,flyer1,1.49999,1.30729,-0.3,0,2
33843,bullet5,9.36339,15.0409,0.8,0,1
33844,player,0.400457,15.5995,-0.000558099,0.000557301,1
33845,bullet3,12.8622,15.5846,0.8,0,1
33845,bullet4,9.40346,14.9974,0.8,0,1
33845,bullet6,4.81114,15.5889,0.8,0,1
33846,flyer2,1.49999,1.30729,-0.3,0,2
33847,flyer1,-6.4373e-06,1.30729,-0.3,0,2
33848,bullet5,13.3634,15.0409,0.8,0,1
33849,player,0.4,15.1106,0,-0.151875,1
33850,bullet4,13.4035,14.9974,0.8,0,1
33850,bullet6,8.81114,15.5889,0.8,0,1
33851,flyer2,-6.4373e-06,1.30729,-0.3,0,2
33852,flyer4,16.5,1.30729,-0.3,0,2
33852,bullet2,0.8,15.5554,0.8,0,1
33853,bullet1,0.8,15.5799,0.8,0,1
33854,player,0.4,15.591,0,0.0110371,1
33855,bullet6,12.8111,15.5889,0.8,0,1
33855,bullet3,0.8,15.5959,0.8,0,1
33857,flyer4,15,1.30729,-0.3,0,2
33857,bullet2,4.8,15.5554,0.8,0,1
33858,bullet1,4.8,15.5799,0.8,0,1
33859,player,0.4,15.5315,0,0.0837349,1
33860,bullet3,4.8,15.5959,0.8,0,1
33861,bullet5,1.28938,15.0968,0.8,0,1
33862,flyer4,13.5,1.30729,-0.3,0,2
33862,bullet2,8.8,15.5554,0.8,0,1
33863,bullet1,8.8,15.5799,0.8,0,1
33864,player,0.664813,14.6589,-0.32366,-0.349794,1
33865,bullet3,8.8,15.5959,0.8,0,1
33866,bullet5,5.28938,15.0968,0.8,0,1
33867,flyer4,12,1.30729,-0.3,0,2
33867,bullet2,12.8,15.5554,0.8,0,1
33868,bullet1,12.8,15.5799,0.8,0,1
33869,player,0.404887,14.378,-0.00597244,-0.00645469,1
33870,bullet3,12.8,15.5959,0.8,0,1
33871,bullet5,9.28938,15.0968,0.8,0,1
33872,flyer4,10.5,1.30729,-0.3,0,2
33873,flyer3,16.5,1.30729,-0.3,0,2
33874,player,0.40009,14.3867,-0.000110208,-0.0170342,1
33874,bullet4,0.80009,14.3867,0.8,0,1
33875,bullet6,0.800041,14.379,0.8,0,1
33876,bullet5,13.2894,15.0968,0.8,0,1
33877,flyer4,9,1.30729,-0.3,0,2
33877,bullet2,0.800009,14.374,0.8,0,1
33878,flyer3,15,1.30729,-0.3,0,2
33879,player,0.4,14.373,0,-0.000314329,1
33879,bullet4,4.80009,14.3867,0.8,0,1
33880,bullet6,4.80004,14.379,0.8,0,1
33881,bullet1,0.8,14.3728,0.8,0,1
33882,flyer4,7.5,1.30729,-0.3,0,2
33882,bullet2,4.80001,14.374,0.8,0,1
33883,flyer3,13.5,1.30729,-0.3,0,2
33884,player,0.4,14.3727,-0,-5.80025e-06,1
33884,bullet4,8.80009,14.3867,0.8,0,1
33885,bullet6,8.80004,14.379,0.8,0,1
33886,bullet1,4.8,14.3728,0.8,0,1
33887,flyer4,5.99999,1.30729,-0.3,0,2
33887,bullet2,8.80001,14.374,0.8,0,1
33888,flyer3,12,1.30729,-0.3,0,2
33889,player,0.4,13.7704,0,-0.0138397,1
33889,bullet4,12.8001,14.3867,0.8,0,1
33890,bullet6,12.8,14.379,0.8,0,1
33891,bullet1,8.8,14.3728,0.8,0,1
33892,flyer4,4.49999,1.30729,-0.3,0,2
33892,bullet2,12.8,14.374,0.8,0,1
33893,flyer3,10.5,1.30729,-0.3,0,2
33894,player,0.4,13.7593,0,-0.000255382,1
33894,bullet3,0.8,13.7593,0.8,0,1
33896,bullet1,12.8,14.3728,0.8,0,1
33897,flyer4,2.99999,1.30729,-0.3,0,2
33898,flyer3,9,1.30729,-0.3,0,2
33898,bullet5,1.28938,13.66,0.8,0,1
33899,player,0.957719,13.7145,0.0683438,0.0544994,1
33899,bullet3,4.8,13.7593,0.8,0,1
33902,flyer4,1.49999,1.30729,-0.3,0,2
33902,bullet4,0.919166,13.755,0.8,0,1
33903,flyer3,7.5,1.30729,-0.3,0,2
33903,bullet5,5.28938,13.66,0.8,0,1
33904,player,0.424131,13.7583,-0.0294936,0.00100567,1
33904,bullet3,8.8,13.7593,0.8,0,1
33904,bullet6,0.824131,13.7583,0.8,0,1
33907,flyer4,-6.4373e-06,1.30729,-0.3,0,2
33907,bullet4,4.91917,13.755,0.8,0,1
33908,flyer3,5.99999,1.30729,-0.3,0,2
33908,bullet5,9.28938,13.66,0.8,0,1
33909,player,0.400445,14.3168,-0.000544239,0.0683623,1
33909,bullet3,12.8,13.7593,0.8,0,1
33909,bullet6,4.82413,13.7583,0.8,0,1
33912,bullet4,8.91917,13.755,0.8,0,1
33913,flyer3,4.49999,1.30729,-0.3,0,2
33913,bullet5,13.2894,13.66,0.8,0,1
33914,player,0.957727,14.7092,0.0683337,0.338761,1
33914,bullet6,8.82413,13.7583,0.8,0,1
33917,flyer5,16.5,9.79269,-0.245565,0.17233,2
33917,bullet4,12.9192,13.755,0.8,0,1
33917,bullet2,0.850823,15.5188,0.8,0,1
33918,flyer3,2.99999,1.30729,-0.3,0,2
33919,player,0.410292,15.5836,-0.0125787,0.0200907,1
33919,bullet6,12.8241,13.7583,0.8,0,1
33919,bullet1,0.810292,15.5836,0.8,0,1
33922,flyer5,15.2722,10.6543,-0.245565,0.17233,2
33922,bullet2,4.85082,15.5188,0.8,0,1
33923,flyer3,1.49999,1.30729,-0.3,0,2
33924,player,0.4,15.6,0,0,1
33924,bullet1,4.81029,15.5836,0.8,0,1
33924,bullet3,0.8,15.6,0.8,0,1
33925,finish,18.6096,8,-0.2,0,1
33926,bullet5,0.8,15.6,0.8,0,1
33927,flyer5,14.0443,11.516,-0.245565,0.17233,2
33927,bullet2,8.85082,15.5188,0.8,0,1
33928,flyer3,-6.4373e-06,1.30729,-0.3,0,2
33929,player,0.4,15.6,0,0,1
33929,bullet1,8.81029,15.5836,0.8,0,1
33929,bullet3,4.8,15.6,0.8,0,1
33930,finish,17.6096,8,-0.2,0,1
33931,bullet5,4.8,15.6,0.8,0,1
33932,flyer5,12.8165,12.3776,-0.245565,0.17233,2
33932,bullet2,12.8508,15.5188,0.8,0,1
33934,player,0.4,15.6,0,0,1
33934,bullet1,12.8103,15.5836,0.8,0,1
33934,bullet3,8.8,15.6,0.8,0,1
33935,finish,16.6096,8,-0.2,0,1
33936,bullet5,8.8,15.6,0.8,0,1
33937,flyer5,11.5887,13.2393,-0.245565,0.17233,2
33938,bullet4,0.8,15.6,0.8,0,1
33939,player,0.4,15.6,0,0,1
33939,bullet3,12.8,15.6,0.8,0,1
33939,bullet6,0.8,15.6,0.8,0,1
33940,finish,15.6096,8,-0.2,0,1
33941,bullet5,12.8,15.6,0.8,0,1
33942,flyer5,10.3609,14.1009,-0.245565,0.17233,2
33943,bullet4,4.8,15.6,0.8,0,1
