242599,player,2.75406,12.5978,0,0,1
242602,bullet1,3.15406,12.5978,0.8,0,1
242604,player,3.09156,12.2603,0.3375,-0.3375,1
242605,bullet2,3.64344,12.1085,0.8,0,1
242607,bullet1,7.15406,12.5978,0.8,0,1
242609,player,2.46738,12.2095,-0.399616,-0.275384,1
242610,bullet2,7.64344,12.1085,0.8,0,1
242611,flyer1,16.5,4.8732,-0.3,0,2
242612,bullet1,11.1541,12.5978,0.8,0,1
242614,player,2.1157,12.5768,0.030215,0.0256731,1
242614,bullet3,2.5157,12.5768,0.8,0,1
242615,bullet2,11.6434,12.1085,0.8,0,1
242615,bullet4,2.5293,12.5884,0.8,0,1
242616,flyer1,15,4.8732,-0.3,0,2
242617,bullet1,15.1541,12.5978,0.8,0,1
242619,player,2.13997,12.5975,0.000557552,0.000473741,1
242619,bullet3,6.5157,12.5768,0.8,0,1
242619,bullet5,2.53997,12.5975,0.8,0,1
242620,bullet2,15.6434,12.1085,0.8,0,1
242620,bullet4,6.5293,12.5884,0.8,0,1
242621,flyer1,13.5,4.8732,-0.3,0,2
242622,bullet6,3.02976,12.5978,0.8,0,1
242624,player,2.72889,12.2603,0.030765,-0.337491,1
242624,bullet3,10.5157,12.5768,0.8,0,1
242624,bullet5,6.53997,12.5975,0.8,0,1
242625,bullet4,10.5293,12.5884,0.8,0,1
242626,flyer1,12,4.8732,-0.3,0,2
242627,bullet6,7.02976,12.5978,0.8,0,1
242629,player,3.24297,11.9893,0.152443,-0.00622766,1
242629,bullet3,14.5157,12.5768,0.8,0,1
242629,bullet5,10.54,12.5975,0.8,0,1
242630,bullet4,14.5293,12.5884,0.8,0,1
242631,flyer1,10.5,4.8732,-0.3,0,2
242632,bullet6,11.0298,12.5978,0.8,0,1
242633,flyer2,16.5,4.8732,-0.297981,-0.0347433,2
242634,player,3.92311,11.9843,0.0711567,-0.000114918,1
242634,bullet5,14.54,12.5975,0.8,0,1
242635,bullet1,4.35513,11.9842,0.8,0,1
242636,flyer1,9,4.8732,-0.3,0,2
242636,bullet2,4.36954,11.9842,0.8,0,1
242637,bullet6,15.0298,12.5978,0.8,0,1
242638,flyer2,15.0101,4.69949,-0.297981,-0.0347433,2
242639,player,3.82838,12.3217,0.186938,0.337498,1
242640,bullet1,8.35514,11.9842,0.8,0,1
242641,flyer1,7.5,4.8732,-0.3,0,2
242641,bullet2,8.36954,11.9842,0.8,0,1
242643,flyer2,13.5202,4.52577,-0.297981,-0.0347433,2
242644,player,4.53623,12.5244,0.0717933,0.089759,1
242645,bullet1,12.3551,11.9842,0.8,0,1
242646,flyer1,5.99999,4.8732,-0.3,0,2
242646,bullet2,12.3695,11.9842,0.8,0,1
242646,bullet3,5.47245,12.583,0.8,0,1
242648,flyer2,12.0303,4.35205,-0.297981,-0.0347433,2
242648,bullet4,5.58103,12.5948,0.8,0,1
242649,player,4.8587,12.259,-0.322336,-0.335844,1
242650,bullet1,16.3551,11.9842,0.8,0,1
242651,flyer1,4.49999,4.8732,-0.3,0,2
242651,bullet2,16.3695,11.9842,0.8,0,1
242651,bullet3,9.47245,12.583,0.8,0,1
242653,flyer2,10.5404,4.17834,-0.297981,-0.0347433,2
242653,bullet4,9.58103,12.5948,0.8,0,1
242654,player,5.08921,11.4316,0.145927,-0.074541,1
242656,flyer1,2.99999,4.8732,-0.3,0,2
242656,bullet3,13.4724,12.583,0.8,0,1
242656,bullet5,6.0738,10.8935,0.8,0,1
242658,flyer2,9.05047,4.00462,-0.297981,-0.0347433,2
242658,bullet4,13.581,12.5948,0.8,0,1
242658,bullet6,6.19218,10.7846,0.8,0,1
242659,player,5.80871,11.1069,0.0165324,0.322285,1
242661,flyer1,1.49999,4.8732,-0.3,0,2
242661,bullet5,10.0738,10.8935,0.8,0,1
242662,bullet1,6.22101,11.3465,0.8,0,1
242663,flyer2,7.56056,3.8309,-0.297981,-0.0347433,2
242663,bullet6,10.1922,10.7846,0.8,0,1
242664,player,6.31137,10.8763,0.15218,-0.145928,1
242665,bullet2,6.77985,10.8107,0.8,0,1
242666,flyer1,-6.4373e-06,4.8732,-0.3,0,2
242666,bullet5,14.0738,10.8935,0.8,0,1
242667,bullet1,10.221,11.3465,0.8,0,1
242668,flyer2,6.07066,3.65719,-0.297981,-0.0347433,2
242668,bullet6,14.1922,10.7846,0.8,0,1
242669,player,6.43358,10.4216,0.00280815,-0.340193,1
242670,bullet2,10.7798,10.8107,0.8,0,1
242670,bullet3,6.83485,10.2685,0.8,0,1
242672,bullet1,14.221,11.3465,0.8,0,1
242673,flyer2,4.58075,3.48347,-0.297981,-0.0347433,2
242674,player,6.43583,9.65905,5.18183e-05,-0.158153,1
242675,flyer3,16.5,4.8732,-0.292572,0.0663438,2
242675,bullet2,14.7798,10.8107,0.8,0,1
242675,bullet3,10.8348,10.2685,0.8,0,1
242678,flyer2,3.09084,3.30975,-0.297981,-0.0347433,2
242678,flyer4,16.5,4.8732,-0.288187,-0.0833573,2
242679,player,6.14297,10.6921,-0.392003,0.079265,1
242680,flyer3,15.0371,5.20492,-0.292572,0.0663438,2
242680,bullet3,14.8348,10.2685,0.8,0,1
242680,bullet4,6.36657,10.7277,0.8,0,1
242682,bullet5,6.25147,10.751,0.8,0,1
242683,flyer2,1.60093,3.13604,-0.297981,-0.0347433,2
242683,flyer4,15.0591,4.45642,-0.288187,-0.0833573,2
242684,player,6.31753,10.2664,0.144641,-0.150412,1
242685,flyer3,13.5743,5.53664,-0.292572,0.0663438,2
242685,bullet4,10.3666,10.7277,0.8,0,1
242687,bullet5,10.2515,10.751,0.8,0,1
242687,bullet6,7.31447,9.66513,0.8,0,1
242688,flyer2,0.111028,2.96232,-0.297981,-0.0347433,2
242688,flyer4,13.6181,4.03963,-0.288187,-0.0833573,2
242689,player,6.68467,9.89459,-0.304076,0.30397,1
242690,flyer3,12.1114,5.86836,-0.292572,0.0663438,2
242690,bullet4,14.3666,10.7277,0.8,0,1
242690,bullet1,6.94783,10.0314,0.8,0,1
242692,bullet5,14.2515,10.751,0.8,0,1
242692,bullet6,11.3145,9.66513,0.8,0,1
242693,flyer4,12.1772,3.62284,-0.288187,-0.0833573,2
242693,bullet2,7.33545,10.6225,0.8,0,1
242694,player,6.99819,10.6964,0.0627327,0.0739529,1
242695,flyer3,10.6486,6.20008,-0.292572,0.0663438,2
242695,bullet1,10.9478,10.0314,0.8,0,1
242697,bullet6,15.3145,9.66513,0.8,0,1
242697,bullet3,7.44483,11.3091,0.8,0,1
242698,flyer4,10.7363,3.20606,-0.288187,-0.0833573,2
242698,bullet2,11.3355,10.6225,0.8,0,1
242699,player,6.71107,11.6956,-0.336342,0.352704,1
242700,flyer3,9.1857,6.5318,-0.292572,0.0663438,2
242700,bullet1,14.9478,10.0314,0.8,0,1
242702,bullet3,11.4448,11.3091,0.8,0,1
242703,flyer4,9.29532,2.78927,-0.288187,-0.0833573,2
242703,bullet2,15.3355,10.6225,0.8,0,1
242704,player,5.95158,11.3082,-0.158081,0.0762,1
242705,flyer3,7.72284,6.86352,-0.292572,0.0663438,2
242705,flyer5,16.5,8.6382,-0.299483,0.0176124,2
242706,bullet4,5.75906,11.8473,0.8,0,1
242707,bullet3,15.4448,11.3091,0.8,0,1
242708,flyer4,7.85439,2.37248,-0.288187,-0.0833573,2
242709,player,5.22232,11.6342,-0.0167567,-0.322254,1
242710,flyer3,6.25998,7.19524,-0.292572,0.0663438,2
242710,flyer5,15.0026,8.72626,-0.299483,0.0176124,2
242710,bullet5,5.61478,11.4892,0.8,0,1
242711,bullet4,9.75906,11.8473,0.8,0,1
242713,flyer4,6.41346,1.9557,-0.288187,-0.0833573,2
242714,player,5.14052,11.9331,0.083222,0.0623973,1
242715,flyer3,4.79712,7.52695,-0.292572,0.0663438,2
242715,flyer5,13.5052,8.81433,-0.299483,0.0176124,2
242715,bullet5,9.61478,11.4892,0.8,0,1
242716,bullet4,13.7591,11.8473,0.8,0,1
242718,flyer4,4.97252,1.53891,-0.288187,-0.0833573,2
242719,player,4.61888,11.9694,-0.029219,0.0180665,1
242719,bullet6,5.01888,11.9694,0.8,0,1
242720,flyer3,3.33426,7.85867,-0.292572,0.0663438,2
242720,flyer5,12.0078,8.90239,-0.299483,0.0176124,2
242720,bullet5,13.6148,11.4892,0.8,0,1
242722,bullet1,5.55487,11.4251,0.8,0,1
242723,flyer4,3.53159,1.12212,-0.288187,-0.0833573,2
242724,player,5.19773,11.3816,0.0133004,-0.0135062,1
242724,bullet6,9.01888,11.9694,0.8,0,1
242724,bullet2,4.79773,11.3816,-0.8,-6.99382e-08,1
242725,flyer3,1.8714,8.19039,-0.292572,0.0663438,2
242725,flyer5,10.5104,8.99045,-0.299483,0.0176124,2
242727,bullet1,9.55487,11.4251,0.8,0,1
242727,bullet3,4.80761,10.8822,-0.8,-6.99382e-08,1
242728,flyer4,2.09066,0.705336,-0.288187,-0.0833573,2
242729,player,5.54591,10.4448,0.337745,-0.368504,1
242729,bullet6,13.0189,11.9694,0.8,0,1
242729,bullet2,0.797725,11.3816,-0.8,-6.99382e-08,1
242730,flyer3,0.408536,8.52211,-0.292572,0.0663438,2
242730,flyer5,9.01294,9.07851,-0.299483,0.0176124,2
242732,bullet1,13.5549,11.4251,0.8,0,1
242732,bullet3,0.807615,10.8822,-0.8,-6.99382e-08,1
242733,flyer4,0.649724,0.28855,-0.288187,-0.0833573,2
242734,player,5.81714,11.0441,0.00623235,0.399044,1
242735,flyer5,7.51553,9.16658,-0.299483,0.0176124,2
242735,flyer6,16.5,8.6382,-0.3,0,2
242736,flayer7,16.5,8.6382,-0.3,0,2
242737,flayer8,16.5,8.6382,-0.3,0,2
242737,bullet4,5.7324,11.8302,0.8,0,1
242739,player,5.23368,11.953,-0.0306397,0.0381182,1
242739,bullet5,4.83367,11.953,-0.8,-6.99382e-08,1
242740,flyer5,6.01812,9.25464,-0.299483,0.0176124,2
242740,flyer6,15,8.6382,-0.3,0,2
242740,bullet2,5.61989,11.9702,0.8,0,1
242741,flayer7,15,8.6382,-0.3,0,2
242742,flayer8,15,8.6382,-0.3,0,2
242742,bullet4,9.7324,11.8302,0.8,0,1
242744,player,5.76679,12.5413,0.0677784,0.0690471,1
242744,bullet5,0.833675,11.953,-0.8,-6.99382e-08,1
242745,flyer5,4.52071,9.3427,-0.299483,0.0176124,2
242745,flyer6,13.5,8.6382,-0.3,0,2
242745,bullet2,9.61989,11.9702,0.8,0,1
242745,bullet6,6.19729,12.5724,0.8,0,1
242746,flayer7,13.5,8.6382,-0.3,0,2
242747,flayer8,13.5,8.6382,-0.3,0,2
242747,bullet4,13.7324,11.8302,0.8,0,1
242749,player,4.926,13.492,-0.404593,0.407118,1
242750,flyer5,3.02329,9.43076,-0.299483,0.0176124,2
242750,flyer6,12,8.6382,-0.3,0,2
242750,bullet2,13.6199,11.9702,0.8,0,1
242750,bullet6,10.1973,12.5724,0.8,0,1
242750,bullet3,5.14393,13.6752,0.8,0,1
242751,flayer7,12,8.6382,-0.3,0,2
242752,flayer8,12,8.6382,-0.3,0,2
242753,bullet1,5.00855,13.8114,0.8,0,1
242754,player,4.60108,13.819,-0.00746588,0.00751247,1
242754,bullet5,5.00108,13.819,0.8,0,1
242755,flyer5,1.52588,9.51883,-0.299483,0.0176124,2
242755,flyer6,10.5,8.6382,-0.3,0,2
242755,bullet6,14.1973,12.5724,0.8,0,1
242755,bullet3,9.14394,13.6752,0.8,0,1
242756,flayer7,10.5,8.6382,-0.3,0,2
242757,flayer8,10.5,8.6382,-0.3,0,2
242758,bullet1,9.00855,13.8114,0.8,0,1
242759,player,4.59508,13.825,-0.000137766,0.000138626,1
242759,bullet5,9.00108,13.819,0.8,0,1
242759,bullet4,4.99508,13.825,0.8,0,1
242760,flyer5,0.0284677,9.60689,-0.299483,0.0176124,2
242760,flyer6,9,8.6382,-0.3,0,2
242760,bullet3,13.1439,13.6752,0.8,0,1
242761,flayer7,9,8.6382,-0.3,0,2
242762,flayer8,9,8.6382,-0.3,0,2
242763,bullet1,13.0085,13.8114,0.8,0,1
242764,player,4.25747,14.4136,-0.337503,0.0307572,1
242764,bullet5,13.0011,13.819,0.8,0,1
242764,bullet4,8.99508,13.825,0.8,0,1
242765,flyer6,7.5,8.6382,-0.3,0,2
242766,flayer7,7.5,8.6382,-0.3,0,2
242767,flayer8,7.5,8.6382,-0.3,0,2
242769,player,3.98643,13.8498,-0.00622787,-0.0301871,1
242769,bullet4,12.9951,13.825,0.8,0,1
242770,flyer6,5.99999,8.6382,-0.3,0,2
242771,flayer7,5.99999,8.6382,-0.3,0,2
242771,bullet2,4.38236,14.3195,0.8,0,1
242772,flayer8,5.99999,8.6382,-0.3,0,2
242773,bullet6,3.58154,14.4146,-0.8,-6.99382e-08,1
242774,player,3.98143,14.4279,-0.000114922,0.0132826,1
242774,bullet3,4.38143,14.4279,0.8,0,1
242775,flyer6,4.49999,8.6382,-0.3,0,2
242776,flayer7,4.49999,8.6382,-0.3,0,2
242776,bullet2,8.38236,14.3195,0.8,0,1
242777,flayer8,4.49999,8.6382,-0.3,0,2
242777,bullet1,4.38134,14.4377,0.8,0,1
242778,bullet5,4.38134,14.4383,0.8,0,1
242779,player,3.98133,14.4385,-2.12063e-06,0.000245101,1
242779,bullet3,8.38143,14.4279,0.8,0,1
242780,flyer6,2.99999,8.6382,-0.3,0,2
242781,flayer7,2.99999,8.6382,-0.3,0,2
242781,bullet2,12.3824,14.3195,0.8,0,1
242782,flayer8,2.99999,8.6382,-0.3,0,2
242782,bullet1,8.38134,14.4377,0.8,0,1
242783,bullet5,8.38134,14.4383,0.8,0,1
242784,player,4.31883,13.347,0.3375,-0.16571,1
242784,bullet3,12.3814,14.4279,0.8,0,1
242785,flyer6,1.49999,8.6382,-0.3,0,2
242786,flayer7,1.49999,8.6382,-0.3,0,2
242786,bullet2,16.3824,14.3195,0.8,0,1
242787,flayer8,1.49999,8.6382,-0.3,0,2
242787,bullet1,12.3813,14.4377,0.8,0,1
242788,bullet5,12.3813,14.4383,0.8,0,1
242788,bullet4,4.98364,13.217,0.8,0,1
242789,player,4.58987,13.214,0.00622782,-0.00305782,1
242789,bullet3,16.3814,14.4279,0.8,0,1
242790,flyer6,-6.4373e-06,8.6382,-0.3,0,2
242790,bullet6,4.19267,13.2126,-0.8,-6.99382e-08,1
242791,flayer7,-6.4373e-06,8.6382,-0.3,0,2
242792,flayer8,-6.4373e-06,8.6382,-0.3,0,2
242792,bullet1,16.3813,14.4377,0.8,0,1
242793,bullet5,16.3813,14.4383,0.8,0,1
242793,bullet4,8.98365,13.217,0.8,0,1
242794,player,5.18335,12.623,0.0308696,-0.0308111,1
242795,flyer1,16.5,8.6382,-0.250422,-0.165193,2
242795,bullet6,0.192674,13.2126,-0.8,-6.99382e-08,1
242796,flyer2,16.5,9.90593,-0.299959,-0.00493316,2
242797,flyer3,16.5,9.90593,-0.287591,0.0853904,2
242797,bullet2,5.04858,12.6001,0.8,0,1
242798,bullet4,12.9836,13.217,0.8,0,1
242799,player,4.11645,12.1089,-0.165145,-0.152444,1
242800,flyer1,15.2479,7.81224,-0.250422,-0.165193,2
242800,bullet3,4.44213,12.0403,0.8,0,1
242801,flyer2,15.0002,9.88126,-0.299959,-0.00493316,2
242802,flyer3,15.062,10.3329,-0.287591,0.0853904,2
242802,bullet2,9.04858,12.6001,0.8,0,1
242804,player,3.98382,13.0336,-0.00304739,0.217406,1
242805,flyer1,13.9958,6.98627,-0.250422,-0.165193,2
242805,bullet3,8.44213,12.0403,0.8,0,1
242806,flyer2,13.5004,9.8566,-0.299959,-0.00493316,2
242807,flyer3,13.6241,10.7598,-0.287591,0.0853904,2
242807,bullet2,13.0486,12.6001,0.8,0,1
242809,player,3.64388,12.2684,-0.337556,-0.347328,1
242810,flyer1,12.7437,6.16031,-0.250422,-0.165193,2
242810,bullet3,12.4421,12.0403,0.8,0,1
242811,flyer2,12.0006,9.83193,-0.299959,-0.00493316,2
242812,flyer3,12.1861,11.1868,-0.287591,0.0853904,2
242813,bullet1,3.67992,12.5843,0.8,0,1
242814,player,3.3282,12.5918,0.0482753,0.00743043,1
242815,flyer1,11.4916,5.33434,-0.250422,-0.165193,2
242816,flyer2,10.5008,9.80726,-0.299959,-0.00493316,2
242817,flyer3,10.7482,11.6137,-0.287591,0.0853904,2
242818,bullet1,7.67992,12.5843,0.8,0,1
242819,player,2.76465,11.4377,-0.0129488,-0.0820462,1
242819,bullet5,3.16465,11.4377,0.8,0,1
242820,flyer1,10.2394,4.50838,-0.250422,-0.165193,2
242821,flyer2,9.00102,9.78259,-0.299959,-0.00493316,2
242822,flyer3,9.31023,12.0407,-0.287591,0.0853904,1
242824,player,3.04716,9.87427,0.391765,-0.421197,1
242824,bullet5,7.16465,11.4377,0.8,0,1
242825,flyer1,8.98733,3.68241,-0.250422,-0.165193,2
242826,flyer2,7.50122,9.75793,-0.299959,-0.00493316,2
242829,player,2.43581,9.19851,-0.361026,-0.345272,1
242830,flyer1,7.73522,2.85645,-0.250422,-0.165193,2
242830,flyer4,16.5,9.90593,-0.3,0,2
242831,flyer2,6.00143,9.73326,-0.299959,-0.00493316,2
242831,flyer5,16.5,9.90593,-0.298911,0.0255402,2
242834,player,1.76378,8.58373,-0.289658,-0.343871,1
242835,flyer1,6.48311,2.03048,-0.250422,-0.165193,2
242835,flyer4,15,9.90593,-0.3,0,2
242836,flyer2,4.50163,9.70859,-0.299959,-0.00493316,2
242836,flyer5,15.0054,10.0336,-0.298911,0.0255402,2
242836,bullet6,1.97478,8.35935,0.8,0,1
242837,bullet4,1.94838,8.32802,0.8,0,1
242839,player,1.19366,8.64507,-0.342845,0.331155,1
242840,flyer1,5.231,1.20452,-0.250422,-0.165193,2
242840,flyer4,13.5,9.90593,-0.3,0,2
242840,bullet2,1.43938,8.79409,0.8,0,1
242841,flyer2,3.00183,9.68393,-0.299959,-0.00493316,1
242841,flyer5,13.5109,10.1613,-0.298911,0.0255402,2
242841,bullet6,5.97478,8.35935,0.8,0,1
242842,bullet4,5.94838,8.32802,0.8,0,1
242843,bullet3,1.32465,8.90491,0.8,0,1
242844,player,0.580827,8.57352,-0.343826,-0.331389,1
242845,flyer1,3.97888,0.378551,-0.250422,-0.165193,2
242845,flyer4,12,9.90593,-0.3,0,2
242846,flyer5,12.0163,10.289,-0.298911,0.0255402,2
242846,bullet6,9.97478,8.35935,0.8,0,1
242847,bullet4,9.94838,8.32802,0.8,0,1
242847,bullet1,0.792167,8.81647,0.8,0,1
242849,player,0.733667,9.23336,0.33631,0.36214,1
242850,flyer1,2.72677,-0.447414,-0.250422,-0.165193,2
242850,flyer4,10.5,9.90593,-0.3,0,2
242851,flyer5,10.5218,10.4167,-0.298911,0.0255402,2
242851,bullet6,13.9748,8.35935,0.8,0,1
242852,bullet4,13.9484,8.32802,0.8,0,1
242852,bullet1,4.79217,8.81647,0.8,0,1
242854,player,0.514377,10.602,-0.145669,0.189312,1
242854,bullet5,0.914377,10.602,0.8,0,1
242855,flyer4,9,9.90593,-0.3,0,2
242856,flyer5,9.02722,10.5444,-0.298911,0.0255402,2
242857,bullet1,8.79217,8.81647,0.8,0,1
242857,bullet2,0.806054,10.7428,0.8,0,1
242859,player,0.397393,10.2647,-0.00268801,-0.148382,1
242859,bullet5,4.91438,10.602,0.8,0,1
242860,flyer4,7.5,9.90593,-0.3,0,2
242860,bullet3,0.796183,10.1979,0.8,0,1
242861,flyer5,7.53267,10.6721,-0.298911,0.0255402,2
242862,bullet1,12.7922,8.81647,0.8,0,1
242862,bullet2,4.80605,10.7428,0.8,0,1
242864,player,0.4,10.734,0,0.0280166,1
242864,bullet6,0,10.734,-0.8,-6.99382e-08,1
242865,flyer4,5.99999,9.90593,-0.3,0,1
242865,bullet3,4.79618,10.1979,0.8,0,1
242866,flyer5,6.03811,10.7998,-0.298911,0.0255402,0
242867,bullet1,16.7922,8.81647,0.8,0,1
242868,bullet4,0.8,10.1983,0.8,0,1
242869,player,0.4,10.168,0,-0.0302377,1
242870,flyer4,4.49999,9.90593,-0.3,0,1
242871,flyer6,16.5,9.90593,-0.213423,0.210833,2
242871,bullet5,0.8,9.65892,0.8,0,1
242873,bullet4,4.8,10.1983,0.8,0,1
242874,player,0.4,9.05206,0,-0.166273,1
242874,bullet2,0.8,9.05206,0.8,0,1
242876,flyer6,15.4329,10.9601,-0.213423,0.210833,2
242876,bullet5,4.8,9.65892,0.8,0,1
242878,flayer7,16.5,3.12896,-0.3,0,2
242878,bullet6,0.8,9.47932,0.8,0,1
242879,player,0.4,9.507,0,0.0276865,1
242879,bullet2,4.8,9.05206,0.8,0,1
242880,bullet3,0.8,9.51946,0.8,0,1
242881,flyer6,14.3658,12.0143,-0.213423,0.210833,2
242881,bullet5,8.8,9.65892,0.8,0,1
242883,flayer7,15,3.12896,-0.3,0,2
242883,bullet6,4.8,9.47932,0.8,0,1
242884,player,0.4,9.52924,0,0.000510894,1
242884,bullet2,8.8,9.05206,0.8,0,1
242885,bullet3,4.8,9.51946,0.8,0,1
242886,flyer6,13.2987,13.0684,-0.213423,0.210833,2
242886,bullet5,12.8,9.65892,0.8,0,1
242888,flayer7,13.5,3.12896,-0.3,0,2
242888,bullet6,8.8,9.47932,0.8,0,1
242889,player,0.4,8.4518,0,-0.18262,1
242889,bullet2,12.8,9.05206,0.8,0,1
242890,bullet3,8.8,9.51946,0.8,0,1
242891,flyer6,12.2315,14.1226,-0.213423,0.210833,2
242891,bullet1,0,8.82202,-0.8,-6.99382e-08,1
242893,flayer7,12,3.12896,-0.3,0,2
242893,bullet6,12.8,9.47932,0.8,0,1
242894,player,0.551875,8.56995,-0.185625,-0.32703,1
242895,bullet3,12.8,9.51946,0.8,0,1
242896,flyer6,11.1644,15.1768,-0.213423,0.210833,2
242897,bullet4,1.30321,7.83739,0.8,0,1
242898,flayer7,10.5,3.12896,-0.3,0,2
242899,player,0.991276,7.71885,0.0273294,-0.0367893,1
242900,flayer8,16.5,3.12896,-0.259656,-0.150263,2
242901,flyer6,10.0973,16.2309,-0.213423,0.210833,2
242901,bullet5,0.919734,7.69484,0.8,0,1
242902,bullet4,5.30322,7.83739,0.8,0,1
242903,flayer7,9,3.12896,-0.3,0,2
242904,player,0.4,7.84118,0,-0.186304,1
242905,flayer8,15.2017,2.37765,-0.259656,-0.150263,2
242906,bullet5,4.91973,7.69484,0.8,0,1
242907,bullet4,9.30322,7.83739,0.8,0,1
242908,flayer7,7.5,3.12896,-0.3,0,2
242909,player,0.889375,8.18093,0.151875,0.148437,1
242910,flayer8,13.9034,1.62633,-0.259656,-0.150263,2
242910,bullet1,1.35772,8.24773,0.8,0,1
242911,bullet5,8.91973,7.69484,0.8,0,1
242912,bullet4,13.3032,7.83739,0.8,0,1
242913,flayer7,5.99999,3.12896,-0.3,0,2
242913,bullet2,0.850822,8.2974,0.8,0,1
242914,player,0.76037,8.30014,0.309548,0.00273908,1
242915,flayer8,12.6052,0.875019,-0.259656,-0.150263,2
242915,bullet1,5.35772,8.24773,0.8,0,1
242916,bullet5,12.9197,7.69484,0.8,0,1
242916,bullet6,1.36235,8.30193,0.8,0,1
242918,flayer7,4.49999,3.12896,-0.3,0,2
242918,bullet2,4.85082,8.2974,0.8,0,1
242919,player,1.00896,8.30233,0.00571203,5.05438e-05,1
242920,flayer8,11.3069,0.123706,-0.259656,-0.150263,2
242920,bullet1,9.35772,8.24773,0.8,0,1
242921,bullet6,5.36235,8.30193,0.8,0,1
242921,bullet3,1.41269,8.30237,0.8,0,1
242923,flayer7,2.99999,3.12896,-0.3,0,2
242923,bullet2,8.85082,8.2974,0.8,0,1
242924,player,0.676051,8.63988,-0.337395,0.337501,1
242925,bullet1,13.3577,8.24773,0.8,0,1
242926,bullet6,9.36235,8.30193,0.8,0,1
242926,bullet3,5.41269,8.30237,0.8,0,1
242928,flayer7,1.49999,3.12896,-0.3,0,2
242928,bullet2,12.8508,8.2974,0.8,0,1
242929,player,0.4,9.4003,0,0.158103,1
242930,bullet4,0,9.47144,-0.8,-6.99382e-08,1
242931,bullet6,13.3624,8.30193,0.8,0,1
242931,bullet3,9.41269,8.30237,0.8,0,1
242931,bullet5,0.8,9.50346,0.8,0,1
242933,flayer7,-6.4373e-06,3.12896,-0.3,0,2
242934,player,0.4,10.0166,0,0.154792,1
242934,bullet1,0.8,10.0166,0.8,0,1
242936,flyer3,16.5,3.12896,-0.3,0,2
242936,bullet3,13.4127,8.30237,0.8,0,1
242936,bullet5,4.8,9.50346,0.8,0,1
242937,bullet4,0.8,10.1318,0.8,0,1
242939,player,0.4,10.141,0,0.00285636,1
242939,bullet1,4.8,10.0166,0.8,0,1
242940,bullet2,0.8,10.1422,0.8,0,1
242941,flyer3,15,3.12896,-0.3,0,2
242941,bullet5,8.8,9.50346,0.8,0,1
242942,bullet4,4.8,10.1318,0.8,0,1
242944,player,0.4,9.55478,0,-0.030702,1
242944,bullet1,8.8,10.0166,0.8,0,1
242945,bullet2,4.8,10.1422,0.8,0,1
242946,flyer3,13.5,3.12896,-0.3,0,2
242946,bullet5,12.8,9.50346,0.8,0,1
242947,bullet4,8.8,10.1318,0.8,0,1
242949,player,0.4,9.27915,-0,0.306179,1
242949,bullet1,12.8,10.0166,0.8,0,1
242950,bullet2,8.8,10.1422,0.8,0,1
242951,flyer3,12,3.12896,-0.3,0,2
242952,bullet4,12.8,10.1318,0.8,0,1
242953,bullet6,0.8,8.96167,0.8,0,1
242954,player,0.4,8.93656,0,-0.0251048,1
242954,bullet3,0.8,8.93656,0.8,0,1
242955,bullet2,12.8,10.1422,0.8,0,1
242956,flyer3,10.5,3.12896,-0.3,0,2
242958,bullet6,4.8,8.96167,0.8,0,1
242959,player,0.430755,9.47412,-0.0375891,0.0678805,1
242959,bullet3,4.8,8.93656,0.8,0,1
242960,flyer2,16.5,13.2801,-0.290751,-0.073918,2
242961,flyer3,9,3.12896,-0.3,0,2
242963,bullet6,8.8,8.96167,0.8,0,1
242963,bullet5,1.38973,9.52738,0.8,0,1
242964,player,1.00288,9.52863,0.013146,0.00125259,1
242964,bullet3,8.8,8.93656,0.8,0,1
242965,flyer2,15.0462,12.9105,-0.290751,-0.073918,2
242965,bullet1,1.4088,9.5292,0.8,0,1
242966,flyer3,7.5,3.12896,-0.3,0,2
242968,bullet6,12.8,8.96167,0.8,0,1
242968,bullet5,5.38973,9.52738,0.8,0,1
242969,player,1.01344,10.019,0.00024258,0.151898,1
242969,bullet3,12.8,8.93656,0.8,0,1
242970,flyer2,13.5925,12.5409,-0.290751,-0.073918,2
242970,bullet1,5.4088,9.5292,0.8,0,1
242971,flyer3,5.99999,3.12896,-0.3,0,2
242973,bullet5,9.38974,9.52738,0.8,0,1
242974,player,0.4,11.2327,0,0.168518,1
242974,bullet4,0.8,11.2327,0.8,0,1
242975,flyer2,12.1387,12.1713,-0.290751,-0.073918,2
242975,bullet1,9.4088,9.5292,0.8,0,1
242976,flyer3,4.49999,3.12896,-0.3,0,2
242976,bullet2,0.8,11.3426,0.8,0,1
242978,bullet5,13.3897,9.52738,0.8,0,1
242979,player,0.4,11.368,0,0.00310962,1
242979,bullet4,4.8,11.2327,0.8,0,1
242980,flyer2,10.685,11.8017,-0.290751,-0.073918,2
242980,bullet1,13.4088,9.5292,0.8,0,1
242981,flyer3,2.99999,3.12896,-0.3,0,2
242981,bullet2,4.8,11.3426,0.8,0,1
242984,player,0.4,10.4445,0,-0.368197,1
242984,bullet4,8.8,11.2327,0.8,0,1
242985,flyer2,9.23124,11.4321,-0.290751,-0.073918,1
242986,flyer3,1.49999,3.12896,-0.3,0,2
242989,player,0.4,10.6382,0,0.145081,1
242989,flyer1,16.5,3.12896,-0.26509,-0.140454,2
242991,flyer3,-6.4373e-06,3.12896,-0.3,0,2
242991,flyer5,16.5,13.2801,-0.288006,0.0839799,2
242991,bullet6,0.8,10.7329,0.8,0,1
242993,flyer4,16.5,13.2801,-0.3,0,2
242993,bullet3,0.8,10.7521,0.8,0,1
242994,player,0.4,10.7547,0,0.00267715,1
242994,flyer1,15.1745,2.42669,-0.26509,-0.140454,2
242994,bullet5,0.8,10.7547,0.8,0,1
242996,flyer5,15.06,13.7,-0.288006,0.0839799,2
242996,bullet6,4.8,10.7329,0.8,0,1
242997,bullet1,0.8,10.7567,0.8,0,1
242998,flyer4,15,13.2801,-0.3,0,2
242998,bullet3,4.8,10.7521,0.8,0,1
242999,player,0.4,10.2675,0,-0.151826,1
242999,flyer1,13.8491,1.72442,-0.26509,-0.140454,2
242999,bullet5,4.8,10.7547,0.8,0,1
243001,flyer5,13.6199,14.1199,-0.288006,0.0839799,2
243001,bullet6,8.8,10.7329,0.8,0,1
243002,bullet1,4.8,10.7567,0.8,0,1
243003,flyer4,13.5,13.2801,-0.3,0,2
243003,bullet3,8.8,10.7521,0.8,0,1
243004,player,0.4,10.0465,0,0.118319,1
243004,flyer1,12.5236,1.02215,-0.26509,-0.140454,2
243004,bullet5,8.8,10.7547,0.8,0,1
243006,flyer5,12.1799,14.5397,-0.288006,0.0839799,2
243006,bullet6,12.8,10.7329,0.8,0,1
243007,bullet1,8.8,10.7567,0.8,0,1
243008,flyer4,12,13.2801,-0.3,0,2
243008,bullet3,12.8,10.7521,0.8,0,1
243009,player,0.4,10.1415,0,0.00218331,1
243009,flyer1,11.1982,0.319882,-0.26509,-0.140454,2
243009,bullet5,12.8,10.7547,0.8,0,1
243011,flyer5,10.7399,14.9596,-0.288006,0.0839799,2
243011,bullet4,0.8,10.1429,0.8,0,1
243012,bullet1,12.8,10.7567,0.8,0,1
243013,flyer4,10.5,13.2801,-0.3,0,2
243014,player,0.4,10.1433,0,4.02883e-05,1
243014,flyer1,9.87275,-0.382387,-0.26509,-0.140454,2
243014,bullet2,0.8,10.1433,0.8,0,1
243016,flyer5,9.29985,15.3795,-0.288006,0.0839799,2
243016,bullet4,4.8,10.1429,0.8,0,1
243017,bullet6,0.8,10.701,0.8,0,1
243018,flyer4,9,13.2801,-0.3,0,2
243019,player,0.889375,10.2562,0.151875,-0.138035,1
243019,bullet2,4.8,10.1433,0.8,0,1
243021,flyer5,7.85983,15.7994,-0.288006,0.0839799,2
243021,bullet4,8.8,10.1429,0.8,0,1
243022,bullet6,4.8,10.701,0.8,0,1
243022,bullet3,0.844594,10.7113,0.8,0,1
243023,flyer4,7.5,13.2801,-0.3,0,2
243024,player,0.409031,10.7477,-0.0110371,0.0112925,1
243024,bullet2,8.8,10.1433,0.8,0,1
243026,flyer5,6.4198,16.2193,-0.288006,0.0839799,2
243026,bullet4,12.8,10.1429,0.8,0,1
243027,bullet6,8.8,10.701,0.8,0,1
243027,bullet3,4.84459,10.7113,0.8,0,1
243028,flyer4,5.99999,13.2801,-0.3,0,2
243029,player,0.957719,9.10736,0.0683438,-0.23385,1
243029,bullet2,12.8,10.1433,0.8,0,1
243032,bullet6,12.8,10.701,0.8,0,1
243032,bullet3,8.84459,10.7113,0.8,0,1
243032,bullet5,0.0508222,8.93346,-0.8,-6.99382e-08,1
243033,flyer4,4.49999,13.2801,-0.3,0,2
243034,player,0.4,9.25706,-0,0.333185,1
243034,flyer6,16.5,4.15066,-0.3,0,2
243037,flayer8,16.5,4.15066,-0.297277,-0.0403317,2
243037,bullet3,12.8446,10.7113,0.8,0,1
243037,bullet1,0.8,8.9471,0.8,0,1
243038,flyer4,2.99999,13.2801,-0.3,0,2
243039,player,0.4,8.92232,0,-0.00769141,1
243039,flyer6,15,4.15066,-0.3,0,2
243039,bullet4,0.8,8.92232,0.8,0,1
243042,flayer8,15.0136,3.949,-0.297277,-0.0403317,2
243042,bullet1,4.8,8.9471,0.8,0,1
243042,bullet5,0.8,8.42722,0.8,0,1
243043,flyer4,1.49999,13.2801,-0.3,0,2
243044,player,0.7375,8.66516,0.3375,0.306603,1
243044,flyer6,13.5,4.15066,-0.3,0,2
243044,bullet4,4.8,8.92232,0.8,0,1
243047,flayer8,13.5272,3.74734,-0.297277,-0.0403317,2
243047,bullet1,8.8,8.9471,0.8,0,1
243047,bullet5,4.8,8.42722,0.8,0,1
243048,flyer4,-6.4373e-06,13.2801,-0.3,0,2
243049,player,0.895603,9.40076,0.144263,0.157533,1
243049,flyer6,12,4.15066,-0.3,0,2
243049,bullet4,8.8,8.92232,0.8,0,1
243049,bullet2,1.2956,9.40076,0.8,0,1
243052,flayer8,12.0409,3.54568,-0.297277,-0.0403317,2
243052,bullet1,12.8,8.9471,0.8,0,1
243052,bullet5,8.8,8.42722,0.8,0,1
243054,player,1.01146,9.77825,0.00266206,-0.303838,1
243054,flyer6,10.5,4.15066,-0.3,0,2
243054,bullet4,12.8,8.92232,0.8,0,1
243054,bullet2,5.2956,9.40076,0.8,0,1
243057,flayer8,10.5545,3.34402,-0.297277,-0.0403317,2
243057,bullet5,12.8,8.42722,0.8,0,1
243058,bullet6,1.41355,9.53985,0.8,0,1
243059,player,1.0136,9.53424,4.91225e-05,-0.00560667,1
243059,flyer6,9,4.15066,-0.3,0,2
243059,bullet2,9.2956,9.40076,0.8,0,1
243059,bullet3,1.4136,9.53424,0.8,0,1
243062,flayer8,9.06809,3.14236,-0.297277,-0.0403317,2
243062,bullet1,1.41363,9.0407,0.8,0,1
243063,bullet6,5.41355,9.53985,0.8,0,1
243064,player,1.01364,8.94127,9.06449e-07,-0.0308581,1
243064,flyer6,7.5,4.15066,-0.3,0,2
243064,bullet2,13.2956,9.40076,0.8,0,1
243064,bullet3,5.4136,9.53424,0.8,0,1
243067,flayer8,7.5817,2.9407,-0.297277,-0.0403317,2
243067,bullet1,5.41363,9.0407,0.8,0,1
243068,bullet6,9.41355,9.53985,0.8,0,1
243069,player,1.51685,9.02943,0.13496,-0.138605,1
243069,flyer6,5.99999,4.15066,-0.3,0,2
243069,bullet3,9.4136,9.53424,0.8,0,1
243069,bullet4,1.11685,9.02943,-0.8,-6.99382e-08,1
243071,bullet5,2.00491,8.93899,0.8,0,1
243072,flayer8,6.09532,2.73904,-0.297277,-0.0403317,2
243072,bullet1,9.41363,9.0407,0.8,0,1
243073,bullet6,13.4135,9.53985,0.8,0,1
243074,player,1.62524,8.91812,0.00249039,-0.00255765,1
243074,flyer6,4.49999,4.15066,-0.3,0,2
243074,bullet3,13.4136,9.53424,0.8,0,1
243076,bullet5,6.00491,8.93899,0.8,0,1
243077,flayer8,4.60894,2.53738,-0.297277,-0.0403317,2
243077,bullet1,13.4136,9.0407,0.8,0,1
243078,bullet2,1.46947,9.47383,0.8,0,1
243079,player,1.03876,9.50454,-0.0307087,0.0307075,1
243079,flyer6,2.99999,4.15066,-0.3,0,2
243081,bullet5,10.0049,8.93899,0.8,0,1
243081,bullet4,0.618725,9.52457,-0.8,-6.99382e-08,1
243082,flayer8,3.12256,2.33572,-0.297277,-0.0403317,2
243083,bullet2,5.46947,9.47383,0.8,0,1
243084,player,0.456382,9.5292,-0.0689104,0.00056664,1
243084,flyer6,1.49999,4.15066,-0.3,0,2
243084,bullet6,0.856382,9.5292,0.8,0,1
243086,bullet5,14.0049,8.93899,0.8,0,1
243087,flayer8,1.63617,2.13407,-0.297277,-0.0403317,2
243088,bullet2,9.46947,9.47383,0.8,0,1
243088,bullet3,1.39079,8.94117,0.8,0,1
243089,player,1.00335,8.92734,0.012568,-0.0138292,1
243089,flyer6,-6.4373e-06,4.15066,-0.3,0,2
243089,bullet6,4.85638,9.5292,0.8,0,1
243089,bullet1,0.603354,8.92734,-0.8,-6.99382e-08,1
243092,flayer8,0.149792,1.93241,-0.297277,-0.0403317,2
243093,bullet2,13.4695,9.47383,0.8,0,1
243093,bullet3,5.39079,8.94117,0.8,0,1
243094,player,1.01345,8.32776,0.000231915,-0.0310099,1
243094,bullet6,8.85638,9.5292,0.8,0,1
243095,flayer7,16.5,4.15066,-0.3,0,2
243096,bullet4,0.924223,8.79691,0.8,0,1
243098,bullet3,9.39079,8.94117,0.8,0,1
243098,bullet5,0.825156,8.89191,0.8,0,1
243099,player,0.41132,8.90517,-0.0138353,0.0132674,1
243099,bullet6,12.8564,9.5292,0.8,0,1
243100,flayer7,15,4.15066,-0.3,0,2
243101,bullet4,4.92422,8.79691,0.8,0,1
243103,bullet3,13.3908,8.94117,0.8,0,1
243103,bullet5,4.82516,8.89191,0.8,0,1
243104,player,0.400209,8.42645,-0.000255301,-0.15163,1
243105,flayer7,13.5,4.15066,-0.3,0,2
243106,bullet4,8.92422,8.79691,0.8,0,1
243106,bullet1,0.8,7.83814,0.8,0,1
243108,bullet5,8.82516,8.89191,0.8,0,1
243109,player,0.4,7.21299,0,-0.168513,1
243109,bullet2,0.8,7.21299,0.8,0,1
243110,flayer7,12,4.15066,-0.3,0,2
243111,bullet4,12.9242,8.79691,0.8,0,1
243111,bullet1,4.8,7.83814,0.8,0,1
243113,bullet5,12.8252,8.89191,0.8,0,1
243114,player,1.47785,7.07766,0.18263,-0.00310953,1
243114,bullet2,4.8,7.21299,0.8,0,1
243115,flayer7,10.5,4.15066,-0.3,0,2
243116,bullet1,8.8,7.83814,0.8,0,1
243116,bullet6,1.99701,7.07563,0.8,0,1
243119,player,2.11389,6.58579,0.155245,-0.151932,1
243119,bullet2,8.8,7.21299,0.8,0,1
243120,flayer7,9,4.15066,-0.3,0,2
243120,bullet3,2.58375,6.51742,0.8,0,1
243121,bullet1,12.8,7.83814,0.8,0,1
243121,bullet6,5.99701,7.07563,0.8,0,1
243124,player,2.23856,6.46378,0.00286471,-0.00280358,1
243124,bullet2,12.8,7.21299,0.8,0,1
243125,flayer7,7.5,4.15066,-0.3,0,2
243125,bullet3,6.58375,6.51742,0.8,0,1
243126,bullet6,9.99701,7.07563,0.8,0,1
243129,player,1.75149,6.44768,-0.151822,0.0168633,1
243129,flyer2,16.5,1.67346,-0.3,0,2
243130,flayer7,5.99999,4.15066,-0.3,0,2
243130,bullet3,10.5838,6.51742,0.8,0,1
243131,bullet6,13.997,7.07563,0.8,0,1
243131,bullet4,1.56305,6.45868,0.8,0,1
243134,player,1.51663,6.46123,0.135234,0.000311176,1
243134,flyer2,15,1.67346,-0.3,0,2
243134,bullet5,1.91663,6.46123,0.8,0,1
243135,flayer7,4.49999,4.15066,-0.3,0,2
243135,bullet3,14.5838,6.51742,0.8,0,1
243136,bullet4,5.56305,6.45868,0.8,0,1
243138,bullet1,2.02274,6.46147,0.8,0,1
243139,player,1.62523,6.46148,0.00249544,5.74208e-06,1
243139,flyer2,13.5,1.67346,-0.3,0,2
243139,bullet5,5.91663,6.46123,0.8,0,1
243140,flayer7,2.99999,4.15066,-0.3,0,2
243140,bullet2,2.02635,6.46148,0.8,0,1
243141,bullet4,9.56305,6.45868,0.8,0,1
243143,bullet1,6.02274,6.46147,0.8,0,1
243144,player,1.87821,6.12398,-0.306699,-0.3375,1
243144,flyer2,12,1.67346,-0.3,0,2
243144,bullet5,9.91663,6.46123,0.8,0,1
243145,flayer7,1.49999,4.15066,-0.3,0,2
243145,bullet2,6.02635,6.46148,0.8,0,1
243146,bullet4,13.5631,6.45868,0.8,0,1
243148,bullet1,10.0227,6.46147,0.8,0,1
243149,player,1.6319,6.34231,-0.00565946,0.145647,1
243149,flyer2,10.5,1.67346,-0.3,0,2
243149,bullet5,13.9166,6.46123,0.8,0,1
243150,flayer7,-6.4373e-06,4.15066,-0.3,0,2
243150,bullet2,10.0264,6.46148,0.8,0,1
243150,bullet6,2.02936,6.40785,0.8,0,1
243153,bullet1,14.0227,6.46147,0.8,0,1
243153,bullet3,2.02746,5.89887,0.8,0,1
243154,player,1.62736,5.87081,-0.000104433,-0.0280671,1
243154,flyer2,9,1.67346,-0.3,0,2
243155,bullet2,14.0264,6.46148,0.8,0,1
243155,bullet6,6.02936,6.40785,0.8,0,1
243157,bullet4,1.46956,5.29222,0.8,0,1
243158,bullet3,6.02746,5.89887,0.8,0,1
243158,bullet5,1.4388,5.26031,0.8,0,1
243159,player,1.02496,5.24595,-0.0138415,-0.0143575,1
243159,flyer2,7.5,1.67346,-0.3,0,2
243160,bullet6,10.0294,6.40785,0.8,0,1
243162,bullet4,5.46956,5.29222,0.8,0,1
243163,bullet3,10.0275,5.89887,0.8,0,1
243163,bullet5,5.4388,5.26031,0.8,0,1
243164,player,0.563408,5.98861,-0.19972,-0.17205,1
243164,flyer2,5.99999,1.67346,-0.3,0,2
243165,bullet6,14.0294,6.40785,0.8,0,1
243167,bullet4,9.46956,5.29222,0.8,0,1
243168,bullet3,14.0275,5.89887,0.8,0,1
243168,bullet5,9.4388,5.26031,0.8,0,1
243169,player,0.403016,5.75134,-0.0036854,0.117945,1
243169,flyer2,4.49999,1.67346,-0.3,0,2
243171,flyer3,16.5,0.653423,-0.293307,0.0630141,2
243171,bullet1,0.8,5.8283,0.8,0,1
243172,bullet4,13.4696,5.29222,0.8,0,1
243173,bullet5,13.4388,5.26031,0.8,0,1
243174,player,0.4,5.35669,-0,-0.149699,1
243174,flyer2,2.99999,1.67346,-0.3,0,2
243176,flyer3,15.0335,0.968493,-0.293307,0.0630141,2
243176,bullet1,4.8,5.8283,0.8,0,1
243177,flyer1,16.5,0.653423,-0.298052,-0.0341327,2
243178,bullet2,0.489375,5.23923,-0.8,-6.99382e-08,1
243179,player,0.957719,5.23647,0.0683438,-0.00276236,1
243179,flyer2,1.49999,1.67346,-0.3,0,2
243180,bullet6,1.38847,5.23523,0.8,0,1
243181,flyer3,13.5669,1.28356,-0.293307,0.0630141,2
243181,bullet1,8.8,5.8283,0.8,0,1
243182,flyer1,15.0097,0.482759,-0.298052,-0.0341327,2
243184,player,1.60108,4.64578,0.0320158,-0.0308057,1
243184,flyer2,-6.4373e-06,1.67346,-0.3,0,2
243184,bullet3,2.00108,4.64578,0.8,0,1
243185,bullet6,5.38847,5.23523,0.8,0,1
243186,flyer3,12.1004,1.59863,-0.293307,0.0630141,2
243186,bullet1,12.8,5.8283,0.8,0,1
243187,flyer1,13.5195,0.312096,-0.298052,-0.0341327,2
243188,bullet4,1.9271,4.13223,0.8,0,1
243189,player,1.5822,4.06332,0.0550949,-0.0689122,1
243189,bullet3,6.00108,4.64578,0.8,0,1
243190,bullet6,9.38847,5.23523,0.8,0,1
243191,flyer3,10.6339,1.9137,-0.293307,0.0630141,2
243191,bullet5,1.52877,4.01835,0.8,0,1
243192,flyer1,12.0292,0.141433,-0.298052,-0.0341327,2
243193,bullet4,5.9271,4.13223,0.8,0,1
243194,player,1.02413,4.00798,-0.012823,-0.00127162,1
243194,bullet3,10.0011,4.64578,0.8,0,1
243195,bullet6,13.3885,5.23523,0.8,0,1
243196,flyer3,9.16732,2.22877,-0.293307,0.0630141,2
243196,bullet5,5.52877,4.01835,0.8,0,1
243197,flyer1,10.539,-0.0292306,-0.298052,-0.0341327,2
243198,bullet4,9.9271,4.13223,0.8,0,1
243199,player,0.4,4.49633,-0,0.151852,1
243199,bullet3,14.0011,4.64578,0.8,0,1
243201,flyer3,7.70078,2.54384,-0.293307,0.0630141,2
243201,bullet5,9.52877,4.01835,0.8,0,1
243202,flyer1,9.0487,-0.199894,-0.298052,-0.0341327,2
243203,bullet4,13.9271,4.13223,0.8,0,1
243203,bullet2,1.94619,4.027,0.8,0,1
243204,player,1.59079,4.01597,0.0445943,-0.0110375,1
243205,bullet1,2.01085,4.011,0.8,0,1
243206,flyer3,6.23424,2.85891,-0.293307,0.0630141,2
243206,bullet5,13.5288,4.01835,0.8,0,1
243207,flyer1,7.55844,-0.370557,-0.298052,-0.0341327,2
243207,bullet6,2.02395,4.00776,0.8,0,1
243208,bullet2,5.94619,4.027,0.8,0,1
243209,player,1.6266,4.0071,0.00082289,-0.000203673,1
243210,bullet1,6.01085,4.011,0.8,0,1
243211,flyer3,4.76771,3.17398,-0.293307,0.0630141,1
243213,bullet2,9.94619,4.027,0.8,0,1
243213,bullet3,2.58496,4.56466,0.8,0,1
243214,player,2.21573,4.59541,0.0307699,0.0307509,1
243214,bullet4,2.61573,4.59541,0.8,0,1
243215,bullet1,10.0109,4.011,0.8,0,1
243216,flyer3,3.30117,3.48905,-0.293307,0.0630141,1
243218,bullet2,13.9462,4.027,0.8,0,1
243218,bullet3,6.58496,4.56466,0.8,0,1
243219,player,2.82892,4.62011,0.0313225,0.000567441,1
243219,bullet4,6.61573,4.59541,0.8,0,1
243220,bullet1,14.0109,4.011,0.8,0,1
243221,flyer3,1.83463,3.80412,-0.293307,0.0630141,1
243223,flyer5,16.5,0.653423,-0.286527,-0.0888936,2
243223,bullet3,10.585,4.56466,0.8,0,1
243224,player,3.19157,5.071,0.338078,0.199475,1
243224,bullet4,10.6157,4.59541,0.8,0,1
243226,flyer3,0.368097,4.11919,-0.293307,0.0630141,1
243226,bullet5,3.01217,5.20116,-0.8,-6.99382e-08,1
243228,flyer5,15.0674,0.208955,-0.286527,-0.0888936,2
243228,bullet3,14.585,4.56466,0.8,0,1
243229,player,3.95245,5.2312,0.158113,0.00368088,1
243229,bullet4,14.6157,4.59541,0.8,0,1
243231,flyer4,16.5,4.70919,-0.29391,0.0601401,2
243231,flyer6,16.5,4.70919,-0.268841,0.133134,2
243232,flayer8,16.5,4.70919,-0.299955,-0.00519843,2
243233,flyer5,13.6347,-0.235514,-0.286527,-0.0888936,2
243233,bullet6,5.06499,5.7918,0.8,0,1
243234,player,4.68175,5.82263,0.0167572,0.0308226,1
243236,flyer4,15.0304,5.00989,-0.29391,0.0601401,2
243236,flyer6,15.1558,5.37486,-0.268841,0.133134,1
243237,flayer8,15.0002,4.68319,-0.299955,-0.00519843,2
243238,bullet6,9.06499,5.7918,0.8,0,1
243238,bullet2,5.58427,5.84681,0.8,0,1
243239,player,5.25293,5.84738,0.068653,0.000568764,1
243241,flyer4,13.5609,5.31059,-0.29391,0.0601401,2
243241,flyer6,13.8116,6.04053,-0.268841,0.133134,1
243241,bullet1,5.20835,5.84775,0.8,0,1
243242,flayer8,13.5004,4.6572,-0.299955,-0.00519843,2
243243,bullet2,9.58427,5.84681,0.8,0,1
243243,bullet3,5.11832,5.84782,0.8,0,1
243244,player,4.70575,5.84784,-0.0125728,1.04953e-05,1
243246,flyer4,12.0913,5.61129,-0.29391,0.0601401,1
243246,bullet1,9.20835,5.84775,0.8,0,1
243247,flayer8,12.0007,4.63121,-0.299955,-0.00519843,2
243247,bullet5,4.53868,6.40556,0.8,0,1
243248,bullet3,9.11832,5.84782,0.8,0,1
243249,player,4.58272,6.93953,0.137803,0.165715,1
243250,bullet4,5.04473,7.0141,0.8,0,1
243251,bullet6,5.07263,7.04766,0.8,0,1
243252,flayer8,10.5009,4.60522,-0.299955,-0.00519843,2
243252,bullet5,8.53868,6.40556,0.8,0,1
243253,bullet3,13.1183,5.84782,0.8,0,1
243254,player,4.69338,7.07261,0.00254286,0.0030579,1
243255,bullet4,9.04473,7.0141,0.8,0,1
243256,bullet6,9.07263,7.04766,0.8,0,1
243257,flayer8,9.00112,4.57922,-0.299955,-0.00519843,2
243257,bullet5,12.5387,6.40556,0.8,0,1
243259,player,5.36608,6.40441,-0.0696447,0.0697481,1
243260,bullet4,13.0447,7.0141,0.8,0,1
243261,bullet6,13.0726,7.04766,0.8,0,1
243262,flayer8,7.50134,4.55323,-0.299955,-0.00519843,2
243262,flayer7,16.5,4.70919,-0.294565,0.0568449,2
243264,player,5.32399,6.46043,-0.0182002,0.00128705,1
243264,bullet2,5.72399,6.46043,0.8,0,1
243266,flyer2,16.5,9.00269,-0.3,0,2
243267,flayer8,6.00157,4.52724,-0.299955,-0.00519843,2
243267,flayer7,15.0272,4.99341,-0.294565,0.0568449,2
243269,player,5.86709,6.39312,0.0680079,0.083555,1
243269,bullet2,9.72399,6.46043,0.8,0,1
243270,bullet1,5.4977,6.43072,-0.8,-6.99382e-08,1
243271,flyer2,15,9.00269,-0.3,0,2
243271,bullet3,6.31147,6.44764,0.8,0,1
243272,flayer8,4.50179,4.50125,-0.299955,-0.00519843,2
243272,flayer7,13.5543,5.27763,-0.294565,0.0568449,2
243273,bullet5,6.32045,6.45868,0.8,0,1
243274,player,5.92171,6.46022,0.00125494,0.00154182,1
243274,bullet2,13.724,6.46043,0.8,0,1
243275,bullet1,1.4977,6.43072,-0.8,-6.99382e-08,1
243276,flyer2,13.5,9.00269,-0.3,0,2
243276,bullet3,10.3115,6.44764,0.8,0,1
243277,flayer8,3.00202,4.47526,-0.299955,-0.00519843,2
243277,flayer7,12.0815,5.56186,-0.294565,0.0568449,2
243278,bullet5,10.3205,6.45868,0.8,0,1
243279,player,6.41209,6.46146,0.151898,2.8451e-05,1
243281,flyer2,12,9.00269,-0.3,0,2
243281,bullet4,6.9112,5.9721,0.8,0,1
243282,flayer8,1.50224,4.44926,-0.299955,-0.00519843,2
243284,player,6.53408,5.85917,0.00280295,-0.0138391,1
243284,bullet6,6.13408,5.85917,-0.8,-6.99382e-08,1
243286,flyer2,10.5,9.00269,-0.3,0,2
243286,bullet4,10.9112,5.9721,0.8,0,1
243287,flayer8,0.00246686,4.42327,-0.299955,-0.00519843,2
243287,bullet2,7.49388,5.84888,0.8,0,1
243289,player,7.13864,5.35868,0.0138913,-0.15213,1
243289,bullet6,2.13408,5.85917,-0.8,-6.99382e-08,1
243291,flyer2,9,9.00269,-0.3,0,2
243291,bullet4,14.9112,5.9721,0.8,0,1
243292,bullet2,11.4939,5.84888,0.8,0,1
243293,flyer1,16.5,9.00269,-0.3,0,2
243294,player,7.70752,5.82498,0.0686001,0.0279475,1
243294,flyer3,16.5,9.00269,-0.3,0,2
243294,bullet3,8.10752,5.82498,0.8,0,1
243295,bullet1,8.13839,5.83756,0.8,0,1
243296,flyer2,7.5,9.00269,-0.3,0,2
243297,bullet2,15.4939,5.84888,0.8,0,1
243298,flyer1,15,9.00269,-0.3,0,2
243299,player,7.20489,5.84743,-0.0670779,0.000515709,1
243299,flyer3,15,9.00269,-0.3,0,2
243299,bullet3,12.1075,5.82498,0.8,0,1
243299,bullet5,7.60489,5.84743,0.8,0,1
243300,bullet1,12.1384,5.83756,0.8,0,1
243301,flyer2,5.99999,9.00269,-0.3,0,2
243301,bullet4,7.56112,5.84776,0.8,0,1
243303,flyer1,13.5,9.00269,-0.3,0,2
243304,player,7.15102,5.84784,-0.00123778,9.51628e-06,1
243304,flyer3,13.5,9.00269,-0.3,0,2
243304,bullet3,16.1075,5.82498,0.8,0,1
243304,bullet5,11.6049,5.84743,0.8,0,1
243305,bullet1,16.1384,5.83756,0.8,0,1
243306,flyer2,4.49999,9.00269,-0.3,0,2
243306,bullet4,11.5611,5.84776,0.8,0,1
243308,flyer1,12,9.00269,-0.3,0,2
243309,player,7.15003,5.73491,-2.28404e-05,0.138036,1
243309,flyer3,12,9.00269,-0.3,0,2
243309,bullet5,15.6049,5.84743,0.8,0,1
243309,bullet6,7.55003,5.73491,0.8,0,1
243311,flyer2,2.99999,9.00269,-0.3,0,2
243311,bullet4,15.5611,5.84776,0.8,0,1
243312,bullet2,7.06064,5.34818,0.8,0,1
243313,flyer1,10.5,9.00269,-0.3,0,2
243314,player,6.56153,5.25729,-0.0307551,-0.0282075,1
243314,flyer3,10.5,9.00269,-0.3,0,2
243314,bullet6,11.55,5.73491,0.8,0,1
243315,bullet3,6.9477,5.2446,0.8,0,1
243316,flyer2,1.49999,9.00269,-0.3,0,2
243317,bullet2,11.0606,5.34818,0.8,0,1
243318,flyer1,9,9.00269,-0.3,0,2
243318,bullet1,6.93741,5.23516,0.8,0,1
243319,player,6.53684,5.23464,-0.000567518,-0.000520508,1
243319,flyer3,9,9.00269,-0.3,0,2
243319,bullet6,15.55,5.73491,0.8,0,1
243320,bullet3,10.9477,5.2446,0.8,0,1
243321,flyer2,-6.4373e-06,9.00269,-0.3,0,2
243322,bullet2,15.0606,5.34818,0.8,0,1
243322,bullet5,7.42579,5.72363,0.8,0,1
243323,flyer1,7.5,9.00269,-0.3,0,2
243323,bullet1,10.9374,5.23516,0.8,0,1
243324,player,6.78736,5.82269,-0.306756,0.0307451,1
243324,flyer3,7.5,9.00269,-0.3,0,2
243325,bullet3,14.9477,5.2446,0.8,0,1
243327,bullet5,11.4258,5.72363,0.8,0,1
243328,flyer1,5.99999,9.00269,-0.3,0,2
243328,bullet1,14.9374,5.23516,0.8,0,1
243328,bullet4,6.94667,5.84682,0.8,0,1
243329,player,6.541,5.84739,-0.00566051,0.000567333,1
243329,flyer3,5.99999,9.00269,-0.3,0,2
243329,bullet6,6.941,5.84739,0.8,0,1
243331,bullet2,6.93731,5.84776,0.8,0,1
243332,bullet5,15.4258,5.72363,0.8,0,1
243333,flyer1,4.49999,9.00269,-0.3,0,2
243333,bullet4,10.9467,5.84682,0.8,0,1
243334,player,7.09418,6.40556,0.0682393,0.0683542,1
243334,flyer3,4.49999,9.00269,-0.3,0,2
243334,bullet6,10.941,5.84739,0.8,0,1
243336,bullet2,10.9373,5.84776,0.8,0,1
243338,flyer1,2.99999,9.00269,-0.3,0,2
243338,bullet4,14.9467,5.84682,0.8,0,1
243339,player,7.14898,5.3826,0.00125921,-0.181368,1
243339,flyer3,2.99999,9.00269,-0.3,0,2
243339,bullet6,14.941,5.84739,0.8,0,1
243339,bullet3,7.54898,5.3826,0.8,0,1
243341,bullet2,14.9373,5.84776,0.8,0,1
243341,bullet1,7.5498,5.26426,0.8,0,1
243343,flyer1,1.49999,9.00269,-0.3,0,2
243344,player,7.14999,5.72633,2.32359e-05,0.148528,1
243344,flyer3,1.49999,9.00269,-0.3,0,2
243344,bullet3,11.549,5.3826,0.8,0,1
243346,bullet1,11.5498,5.26426,0.8,0,1
243348,flyer1,-6.4373e-06,9.00269,-0.3,0,2
243348,bullet5,6.99229,6.43134,0.8,0,1
243349,player,6.56154,6.44792,-0.0307543,0.0165804,1
243349,flyer3,-6.4373e-06,9.00269,-0.3,0,2
243349,bullet3,15.549,5.3826,0.8,0,1
243351,flyer5,16.5,8.33568,-0.239301,0.180928,2
243351,bullet1,15.5498,5.26426,0.8,0,1
243351,bullet4,6.94147,6.45874,0.8,0,1
243353,flyer6,16.5,9.88207,-0.3,0,2
243353,bullet5,10.9923,6.43134,0.8,0,1
243354,player,6.53684,5.90352,-0.000567503,-0.0680378,1
243356,flyer5,15.3035,9.24032,-0.239301,0.180928,2
243356,bullet4,10.9415,6.45874,0.8,0,1
243358,flyer6,15,9.88207,-0.3,0,2
243358,bullet5,14.9923,6.43134,0.8,0,1
243358,bullet6,6.37868,6.40785,0.8,0,1
243359,player,5.61041,6.09985,-0.368265,-0.308001,1
243361,flyer5,14.107,10.145,-0.239301,0.180928,2
243361,bullet4,14.9415,6.45874,0.8,0,1
243363,flyer6,13.5,9.88207,-0.3,0,2
243363,flyer4,16.5,8.73678,-0.261317,0.147354,2
243363,bullet6,10.3787,6.40785,0.8,0,1
243364,player,5.31466,6.74772,-0.00679553,0.40016,1
243366,flyer5,12.9105,11.0496,-0.239301,0.180928,2
243368,flyer6,12,9.88207,-0.3,0,2
243368,flyer4,15.1934,9.47355,-0.261317,0.147354,2
243368,bullet6,14.3787,6.40785,0.8,0,1
243368,bullet2,4.32086,7.0617,-0.8,-6.99382e-08,1
243369,player,4.36939,7.40658,-0.351465,0.344884,1
243371,flyer5,11.714,11.9542,-0.239301,0.180928,2
243372,bullet3,4.01866,8.15242,0.8,0,1
243373,flyer6,10.5,9.88207,-0.3,0,2
243373,flyer4,13.8868,10.2103,-0.261317,0.147354,2
243373,bullet2,0.32086,7.0617,-0.8,-6.99382e-08,1
243374,player,3.49867,8.27202,-0.0372402,0.0371188,1
243374,bullet1,3.89867,8.27202,0.8,0,1
243376,flyer5,10.5175,12.8589,-0.239301,0.180928,2
243377,bullet3,8.01866,8.15242,0.8,0,1
243378,flyer6,9,9.88207,-0.3,0,2
243378,flyer4,12.5802,10.9471,-0.261317,0.147354,2
243379,player,2.91104,8.34643,-0.0690309,-0.0538192,1
243379,bullet1,7.89867,8.27202,0.8,0,1
243379,bullet5,3.31104,8.34643,0.8,0,1
243381,flyer5,9.32098,13.7635,-0.239301,0.180928,2
243382,bullet3,12.0187,8.15242,0.8,0,1
243382,bullet4,2.77033,8.79578,0.8,0,1
243383,flyer6,7.5,9.88207,-0.3,0,2
243383,flyer4,11.2737,11.6839,-0.261317,0.147354,2
243384,player,2.26713,8.89168,-0.0320285,0.0297616,1
243384,bullet1,11.8987,8.27202,0.8,0,1
243384,bullet5,7.31104,8.34643,0.8,0,1
243386,flyer5,8.12447,14.6682,-0.239301,0.180928,2
243387,bullet3,16.0187,8.15242,0.8,0,1
243387,bullet4,6.77033,8.79578,0.8,0,1
243388,flyer6,5.99999,9.88207,-0.3,0,2
243388,flyer4,9.96707,12.4206,-0.261317,0.147354,2
243389,player,2.73078,8.46514,0.151284,-0.198915,1
243389,bullet1,15.8987,8.27202,0.8,0,1
243389,bullet5,11.311,8.34643,0.8,0,1
243391,flyer5,6.92797,15.5728,-0.239301,0.180928,2
243392,bullet4,10.7703,8.79578,0.8,0,1
243392,bullet6,2.75391,8.8066,0.8,0,1
243393,flyer6,4.49999,9.88207,-0.3,0,2
243393,flyer4,8.66048,13.1574,-0.261317,0.147354,2
243394,player,2.6013,9.23137,0.309537,0.364584,1
243394,bullet5,15.311,8.34643,0.8,0,1
243396,flyer5,5.73147,16.4775,-0.239301,0.180928,2
