191424,player,1.5609,8.21087,0,0,1
191429,player,0.40087,9.37091,-0.0821834,0.0821834,1
191429,bullet1,0.80087,9.37091,0.8,0,1
191432,bullet2,0.8,8.8743,0.8,0,1
191433,bullet3,0.8,8.84692,0.8,0,1
191434,player,0.4,8.8346,0,-0.0123231,1
191434,bullet1,4.80087,9.37091,0.8,0,1
191436,bullet4,0.8,8.82656,0.8,0,1
191437,bullet2,4.8,8.8743,0.8,0,1
191438,bullet3,4.8,8.84692,0.8,0,1
191439,player,0.4,9.38242,0,0.0681164,1
191439,bullet1,8.80087,9.37091,0.8,0,1
191441,bullet4,4.8,8.82656,0.8,0,1
191442,bullet2,8.8,8.8743,0.8,0,1
191443,bullet3,8.8,8.84692,0.8,0,1
191444,player,0.4,8.83481,0,-0.0125827,1
191444,bullet1,12.8009,9.37091,0.8,0,1
191446,bullet4,8.8,8.82656,0.8,0,1
191447,bullet2,12.8,8.8743,0.8,0,1
191448,bullet3,12.8,8.84692,0.8,0,1
191449,player,1.47785,9.75068,0.18263,0.368023,1
191449,flyer1,16.5,7.67061,-0.3,0,2
191451,bullet4,12.8,8.82656,0.8,0,1
191452,flyer2,16.5,7.67061,-0.3,0,2
191453,flyer3,16.5,7.67061,-0.3,0,2
191453,bullet5,1.46343,9.48173,0.8,0,1
191454,player,1.03604,9.45777,-0.0273847,-0.0239636,1
191454,flyer1,15,7.67061,-0.3,0,2
191456,bullet6,1.90755,9.44213,0.8,0,1
191457,flyer2,15,7.67061,-0.3,0,2
191458,flyer3,15,7.67061,-0.3,0,2
191458,bullet5,5.46343,9.48173,0.8,0,1
191459,player,2.10574,8.94915,0.165209,-0.152317,1
191459,flyer1,13.5,7.67061,-0.3,0,2
191459,bullet1,2.50574,8.94915,0.8,0,1
191461,bullet6,5.90755,9.44213,0.8,0,1
191461,bullet2,2.61354,8.84976,0.8,0,1
191462,flyer2,13.5,7.67061,-0.3,0,2
191463,flyer3,13.5,7.67061,-0.3,0,2
191463,bullet5,9.46343,9.48173,0.8,0,1
191464,player,2.23841,8.82682,0.00304858,-0.00281068,1
191464,flyer1,12,7.67061,-0.3,0,2
191464,bullet1,6.50574,8.94915,0.8,0,1
191466,bullet6,9.90755,9.44213,0.8,0,1
191466,bullet2,6.61354,8.84976,0.8,0,1
191467,flyer2,12,7.67061,-0.3,0,2
191468,flyer3,12,7.67061,-0.3,0,2
191468,bullet5,13.4634,9.48173,0.8,0,1
191469,player,2.79858,8.82456,0.0684,-5.1865e-05,1
191469,flyer1,10.5,7.67061,-0.3,0,2
191469,bullet1,10.5057,8.94915,0.8,0,1
191471,bullet6,13.9075,9.44213,0.8,0,1
191471,bullet2,10.6135,8.84976,0.8,0,1
191472,flyer2,10.5,7.67061,-0.3,0,2
191473,flyer3,10.5,7.67061,-0.3,0,2
191474,player,1.95829,9.71974,-0.404582,0.405843,1
191474,flyer1,9,7.67061,-0.3,0,2
191474,bullet1,14.5057,8.94915,0.8,0,1
191476,bullet2,14.6135,8.84976,0.8,0,1
191477,flyer2,9,7.67061,-0.3,0,2
191478,flyer3,9,7.67061,-0.3,0,2
191478,bullet3,0.962998,11.116,0.8,0,1
191479,player,0.473349,11.2057,-0.089649,0.0896723,1
191479,flyer1,7.5,7.67061,-0.3,0,2
191480,bullet4,0.833007,11.246,0.8,0,1
191481,bullet5,0.814853,11.2642,0.8,0,1
191482,flyer2,7.5,7.67061,-0.3,0,2
191483,flyer3,7.5,7.67061,-0.3,0,2
191483,bullet3,4.963,11.116,0.8,0,1
191484,player,0.401353,11.2777,-0.00165428,0.00165471,1
191484,flyer1,5.99999,7.67061,-0.3,0,2
191485,bullet4,4.83301,11.246,0.8,0,1
191486,bullet5,4.81485,11.2642,0.8,0,1
191487,flyer2,5.99999,7.67061,-0.3,0,2
191487,bullet6,1.35784,11.2789,0.8,0,1
191488,flyer3,5.99999,7.67061,-0.3,0,2
191488,bullet3,8.963,11.116,0.8,0,1
191489,player,1.00234,10.7897,0.0138091,-0.151844,1
191489,flyer1,4.49999,7.67061,-0.3,0,2
191490,bullet4,8.83301,11.246,0.8,0,1
191491,bullet5,8.81485,11.2642,0.8,0,1
191492,flyer2,4.49999,7.67061,-0.3,0,2
191492,bullet6,5.35784,11.2789,0.8,0,1
191493,flyer3,4.49999,7.67061,-0.3,0,2
191493,bullet3,12.963,11.116,0.8,0,1
191494,player,0.900489,9.57603,0.13829,-0.168517,1
191494,flyer1,2.99999,7.67061,-0.3,0,2
191495,bullet4,12.833,11.246,0.8,0,1
191496,bullet5,12.8149,11.2642,0.8,0,1
191497,flyer2,2.99999,7.67061,-0.3,0,2
191497,bullet6,9.35784,11.2789,0.8,0,1
191498,flyer3,2.99999,7.67061,-0.3,0,2
191499,player,0.674048,9.4407,-0.334948,-0.0031096,1
191499,flyer1,1.49999,7.67061,-0.3,0,2
191501,bullet1,0.855494,9.43867,0.8,0,1
191502,flyer2,1.49999,7.67061,-0.3,0,2
191502,bullet6,13.3578,11.2789,0.8,0,1
191503,flyer3,1.49999,7.67061,-0.3,0,2
191503,bullet2,0.811237,9.43826,0.8,0,1
191504,player,0.405056,9.1007,-0.00618074,-0.337557,1
191504,flyer1,-6.4373e-06,7.67061,-0.3,0,2
191506,bullet1,4.85549,9.43867,0.8,0,1
191506,bullet3,0.801023,8.88045,0.8,0,1
191507,flyer2,-6.4373e-06,7.67061,-0.3,0,2
191508,flyer3,-6.4373e-06,7.67061,-0.3,0,2
191508,bullet2,4.81124,9.43826,0.8,0,1
191509,player,0.4,9.38733,0,0.0621149,1
191509,bullet4,0.8,9.38733,0.8,0,1
191511,bullet1,8.85549,9.43867,0.8,0,1
191511,bullet3,4.80102,8.88045,0.8,0,1
191513,bullet2,8.81124,9.43826,0.8,0,1
191514,player,0.4,9.09972,0,-0.336354,1
191514,bullet4,4.8,9.38733,0.8,0,1
191516,bullet1,12.8555,9.43867,0.8,0,1
191516,bullet3,8.80102,8.88045,0.8,0,1
191518,bullet2,12.8112,9.43826,0.8,0,1
191519,player,0.4,8.8296,0,-0.00620667,1
191519,bullet4,8.8,9.38733,0.8,0,1
191521,flyer4,16.5,12.2176,-0.266761,0.137254,2
191521,bullet3,12.801,8.88045,0.8,0,1
191522,bullet5,0.8,8.82498,0.8,0,1
191523,bullet6,0.8,8.82473,0.8,0,1
191524,player,0.4,8.82461,0,-0.000114531,1
191524,bullet4,12.8,9.38733,0.8,0,1
191526,flyer4,15.1662,12.9039,-0.266761,0.137254,2
191527,bullet5,4.8,8.82498,0.8,0,1
191528,bullet6,4.8,8.82473,0.8,0,1
191528,bullet1,0.830755,9.97072,0.8,0,1
191529,player,0.41384,10.0153,-0.0169151,0.0445922,1
191531,flyer4,13.8324,13.5902,-0.266761,0.137254,2
191532,bullet5,8.8,8.82498,0.8,0,1
191533,bullet6,8.8,8.82473,0.8,0,1
191533,bullet1,4.83075,9.97072,0.8,0,1
191534,player,0.4,10.6534,0,0.0146625,1
191535,bullet2,0.8,10.66,0.8,0,1
191536,flyer4,12.4986,14.2764,-0.266761,0.137254,2
191537,bullet5,12.8,8.82498,0.8,0,1
191538,bullet6,12.8,8.82473,0.8,0,1
191538,bullet1,8.83076,9.97072,0.8,0,1
191539,player,0.7375,10.3277,0.3375,-0.337229,1
191540,bullet2,4.8,10.66,0.8,0,1
191541,flyer4,11.1648,14.9627,-0.266761,0.137254,2
191542,bullet3,1.38847,10.0769,0.8,0,1
191543,bullet1,12.8308,9.97072,0.8,0,1
191544,player,1.00854,10.0569,0.00622782,-0.00622283,1
191545,bullet2,8.8,10.66,0.8,0,1
191546,flyer4,9.83098,15.649,-0.266761,0.137254,2
191547,bullet3,5.38847,10.0769,0.8,0,1
191548,flyer5,16.5,12.2176,-0.3,0,2
191549,player,0.4,10.2903,-0.24463,0.458506,1
191550,bullet2,12.8,10.66,0.8,0,1
191551,flyer4,8.49718,16.3352,-0.266761,0.137254,2
191551,bullet4,0.8,10.5895,0.8,0,1
191552,bullet3,9.38847,10.0769,0.8,0,1
191552,bullet5,0.8,10.6312,0.8,0,1
191553,flyer5,15,12.2176,-0.3,0,2
191554,player,0.4,10.321,-0,-0.329039,1
191556,bullet4,4.8,10.5895,0.8,0,1
191557,bullet3,13.3885,10.0769,0.8,0,1
191557,bullet5,4.8,10.6312,0.8,0,1
191558,flyer5,13.5,12.2176,-0.3,0,2
191559,player,0.988474,8.91057,0.0307547,-0.10517,1
191559,bullet6,0.588474,8.91057,-0.8,-6.99382e-08,1
191561,flyer6,16.5,2.63906,-0.299762,-0.0119394,2
191561,bullet4,8.8,10.5895,0.8,0,1
191562,bullet5,8.8,10.6312,0.8,0,1
191563,flyer5,12,12.2176,-0.3,0,2
191564,player,0.455454,9.41458,-0.0677762,0.028814,1
191564,bullet1,0.855454,9.41458,0.8,0,1
191566,flyer6,15.0012,2.57937,-0.299762,-0.0119394,2
191566,bullet4,12.8,10.5895,0.8,0,1
191567,bullet5,12.8,10.6312,0.8,0,1
191568,flyer5,10.5,12.2176,-0.3,0,2
191568,bullet2,0.901373,9.43719,0.8,0,1
191569,player,0.445618,9.43772,-0.0557548,0.0005317,1
191569,bullet1,4.85545,9.41458,0.8,0,1
191571,flyer6,13.5024,2.51967,-0.299762,-0.0119394,2
191571,bullet3,0.809238,8.94869,0.8,0,1
191573,flyer5,9,12.2176,-0.3,0,2
191573,bullet2,4.90137,9.43719,0.8,0,1
191574,player,0.4,9.32521,0,0.138045,1
191574,bullet1,8.85545,9.41458,0.8,0,1
191574,bullet6,0.8,9.32521,0.8,0,1
191576,flyer6,12.0036,2.45997,-0.299762,-0.0119394,2
191576,bullet3,4.80924,8.94869,0.8,0,1
191578,flyer5,7.5,12.2176,-0.3,0,2
191578,bullet2,8.90137,9.43719,0.8,0,1
191579,player,0.4,10.0245,0,0.033302,1
191579,bullet1,12.8555,9.41458,0.8,0,1
191579,bullet6,4.8,9.32521,0.8,0,1
191581,flyer6,10.5047,2.40028,-0.299762,-0.0119394,2
191581,bullet3,8.80924,8.94869,0.8,0,1
191583,flyer5,5.99999,12.2176,-0.3,0,2
191583,bullet2,12.9014,9.43719,0.8,0,1
191584,player,0.4,9.71379,0,-0.336885,1
191584,bullet6,8.8,9.32521,0.8,0,1
191586,flyer6,9.00593,2.34058,-0.299762,-0.0119394,2
191586,bullet3,12.8092,8.94869,0.8,0,1
191586,bullet4,0.8,9.49397,0.8,0,1
191588,flyer5,4.49999,12.2176,-0.3,0,2
191589,player,0.4,8.95387,0,-0.158091,1
191589,bullet6,12.8,9.32521,0.8,0,1
191590,bullet5,0.8,8.88273,0.8,0,1
191591,flyer6,7.50712,2.28089,-0.299762,-0.0119394,2
191591,bullet4,4.8,9.49397,0.8,0,1
191591,bullet1,0.8,8.85072,0.8,0,1
191593,flyer5,2.99999,12.2176,-0.3,0,2
191594,player,0.4,8.82691,0,-0.00291723,1
191595,bullet5,4.8,8.88273,0.8,0,1
191596,flyer6,6.00831,2.22119,-0.299762,-0.0119394,2
191596,bullet4,8.8,9.49397,0.8,0,1
191596,bullet1,4.8,8.85072,0.8,0,1
191596,bullet2,0.8,8.82501,0.8,0,1
191598,flyer5,1.49999,12.2176,-0.3,0,2
191599,player,0.4,8.82457,0,-5.38311e-05,1
191600,bullet5,8.8,8.88273,0.8,0,1
191601,flyer6,4.5095,2.16149,-0.299762,-0.0119394,2
191601,bullet4,12.8,9.49397,0.8,0,1
191601,bullet1,8.8,8.85072,0.8,0,1
191601,bullet2,4.8,8.82501,0.8,0,1
191603,flyer5,-6.4373e-06,12.2176,-0.3,0,2
191604,player,1.47785,8.82453,0.18263,-9.93336e-07,1
191605,bullet5,12.8,8.88273,0.8,0,1
191606,flyer6,3.01069,2.1018,-0.299762,-0.0119394,2
191606,bullet1,12.8,8.85072,0.8,0,1
191606,bullet2,8.8,8.82501,0.8,0,1
191606,bullet3,1.99701,8.82453,0.8,0,1
191609,player,1.62451,9.38225,0.00337003,0.0683437,1
191611,flyer6,1.51187,2.0421,-0.299762,-0.0119394,2
191611,flayer7,16.5,2.63906,-0.215264,0.208953,2
191611,bullet2,12.8,8.82501,0.8,0,1
191611,bullet3,5.99701,8.82453,0.8,0,1
191614,player,0.549373,9.33803,-0.182568,0.122381,1
191614,bullet6,0.949373,9.33803,0.8,0,1
191616,flyer6,0.0130622,1.9824,-0.299762,-0.0119394,2
191616,flayer7,15.4237,3.68383,-0.215264,0.208953,2
191616,bullet3,9.99701,8.82453,0.8,0,1
191617,bullet4,1.30299,9.91842,0.8,0,1
191619,player,0.991229,10.0248,0.0273858,0.033013,1
191619,bullet6,4.94937,9.33803,0.8,0,1
191619,bullet5,1.39123,10.0248,0.8,0,1
191621,flayer7,14.3474,4.72859,-0.215264,0.208953,2
191621,bullet3,13.997,8.82453,0.8,0,1
191622,bullet4,5.30299,9.91842,0.8,0,1
191624,player,1.01322,10.0513,0.000505345,0.000609182,1
191624,bullet6,8.94937,9.33803,0.8,0,1
191624,bullet5,5.39123,10.0248,0.8,0,1
191626,flayer7,13.271,5.77336,-0.215264,0.208953,2
191627,bullet4,9.30299,9.91842,0.8,0,1
191627,bullet1,1.97132,10.6095,0.8,0,1
191629,player,1.27844,10.9916,-0.323651,0.351351,1
191629,bullet6,12.9494,9.33803,0.8,0,1
191629,bullet5,9.39123,10.0248,0.8,0,1
191631,flayer7,12.1947,6.81812,-0.215264,0.208953,2
191632,bullet4,13.303,9.91842,0.8,0,1
191632,bullet1,5.97132,10.6095,0.8,0,1
191634,player,1.5079,10.7398,0.145903,-0.0908874,1
191634,bullet5,13.3912,10.0248,0.8,0,1
191636,flayer7,11.1184,7.86288,-0.215264,0.208953,2
191636,flayer8,16.5,2.63906,-0.267708,-0.135398,2
191637,bullet1,9.97132,10.6095,0.8,0,1
191638,flyer1,16.5,7.48645,-0.3,0,2
191639,player,1.88988,11.6066,-0.320968,0.349662,1
191641,flayer7,10.0421,8.90765,-0.215264,0.208953,2
191641,flayer8,15.1615,1.96208,-0.267708,-0.135398,2
191642,bullet1,13.9713,10.6095,0.8,0,1
191642,bullet2,2.60892,11.8666,0.8,0,1
191643,flyer1,15,7.48645,-0.3,0,2
191643,bullet3,2.62652,11.881,0.8,0,1
191644,player,2.23443,11.8874,0.00791685,0.00645226,1
191646,flayer7,8.96575,9.95241,-0.215264,0.208953,2
191646,flayer8,13.8229,1.28509,-0.267708,-0.135398,2
191647,bullet2,6.60892,11.8666,0.8,0,1
191647,bullet6,3.19804,11.8922,0.8,0,1
191648,flyer1,13.5,7.48645,-0.3,0,2
191648,bullet3,6.62652,11.881,0.8,0,1
191649,player,2.8431,11.8926,0.0139857,0.000119062,1
191649,bullet4,3.2431,11.8926,0.8,0,1
191651,flayer7,7.88943,10.9972,-0.215264,0.208953,2
191651,flayer8,12.4844,0.6081,-0.267708,-0.135398,2
191652,bullet2,10.6089,11.8666,0.8,0,1
191652,bullet5,3.2535,12.4504,0.8,0,1
191653,flyer1,12,7.48645,-0.3,0,2
191653,bullet3,10.6265,11.881,0.8,0,1
191654,player,3.34371,12.495,0.152133,0.0138418,1
191656,flayer8,11.1458,-0.0688879,-0.267708,-0.135398,2
191657,bullet2,14.6089,11.8666,0.8,0,1
191657,bullet5,7.2535,12.4504,0.8,0,1
191658,flyer1,10.5,7.48645,-0.3,0,2
191658,bullet3,14.6265,11.881,0.8,0,1
191659,player,2.87741,13.0639,-0.0279474,0.0685992,1
191659,bullet1,3.27741,13.0639,0.8,0,1
191662,flyer2,16.5,7.48645,-0.254466,0.158893,2
191662,bullet5,11.2535,12.4504,0.8,0,1
191663,flyer1,9,7.48645,-0.3,0,2
191663,bullet6,3.25548,13.1177,0.8,0,1
191664,player,2.85497,13.1189,-0.000515708,0.00126585,1
191664,bullet1,7.27741,13.0639,0.8,0,1
191665,bullet4,3.25474,13.1195,0.8,0,1
191667,flyer2,15.2277,8.28092,-0.254466,0.158893,2
191667,bullet5,15.2535,12.4504,0.8,0,1
191668,flyer1,7.5,7.48645,-0.3,0,2
191668,bullet6,7.25549,13.1177,0.8,0,1
191669,player,3.41227,13.6777,0.0683342,0.0683671,1
191669,bullet1,11.2774,13.0639,0.8,0,1
191669,bullet2,3.81227,13.6777,0.8,0,1
191670,bullet4,7.25474,13.1195,0.8,0,1
191672,flyer2,13.9553,9.07538,-0.254466,0.158893,2
191673,flyer1,5.99999,7.48645,-0.3,0,2
191673,bullet6,11.2555,13.1177,0.8,0,1
191674,player,3.95653,13.2432,0.153136,-0.150613,1
191674,bullet1,15.2774,13.0639,0.8,0,1
191674,bullet2,7.81227,13.6777,0.8,0,1
191675,bullet4,11.2547,13.1195,0.8,0,1
191676,bullet3,4.94582,12.6556,0.8,0,1
191677,flyer2,12.683,9.86985,-0.254466,0.158893,2
191678,flyer1,4.49999,7.48645,-0.3,0,2
191678,bullet6,15.2555,13.1177,0.8,0,1
191679,player,5.17119,12.0306,0.16854,-0.168494,1
191679,bullet2,11.8123,13.6777,0.8,0,1
191680,bullet4,15.2547,13.1195,0.8,0,1
191681,bullet3,8.94582,12.6556,0.8,0,1
191681,bullet5,5.68117,11.9206,0.8,0,1
191682,flyer2,11.4107,10.6643,-0.254466,0.158893,2
191683,flyer1,2.99999,7.48645,-0.3,0,2
191683,bullet1,5.70344,11.8984,0.8,0,1
191684,player,5.30655,11.8953,0.00311004,-0.00310919,1
191684,bullet2,15.8123,13.6777,0.8,0,1
191685,bullet6,5.70795,11.8939,0.8,0,1
191686,bullet3,12.9458,12.6556,0.8,0,1
191687,flyer2,10.1383,11.4588,-0.254466,0.158893,1
191688,flyer1,1.49999,7.48645,-0.3,0,2
191689,player,4.2312,10.8149,-0.182572,-0.182687,1
191689,bullet4,4.6312,10.8149,0.8,0,1
191690,bullet6,9.70795,11.8939,0.8,0,1
191691,bullet2,4.51207,10.6957,0.8,0,1
191692,bullet5,4.49543,10.6791,0.8,0,1
191693,flyer1,-6.4373e-06,7.48645,-0.3,0,2
191694,player,4.08458,10.6682,-0.00336897,-0.00337109,1
191694,bullet4,8.6312,10.8149,0.8,0,1
191695,bullet6,13.7079,11.8939,0.8,0,1
191696,bullet2,8.51207,10.6957,0.8,0,1
191697,bullet5,8.49543,10.6791,0.8,0,1
191699,player,4.08187,10.6655,-6.2167e-05,-6.22061e-05,1
191699,flyer3,16.5,7.48645,-0.264612,0.141352,2
191699,bullet4,12.6312,10.8149,0.8,0,1
191701,bullet2,12.5121,10.6957,0.8,0,1
191701,bullet1,3.68183,10.6654,-0.8,-6.99382e-08,1
191702,bullet5,12.4954,10.6791,0.8,0,1
191704,player,4.97704,11.2232,0.405843,0.0683426,1
191704,flyer3,15.1769,8.19321,-0.264612,0.141352,2
191706,flyer4,16.5,2.51782,-0.258221,-0.152715,2
191706,bullet1,-0.318171,10.6654,-0.8,-6.99382e-08,1
191707,flyer5,16.5,2.51782,-0.256898,-0.154931,2
191707,bullet3,6.23655,11.274,0.8,0,1
191709,player,6.39465,10.7887,0.173204,-0.150614,1
191709,flyer3,13.8539,8.89997,-0.264612,0.141352,2
191711,flyer4,15.2089,1.75425,-0.258221,-0.152715,2
191712,flyer5,15.2155,1.74317,-0.256898,-0.154931,2
191712,bullet3,10.2366,11.274,0.8,0,1
191714,player,5.44206,9.96629,-0.162519,0.104501,1
191714,flyer3,12.5308,9.60672,-0.264612,0.141352,2
191716,flyer4,13.9178,0.990673,-0.258221,-0.152715,2
191717,flyer5,13.931,0.968512,-0.256898,-0.154931,2
191717,bullet3,14.2366,11.274,0.8,0,1
191718,bullet6,6.30301,9.45981,0.8,0,1
191719,player,5.91385,9.4479,0.0108407,-0.0119113,1
191719,flyer3,11.2078,10.3135,-0.264612,0.141352,2
191721,flyer4,12.6267,0.2271,-0.258221,-0.152715,2
191722,flyer5,12.6465,0.193858,-0.256898,-0.154931,2
191723,bullet6,10.303,9.45981,0.8,0,1
191724,player,4.83087,8.36048,-0.165515,-0.182849,1
191724,flyer3,9.8847,11.0202,-0.264612,0.141352,2
191724,bullet4,5.23087,8.36048,0.8,0,1
191727,flyer6,16.5,2.51782,-0.292909,-0.0648396,2
191728,bullet6,14.303,9.45981,0.8,0,1
191729,player,3.88926,7.62517,0.235347,-0.0341288,1
191729,flyer3,8.56163,11.727,-0.264612,0.141352,2
191729,bullet4,9.23087,8.36048,0.8,0,1
191731,flayer7,16.5,9.96495,-0.225457,-0.197912,2
191732,flyer6,15.0355,2.19362,-0.292909,-0.0648396,2
191734,player,3.74076,6.18241,-0.333157,-0.520759,1
191734,flyer3,7.23857,12.4338,-0.264612,0.141352,2
191734,bullet4,13.2309,8.36048,0.8,0,1
191736,flayer7,15.3727,8.97539,-0.225457,-0.197912,1
191736,bullet2,3.92338,5.84261,0.8,0,1
191737,flyer6,13.5709,1.86942,-0.292909,-0.0648396,2
191737,bullet5,3.89302,5.79516,0.8,0,1
191739,player,3.47321,5.76419,-0.00614769,-0.00960948,1
191739,flyer3,5.91551,13.1405,-0.264612,0.141352,2
191739,bullet1,3.87321,5.76419,0.8,0,1
191741,flayer7,14.2454,7.98583,-0.225457,-0.197912,1
191741,bullet2,7.92338,5.84261,0.8,0,1
191742,flyer6,12.1064,1.54523,-0.292909,-0.0648396,2
191742,bullet5,7.89302,5.79516,0.8,0,1
191744,player,3.46827,5.15416,-0.000113442,-0.0140169,1
191744,flyer3,4.59245,13.8473,-0.264612,0.141352,2
191744,bullet1,7.87321,5.76419,0.8,0,1
191744,bullet3,3.86827,5.15416,0.8,0,1
191746,flayer7,13.1181,6.99627,-0.225457,-0.197912,1
191746,bullet2,11.9234,5.84261,0.8,0,1
191747,flyer6,10.6418,1.22103,-0.292909,-0.0648396,2
191747,bullet5,11.893,5.79516,0.8,0,1
191749,player,3.46818,5.14291,-2.09333e-06,-0.000258652,1
191749,flyer3,3.26939,14.554,-0.264612,0.141352,2
191749,bullet1,11.8732,5.76419,0.8,0,1
191749,bullet3,7.86827,5.15416,0.8,0,1
191749,bullet6,3.86818,5.14291,0.8,0,1
191752,flyer6,9.17726,0.89683,-0.292909,-0.0648396,2
191753,bullet4,3.76908,5.73118,0.8,0,1
191754,player,3.42359,5.74501,0.0545041,0.0138348,1
191754,flyer3,1.94633,15.2608,-0.264612,0.141352,2
191754,bullet1,15.8732,5.76419,0.8,0,1
191754,bullet3,11.8683,5.15416,0.8,0,1
191754,bullet6,7.86818,5.14291,0.8,0,1
191757,flyer6,7.71271,0.572632,-0.292909,-0.0648396,2
191757,bullet2,3.86412,5.19758,0.8,0,1
191758,bullet4,7.76908,5.73118,0.8,0,1
191759,player,3.46736,5.15381,0.00100575,-0.0135843,1
191759,flyer3,0.623265,15.9676,-0.264612,0.141352,2
191759,bullet3,15.8683,5.15416,0.8,0,1
191759,bullet6,11.8682,5.14291,0.8,0,1
191762,flyer6,6.24817,0.248434,-0.292909,-0.0648396,2
191762,bullet2,7.86412,5.19758,0.8,0,1
191763,bullet4,11.7691,5.73118,0.8,0,1
191764,player,2.91045,3.98287,-0.0683252,-0.082434,1
191764,bullet6,15.8682,5.14291,0.8,0,1
191765,flayer8,16.5,9.96495,-0.3,0,2
191765,bullet5,3.2797,3.94577,0.8,0,1
191767,flyer6,4.78362,-0.0757642,-0.292909,-0.0648396,2
191767,bullet2,11.8641,5.19758,0.8,0,1
191767,bullet1,3.25964,3.92157,0.8,0,1
191768,bullet4,15.7691,5.73118,0.8,0,1
191769,player,2.85558,3.91667,-0.00126079,-0.00152114,1
191769,bullet3,3.25558,3.91667,0.8,0,1
191770,flayer8,15,9.96495,-0.3,0,2
191770,bullet5,7.2797,3.94577,0.8,0,1
191772,flyer6,3.31907,-0.399962,-0.292909,-0.0648396,2
191772,bullet2,15.8641,5.19758,0.8,0,1
191772,bullet1,7.25964,3.92157,0.8,0,1
191773,bullet6,2.66612,4.50395,0.8,0,1
191774,player,2.25225,4.51776,-0.0138629,0.0138115,1
191774,bullet3,7.25558,3.91667,0.8,0,1
191775,flayer8,13.5,9.96495,-0.3,0,2
191775,bullet5,11.2797,3.94577,0.8,0,1
191777,bullet1,11.2596,3.92157,0.8,0,1
191778,bullet6,6.66612,4.50395,0.8,0,1
191779,player,3.92128,4.62795,0.196213,-0.120865,1
191779,bullet3,11.2556,3.91667,0.8,0,1
191780,flayer8,12,9.96495,-0.3,0,2
191780,bullet5,15.2797,3.94577,0.8,0,1
191782,bullet1,15.2596,3.92157,0.8,0,1
191783,bullet6,10.6661,4.50395,0.8,0,1
191783,bullet4,4.47524,5.02249,0.8,0,1
191784,player,4.07886,5.0886,0.00362069,0.0661134,1
191784,bullet3,15.2556,3.91667,0.8,0,1
191785,flayer8,10.5,9.96495,-0.3,0,2
191785,bullet2,4.48048,5.11835,0.8,0,1
191788,bullet6,14.6661,4.50395,0.8,0,1
191788,bullet4,8.47524,5.02249,0.8,0,1
191788,bullet5,5.03942,5.14048,0.8,0,1
191789,player,4.67024,5.1417,0.0308215,0.00121998,1
191790,flayer8,9,9.96495,-0.3,0,2
191790,bullet2,8.48048,5.11835,0.8,0,1
191792,bullet1,4.53544,5.70033,0.8,0,1
191793,bullet4,12.4752,5.02249,0.8,0,1
191793,bullet5,9.03942,5.14048,0.8,0,1
191794,player,4.09267,5.74499,-0.0132709,0.0138621,1
191795,flayer8,7.5,9.96495,-0.3,0,2
191795,bullet2,12.4805,5.11835,0.8,0,1
191797,bullet1,8.53544,5.70033,0.8,0,1
191798,bullet5,13.0394,5.14048,0.8,0,1
191798,bullet3,5.03998,5.75587,0.8,0,1
191799,player,4.67049,5.75612,0.0305098,0.000255795,1
191800,flayer8,5.99999,9.96495,-0.3,0,2
191801,bullet6,4.60102,6.24567,0.8,0,1
191802,bullet1,12.5354,5.70033,0.8,0,1
191803,bullet3,9.03998,5.75587,0.8,0,1
191803,bullet4,4.50596,6.3448,0.8,0,1
191804,player,4.09268,6.35864,-0.0132766,0.0138443,1
191805,flayer8,4.49999,9.96495,-0.3,0,2
191806,bullet6,8.60102,6.24567,0.8,0,1
191808,bullet3,13.04,5.75587,0.8,0,1
191808,bullet4,8.50596,6.3448,0.8,0,1
191808,bullet2,4.48226,5.81179,0.8,0,1
191809,player,4.08202,5.78129,-0.000244991,-0.0304992,1
191810,flayer8,2.99999,9.96495,-0.3,0,2
191811,bullet6,12.601,6.24567,0.8,0,1
191813,bullet4,12.506,6.3448,0.8,0,1
191813,bullet2,8.48226,5.81179,0.8,0,1
191814,player,3.49335,5.75679,-0.0307592,-0.000562796,1
191814,bullet5,3.89335,5.75679,0.8,0,1
191815,flayer8,1.49999,9.96495,-0.3,0,2
191816,bullet1,3.87328,5.75643,0.8,0,1
191818,bullet2,12.4823,5.81179,0.8,0,1
191819,player,2.91093,6.31406,-0.0689113,0.0683334,1
191819,bullet5,7.89335,5.75679,0.8,0,1
191819,bullet3,3.31093,6.31406,0.8,0,1
191820,flayer8,-6.4373e-06,9.96495,-0.3,0,2
191821,bullet1,7.87328,5.75643,0.8,0,1
191823,flyer2,16.5,13.7271,-0.3,0,2
191824,player,2.85559,6.36894,-0.00127161,0.00126094,1
191824,bullet5,11.8933,5.75679,0.8,0,1
191824,bullet3,7.31093,6.31406,0.8,0,1
191824,bullet6,3.25559,6.36894,0.8,0,1
191826,bullet1,11.8733,5.75643,0.8,0,1
191828,flyer2,15,13.7271,-0.3,0,2
191829,player,2.85456,6.36995,-2.34647e-05,2.32679e-05,1
191829,bullet5,15.8934,5.75679,0.8,0,1
191829,bullet3,11.3109,6.31406,0.8,0,1
191829,bullet6,7.25559,6.36894,0.8,0,1
191831,bullet1,15.8733,5.75643,0.8,0,1
191832,flyer1,16.5,13.7271,-0.3,0,2
191833,flyer2,13.5,13.7271,-0.3,0,2
191834,player,3.66324,6.70746,-0.238402,0.3375,1
191834,bullet3,15.3109,6.31406,0.8,0,1
191834,bullet6,11.2556,6.36894,0.8,0,1
191836,flyer4,16.5,13.7271,-0.3,0,2
191837,flyer1,15,13.7271,-0.3,0,2
191837,bullet4,4.44367,6.40072,0.8,0,1
191838,flyer2,12,13.7271,-0.3,0,2
191838,bullet2,4.46465,6.38381,0.8,0,1
191839,player,4.07409,6.37619,0.00944042,-0.00761178,1
191839,bullet6,15.2556,6.36894,0.8,0,1
191840,bullet5,4.47834,6.37277,0.8,0,1
191841,flyer4,15,13.7271,-0.3,0,2
191842,flyer1,13.5,13.7271,-0.3,0,2
191842,bullet4,8.44367,6.40072,0.8,0,1
191842,bullet1,4.48111,6.37053,0.8,0,1
191843,flyer2,10.5,13.7271,-0.3,0,2
191843,bullet2,8.46465,6.38381,0.8,0,1
191844,player,4.08167,6.37008,0.000174202,-0.000140459,1
191845,bullet5,8.47834,6.37277,0.8,0,1
191846,flyer4,13.5,13.7271,-0.3,0,2
191847,flyer1,12,13.7271,-0.3,0,2
191847,bullet4,12.4437,6.40072,0.8,0,1
191847,bullet1,8.48111,6.37053,0.8,0,1
191848,flyer2,9,13.7271,-0.3,0,2
191848,bullet2,12.4647,6.38381,0.8,0,1
191849,player,4.08181,6.36997,3.21452e-06,-2.59186e-06,1
191850,bullet5,12.4783,6.37277,0.8,0,1
191851,flyer4,12,13.7271,-0.3,0,2
191852,flyer1,10.5,13.7271,-0.3,0,2
191852,bullet1,12.4811,6.37053,0.8,0,1
191853,flyer2,7.5,13.7271,-0.3,0,2
191854,player,3.74432,6.03246,-0.3375,-0.3375,1
191856,flyer4,10.5,13.7271,-0.3,0,2
191857,flyer1,9,13.7271,-0.3,0,2
191857,flyer5,16.5,13.7271,-0.288887,-0.0808968,2
191858,flyer2,5.99999,13.7271,-0.3,0,2
191858,bullet3,4.36888,4.68981,0.8,0,1
191859,player,4.03099,4.60139,0.0621159,-0.0884112,1
191861,flyer4,9,13.7271,-0.3,0,2
191861,bullet6,4.47153,4.54371,0.8,0,1
191862,flyer1,7.5,13.7271,-0.3,0,2
191862,flyer5,15.0556,13.3226,-0.288887,-0.0808968,2
191863,flyer2,4.49999,13.7271,-0.3,0,2
191863,bullet3,8.36888,4.68981,0.8,0,1
191864,player,3.5915,5.01977,-0.150729,0.150244,1
191865,bullet4,3.92368,5.08738,0.8,0,1
191866,flyer4,7.5,13.7271,-0.3,0,2
191866,bullet6,8.47153,4.54371,0.8,0,1
191867,flyer1,5.99999,13.7271,-0.3,0,2
191867,flyer5,13.6111,12.9181,-0.288887,-0.0808968,2
191868,flyer2,2.99999,13.7271,-0.3,0,2
191868,bullet3,12.3689,4.68981,0.8,0,1
191868,bullet2,3.31552,5.13765,0.8,0,1
191869,player,2.88198,5.14043,-0.0335361,0.00277242,1
191870,bullet4,7.92368,5.08738,0.8,0,1
191871,flyer4,5.99999,13.7271,-0.3,0,2
191871,bullet6,12.4715,4.54371,0.8,0,1
191872,flyer1,4.49999,13.7271,-0.3,0,2
191872,flyer5,12.1667,12.5136,-0.288887,-0.0808968,2
191873,flyer2,1.49999,13.7271,-0.3,0,2
191873,bullet3,16.3689,4.68981,0.8,0,1
191873,bullet2,7.31552,5.13765,0.8,0,1
191874,player,3.34442,5.14265,0.151256,5.11589e-05,1
191874,bullet5,3.74442,5.14265,0.8,0,1
191875,bullet4,11.9237,5.08738,0.8,0,1
191876,flyer4,4.49999,13.7271,-0.3,0,2
191876,bullet1,3.84312,5.14268,0.8,0,1
191877,flyer1,2.99999,13.7271,-0.3,0,2
191877,flyer5,10.7223,12.1091,-0.288887,-0.0808968,2
191878,flyer2,-6.4373e-06,13.7271,-0.3,0,2
191878,bullet2,11.3155,5.13765,0.8,0,1
191879,player,3.8034,4.58497,0.340291,-0.0683428,1
191879,bullet5,7.74443,5.14265,0.8,0,1
191880,bullet4,15.9237,5.08738,0.8,0,1
191881,flyer4,2.99999,13.7271,-0.3,0,2
191881,bullet1,7.84312,5.14268,0.8,0,1
191882,flyer1,1.49999,13.7271,-0.3,0,2
191882,flyer5,9.27782,11.7047,-0.288887,-0.0808968,2
191883,bullet2,15.3155,5.13765,0.8,0,1
191884,player,4.07668,4.30987,0.00627933,0.267895,1
191884,bullet5,11.7444,5.14265,0.8,0,1
191885,bullet3,4.4795,4.43042,0.8,0,1
191886,flyer4,1.49999,13.7271,-0.3,0,2
191886,bullet1,11.8431,5.14268,0.8,0,1
191887,flyer1,-6.4373e-06,13.7271,-0.3,0,2
191887,flyer5,7.83339,11.3002,-0.288887,-0.0808968,2
191889,player,3.74422,4.18751,-0.337384,-0.332557,1
191889,bullet5,15.7444,5.14265,0.8,0,1
191890,bullet3,8.47951,4.43042,0.8,0,1
191891,flyer4,-6.4373e-06,13.7271,-0.3,0,2
191891,bullet1,15.8431,5.14268,0.8,0,1
191892,flyer5,6.38895,10.8957,-0.288887,-0.0808968,2
191892,flayer7,16.5,13.7271,-0.3,0,2
191892,bullet6,4.45105,3.3825,0.8,0,1
191893,bullet4,3.66797,3.33811,-0.8,-6.99382e-08,1
191894,player,4.07559,3.31813,0.00761392,-0.0199762,1
191895,bullet3,12.4795,4.43042,0.8,0,1
191896,bullet2,3.99118,3.30509,0.8,0,1
191897,flyer5,4.94452,10.4912,-0.288887,-0.0808968,2
191897,flayer7,15,13.7271,-0.3,0,2
191897,bullet6,8.45105,3.3825,0.8,0,1
191898,bullet4,-0.332026,3.33811,-0.8,-6.99382e-08,1
191899,player,3.81689,2.96459,0.323801,-0.337869,1
191900,bullet5,3.5626,2.81255,-0.8,-6.99382e-08,1
191901,bullet2,7.99118,3.30509,0.8,0,1
191902,flyer5,3.50008,10.0867,-0.288887,-0.0808968,2
191902,flayer7,13.5,13.7271,-0.3,0,2
191902,bullet6,12.4511,3.3825,0.8,0,1
191903,bullet1,4.47095,3.18886,0.8,0,1
191904,player,4.07693,3.25097,0.00597504,0.0621091,1
191906,bullet2,11.9912,3.30509,0.8,0,1
191907,flyer5,2.05565,9.68224,-0.288887,-0.0808968,2
191907,flayer7,12,13.7271,-0.3,0,2
191908,bullet1,8.47095,3.18886,0.8,0,1
191909,player,3.60619,2.223,-0.16868,-0.181484,1
191911,bullet2,15.9912,3.30509,0.8,0,1
191912,flyer5,0.611214,9.27776,-0.288887,-0.0808968,2
191912,flayer7,10.5,13.7271,-0.3,0,2
191912,flyer3,16.5,11.946,-0.281821,0.102845,2
191913,bullet1,12.471,3.18886,0.8,0,1
191913,bullet4,2.79599,1.59123,0.8,0,1
191914,player,2.31069,1.51953,-0.085296,-0.0716926,1
191916,bullet3,2.65504,0.98338,0.8,0,1
191917,flayer7,9,13.7271,-0.3,0,2
191917,flyer3,15.0909,12.4602,-0.281821,0.102845,2
191918,bullet4,6.79599,1.59123,0.8,0,1
191918,bullet5,2.64377,0.874809,0.8,0,1
191919,player,2.2422,0.859647,-0.00157395,-0.0151625,1
191919,bullet6,2.6422,0.859647,0.8,0,1
191921,bullet3,6.65504,0.98338,0.8,0,1
191922,flayer7,7.5,13.7271,-0.3,0,2
191922,flyer3,13.6818,12.9744,-0.281821,0.102845,2
191923,bullet4,10.796,1.59123,0.8,0,1
191923,bullet5,6.64377,0.874809,0.8,0,1
191924,player,2.57843,1.18497,0.337471,0.33722,1
191924,bullet6,6.6422,0.859647,0.8,0,1
191926,bullet3,10.655,0.98338,0.8,0,1
191927,flayer7,5.99999,13.7271,-0.3,0,2
191927,flyer3,12.2727,13.4886,-0.281821,0.102845,2
191928,bullet4,14.796,1.59123,0.8,0,1
191928,bullet5,10.6438,0.874809,0.8,0,1
191929,player,2.84945,2.53363,0.00622729,0.188852,1
191929,bullet6,10.6422,0.859647,0.8,0,1
191931,bullet3,14.655,0.98338,0.8,0,1
191931,bullet2,3.25351,2.65686,0.8,0,1
191932,flayer7,4.49999,13.7271,-0.3,0,2
191932,flyer3,10.8636,14.0029,-0.281821,0.102845,2
191933,bullet5,14.6438,0.874809,0.8,0,1
191934,player,2.29673,2.90552,-0.0682288,-0.265671,1
191934,bullet6,14.6422,0.859647,0.8,0,1
191935,bullet1,1.86603,2.78597,-0.8,-6.99382e-08,1
191936,bullet2,7.25351,2.65686,0.8,0,1
191937,flayer7,2.99999,13.7271,-0.3,0,2
191937,flyer3,9.45449,14.5171,-0.281821,0.102845,2
191938,flyer6,16.5,11.946,-0.24452,-0.17381,2
191939,player,1.68422,2.13444,-0.0696028,-0.0732461,1
191939,bullet4,2.08422,2.13444,0.8,0,1
191941,bullet2,11.2535,2.65686,0.8,0,1
191941,bullet3,2.0388,2.08665,0.8,0,1
191942,flayer7,1.49999,13.7271,-0.3,0,2
191942,flyer3,8.04539,15.0313,-0.281821,0.102845,2
191942,bullet5,2.03246,2.07997,0.8,0,1
191943,flyer6,15.2774,11.0769,-0.24452,-0.17381,2
191944,player,1.62832,2.07562,-0.00128437,-0.0013516,1
191944,bullet4,6.08422,2.13444,0.8,0,1
191946,bullet2,15.2535,2.65686,0.8,0,1
191946,bullet3,6.0388,2.08665,0.8,0,1
191947,flayer7,-6.4373e-06,13.7271,-0.3,0,2
191947,flyer3,6.63629,15.5455,-0.281821,0.102845,2
191947,bullet5,6.03246,2.07997,0.8,0,1
191948,flyer6,14.0548,10.2079,-0.24452,-0.17381,2
191949,player,1.62729,1.58516,-2.37002e-05,-0.1519,1
191949,bullet4,10.0842,2.13444,0.8,0,1
191951,bullet3,10.0388,2.08665,0.8,0,1
191952,flyer3,5.22718,16.0598,-0.281821,0.102845,2
191952,bullet5,10.0325,2.07997,0.8,0,1
191952,bullet6,2.02727,0.914484,0.8,0,1
191953,flyer6,12.8322,9.33882,-0.24452,-0.17381,2
191954,player,1.1379,1.35023,-0.151875,0.135232,1
191954,bullet4,14.0842,2.13444,0.8,0,1
191956,bullet3,14.0388,2.08665,0.8,0,1
191957,bullet5,14.0325,2.07997,0.8,0,1
191957,bullet6,6.02727,0.914484,0.8,0,1
191958,flyer6,11.6096,8.46977,-0.24452,-0.17381,2
191958,bullet1,1.41873,1.94572,0.8,0,1
191959,player,1.01593,2.01655,-0.00280253,0.0708392,1
191960,flayer8,16.5,11.946,-0.3,0,2
191960,bullet2,1.41467,2.04843,0.8,0,1
191961,bullet4,0.6141,2.06278,-0.8,-6.99382e-08,1
191962,bullet6,10.0273,0.914484,0.8,0,1
191963,flyer6,10.387,7.60072,-0.24452,-0.17381,2
191963,bullet1,5.41873,1.94572,0.8,0,1
191964,player,1.01368,1.73594,-5.17145e-05,-0.336193,1
191965,flayer8,15,11.946,-0.3,0,2
191965,bullet2,5.41467,2.04843,0.8,0,1
191967,bullet6,14.0273,0.914484,0.8,0,1
191967,bullet3,1.41364,1.48594,0.8,0,1
191968,flyer6,9.16439,6.73167,-0.24452,-0.17381,2
191968,bullet1,9.41873,1.94572,0.8,0,1
191969,player,1.01364,1.46595,-9.54279e-07,-0.0062037,1
191970,flayer8,13.5,11.946,-0.3,0,2
191970,bullet2,9.41467,2.04843,0.8,0,1
191972,bullet3,5.41364,1.48594,0.8,0,1
191973,flyer6,7.94179,5.86262,-0.24452,-0.17381,2
191973,bullet1,13.4187,1.94572,0.8,0,1
191974,player,0.691843,2.28785,0.291843,0.489261,1
191975,flayer8,12,11.946,-0.3,0,2
191975,bullet2,13.4147,2.04843,0.8,0,1
191977,bullet3,9.41364,1.48594,0.8,0,1
191977,bullet5,1.79824,3.14105,0.8,0,1
191978,flyer6,6.71919,4.99357,-0.24452,-0.17381,2
191979,player,1.85219,3.26924,0.37364,0.0397829,1
191980,flayer8,10.5,11.946,-0.3,0,2
191982,bullet3,13.4136,1.48594,0.8,0,1
191982,bullet5,5.79824,3.14105,0.8,0,1
191982,bullet4,2.53004,3.85654,0.8,0,1
191983,flyer6,5.49659,4.12453,-0.24452,-0.17381,2
191984,player,1.66288,3.9035,-0.14498,0.0145737,1
191985,flayer8,9,11.946,-0.3,0,2
191987,bullet5,9.79824,3.14105,0.8,0,1
191988,flyer6,4.27399,3.25548,-0.24452,-0.17381,1
191989,player,2.47242,3.10651,0.365579,0.23867,1
191990,flayer8,7.5,11.946,-0.3,0,2
191990,flyer2,16.5,11.946,-0.213327,-0.210931,2
191990,bullet6,3.03693,3.21391,0.8,0,1
