175621,player,11.1415,6.02814,0,-0.3375,1
175623,bullet1,11.5415,5.80792,0.8,0,1
175624,bullet2,11.5415,5.77717,0.8,0,1
175625,bullet3,11.5415,5.76333,0.8,0,1
175626,player,11.1415,6.0946,0,0.331272,1
175628,bullet1,15.5415,5.80792,0.8,0,1
175629,bullet2,15.5415,5.77717,0.8,0,1
175629,bullet4,12.0992,5.78323,0.8,0,1
175630,bullet3,15.5415,5.76333,0.8,0,1
175630,bullet5,12.1299,5.76606,0.8,0,1
175631,player,11.7438,5.75833,0.0138396,-0.00772671,1
175631,bullet6,12.1438,5.75833,0.8,0,1
175634,flyer1,16.5,9.18786,-0.271936,0.126693,2
175634,bullet4,16.0992,5.78323,0.8,0,1
175635,bullet5,16.1299,5.76606,0.8,0,1
175636,player,11.7549,5.16365,0.00025538,-0.0308973,1
175636,bullet6,16.1438,5.75833,0.8,0,1
175638,bullet1,12.1551,5.14349,0.8,0,1
175639,flyer1,15.1403,9.82133,-0.271936,0.126693,2
175639,flyer2,16.5,9.18786,-0.296787,-0.0437871,2
175641,player,11.7551,4.24362,4.71247e-06,-0.406414,1
175643,bullet1,16.1551,5.14349,0.8,0,1
175644,flyer1,13.7806,10.4548,-0.271936,0.126693,2
175644,flyer2,15.0161,8.96893,-0.296787,-0.0437871,2
175644,flyer3,16.5,9.18786,-0.29992,-0.00692039,2
175645,flyer4,16.5,15.1002,-0.299992,-0.00214287,2
175646,player,12.1234,5.06343,0.299911,0.091599,1
175649,flyer1,12.421,11.0883,-0.271936,0.126693,2
175649,flyer2,13.5321,8.74999,-0.296787,-0.0437871,2
175649,flyer3,15.0004,9.15326,-0.29992,-0.00692039,2
175649,bullet2,12.7464,5.13154,0.8,0,1
175650,flyer4,15,15.0895,-0.299992,-0.00214287,2
175651,player,12.0267,5.47449,-0.331966,0.33919,1
175652,bullet3,12.2773,5.62712,0.8,0,1
175654,flyer1,11.0613,11.7217,-0.271936,0.126693,2
175654,flyer2,12.0482,8.53106,-0.296787,-0.0437871,2
175654,flyer3,13.5008,9.11866,-0.29992,-0.00692039,2
175654,bullet4,12.1799,5.72672,0.8,0,1
175655,flyer4,13.5001,15.0788,-0.299992,-0.00214287,2
175655,bullet5,12.1662,5.74062,0.8,0,1
175656,player,11.7601,5.74688,-0.0061257,0.00625901,1
175657,bullet3,16.2773,5.62712,0.8,0,1
175659,flyer1,9.70161,12.3552,-0.271936,0.126693,2
175659,flyer2,10.5643,8.31212,-0.296787,-0.0437871,2
175659,flyer3,12.0012,9.08405,-0.29992,-0.00692039,2
175659,bullet4,16.1799,5.72672,0.8,0,1
175660,flyer4,12.0001,15.0681,-0.299992,-0.00214287,2
175660,bullet5,16.1662,5.74062,0.8,0,1
175661,player,11.7106,5.1496,0.0543911,-0.0137241,1
175661,bullet6,12.1106,5.1496,0.8,0,1
175662,bullet1,12.1351,5.14342,0.8,0,1
175664,flyer1,8.34194,12.9886,-0.271936,0.126693,2
175664,flyer2,9.08032,8.09319,-0.296787,-0.0437871,2
175664,flyer3,10.5016,9.04945,-0.29992,-0.00692039,2
175664,bullet2,12.151,5.13939,0.8,0,1
175665,flyer4,10.5001,15.0573,-0.299992,-0.00214287,2
175665,bullet3,12.1533,5.13883,0.8,0,1
175666,player,11.7543,5.13857,0.00100367,-0.000253248,1
175666,bullet6,16.1106,5.1496,0.8,0,1
175667,bullet1,16.1351,5.14342,0.8,0,1
175668,bullet4,12.1549,4.64903,0.8,0,1
175669,flyer1,6.98226,13.6221,-0.271936,0.126693,2
175669,flyer2,7.59638,7.87425,-0.296787,-0.0437871,2
175669,flyer3,9.002,9.01484,-0.29992,-0.00692039,2
175669,bullet2,16.1511,5.13939,0.8,0,1
175670,flyer4,9.00019,15.0466,-0.299992,-0.00214287,2
175670,bullet3,16.1533,5.13883,0.8,0,1
175671,player,11.7551,4.68793,1.85205e-05,-0.199469,1
175673,bullet4,16.1549,4.64903,0.8,0,1
175673,bullet5,12.1551,4.55778,0.8,0,1
175674,flyer1,5.62258,14.2556,-0.271936,0.126693,2
175674,flyer2,6.11245,7.65532,-0.296787,-0.0437871,2
175674,flyer3,7.5024,8.98024,-0.29992,-0.00692039,2
175675,flyer4,7.50022,15.0359,-0.299992,-0.00214287,2
175676,player,11.7551,4.52774,3.41756e-07,-0.00368077,1
175678,bullet5,16.1551,4.55778,0.8,0,1
175679,flyer1,4.2629,14.889,-0.271936,0.126693,2
175679,flyer2,4.62851,7.43638,-0.296787,-0.0437871,2
175679,flyer3,6.0028,8.94563,-0.29992,-0.00692039,2
175680,flyer4,6.00026,15.0252,-0.299992,-0.00214287,2
175680,bullet6,12.1551,3.37866,0.8,0,1
175681,player,11.7551,2.9965,6.30635e-09,-0.382162,1
175684,flyer1,2.90322,15.5225,-0.271936,0.126693,2
175684,flyer2,3.14457,7.21745,-0.296787,-0.0437871,2
175684,flyer3,4.5032,8.91103,-0.29992,-0.00692039,2
175685,flyer4,4.5003,15.0145,-0.299992,-0.00214287,2
175685,bullet6,16.1551,3.37866,0.8,0,1
175686,player,12.9013,2.38284,0.0990984,-0.382141,1
175688,bullet1,12.566,2.1335,-0.8,-6.99382e-08,1
175689,flyer1,1.54355,16.156,-0.271936,0.126693,2
175689,flyer2,1.66064,6.99851,-0.296787,-0.0437871,2
175689,flyer3,3.0036,8.87643,-0.29992,-0.00692039,2
175690,flyer4,3.00034,15.0038,-0.299992,-0.00214287,2
175691,player,13.4703,2.56533,0.153704,0.144823,1
175691,bullet2,13.0703,2.56533,-0.8,-6.99382e-08,1
175693,bullet1,8.56596,2.1335,-0.8,-6.99382e-08,1
175694,flyer2,0.176701,6.77958,-0.296787,-0.0437871,2
175694,flyer3,1.50399,8.84182,-0.29992,-0.00692039,2
175695,flyer4,1.50038,14.9931,-0.299992,-0.00214287,2
175696,player,14.7399,3.27011,0.101935,0.0334271,1
175696,bullet2,9.07025,2.56533,-0.8,-6.99382e-08,1
175696,bullet3,15.1399,3.27011,0.8,0,1
175698,bullet1,4.56596,2.1335,-0.8,-6.99382e-08,1
175698,bullet4,15.2064,3.29192,0.8,0,1
175699,flyer3,0.0043937,8.80722,-0.29992,-0.00692039,2
175700,flyer4,0.000413358,14.9823,-0.299992,-0.00214287,2
175700,bullet5,15.2199,3.29633,0.8,0,1
175701,player,14.8217,3.29695,0.00188098,0.000616824,1
175701,bullet2,5.07025,2.56533,-0.8,-6.99382e-08,1
175701,bullet6,15.2217,3.29695,0.8,0,1
175702,flyer5,16.5,15.1002,-0.3,0,2
175703,flyer6,16.5,15.1002,-0.3,0,2
175703,bullet1,0.565957,2.1335,-0.8,-6.99382e-08,1
175703,bullet3,15.223,3.29735,0.8,0,1
175705,flayer7,16.5,15.1002,-0.3,0,2
175706,player,14.2655,3.51766,-0.068309,-0.269145,1
175706,bullet2,1.07025,2.56533,-0.8,-6.99382e-08,1
175707,flyer5,15,15.1002,-0.3,0,2
175707,bullet4,14.6348,3.39655,0.8,0,1
175708,flyer6,15,15.1002,-0.3,0,2
175709,bullet5,14.6147,3.31752,0.8,0,1
175710,flayer7,15,15.1002,-0.3,0,2
175710,bullet6,14.6119,3.30649,0.8,0,1
175711,player,14.2107,3.30152,-0.00126049,-0.00496648,1
175712,flyer5,13.5,15.1002,-0.3,0,2
175713,flyer6,13.5,15.1002,-0.3,0,2
175713,flayer8,16.5,15.4956,-0.26489,0.14083,2
175714,bullet1,14.052,3.29783,0.8,0,1
175715,flayer7,13.5,15.1002,-0.3,0,2
175716,player,13.9449,2.96003,0.323637,-0.337592,1
175717,flyer5,12,15.1002,-0.3,0,2
175718,flyer6,12,15.1002,-0.3,0,2
175718,flayer8,15.1755,16.1998,-0.26489,0.14083,2
175720,flayer7,12,15.1002,-0.3,0,2
175721,player,14.1364,3.1337,0.0895033,0.20015,1
175721,flyer1,16.5,15.4956,-0.289323,-0.0793218,2
175722,flyer5,10.5,15.1002,-0.3,0,2
175722,bullet3,14.5767,3.22376,0.8,0,1
175723,flyer6,10.5,15.1002,-0.3,0,2
175725,flayer7,10.5,15.1002,-0.3,0,2
175725,bullet2,14.6066,3.84846,0.8,0,1
175726,player,14.2083,3.88291,0.00165159,0.034448,1
175726,flyer1,15.0534,15.099,-0.289323,-0.0793218,2
175726,bullet4,14.6083,3.88291,0.8,0,1
175727,flyer5,9,15.1002,-0.3,0,2
175728,flyer6,9,15.1002,-0.3,0,2
175728,bullet5,14.6094,3.90538,0.8,0,1
175730,flayer7,9,15.1002,-0.3,0,2
175731,player,14.699,3.4212,0.151905,-0.151239,1
175731,flyer1,13.6068,14.7024,-0.289323,-0.0793218,2
175732,flyer5,7.5,15.1002,-0.3,0,2
175732,bullet6,15.1674,3.35314,0.8,0,1
175733,flyer6,7.5,15.1002,-0.3,0,2
175735,flayer7,7.5,15.1002,-0.3,0,2
175736,player,14.2325,3.55071,-0.0279516,-0.309536,1
175736,flyer1,12.1601,14.3058,-0.289323,-0.0793218,2
175737,flyer5,5.99999,15.1002,-0.3,0,2
175738,flyer6,5.99999,15.1002,-0.3,0,2
175738,bullet1,14.6143,3.34874,0.8,0,1
175740,flayer7,5.99999,15.1002,-0.3,0,2
175741,player,15.1053,2.74441,0.405328,-0.0740556,1
175741,flyer1,10.7135,13.9092,-0.289323,-0.0793218,2
175742,flyer5,4.49999,15.1002,-0.3,0,2
175743,flyer6,4.49999,15.1002,-0.3,0,2
175743,bullet3,15.7698,2.69609,0.8,0,1
175745,flayer7,4.49999,15.1002,-0.3,0,2
175745,bullet2,15.8233,2.6863,0.8,0,1
175746,player,15.6,2.68494,0.17249,-0.00136653,1
175746,flyer1,9.2669,13.5126,-0.289323,-0.0793218,2
175747,flyer5,2.99999,15.1002,-0.3,0,2
175748,flyer6,2.99999,15.1002,-0.3,0,2
175749,bullet4,16,2.68392,0.8,0,1
175750,flayer7,2.99999,15.1002,-0.3,0,2
175751,player,15.6,3.02134,0,0.337475,1
175751,flyer1,7.82029,13.1159,-0.289323,-0.0793218,2
175752,flyer5,1.49999,15.1002,-0.3,0,2
175753,flyer6,1.49999,15.1002,-0.3,0,2
175753,bullet5,16,3.24154,0.8,0,1
175754,bullet6,16,3.27229,0.8,0,1
175755,flayer7,1.49999,15.1002,-0.3,0,2
175756,player,15.6,3.29236,0,0.00622736,1
175756,flyer1,6.37367,12.7193,-0.289323,-0.0793218,2
175757,flyer5,-6.4373e-06,15.1002,-0.3,0,2
175758,flyer6,-6.4373e-06,15.1002,-0.3,0,2
175759,flyer2,16.5,11.3583,-0.3,0,2
175760,flayer7,-6.4373e-06,15.1002,-0.3,0,2
175760,flyer3,16.5,11.3583,-0.274155,0.121815,2
175761,player,14.4538,4.44355,-0.0990984,0.0992134,1
175761,flyer1,4.92705,12.3227,-0.289323,-0.0793218,2
175761,bullet1,14.8538,4.44355,0.8,0,1
175763,flyer4,16.5,11.3583,-0.250323,-0.165344,2
175764,flyer2,15,11.3583,-0.3,0,2
175765,flyer3,15.1292,11.9674,-0.274155,0.121815,2
175765,bullet3,15.3645,4.6205,0.8,0,1
175766,player,14.9765,4.56783,0.012011,-0.0526734,1
175766,flyer1,3.48044,11.9261,-0.289323,-0.0793218,2
175767,bullet2,15.3819,4.54412,0.8,0,1
175768,flyer4,15.2484,10.5316,-0.250323,-0.165344,2
175769,flyer2,13.5,11.3583,-0.3,0,2
175770,flyer3,13.7584,12.5765,-0.274155,0.121815,2
175771,player,14.9178,4.59387,0.0837529,-0.0845032,1
175771,flyer1,2.03382,11.5295,-0.289323,-0.0793218,2
175773,flyer4,13.9968,9.70488,-0.250323,-0.165344,2
175774,flyer2,12,11.3583,-0.3,0,2
175775,flyer3,12.3877,13.1855,-0.274155,0.121815,2
175775,bullet4,15.3836,3.93909,0.8,0,1
175776,player,14.9851,3.92369,0.00154548,-0.0153989,1
175776,flyer1,0.587202,11.1329,-0.289323,-0.0793218,2
175777,bullet5,15.3858,3.91677,0.8,0,1
175778,flyer4,12.7452,8.87817,-0.250323,-0.165344,2
175778,bullet6,15.3861,3.91365,0.8,0,1
175779,flyer2,10.5,11.3583,-0.3,0,2
175780,flyer3,11.0169,13.7946,-0.274155,0.121815,2
175780,flayer8,16.5,10.959,-0.287601,0.0853547,2
175781,player,14.497,4.4007,-0.151846,0.151591,1
175782,bullet1,14.8286,4.46892,0.8,0,1
175783,flyer4,11.4936,8.05145,-0.250323,-0.165344,2
175784,flyer2,9,11.3583,-0.3,0,2
175785,flyer3,9.64611,14.4037,-0.274155,0.121815,2
175785,flayer8,15.062,11.3858,-0.287601,0.0853547,2
175785,bullet3,14.7778,3.96193,0.8,0,1
175786,player,14.375,3.93397,-0.00280199,-0.0279574,1
175788,flyer4,10.2419,7.22473,-0.250323,-0.165344,2
175789,flyer2,7.5,11.3583,-0.3,0,2
175790,flyer3,8.27533,15.0128,-0.274155,0.121815,2
175790,flayer8,13.624,11.8125,-0.287601,0.0853547,2
175791,player,13.8972,4.98937,-0.168842,0.182114,1
175792,bullet2,14.2213,5.07132,0.8,0,1
175793,flyer4,8.99033,6.39801,-0.250323,-0.165344,2
175794,flyer2,5.99999,11.3583,-0.3,0,2
175795,flyer3,6.90455,15.6218,-0.274155,0.121815,2
175795,flayer8,12.186,12.2393,-0.287601,0.0853547,2
175796,player,14.0991,5.13562,0.334384,0.00336051,1
175798,flyer4,7.73872,5.57129,-0.250323,-0.165344,2
175799,flyer2,4.49999,11.3583,-0.3,0,2
175800,flyer3,5.53378,16.2309,-0.274155,0.121815,2
175800,flayer8,10.748,12.6661,-0.287601,0.0853547,2
175800,bullet4,15.3192,5.13826,0.8,0,1
175801,player,14.9562,4.80082,0.036925,-0.337438,1
175803,flyer4,6.4871,4.74457,-0.250323,-0.165344,2
175803,flyer5,16.5,9.97491,-0.265595,-0.139497,2
175803,bullet5,15.3802,4.58064,0.8,0,1
175804,flyer2,2.99999,11.3583,-0.3,0,2
175804,bullet6,15.3836,4.54989,0.8,0,1
175805,flayer8,9.30996,13.0929,-0.287601,0.0853547,2
175806,player,14.9858,4.52983,0.00068137,-0.00622668,1
175806,bullet1,14.5858,4.52983,-0.8,-6.99382e-08,1
175807,bullet3,15.3861,4.52703,0.8,0,1
175808,flyer4,5.23549,3.91785,-0.250323,-0.165344,2
175808,flyer5,15.172,9.27742,-0.265595,-0.139497,2
175809,flyer2,1.49999,11.3583,-0.3,0,2
175809,bullet2,15.3863,4.5252,0.8,0,1
175810,flayer8,7.87196,13.5196,-0.287601,0.0853547,2
175811,player,14.9864,4.52483,1.25732e-05,-0.0001149,1
175811,bullet1,10.5858,4.52983,-0.8,-6.99382e-08,1
175811,bullet4,15.3864,4.52483,0.8,0,1
175813,flyer4,3.98387,3.09114,-0.250323,-0.165344,2
175813,flyer5,13.8441,8.57993,-0.265595,-0.139497,2
175813,bullet5,15.3864,4.52475,0.8,0,1
175814,flyer2,-6.4373e-06,11.3583,-0.3,0,2
175814,bullet6,15.3864,4.52474,0.8,0,1
175815,flayer8,6.43395,13.9464,-0.287601,0.0853547,2
175816,player,14.9864,4.52474,2.32011e-07,-2.12022e-06,1
175816,bullet1,6.58581,4.52983,-0.8,-6.99382e-08,1
175816,bullet3,15.3864,4.52474,0.8,0,1
175817,bullet2,15.3864,4.52474,0.8,0,1
175818,flyer4,2.73226,2.26442,-0.250323,-0.165344,2
175818,flyer5,12.5161,7.88244,-0.265595,-0.139497,2
175819,bullet4,15.3864,4.52474,0.8,0,1
175820,flayer8,4.99594,14.3732,-0.287601,0.0853547,2
175821,player,14.9864,4.52474,4.28125e-09,-3.91241e-08,1
175821,bullet1,2.58581,4.52983,-0.8,-6.99382e-08,1
175823,flyer4,1.48065,1.4377,-0.250323,-0.165344,2
175823,flyer5,11.1881,7.18495,-0.265595,-0.139497,2
175824,bullet5,15.0757,4.03536,-0.8,-6.99382e-08,1
175825,flayer8,3.55793,14.8,-0.287601,0.0853547,2
175826,player,15.5748,3.93626,0.0307547,-0.0307547,1
175826,bullet6,15.9748,3.93626,0.8,0,1
175828,flyer4,0.229033,0.61098,-0.250323,-0.165344,2
175828,flyer5,9.86014,6.48747,-0.265595,-0.139497,2
175829,bullet5,11.0757,4.03536,-0.8,-6.99382e-08,1
175830,flayer8,2.11993,15.2267,-0.287601,0.0853547,2
175830,bullet3,16,3.42276,0.8,0,1
175831,player,15.6,3.35385,0,-0.0689113,1
175831,flyer6,16.5,9.97491,-0.3,0,2
175833,flyer5,8.53217,5.78998,-0.265595,-0.139497,2
175834,bullet5,7.07574,4.03536,-0.8,-6.99382e-08,1
175835,flayer8,0.681919,15.6535,-0.287601,0.0853547,2
175836,player,15.1106,2.74079,-0.151875,-0.0696154,1
175836,flyer6,15,9.97491,-0.3,0,2
175837,bullet2,15.4423,2.70946,0.8,0,1
175838,flyer5,7.20419,5.09249,-0.265595,-0.139497,2
175839,bullet5,3.07573,4.03536,-0.8,-6.99382e-08,1
175840,flayer7,16.5,9.97491,-0.3,0,2
175841,player,14.9887,1.63779,-0.00280252,-0.221503,1
175841,flyer6,13.5,9.97491,-0.3,0,2
175843,flyer5,5.87622,4.39501,-0.265595,-0.139497,2
175844,flyer1,16.5,13.5143,-0.238497,0.181987,2
175845,flayer7,15,9.97491,-0.3,0,2
175845,bullet4,15.3865,2.02171,0.8,0,1
175846,player,14.9864,2.04837,-5.17144e-05,0.0266673,1
175846,flyer6,12,9.97491,-0.3,0,2
175848,flyer5,4.54825,3.69752,-0.265595,-0.139497,2
175849,flyer1,15.3075,14.4242,-0.238497,0.181987,2
175850,flayer7,13.5,9.97491,-0.3,0,2
175850,bullet1,15.4171,2.62702,0.8,0,1
175851,player,15.0002,2.65826,-0.016916,0.0312468,1
175851,flyer6,10.5,9.97491,-0.3,0,2
175852,bullet6,15.3926,2.67232,0.8,0,1
175853,flyer5,3.22028,3.00003,-0.265595,-0.139497,2
175854,flyer1,14.115,15.3341,-0.238497,0.181987,2
175855,flayer7,12,9.97491,-0.3,0,2
175856,player,15.476,2.09488,0.151563,-0.0301781,1
175856,flyer6,9,9.97491,-0.3,0,2
175856,bullet3,15.876,2.09488,0.8,0,1
175858,flyer5,1.8923,2.30255,-0.265595,-0.139497,2
175859,flyer1,12.9225,16.2441,-0.238497,0.181987,2
175859,bullet2,16,2.56182,0.8,0,1
175860,flayer7,10.5,9.97491,-0.3,0,2
175861,player,15.6,2.99662,0,0.367698,1
175861,flyer6,7.5,9.97491,-0.3,0,2
175861,flyer3,16.5,13.5143,-0.3,0,2
175863,flyer5,0.564331,1.60506,-0.265595,-0.139497,2
175863,bullet5,16,3.23654,0.8,0,1
175865,flayer7,9,9.97491,-0.3,0,2
175866,player,15.6,3.78129,0,0.15866,1
175866,flyer6,5.99999,9.97491,-0.3,0,2
175866,flyer3,15,13.5143,-0.3,0,2
175866,bullet4,16,3.78129,0.8,0,1
175868,flyer2,16.5,13.5143,-0.235483,-0.185871,2
175870,flayer7,7.5,9.97491,-0.3,0,2
175871,player,14.1163,4.21545,-0.436598,0.378017,1
175871,flyer6,4.49999,9.97491,-0.3,0,2
175871,flyer3,13.5,13.5143,-0.3,0,2
175873,flyer2,15.3226,12.5849,-0.235483,-0.185871,2
175875,flayer7,5.99999,9.97491,-0.3,0,2
175875,bullet1,14.6631,5.00143,0.8,0,1
175876,player,14.3234,5.07675,0.0602873,0.0753192,1
175876,flyer6,2.99999,9.97491,-0.3,0,2
175876,flyer3,12,13.5143,-0.3,0,2
175878,flyer2,14.1452,11.6556,-0.235483,-0.185871,2
175879,bullet6,15.3259,5.13276,0.8,0,1
175880,flayer7,4.49999,9.97491,-0.3,0,2
175881,player,14.6366,4.79973,-0.322548,-0.33611,1
175881,flyer6,1.49999,9.97491,-0.3,0,2
175881,flyer3,10.5,13.5143,-0.3,0,2
175883,flyer2,12.9678,10.7262,-0.235483,-0.185871,2
175884,bullet3,14.7968,3.99207,0.8,0,1
175885,flayer7,2.99999,9.97491,-0.3,0,2
175885,bullet2,14.7835,3.94754,0.8,0,1
175886,player,14.3776,3.9275,-0.00595192,-0.0200418,1
175886,flyer6,-6.4373e-06,9.97491,-0.3,0,2
175886,flyer3,9,13.5143,-0.3,0,2
175887,bullet5,14.7749,3.91848,0.8,0,1
175888,flyer2,11.7903,9.79687,-0.235483,-0.185871,2
175890,flayer7,1.49999,9.97491,-0.3,0,2
175890,flyer4,16.5,13.5143,-0.299146,-0.0226155,2
175891,player,14.9305,3.9114,0.0682339,-0.000369827,1
175891,flyer3,7.5,13.5143,-0.3,0,2
175891,bullet4,15.3305,3.9114,0.8,0,1
175893,flyer2,10.6129,8.86752,-0.235483,-0.185871,2
175895,flayer7,-6.4373e-06,9.97491,-0.3,0,2
175895,flyer4,15.0043,13.4012,-0.299146,-0.0226155,2
175896,player,15.5193,4.44507,0.09863,0.097364,1
175896,flyer3,5.99999,13.5143,-0.3,0,2
175897,flayer8,16.5,7.53274,-0.3,0,2
175898,flyer2,9.4355,7.93817,-0.235483,-0.185871,2
175900,flyer4,13.5085,13.2881,-0.299146,-0.0226155,2
175900,bullet1,15.9967,3.37527,0.8,0,1
175901,player,15.5985,3.33248,0.00182,-0.0427977,1
175901,flyer3,4.49999,13.5143,-0.3,0,2
175902,flayer8,15,7.53274,-0.3,0,2
175903,flyer2,8.25809,7.00882,-0.235483,-0.185871,2
175905,flyer4,12.0128,13.175,-0.299146,-0.0226155,2
175905,bullet6,14.6115,2.22105,-0.8,-6.99382e-08,1
175906,player,14.9977,2.13807,-0.013806,-0.0829731,1
175906,flyer3,2.99999,13.5143,-0.3,0,2
175907,flayer8,13.5,7.53274,-0.3,0,2
175907,bullet3,15.3914,2.10074,0.8,0,1
175908,flyer2,7.08068,6.07946,-0.235483,-0.185871,2
175910,flyer4,10.5171,13.062,-0.299146,-0.0226155,2
175910,bullet6,10.6115,2.22105,-0.8,-6.99382e-08,1
175910,bullet2,15.3868,1.51525,0.8,0,1
175911,player,14.9866,1.48297,-0.00025476,-0.0322858,1
175911,flyer3,1.49999,13.5143,-0.3,0,2
175911,bullet5,15.3866,1.48297,0.8,0,1
175912,flayer8,12,7.53274,-0.3,0,2
175913,flyer2,5.90326,5.15011,-0.235483,-0.185871,2
175915,flyer4,9.02133,12.9489,-0.299146,-0.0226155,2
175915,bullet6,6.61146,2.22105,-0.8,-6.99382e-08,1
175916,player,15.1382,1.20606,-0.18563,0.30615,1
175916,flyer3,-6.4373e-06,13.5143,-0.3,0,2
175917,flayer8,10.5,7.53274,-0.3,0,2
175918,flyer2,4.72585,4.22076,-0.235483,-0.185871,2
175920,flyer4,7.5256,12.8358,-0.299146,-0.0226155,2
175920,bullet6,2.61146,2.22105,-0.8,-6.99382e-08,1
175920,bullet4,15.3926,1.44628,0.8,0,1
175921,player,14.6517,1.78943,-0.340925,0.343149,1
175922,flayer8,9,7.53274,-0.3,0,2
175923,flyer2,3.54843,3.2914,-0.235483,-0.185871,2
175924,flyer1,16.5,7.53274,-0.228046,-0.194923,2
175924,bullet1,15.2875,2.0446,0.8,0,1
175925,flyer4,6.02987,12.7227,-0.299146,-0.0226155,2
175926,player,14.9663,2.06501,0.0244637,0.00633207,1
175926,bullet3,14.5663,2.06501,-0.8,-6.99382e-08,1
175927,flayer8,7.5,7.53274,-0.3,0,2
175927,bullet2,15.3773,2.06786,0.8,0,1
175928,flyer2,2.37102,2.36205,-0.235483,-0.185871,2
175929,flyer1,15.3598,6.55812,-0.228046,-0.194923,2
175930,flyer4,4.53414,12.6097,-0.299146,-0.0226155,2
175930,bullet5,15.3855,2.06997,0.8,0,1
175931,player,15.3235,2.40759,0.337951,0.337617,1
175931,bullet3,10.5663,2.06501,-0.8,-6.99382e-08,1
175932,flayer8,5.99999,7.53274,-0.3,0,2
175933,flyer2,1.19361,1.4327,-0.235483,-0.185871,2
175934,flyer1,14.2195,5.58351,-0.228046,-0.194923,2
175934,bullet4,15.4854,2.16928,0.8,0,1
175935,flyer4,3.03841,12.4966,-0.299146,-0.0226155,2
175936,player,15.0064,1.75275,-0.0245185,-0.362025,1
175936,bullet3,6.56634,2.06501,-0.8,-6.99382e-08,1
175937,flayer8,4.49999,7.53274,-0.3,0,2
175938,flyer2,0.0161933,0.503345,-0.235483,-0.185871,2
175939,flyer1,13.0793,4.60889,-0.228046,-0.194923,2
175940,flyer4,1.54268,12.3835,-0.299146,-0.0226155,2
175941,player,14.429,0.859703,-0.0687962,-0.02052,1
175941,bullet3,2.56634,2.06501,-0.8,-6.99382e-08,1
175942,flayer8,2.99999,7.53274,-0.3,0,2
175944,flyer1,11.9391,3.63427,-0.228046,-0.194923,2
175945,flyer4,0.0469437,12.2704,-0.299146,-0.0226155,2
175945,flyer5,16.5,0.628225,-0.3,0,2
175946,player,14.4183,1.40094,-0.0557736,0.0679651,1
175946,bullet6,14.8183,1.40094,0.8,0,1
175947,flayer8,1.49999,7.53274,-0.3,0,2
175949,flyer1,10.7989,2.65965,-0.228046,-0.194923,2
175949,bullet1,14.2192,1.45148,0.8,0,1
175950,flyer5,15,0.628225,-0.3,0,0
175950,bullet2,14.1861,1.45427,0.8,0,1
175951,player,13.7712,1.45552,-0.0148688,0.00125415,1
175952,flayer8,-6.4373e-06,7.53274,-0.3,0,2
175952,bullet5,13.3646,1.45609,-0.8,-6.99382e-08,1
175954,flyer1,9.65863,1.68504,-0.228046,-0.194923,2
175955,flyer6,16.5,10.9798,-0.3,0,2
175956,player,13.8584,2.53438,-0.121395,0.182653,1
175956,flayer7,16.5,10.9798,-0.259118,-0.151188,2
175959,flyer1,8.51841,0.710421,-0.228046,-0.194923,1
175959,bullet4,14.1681,2.6702,0.8,0,1
175960,flyer6,15,10.9798,-0.3,0,2
175961,player,13.2715,2.19169,-0.154115,-0.148505,1
175961,flayer7,15.2044,10.2239,-0.259118,-0.151188,2
175962,bullet3,13.6022,2.12486,0.8,0,1
175963,bullet6,13.571,2.09479,0.8,0,1
175964,flyer1,7.37818,-0.264195,-0.228046,-0.194923,1
175965,flyer6,13.5,10.9798,-0.3,0,2
175965,bullet1,13.5506,2.07517,0.8,0,1
175966,player,13.4853,2.40993,0.334656,0.33476,1
175966,flayer7,13.9088,9.46797,-0.259118,-0.151188,2
175967,flyer3,16.5,10.9798,-0.3,0,2
175969,flyer2,16.5,9.88813,-0.241107,-0.178514,2
175970,flyer6,12,10.9798,-0.3,0,2
175970,bullet2,14.1478,2.67259,0.8,0,1
175971,player,13.4165,3.01627,-0.331325,0.343677,1
175971,flayer7,12.6132,8.71203,-0.259118,-0.151188,2
175972,flyer3,15,10.9798,-0.3,0,2
175973,bullet5,12.8003,3.24052,-0.8,-6.99382e-08,1
175974,flyer2,15.2945,8.99556,-0.241107,-0.178514,2
175975,flyer6,10.5,10.9798,-0.3,0,2
175976,player,13.1504,2.73455,-0.00611387,-0.0620019,1
175976,flayer7,11.3176,7.95609,-0.259118,-0.151188,2
175976,bullet4,13.5504,2.73455,0.8,0,1
175977,flyer3,13.5,10.9798,-0.3,0,2
175978,bullet5,8.80033,3.24052,-0.8,-6.99382e-08,1
175979,flyer2,14.0889,8.10299,-0.241107,-0.178514,2
175979,bullet3,12.9882,3.24616,0.8,0,1
175980,flyer6,9,10.9798,-0.3,0,2
175981,player,12.8807,3.62457,0.323548,0.350196,1
175981,flayer7,10.022,7.20015,-0.259118,-0.151188,2
175982,flyer3,12,10.9798,-0.3,0,2
175983,bullet5,4.80033,3.24052,-0.8,-6.99382e-08,1
175984,flyer2,12.8834,7.21042,-0.241107,-0.178514,2
175984,bullet6,13.5213,3.88499,0.8,0,1
175985,flyer6,7.5,10.9798,-0.3,0,2
175985,bullet1,13.5346,3.89935,0.8,0,1
175986,player,13.1405,3.90581,0.00597036,0.00646209,1
175986,flayer7,8.72646,6.44421,-0.259118,-0.151188,2
175987,flyer3,10.5,10.9798,-0.3,0,2
175987,bullet2,13.5432,3.90872,0.8,0,1
175988,bullet5,0.800329,3.24052,-0.8,-6.99382e-08,1
175989,flyer2,11.6778,6.31785,-0.241107,-0.178514,2
175990,flyer6,5.99999,10.9798,-0.3,0,2
175991,player,12.5876,3.5735,-0.0682336,-0.337381,1
175991,flayer7,7.43087,5.68826,-0.259118,-0.151188,2
175992,flyer3,9,10.9798,-0.3,0,2
175992,bullet4,12.9569,3.42168,0.8,0,1
175994,flyer2,10.4723,5.42528,-0.241107,-0.178514,2
175995,flyer6,4.49999,10.9798,-0.3,0,2
175996,player,12.5328,2.81318,-0.0012591,-0.158101,1
175996,flayer7,6.13528,4.93232,-0.259118,-0.151188,2
175997,flyer3,7.5,10.9798,-0.3,0,2
175997,bullet3,12.9323,2.74203,0.8,0,1
175999,flyer2,9.26676,4.53271,-0.241107,-0.178514,2
176000,flyer6,2.99999,10.9798,-0.3,0,2
176000,bullet6,13.4896,2.68913,0.8,0,1
176001,player,13.4578,3.02371,0.368231,0.334583,1
176001,flayer7,4.83969,4.17638,-0.259118,-0.151188,2
176002,flyer3,5.99999,10.9798,-0.3,0,2
176004,flyer2,8.06122,3.64014,-0.241107,-0.178514,2
176005,flyer6,1.49999,10.9798,-0.3,0,2
176006,player,13.8526,3.78178,-0.114325,0.158049,1
176006,flayer7,3.5441,3.42044,-0.259118,-0.151188,2
176007,flyer3,4.49999,10.9798,-0.3,0,2
176007,bullet1,14.2012,3.8529,0.8,0,1
176008,bullet5,13.378,3.88491,-0.8,-6.99382e-08,1
176009,flyer2,6.85568,2.74757,-0.241107,-0.178514,2
176010,flyer6,-6.4373e-06,10.9798,-0.3,0,2
176011,player,13.2714,3.08183,-0.153985,-0.486459,1
176011,flayer7,2.24851,2.6645,-0.259118,-0.151188,2
176012,flyer3,2.99999,10.9798,-0.3,0,2
176013,bullet5,9.37801,3.88491,-0.8,-6.99382e-08,1
176014,flyer2,5.65015,1.855,-0.241107,-0.178514,2
176014,bullet2,13.0675,2.72009,0.8,0,1
176016,player,12.8968,2.69117,0.303904,-0.00897653,1
176016,flayer7,0.952917,1.90855,-0.259118,-0.151188,2
176017,flyer3,1.49999,10.9798,-0.3,0,2
176018,bullet5,5.378,3.88491,-0.8,-6.99382e-08,1
176019,flyer2,4.44461,0.962435,-0.241107,-0.178514,2
176021,player,13.3611,2.97686,-0.263548,0.391838,1
176021,flayer7,-0.342673,1.15261,-0.259118,-0.151188,2
176022,flyer3,-6.4373e-06,10.9798,-0.3,0,2
176022,flyer4,16.5,9.88813,-0.272069,-0.126406,2
176023,bullet5,1.378,3.88491,-0.8,-6.99382e-08,1
176024,flyer2,3.23907,0.0698652,-0.241107,-0.178514,2
176024,flyer5,16.5,0.898056,-0.298279,-0.032089,2
176026,player,14.0446,3.84926,0.400981,0.0755743,1
176026,flayer8,16.5,0.898056,-0.3,0,2
176027,flyer4,15.1397,9.2561,-0.272069,-0.126406,2
176027,bullet4,14.6251,3.88327,0.8,0,1
176029,flyer5,15.0086,0.737611,-0.298279,-0.032089,2
176030,flyer1,16.5,0.898056,-0.3,0,2
176031,player,13.3196,3.42058,-0.21282,-0.15048,1
176031,flayer8,15,0.898056,-0.3,0,2
176032,flyer4,13.7793,8.62407,-0.272069,-0.126406,2
176034,flyer5,13.5172,0.577166,-0.298279,-0.032089,2
176035,flyer1,15,0.898056,-0.3,0,2
176036,player,13.5169,3.33048,0.295984,-0.0403659,1
176036,flayer8,13.5,0.898056,-0.3,0,2
176037,flyer4,12.419,7.99204,-0.272069,-0.126406,2
176039,flyer5,12.0258,0.41672,-0.298279,-0.032089,2
176039,bullet3,13.5793,2.74275,0.8,0,1
176040,flyer1,13.5,0.898056,-0.3,0,2
176041,player,12.6629,2.20638,-0.160253,-0.166459,1
176041,flayer8,12,0.898056,-0.3,0,2
176042,flyer4,11.0586,7.36001,-0.272069,-0.126406,2
176044,flyer5,10.5344,0.256275,-0.298279,-0.032089,2
