438869,player,1.57188,5.79955,0,0,1
438871,bullet1,2.46125,5.79955,0.8,0,1
438873,bullet2,2.56035,5.79955,0.8,0,1
438874,player,2.17419,5.79955,0.0138396,0,1
438874,bullet3,2.57419,5.79955,0.8,0,1
438876,bullet1,6.46125,5.79955,0.8,0,1
438878,bullet2,6.56035,5.79955,0.8,0,1
438879,player,2.1853,5.79955,0.00025538,0,1
438879,bullet3,6.57419,5.79955,0.8,0,1
438880,bullet4,2.58542,5.79955,0.8,0,1
438881,bullet1,10.4613,5.79955,0.8,0,1
438883,bullet2,10.5604,5.79955,0.8,0,1
438884,player,3.01238,5.31017,0.48938,-0.151875,1
438884,bullet3,10.5742,5.79955,0.8,0,1
438885,bullet4,6.58542,5.79955,0.8,0,1
438886,bullet1,14.4613,5.79955,0.8,0,1
438888,bullet2,14.5604,5.79955,0.8,0,1
438889,player,3.47374,5.67758,-0.0745008,0.149072,1
438889,bullet3,14.5742,5.79955,0.8,0,1
438890,bullet4,10.5854,5.79955,0.8,0,1
438890,bullet5,3.84021,5.74466,0.8,0,1
438891,bullet6,3.82513,5.77485,0.8,0,1
438894,player,3.41391,5.30792,-0.00137475,-0.149124,1
438894,flyer1,16.5,4.48979,-0.293578,0.0617422,2
438894,bullet1,3.81391,5.30792,0.8,0,1
438895,bullet4,14.5854,5.79955,0.8,0,1
438895,bullet5,7.84022,5.74466,0.8,0,1
438896,bullet6,7.82513,5.77485,0.8,0,1
438899,player,3.4128,5.18816,-2.5368e-05,-0.00275176,1
438899,flyer1,15.0321,4.7985,-0.293578,0.0617422,2
438899,bullet1,7.81391,5.30792,0.8,0,1
438900,bullet5,11.8402,5.74466,0.8,0,1
438901,bullet6,11.8251,5.77485,0.8,0,1
438904,player,2.33494,4.48454,-0.18263,0.10723,1
438904,bullet1,11.8139,5.30792,0.8,0,1
438904,bullet2,2.73494,4.48454,0.8,0,1
438908,flyer2,16.5,4.48979,-0.284893,-0.0940008,2
438909,player,2.74599,5.71685,0.0649737,0.101077,1
438909,flyer3,16.5,4.48979,-0.277317,-0.114434,2
438909,bullet1,15.8139,5.30792,0.8,0,1
438909,bullet2,6.73494,4.48454,0.8,0,1
438910,flyer4,16.5,4.48979,-0.28843,-0.0825108,2
438913,flyer2,15.0755,4.01979,-0.284893,-0.0940008,2
438914,player,1.97129,5.04383,-0.488176,0.173651,1
438914,flyer3,15.1134,3.91762,-0.277317,-0.114434,2
438914,bullet2,10.7349,4.48454,0.8,0,1
438915,flyer4,15.0578,4.07724,-0.28843,-0.0825108,2
438916,bullet3,2.05275,5.15714,0.8,0,1
438918,flyer2,13.6511,3.54978,-0.284893,-0.0940008,1
438919,player,1.91674,4.96307,0.328492,0.272361,1
438919,flyer3,13.7268,3.34545,-0.277317,-0.114434,2
438920,flyer4,13.6157,3.66468,-0.28843,-0.0825108,2
438921,bullet3,6.05276,5.15714,0.8,0,1
438922,bullet4,2.56102,5.1656,0.8,0,1
438923,flyer2,12.2266,3.07978,-0.284893,-0.0940008,1
438924,player,2.51805,4.8443,0.343562,-0.332474,1
438924,flyer3,12.3402,2.77328,-0.277317,-0.114434,2
438925,flyer4,12.1735,3.25213,-0.28843,-0.0825108,2
438926,bullet3,10.0528,5.15714,0.8,0,1
438926,bullet5,3.14222,4.62736,0.8,0,1
438927,bullet4,6.56102,5.1656,0.8,0,1
438928,flyer2,10.8021,2.60978,-0.284893,-0.0940008,1
438929,player,3.35168,4.79751,0.0746834,-0.275291,1
438929,flyer3,10.9537,2.20111,-0.277317,-0.114434,2
438930,flyer4,10.7314,2.83958,-0.28843,-0.0825108,2
438930,bullet6,3.78529,4.67363,0.8,0,1
438931,bullet3,14.0528,5.15714,0.8,0,1
438931,bullet5,7.14223,4.62736,0.8,0,1
438932,bullet4,10.561,5.1656,0.8,0,1
438933,flyer2,9.37767,2.13977,-0.284893,-0.0940008,1
438934,player,3.41165,4.57643,0.00137812,-0.0050799,1
438934,flyer3,9.56707,1.62893,-0.277317,-0.114434,2
438935,flyer4,9.28925,2.42702,-0.28843,-0.0825108,2
438935,bullet6,7.78529,4.67363,0.8,0,1
438936,bullet5,11.1422,4.62736,0.8,0,1
438936,bullet1,3.81255,4.57312,0.8,0,1
438937,bullet4,14.561,5.1656,0.8,0,1
438938,flyer2,7.95321,1.66977,-0.284893,-0.0940008,1
438939,player,3.41276,4.90985,2.54302e-05,0.337406,1
438939,flyer3,8.18049,1.05676,-0.277317,-0.114434,2
438940,flyer4,7.84709,2.01447,-0.28843,-0.0825108,2
438940,bullet6,11.7853,4.67363,0.8,0,1
438941,bullet5,15.1422,4.62736,0.8,0,1
438941,bullet1,7.81255,4.57312,0.8,0,1
438943,flyer2,6.52875,1.19976,-0.284893,-0.0940008,1
438944,player,2.82431,5.76929,-0.0307542,0.0369808,1
438944,flyer3,6.7939,0.484591,-0.277317,-0.114434,2
438944,bullet2,3.22431,5.76929,0.8,0,1
438945,flyer4,6.40494,1.60191,-0.28843,-0.0825108,2
438945,bullet6,15.7853,4.67363,0.8,0,1
438946,bullet1,11.8126,4.57312,0.8,0,1
438947,bullet3,3.20144,5.79679,0.8,0,1
438948,flyer2,5.10428,0.729759,-0.284893,-0.0940008,1
438948,bullet4,3.20018,5.79831,0.8,0,1
438949,player,2.79961,5.79899,-0.000567502,0.000682399,1
438949,flyer3,5.40732,-0.0875805,-0.277317,-0.114434,2
438949,bullet2,7.22431,5.76929,0.8,0,1
438950,flyer4,4.96279,1.18936,-0.28843,-0.0825108,2
438951,bullet1,15.8126,4.57312,0.8,0,1
438952,bullet3,7.20144,5.79679,0.8,0,1
438953,flyer2,3.67982,0.259755,-0.284893,-0.0940008,1
438953,bullet4,7.20018,5.79831,0.8,0,1
438954,player,2.79915,6.38801,-1.0472e-05,0.0307673,1
438954,bullet2,11.2243,5.76929,0.8,0,1
438954,bullet5,3.19915,6.38801,0.8,0,1
438955,flyer4,3.52064,0.776807,-0.28843,-0.0825108,2
438957,bullet3,11.2014,5.79679,0.8,0,1
438958,flyer2,2.25536,-0.210249,-0.284893,-0.0940008,1
438958,bullet4,11.2002,5.79831,0.8,0,1
438959,player,2.7308,5.85501,0.0835311,-0.067776,1
438959,bullet2,15.2243,5.76929,0.8,0,1
438959,bullet5,7.19915,6.38801,0.8,0,1
438960,flyer4,2.07849,0.364253,-0.28843,-0.0825108,2
438962,bullet3,15.2014,5.79679,0.8,0,1
438963,bullet4,15.2002,5.79831,0.8,0,1
438964,player,2.75329,5.75598,0.0560455,0.0532535,1
438964,flyer5,16.5,8.41805,-0.3,0,2
438964,bullet5,11.1992,6.38801,0.8,0,1
438965,flyer4,0.636339,-0.0483011,-0.28843,-0.0825108,2
438965,flyer6,16.5,8.41805,-0.279232,0.10968,2
438965,bullet6,3.17851,5.77994,0.8,0,1
438968,bullet1,3.19727,6.28714,0.8,0,1
438969,player,2.7983,6.35647,0.0010342,0.0693264,1
438969,flyer5,15,8.41805,-0.3,0,2
438969,bullet5,15.1992,6.38801,0.8,0,1
438970,flyer6,15.1038,8.96645,-0.279232,0.10968,2
438970,bullet6,7.17851,5.77994,0.8,0,1
438972,bullet2,3.19907,6.40802,0.8,0,1
438973,bullet1,7.19727,6.28714,0.8,0,1
438974,player,2.79913,6.41214,1.90839e-05,0.00127927,1
438974,flyer5,13.5,8.41805,-0.3,0,2
438974,bullet3,3.19913,6.41214,0.8,0,1
438975,flyer6,13.7077,9.51485,-0.279232,0.10968,2
438975,bullet6,11.1785,5.77994,0.8,0,1
438977,bullet2,7.19907,6.40802,0.8,0,1
438978,bullet1,11.1973,6.28714,0.8,0,1
438979,player,1.85933,6.75067,-0.351339,0.337524,1
438979,flyer5,12,8.41805,-0.3,0,2
438979,bullet3,7.19913,6.41214,0.8,0,1
438980,flyer6,12.3115,10.0633,-0.279232,0.10968,2
438980,bullet6,15.1785,5.77994,0.8,0,1
438982,bullet2,11.1991,6.40802,0.8,0,1
438983,bullet1,15.1973,6.28714,0.8,0,1
438984,player,2.1349,7.57945,0.0618606,0.074572,1
438984,flyer5,10.5,8.41805,-0.3,0,2
438984,bullet3,11.1991,6.41214,0.8,0,1
438985,flyer6,10.9154,10.6117,-0.279232,0.10968,2
438985,bullet4,2.56273,7.61301,0.8,0,1
438987,bullet2,15.1991,6.40802,0.8,0,1
438989,player,1.6952,8.12871,-0.150734,0.153251,1
438989,flyer5,9,8.41805,-0.3,0,2
438989,bullet3,15.1991,6.41214,0.8,0,1
438989,bullet5,2.0952,8.12871,0.8,0,1
438990,flyer6,9.5192,11.1601,-0.279232,0.10968,2
438990,bullet4,6.56273,7.61301,0.8,0,1
438992,bullet6,2.47249,8.24267,0.8,0,1
438994,player,1.82512,8.58928,-0.309527,0.340328,1
438994,flyer5,7.5,8.41805,-0.3,0,1
438994,bullet5,6.0952,8.12871,0.8,0,1
438995,flyer6,8.12304,11.7085,-0.279232,0.10968,2
438997,bullet6,6.47249,8.24267,0.8,0,1
438998,bullet1,2.53998,9.41403,0.8,0,1
438999,player,2.16502,9.45107,0.025043,0.0370347,1
438999,bullet2,2.56502,9.45107,0.8,0,1
439000,flyer6,6.72688,12.2569,-0.279232,0.10968,2
439002,bullet6,10.4725,8.24267,0.8,0,1
439002,bullet3,2.09427,9.96799,0.8,0,1
439003,bullet1,6.53998,9.41403,0.8,0,1
439004,player,1.59666,10.0693,-0.0302926,0.0314381,1
439004,bullet2,6.56502,9.45107,0.8,0,1
439005,flyer6,5.33072,12.8053,-0.279232,0.10968,2
439007,bullet6,14.4725,8.24267,0.8,0,1
439007,bullet3,6.09427,9.96799,0.8,0,1
439008,bullet1,10.54,9.41403,0.8,0,1
439009,player,1.42046,8.75187,0.185066,0.141611,1
439009,bullet2,10.565,9.45107,0.8,0,1
439010,flyer6,3.93457,13.3537,-0.279232,0.10968,2
439011,bullet4,1.94121,8.84427,0.8,0,1
439012,bullet3,10.0943,9.96799,0.8,0,1
439013,bullet1,14.54,9.41403,0.8,0,1
439014,player,1.01136,9.42331,-0.0649288,0.0709569,1
439014,bullet2,14.565,9.45107,0.8,0,1
439015,flyer6,2.53841,13.9021,-0.279232,0.10968,2
439016,bullet4,5.94121,8.84427,0.8,0,1
439017,flayer7,16.5,8.41805,-0.283927,-0.0968788,2
439017,bullet3,14.0943,9.96799,0.8,0,1
439018,bullet5,1.39117,9.50974,0.8,0,1
439019,player,0.973058,9.15663,-0.0181132,-0.353106,1
439020,flyer6,1.14225,14.4505,-0.279232,0.10968,2
439021,bullet4,9.94121,8.84427,0.8,0,1
439022,flayer7,15.0804,7.93365,-0.283927,-0.0968788,2
439023,bullet5,5.39117,9.50974,0.8,0,1
439024,player,1.44789,9.36243,0.151541,0.145359,1
439025,flyer6,-0.253908,14.9989,-0.279232,0.10968,2
439025,bullet6,1.91608,9.42784,0.8,0,1
439026,bullet4,13.9412,8.84427,0.8,0,1
439027,flayer7,13.6607,7.44926,-0.283927,-0.0968788,2
439028,bullet5,9.39117,9.50974,0.8,0,1
439029,player,0.981113,10.0676,-0.0279583,0.033437,1
439030,flayer8,16.5,11.869,-0.3,0,2
439030,bullet6,5.91608,9.42784,0.8,0,1
439032,flayer7,12.2411,6.96486,-0.283927,-0.0968788,2
439033,bullet5,13.3912,9.50974,0.8,0,1
439034,player,0.400941,9.0474,-0.0688597,-0.219602,1
439035,flayer8,15,11.869,-0.3,0,2
439035,bullet6,9.91608,9.42784,0.8,0,1
439035,bullet1,0.8,8.94858,0.8,0,1
439037,flayer7,10.8215,6.48047,-0.283927,-0.0968788,2
439039,player,0.976317,8.87104,0.0301194,-0.00405227,1
439039,bullet2,1.37632,8.87104,0.8,0,1
439040,flayer8,13.5,11.869,-0.3,0,2
439040,bullet6,13.9161,9.42784,0.8,0,1
439040,bullet1,4.8,8.94858,0.8,0,1
439042,flayer7,9.40183,5.99607,-0.283927,-0.0968788,2
439042,bullet3,0.840996,8.31031,0.8,0,1
439044,player,0.4,8.26547,0,-0.0139144,1
439044,bullet2,5.37632,8.87104,0.8,0,1
439045,flayer8,12,11.869,-0.3,0,2
439045,bullet1,8.8,8.94858,0.8,0,1
439047,flayer7,7.98219,5.51168,-0.283927,-0.0968788,2
439047,bullet3,4.841,8.31031,0.8,0,1
439049,player,0.957719,7.65198,0.0683438,-0.0140964,1
439049,bullet2,9.37632,8.87104,0.8,0,1
439049,bullet4,1.35772,7.65198,0.8,0,1
439050,flayer8,10.5,11.869,-0.3,0,2
439050,bullet1,12.8,8.94858,0.8,0,1
439052,flayer7,6.56256,5.02728,-0.283927,-0.0968788,2
439052,bullet3,8.841,8.31031,0.8,0,1
439054,player,0.567824,8.24297,-0.205118,0.0135795,1
439054,bullet2,13.3763,8.87104,0.8,0,1
439054,bullet4,5.35772,7.65198,0.8,0,1
439055,flayer8,9,11.869,-0.3,0,2
439055,bullet5,0.875521,8.24908,0.8,0,1
439057,flayer7,5.14292,4.54289,-0.283927,-0.0968788,2
439057,bullet3,12.841,8.31031,0.8,0,1
439059,player,0.4,7.35866,-0,-0.405593,1
439059,bullet4,9.35772,7.65198,0.8,0,1
439060,flayer8,7.5,11.869,-0.3,0,2
439060,bullet5,4.87552,8.24908,0.8,0,1
439060,bullet6,0.8,7.17614,0.8,0,1
439062,flayer7,3.72329,4.05849,-0.283927,-0.0968788,2
439062,bullet1,0.8,7.05705,0.8,0,1
439064,player,0.4,7.03294,0,-0.00748433,1
439064,bullet4,13.3577,7.65198,0.8,0,1
439065,flayer8,5.99999,11.869,-0.3,0,2
439065,bullet5,8.87552,8.24908,0.8,0,1
439065,bullet6,4.8,7.17614,0.8,0,1
439067,flayer7,2.30365,3.5741,-0.283927,-0.0968788,2
439067,bullet1,4.8,7.05705,0.8,0,1
439069,player,0.4,7.96674,-0,0.351202,1
439070,flayer8,4.49999,11.869,-0.3,0,2
439070,bullet5,12.8755,8.24908,0.8,0,1
439070,bullet6,8.8,7.17614,0.8,0,1
439072,flayer7,0.884018,3.08971,-0.283927,-0.0968788,2
439072,bullet1,8.8,7.05705,0.8,0,1
439073,bullet2,1.87785,8.2423,0.8,0,1
439074,player,1.56003,8.24878,0.0821834,0.00648065,1
439075,flayer8,2.99999,11.869,-0.3,0,2
439075,bullet6,12.8,7.17614,0.8,0,1
439077,bullet1,12.8,7.05705,0.8,0,1
439077,bullet3,2.02115,7.69588,0.8,0,1
439078,bullet2,5.87785,8.2423,0.8,0,1
439079,player,1.96353,7.98917,0.339017,0.32378,1
439080,flayer8,1.49999,11.869,-0.3,0,2
439080,bullet4,2.51609,8.13487,0.8,0,1
439082,bullet3,6.02115,7.69588,0.8,0,1
439083,bullet2,9.87785,8.2423,0.8,0,1
439083,bullet5,3.11891,8.24322,0.8,0,1
439084,player,2.79351,8.24919,0.0745996,0.00597465,1
439085,flayer8,-6.4373e-06,11.869,-0.3,0,2
439085,bullet4,6.51609,8.13487,0.8,0,1
439087,bullet3,10.0211,7.69588,0.8,0,1
439088,bullet2,13.8779,8.2423,0.8,0,1
439088,bullet5,7.11891,8.24322,0.8,0,1
439089,player,2.26495,8.28474,-0.0293781,-0.0374788,1
439090,bullet4,10.5161,8.13487,0.8,0,1
439092,flyer1,16.5,8.41805,-0.299789,0.0112586,2
439092,bullet3,14.0211,7.69588,0.8,0,1
439093,bullet5,11.1189,8.24322,0.8,0,1
439093,bullet6,2.6419,8.25534,0.8,0,1
439094,player,2.24135,8.25465,-0.000542109,-0.000691589,1
439094,bullet1,2.64135,8.25465,0.8,0,1
439095,bullet4,14.5161,8.13487,0.8,0,1
439097,bullet2,3.13033,8.25413,0.8,0,1
439098,bullet5,15.1189,8.24322,0.8,0,1
439098,bullet6,6.6419,8.25534,0.8,0,1
439099,player,2.82939,7.91659,0.0307447,-0.337513,1
439099,bullet1,6.64135,8.25465,0.8,0,1
439100,bullet3,3.24323,7.76471,0.8,0,1
439102,bullet2,7.13033,8.25413,0.8,0,1
439103,bullet6,10.6419,8.25534,0.8,0,1
439104,player,2.85408,7.64554,0.000567326,-0.00622806,1
439104,bullet1,10.6414,8.25465,0.8,0,1
439105,bullet3,7.24323,7.76471,0.8,0,1
439107,bullet2,11.1303,8.25413,0.8,0,1
439108,bullet6,14.6419,8.25534,0.8,0,1
439109,player,2.85454,7.64054,1.04688e-05,-0.000114925,1
439109,bullet1,14.6414,8.25465,0.8,0,1
439110,bullet3,11.2432,7.76471,0.8,0,1
439111,flyer3,16.5,11.869,-0.3,0,2
439112,flyer2,16.5,11.869,-0.2537,-0.160114,2
439112,bullet2,15.1303,8.25413,0.8,0,1
439114,player,2.36517,7.64045,-0.151875,-2.12069e-06,1
439114,flyer4,16.5,11.869,-0.3,0,2
439114,bullet4,2.76517,7.64045,0.8,0,1
439115,bullet3,15.2432,7.76471,0.8,0,1
439116,flyer3,15,11.869,-0.3,0,2
439116,bullet5,2.66607,7.64044,0.8,0,1
439117,flyer2,15.2315,11.0684,-0.2537,-0.160114,2
439119,player,1.9057,7.64044,-0.340302,-3.91328e-08,1
439119,flyer4,15,11.869,-0.3,0,2
439119,bullet4,6.76517,7.64045,0.8,0,1
439121,flyer3,13.5,11.869,-0.3,0,2
439121,bullet5,6.66607,7.64044,0.8,0,1
439122,flyer2,13.963,10.2679,-0.2537,-0.160114,2
439124,player,1.58782,7.68504,0.0482246,-0.0545041,1
439124,flyer4,13.5,11.869,-0.3,0,2
439124,bullet4,10.7652,7.64045,0.8,0,1
439124,bullet6,1.98782,7.68504,0.8,0,1
439126,flyer3,12,11.869,-0.3,0,2
439126,bullet5,10.6661,7.64044,0.8,0,1
439127,flyer2,12.6945,9.46731,-0.2537,-0.160114,2
439129,player,2.55252,7.97877,0.369145,0.336494,1
439129,flyer4,12,11.869,-0.3,0,2
439129,bullet4,14.7652,7.64045,0.8,0,1
439129,bullet6,5.98782,7.68504,0.8,0,1
439131,flyer3,10.5,11.869,-0.3,0,2
439131,bullet5,14.6661,7.64044,0.8,0,1
439132,flyer2,11.426,8.66674,-0.2537,-0.160114,2
439134,player,2.84897,7.9115,0.00681176,-0.331291,1
439134,flyer4,10.5,11.869,-0.3,0,2
439134,bullet6,9.98782,7.68504,0.8,0,1
439136,flyer3,9,11.869,-0.3,0,2
439137,flyer2,10.1575,7.86617,-0.2537,-0.160114,1
439139,player,2.8852,7.64544,-0.0374634,-0.00611325,1
439139,flyer4,9,11.869,-0.3,0,2
439139,bullet1,3.2852,7.64544,0.8,0,1
439140,bullet2,3.26834,7.64269,0.8,0,1
439141,flyer3,7.5,11.869,-0.3,0,2
439142,flyer2,8.88899,7.0656,-0.2537,-0.160114,1
439144,player,3.00699,8.46741,-0.186316,0.489262,1
439144,flyer4,7.5,11.869,-0.3,0,2
439144,bullet1,7.2852,7.64544,0.8,0,1
439145,bullet2,7.26834,7.64269,0.8,0,1
439146,flyer3,5.99999,11.869,-0.3,0,2
439146,bullet3,3.28541,8.78665,0.8,0,1
439147,flyer2,7.62049,6.26504,-0.2537,-0.160114,1
439147,bullet4,3.26844,8.83124,0.8,0,1
439149,player,3.19486,8.52283,0.334062,-0.328472,1
439149,flyer4,5.99999,11.869,-0.3,0,2
439149,bullet1,11.2852,7.64544,0.8,0,1
439150,bullet2,11.2683,7.64269,0.8,0,1
439151,flyer3,4.49999,11.869,-0.3,0,2
439151,bullet3,7.28542,8.78665,0.8,0,1
439152,flyer2,6.35199,5.46447,-0.2537,-0.160114,1
439152,bullet4,7.26844,8.83124,0.8,0,1
439154,player,3.80064,8.25904,0.343664,-0.00606123,1
439154,flyer4,4.49999,11.869,-0.3,0,2
439154,bullet1,15.2852,7.64544,0.8,0,1
439155,bullet2,15.2683,7.64269,0.8,0,1
439156,flyer3,2.99999,11.869,-0.3,0,2
439156,bullet3,11.2854,8.78665,0.8,0,1
439157,flyer2,5.08349,4.6639,-0.2537,-0.160114,1
439157,bullet4,11.2684,8.83124,0.8,0,1
439159,player,4.3276,8.28493,-0.300404,-0.0377009,1
439159,flyer4,2.99999,11.869,-0.3,0,2
439161,flyer3,1.49999,11.869,-0.3,0,2
439161,bullet3,15.2854,8.78665,0.8,0,1
439162,flyer2,3.815,3.86333,-0.2537,-0.160114,1
439162,bullet4,15.2684,8.83124,0.8,0,1
439164,player,5.01232,8.00368,0.362711,0.30605,1
439164,flyer4,1.49999,11.869,-0.3,0,2
439164,flyer5,16.5,0.63297,-0.3,0,2
439166,flyer3,-6.4373e-06,11.869,-0.3,0,2
439166,bullet5,4.84899,8.20337,-0.8,-6.99382e-08,1
439167,flyer2,2.5465,3.06276,-0.2537,-0.160114,1
439169,player,4.74589,8.80718,-0.0616507,0.0739912,1
439169,flyer4,-6.4373e-06,11.869,-0.3,0,2
439169,flyer5,15,0.63297,-0.3,0,2
439169,bullet6,5.14589,8.80718,0.8,0,1
439171,bullet5,0.848991,8.20337,-0.8,-6.99382e-08,1
439172,flyer2,1.278,2.26219,-0.2537,-0.160114,1
439173,flyer6,16.5,11.869,-0.3,0,2
439174,player,5.18576,8.37722,0.150737,-0.15051,1
439174,flyer5,13.5,0.63297,-0.3,0,2
439174,bullet6,9.14589,8.80718,0.8,0,1
439174,bullet1,5.58576,8.37722,0.8,0,1
439177,flyer2,0.00949854,1.46162,-0.2537,-0.160114,1
439177,bullet2,5.20847,8.2653,0.8,0,1
439178,flyer6,15,11.869,-0.3,0,2
439179,player,4.71834,8.25635,-0.0279732,-0.00277733,1
439179,flyer5,12,0.63297,-0.3,0,2
439179,bullet6,13.1459,8.80718,0.8,0,1
439179,bullet1,9.58576,8.37722,0.8,0,1
439180,bullet3,5.10575,8.2551,0.8,0,1
439182,bullet2,9.20848,8.2653,0.8,0,1
439183,flyer6,13.5,11.869,-0.3,0,2
439184,player,5.03338,8.25412,0.336984,-5.12495e-05,1
439184,flyer5,10.5,0.63297,-0.3,0,2
439184,bullet1,13.5858,8.37722,0.8,0,1
439185,bullet3,9.10575,8.2551,0.8,0,1
439187,bullet2,13.2085,8.2653,0.8,0,1
439188,flyer6,12,11.869,-0.3,0,2
439188,bullet4,5.69778,8.25408,0.8,0,1
439189,player,5.304,8.25408,0.0062183,-9.45697e-07,1
439189,flyer5,9,0.63297,-0.3,0,2
439190,bullet3,13.1058,8.2551,0.8,0,1
439190,bullet5,5.7068,8.25408,0.8,0,1
439191,bullet6,5.70806,8.25408,0.8,0,1
439193,flyer6,10.5,11.869,-0.3,0,2
439193,bullet4,9.69778,8.25408,0.8,0,1
439194,player,5.30899,8.74345,0.000114745,0.151875,1
439194,flyer5,7.5,0.63297,-0.3,0,2
439195,bullet5,9.7068,8.25408,0.8,0,1
439196,bullet6,9.70806,8.25408,0.8,0,1
439197,bullet1,5.70908,8.85639,0.8,0,1
439198,flyer6,9,11.869,-0.3,0,2
439198,bullet4,13.6978,8.25408,0.8,0,1
439199,player,5.30908,9.3548,2.11737e-06,0.154678,1
439199,flyer5,5.99999,0.63297,-0.3,0,2
439200,bullet5,13.7068,8.25408,0.8,0,1
439201,bullet6,13.7081,8.25408,0.8,0,1
439202,bullet1,9.70908,8.85639,0.8,0,1
439203,flyer6,7.5,11.869,-0.3,0,2
439204,player,5.29525,9.49286,0.0169151,-0.0140608,1
439204,flyer5,4.49999,0.63297,-0.3,0,2
439204,bullet2,5.69525,9.49286,0.8,0,1
439205,bullet3,5.70286,9.48653,0.8,0,1
439207,bullet1,13.7091,8.85639,0.8,0,1
439207,bullet4,5.70783,9.4824,0.8,0,1
439208,flyer6,5.99999,11.869,-0.3,0,2
439209,player,4.81945,9.48156,-0.151563,-0.000259462,1
439209,flyer5,2.99999,0.63297,-0.3,0,2
439209,bullet2,9.69525,9.49286,0.8,0,1
439210,bullet3,9.70286,9.48653,0.8,0,1
439211,bullet5,5.12056,9.48139,0.8,0,1
439212,bullet4,9.70783,9.4824,0.8,0,1
439213,flyer6,4.49999,11.869,-0.3,0,2
439214,player,4.69774,9.14385,-0.00279676,-0.337505,1
439214,flyer5,1.49999,0.63297,-0.3,0,2
439214,bullet2,13.6952,9.49286,0.8,0,1
439215,bullet3,13.7029,9.48653,0.8,0,1
439216,bullet5,9.12056,9.48139,0.8,0,1
439217,bullet4,13.7078,9.4824,0.8,0,1
439218,flyer6,2.99999,11.869,-0.3,0,2
439219,player,4.69549,8.87281,-5.16081e-05,-0.00622791,1
439219,flyer5,-6.4373e-06,0.63297,-0.3,0,2
439220,bullet6,5.09547,8.87,0.8,0,1
439221,bullet5,13.1206,9.48139,0.8,0,1
439221,bullet1,4.29546,8.86874,-0.8,-6.99382e-08,1
439223,flyer6,1.49999,11.869,-0.3,0,2
439224,player,4.69545,8.8678,-9.52315e-07,-0.000114923,1
439224,bullet2,5.09545,8.8678,0.8,0,1
439225,bullet6,9.09547,8.87,0.8,0,1
439226,bullet1,0.29546,8.86874,-0.8,-6.99382e-08,1
439227,flayer7,16.5,6.17895,-0.3,0,2
439228,flyer6,-6.4373e-06,11.869,-0.3,0,2
439228,bullet3,5.58483,8.86771,0.8,0,1
439229,player,5.25317,8.86771,0.0683437,-2.12064e-06,1
439229,bullet2,9.09546,8.8678,0.8,0,1
439230,bullet6,13.0955,8.87,0.8,0,1
439230,bullet4,5.68393,8.86771,0.8,0,1
439232,flayer7,15,6.17895,-0.3,0,2
439233,bullet3,9.58483,8.86771,0.8,0,1
439234,player,5.30806,8.86771,0.00126113,-3.91318e-08,1
439234,bullet2,13.0955,8.8678,0.8,0,1
439235,bullet4,9.68393,8.86771,0.8,0,1
439237,flayer7,13.5,6.17895,-0.3,0,2
439238,bullet3,13.5848,8.86771,0.8,0,1
439238,bullet5,5.21967,8.86771,0.8,0,1
439239,player,4.75135,8.86771,-0.0683205,-7.22093e-10,1
439240,bullet4,13.6839,8.86771,0.8,0,1
439241,bullet1,4.6174,9.35708,0.8,0,1
439242,flayer7,12,6.17895,-0.3,0,2
439243,bullet5,9.21967,8.86771,0.8,0,1
439244,player,4.09417,9.47002,-0.0151003,0.0138396,1
439244,flayer8,16.5,6.17895,-0.3,0,2
439244,bullet6,4.49417,9.47002,0.8,0,1
439246,bullet1,8.6174,9.35708,0.8,0,1
439247,flayer7,10.5,6.17895,-0.3,0,2
439248,bullet5,13.2197,8.86771,0.8,0,1
439249,player,4.0137,10.5282,0.0832526,0.220474,1
439249,flayer8,15,6.17895,-0.3,0,2
439249,bullet6,8.49417,9.47002,0.8,0,1
439250,bullet2,4.45116,10.6274,0.8,0,1
439251,bullet1,12.6174,9.35708,0.8,0,1
439252,flayer7,9,6.17895,-0.3,0,2
439254,player,3.86034,11.0428,0.270692,0.341568,1
439254,flayer8,13.5,6.17895,-0.3,0,2
439254,bullet6,12.4942,9.47002,0.8,0,1
439255,bullet2,8.45117,10.6274,0.8,0,1
439255,bullet3,4.38215,11.1965,0.8,0,1
439257,flayer7,7.5,6.17895,-0.3,0,2
439259,player,3.52001,11.8065,-0.0633487,0.158178,1
439259,flayer8,12,6.17895,-0.3,0,2
439260,bullet2,12.4512,10.6274,0.8,0,1
439260,bullet3,8.38215,11.1965,0.8,0,1
439260,bullet4,3.8915,11.8776,0.8,0,1
439262,flayer7,5.99999,6.17895,-0.3,0,2
439264,player,4.05761,11.345,0.0295857,-0.0278359,1
439264,flayer8,10.5,6.17895,-0.3,0,2
439264,bullet5,4.45761,11.345,0.8,0,1
439265,bullet3,12.3822,11.1965,0.8,0,1
439265,bullet4,7.89151,11.8776,0.8,0,1
439267,flayer7,4.49999,6.17895,-0.3,0,2
439268,bullet1,4.9702,11.4223,0.8,0,1
439269,player,4.63909,11.3673,0.0688897,-0.0550178,1
439269,flayer8,9,6.17895,-0.3,0,2
439269,bullet5,8.45761,11.345,0.8,0,1
439270,bullet3,16.3822,11.1965,0.8,0,1
439270,bullet4,11.8915,11.8776,0.8,0,1
439272,flayer7,2.99999,6.17895,-0.3,0,2
439273,bullet1,8.9702,11.4223,0.8,0,1
439274,player,3.53438,11.2785,-0.0809122,0.0534889,1
439274,flayer8,7.5,6.17895,-0.3,0,2
439274,bullet5,12.4576,11.345,0.8,0,1
439275,bullet4,15.8915,11.8776,0.8,0,1
439277,flayer7,1.49999,6.17895,-0.3,0,2
439278,bullet1,12.9702,11.4223,0.8,0,1
439279,player,3.20459,10.1614,0.322167,-0.0811963,1
439279,flayer8,5.99999,6.17895,-0.3,0,2
439279,flyer1,16.5,6.17895,-0.253351,0.160666,2
439282,flayer7,-6.4373e-06,6.17895,-0.3,0,2
439282,bullet6,3.84416,10.101,0.8,0,1
439284,player,3.46332,10.0962,0.00594489,-0.0014983,1
439284,flayer8,4.49999,6.17895,-0.3,0,2
439284,flyer1,15.2332,6.98228,-0.253351,0.160666,2
439284,flyer3,16.5,6.17895,-0.3,0,2
439284,bullet2,3.86332,10.0962,0.8,0,1
439287,bullet6,7.84416,10.101,0.8,0,1
439289,player,4.29062,9.27246,-0.255207,0.255289,1
439289,flayer8,2.99999,6.17895,-0.3,0,2
439289,flyer1,13.9665,7.78561,-0.253351,0.160666,2
439289,flyer3,15,6.17895,-0.3,0,2
439289,bullet2,7.86332,10.0962,0.8,0,1
439291,bullet3,4.5241,9.43903,0.8,0,1
439292,bullet6,11.8442,10.101,0.8,0,1
439292,bullet4,4.50084,9.4623,0.8,0,1
439294,player,4.08567,9.47748,-0.00470929,0.0047108,1
439294,flayer8,1.49999,6.17895,-0.3,0,2
439294,flyer1,12.6997,8.58894,-0.253351,0.160666,2
439294,flyer3,13.5,6.17895,-0.3,0,2
439294,bullet2,11.8633,10.0962,0.8,0,1
439296,bullet3,8.5241,9.43903,0.8,0,1
439297,bullet6,15.8442,10.101,0.8,0,1
439297,bullet4,8.50084,9.4623,0.8,0,1
439299,player,3.96895,7.8011,0.137948,-0.196382,1
439299,flayer8,-6.4373e-06,6.17895,-0.3,0,2
439299,flyer1,11.433,9.39226,-0.253351,0.160666,1
439299,flyer3,12,6.17895,-0.3,0,2
439299,bullet2,15.8633,10.0962,0.8,0,1
439300,bullet5,4.43102,7.71273,0.8,0,1
439302,bullet1,4.47153,7.65506,0.8,0,1
439303,bullet6,4.47719,7.64701,0.8,0,1
439304,player,4.07973,7.64339,0.00254554,-0.00362381,1
439304,flyer3,10.5,6.17895,-0.3,0,2
439305,bullet5,8.43102,7.71273,0.8,0,1
439305,bullet3,4.48088,7.64176,0.8,0,1
439307,bullet1,8.47153,7.65506,0.8,0,1
439308,bullet6,8.47719,7.64701,0.8,0,1
439309,player,4.08178,7.64048,4.69723e-05,-6.68694e-05,1
439309,flyer3,9,6.17895,-0.3,0,2
439310,bullet5,12.431,7.71273,0.8,0,1
439310,bullet3,8.48088,7.64176,0.8,0,1
439312,bullet1,12.4715,7.65506,0.8,0,1
439313,bullet6,12.4772,7.64701,0.8,0,1
439314,player,4.08182,7.64042,8.66772e-07,-1.23393e-06,1
439314,flyer3,7.5,6.17895,-0.3,0,2
439315,bullet3,12.4809,7.64176,0.8,0,1
439317,flyer4,16.5,12.459,-0.299493,0.017427,2
439317,bullet2,5.03953,7.64042,0.8,0,1
439319,player,4.68413,7.97792,0.0138396,0.3375,1
439319,flyer3,5.99999,6.17895,-0.3,0,2
439320,flyer2,16.5,12.459,-0.3,0,2
439320,bullet4,5.09036,8.1298,0.8,0,1
439322,flyer4,15.0025,12.5461,-0.299493,0.017427,2
439322,bullet2,9.03953,7.64042,0.8,0,1
439322,bullet5,4.29442,8.22889,-0.8,-6.99382e-08,1
439323,bullet1,5.09499,8.24273,0.8,0,1
439324,player,4.69524,8.24896,0.00025538,0.00622782,1
439324,flyer3,4.49999,6.17895,-0.3,0,2
439325,flyer2,15,12.459,-0.3,0,2
439325,bullet4,9.09036,8.1298,0.8,0,1
439327,flyer4,13.5051,12.6332,-0.299493,0.017427,2
439327,bullet2,13.0395,7.64042,0.8,0,1
439327,bullet5,0.294418,8.22889,-0.8,-6.99382e-08,1
439328,bullet1,9.09499,8.24273,0.8,0,1
439329,player,4.91566,8.81168,-0.269152,0.0684587,1
439329,flyer3,2.99999,6.17895,-0.3,0,2
439330,flyer2,13.5,12.459,-0.3,0,2
439330,bullet4,13.0904,8.1298,0.8,0,1
439332,flyer4,12.0076,12.7204,-0.299493,0.017427,2
439333,bullet1,13.095,8.24273,0.8,0,1
439334,player,5.85954,8.93501,0.0772168,-0.082268,1
439334,flyer3,1.49999,6.17895,-0.3,0,2
439335,flyer2,12,12.459,-0.3,0,2
439335,bullet6,6.29429,8.89798,0.8,0,1
439337,flyer4,10.5101,12.8075,-0.299493,0.017427,2
439337,bullet3,6.31697,8.87383,0.8,0,1
439339,player,6.25906,8.53144,0.338925,-0.339018,1
439339,flyer3,-6.4373e-06,6.17895,-0.3,0,2
439340,flyer2,10.5,12.459,-0.3,0,2
439340,bullet6,10.2943,8.89798,0.8,0,1
439340,bullet5,6.81157,8.37888,0.8,0,1
439342,flyer4,9.01266,12.8947,-0.299493,0.017427,2
439342,bullet3,10.317,8.87383,0.8,0,1
439342,bullet2,6.91109,8.27934,0.8,0,1
439344,player,6.53124,8.25918,0.00625412,-0.00625584,1
439345,flyer2,9,12.459,-0.3,0,2
439345,bullet6,14.2943,8.89798,0.8,0,1
439345,bullet5,10.8116,8.37888,0.8,0,1
439347,flyer4,7.51519,12.9818,-0.299493,0.017427,2
439347,bullet3,14.317,8.87383,0.8,0,1
439347,bullet2,10.9111,8.27934,0.8,0,1
439349,player,7.68246,8.81188,0.0992138,0.0682283,1
439349,bullet4,8.08246,8.81188,0.8,0,1
439350,flyer2,7.5,12.459,-0.3,0,2
439350,bullet5,14.8116,8.37888,0.8,0,1
439352,flyer4,6.01772,13.0689,-0.299493,0.017427,2
439352,bullet2,14.9111,8.27934,0.8,0,1
439353,bullet1,8.1603,7.78756,0.8,0,1
439354,player,7.76213,7.70664,0.00183077,-0.0809244,1
439354,bullet4,12.0825,8.81188,0.8,0,1
439355,flyer2,5.99999,12.459,-0.3,0,2
439356,bullet6,8.16333,7.65384,0.8,0,1
439357,flyer4,4.52025,13.1561,-0.299493,0.017427,2
439357,bullet3,7.36349,7.64646,-0.8,-6.99382e-08,1
439358,bullet1,12.1603,7.78756,0.8,0,1
439359,player,7.7636,7.64165,3.37829e-05,-0.00149328,1
439359,bullet4,16.0825,8.81188,0.8,0,1
439360,flyer2,4.49999,12.459,-0.3,0,2
439360,bullet5,8.16362,7.64098,0.8,0,1
439361,bullet6,12.1633,7.65384,0.8,0,1
439362,flyer4,3.02279,13.2432,-0.299493,0.017427,2
439362,bullet3,3.36349,7.64646,-0.8,-6.99382e-08,1
439363,bullet1,16.1603,7.78756,0.8,0,1
439364,player,7.76363,7.64045,6.2339e-07,-2.75553e-05,1
439364,bullet2,8.16363,7.64045,0.8,0,1
439365,flyer2,2.99999,12.459,-0.3,0,2
439365,bullet5,12.1636,7.64098,0.8,0,1
439366,bullet6,16.1633,7.65384,0.8,0,1
439367,flyer4,1.52532,13.3303,-0.299493,0.017427,2
439367,bullet3,-0.636508,7.64646,-0.8,-6.99382e-08,1
439367,bullet4,8.16363,8.1298,0.8,0,1
439369,player,7.76363,7.8914,1.15033e-08,-0.306746,1
439369,bullet2,12.1636,7.64045,0.8,0,1
439370,flyer2,1.49999,12.459,-0.3,0,2
439370,bullet5,16.1636,7.64098,0.8,0,1
439372,flyer4,0.0278537,13.4175,-0.299493,0.017427,2
439372,bullet4,12.1636,8.1298,0.8,0,1
439374,player,7.71904,8.20278,0.0545041,0.0626834,1
439374,flyer5,16.5,10.7379,-0.289292,0.0794363,2
439374,bullet2,16.1636,7.64045,0.8,0,1
439374,bullet1,8.11904,8.20278,0.8,0,1
439375,flyer2,-6.4373e-06,12.459,-0.3,0,2
439376,bullet6,8.1546,8.24368,0.8,0,1
439377,bullet4,16.1636,8.1298,0.8,0,1
439377,bullet3,8.15957,8.24939,0.8,0,1
439379,player,7.76281,7.91562,0.00100575,-0.336343,1
439379,flyer5,15.0535,11.1351,-0.289292,0.0794363,2
439379,bullet1,12.119,8.20278,0.8,0,1
439380,bullet5,8.16326,7.76426,0.8,0,1
439381,bullet6,12.1546,8.24368,0.8,0,1
439382,bullet3,12.1596,8.24939,0.8,0,1
439384,player,8.32134,7.6455,0.0683623,-0.00620648,1
439384,flyer5,13.6071,11.5322,-0.289292,0.0794363,2
439384,bullet1,16.119,8.20278,0.8,0,1
439385,bullet5,12.1633,7.76426,0.8,0,1
439386,bullet6,16.1546,8.24368,0.8,0,1
439387,flyer6,16.5,10.7379,-0.3,0,2
439387,bullet3,16.1596,8.24939,0.8,0,1
439388,flayer7,16.5,10.7379,-0.3,0,2
439389,player,9.18493,8.00878,-0.23714,0.299796,1
439389,flyer5,12.1606,11.9294,-0.289292,0.0794363,2
439390,bullet5,16.1633,7.76426,0.8,0,1
439390,bullet2,9.47822,8.14368,0.8,0,1
439392,flyer6,15,10.7379,-0.3,0,2
439393,flayer7,15,10.7379,-0.3,0,2
439394,player,8.99449,7.76016,-0.0043759,-0.146343,1
439394,flyer5,10.7142,12.3266,-0.289292,0.0794363,2
439395,bullet2,13.4782,8.14368,0.8,0,1
439395,bullet4,9.39252,7.6943,0.8,0,1
439397,flyer6,13.5,10.7379,-0.3,0,2
439397,bullet1,9.39123,7.65133,0.8,0,1
439398,flayer7,13.5,10.7379,-0.3,0,2
439399,player,8.99098,7.98013,-8.07477e-05,0.3348,1
439399,flyer5,9.26769,12.7238,-0.289292,0.0794363,2
439400,bullet4,13.3925,7.6943,0.8,0,1
439400,bullet6,9.39094,8.13079,0.8,0,1
439402,flyer6,12,10.7379,-0.3,0,2
439402,bullet1,13.3912,7.65133,0.8,0,1
439403,flayer7,12,10.7379,-0.3,0,2
439403,bullet3,9.39091,7.75345,0.8,0,1
439404,player,8.99091,7.69129,-1.49002e-06,-0.0621658,1
439404,flyer5,7.82123,13.121,-0.289292,0.0794363,2
439405,bullet6,13.3909,8.13079,0.8,0,1
439407,flyer6,10.5,10.7379,-0.3,0,2
439408,flayer7,10.5,10.7379,-0.3,0,2
439408,bullet3,13.3909,7.75345,0.8,0,1
439409,player,9.57938,7.05289,0.0307547,-0.0319018,1
439409,flyer5,6.37477,13.5182,-0.289292,0.0794363,2
439409,bullet5,9.97938,7.05289,0.8,0,1
439412,flyer6,9,10.7379,-0.3,0,2
439413,flayer7,9,10.7379,-0.3,0,2
439414,player,10.1381,8.11896,0.0979384,0.165126,1
439414,flyer5,4.92831,13.9153,-0.289292,0.0794363,2
439414,bullet5,13.9794,7.05289,0.8,0,1
439417,flyer6,7.5,10.7379,-0.3,0,2
439417,bullet2,10.0532,8.79947,0.8,0,1
439418,flayer7,7.5,10.7379,-0.3,0,2
439419,player,9.6144,8.85388,-0.0120324,0.0168866,1
439419,flyer5,3.48185,14.3125,-0.289292,0.0794363,2
439419,bullet4,10.0144,8.85388,0.8,0,1
439420,bullet1,10.009,8.86148,0.8,0,1
439422,flyer6,5.99999,10.7379,-0.3,0,2
439422,bullet2,14.0532,8.79947,0.8,0,1
439423,flayer7,5.99999,10.7379,-0.3,0,2
439424,player,9.53639,9.42517,0.0833092,0.0686554,1
439424,flyer5,2.03539,14.7097,-0.289292,0.0794363,2
439424,bullet4,14.0144,8.85388,0.8,0,1
439425,bullet1,14.009,8.86148,0.8,0,1
439425,bullet6,9.97388,9.45606,0.8,0,1
439427,flyer6,4.49999,10.7379,-0.3,0,2
439428,flayer7,4.49999,10.7379,-0.3,0,2
439429,player,9.04558,9.54865,-0.0668065,-0.0822644,1
439429,flyer5,0.588932,15.1069,-0.289292,0.0794363,2
439430,bullet6,13.9739,9.45606,0.8,0,1
439432,flyer6,2.99999,10.7379,-0.3,0,2
439432,bullet3,8.5959,9.48748,-0.8,-6.99382e-08,1
439433,flayer7,2.99999,10.7379,-0.3,0,2
439434,player,9.4813,9.48259,0.150642,-0.00151801,1
439434,flayer8,16.5,10.7379,-0.3,0,2
439436,bullet5,9.97959,9.4816,0.8,0,1
439437,flyer6,1.49999,10.7379,-0.3,0,2
439437,bullet3,4.5959,9.48748,-0.8,-6.99382e-08,1
439437,bullet2,9.19332,9.48146,-0.8,-6.99382e-08,1
439438,flayer7,1.49999,10.7379,-0.3,0,2
439439,player,9.60228,9.81887,0.00277977,0.337472,1
439439,flayer8,15,10.7379,-0.3,0,2
439440,bullet4,10.0035,9.97073,0.8,0,1
439441,bullet5,13.9796,9.4816,0.8,0,1
439442,flyer6,-6.4373e-06,10.7379,-0.3,0,2
439442,bullet3,0.595896,9.48748,-0.8,-6.99382e-08,1
439442,bullet2,5.19332,9.48146,-0.8,-6.99382e-08,1
439443,flayer7,-6.4373e-06,10.7379,-0.3,0,2
439444,player,9.60451,10.6476,5.12946e-05,0.0745711,1
439444,flayer8,13.5,10.7379,-0.3,0,1
439444,bullet1,10.0045,10.6476,0.8,0,1
439447,bullet2,1.19332,9.48146,-0.8,-6.99382e-08,1
439449,player,8.12086,10.119,-0.436597,-0.0293786,1
439449,flyer1,16.5,10.7379,-0.298759,-0.02726,2
439450,flyer3,16.5,11.7875,-0.3,0,2
439452,flyer4,16.5,1.83992,-0.3,0,2
439453,flyer2,16.5,1.83992,-0.3,0,2
439453,bullet6,7.58982,10.6844,0.8,0,1
439454,player,6.83042,11.0352,-0.359396,0.350797,1
439454,flyer1,15.0062,10.6016,-0.298759,-0.02726,2
439455,flyer3,15,11.7875,-0.3,0,2
439456,bullet4,6.99592,11.2641,0.8,0,1
439457,flyer4,15,1.83992,-0.3,0,2
439458,flyer2,15,1.83992,-0.3,0,2
439458,bullet6,11.5898,10.6844,0.8,0,1
439459,player,6.5418,11.317,-0.00663187,0.0064732,1
439459,flyer1,13.5124,10.4653,-0.298759,-0.02726,2
439460,flyer3,13.5,11.7875,-0.3,0,2
439461,bullet4,10.9959,11.2641,0.8,0,1
439461,bullet5,6.4481,10.8318,0.8,0,1
439462,flyer4,13.5,1.83992,-0.3,0,2
439463,flyer2,13.5,1.83992,-0.3,0,2
439463,bullet3,6.34812,10.7336,0.8,0,1
439464,player,5.93416,11.0573,-0.013962,0.32378,1
439465,flyer3,12,11.7875,-0.3,0,2
439466,bullet5,10.4481,10.8318,0.8,0,1
439467,flyer4,12,1.83992,-0.3,0,2
439468,flyer2,12,1.83992,-0.3,0,2
439468,bullet3,10.3481,10.7336,0.8,0,1
439469,player,7.06914,11.3174,0.0988408,0.00597465,1
439470,flyer3,10.5,11.7875,-0.3,0,2
439471,bullet5,14.4481,10.8318,0.8,0,1
439472,flyer4,10.5,1.83992,-0.3,0,2
439473,flyer2,10.5,1.83992,-0.3,0,2
439473,bullet3,14.3481,10.7336,0.8,0,1
439474,player,7.75083,10.8466,0.0156635,-0.16868,1
439475,flyer3,9,11.7875,-0.3,0,2
439476,flyer5,16.5,1.83992,-0.262081,-0.145991,2
439476,bullet1,8.16105,10.7366,0.8,0,1
439477,flyer4,9,1.83992,-0.3,0,2
439478,flyer2,9,1.83992,-0.3,0,2
439479,player,8.32113,9.81596,0.0686328,-0.408956,1
439480,flyer3,7.5,11.7875,-0.3,0,2
439481,flyer5,15.1896,1.10997,-0.262081,-0.145991,2
439481,bullet1,12.1611,10.7366,0.8,0,1
439481,bullet2,8.76591,9.54912,0.8,0,1
439482,flyer4,7.5,1.83992,-0.3,0,2
439483,flyer2,7.5,1.83992,-0.3,0,2
439484,player,8.86561,9.48754,0.153141,-0.0075464,1
439485,flyer3,5.99999,11.7875,-0.3,0,2
439486,flyer5,13.8792,0.380008,-0.262081,-0.145991,2
439486,bullet1,16.1611,10.7366,0.8,0,1
439486,bullet2,12.7659,9.54912,0.8,0,1
439487,flyer4,5.99999,1.83992,-0.3,0,2
439488,flyer2,5.99999,1.83992,-0.3,0,2
439489,player,9.10154,8.893,-0.13521,-0.0308939,1
439490,flyer3,4.49999,11.7875,-0.3,0,2
439491,flyer5,12.5688,-0.349949,-0.262081,-0.145991,2
439492,flyer4,4.49999,1.83992,-0.3,0,2
439493,flyer2,4.49999,1.83992,-0.3,0,2
439493,flyer6,16.5,1.83992,-0.290448,0.0751011,2
439494,player,8.94836,8.19754,0.0520092,0.0691216,1
439495,flyer3,2.99999,11.7875,-0.3,0,2
439497,flyer4,2.99999,1.83992,-0.3,0,2
439498,flyer2,2.99999,1.83992,-0.3,0,2
439498,flyer6,15.0478,2.21543,-0.290448,0.0751011,2
439499,player,9.5786,8.14011,0.0317144,0.139311,1
439499,bullet6,9.17861,8.14011,-0.8,-6.99382e-08,1
439500,flyer3,1.49999,11.7875,-0.3,0,2
439502,flyer4,1.49999,1.83992,-0.3,0,2
439503,flyer2,1.49999,1.83992,-0.3,0,2
439503,flyer6,13.5955,2.59093,-0.290448,0.0751011,2
439504,player,8.55698,8.18365,-0.219634,0.0861019,1
439504,bullet6,5.1786,8.14011,-0.8,-6.99382e-08,1
439505,flyer3,-6.4373e-06,11.7875,-0.3,0,2
439505,bullet4,8.05814,8.22239,-0.8,-6.99382e-08,1
439506,bullet5,8.81367,8.23983,0.8,0,1
439507,flyer4,-6.4373e-06,1.83992,-0.3,0,2
439508,flyer2,-6.4373e-06,1.83992,-0.3,0,2
439508,flyer6,12.1433,2.96644,-0.290448,0.0751011,2
439509,player,8.3806,8.2528,-0.00405286,0.00158882,1
439509,bullet6,1.1786,8.14011,-0.8,-6.99382e-08,1
439509,bullet3,8.78059,8.2528,0.8,0,1
439510,bullet4,4.05814,8.22239,-0.8,-6.99382e-08,1
439511,bullet5,12.8137,8.23983,0.8,0,1
439512,bullet1,8.5353,7.69626,-0.8,-6.99382e-08,1
439513,flyer6,10.6911,3.34194,-0.290448,0.0751011,2
439514,player,8.97965,7.65176,0.0137648,-0.0138103,1
439514,bullet3,12.7806,8.2528,0.8,0,1
439515,bullet4,0.0581437,8.22239,-0.8,-6.99382e-08,1
439516,bullet5,16.8137,8.23983,0.8,0,1
439516,bullet2,9.38864,7.64275,0.8,0,1
439517,bullet1,4.5353,7.69626,-0.8,-6.99382e-08,1
439517,bullet6,9.38989,7.64149,0.8,0,1
439518,flyer6,9.23882,3.71745,-0.290448,0.0751011,2
439519,player,8.65321,7.30317,-0.337246,-0.337755,1
439521,bullet2,13.3886,7.64275,0.8,0,1
439522,bullet1,0.5353,7.69626,-0.8,-6.99382e-08,1
439522,bullet6,13.3899,7.64149,0.8,0,1
439523,flyer6,7.78658,4.09296,-0.290448,0.0751011,2
439523,bullet4,9.37707,6.54878,0.8,0,1
439524,player,8.98469,6.47421,0.00761647,-0.0745763,1
439525,flayer7,16.5,14.8115,-0.217768,0.206342,2
439525,bullet5,9.38811,6.44065,0.8,0,1
439528,flyer6,6.33434,4.46846,-0.290448,0.0751011,2
439528,bullet4,13.3771,6.54878,0.8,0,1
439529,player,8.43308,6.97203,-0.0682032,0.0669676,1
439529,bullet3,8.83308,6.97203,0.8,0,1
439530,flayer7,15.4112,15.8432,-0.217768,0.206342,2
439530,bullet5,13.3881,6.44065,0.8,0,1
439530,bullet1,8.80239,7.00217,0.8,0,1
439533,flyer6,4.88211,4.84397,-0.290448,0.0751011,2
439533,bullet2,8.77957,6.5352,0.8,0,1
439534,player,8.37831,6.46809,-0.00125854,-0.067108,1
439534,bullet3,12.8331,6.97203,0.8,0,1
439535,bullet1,12.8024,7.00217,0.8,0,1
439538,flyer6,3.42987,5.21947,-0.290448,0.0751011,2
439538,bullet2,12.7796,6.5352,0.8,0,1
439539,player,9.53733,5.47439,0.0821601,-0.352578,1
439539,flayer8,16.5,14.8115,-0.3,0,2
439540,flyer1,16.5,14.8115,-0.229674,-0.193002,2
439540,bullet6,9.9743,5.31573,0.8,0,1
439542,bullet4,9.99842,5.2122,0.8,0,1
439543,flyer6,1.97763,5.59497,-0.290448,0.0751011,2
439544,player,10.0927,4.70186,0.153391,-0.158381,1
439544,flayer8,15,14.8115,-0.3,0,2
439545,flyer1,15.3516,13.8465,-0.229674,-0.193002,2
439545,bullet6,13.9743,5.31573,0.8,0,1
439547,bullet4,13.9984,5.2122,0.8,0,1
439547,bullet5,10.1174,5.07346,0.8,0,1
439548,flyer6,0.52539,5.97048,-0.290448,0.0751011,2
439549,player,9.6274,5.16314,-0.0279242,0.0278321,1
439549,flayer8,13.5,14.8115,-0.3,0,2
439549,bullet3,10.0274,5.16314,0.8,0,1
439550,flyer1,14.2033,12.8815,-0.229674,-0.193002,2
439552,bullet5,14.1174,5.07346,0.8,0,1
439554,player,8.45878,5.21625,-0.0996137,-0.0370755,1
439554,flayer8,12,14.8115,-0.3,0,2
439554,bullet3,14.0274,5.16314,0.8,0,1
439554,bullet1,8.85878,5.21625,0.8,0,1
439555,flyer1,13.0549,11.9165,-0.229674,-0.193002,2
439556,bullet2,8.79379,5.19206,0.8,0,1
439559,player,8.37878,4.62876,-0.00183815,-0.0690279,1
439559,flayer8,10.5,14.8115,-0.3,0,2
439559,bullet1,12.8588,5.21625,0.8,0,1
439559,bullet6,8.77878,4.62876,0.8,0,1
439560,flyer1,11.9065,10.9515,-0.229674,-0.193002,2
439561,bullet2,12.7938,5.19206,0.8,0,1
439562,bullet4,8.28804,5.0668,0.8,0,1
439564,player,7.78883,5.16179,-0.0307886,0.0294809,1
439564,flayer8,9,14.8115,-0.3,0,2
439564,bullet6,12.7788,4.62876,0.8,0,1
439564,bullet5,8.18883,5.16179,0.8,0,1
439565,flyer1,10.7581,9.98648,-0.229674,-0.193002,2
439566,bullet3,8.16874,5.18103,0.8,0,1
439567,bullet4,12.288,5.0668,0.8,0,1
439569,player,8.32183,5.18547,0.0677756,0.000544006,1
439569,flayer8,7.5,14.8115,-0.3,0,2
439569,bullet5,12.1888,5.16179,0.8,0,1
439569,bullet1,8.72182,5.18547,0.8,0,1
439570,flyer1,9.60977,9.02147,-0.229674,-0.193002,2
439571,bullet3,12.1687,5.18103,0.8,0,1
439572,bullet4,16.288,5.0668,0.8,0,1
439573,bullet2,9.33272,5.74361,0.8,0,1
439574,player,9.30223,6.11188,0.369505,0.368265,1
439574,flayer8,5.99999,14.8115,-0.3,0,2
439574,bullet5,16.1888,5.16179,0.8,0,1
439574,bullet1,12.7218,5.18547,0.8,0,1
439575,flyer1,8.4614,8.05647,-0.229674,-0.193002,2
439576,bullet3,16.1687,5.18103,0.8,0,1
439578,bullet2,13.3327,5.74361,0.8,0,1
439579,player,8.52112,6.30853,-0.175811,0.127916,1
439579,flayer8,4.49999,14.8115,-0.3,0,2
439579,flyer5,16.5,14.8115,-0.267276,-0.136248,2
439580,flyer1,7.31303,7.09146,-0.229674,-0.193002,2
439580,bullet6,8.84201,6.36609,0.8,0,1
439584,player,7.30208,5.33341,-0.185874,-0.180269,1
439584,flayer8,2.99999,14.8115,-0.3,0,2
439584,flyer5,15.1636,14.1303,-0.267276,-0.136248,2
439584,bullet4,7.70208,5.33341,0.8,0,1
439585,flyer1,6.16466,6.12645,-0.229674,-0.193002,2
439585,bullet6,12.842,6.36609,0.8,0,1
439586,bullet5,7.5808,5.21578,0.8,0,1
439589,player,7.15281,5.74636,-0.0034299,0.0650173,1
439589,flayer8,1.49999,14.8115,-0.3,0,2
439589,flyer5,13.8272,13.4491,-0.267276,-0.136248,2
439589,bullet4,11.7021,5.33341,0.8,0,1
439590,flyer1,5.01628,5.16144,-0.229674,-0.193002,2
439591,bullet5,11.5808,5.21578,0.8,0,1
439593,bullet3,7.55012,5.23965,0.8,0,1
439594,player,7.15006,5.2101,-6.32912e-05,-0.0295549,1
439594,flayer8,-6.4373e-06,14.8115,-0.3,0,2
439594,flyer5,12.4909,12.7678,-0.267276,-0.136248,2
439594,bullet4,15.7021,5.33341,0.8,0,1
439594,bullet1,7.55006,5.2101,0.8,0,1
439595,flyer1,3.86791,4.19643,-0.229674,-0.193002,2
439596,bullet5,15.5808,5.21578,0.8,0,1
439596,bullet2,7.55002,5.19081,0.8,0,1
439598,bullet3,11.5501,5.23965,0.8,0,1
439599,player,7.70773,4.62864,0.0683426,-0.0688891,1
439599,flyer5,11.1545,12.0866,-0.267276,-0.136248,2
439599,bullet1,11.5501,5.2101,0.8,0,1
439600,flyer1,2.71954,3.23142,-0.229674,-0.193002,2
439601,bullet2,11.55,5.19081,0.8,0,1
439601,bullet6,8.15232,4.09432,0.8,0,1
439603,bullet3,15.5501,5.23965,0.8,0,1
439604,player,7.76261,4.46038,0.00126111,0.136764,1
439604,flyer5,9.8181,11.4053,-0.267276,-0.136248,2
439604,bullet1,15.5501,5.2101,0.8,0,1
439605,flyer1,1.57117,2.26641,-0.229674,-0.193002,2
439606,bullet2,15.55,5.19081,0.8,0,1
439606,bullet6,12.1523,4.09432,0.8,0,1
439606,bullet4,8.16343,4.54962,0.8,0,1
439608,bullet5,8.1636,4.56769,0.8,0,1
439609,player,7.76362,4.57022,2.32711e-05,0.00252368,1
439609,flyer5,8.48172,10.7241,-0.267276,-0.136248,2
439610,flyer1,0.422798,1.3014,-0.229674,-0.193002,2
439610,bullet3,8.16363,4.57135,0.8,0,1
439611,bullet6,16.1523,4.09432,0.8,0,1
439611,bullet4,12.1634,4.54962,0.8,0,1
439613,bullet5,12.1636,4.56769,0.8,0,1
439613,bullet1,8.16364,4.5722,0.8,0,1
439614,player,7.76364,4.57224,4.29417e-07,4.65691e-05,1
439614,flyer5,7.14534,10.0429,-0.267276,-0.136248,2
439615,bullet3,12.1636,4.57135,0.8,0,1
439616,bullet4,16.1634,4.54962,0.8,0,1
439618,bullet5,16.1636,4.56769,0.8,0,1
439618,bullet1,12.1636,4.5722,0.8,0,1
439619,player,8.90983,4.54152,0.0990985,0.0375899,1
439619,flyer5,5.80896,9.36162,-0.267276,-0.136248,2
439619,flyer3,16.5,14.8115,-0.3,0,2
439620,bullet3,16.1636,4.57135,0.8,0,1
439621,flyer4,16.5,13.7004,-0.3,0,2
439621,bullet2,9.86387,4.07668,0.8,0,1
439623,bullet1,16.1636,4.5722,0.8,0,1
439624,player,9.43986,4.12127,0.201293,-0.198771,1
439624,flyer5,4.47258,8.68038,-0.267276,-0.136248,2
439624,flyer3,15,14.8115,-0.3,0,2
439626,flyer4,15,13.7004,-0.3,0,2
439626,bullet2,13.8639,4.07668,0.8,0,1
439629,player,9.11214,4.45102,-0.148161,0.148207,1
439629,flyer5,3.1362,7.99915,-0.267276,-0.136248,2
439629,flyer3,13.5,14.8115,-0.3,0,2
439630,flyer2,16.5,13.7004,-0.279319,0.109456,2
439631,flyer4,13.5,13.7004,-0.3,0,2
439634,player,8.39084,4.30523,-0.0165736,0.326395,1
439634,flyer5,1.79982,7.3179,-0.267276,-0.136248,2
439634,flyer3,12,14.8115,-0.3,0,2
439635,flyer2,15.1034,14.2477,-0.279319,0.109456,2
439636,flyer4,12,13.7004,-0.3,0,2
439637,bullet6,8.77851,4.54795,0.8,0,1
439639,player,8.8669,4.07798,0.151569,-0.145852,1
439639,flyer5,0.46344,6.63666,-0.267276,-0.136248,2
439639,flyer3,10.5,14.8115,-0.3,0,2
439640,flyer2,13.7068,14.795,-0.279319,0.109456,2
439641,flyer4,10.5,13.7004,-0.3,0,2
439642,bullet6,12.7785,4.54795,0.8,0,1
439644,player,8.40015,4.54932,-0.0279578,0.0280633,1
439644,flyer3,9,14.8115,-0.3,0,2
439645,flyer2,12.3102,15.3423,-0.279319,0.109456,2
439645,bullet4,8.78757,4.56195,0.8,0,1
439646,flyer4,9,13.7004,-0.3,0,2
439648,bullet5,9.26759,4.57134,0.8,0,1
439649,player,8.93542,4.57186,0.0678279,0.000517847,1
439649,flyer3,7.5,14.8115,-0.3,0,2
439650,flyer2,10.9136,15.8895,-0.279319,0.109456,2
439650,bullet4,12.7876,4.56195,0.8,0,1
439650,finish,18.9485,8,-0.2,0,1
439651,flyer4,7.5,13.7004,-0.3,0,2
439653,bullet5,13.2676,4.57134,0.8,0,1
439654,player,9.59221,5.76306,0.0150912,0.0446039,1
439654,flyer3,5.99999,14.8115,-0.3,0,2
439654,bullet3,9.99221,5.76306,0.8,0,1
439655,flyer2,9.51701,16.4368,-0.279319,0.109456,2
439655,finish,17.9485,8,-0.2,0,1
439656,flyer4,5.99999,13.7004,-0.3,0,2
439657,bullet1,9.44571,5.79622,0.8,0,1
439658,bullet2,8.61558,5.79805,-0.8,-6.99382e-08,1
439659,player,9.00202,5.79888,-0.0135611,0.000823066,1
439659,flyer3,4.49999,14.8115,-0.3,0,2
439659,bullet3,13.9922,5.76306,0.8,0,1
439660,finish,16.9485,8,-0.2,0,1
439661,flyer4,4.49999,13.7004,-0.3,0,2
439662,bullet1,13.4457,5.79622,0.8,0,1
439663,bullet2,4.61558,5.79805,-0.8,-6.99382e-08,1
439664,player,8.87819,4.60875,0.137785,-0.0445791,1
439664,flyer3,2.99999,14.8115,-0.3,0,2
439665,finish,15.9485,8,-0.2,0,1
439665,bullet6,9.34019,4.58869,0.8,0,1
439666,flyer4,2.99999,13.7004,-0.3,0,2
439667,bullet4,9.38065,4.5756,0.8,0,1
439668,bullet2,0.615576,5.79805,-0.8,-6.99382e-08,1
439669,player,8.98884,4.08357,0.00254252,-0.152698,1
439669,flyer3,1.49999,14.8115,-0.3,0,2
439670,finish,14.9485,8,-0.2,0,1
439670,bullet6,13.3402,4.58869,0.8,0,1
439671,flyer4,1.49999,13.7004,-0.3,0,2
439671,bullet5,9.3905,3.49456,0.8,0,1
439672,bullet4,13.3806,4.5756,0.8,0,1
439673,bullet3,9.39084,3.37529,0.8,0,1
439674,player,8.99088,3.35863,4.69167e-05,-0.0166573,1
439674,flyer3,-6.4373e-06,14.8115,-0.3,0,2
439675,finish,13.9485,8,-0.2,0,1
439676,flyer4,-6.4373e-06,13.7004,-0.3,0,2
439676,bullet5,13.3905,3.49456,0.8,0,1
439677,bullet1,8.8332,3.34625,0.8,0,1
439678,bullet3,13.3908,3.37529,0.8,0,1
439679,player,7.89923,3.34526,-0.165714,-0.000307374,1
439680,flayer7,16.5,13.7004,-0.290919,-0.0732537,2
439680,finish,12.9485,8,-0.2,0,1
439680,bullet2,8.22466,3.34512,0.8,0,1
439681,bullet6,8.1911,3.34506,0.8,0,1
439682,bullet1,12.8332,3.34625,0.8,0,1
439684,player,7.27677,3.83438,-0.154933,0.151869,1
439685,flayer7,15.0454,13.3342,-0.290919,-0.0732537,2
439685,finish,11.9485,8,-0.2,0,1
439685,bullet2,12.2247,3.34512,0.8,0,1
439685,bullet4,7.60706,3.90273,0.8,0,1
439686,bullet6,12.1911,3.34506,0.8,0,1
439689,player,7.22069,4.44572,-0.0863902,0.154677,1
439690,flayer7,13.5908,12.9679,-0.290919,-0.0732537,2
439690,finish,10.9485,8,-0.2,0,1
439690,bullet2,16.2247,3.34512,0.8,0,1
439690,bullet4,11.6071,3.90273,0.8,0,1
439691,bullet6,16.1911,3.34506,0.8,0,1
439691,bullet5,8.0537,4.05728,0.8,0,1
