116074,player,8.8777,13.8454,0,0,1
116074,bullet1,9.2777,13.8454,0.8,0,1
116075,bullet2,8.4777,13.8454,-0.8,-6.99382e-08,1
116076,bullet3,9.2777,13.8454,0.8,0,1
116079,player,8.94605,13.7771,-0.0835313,0.0835313,1
116079,bullet1,13.2777,13.8454,0.8,0,1
116079,bullet4,9.34605,13.7771,0.8,0,1
116080,bullet2,4.4777,13.8454,-0.8,-6.99382e-08,1
116081,bullet3,13.2777,13.8454,0.8,0,1
116083,bullet5,9.83823,14.4003,0.8,0,1
116084,player,9.46744,14.4326,0.0292133,0.0322961,1
116084,bullet4,13.3461,13.7771,0.8,0,1
116085,bullet2,0.477701,13.8454,-0.8,-6.99382e-08,1
116086,bullet6,9.57588,14.4537,-0.8,-6.99382e-08,1
116088,flyer1,16.5,1.3705,-0.3,0,2
116088,bullet5,13.8382,14.4003,0.8,0,1
116088,bullet1,10.4788,13.9686,0.8,0,1
116089,player,10.0932,13.9008,0.0143787,-0.0677478,1
116091,bullet6,5.57588,14.4537,-0.8,-6.99382e-08,1
116091,bullet3,10.5026,13.8566,0.8,0,1
116092,bullet2,10.5039,13.8505,0.8,0,1
116093,flyer1,15,1.3705,-0.3,0,2
116093,bullet1,14.4788,13.9686,0.8,0,1
116094,player,10.5941,13.357,0.15214,-0.153125,1
116096,bullet6,1.57588,14.4537,-0.8,-6.99382e-08,1
116096,bullet3,14.5026,13.8566,0.8,0,1
116096,bullet4,10.604,13.7465,0.8,0,1
116097,bullet2,14.5039,13.8505,0.8,0,1
116098,flyer1,13.5,1.3705,-0.3,0,2
116099,player,9.28713,13.6845,-0.500407,0.196639,1
116100,flyer2,16.5,1.3705,-0.3,0,2
116100,bullet5,8.66194,13.773,-0.8,-6.99382e-08,1
116101,bullet4,14.604,13.7465,0.8,0,1
116102,bullet1,9.80439,13.3414,0.8,0,1
116103,flyer1,12,1.3705,-0.3,0,2
116103,bullet6,9.85221,13.2811,0.8,0,1
116104,player,9.81123,12.9165,0.359021,-0.364626,1
116105,flyer2,15,1.3705,-0.3,0,2
116105,bullet5,4.66194,13.773,-0.8,-6.99382e-08,1
116105,bullet3,10.3728,12.7524,0.8,0,1
116107,bullet1,13.8044,13.3414,0.8,0,1
116108,flyer1,10.5,1.3705,-0.3,0,2
116108,bullet6,13.8522,13.2811,0.8,0,1
116109,player,9.54184,12.6236,-0.0617188,-0.00672838,1
116110,flyer2,13.5,1.3705,-0.3,0,2
116110,bullet5,0.661944,13.773,-0.8,-6.99382e-08,1
116110,bullet3,14.3728,12.7524,0.8,0,1
116112,bullet2,9.89594,12.6186,0.8,0,1
116113,flyer1,9,1.3705,-0.3,0,2
116114,player,10.3191,12.4664,0.488236,0.185501,1
116114,flyer3,16.5,1.3705,-0.243192,-0.175663,2
116115,flyer2,12,1.3705,-0.3,0,2
116116,bullet4,11.0377,13.0768,0.8,0,1
116117,bullet2,13.8959,12.6186,0.8,0,1
116117,bullet1,11.0822,13.162,0.8,0,1
116118,flyer1,7.5,1.3705,-0.3,0,2
116119,player,10.7112,13.0658,0.00900933,0.202888,1
116119,flyer3,15.284,0.492184,-0.243192,-0.175663,2
116120,flyer2,10.5,1.3705,-0.3,0,2
116121,bullet4,15.0377,13.0768,0.8,0,1
116122,bullet1,15.0822,13.162,0.8,0,1
116123,flyer1,5.99999,1.3705,-0.3,0,2
116123,bullet5,9.27122,13.1259,-0.8,-6.99382e-08,1
116124,player,9.57229,13.1841,-0.0989322,0.058248,1
116124,flyer3,14.0681,-0.386131,-0.243192,-0.175663,2
116124,bullet6,9.97229,13.1841,0.8,0,1
116125,flyer2,9,1.3705,-0.3,0,2
116128,flyer1,4.49999,1.3705,-0.3,0,2
116128,bullet5,5.27122,13.1259,-0.8,-6.99382e-08,1
116128,bullet3,9.89466,13.2298,0.8,0,1
116129,player,9.49284,13.2309,-0.00182558,0.00107484,1
116129,bullet6,13.9723,13.1841,0.8,0,1
116129,bullet2,9.89284,13.2309,0.8,0,1
116130,flyer2,7.5,1.3705,-0.3,0,2
116133,flyer1,2.99999,1.3705,-0.3,0,2
116133,bullet5,1.27122,13.1259,-0.8,-6.99382e-08,1
116133,bullet3,13.8947,13.2298,0.8,0,1
116133,bullet4,9.82306,13.3001,0.8,0,1
116134,player,9.46062,13.2625,0.0375554,-0.0375692,1
116134,bullet2,13.8928,13.2309,0.8,0,1
116135,flyer2,5.99999,1.3705,-0.3,0,2
116137,bullet1,9.88855,13.3029,0.8,0,1
116138,flyer1,1.49999,1.3705,-0.3,0,2
116138,bullet4,13.8231,13.3001,0.8,0,1
116139,player,8.6639,13.7355,-0.488682,0.134267,1
116140,flyer2,4.49999,1.3705,-0.3,0,2
116142,flyer4,16.5,1.3705,-0.298147,-0.0332904,2
116142,bullet1,13.8885,13.3029,0.8,0,1
116142,bullet6,8.21113,14.8825,0.8,0,1
116143,flyer1,-6.4373e-06,1.3705,-0.3,0,2
116144,player,8.17235,15.0341,0.112103,0.0470719,1
116144,bullet5,8.57235,15.0341,0.8,0,1
116145,flyer2,2.99999,1.3705,-0.3,0,2
116145,bullet3,8.6228,15.0553,0.8,0,1
116147,flyer4,15.0093,1.20405,-0.298147,-0.0332904,2
116147,bullet6,12.2111,14.8825,0.8,0,1
116147,bullet2,9.14509,14.5798,0.8,0,1
116149,player,8.85085,14.9729,0.0328233,0.121989,1
116149,bullet5,12.5724,15.0341,0.8,0,1
116150,flyer2,1.49999,1.3705,-0.3,0,2
116150,bullet3,12.6228,15.0553,0.8,0,1
116152,flyer4,13.5185,1.03759,-0.298147,-0.0332904,2
116152,bullet6,16.2111,14.8825,0.8,0,1
116152,bullet2,13.1451,14.5798,0.8,0,1
116154,player,8.87721,15.0708,0.000605682,0.00225104,1
116154,bullet4,9.27721,15.0708,0.8,0,1
116155,flyer2,-6.4373e-06,1.3705,-0.3,0,2
116157,flyer4,12.0278,0.871143,-0.298147,-0.0332904,2
116157,flyer5,16.5,1.3705,-0.3,0,2
116157,bullet2,17.1451,14.5798,0.8,0,1
116158,flyer6,16.5,6.89748,-0.244519,-0.173811,2
116159,player,9.46617,15.6,0.0307659,0.0341926,1
116159,bullet4,13.2772,15.0708,0.8,0,1
116159,bullet1,9.86617,15.6,0.8,0,1
116160,bullet6,9.88001,15.6038,0.8,0,1
116162,flyer4,10.5371,0.704691,-0.298147,-0.0332904,2
116162,flyer5,15,1.3705,-0.3,0,2
116162,bullet5,9.88904,15.6018,0.8,0,1
116163,flyer6,15.2774,6.02842,-0.244519,-0.173811,2
116164,player,9.15337,15.6,-0.336932,0,1
116164,bullet1,13.8662,15.6,0.8,0,1
116165,bullet6,13.88,15.6038,0.8,0,1
116167,flyer4,9.04632,0.538239,-0.298147,-0.0332904,2
116167,flyer5,13.5,1.3705,-0.3,0,2
116167,bullet5,13.889,15.6018,0.8,0,1
116167,bullet3,8.7451,15.6,0.8,0,1
116168,flyer6,14.0548,5.15937,-0.244519,-0.173811,2
116168,bullet2,8.70053,15.6,0.8,0,1
116169,player,8.28048,15.6,-0.020057,0,1
116170,bullet4,8.67145,15.6,0.8,0,1
116172,flyer4,7.55558,0.371787,-0.298147,-0.0332904,2
116172,flyer5,12,1.3705,-0.3,0,2
116172,bullet3,12.7451,15.6,0.8,0,1
116172,bullet1,8.66556,15.6,0.8,0,1
116173,flyer6,12.8322,4.29031,-0.244519,-0.173811,2
116173,bullet2,12.7005,15.6,0.8,0,1
116174,player,8.26437,15.6,-0.000370107,0,1
116175,bullet4,12.6715,15.6,0.8,0,1
116177,flyer4,6.06485,0.205335,-0.298147,-0.0332904,2
116177,flyer5,10.5,1.3705,-0.3,0,2
116177,bullet1,12.6656,15.6,0.8,0,1
116178,flyer6,11.6096,3.42126,-0.244519,-0.173811,2
116179,player,8.26406,15.6,-6.82952e-06,0,1
116181,bullet6,8.66406,15.6,0.8,0,1
116182,flyer4,4.57411,0.0388826,-0.298147,-0.0332904,2
116182,flyer5,9,1.3705,-0.3,0,2
116183,flyer6,10.387,2.5522,-0.244519,-0.173811,2
116184,player,7.70634,15.6,-0.0683439,0,1
116186,bullet6,12.6641,15.6,0.8,0,1
116187,flyer4,3.08338,-0.127569,-0.298147,-0.0332904,2
116187,flyer5,7.5,1.3705,-0.3,0,2
116188,flyer6,9.16442,1.68314,-0.244519,-0.173811,2
116189,player,7.16208,14.9293,-0.153136,0.0696916,1
116191,flayer7,16.5,6.89748,-0.297491,-0.038721,2
116192,flyer4,1.59264,-0.294022,-0.298147,-0.0332904,2
116192,flyer5,5.99999,1.3705,-0.3,0,2
116193,flyer6,7.94182,0.814088,-0.244519,-0.173811,2
116194,player,7.36276,15.2501,0.351589,-0.322374,1
116195,bullet5,7.92097,15.1051,0.8,0,1
116196,flayer7,15.0125,6.70387,-0.297491,-0.038721,2
116197,flyer4,0.101904,-0.460474,-0.298147,-0.0332904,2
116197,flyer5,4.49999,1.3705,-0.3,0,2
116197,bullet3,8.02421,15.0104,0.8,0,1
116198,flyer6,6.71923,-0.0549682,-0.244519,-0.173811,2
116198,bullet2,8.03863,14.9972,0.8,0,1
116199,player,7.64511,14.9912,0.00648781,-0.00594871,1
116200,bullet5,11.921,15.1051,0.8,0,1
116201,flayer7,13.5251,6.51026,-0.297491,-0.038721,2
116202,flyer5,2.99999,1.3705,-0.3,0,2
116202,bullet3,12.0242,15.0104,0.8,0,1
116203,bullet2,12.0386,14.9972,0.8,0,1
116203,bullet4,8.0502,14.4288,0.8,0,1
116204,player,7.65032,14.398,0.000119718,-0.0308645,1
116205,bullet5,15.921,15.1051,0.8,0,1
116206,flayer7,12.0376,6.31666,-0.297491,-0.038721,2
116207,flyer5,1.49999,1.3705,-0.3,0,2
116207,bullet3,16.0242,15.0104,0.8,0,1
116208,bullet2,16.0386,14.9972,0.8,0,1
116208,bullet4,12.0502,14.4288,0.8,0,1
116209,player,8.72827,13.7847,0.182632,-0.0313242,1
116209,flayer8,16.5,6.89748,-0.3,0,2
116210,bullet1,9.21045,13.7706,0.8,0,1
116211,flayer7,10.5502,6.12305,-0.297491,-0.038721,2
116212,flyer5,-6.4373e-06,1.3705,-0.3,0,2
116213,bullet4,16.0502,14.4288,0.8,0,1
116213,bullet6,9.82928,13.7601,0.8,0,1
116214,player,9.46341,13.7596,0.0341248,-0.00057802,1
116214,flayer8,15,6.89748,-0.3,0,2
116214,bullet5,9.86341,13.7596,0.8,0,1
116215,bullet1,13.2105,13.7706,0.8,0,1
116216,flayer7,9.06272,5.92945,-0.297491,-0.038721,2
116216,bullet3,9.88568,13.7592,0.8,0,1
116218,bullet6,13.8293,13.7601,0.8,0,1
116219,player,10.0485,13.7591,0.0689734,-1.06661e-05,1
116219,flayer8,13.5,6.89748,-0.3,0,2
116219,bullet5,13.8634,13.7596,0.8,0,1
116219,bullet2,10.4485,13.7591,0.8,0,1
116221,flayer7,7.57527,5.73584,-0.297491,-0.038721,2
116221,bullet3,13.8857,13.7592,0.8,0,1
116222,bullet4,10.4998,13.7591,0.8,0,1
116224,player,10.1039,13.7591,0.00127275,-1.96819e-07,1
116224,flayer8,12,6.89748,-0.3,0,2
116224,bullet2,14.4485,13.7591,0.8,0,1
116224,bullet1,10.5039,13.7591,0.8,0,1
116226,flayer7,6.08782,5.54224,-0.297491,-0.038721,2
116227,bullet4,14.4998,13.7591,0.8,0,1
116229,player,10.6627,13.2014,0.0683672,-0.0683438,1
116229,flayer8,10.5,6.89748,-0.3,0,2
116229,bullet1,14.5039,13.7591,0.8,0,1
116230,flyer3,16.5,6.89748,-0.3,0,2
116231,flayer7,4.60036,5.34863,-0.297491,-0.038721,2
116232,flyer1,16.5,6.55184,-0.266014,0.138696,2
116232,bullet6,10.5558,13.1505,0.8,0,1
116233,bullet5,10.5278,13.1477,0.8,0,1
116234,player,10.1153,13.1465,-0.012578,-0.00126113,1
116234,flayer8,9,6.89748,-0.3,0,2
116235,flyer3,15,6.89748,-0.3,0,2
116236,flayer7,3.11291,5.15503,-0.297491,-0.038721,2
116237,flyer1,15.1699,7.24532,-0.266014,0.138696,2
116237,bullet6,14.5558,13.1505,0.8,0,1
116237,bullet3,11.0636,13.1455,0.8,0,1
116238,bullet5,14.5278,13.1477,0.8,0,1
116239,player,10.7075,13.1455,0.0136075,-2.32715e-05,1
116239,flayer8,7.5,6.89748,-0.3,0,2
116239,bullet2,11.1075,13.1455,0.8,0,1
116240,flyer3,13.5,6.89748,-0.3,0,2
116241,flayer7,1.62546,4.96142,-0.297491,-0.038721,2
116242,flyer1,13.8399,7.9388,-0.266014,0.138696,2
116242,bullet3,15.0636,13.1455,0.8,0,1
116242,bullet4,11.6753,13.7032,0.8,0,1
116243,bullet1,11.7066,13.7339,0.8,0,1
116244,player,11.3207,13.7478,0.0140907,0.0138392,1
116244,flayer8,5.99999,6.89748,-0.3,0,2
116244,bullet2,15.1075,13.1455,0.8,0,1
116245,flyer3,12,6.89748,-0.3,0,2
116246,flayer7,0.138004,4.76782,-0.297491,-0.038721,2
116247,flyer1,12.5098,8.63228,-0.266014,0.138696,2
116247,bullet4,15.6753,13.7032,0.8,0,1
116248,bullet1,15.7066,13.7339,0.8,0,1
116249,player,11.8214,14.2483,0.152135,0.15213,1
116249,flayer8,4.49999,6.89748,-0.3,0,2
116249,flyer2,16.5,6.55184,-0.3,0,2
116250,flyer3,10.5,6.89748,-0.3,0,2
116252,flyer1,11.1797,9.32577,-0.266014,0.138696,2
116252,bullet6,12.3345,13.8037,0.8,0,1
116254,player,11.9436,13.7681,0.00280732,-0.0110324,1
116254,flayer8,2.99999,6.89748,-0.3,0,2
116254,flyer2,15,6.55184,-0.3,0,2
116255,flyer3,9,6.89748,-0.3,0,2
116255,bullet5,12.3448,13.7631,0.8,0,1
116257,flyer1,9.84965,10.0192,-0.266014,0.138696,2
116257,bullet6,16.3345,13.8037,0.8,0,1
116258,bullet3,12.9035,13.2017,0.8,0,1
116259,player,12.5343,13.1708,0.0308065,-0.0309583,1
116259,flayer8,1.49999,6.89748,-0.3,0,2
116259,flyer2,13.5,6.55184,-0.3,0,2
116259,bullet2,12.9343,13.1708,0.8,0,1
116260,flyer3,7.5,6.89748,-0.3,0,2
116260,bullet5,16.3448,13.7631,0.8,0,1
116262,flyer1,8.51958,10.7127,-0.266014,0.138696,2
116262,bullet4,12.9572,13.1478,0.8,0,1
116264,player,12.559,13.1459,0.000568466,-0.000571267,1
116264,flayer8,-6.4373e-06,6.89748,-0.3,0,2
116264,flyer2,12,6.55184,-0.3,0,2
116265,flyer3,5.99999,6.89748,-0.3,0,2
116265,bullet1,12.9593,13.1457,0.8,0,1
116267,flyer1,7.18951,11.4062,-0.266014,0.138696,2
116268,bullet6,12.9595,13.7032,0.8,0,1
116269,player,12.897,14.0714,0.33751,0.368244,1
116269,flyer2,10.5,6.55184,-0.3,0,2
116270,flyer3,4.49999,6.89748,-0.3,0,2
116271,bullet5,12.7172,14.3117,-0.8,-6.99382e-08,1
116272,flyer1,5.85944,12.0997,-0.266014,0.138696,2
116274,player,12.8305,14.5874,-0.331272,-0.262361,1
116274,flyer2,9,6.55184,-0.3,0,2
116275,flyer3,2.99999,6.89748,-0.3,0,2
116276,bullet5,8.71722,14.3117,-0.8,-6.99382e-08,1
116277,flyer1,4.52937,12.7932,-0.266014,0.138696,2
116278,bullet3,12.9706,14.3815,0.8,0,1
116279,player,12.5645,14.3767,-0.0061129,-0.0048413,1
116279,flyer2,7.5,6.55184,-0.3,0,2
116279,bullet2,12.9645,14.3767,0.8,0,1
116280,flyer3,1.49999,6.89748,-0.3,0,2
116281,bullet5,4.71722,14.3117,-0.8,-6.99382e-08,1
116282,flyer1,3.1993,13.4867,-0.266014,0.138696,1
116282,bullet4,13.4493,14.3731,0.8,0,1
116284,player,12.8106,14.0353,-0.306858,-0.337589,1
116284,flyer2,5.99999,6.55184,-0.3,0,2
116285,flyer3,-6.4373e-06,6.89748,-0.3,0,2
116287,flyer1,1.86923,14.1802,-0.266014,0.138696,1
116287,flyer4,16.5,6.55184,-0.294775,0.0557472,2
116287,flyer6,16.5,9.7823,-0.3,0,2
116289,player,12.0064,13.2065,-0.0740061,-0.0745732,1
116289,flyer2,4.49999,6.55184,-0.3,0,2
116289,bullet1,11.6064,13.2065,-0.8,-6.99382e-08,1
116291,bullet6,12.3581,13.1578,0.8,0,1
116292,flyer1,0.539165,14.8736,-0.266014,0.138696,1
116292,flyer4,15.0261,6.83057,-0.294775,0.0557472,2
116292,flyer6,15,9.7823,-0.3,0,2
116294,player,11.6095,12.2514,-0.338866,-0.40722,1
116294,flyer2,2.99999,6.55184,-0.3,0,2
116294,bullet1,7.60642,13.2065,-0.8,-6.99382e-08,1
116295,bullet5,11.857,12.0681,0.8,0,1
116296,bullet6,16.3581,13.1578,0.8,0,1
116297,flyer4,13.5522,7.10931,-0.294775,0.0557472,2
116297,flyer6,13.5,9.7823,-0.3,0,2
116299,player,12.3844,12.4137,0.213966,0.144361,1
116299,flyer2,1.49999,6.55184,-0.3,0,2
116299,bullet1,3.60642,13.2065,-0.8,-6.99382e-08,1
116300,bullet5,15.857,12.0681,0.8,0,1
116300,bullet3,12.8807,12.4787,0.8,0,1
116302,flyer4,12.0784,7.38804,-0.294775,0.0557472,2
116302,flyer6,12,9.7823,-0.3,0,2
116304,player,12.3361,12.1921,0.273105,-0.334836,1
116304,flyer2,-6.4373e-06,6.55184,-0.3,0,2
116304,bullet1,-0.393579,13.2065,-0.8,-6.99382e-08,1
116305,bullet3,16.8807,12.4787,0.8,0,1
116306,flyer5,16.5,9.7823,-0.3,0,2
116306,flayer7,16.5,9.7823,-0.3,0,2
116307,flyer4,10.6045,7.66678,-0.294775,0.0557472,2
116307,flyer6,10.5,9.7823,-0.3,0,2
116307,bullet2,12.3814,11.9431,0.8,0,1
116309,player,11.9531,11.4338,-0.00880006,-0.158054,1
116311,flyer5,15,9.7823,-0.3,0,2
116311,flayer7,15,9.7823,-0.3,0,2
116311,bullet4,11.858,11.8201,0.8,0,1
116312,flyer4,9.13062,7.94551,-0.294775,0.0557472,2
116312,flyer6,9,9.7823,-0.3,0,2
116312,bullet2,16.3814,11.9431,0.8,0,1
116313,bullet6,10.9577,11.8983,-0.8,-6.99382e-08,1
116314,player,11.3437,11.9092,-0.014002,0.0109231,1
116314,bullet5,11.7437,11.9092,0.8,0,1
116316,flyer5,13.5,9.7823,-0.3,0,2
116316,flayer7,13.5,9.7823,-0.3,0,2
116316,bullet4,15.858,11.8201,0.8,0,1
116317,flyer4,7.65675,8.22425,-0.294775,0.0557472,2
116317,flyer6,7.5,9.7823,-0.3,0,2
116317,bullet1,11.7333,11.9174,0.8,0,1
116318,bullet6,6.95769,11.8983,-0.8,-6.99382e-08,1
116318,bullet3,11.7327,11.9178,0.8,0,1
116319,player,11.3324,11.918,-0.000258376,0.000201561,1
116319,bullet5,15.7437,11.9092,0.8,0,1
116320,bullet2,11.7323,11.9181,0.8,0,1
116321,flyer5,12,9.7823,-0.3,0,2
116321,flayer7,12,9.7823,-0.3,0,2
116322,flyer4,6.18287,8.50299,-0.294775,0.0557472,2
116322,flyer6,5.99999,9.7823,-0.3,0,2
116322,bullet1,15.7333,11.9174,0.8,0,1
116323,bullet6,2.95769,11.8983,-0.8,-6.99382e-08,1
116323,bullet3,15.7327,11.9178,0.8,0,1
116324,player,11.3322,11.9182,-4.76777e-06,3.71938e-06,1
116324,bullet4,11.7322,11.9182,0.8,0,1
116325,bullet2,15.7323,11.9181,0.8,0,1
116326,flyer5,10.5,9.7823,-0.3,0,2
116326,flayer7,10.5,9.7823,-0.3,0,2
116327,flyer4,4.709,8.78172,-0.294775,0.0557472,2
116327,flyer6,4.49999,9.7823,-0.3,0,2
116328,bullet5,12.2899,12.4759,0.8,0,1
116329,player,11.9207,12.5066,0.0307546,0.0307548,1
116329,bullet4,15.7322,11.9182,0.8,0,1
116331,flyer5,9,9.7823,-0.3,0,2
116331,flayer7,9,9.7823,-0.3,0,2
116331,bullet1,12.3408,12.5267,0.8,0,1
116332,flyer4,3.23512,9.06046,-0.294775,0.0557472,2
116332,flyer6,2.99999,9.7823,-0.3,0,2
116333,bullet5,16.2899,12.4759,0.8,0,1
116334,player,12.4348,12.042,0.152442,-0.151307,1
116334,bullet3,12.8348,12.042,0.8,0,1
116336,flyer5,7.5,9.7823,-0.3,0,2
116336,flayer7,7.5,9.7823,-0.3,0,2
116336,bullet1,16.3408,12.5267,0.8,0,1
116337,flyer4,1.76125,9.33919,-0.294775,0.0557472,2
116337,flyer6,1.49999,9.7823,-0.3,0,2
116338,bullet2,12.9544,11.9233,0.8,0,1
116339,player,12.5572,11.9205,0.00281299,-0.00279205,1
116341,flyer5,5.99999,9.7823,-0.3,0,2
116341,flayer7,5.99999,9.7823,-0.3,0,2
116342,flyer4,0.287375,9.61793,-0.294775,0.0557472,2
116342,flyer6,-6.4373e-06,9.7823,-0.3,0,2
116344,player,11.4678,11.4427,-0.165663,-0.168842,1
116344,flayer8,16.5,0.610177,-0.273743,-0.122739,2
116345,flyer3,16.5,0.610177,-0.282611,0.100653,2
116346,flyer5,4.49999,9.7823,-0.3,0,2
116346,flayer7,4.49999,9.7823,-0.3,0,2
116346,bullet6,11.7597,11.3325,0.8,0,1
116349,player,11.8241,10.8177,0.148818,-0.154991,1
116349,flayer8,15.1313,-0.00351761,-0.273743,-0.122739,2
116350,flyer3,15.0869,1.11344,-0.282611,0.100653,2
116351,flyer5,2.99999,9.7823,-0.3,0,2
116351,flayer7,2.99999,9.7823,-0.3,0,2
116351,bullet6,15.7597,11.3325,0.8,0,1
116353,bullet4,12.3101,11.2538,0.8,0,1
116354,player,11.9298,11.2817,0.0196612,0.0278947,1
116354,bullet5,11.5298,11.2817,-0.8,-6.99382e-08,1
116355,flyer3,13.6739,1.6167,-0.282611,0.100653,2
116356,flyer5,1.49999,9.7823,-0.3,0,2
116356,flayer7,1.49999,9.7823,-0.3,0,2
116356,bullet1,11.5426,11.2999,-0.8,-6.99382e-08,1
116358,bullet4,16.3101,11.2538,0.8,0,1
116359,player,12.5033,10.7464,0.0687066,-0.067829,1
116359,bullet5,7.52978,11.2817,-0.8,-6.99382e-08,1
116359,bullet3,12.9033,10.7464,0.8,0,1
116360,flyer3,12.2608,2.11997,-0.282611,0.100653,2
116361,flyer5,-6.4373e-06,9.7823,-0.3,0,2
116361,flayer7,-6.4373e-06,9.7823,-0.3,0,2
116361,bullet1,7.54261,11.2999,-0.8,-6.99382e-08,1
116364,player,12.0007,10.441,-0.0670759,0.305494,1
116364,flyer1,16.5,3.06245,-0.283055,0.0993977,2
116364,bullet5,3.52978,11.2817,-0.8,-6.99382e-08,1
116365,flyer3,10.8478,2.62323,-0.282611,0.100653,2
116366,bullet1,3.54261,11.2999,-0.8,-6.99382e-08,1
116369,player,12.5046,10.7309,0.067106,-0.0488669,1
116369,flyer1,15.0847,3.55944,-0.283055,0.0993977,2
116369,flyer2,16.5,3.06245,-0.281146,-0.104676,2
116369,bullet2,12.9046,10.7309,0.8,0,1
116370,flyer3,9.43473,3.12649,-0.282611,0.100653,2
116373,bullet6,11.8794,11.281,0.8,0,1
116374,player,11.3985,11.294,-0.0809451,0.0129379,1
116374,flyer1,13.6694,4.05643,-0.283055,0.0993977,2
116374,flyer2,15.0943,2.53907,-0.281146,-0.104676,2
116375,flyer3,8.02167,3.62976,-0.282611,0.100653,2
116375,bullet4,11.762,11.2998,0.8,0,1
116376,bullet3,11.7456,11.3024,0.8,0,1
116378,bullet6,15.8794,11.281,0.8,0,1
116379,player,10.8441,11.3044,-0.153369,0.00023874,1
116379,flyer1,12.2542,4.55342,-0.283055,0.0993977,2
116379,flyer2,13.6885,2.01569,-0.281146,-0.104676,2
116380,flyer3,6.60862,4.13302,-0.282611,0.100653,2
116380,bullet4,15.762,11.2998,0.8,0,1
116381,bullet3,15.7456,11.3024,0.8,0,1
116382,flyer6,16.5,9.9961,-0.3,0,2
116382,bullet5,10.5723,11.8623,0.8,0,1
116383,bullet1,10.5352,11.893,0.8,0,1
116384,player,10.1186,11.9069,-0.0166697,0.013844,1
116384,flyer1,10.8389,5.05041,-0.283055,0.0993977,2
116384,flyer2,12.2828,1.49231,-0.281146,-0.104676,2
116385,flyer3,5.19556,4.63628,-0.282611,0.100653,2
116387,flyer6,15,9.9961,-0.3,0,2
116387,bullet5,14.5723,11.8623,0.8,0,1
116388,bullet1,14.5352,11.893,0.8,0,1
116388,bullet2,9.91703,10.7715,0.8,0,1
116389,player,9.50288,10.7272,-0.0141472,-0.0443388,1
116389,flyer1,9.42362,5.54739,-0.283055,0.0993977,2
116389,flyer2,10.8771,0.968933,-0.281146,-0.104676,2
116389,bullet6,9.90288,10.7272,0.8,0,1
116390,flyer3,3.78251,5.13955,-0.282611,0.100653,2
116392,flyer6,13.5,9.9961,-0.3,0,1
116394,player,9.59062,10.1031,-0.121381,-0.0315729,1
116394,flyer1,8.00834,6.04438,-0.283055,0.0993977,2
116394,flyer2,9.47135,0.445553,-0.281146,-0.104676,2
116395,flyer3,2.36945,5.64281,-0.282611,0.100653,2
116399,player,10.5848,10.5671,0.163475,0.151292,1
116399,flyer1,6.59307,6.54137,-0.283055,0.0993977,2
116399,flyer2,8.06562,-0.0778263,-0.281146,-0.104676,2
116399,flyer4,16.5,9.9961,-0.3,0,2
116399,bullet4,10.9848,10.5671,0.8,0,1
116400,flyer3,0.956397,6.14607,-0.282611,0.100653,2
116401,bullet3,11.0915,10.6659,0.8,0,1
116402,bullet5,11.1064,10.6796,0.8,0,1
116404,player,11.0536,10.6886,0.340517,0.00279177,1
116404,flyer1,5.17779,7.03836,-0.283055,0.0993977,2
116404,flyer4,15,9.9961,-0.3,0,1
116404,bullet4,14.9848,10.5671,0.8,0,1
116405,flyer3,-0.456658,6.64934,-0.282611,0.100653,2
116406,bullet1,10.8758,10.6905,-0.8,-6.99382e-08,1
116407,bullet5,15.1064,10.6796,0.8,0,1
116409,player,11.3271,11.1803,0.00628349,0.151927,1
116409,flyer1,3.76252,7.53535,-0.283055,0.0993977,2
116409,bullet2,11.7271,11.1803,0.8,0,1
116411,bullet1,6.87579,10.6905,-0.8,-6.99382e-08,1
116412,flayer8,16.5,9.9961,-0.3,0,2
116414,player,11.7004,11.0513,0.300027,0.309549,1
116414,flyer1,2.34725,8.03234,-0.283055,0.0993977,2
116414,bullet2,15.7271,11.1803,0.8,0,1
116415,flyer5,16.5,4.16112,-0.3,0,2
116416,bullet1,2.87579,10.6905,-0.8,-6.99382e-08,1
116417,flayer8,15,9.9961,-0.3,0,2
116418,bullet6,12.2367,10.7057,0.8,0,1
116419,player,11.8967,10.6976,0.0600405,-0.00812756,1
116419,flyer1,0.931971,8.52932,-0.283055,0.0993977,2
116420,flyer5,15,4.16112,-0.3,0,2
116422,flayer8,13.5,9.9961,-0.3,0,1
116424,player,11.7247,10.9839,0.270264,0.391854,1
116424,flyer1,-0.483304,9.02631,-0.283055,0.0993977,2
116425,flayer7,16.5,9.9961,-0.3,0,2
116425,flyer5,13.5,4.16112,-0.3,0,2
116425,flyer6,16.5,4.16112,-0.3,0,2
116425,bullet4,12.2463,11.1603,0.8,0,1
116427,flayer8,12,9.9961,-0.3,0,1
116427,bullet3,12.3257,11.2753,0.8,0,1
116428,bullet5,12.3368,11.2914,0.8,0,1
116429,player,11.9418,11.2986,0.00498713,0.00723081,1
116430,flayer7,15,9.9961,-0.3,0,2
116430,flyer5,12,4.16112,-0.3,0,2
116430,flyer6,15,4.16112,-0.3,0,2
116430,bullet4,16.2463,11.1603,0.8,0,1
116430,bullet2,12.344,11.3019,0.8,0,1
116432,flayer8,10.5,9.9961,-0.3,0,1
116432,bullet3,16.3257,11.2753,0.8,0,1
116433,bullet5,16.3368,11.2914,0.8,0,1
116434,player,12.4351,11.4035,0.151967,-0.120987,1
116435,flayer7,13.5,9.9961,-0.3,0,2
116435,flyer5,10.5,4.16112,-0.3,0,2
116435,flyer6,13.5,4.16112,-0.3,0,2
116435,bullet2,16.344,11.3019,0.8,0,1
116437,flayer8,9,9.9961,-0.3,0,1
116438,bullet6,12.465,11.798,0.8,0,1
116439,player,11.9995,11.8641,-0.0655395,0.0661112,1
116440,flayer7,12,9.9961,-0.3,0,2
116440,flyer5,9,4.16112,-0.3,0,2
116440,flyer6,12,4.16112,-0.3,0,2
116440,bullet1,12.37,11.8939,0.8,0,1
116442,flayer8,7.5,9.9961,-0.3,0,1
116443,bullet4,12.9058,11.3583,0.8,0,1
116444,player,12.5353,11.3287,0.0295453,-0.0295347,1
116444,bullet3,12.9353,11.3287,0.8,0,1
116445,flayer7,10.5,9.9961,-0.3,0,2
116445,flyer5,7.5,4.16112,-0.3,0,2
116445,flyer6,10.5,4.16112,-0.3,0,2
116445,bullet1,16.37,11.8939,0.8,0,1
116447,flayer8,5.99999,9.9961,-0.3,0,1
116449,player,12.559,10.379,0.000545194,-0.3688,1
116450,flayer7,9,9.9961,-0.3,0,2
116450,flyer5,5.99999,4.16112,-0.3,0,2
116450,flyer6,9,4.16112,-0.3,0,2
116452,flayer8,4.49999,9.9961,-0.3,0,1
116452,bullet5,13.5172,9.54706,0.8,0,1
116454,player,13.4993,9.81804,0.35135,0.316855,1
116455,flayer7,7.5,9.9961,-0.3,0,2
116455,flyer5,4.49999,4.16112,-0.3,0,2
116455,flyer6,7.5,4.16112,-0.3,0,2
116456,bullet2,14.1285,10.0248,0.8,0,1
116457,flayer8,2.99999,9.9961,-0.3,0,1
116457,bullet6,14.1606,10.0537,0.8,0,1
116459,player,13.7814,10.0725,0.00648339,0.00584687,1
116460,flayer7,5.99999,9.9961,-0.3,0,2
116460,flyer5,2.99999,4.16112,-0.3,0,2
116460,flyer6,5.99999,4.16112,-0.3,0,2
116460,bullet1,14.1844,10.0751,0.8,0,1
116462,flayer8,1.49999,9.9961,-0.3,0,1
116462,bullet4,14.1863,10.0769,0.8,0,1
116463,bullet3,14.1865,10.0771,0.8,0,1
116464,player,13.7867,10.0772,0.000119637,0.000107891,1
116465,flayer7,4.49999,9.9961,-0.3,0,2
116465,flyer5,1.49999,4.16112,-0.3,0,2
116465,flyer6,4.49999,4.16112,-0.3,0,2
116465,bullet5,14.1867,10.0772,0.8,0,1
116467,flayer8,-6.4373e-06,9.9961,-0.3,0,1
116469,player,13.4492,9.51957,-0.337498,-0.0683418,1
116469,flyer2,16.5,9.9961,-0.3,0,2
116470,flayer7,2.99999,9.9961,-0.3,0,2
116470,flyer5,-6.4373e-06,4.16112,-0.3,0,2
116470,flyer6,2.99999,4.16112,-0.3,0,2
116472,flyer3,16.5,7.85418,-0.3,0,2
116472,bullet2,12.7983,8.91103,-0.8,-6.99382e-08,1
116474,player,13.6676,9.35175,0.145647,0.136774,1
116474,flyer2,15,9.9961,-0.3,0,2
116475,flayer7,1.49999,9.9961,-0.3,0,2
116475,flyer6,1.49999,4.16112,-0.3,0,2
116475,bullet6,14.1331,9.4133,0.8,0,1
116476,bullet1,14.1626,9.441,0.8,0,1
