314943,player,11.1578,4.7491,0,0,1
314944,bullet1,10.7578,4.7491,-0.8,-6.99382e-08,1
314945,bullet2,11.5578,4.7491,0.8,0,1
314947,bullet3,12.0471,5.23848,0.8,0,1
314948,player,11.7155,5.30682,0.0683438,0.0683438,1
314948,bullet4,12.1155,5.30682,0.8,0,1
314949,bullet1,6.75776,4.7491,-0.8,-6.99382e-08,1
314950,bullet2,15.5578,4.7491,0.8,0,1
314952,bullet3,16.0471,5.23848,0.8,0,1
314953,player,11.702,4.91693,0.0847924,-0.205118,1
314953,bullet4,16.1155,5.30682,0.8,0,1
314953,bullet5,12.102,4.91693,0.8,0,1
314954,bullet1,2.75776,4.7491,-0.8,-6.99382e-08,1
314954,bullet6,12.1402,4.82462,0.8,0,1
314958,player,12.3586,5.30992,0.0323193,0.0645587,1
314958,bullet5,16.102,4.91693,0.8,0,1
314958,bullet2,12.7586,5.30992,0.8,0,1
314959,bullet6,16.1402,4.82462,0.8,0,1
314960,bullet3,13.2691,4.86267,0.8,0,1
314963,player,12.6494,5.65467,-0.323064,0.393195,1
314964,bullet4,12.904,5.83161,0.8,0,1
314965,bullet1,12.8386,5.91123,0.8,0,1
314966,bullet5,12.8091,5.94706,0.8,0,1
314968,player,12.3899,5.48106,-0.00596144,-0.144619,1
314968,bullet6,12.7899,5.48106,0.8,0,1
314969,bullet2,12.7872,5.41599,0.8,0,1
314971,bullet3,12.7855,4.88415,0.8,0,1
314972,flyer1,16.5,4.78265,-0.293157,-0.0637095,2
314972,bullet4,12.7852,4.80987,0.8,0,1
314973,player,12.7226,4.43895,0.33739,-0.370923,1
314974,bullet1,13.2745,4.27203,0.8,0,1
314975,bullet5,13.3428,4.19692,0.8,0,1
314978,player,12.1667,3.87191,-0.483149,-0.427876,1
314978,flyer2,16.5,4.78265,-0.3,0,2
314979,bullet1,17.2745,4.27203,0.8,0,1
314979,bullet6,12.3493,3.67937,0.8,0,1
314980,bullet5,17.3428,4.19692,0.8,0,1
314980,bullet2,12.2515,3.59272,0.8,0,1
314981,bullet3,12.2074,3.55373,0.8,0,1
314983,player,11.7787,4.01766,-0.00891546,0.143979,1
314983,flyer2,15,4.78265,-0.3,0,1
314983,bullet4,12.1787,4.01766,0.8,0,1
314984,bullet6,16.3493,3.67937,0.8,0,1
314985,bullet2,16.2515,3.59272,0.8,0,1
314985,bullet1,12.1729,4.11161,0.8,0,1
314986,bullet3,16.2074,3.55373,0.8,0,1
314986,bullet5,12.1721,4.12473,0.8,0,1
314988,player,12.2609,4.13329,0.15171,0.00265683,1
314988,bullet6,12.6609,4.13329,0.8,0,1
314989,bullet4,12.7292,4.13449,0.8,0,1
314990,bullet1,16.1729,4.11161,0.8,0,1
314991,bullet5,16.1721,4.12473,0.8,0,1
314992,flyer3,16.5,4.78265,-0.292284,0.0676004,2
314992,bullet2,12.78,4.13538,0.8,0,1
314993,player,12.3828,3.79793,0.00279949,-0.337451,1
314993,bullet6,16.6609,4.13329,0.8,0,1
314994,bullet4,16.7292,4.13449,0.8,0,1
314996,flyer4,16.5,4.78265,-0.3,0,2
314997,flyer5,16.5,2.91312,-0.3,0,2
314998,player,11.1259,3.48233,0.0389886,0.0482772,1
314998,flyer6,16.5,2.91312,-0.3,0,2
314998,bullet3,11.5259,3.48233,0.8,0,1
314999,bullet1,11.5434,3.50405,0.8,0,1
315000,bullet5,11.5513,3.51383,0.8,0,1
315001,flyer4,15,4.78265,-0.3,0,1
315001,bullet6,11.5549,3.51823,0.8,0,1
315002,flyer5,15,2.91312,-0.3,0,2
315003,player,11.1572,2.69422,0.000719449,-0.488484,1
315003,flyer6,15,2.91312,-0.3,0,0
315004,bullet4,11.5575,2.47441,0.8,0,1
315005,bullet5,15.5513,3.51383,0.8,0,1
315005,bullet2,11.5577,2.37549,0.8,0,1
315006,flyer4,13.5,4.78265,-0.3,0,1
315006,bullet6,15.5549,3.51823,0.8,0,1
315006,bullet3,11.5577,2.33098,0.8,0,1
315007,bullet1,10.7577,2.31094,-0.8,-6.99382e-08,1
315008,player,11.1578,2.30193,1.32759e-05,-0.00901391,1
315009,bullet4,15.5575,2.47441,0.8,0,1
315010,bullet2,15.5577,2.37549,0.8,0,1
315011,flyer4,12,4.78265,-0.3,0,1
315011,bullet3,15.5577,2.33098,0.8,0,1
315012,bullet1,6.75775,2.31094,-0.8,-6.99382e-08,1
315013,player,9.77318,3.18991,-0.557718,0.405677,1
315013,flayer7,16.5,4.264,-0.285682,0.0915755,2
315014,flayer8,16.5,4.264,-0.243103,0.175787,2
315015,bullet5,9.31989,3.45462,0.8,0,1
315016,flyer4,10.5,4.78265,-0.3,0,1
315017,bullet1,2.75775,2.31094,-0.8,-6.99382e-08,1
315017,bullet6,9.1471,3.50822,0.8,0,1
315018,player,8.72297,3.5157,-0.0241311,0.00748589,1
315018,flayer7,15.0716,4.72187,-0.285682,0.0915755,2
315019,flayer8,15.2845,5.14293,-0.243103,0.175787,2
315020,bullet5,13.3199,3.45462,0.8,0,1
315020,bullet4,9.5966,3.52059,0.8,0,1
315021,flyer4,9,4.78265,-0.3,0,1
315022,bullet6,13.1471,3.50822,0.8,0,1
315023,player,9.6434,4.01109,0.350894,0.152013,1
315023,flayer7,13.6432,5.17975,-0.285682,0.0915755,2
315024,flayer8,14.069,6.02187,-0.243103,0.175787,2
315025,bullet4,13.5966,3.52059,0.8,0,1
315026,flyer4,7.5,4.78265,-0.3,0,1
315026,bullet2,10.3043,4.12413,0.8,0,1
315027,bullet3,10.3187,4.13036,0.8,0,1
315028,player,9.9252,4.13317,0.00647499,0.00280507,1
315028,flayer7,12.2148,5.63763,-0.285682,0.0915755,2
315029,flayer8,12.8535,6.9008,-0.243103,0.175787,2
315030,bullet1,9.84005,4.135,0.8,0,1
315031,flyer4,5.99999,4.78265,-0.3,0,1
315031,bullet2,14.3043,4.12413,0.8,0,1
315032,bullet3,14.3187,4.13036,0.8,0,1
315033,player,9.81746,3.64605,0.138155,-0.151823,1
315033,flayer7,10.7864,6.09551,-0.285682,0.0915755,2
315033,bullet5,10.2175,3.64605,0.8,0,1
315034,flayer8,11.6379,7.77974,-0.243103,0.175787,2
315035,bullet1,13.84,4.135,0.8,0,1
315035,bullet6,10.3076,3.54698,0.8,0,1
315036,flyer4,4.49999,4.78265,-0.3,0,1
315036,bullet4,10.3202,3.53315,0.8,0,1
315038,player,9.59091,3.18662,-0.334951,-0.340302,1
315038,flayer7,9.35796,6.55339,-0.285682,0.0915755,2
315038,bullet5,14.2175,3.64605,0.8,0,1
315039,flayer8,10.4224,8.65867,-0.243103,0.175787,2
315040,bullet6,14.3076,3.54698,0.8,0,1
315041,flyer4,2.99999,4.78265,-0.3,0,1
315041,bullet4,14.3202,3.53315,0.8,0,1
315042,bullet2,9.17038,3.47733,0.8,0,1
315043,player,8.73345,3.5018,-0.0369355,0.0244752,1
315043,flayer7,7.92955,7.01127,-0.285682,0.0915755,2
315043,bullet3,9.13345,3.5018,0.8,0,1
315044,flayer8,9.20691,9.53761,-0.243103,0.175787,2
315045,bullet1,9.10935,3.51777,0.8,0,1
315046,flyer4,1.49999,4.78265,-0.3,0,1
315047,bullet2,13.1704,3.47733,0.8,0,1
315048,player,9.599,2.62624,0.405162,-0.405392,1
315048,flayer7,6.50114,7.46914,-0.285682,0.0915755,2
315048,bullet3,13.1334,3.5018,0.8,0,1
315049,flayer8,7.99139,10.4165,-0.243103,0.175787,2
315050,bullet1,13.1093,3.51777,0.8,0,1
315051,flyer4,-6.4373e-06,4.78265,-0.3,0,1
315052,bullet5,9.75918,2.30816,0.8,0,1
315053,player,9.6734,2.30068,0.314222,-0.00748063,1
315053,flayer7,5.07273,7.92702,-0.285682,0.0915755,2
315054,flayer8,6.77588,11.2955,-0.243103,0.175787,2
315055,flyer1,16.5,4.264,-0.3,0,2
315055,bullet6,10.2784,2.2958,0.8,0,1
315056,bullet4,10.3071,2.29511,0.8,0,1
315057,bullet5,13.7592,2.30816,0.8,0,1
315058,player,9.92575,2.29467,0.00579827,-0.000138039,1
315058,flayer7,3.64432,8.3849,-0.285682,0.0915755,2
315058,bullet2,10.3258,2.29467,0.8,0,1
315059,flayer8,5.56037,12.1744,-0.243103,0.175787,2
315060,flyer1,15,4.264,-0.3,0,2
315060,bullet6,14.2784,2.2958,0.8,0,1
315061,bullet4,14.3071,2.29511,0.8,0,1
315063,player,10.4198,2.29456,0.151982,-2.5472e-06,1
315063,flayer7,2.21592,8.84278,-0.285682,0.0915755,2
315063,bullet2,14.3258,2.29467,0.8,0,1
315063,bullet3,10.8198,2.29456,0.8,0,1
315064,flayer8,4.34486,13.0533,-0.243103,0.175787,2
315065,flyer1,13.5,4.264,-0.3,0,2
315065,bullet1,10.919,2.29456,0.8,0,1
315068,player,9.98412,1.73684,-0.0655393,-0.0683438,1
315068,flayer7,0.787509,9.30066,-0.285682,0.0915755,2
315068,bullet3,14.8198,2.29456,0.8,0,1
315068,bullet5,10.3841,1.73684,0.8,0,1
315069,flayer8,3.12934,13.9323,-0.243103,0.175787,2
315070,flyer1,12,4.264,-0.3,0,2
315070,bullet1,14.919,2.29456,0.8,0,1
315070,bullet6,10.3414,1.69224,0.8,0,1
315072,bullet4,10.3327,1.68321,0.8,0,1
315073,player,9.93149,1.68195,-0.00120938,-0.00126114,1
315073,bullet5,14.3841,1.73684,0.8,0,1
315073,bullet2,10.3315,1.68195,0.8,0,1
315074,flayer8,1.91383,14.8112,-0.243103,0.175787,2
315075,flyer1,10.5,4.264,-0.3,0,2
315075,bullet6,14.3414,1.69224,0.8,0,1
315077,bullet4,14.3327,1.68321,0.8,0,1
315078,player,10.268,2.01844,0.337478,0.337477,1
315078,bullet2,14.3315,1.68195,0.8,0,1
315079,flayer8,0.698318,15.6902,-0.243103,0.175787,2
315080,flyer1,9,4.264,-0.3,0,2
315080,flyer2,16.5,4.264,-0.297306,-0.040113,2
315080,bullet3,10.8882,2.23864,0.8,0,1
315082,bullet1,10.1328,2.28323,-0.8,-6.99382e-08,1
315083,player,10.8765,1.95196,0.343727,-0.331273,1
315085,flyer1,7.5,4.264,-0.3,0,2
315085,flyer2,15.0135,4.06343,-0.297306,-0.040113,2
315085,bullet3,14.8882,2.23864,0.8,0,1
315085,bullet5,11.5008,1.73581,0.8,0,1
315087,bullet1,6.13281,2.28323,-0.8,-6.99382e-08,1
315088,player,10.5949,1.1282,-0.062001,-0.0744567,1
315089,bullet6,10.967,1.0947,0.8,0,1
315090,flyer1,5.99999,4.264,-0.3,0,2
315090,flyer2,13.5269,3.86287,-0.297306,-0.040113,2
315090,bullet5,15.5008,1.73581,0.8,0,1
315092,bullet1,2.13281,2.28323,-0.8,-6.99382e-08,1
315093,player,9.7182,1.40591,-0.490519,0.336126,1
315094,bullet6,14.967,1.0947,0.8,0,1
315095,flyer1,4.49999,4.264,-0.3,0,2
315095,flyer2,12.0404,3.6623,-0.297306,-0.040113,2
315096,flyer3,16.5,14.0435,-0.298315,-0.0317526,2
315097,flyer6,16.5,1.99498,-0.298012,-0.0344771,2
315098,player,8.73579,1.11813,-0.0398061,-0.0621413,1
315098,bullet4,9.13579,1.11813,0.8,0,1
315099,bullet2,9.11788,1.09016,0.8,0,1
315100,flyer1,2.99999,4.264,-0.3,0,2
315100,flyer2,10.5539,3.46174,-0.297306,-0.040113,2
315101,flyer3,15.0084,13.8847,-0.298315,-0.0317526,2
315102,flyer6,15.0099,1.82259,-0.298012,-0.0344771,2
315103,player,9.26154,1.62594,0.0676092,0.0671971,1
315103,bullet4,13.1358,1.11813,0.8,0,1
315103,bullet3,9.66154,1.62594,0.8,0,1
315104,bullet2,13.1179,1.09016,0.8,0,1
315105,flyer1,1.49999,4.264,-0.3,0,2
315105,flyer2,9.06735,3.26117,-0.297306,-0.040113,2
315106,flyer3,13.5168,13.726,-0.298315,-0.0317526,2
315108,player,9.31584,1.71066,0.00124758,-0.0363491,1
315108,bullet3,13.6615,1.62594,0.8,0,1
315108,bullet5,9.71584,1.71066,0.8,0,1
315110,flyer1,-6.4373e-06,4.264,-0.3,0,2
315110,flyer2,7.58082,3.06061,-0.297306,-0.040113,2
315111,flyer3,12.0253,13.5672,-0.298315,-0.0317526,2
315112,flyer5,16.5,1.99498,-0.3,0,2
315113,player,9.07844,2.50834,-0.458597,0.488704,1
315113,bullet5,13.7158,1.71066,0.8,0,1
315115,flyer2,6.09429,2.86004,-0.297306,-0.040113,2
315116,flyer3,10.5337,13.4084,-0.298315,-0.0317526,2
315117,flyer5,15,1.99498,-0.3,0,1
315117,bullet1,9.11861,2.40242,0.8,0,1
315118,player,8.71015,2.3431,-0.00846241,-0.0593258,1
315119,bullet6,9.10634,2.3164,0.8,0,1
315120,flyer2,4.60776,2.65948,-0.297306,-0.040113,2
315121,flyer3,9.04212,13.2497,-0.298315,-0.0317526,2
315122,flyer5,13.5,1.99498,-0.3,0,0
315123,player,7.77738,2.04448,-0.368411,0.305651,1
315124,bullet6,13.1063,2.3164,0.8,0,1
315124,bullet4,8.0116,2.18202,0.8,0,1
315125,flyer2,3.12123,2.45891,-0.297306,-0.040113,2
315126,flyer3,7.55055,13.0909,-0.298315,-0.0317526,2
315127,bullet2,7.39894,2.2843,0.8,0,1
315128,player,6.9238,2.28994,-0.075142,0.00564011,1
315129,bullet4,12.0116,2.18202,0.8,0,1
315129,bullet3,7.28999,2.29248,0.8,0,1
315130,flyer2,1.6347,2.25835,-0.297306,-0.040113,2
315131,flyer3,6.05897,12.9321,-0.298315,-0.0317526,2
315132,bullet2,11.3989,2.2843,0.8,0,1
315133,player,7.20095,1.39925,0.336113,-0.40574,1
315134,bullet4,16.0116,2.18202,0.8,0,1
315134,bullet3,11.29,2.29248,0.8,0,1
315135,flyer2,0.148166,2.05778,-0.297306,-0.040113,2
315136,flyer3,4.5674,12.7734,-0.298315,-0.0317526,2
315136,bullet5,8.40861,1.09754,0.8,0,1
315137,bullet2,15.3989,2.2843,0.8,0,1
315138,player,7.58382,0.584036,-0.131833,-0.159362,1
315139,flyer4,16.5,1.99498,-0.294853,0.0553346,2
315139,bullet3,15.29,2.29248,0.8,0,1
315139,bullet1,7.92449,0.512323,0.8,0,1
315140,bullet6,7.8978,0.480052,0.8,0,1
315141,flyer3,3.07582,12.6146,-0.298315,-0.0317526,2
315141,bullet5,12.4086,1.09754,0.8,0,1
315143,player,7.47795,0.456054,-0.00243269,-0.00294068,1
315144,flyer4,15.0257,2.27165,-0.294853,0.0553346,1
315144,bullet1,11.9245,0.512323,0.8,0,1
315144,bullet4,7.87685,0.454731,0.8,0,1
315145,bullet6,11.8978,0.480052,0.8,0,1
315146,flyer3,1.58425,12.4558,-0.298315,-0.0317526,2
315147,bullet2,7.87604,0.453747,0.8,0,1
315148,player,7.47599,0.453693,-4.489e-05,-5.42638e-05,1
315149,flyer4,13.5515,2.54832,-0.294853,0.0553346,1
315149,bullet1,15.9245,0.512323,0.8,0,1
315149,bullet4,11.8769,0.454731,0.8,0,1
315150,bullet6,15.8978,0.480052,0.8,0,1
315150,bullet3,7.87596,0.453657,0.8,0,1
315151,flyer3,0.0926749,12.2971,-0.298315,-0.0317526,2
315151,bullet5,7.87596,0.453652,0.8,0,1
315152,bullet2,11.876,0.453747,0.8,0,1
315153,player,7.47596,0.453649,-8.28347e-07,-1.00132e-06,1
315154,flyer4,12.0772,2.825,-0.294853,0.0553346,1
315154,bullet4,15.8769,0.454731,0.8,0,1
315155,bullet3,11.876,0.453657,0.8,0,1
315156,bullet5,11.876,0.453652,0.8,0,1
315157,bullet2,15.876,0.453747,0.8,0,1
315157,bullet1,8.46443,0.4,0.8,0,1
315158,player,8.07827,0.7375,0.0138396,0.3375,1
315159,flyer4,10.603,3.10167,-0.294853,0.0553346,1
315160,bullet3,15.876,0.453657,0.8,0,1
315161,flayer7,16.5,11.6606,-0.3,0,2
315161,bullet5,15.876,0.453652,0.8,0,1
315162,flayer8,16.5,11.6606,-0.299147,-0.0226016,2
315162,bullet1,12.4644,0.4,0.8,0,1
315163,player,7.53167,1.0393,-0.0680884,-0.0313612,1
315164,flyer4,9.12869,3.37834,-0.294853,0.0553346,1
315164,bullet6,7.90103,1.02518,0.8,0,1
315165,bullet4,7.88724,1.01883,0.8,0,1
315166,flayer7,15,11.6606,-0.3,0,2
315167,flayer8,15.0043,11.5476,-0.299147,-0.0226016,2
315168,player,6.98761,1.01411,-0.153131,-0.000578703,1
315168,bullet2,7.38761,1.01411,0.8,0,1
315169,flyer4,7.65443,3.65501,-0.294853,0.0553346,1
315169,bullet6,11.901,1.02518,0.8,0,1
315170,bullet4,11.8872,1.01883,0.8,0,1
315170,bullet3,7.28769,1.01373,0.8,0,1
315171,flayer7,13.5,11.6606,-0.3,0,2
315172,flayer8,13.5085,11.4346,-0.299147,-0.0226016,2
315173,player,6.86463,1.01365,-0.00282571,-1.06787e-05,1
315173,bullet2,11.3876,1.01411,0.8,0,1
315174,flyer4,6.18017,3.93169,-0.294853,0.0553346,1
315174,bullet6,15.901,1.02518,0.8,0,1
315175,bullet4,15.8872,1.01883,0.8,0,1
315175,bullet3,11.2877,1.01373,0.8,0,1
315175,bullet5,7.26279,1.01364,0.8,0,1
315176,flayer7,12,11.6606,-0.3,0,2
315176,bullet1,6.46253,1.01364,-0.8,-6.99382e-08,1
315177,flayer8,12.0128,11.3216,-0.299147,-0.0226016,2
315178,player,6.86236,1.01364,-5.21422e-05,-1.97052e-07,1
315178,bullet2,15.3876,1.01411,0.8,0,1
315179,flyer4,4.7059,4.20836,-0.294853,0.0553346,1
315180,bullet3,15.2877,1.01373,0.8,0,1
315180,bullet5,11.2628,1.01364,0.8,0,1
315180,bullet6,7.26233,1.01364,0.8,0,1
315181,flayer7,10.5,11.6606,-0.3,0,2
315181,bullet1,2.46253,1.01364,-0.8,-6.99382e-08,1
315182,flayer8,10.517,11.2086,-0.299147,-0.0226016,2
315183,player,6.86232,0.676136,-9.62171e-07,-0.3375,1
315184,flyer4,3.23164,4.48503,-0.294853,0.0553346,1
315185,bullet5,15.2628,1.01364,0.8,0,1
315185,bullet6,11.2623,1.01364,0.8,0,1
315186,flayer7,9,11.6606,-0.3,0,2
315187,flayer8,9.02131,11.0955,-0.299147,-0.0226016,2
315187,bullet4,6.7046,0.969042,0.8,0,1
315188,player,6.27385,0.993569,-0.0307547,0.0245269,1
315188,bullet2,6.67385,0.993569,0.8,0,1
315189,flyer4,1.75738,4.76171,-0.294853,0.0553346,1
315190,bullet6,15.2623,1.01364,0.8,0,1
315191,flayer7,7.5,11.6606,-0.3,0,2
315192,flayer8,7.52557,10.9825,-0.299147,-0.0226016,2
315192,bullet4,10.7046,0.969042,0.8,0,1
315193,player,5.75978,1.11236,-0.152443,-0.120668,1
315193,bullet2,10.6739,0.993569,0.8,0,1
315194,flyer4,0.283113,5.03838,-0.294853,0.0553346,1
315194,bullet3,6.09118,1.05806,0.8,0,1
315195,bullet1,6.06031,1.03363,0.8,0,1
315196,flayer7,5.99999,11.6606,-0.3,0,2
315197,flayer8,6.02983,10.8695,-0.299147,-0.0226016,2
315197,bullet4,14.7046,0.969042,0.8,0,1
315198,player,5.63735,1.01546,-0.00281299,-0.00222666,1
315198,bullet2,14.6739,0.993569,0.8,0,1
315199,bullet3,10.0912,1.05806,0.8,0,1
315200,bullet1,10.0603,1.03363,0.8,0,1
315201,flayer7,4.49999,11.6606,-0.3,0,2
315201,bullet5,6.59298,1.57152,0.8,0,1
315202,flayer8,4.5341,10.7565,-0.299147,-0.0226016,2
315203,player,6.72678,1.12661,0.165663,-0.138076,1
315204,bullet3,14.0912,1.05806,0.8,0,1
315204,bullet6,7.20133,1.06447,0.8,0,1
315205,bullet1,14.0603,1.03363,0.8,0,1
315206,flayer7,2.99999,11.6606,-0.3,0,2
315206,bullet5,10.593,1.57152,0.8,0,1
315207,flayer8,3.03836,10.6435,-0.299147,-0.0226016,2
315208,player,6.52233,1.35322,-0.334443,0.334952,1
315209,bullet6,11.2013,1.06447,0.8,0,1
315211,flayer7,1.49999,11.6606,-0.3,0,2
315211,bullet5,14.593,1.57152,0.8,0,1
315211,bullet4,7.23135,2.16002,0.8,0,1
315212,flayer8,1.54262,10.5305,-0.299147,-0.0226016,2
315213,player,7.34543,1.73515,0.159543,-0.131855,1
315214,bullet6,15.2013,1.06447,0.8,0,1
315216,flayer7,-6.4373e-06,11.6606,-0.3,0,2
315216,flyer6,16.5,11.6606,-0.250645,-0.164855,2
315216,bullet4,11.2313,2.16002,0.8,0,1
315217,flayer8,0.0468859,10.4175,-0.299147,-0.0226016,2
315218,player,7.47356,1.04079,0.00294402,-0.0331878,1
315218,flyer1,16.5,6.40849,-0.224364,-0.19915,2
315218,bullet2,7.87356,1.04079,0.8,0,1
315219,bullet3,7.87488,1.02586,0.8,0,1
315221,flyer6,15.2468,10.8363,-0.250645,-0.164855,2
315221,bullet4,15.2313,2.16002,0.8,0,1
315221,bullet1,7.87575,1.01611,0.8,0,1
315223,player,7.47592,1.01414,5.43255e-05,-0.000612408,1
315223,flyer1,15.3782,5.41274,-0.224364,-0.19915,2
315223,bullet2,11.8736,1.04079,0.8,0,1
315224,bullet3,11.8749,1.02586,0.8,0,1
315224,bullet5,7.87595,1.01386,0.8,0,1
315226,flyer6,13.9936,10.012,-0.250645,-0.164855,2
315226,bullet1,11.8757,1.01611,0.8,0,1
315228,player,6.88749,1.60212,-0.0307537,0.0307434,1
315228,flyer1,14.2564,4.417,-0.224364,-0.19915,2
315228,bullet2,15.8736,1.04079,0.8,0,1
315229,bullet3,15.8749,1.02586,0.8,0,1
315229,bullet5,11.8759,1.01386,0.8,0,1
315230,bullet6,6.77805,2.11156,0.8,0,1
315231,flyer6,12.7403,9.18777,-0.250645,-0.164855,2
315231,bullet1,15.8757,1.01611,0.8,0,1
315233,player,5.7711,2.7185,-0.166282,0.166282,1
315233,flyer1,13.1345,3.42125,-0.224364,-0.19915,2
315234,bullet5,15.8759,1.01386,0.8,0,1
315235,flyer5,16.5,6.40849,-0.244599,-0.1737,2
315235,bullet6,10.778,2.11156,0.8,0,1
315235,bullet4,5.57323,2.827,0.8,0,1
315236,flyer6,11.4871,8.36349,-0.250645,-0.164855,2
315238,player,4.54588,2.85204,-0.168783,0.00306837,1
315238,flyer1,12.0127,2.4255,-0.224364,-0.19915,1
315240,flyer5,15.277,5.53999,-0.244599,-0.1737,2
315240,bullet4,9.57323,2.827,0.8,0,1
315241,flyer6,10.2339,7.53922,-0.250645,-0.164855,2
315241,bullet2,4.82037,2.2966,0.8,0,1
315242,bullet3,4.81345,2.26597,0.8,0,1
315243,player,4.41033,2.25219,-0.00311452,-0.013783,1
315243,flyer1,10.8909,1.42975,-0.224364,-0.19915,1
315244,bullet1,4.00893,2.24598,-0.8,-6.99382e-08,1
315245,flyer5,14.054,4.6715,-0.244599,-0.1737,2
315245,bullet4,13.5732,2.827,0.8,0,1
315246,flyer6,8.98066,6.71495,-0.250645,-0.164855,2
315246,bullet2,8.82037,2.2966,0.8,0,1
315247,bullet3,8.81345,2.26597,0.8,0,1
315248,player,4.40783,2.73049,-5.74717e-05,0.151621,1
315248,flyer1,9.76907,0.434,-0.224364,-0.19915,1
315249,bullet1,0.00892889,2.24598,-0.8,-6.99382e-08,1
315249,bullet5,4.8078,2.79872,0.8,0,1
315250,flyer5,12.831,3.803,-0.244599,-0.1737,2
315251,flyer6,7.72744,5.89068,-0.250645,-0.164855,2
315251,bullet2,12.8204,2.2966,0.8,0,1
315251,bullet6,4.80778,2.84324,0.8,0,1
315252,bullet3,12.8134,2.26597,0.8,0,1
315253,player,4.40778,2.85226,-1.06051e-06,0.00279783,1
315254,bullet5,8.8078,2.79872,0.8,0,1
315255,flyer5,11.608,2.9345,-0.244599,-0.1737,2
315256,flyer6,6.47421,5.0664,-0.250645,-0.164855,2
315256,bullet6,8.80779,2.84324,0.8,0,1
315258,player,3.32993,3.55591,-0.18263,-0.107229,1
315258,bullet4,3.72993,3.55591,0.8,0,1
315261,flyer6,5.22098,4.24213,-0.250645,-0.164855,1
315261,bullet1,3.59412,3.47618,0.8,0,1
315262,bullet2,3.58663,3.47178,0.8,0,1
315263,player,3.18326,3.4698,-0.00337003,-0.00197868,1
315266,flyer2,16.5,6.40849,-0.290333,0.0755447,2
315267,flyer3,16.5,4.73158,-0.267963,0.134891,2
315267,bullet2,7.58664,3.47178,0.8,0,1
315268,player,3.1944,4.07052,-0.0169773,0.0138031,1
315268,flyer4,16.5,4.73158,-0.3,0,2
315268,bullet3,3.5944,4.07052,0.8,0,1
315269,bullet5,3.58676,4.07674,0.8,0,1
315271,flyer2,15.0483,6.78622,-0.290333,0.0755447,2
315272,flyer3,15.1602,5.40603,-0.267963,0.134891,2
315272,bullet2,11.5866,3.47178,0.8,0,1
315273,player,2.69139,4.63933,-0.152188,0.0685984,1
315273,flyer4,15,4.73158,-0.3,0,2
315273,bullet3,7.5944,4.07052,0.8,0,1
315274,bullet5,7.58676,4.07674,0.8,0,1
315276,flyer2,13.5967,7.16394,-0.290333,0.0755447,2
315277,flyer3,13.8204,6.08049,-0.267963,0.134891,2
315277,bullet2,15.5866,3.47178,0.8,0,1
315277,bullet6,2.94122,5.25087,0.8,0,1
315278,player,2.55533,5.28289,0.0141068,0.0320205,1
315278,flyer4,13.5,4.73158,-0.3,0,2
315278,bullet3,11.5944,4.07052,0.8,0,1
315279,bullet5,11.5868,4.07674,0.8,0,1
315281,flyer2,12.145,7.54166,-0.290333,0.0755447,2
315282,flyer3,12.4805,6.75494,-0.267963,0.134891,2
315282,bullet6,6.94122,5.25087,0.8,0,1
315283,player,1.47497,6.4003,-0.165454,0.166305,1
315286,flyer2,10.6933,7.91939,-0.290333,0.0755447,2
315286,flayer7,16.5,4.73158,-0.3,0,2
315287,flyer3,11.1407,7.4294,-0.267963,0.134891,2
315287,bullet6,10.9412,5.25087,0.8,0,1
315288,player,2.53288,6.52001,0.0415412,0.0199839,1
315288,bullet4,2.93288,6.52001,0.8,0,1
315289,bullet1,2.95158,6.52901,0.8,0,1
315291,flyer2,9.24168,8.29711,-0.290333,0.0755447,2
315291,flayer7,15,4.73158,-0.3,0,1
315292,flyer3,9.80091,8.10385,-0.267963,0.134891,2
315292,bullet2,3.45485,6.5357,0.8,0,1
315293,player,3.12396,6.53606,0.0691103,0.000368759,1
315293,bullet4,6.93288,6.52001,0.8,0,1
315294,bullet1,6.95158,6.52901,0.8,0,1
315295,bullet3,3.56906,6.5363,0.8,0,1
315296,flyer2,7.79002,8.67483,-0.290333,0.0755447,2
315296,flayer7,13.5,4.73158,-0.3,0,1
315297,flyer3,8.4611,8.77831,-0.267963,0.134891,2
315297,bullet2,7.45485,6.5357,0.8,0,1
315298,player,3.17946,6.53636,0.00127528,6.80464e-06,1
315298,bullet4,10.9329,6.52001,0.8,0,1
315299,bullet1,10.9516,6.52901,0.8,0,1
315300,bullet3,7.56906,6.5363,0.8,0,1
315301,flyer2,6.33835,9.05255,-0.290333,0.0755447,2
315301,flayer7,12,4.73158,-0.3,0,1
315302,flyer3,7.12128,9.45277,-0.267963,0.134891,2
315302,bullet2,11.4549,6.5357,0.8,0,1
315303,player,3.18049,6.19887,2.35325e-05,-0.3375,1
315303,bullet4,14.9329,6.52001,0.8,0,1
315304,bullet1,14.9516,6.52901,0.8,0,1
315305,bullet3,11.5691,6.5363,0.8,0,1
315306,flyer2,4.88669,9.43028,-0.290333,0.0755447,2
315306,flayer7,10.5,4.73158,-0.3,0,1
315307,flyer3,5.78146,10.1272,-0.267963,0.134891,2
315307,bullet2,15.4549,6.5357,0.8,0,1
315308,player,2.28529,6.8538,-0.405843,0.362027,1
315310,bullet3,15.5691,6.5363,0.8,0,1
315311,flyer2,3.43502,9.808,-0.290333,0.0755447,2
315311,flayer7,9,4.73158,-0.3,0,1
315312,flyer3,4.44165,10.8017,-0.267963,0.134891,2
315312,flayer8,16.5,2.10293,-0.289074,0.0802274,2
315313,player,1.62186,7.14454,-0.344989,0.00668041,1
315316,flyer2,1.98336,10.1857,-0.290333,0.0755447,2
315316,flayer7,7.5,4.73158,-0.3,0,1
315317,flyer3,3.10183,11.4761,-0.267963,0.134891,2
315317,flayer8,15.0546,2.50407,-0.289074,0.0802274,2
315318,player,0.4,7.70762,-0,0.068467,1
315318,bullet5,0.8,7.70762,0.8,0,1
315321,flyer2,0.531699,10.5634,-0.290333,0.0755447,2
315321,flayer7,5.99999,4.73158,-0.3,0,1
315321,bullet6,0.8,7.20081,0.8,0,1
315322,flyer3,1.76201,12.1506,-0.267963,0.134891,2
315322,flayer8,13.6093,2.9052,-0.289074,0.0802274,2
315323,player,0.4,7.16029,0,-0.0125762,1
315323,bullet5,4.8,7.70762,0.8,0,1
315323,bullet4,0.8,7.16029,0.8,0,1
315325,bullet1,0.8,7.15208,0.8,0,1
315326,flayer7,4.49999,4.73158,-0.3,0,1
315326,bullet6,4.8,7.20081,0.8,0,1
315327,flyer3,0.422195,12.8251,-0.267963,0.134891,2
315327,flayer8,12.1639,3.30634,-0.289074,0.0802274,2
315328,player,0.4,6.81269,0,-0.337732,1
315328,bullet5,8.8,7.70762,0.8,0,1
315328,bullet4,4.8,7.16029,0.8,0,1
315330,bullet1,4.8,7.15208,0.8,0,1
315331,flayer7,2.99999,4.73158,-0.3,0,1
315331,bullet6,8.8,7.20081,0.8,0,1
315332,flayer8,10.7185,3.70748,-0.289074,0.0802274,2
315333,player,0.4,6.54147,0,-0.00623211,1
315333,bullet5,12.8,7.70762,0.8,0,1
315333,bullet4,8.8,7.16029,0.8,0,1
315335,bullet1,8.8,7.15208,0.8,0,1
315336,flayer7,1.49999,4.73158,-0.3,0,1
315336,bullet6,12.8,7.20081,0.8,0,1
315337,flayer8,9.27315,4.10861,-0.289074,0.0802274,2
315338,player,0.4,6.53646,0,-0.000115,1
315338,bullet4,12.8,7.16029,0.8,0,1
315339,bullet2,0.8,6.53641,0.8,0,1
315340,bullet1,12.8,7.15208,0.8,0,1
315341,flayer7,-6.4373e-06,4.73158,-0.3,0,1
315342,flayer8,7.82778,4.50975,-0.289074,0.0802274,2
315342,bullet3,0.8,6.53637,0.8,0,1
315343,player,0.4,6.53637,0,-2.12207e-06,1
315343,bullet4,16.8,7.16029,0.8,0,1
315344,bullet2,4.8,6.53641,0.8,0,1
315345,flyer1,16.5,4.73158,-0.281373,-0.104062,2
315345,bullet5,0.8,6.53637,0.8,0,1
315347,flayer8,6.38241,4.91089,-0.289074,0.0802274,2
315347,bullet3,4.8,6.53637,0.8,0,1
315347,bullet6,0.8,6.53637,0.8,0,1
315348,player,0.4,6.53637,0,-3.91582e-08,1
315349,bullet2,8.8,6.53641,0.8,0,1
315350,flyer1,15.0931,4.21126,-0.281373,-0.104062,2
315350,bullet5,4.8,6.53637,0.8,0,1
315352,flayer8,4.93705,5.31202,-0.289074,0.0802274,2
315352,bullet3,8.8,6.53637,0.8,0,1
315352,bullet6,4.8,6.53637,0.8,0,1
315353,player,1.33981,6.80118,0.35134,-0.32366,1
315354,bullet2,12.8,6.53641,0.8,0,1
315355,flyer1,13.6863,3.69095,-0.281373,-0.104062,2
315355,bullet5,8.8,6.53637,0.8,0,1
315357,flayer8,3.49168,5.71316,-0.289074,0.0802274,2
315357,bullet3,12.8,6.53637,0.8,0,1
315357,bullet6,8.8,6.53637,0.8,0,1
315358,player,2.17969,6.54126,0.074827,-0.00597244,1
