329326,player,14.0452,2.16115,0,0,1
329328,bullet1,13.6452,2.16115,-0.8,-6.99382e-08,1
329331,player,13.7077,2.49865,-0.3375,0.3375,1
329333,bullet1,9.64524,2.16115,-0.8,-6.99382e-08,1
329336,player,13.9261,1.69185,0.145647,-0.176402,1
329338,bullet1,5.64524,2.16115,-0.8,-6.99382e-08,1
329340,bullet2,13.8826,1.52268,0.8,0,1
329341,player,13.7921,1.87384,0.309433,0.35116,1
329343,bullet1,1.64524,2.16115,-0.8,-6.99382e-08,1
329343,bullet3,14.394,2.10297,0.8,0,1
329346,player,14.5983,2.15585,0.0740537,0.00647989,1
329347,bullet4,15.0316,2.15877,0.8,0,1
329350,flyer1,16.5,9.17107,-0.3,0,2
329350,bullet5,15.6141,1.60322,0.8,0,1
329351,player,15.2462,1.57258,0.0321212,-0.0306351,1
329355,flyer1,15,9.17107,-0.3,0,2
329355,flyer2,16.5,9.17107,-0.266432,-0.137892,2
329356,player,15.272,1.05861,0.000592726,-0.15244,1
329358,bullet6,16,0.469763,0.8,0,1
329360,flyer1,13.5,9.17107,-0.3,0,2
329360,flyer2,15.1678,8.48161,-0.266432,-0.137892,2
329360,flyer3,16.5,9.17107,-0.3,0,2
329360,bullet2,16,0.4,0.8,0,1
329361,player,15.6,0.393755,0,-0.00624471,1
329364,bullet1,16,0.4,0.8,0,1
329365,flyer1,12,9.17107,-0.3,0,2
329365,flyer2,13.8357,7.79216,-0.266432,-0.137892,2
329365,flyer3,15,9.17107,-0.3,0,2
329365,flyer4,16.5,9.17107,-0.289293,-0.0794323,2
329365,bullet3,16,0.4,0.8,0,1
329366,player,15.6,0.4,0,0,1
329370,flyer1,10.5,9.17107,-0.3,0,2
329370,flyer2,12.5035,7.1027,-0.266432,-0.137892,2
329370,flyer3,13.5,9.17107,-0.3,0,2
329370,flyer4,15.0535,8.77391,-0.289293,-0.0794323,2
329371,player,15.6,0.4,0,-0.237768,1
329373,bullet4,16,0.4,0.8,0,1
329375,flyer1,9,9.17107,-0.3,0,2
329375,flyer2,11.1714,6.41324,-0.266432,-0.137892,2
329375,flyer3,12,9.17107,-0.3,0,2
329375,flyer4,13.6071,8.37675,-0.289293,-0.0794323,2
329376,player,15.1106,0.4,-0.151875,0,1
329377,bullet5,15.4423,0.4,0.8,0,1
329378,bullet6,15.4115,0.4,0.8,0,1
329380,flyer1,7.5,9.17107,-0.3,0,2
329380,flyer2,9.8392,5.72378,-0.266432,-0.137892,2
329380,flyer3,10.5,9.17107,-0.3,0,2
329380,flyer4,12.1606,7.97959,-0.289293,-0.0794323,2
329380,bullet2,15.3915,0.4,0.8,0,1
329381,player,14.9887,0.4,-0.00280252,0,1
329383,bullet1,15.3868,0.4,0.8,0,1
329384,bullet3,15.3866,0.4,0.8,0,1
329385,flyer1,5.99999,9.17107,-0.3,0,2
329385,flyer2,8.50705,5.03432,-0.266432,-0.137892,2
329385,flyer3,9,9.17107,-0.3,0,2
329385,flyer4,10.7141,7.58242,-0.289293,-0.0794323,2
329386,player,14.9864,0.4,-5.17144e-05,0,1
329386,bullet4,15.3864,0.4,0.8,0,1
329390,flyer1,4.49999,9.17107,-0.3,0,2
329390,flyer2,7.17489,4.34486,-0.266432,-0.137892,2
329390,flyer3,7.5,9.17107,-0.3,0,2
329390,flyer4,9.26767,7.18526,-0.289293,-0.0794323,2
329390,bullet5,14.8286,0.957719,0.8,0,1
329391,player,14.3979,0.650973,-0.0307556,-0.306745,1
329394,bullet6,15.2644,0.912245,0.8,0,1
329395,flyer1,2.99999,9.17107,-0.3,0,2
329395,flyer2,5.84273,3.6554,-0.266432,-0.137892,2
329395,flyer3,5.99999,9.17107,-0.3,0,2
329395,flyer4,7.8212,6.7881,-0.289293,-0.0794323,2
329396,player,14.9617,0.993105,0.0301872,0.0250944,1
329396,bullet2,15.3617,0.993105,0.8,0,1
329400,flyer1,1.49999,9.17107,-0.3,0,2
329400,flyer2,4.51057,2.96594,-0.266432,-0.137892,2
329400,flyer3,4.49999,9.17107,-0.3,0,2
329400,flyer4,6.37473,6.39094,-0.289293,-0.0794323,2
329401,player,15.6,2.09111,0,0.183093,1
329401,bullet1,16,2.09111,0.8,0,1
329403,bullet3,16,2.21057,0.8,0,1
329404,bullet4,16,2.22726,0.8,0,1
329405,flyer1,-6.4373e-06,9.17107,-0.3,0,2
329405,flyer2,3.17841,2.27648,-0.266432,-0.137892,2
329405,flyer3,2.99999,9.17107,-0.3,0,2
329405,flyer4,4.92827,5.99377,-0.289293,-0.0794323,2
329406,player,15.2625,1.90065,-0.3375,-0.334121,1
329407,flyer5,16.5,12.0377,-0.280016,0.107662,2
329410,flyer2,1.84625,1.58703,-0.266432,-0.137892,2
329410,flyer3,1.49999,9.17107,-0.3,0,2
329410,flyer4,3.4818,5.59661,-0.289293,-0.0794323,2
329411,player,15.1044,2.724,-0.144263,0.159549,1
329411,bullet5,15.5044,2.724,0.8,0,1
329412,flyer5,15.0999,12.576,-0.280016,0.107662,2
329413,bullet6,15.4103,2.82811,0.8,0,1
329414,bullet2,15.3971,2.84265,0.8,0,1
329415,flyer2,0.514092,0.897567,-0.266432,-0.137892,2
329415,flyer3,-6.4373e-06,9.17107,-0.3,0,2
329415,flyer4,2.03534,5.19945,-0.289293,-0.0794323,2
329416,player,14.9885,2.85214,-0.00266206,0.00294413,1
329417,flyer5,13.6998,13.1143,-0.280016,0.107662,2
329417,flyer6,16.5,13.4788,-0.294857,-0.0553115,2
329419,flayer7,16.5,13.4788,-0.279458,-0.109101,2
329420,flyer4,0.588871,4.80229,-0.289293,-0.0794323,2
329421,player,14.7618,2.70262,-0.475585,0.185679,1
329422,flyer5,12.2998,13.6526,-0.280016,0.107662,2
329422,flyer6,15.0257,13.2023,-0.294857,-0.0553115,2
329424,flayer7,15.1027,12.9333,-0.279458,-0.109101,2
329424,flayer8,16.5,13.4788,-0.249611,0.166416,2
329424,bullet1,14.0082,2.8407,-0.8,-6.99382e-08,1
329426,player,13.8905,2.36236,-0.160651,-0.148449,1
329427,flyer5,10.8997,14.1909,-0.280016,0.107662,2
329427,flyer6,13.5514,12.9257,-0.294857,-0.0553115,2
329428,bullet3,13.6963,2.75488,0.8,0,1
329429,flayer7,13.7054,12.3878,-0.279458,-0.109101,2
329429,flayer8,15.2519,14.3109,-0.249611,0.166416,2
329429,bullet1,10.0082,2.8407,-0.8,-6.99382e-08,1
329431,player,13.1592,2.84546,-0.0168041,0.0111003,1
329431,bullet4,13.5592,2.84546,0.8,0,1
329432,flyer5,9.4996,14.7292,-0.280016,0.107662,2
329432,flyer6,12.0771,12.6492,-0.294857,-0.0553115,2
329434,flayer7,12.3081,11.8423,-0.279458,-0.109101,2
329434,flayer8,14.0039,15.143,-0.249611,0.166416,2
329434,bullet1,6.00818,2.8407,-0.8,-6.99382e-08,1
329436,player,14.1928,2.78603,0.219909,0.0837361,1
329437,flyer5,8.09952,15.2676,-0.280016,0.107662,2
329437,flyer6,10.6029,12.3726,-0.294857,-0.0553115,2
329437,bullet5,14.6918,2.82371,0.8,0,1
329439,flayer7,10.9108,11.2968,-0.279458,-0.109101,2
329439,flayer8,12.7558,15.9751,-0.249611,0.166416,2
329439,bullet1,2.00818,2.8407,-0.8,-6.99382e-08,1
329440,bullet6,14.2076,2.29402,0.8,0,1
329441,player,13.4434,2.26481,-0.364197,-0.0292095,1
329442,flyer5,6.69944,15.8059,-0.280016,0.107662,2
329442,flyer6,9.12857,12.096,-0.294857,-0.0553115,2
329444,flayer7,9.51355,10.7513,-0.279458,-0.109101,2
329444,bullet2,13.5726,2.24309,0.8,0,1
329445,bullet3,13.5577,2.24189,0.8,0,1
329446,player,13.1509,2.24135,-0.00672045,-0.000538998,1
329447,flyer5,5.29936,16.3442,-0.280016,0.107662,2
329447,flyer6,7.65429,11.8195,-0.294857,-0.0553115,2
329448,bullet4,13.0572,1.75162,0.8,0,1
329449,flayer7,8.11626,10.2058,-0.279458,-0.109101,2
329449,flyer1,16.5,13.4788,-0.251078,0.164194,2
329450,bullet5,12.9572,1.65245,0.8,0,1
329451,player,12.5432,1.6386,-0.0139636,-0.0138496,1
329452,flyer6,6.18,11.5429,-0.294857,-0.0553115,2
329454,flayer7,6.71897,9.66028,-0.279458,-0.109101,2
329454,flyer1,15.2446,14.2998,-0.251078,0.164194,2
329454,bullet1,12.3751,1.07059,0.8,0,1
329456,player,12.4191,1.02517,0.137778,-0.0140952,1
329457,flyer6,4.70572,11.2664,-0.294857,-0.0553115,2
329459,flayer7,5.32167,9.11477,-0.279458,-0.109101,2
329459,flyer1,13.9892,15.1208,-0.251078,0.164194,2
329459,bullet1,16.3751,1.07059,0.8,0,1
329460,flyer3,16.5,13.4788,-0.3,0,2
329461,player,12.8672,0.749036,0.340042,0.3234,1
329462,flyer6,3.23143,10.9898,-0.294857,-0.0553115,2
329464,flayer7,3.92438,8.56926,-0.279458,-0.109101,2
329464,flyer1,12.7338,15.9417,-0.251078,0.164194,2
329464,bullet6,13.5201,0.431805,0.8,0,1
329465,flyer3,15,13.4788,-0.3,0,2
329466,player,13.4778,0.40644,0.343775,-0.00787196,1
329467,flyer6,1.75715,10.7133,-0.294857,-0.0553115,2
329469,flayer7,2.52709,8.02376,-0.279458,-0.109101,2
329469,flyer2,16.5,12.2522,-0.229259,0.193495,2
329470,flyer3,13.5,13.4788,-0.3,0,2
329471,player,14.0914,1.29522,0.343844,0.405844,1
329472,flyer6,0.282864,10.4367,-0.294857,-0.0553115,2
329472,bullet2,14.6461,1.47785,0.8,0,1
329474,flayer7,1.1298,7.47825,-0.279458,-0.109101,2
329474,flyer2,15.3537,13.2197,-0.229259,0.193495,2
329475,flyer3,12,13.4788,-0.3,0,2
329475,flyer4,16.5,12.2522,-0.29912,-0.0229552,2
329476,player,14.8569,1.62115,0.15822,0.00748896,1
329478,bullet3,15.3601,1.62603,0.8,0,1
329479,flayer7,-0.267494,6.93274,-0.279458,-0.109101,2
329479,flyer2,14.2074,14.1871,-0.229259,0.193495,2
329479,bullet4,15.3746,1.62671,0.8,0,1
329480,flyer3,10.5,13.4788,-0.3,0,2
329480,flyer4,15.0044,12.1374,-0.29912,-0.0229552,2
329481,player,14.984,1.28966,0.0029196,-0.337362,1
329481,flayer8,16.5,12.2522,-0.3,0,2
329484,flyer2,13.0611,15.1546,-0.229259,0.193495,2
329485,flyer3,9,13.4788,-0.3,0,2
329485,flyer4,13.5088,12.0226,-0.29912,-0.0229552,2
329486,player,15.0309,2.17876,-0.0544503,0.0759581,1
329486,flayer8,15,12.2522,-0.3,0,2
329486,bullet5,15.4309,2.17876,0.8,0,1
329489,flyer2,11.9148,16.1221,-0.229259,0.193495,2
329489,bullet1,14.8327,1.67753,0.8,0,1
329490,flyer3,7.5,13.4788,-0.3,0,2
329490,flyer4,12.0132,11.9079,-0.29912,-0.0229552,2
329491,player,14.3849,1.63745,-0.0148444,-0.012438,1
329491,flayer8,13.5,12.2522,-0.3,0,2
329491,flyer5,16.5,12.2522,-0.241521,-0.177954,2
329491,bullet6,13.9849,1.63745,-0.8,-6.99382e-08,1
329495,flyer3,5.99999,13.4788,-0.3,0,2
329495,flyer4,10.5176,11.7931,-0.29912,-0.0229552,2
329496,player,13.8152,1.6958,-0.0686177,-0.0837608,1
329496,flayer8,12,12.2522,-0.3,0,2
329496,flyer5,15.2924,11.3624,-0.241521,-0.177954,2
329496,bullet6,9.98487,1.63745,-0.8,-6.99382e-08,1
329499,bullet2,13.6748,2.12289,0.8,0,1
329500,flyer3,4.49999,13.4788,-0.3,0,2
329500,flyer4,9.02198,11.6783,-0.29912,-0.0229552,2
329501,player,13.1716,2.21701,-0.0320209,0.0292091,1
329501,flayer8,10.5,12.2522,-0.3,0,2
329501,flyer5,14.0848,10.4727,-0.241521,-0.177954,2
329501,bullet6,5.98487,1.63745,-0.8,-6.99382e-08,1
329501,bullet3,13.5716,2.21701,0.8,0,1
329505,flyer3,2.99999,13.4788,-0.3,0,2
329505,flyer4,7.52637,11.5636,-0.29912,-0.0229552,2
329505,bullet4,14.1042,2.23993,0.8,0,1
329506,player,13.7344,2.24047,0.0301638,0.000538989,1
329506,flayer8,9,12.2522,-0.3,0,2
329506,flyer5,12.8772,9.58288,-0.241521,-0.177954,2
329506,bullet6,1.98486,1.63745,-0.8,-6.99382e-08,1
329506,bullet5,14.1344,2.24047,0.8,0,1
329508,bullet1,14.1541,2.24082,0.8,0,1
329510,flyer3,1.49999,13.4788,-0.3,0,2
329510,flyer4,6.03077,11.4488,-0.29912,-0.0229552,2
329511,player,13.2009,1.68318,-0.0677871,-0.0683338,1
329511,flayer8,7.5,12.2522,-0.3,0,2
329511,flyer5,11.6696,8.69311,-0.241521,-0.177954,2
329511,bullet2,13.6009,1.68318,0.8,0,1
329515,flyer3,-6.4373e-06,13.4788,-0.3,0,2
329515,flyer4,4.53517,11.334,-0.29912,-0.0229552,2
329516,player,12.6571,0.536615,-0.153126,-0.166976,1
329516,flayer8,5.99999,12.2522,-0.3,0,2
329516,flyer5,10.462,7.80333,-0.241521,-0.177954,2
329516,bullet3,13.0571,0.536615,0.8,0,1
329519,bullet4,12.9432,0.4,0.8,0,1
329520,flyer4,3.03957,11.2192,-0.29912,-0.0229552,2
329521,player,12.5341,0.4,-0.0028256,0,1
329521,flayer8,4.49999,12.2522,-0.3,0,2
329521,flyer5,9.25438,6.91356,-0.241521,-0.177954,2
329521,bullet6,12.9341,0.4,0.8,0,1
329522,bullet5,12.9329,0.4,0.8,0,1
329525,flyer4,1.54397,11.1045,-0.29912,-0.0229552,2
329525,bullet1,12.9319,0.4,0.8,0,1
329526,player,12.5319,0.4,-5.21403e-05,0,1
329526,flayer8,2.99999,12.2522,-0.3,0,2
329526,flyer5,8.04677,6.02379,-0.241521,-0.177954,2
329526,bullet2,12.9319,0.4,0.8,0,1
329530,flyer4,0.0483639,10.9897,-0.29912,-0.0229552,2
329531,player,13.0895,0.7375,0.0683428,0.3375,1
329531,flayer8,1.49999,12.2522,-0.3,0,2
329531,flyer5,6.83917,5.13401,-0.241521,-0.177954,2
329531,flyer1,16.5,1.38271,-0.297616,0.0377481,2
329532,flyer6,16.5,4.18567,-0.3,0,2
329534,bullet3,12.9826,1.54619,0.8,0,1
329536,player,12.5421,1.27335,-0.0125785,-0.317433,1
329536,flayer8,-6.4373e-06,12.2522,-0.3,0,2
329536,flyer5,5.63157,4.24424,-0.241521,-0.177954,2
329536,flyer1,15.0119,1.57145,-0.297616,0.0377481,1
329537,flyer6,15,4.18567,-0.3,0,2
329537,bullet4,12.9365,1.13051,0.8,0,1
329541,player,13.3589,0.866554,0.489143,0.179767,1
329541,flyer5,4.42396,3.35447,-0.241521,-0.177954,2
329542,flyer6,13.5,4.18567,-0.3,0,2
329543,flayer7,16.5,4.18567,-0.299096,-0.0232741,2
329543,bullet6,14.0781,0.983853,0.8,0,1
329546,player,13.7517,1.01092,0.00902606,0.00331722,1
329546,flyer5,3.21636,2.46469,-0.241521,-0.177954,2
329546,flyer2,16.5,4.18567,-0.3,0,2
329547,flyer6,12,4.18567,-0.3,0,2
329547,bullet5,14.1558,1.01242,0.8,0,1
329548,flayer7,15.0045,4.0693,-0.299096,-0.0232741,2
329548,bullet1,14.1576,1.01309,0.8,0,1
329551,player,13.759,0.524212,0.000166556,-0.151814,1
329551,flyer5,2.00876,1.57492,-0.241521,-0.177954,2
329551,flyer2,15,4.18567,-0.3,0,2
329551,bullet2,14.159,0.524212,0.8,0,1
329552,flyer6,10.5,4.18567,-0.3,0,2
329553,flayer7,13.509,3.95293,-0.299096,-0.0232741,2
329554,bullet3,13.6697,0.900694,0.8,0,1
329556,player,13.1706,0.990766,-0.0307516,0.0279533,1
329556,flyer5,0.801156,0.68515,-0.241521,-0.177954,2
329556,flyer2,13.5,4.18567,-0.3,0,2
329557,flyer6,9,4.18567,-0.3,0,2
329558,flayer7,12.0136,3.83656,-0.299096,-0.0232741,2
329561,player,13.4107,0.762242,-0.324228,0.307261,1
329561,flyer5,-0.406448,-0.204623,-0.241521,-0.177954,2
329561,flyer2,12,4.18567,-0.3,0,2
329562,flyer6,7.5,4.18567,-0.3,0,2
329562,flyer3,16.5,4.18567,-0.3,0,2
329563,flayer7,10.5181,3.72019,-0.299096,-0.0232741,2
329563,bullet4,13.5992,0.962729,0.8,0,1
329566,player,13.1504,0.519623,-0.00598292,-0.146205,1
329566,flyer2,10.5,4.18567,-0.3,0,2
329567,flyer6,5.99999,4.18567,-0.3,0,2
329567,flyer3,15,4.18567,-0.3,0,2
329568,flayer7,9.0226,3.60382,-0.299096,-0.0232741,2
329570,bullet6,12.988,0.4,0.8,0,1
329571,player,12.5571,0.4,-0.0308651,0,1
329571,flyer2,9,4.18567,-0.3,0,2
329571,bullet5,12.9571,0.4,0.8,0,1
329572,flyer6,4.49999,4.18567,-0.3,0,2
329572,flyer3,13.5,4.18567,-0.3,0,2
329573,flayer7,7.52712,3.48744,-0.299096,-0.0232741,2
329573,bullet1,12.937,0.4,0.8,0,1
329576,player,12.5323,0.4,-0.000569548,0,1
329576,flyer2,7.5,4.18567,-0.3,0,2
329577,flyer6,2.99999,4.18567,-0.3,0,2
329577,flyer3,12,4.18567,-0.3,0,2
329577,bullet2,12.9321,0.4,0.8,0,1
329578,flayer7,6.03164,3.37107,-0.299096,-0.0232741,2
329580,bullet3,12.9319,0.4,0.8,0,1
329581,player,12.5319,0.7375,-1.05098e-05,0.3375,1
329581,flyer2,5.99999,4.18567,-0.3,0,2
329582,flyer6,1.49999,4.18567,-0.3,0,2
329582,flyer3,10.5,4.18567,-0.3,0,2
329583,flayer7,4.53616,3.2547,-0.299096,-0.0232741,2
329585,bullet4,12.3741,1.00231,0.8,0,1
329586,player,11.9434,1.00854,-0.0307549,0.00622782,1
329586,flyer2,4.49999,4.18567,-0.3,0,2
329587,flyer6,-6.4373e-06,4.18567,-0.3,0,2
329587,flyer3,9,4.18567,-0.3,0,2
329587,bullet6,12.3295,1.01134,0.8,0,1
329588,flayer7,3.04068,3.13833,-0.299096,-0.0232741,2
329588,bullet5,11.5233,1.0126,-0.8,-6.99382e-08,1
329590,bullet4,16.3741,1.00231,0.8,0,1
329590,bullet1,12.3192,1.01343,0.8,0,1
329591,player,11.9187,1.01354,-0.000567514,0.000114921,1
329591,flyer2,2.99999,4.18567,-0.3,0,2
329591,bullet2,12.3187,1.01354,0.8,0,1
329592,flyer3,7.5,4.18567,-0.3,0,2
329592,bullet6,16.3295,1.01134,0.8,0,1
329593,flayer7,1.5452,3.02196,-0.299096,-0.0232741,2
329593,bullet5,7.5233,1.0126,-0.8,-6.99382e-08,1
329594,bullet3,12.8076,0.524253,0.8,0,1
329595,bullet1,16.3192,1.01343,0.8,0,1
329596,player,12.5067,0.425161,0.0307442,-0.0307526,1
329596,flyer2,1.49999,4.18567,-0.3,0,2
329596,bullet2,16.3187,1.01354,0.8,0,1
329597,flyer3,5.99999,4.18567,-0.3,0,2
329597,bullet4,12.9205,0.411323,0.8,0,1
329598,flayer7,0.0497246,2.90559,-0.299096,-0.0232741,2
329598,bullet5,3.5233,1.0126,-0.8,-6.99382e-08,1
329598,bullet6,12.9267,0.405095,0.8,0,1
329601,player,12.5314,0.4,0.000567317,0,1
329601,flyer2,-6.4373e-06,4.18567,-0.3,0,2
329601,bullet1,12.9314,0.4,0.8,0,1
329602,flyer3,4.49999,4.18567,-0.3,0,2
329603,flyer4,16.5,12.0161,-0.288738,0.0814272,2
329603,bullet5,-0.476698,1.0126,-0.8,-6.99382e-08,1
329603,bullet2,12.9317,0.4,0.8,0,1
329605,bullet3,12.9318,0.4,0.8,0,1
329606,player,12.5318,0.4,1.04686e-05,0,1
329607,flyer3,2.99999,4.18567,-0.3,0,2
329608,flyer4,15.0563,12.4232,-0.288738,0.0814272,2
329608,flayer8,16.5,12.0161,-0.247135,-0.170071,2
329610,flyer1,16.5,12.0161,-0.3,0,2
329610,bullet4,12.3741,0.957719,0.8,0,1
329611,player,11.9434,0.988474,-0.0307545,0.0307547,1
329612,flyer3,1.49999,4.18567,-0.3,0,2
329613,flyer4,13.6126,12.8304,-0.288738,0.0814272,2
329613,flayer8,15.2643,11.1657,-0.247135,-0.170071,2
329614,bullet6,12.3205,1.56906,0.8,0,1
329615,flyer1,15,12.0161,-0.3,0,2
329615,bullet4,16.3741,0.957719,0.8,0,1
329615,bullet5,12.3192,1.60108,0.8,0,1
329616,player,11.9187,1.61549,-0.000567507,0.0144071,1
329617,flyer3,-6.4373e-06,4.18567,-0.3,0,2
329617,bullet1,12.3184,1.62197,0.8,0,1
329618,flyer4,12.1689,13.2375,-0.288738,0.0814272,2
329618,flayer8,14.0286,10.3154,-0.247135,-0.170071,2
329619,bullet6,16.3205,1.56906,0.8,0,1
329620,flyer1,13.5,12.0161,-0.3,0,2
329620,bullet5,16.3192,1.60108,0.8,0,1
329621,player,11.3605,2.18477,-0.0683542,0.0686096,1
329621,bullet2,11.7605,2.18477,0.8,0,1
329622,bullet1,16.3184,1.62197,0.8,0,1
329622,bullet3,11.7297,2.21565,0.8,0,1
329623,flyer4,10.7252,13.6447,-0.288738,0.0814272,2
329623,flayer8,12.793,9.46503,-0.247135,-0.170071,2
329625,flyer1,12,12.0161,-0.3,0,2
329626,player,10.8162,1.68215,-0.153136,-0.0670777,1
329626,bullet2,15.7605,2.18477,0.8,0,1
329627,bullet3,15.7297,2.21565,0.8,0,1
329628,flyer4,9.28154,14.0518,-0.288738,0.0814272,2
329628,flayer8,11.5573,8.61467,-0.247135,-0.170071,2
329628,flyer5,16.5,12.0161,-0.255176,-0.157751,2
329630,flyer1,10.5,12.0161,-0.3,0,2
329631,player,10.3419,1.8931,-0.323411,-0.324898,1
329633,flyer4,7.83785,14.4589,-0.288738,0.0814272,2
329633,flayer8,10.3216,7.76431,-0.247135,-0.170071,2
329633,flyer5,15.2241,11.2273,-0.255176,-0.157751,2
329634,bullet4,11.0591,1.65149,0.8,0,1
329635,flyer1,9,12.0161,-0.3,0,2
329636,player,10.6845,1.1428,0.00787177,-0.15787,1
329637,bullet6,11.088,1.07176,0.8,0,1
329638,flyer4,6.39416,14.8661,-0.288738,0.0814272,2
329638,flayer8,9.08595,6.91396,-0.247135,-0.170071,2
329638,flyer5,13.9482,10.4386,-0.255176,-0.157751,2
329639,bullet4,15.0591,1.65149,0.8,0,1
329640,flyer1,7.5,12.0161,-0.3,0,2
329640,bullet5,11.0907,1.01893,0.8,0,1
329641,player,10.6908,1.01602,0.000145256,-0.00291315,1
329642,bullet6,15.088,1.07176,0.8,0,1
329643,flyer4,4.95048,15.2732,-0.288738,0.0814272,2
329643,flayer8,7.85027,6.0636,-0.247135,-0.170071,2
329643,flyer5,12.6724,9.64984,-0.255176,-0.157751,2
329644,bullet1,11.0909,0.456134,0.8,0,1
329645,flyer1,5.99999,12.0161,-0.3,0,2
329645,bullet5,15.0907,1.01893,0.8,0,1
329646,player,10.6909,0.4,2.68039e-06,0,1
329647,bullet2,11.0909,0.4,0.8,0,1
329648,flyer4,3.50679,15.6803,-0.288738,0.0814272,2
329648,flayer8,6.61459,5.21324,-0.247135,-0.170071,2
329648,flyer5,11.3965,8.86108,-0.255176,-0.157751,2
329648,bullet3,11.0909,0.4,0.8,0,1
329649,bullet1,15.0909,0.456134,0.8,0,1
329650,flyer1,4.49999,12.0161,-0.3,0,2
329651,player,10.6909,0.4,4.94607e-08,0,1
329652,bullet2,15.0909,0.4,0.8,0,1
329653,flyer4,2.0631,16.0875,-0.288738,0.0814272,2
329653,flayer8,5.37892,4.36288,-0.247135,-0.170071,2
329653,flyer5,10.1206,8.07233,-0.255176,-0.157751,2
329653,bullet3,15.0909,0.4,0.8,0,1
329654,bullet4,11.0909,0.957719,0.8,0,1
329655,flyer1,2.99999,12.0161,-0.3,0,2
329656,player,10.6909,1.49169,9.12689e-10,0.165715,1
329658,flyer4,0.619406,16.4946,-0.288738,0.0814272,2
329658,flayer8,4.14324,3.51253,-0.247135,-0.170071,2
329658,flyer5,8.84473,7.28357,-0.255176,-0.157751,2
329659,bullet4,15.0909,0.957719,0.8,0,1
329659,bullet6,11.5803,1.61492,0.8,0,1
329660,flyer1,1.49999,12.0161,-0.3,0,2
329661,player,11.2794,1.28727,0.0307547,-0.334442,1
329663,flayer8,2.90757,2.66217,-0.247135,-0.170071,2
329663,flyer5,7.56885,6.49482,-0.255176,-0.157751,2
329664,bullet6,15.5803,1.61492,0.8,0,1
329665,flyer1,-6.4373e-06,12.0161,-0.3,0,2
329665,bullet5,11.6044,1.51423,0.8,0,1
329666,player,11.2595,1.5764,0.0550717,0.0621724,1
329667,flyer6,16.5,12.0161,-0.3,0,2
329668,flayer8,1.67189,1.81181,-0.247135,-0.170071,2
329668,flyer5,6.29298,5.70606,-0.255176,-0.157751,2
329670,bullet5,15.6044,1.51423,0.8,0,1
329671,player,11.3483,2.78637,-0.0534879,0.0833306,1
329671,flayer7,16.5,2.54084,-0.3,0,2
329671,bullet1,11.7483,2.78637,0.8,0,1
329672,flyer6,15,12.0161,-0.3,0,2
329673,flayer8,0.436217,0.961454,-0.247135,-0.170071,2
329673,flyer5,5.0171,4.91731,-0.255176,-0.157751,2
329674,bullet2,11.7086,2.29061,0.8,0,1
329676,player,11.3054,1.7616,-0.000987002,-0.164177,1
329676,flayer7,15,2.54084,-0.3,0,1
329677,flyer6,13.5,12.0161,-0.3,0,2
329677,bullet3,11.7049,1.68772,0.8,0,1
329678,flyer5,3.74122,4.12855,-0.255176,-0.157751,2
329681,player,10.8152,2.11913,-0.151893,0.148845,1
329682,flyer6,12,12.0161,-0.3,0,2
329682,bullet3,15.7049,1.68772,0.8,0,1
329682,bullet4,11.1469,2.18611,0.8,0,1
329683,flyer5,2.46534,3.3398,-0.255176,-0.157751,2
329684,flyer2,16.5,2.54084,-0.3,0,2
329686,player,11.2509,2.30701,0.0655409,-0.0807846,1
329687,flyer6,10.5,12.0161,-0.3,0,2
329688,flyer5,1.18946,2.55104,-0.255176,-0.157751,2
329689,flyer2,15,2.54084,-0.3,0,1
329691,player,10.7013,1.91847,-0.0126302,-0.355906,1
329692,flyer6,9,12.0161,-0.3,0,2
329692,flyer3,16.5,2.54084,-0.281423,0.10393,2
329692,bullet6,11.0956,1.75831,0.8,0,1
329693,flyer5,-0.0864146,1.76228,-0.255176,-0.157751,2
329694,flyer2,13.5,2.54084,-0.3,0,0
329696,player,10.7595,1.07493,-0.0837643,-0.0749112,1
329697,flyer6,7.5,12.0161,-0.3,0,2
329697,flyer3,15.0929,3.06049,-0.281423,0.10393,2
329699,flyer4,16.5,2.54084,-0.279581,0.108787,2
329700,flyer1,16.5,9.93678,-0.3,0,2
329701,player,11.8522,0.412453,0.0806377,-0.0152219,1
329701,bullet5,12.2522,0.412453,0.8,0,1
329702,flyer6,5.99999,12.0161,-0.3,0,2
329702,flyer3,13.6858,3.58014,-0.281423,0.10393,2
329704,flyer4,15.1021,3.08478,-0.279581,0.108787,2
329705,flyer1,15,9.93678,-0.3,0,2
329706,player,12.9641,1.44732,0.221707,0.219938,1
329706,bullet5,16.2522,0.412453,0.8,0,1
329707,flyer6,4.49999,12.0161,-0.3,0,2
329707,flyer3,12.2787,4.09979,-0.281423,0.10393,2
329709,flyer4,13.7042,3.62871,-0.279581,0.108787,2
329710,flyer1,13.5,9.93678,-0.3,0,2
329711,player,13.1729,1.65471,-0.0334979,-0.0335306,1
329711,bullet1,13.5729,1.65471,0.8,0,1
329712,flyer6,2.99999,12.0161,-0.3,0,2
329712,flyer3,10.8715,4.61943,-0.281423,0.10393,2
329714,flyer4,12.3063,4.17265,-0.279581,0.108787,2
329715,flyer1,12,9.93678,-0.3,0,2
329715,bullet2,13.5466,1.03992,0.8,0,1
329716,player,13.146,0.687965,-0.000618131,-0.351958,1
329717,flyer6,1.49999,12.0161,-0.3,0,2
329717,flyer3,9.46444,5.13908,-0.281423,0.10393,2
329719,flyer4,10.9084,4.71658,-0.279581,0.108787,2
329719,bullet3,14.0349,0.42624,0.8,0,1
329720,flyer1,10.5,9.93678,-0.3,0,2
329721,player,13.734,0.405313,0.0307433,-0.00649462,1
329721,bullet4,14.134,0.405313,0.8,0,1
329722,flyer6,-6.4373e-06,12.0161,-0.3,0,2
329722,flyer3,8.05732,5.65873,-0.281423,0.10393,2
329724,flyer4,9.51047,5.26052,-0.279581,0.108787,2
329724,flayer8,16.5,9.93678,-0.257406,-0.154085,2
329725,flyer1,9,9.93678,-0.3,0,2
329726,player,13.4212,0.4,-0.336933,0,1
329727,flyer3,6.65021,6.17838,-0.281423,0.10393,2
329729,flyer4,8.11257,5.80445,-0.279581,0.108787,2
329729,flayer8,15.213,9.16635,-0.257406,-0.154085,2
329729,bullet6,14.1283,0.4,0.8,0,1
329730,flyer1,7.5,9.93678,-0.3,0,2
329731,player,13.4154,0.4,-0.329878,0,1
329732,flyer3,5.2431,6.69802,-0.281423,0.10393,2
329734,flyer4,6.71466,6.34839,-0.279581,0.108787,2
329734,flayer8,13.9259,8.39593,-0.257406,-0.154085,2
329735,flyer1,5.99999,9.93678,-0.3,0,2
329736,player,14.2967,1.54619,0.0930113,0.0990984,1
329736,bullet5,14.6967,1.54619,0.8,0,1
329737,flyer3,3.83598,7.21767,-0.281423,0.10393,2
329739,flyer4,5.31676,6.89232,-0.279581,0.108787,2
329739,flayer8,12.6389,7.6255,-0.257406,-0.154085,2
329740,flyer1,4.49999,9.93678,-0.3,0,2
329741,player,13.7829,1.65653,-0.0290384,-0.0357604,1
329742,flyer3,2.42887,7.73732,-0.281423,0.10393,2
329742,bullet1,14.1698,1.64044,0.8,0,1
329743,bullet2,14.1639,1.6332,0.8,0,1
329744,flyer4,3.91886,7.43626,-0.279581,0.108787,2
329744,flayer8,11.3519,6.85508,-0.257406,-0.154085,2
329745,flyer1,2.99999,9.93678,-0.3,0,2
329746,player,13.2702,0.800937,-0.152411,-0.490035,1
329747,flyer3,1.02176,8.25697,-0.281423,0.10393,2
329749,flyer4,2.52095,7.98019,-0.279581,0.108787,2
329749,flayer8,10.0648,6.08465,-0.257406,-0.154085,2
329749,bullet3,13.5568,0.436535,0.8,0,1
329750,flyer1,1.49999,9.93678,-0.3,0,2
329750,bullet4,13.5506,0.416441,0.8,0,1
329751,player,13.1478,0.407398,-0.00281241,-0.00904252,1
329752,flyer3,-0.385355,8.77662,-0.281423,0.10393,2
329753,bullet6,13.0566,0.890873,0.8,0,1
329754,flyer4,1.12305,8.52413,-0.279581,0.108787,2
329754,flayer8,8.77781,5.31422,-0.257406,-0.154085,2
329755,flyer1,-6.4373e-06,9.93678,-0.3,0,2
329756,player,12.5432,0.513074,-0.0138915,-0.138202,1
329757,flayer7,16.5,9.93678,-0.3,0,2
329757,bullet5,12.937,0.450883,0.8,0,1
329759,flyer4,-0.274853,9.06806,-0.279581,0.108787,2
329759,flayer8,7.49078,4.5438,-0.257406,-0.154085,2
329759,bullet1,12.9329,0.410304,0.8,0,1
329761,player,12.5321,0.4,-0.000256337,0,1
329762,flayer7,15,9.93678,-0.3,0,2
329762,flyer5,16.5,9.93678,-0.266047,0.138632,2
329763,bullet2,12.9319,0.4,0.8,0,1
329764,flayer8,6.20375,3.77337,-0.257406,-0.154085,2
329766,player,12.0425,0.889375,-0.15188,0.151875,1
329767,flayer7,13.5,9.93678,-0.3,0,2
329767,flyer5,15.1698,10.6299,-0.266047,0.138632,2
329768,flyer2,16.5,14.0185,-0.3,0,2
329769,flayer8,4.91673,3.00295,-0.257406,-0.154085,2
329770,bullet3,11.0339,0.420068,-0.8,-6.99382e-08,1
329771,player,11.3628,0.409031,-0.0711464,-0.0110371,1
329772,flayer7,12,9.93678,-0.3,0,2
329772,flyer5,13.8395,11.3231,-0.266047,0.138632,2
329772,bullet4,11.7308,0.404064,0.8,0,1
329773,flyer2,15,14.0185,-0.3,0,2
329774,flayer8,3.6297,2.23252,-0.257406,-0.154085,2
329775,bullet3,7.03393,0.420067,-0.8,-6.99382e-08,1
329776,player,11.3056,0.400167,-0.00131285,-0.000203665,1
329777,flayer7,10.5,9.93678,-0.3,0,2
329777,flyer5,12.5093,12.0163,-0.266047,0.138632,2
329777,bullet4,15.7308,0.404064,0.8,0,1
329778,flyer2,13.5,14.0185,-0.3,0,2
329779,flayer8,2.34267,1.46209,-0.257406,-0.154085,2
329779,bullet6,12.2624,0.957734,0.8,0,1
329780,bullet3,3.03393,0.420067,-0.8,-6.99382e-08,1
329781,player,11.9069,1.00232,0.0138154,0.0138359,1
329781,bullet5,12.3069,1.00232,0.8,0,1
329782,flayer7,9,9.93678,-0.3,0,2
329782,flyer5,11.1791,12.7094,-0.266047,0.138632,2
329783,flyer2,12,14.0185,-0.3,0,2
329784,flayer8,1.05564,0.691665,-0.257406,-0.154085,1
329784,bullet6,16.2624,0.957734,0.8,0,1
329786,player,13.0642,0.982673,0.0993534,0.0378444,1
329786,bullet5,16.3069,1.00232,0.8,0,1
329786,bullet1,12.6642,0.982673,-0.8,-6.99382e-08,1
329787,flayer7,7.5,9.93678,-0.3,0,2
329787,flyer5,9.84881,13.4026,-0.266047,0.138632,2
329788,flyer2,10.5,14.0185,-0.3,0,2
329789,flayer8,-0.23139,-0.0787612,-0.257406,-0.154085,1
329790,bullet2,12.9537,1.60084,0.8,0,1
329791,player,12.5417,1.61538,-0.0120063,0.0145379,1
329791,bullet1,8.6642,0.982673,-0.8,-6.99382e-08,1
329791,bullet4,12.9417,1.61538,0.8,0,1
329792,flayer7,5.99999,9.93678,-0.3,0,2
329792,flyer5,8.51858,14.0957,-0.266047,0.138632,2
329793,flyer2,9,14.0185,-0.3,0,2
329796,player,11.0483,2.21553,-0.43682,0.031023,1
329796,bullet1,4.6642,0.982672,-0.8,-6.99382e-08,1
329797,flayer7,4.49999,9.93678,-0.3,0,2
329797,flyer5,7.18834,14.7889,-0.266047,0.138632,2
329797,bullet3,11.2518,2.22949,0.8,0,1
329798,flyer2,7.5,14.0185,-0.3,0,2
329801,player,10.8494,2.24044,-0.193686,0.000572461,1
329801,bullet1,0.664198,0.982672,-0.8,-6.99382e-08,1
329802,flayer7,2.99999,9.93678,-0.3,0,2
329802,flyer5,5.8581,15.4821,-0.266047,0.138632,2
329802,bullet3,15.2518,2.22949,0.8,0,1
329803,flyer2,5.99999,14.0185,-0.3,0,2
329804,flyer6,16.5,14.0185,-0.287782,-0.0847454,2
329805,bullet6,11.0974,2.79861,0.8,0,1
329806,player,10.6939,2.82937,-0.00357404,0.0307653,1
329807,flayer7,1.49999,9.93678,-0.3,0,2
329807,flyer5,4.52786,16.1752,-0.266047,0.138632,2
329808,flyer2,4.49999,14.0185,-0.3,0,2
329809,flyer6,15.0611,13.5947,-0.287782,-0.0847454,2
329810,bullet6,15.0974,2.79861,0.8,0,1
329811,player,9.50022,1.17392,-0.0446602,-0.195902,1
329811,bullet5,9.90022,1.17392,0.8,0,1
329812,flayer7,-6.4373e-06,9.93678,-0.3,0,2
329813,flyer2,2.99999,14.0185,-0.3,0,2
329813,bullet2,9.87107,1.04609,0.8,0,1
329814,flyer6,13.6222,13.171,-0.287782,-0.0847454,2
329816,player,9.95373,0.527218,0.151051,-0.15549,1
329816,bullet5,13.9002,1.17392,0.8,0,1
329818,flyer2,1.49999,14.0185,-0.3,0,2
329818,bullet2,13.8711,1.04609,0.8,0,1
329818,bullet4,10.9417,0.4,0.8,0,1
329819,flyer6,12.1833,12.7473,-0.287782,-0.0847454,2
329821,player,10.188,0.551875,-0.135248,-0.185625,1
329822,flyer3,16.5,6.93014,-0.3,0,2
329823,flyer2,-6.4373e-06,14.0185,-0.3,0,2
329823,bullet4,14.9417,0.4,0.8,0,1
329824,flyer6,10.7444,12.3236,-0.287782,-0.0847454,2
329824,bullet1,10.4874,0.41384,0.8,0,1
329825,bullet3,10.4818,0.406228,0.8,0,1
329826,player,10.0794,0.402803,-0.00249571,-0.0034253,1
329827,flyer3,15,6.93014,-0.3,0,2
329827,bullet6,9.67823,0.401261,-0.8,-6.99382e-08,1
329829,flyer6,9.30546,11.8998,-0.287782,-0.0847454,2
329829,bullet1,14.4874,0.41384,0.8,0,1
329830,bullet3,14.4818,0.406228,0.8,0,1
329831,player,10.0773,0.4,-4.60528e-05,0,1
329831,bullet5,10.4773,0.4,0.8,0,1
329832,flyer3,13.5,6.93014,-0.3,0,2
329832,bullet6,5.67823,0.401261,-0.8,-6.99382e-08,1
329834,flyer6,7.86655,11.4761,-0.287782,-0.0847454,2
329836,player,10.0773,0.4,-8.49804e-07,0,1
329836,bullet5,14.4773,0.4,0.8,0,1
329837,flyer3,12,6.93014,-0.3,0,2
329837,bullet6,1.67823,0.401261,-0.8,-6.99382e-08,1
329838,bullet2,10.4773,0.4,0.8,0,1
329839,flyer6,6.42764,11.0524,-0.287782,-0.0847454,2
329840,flyer1,16.5,6.93014,-0.3,0,2
329841,player,10.0773,0.4,-1.56813e-08,0,1
329841,bullet4,10.4773,0.4,0.8,0,1
329842,flyer3,10.5,6.93014,-0.3,0,2
329843,bullet2,14.4773,0.4,0.8,0,1
329844,flyer6,4.98873,10.6287,-0.287782,-0.0847454,2
329845,flyer1,15,6.93014,-0.3,0,2
329845,bullet1,10.4773,0.4,0.8,0,1
329846,player,10.0773,0.4,-2.89364e-10,-0,1
329846,bullet4,14.4773,0.4,0.8,0,1
329847,flyer3,9,6.93014,-0.3,0,2
329848,bullet3,10.4773,0.4,0.8,0,1
329849,flyer6,3.54982,10.2049,-0.287782,-0.0847454,2
329849,bullet5,10.4773,0.4,0.8,0,1
329850,flyer1,13.5,6.93014,-0.3,0,2
329850,bullet1,14.4773,0.4,0.8,0,1
329851,player,10.0773,0.4,-5.33957e-12,0,1
329852,flyer3,7.5,6.93014,-0.3,0,2
329853,bullet3,14.4773,0.4,0.8,0,1
329854,flyer6,2.11092,9.78121,-0.287782,-0.0847454,2
329854,bullet5,14.4773,0.4,0.8,0,1
329855,flyer1,12,6.93014,-0.3,0,2
329856,player,10.918,0.889375,0.47246,0.151875,1
329857,flyer3,5.99999,6.93014,-0.3,0,2
329857,flyer4,16.5,6.93014,-0.290378,-0.0753703,2
329859,flyer6,0.672009,9.35748,-0.287782,-0.0847454,2
329860,flyer1,10.5,6.93014,-0.3,0,2
329861,player,10.709,1.0421,-0.0220365,-0.0347865,1
329861,bullet6,11.109,1.0421,0.8,0,1
329862,flyer3,4.49999,6.93014,-0.3,0,2
329862,flyer4,15.0481,6.55329,-0.290378,-0.0753703,2
329862,bullet2,11.0991,1.02644,0.8,0,1
329864,bullet4,11.0926,1.01623,0.8,0,1
329865,flyer1,9,6.93014,-0.3,0,2
329866,player,10.6913,1.01416,-0.000406635,-0.000641909,1
329866,bullet6,15.109,1.0421,0.8,0,1
329866,bullet1,11.0913,1.01416,0.8,0,1
329867,flyer3,2.99999,6.93014,-0.3,0,2
329867,flyer4,13.5962,6.17644,-0.290378,-0.0753703,2
329867,bullet2,15.0991,1.02644,0.8,0,1
329869,bullet4,15.0926,1.01623,0.8,0,1
329870,flyer1,7.5,6.93014,-0.3,0,2
329871,player,10.691,0.425172,-7.50356e-06,-0.0307665,1
329871,bullet1,15.0913,1.01416,0.8,0,1
329871,bullet3,11.091,0.425172,0.8,0,1
329872,flyer3,1.49999,6.93014,-0.3,0,2
329872,flyer4,12.1443,5.79958,-0.290378,-0.0753703,2
329875,flyer1,5.99999,6.93014,-0.3,0,2
329876,player,11.7688,0.4,0.18263,0,1
329876,bullet3,15.091,0.425172,0.8,0,1
329876,bullet5,12.1688,0.4,0.8,0,1
329877,flyer3,-6.4373e-06,6.93014,-0.3,0,2
329877,flyer4,10.6924,5.42273,-0.290378,-0.0753703,2
329878,bullet6,12.288,0.4,0.8,0,1
329880,flyer1,4.49999,6.93014,-0.3,0,2
329880,bullet2,12.3121,0.4,0.8,0,1
329881,player,11.9155,0.4,0.00337003,0,1
329881,bullet5,16.1688,0.4,0.8,0,1
329882,flyer4,9.24056,5.04588,-0.290378,-0.0753703,2
329882,bullet4,12.317,0.4,0.8,0,1
329883,bullet6,16.288,0.4,0.8,0,1
329883,bullet1,12.3177,0.4,0.8,0,1
329885,flyer1,2.99999,6.93014,-0.3,0,2
329885,bullet2,16.3121,0.4,0.8,0,1
329886,player,11.9182,0.4,6.21865e-05,0,1
329886,bullet3,12.3182,0.4,0.8,0,1
329887,flyer4,7.78867,4.66903,-0.290378,-0.0753703,2
329887,bullet4,16.317,0.4,0.8,0,1
329888,bullet1,16.3177,0.4,0.8,0,1
329888,bullet5,12.3182,0.4,0.8,0,1
329890,flyer1,1.49999,6.93014,-0.3,0,2
329891,player,12.4076,0.4,0.151876,0,1
329891,bullet3,16.3182,0.4,0.8,0,1
329892,flyer4,6.33678,4.29218,-0.290378,-0.0753703,2
329892,flayer8,16.5,6.93014,-0.3,0,2
329892,bullet6,12.8759,0.4,0.8,0,1
329893,bullet5,16.3182,0.4,0.8,0,1
329895,flyer1,-6.4373e-06,6.93014,-0.3,0,2
329896,player,12.8671,0.7375,0.340303,0.3375,1
329897,flyer4,4.88489,3.91533,-0.290378,-0.0753703,2
329897,flayer8,15,6.93014,-0.3,0,2
329897,flyer5,16.5,6.93014,-0.238662,0.18177,2
329897,flayer7,16.5,11.1277,-0.3,0,2
329901,player,14.1875,0.519166,0.226498,-0.145647,1
329902,flyer4,3.433,3.53847,-0.290378,-0.0753703,2
329902,flayer8,13.5,6.93014,-0.3,0,2
329902,flyer5,15.3067,7.83899,-0.238662,0.18177,2
329902,flayer7,15,11.1277,-0.3,0,2
329902,bullet2,14.6894,0.453625,0.8,0,1
329906,player,13.88,0.889375,-0.147695,0.151875,1
329907,flyer4,1.98111,3.16162,-0.290378,-0.0753703,2
329907,flayer8,12,6.93014,-0.3,0,2
329907,flyer5,14.1134,8.74784,-0.238662,0.18177,2
329907,flayer7,13.5,11.1277,-0.3,0,2
329907,bullet4,14.2135,0.957719,0.8,0,1
329909,bullet1,14.1702,1.00231,0.8,0,1
329911,player,13.7614,0.521969,-0.0027254,-0.149072,1
329912,flyer4,0.529221,2.78477,-0.290378,-0.0753703,2
329912,flayer8,10.5,6.93014,-0.3,0,2
329912,flyer5,12.9201,9.65669,-0.238662,0.18177,2
329912,flayer7,12,11.1277,-0.3,0,2
329912,bullet3,14.1601,0.454886,0.8,0,1
329916,player,14.837,0.889375,0.182579,0.151875,1
329916,flyer2,16.5,0.806868,-0.295537,-0.0515546,2
329916,bullet5,15.237,0.889375,0.8,0,1
329917,flayer8,9,6.93014,-0.3,0,2
329917,flyer5,11.7267,10.5655,-0.238662,0.18177,2
329917,flayer7,10.5,11.1277,-0.3,0,2
