489574,player,13.1261,0.887689,0,0,1
489574,bullet1,12.7261,0.887689,-0.8,-6.99382e-08,1
489576,bullet2,13.5261,0.887689,0.8,0,1
489579,player,12.5684,1.22519,-0.0683438,0.3375,1
489579,bullet1,8.72608,0.887689,-0.8,-6.99382e-08,1
489584,player,11.6866,1.83373,-0.490636,0.343728,1
489584,bullet1,4.72608,0.887689,-0.8,-6.99382e-08,1
489589,player,11.4445,3.03575,-0.194679,0.374597,1
489589,bullet1,0.726081,0.887688,-0.8,-6.99382e-08,1
489592,flyer1,16.5,12.5979,-0.3,0,2
489594,player,11.189,3.82595,0.117528,0.158787,1
489594,bullet3,11.589,3.82595,0.8,0,1
489596,bullet4,11.6657,3.92956,0.8,0,1
489597,flyer1,15,12.5979,-0.3,0,2
489597,flyer2,16.5,12.5979,-0.284812,0.0942461,2
489598,bullet5,10.8812,3.95054,-0.8,-6.99382e-08,1
489599,player,11.2834,3.95347,0.00216872,0.00293007,1
489599,bullet3,15.589,3.82595,0.8,0,1
489601,bullet4,15.6657,3.92956,0.8,0,1
489601,bullet6,11.6848,3.46601,0.8,0,1
489602,flyer1,13.5,12.5979,-0.3,0,2
489602,flyer2,15.0759,13.0691,-0.284812,0.0942461,2
489603,bullet5,6.88122,3.95054,-0.8,-6.99382e-08,1
489603,bullet2,11.6851,3.3673,0.8,0,1
489604,player,11.2851,3.35351,4.0019e-05,-0.0137855,1
489604,bullet1,11.6851,3.35351,0.8,0,1
489606,bullet6,15.6848,3.46601,0.8,0,1
489607,flyer1,12,12.5979,-0.3,0,2
489607,flyer2,13.6519,13.5403,-0.284812,0.0942461,2
489608,bullet5,2.88122,3.95054,-0.8,-6.99382e-08,1
489608,bullet2,15.6851,3.3673,0.8,0,1
489609,player,11.2852,2.78472,7.38463e-07,-0.0685981,1
489609,bullet1,15.6851,3.35351,0.8,0,1
489610,flyer3,16.5,12.5979,-0.3,0,2
489612,flyer1,10.5,12.5979,-0.3,0,2
489612,flyer2,12.2278,14.0115,-0.284812,0.0942461,2
489613,flyer4,16.5,10.9299,-0.3,0,2
489613,bullet3,10.8852,1.58471,-0.8,-6.99382e-08,1
489614,player,11.2852,1.53885,1.36267e-08,-0.0458601,1
489614,bullet4,11.6852,1.53885,0.8,0,1
489615,flyer3,15,12.5979,-0.3,0,2
489617,flyer1,9,12.5979,-0.3,0,2
489617,flyer2,10.8038,14.4828,-0.284812,0.0942461,2
489618,flyer4,15,10.9299,-0.3,0,2
489618,bullet3,6.88516,1.5847,-0.8,-6.99382e-08,1
489618,bullet6,11.6852,1.50286,0.8,0,1
489619,player,11.2852,1.50202,2.51451e-10,-0.000846248,1
489619,bullet4,15.6852,1.53885,0.8,0,1
489620,flyer3,13.5,12.5979,-0.3,0,2
489620,bullet2,11.6852,1.50163,0.8,0,1
489621,bullet1,11.6852,1.50146,0.8,0,1
489622,flyer1,7.5,12.5979,-0.3,0,2
489622,flyer2,9.3797,14.954,-0.284812,0.0942461,2
489623,flyer4,13.5,10.9299,-0.3,0,2
489623,bullet3,2.88516,1.5847,-0.8,-6.99382e-08,1
489623,bullet6,15.6852,1.50286,0.8,0,1
489624,player,11.2852,1.34946,4.63999e-12,0.185609,1
489625,flyer3,12,12.5979,-0.3,0,2
489625,bullet2,15.6852,1.50163,0.8,0,1
489626,bullet1,15.6852,1.50146,0.8,0,1
489627,flyer1,5.99999,12.5979,-0.3,0,2
489627,flyer2,7.95564,15.4252,-0.284812,0.0942461,2
489628,flyer4,12,10.9299,-0.3,0,2
489629,player,11.8736,0.940801,0.0307547,-0.0649187,1
489629,bullet5,12.2736,0.940801,0.8,0,1
489630,flyer3,10.5,12.5979,-0.3,0,2
489631,bullet4,12.2937,0.898442,0.8,0,1
489632,flyer1,4.49999,12.5979,-0.3,0,2
489632,flyer2,6.53158,15.8965,-0.284812,0.0942461,2
489633,flyer4,10.5,10.9299,-0.3,0,2
489633,bullet6,12.2978,0.889864,0.8,0,1
489634,player,11.8983,0.888666,0.00056751,-0.00119793,1
489634,bullet5,16.2736,0.940801,0.8,0,1
489635,flyer3,9,12.5979,-0.3,0,2
489636,bullet4,16.2937,0.898442,0.8,0,1
489637,flyer1,2.99999,12.5979,-0.3,0,2
489637,flyer2,5.10753,16.3677,-0.284812,0.0942461,2
489637,bullet2,10.941,0.4,-0.8,-6.99382e-08,1
489638,flyer4,9,10.9299,-0.3,0,2
489638,bullet6,16.2978,0.889864,0.8,0,1
489638,bullet1,11.7103,0.4,0.8,0,1
489639,player,11.2965,0.4,-0.0138291,0,1
489640,flyer3,7.5,12.5979,-0.3,0,2
489641,bullet3,12.1768,0.4,0.8,0,1
489642,flyer1,1.49999,12.5979,-0.3,0,2
489642,bullet2,6.94104,0.4,-0.8,-6.99382e-08,1
489643,flyer4,7.5,10.9299,-0.3,0,2
489643,bullet1,15.7103,0.4,0.8,0,1
489644,player,11.8877,0.4,0.0135844,0,1
489644,bullet5,12.2877,0.4,0.8,0,1
489645,flyer3,5.99999,12.5979,-0.3,0,2
489646,bullet3,16.1768,0.4,0.8,0,1
489647,flyer1,-6.4373e-06,12.5979,-0.3,0,2
489647,bullet2,2.94104,0.399999,-0.8,-6.99382e-08,1
489647,bullet4,12.2978,0.4,0.8,0,1
489648,flyer4,5.99999,10.9299,-0.3,0,2
489648,bullet6,12.2983,0.4,0.8,0,1
489649,player,11.8986,0.4,0.000250671,0,1
489649,bullet5,16.2877,0.4,0.8,0,1
489650,flyer3,4.49999,12.5979,-0.3,0,2
489650,bullet1,12.2987,0.4,0.8,0,1
489652,bullet4,16.2978,0.4,0.8,0,1
489652,bullet3,12.2988,0.4,0.8,0,1
489653,flyer4,4.49999,10.9299,-0.3,0,2
489653,bullet6,16.2983,0.4,0.8,0,1
489654,player,12.2363,0.4,0.337505,0,1
489655,flyer3,2.99999,12.5979,-0.3,0,2
489655,bullet1,16.2987,0.4,0.8,0,1
489656,flyer5,16.5,12.5979,-0.26966,0.131468,2
489657,bullet3,16.2988,0.4,0.8,0,1
489658,flyer4,2.99999,10.9299,-0.3,0,2
489658,flyer6,16.5,10.9299,-0.3,0,2
489659,player,12.5519,0.4,-0.0482762,0,1
489659,bullet5,12.9519,0.4,0.8,0,1
489660,flyer3,1.49999,12.5979,-0.3,0,2
489661,flyer5,15.1517,13.2552,-0.26966,0.131468,2
489661,bullet2,12.9204,0.4,0.8,0,1
489663,flyer4,1.49999,10.9299,-0.3,0,2
489663,flyer6,15,10.9299,-0.3,0,2
489664,player,12.5132,0.7375,-0.000890832,0.3375,1
489665,flyer3,-6.4373e-06,12.5979,-0.3,0,2
489666,flyer5,13.8034,13.9125,-0.26966,0.131468,2
489667,flayer7,16.5,12.5979,-0.3,0,2
489668,flyer4,-6.4373e-06,10.9299,-0.3,0,2
489668,flyer6,13.5,10.9299,-0.3,0,2
489669,player,12.5571,1.61085,-0.0545206,0.0200674,1
489669,bullet4,12.9571,1.61085,0.8,0,1
489671,flyer5,12.4551,14.5699,-0.26966,0.131468,2
489672,flayer7,15,12.5979,-0.3,0,2
489672,bullet6,13.4059,1.62578,0.8,0,1
489673,flyer6,12,10.9299,-0.3,0,2
489674,player,13.1017,1.62697,0.0297486,0.000370301,1
489674,bullet1,13.5017,1.62697,0.8,0,1
489675,bullet3,13.5151,1.62714,0.8,0,1
489676,flyer5,11.1068,15.2272,-0.26966,0.131468,2
489677,flayer7,13.5,12.5979,-0.3,0,2
489677,bullet5,13.5239,1.62724,0.8,0,1
489678,flyer6,10.5,10.9299,-0.3,0,2
489679,player,13.4631,1.96477,0.338049,0.337507,1
489680,bullet2,14.0153,2.11665,0.8,0,1
489681,flyer5,9.7585,15.8845,-0.26966,0.131468,2
489682,flayer7,12,12.5979,-0.3,0,2
489682,bullet4,13.3145,2.21575,-0.8,-6.99382e-08,1
489683,flyer6,9,10.9299,-0.3,0,2
489683,bullet6,14.1284,2.22958,0.8,0,1
489684,player,13.7346,2.23581,0.00623795,0.00622795,1
489686,flayer8,16.5,10.9299,-0.3,0,2
489686,bullet1,14.1387,2.23988,0.8,0,1
489687,flayer7,10.5,12.5979,-0.3,0,2
489687,bullet4,9.31451,2.21575,-0.8,-6.99382e-08,1
489688,flyer6,7.5,10.9299,-0.3,0,2
489689,player,13.7396,1.6831,0.000115108,-0.0682288,1
489689,bullet3,14.1396,1.6831,0.8,0,1
489690,bullet5,14.1397,1.65239,0.8,0,1
489691,flayer8,15,10.9299,-0.3,0,2
489692,flayer7,9,12.5979,-0.3,0,2
489692,bullet4,5.31451,2.21575,-0.8,-6.99382e-08,1
489693,flyer6,5.99999,10.9299,-0.3,0,2
489693,bullet2,14.1397,1.62956,0.8,0,1
489694,player,13.7397,1.6283,2.12406e-06,-0.00125901,1
489694,bullet6,14.1397,1.6283,0.8,0,1
489696,flayer8,13.5,10.9299,-0.3,0,2
489696,bullet1,14.1397,1.62748,0.8,0,1
489697,flayer7,7.5,12.5979,-0.3,0,2
489697,bullet4,1.31451,2.21575,-0.8,-6.99382e-08,1
489698,flyer6,4.49999,10.9299,-0.3,0,2
489699,player,13.2503,1.62729,-0.151875,-2.32323e-05,1
489700,flyer2,16.5,11.9544,-0.3,0,2
489700,bullet3,13.582,1.62728,0.8,0,1
489701,flayer8,12,10.9299,-0.3,0,2
489702,flayer7,5.99999,12.5979,-0.3,0,2
489703,flyer6,2.99999,10.9299,-0.3,0,2
489704,player,12.0505,2.70512,-0.185432,0.182629,1
489704,bullet5,12.4505,2.70512,0.8,0,1
489705,flyer2,15,11.9544,-0.3,0,2
489706,flayer8,10.5,10.9299,-0.3,0,2
489706,bullet2,12.3295,2.82429,0.8,0,1
489707,flayer7,4.49999,12.5979,-0.3,0,2
489708,flyer6,1.49999,10.9299,-0.3,0,2
489709,player,11.4122,2.85179,-0.155297,0.00337002,1
489710,flyer2,13.5,11.9544,-0.3,0,2
489711,flayer8,9,10.9299,-0.3,0,2
489711,bullet2,16.3295,2.82429,0.8,0,1
489711,bullet6,11.7109,2.36461,0.8,0,1
489712,flayer7,2.99999,12.5979,-0.3,0,2
489713,flyer6,-6.4373e-06,10.9299,-0.3,0,2
489714,player,11.2875,3.07906,-0.00286566,0.475598,1
489715,flyer2,12,11.9544,-0.3,0,2
489716,flayer8,7.5,10.9299,-0.3,0,2
489716,bullet6,15.7109,2.36461,0.8,0,1
489716,bullet1,11.6856,3.38938,0.8,0,1
489717,flayer7,1.49999,12.5979,-0.3,0,2
489719,player,11.8429,4.01872,0.0682909,0.0771199,1
489719,bullet4,12.2429,4.01872,0.8,0,1
489720,flyer2,10.5,11.9544,-0.3,0,2
489721,flayer8,5.99999,10.9299,-0.3,0,2
489721,bullet1,15.6856,3.38938,0.8,0,1
489722,flayer7,-6.4373e-06,12.5979,-0.3,0,2
489723,bullet3,12.8542,3.52151,0.8,0,1
489724,player,12.4862,3.49218,0.0320148,-0.0293316,1
489724,bullet4,16.2429,4.01872,0.8,0,1
489724,bullet5,12.8862,3.49218,0.8,0,1
489725,flyer2,9,11.9544,-0.3,0,2
489726,flayer8,4.49999,10.9299,-0.3,0,2
489726,bullet2,12.9071,3.47304,0.8,0,1
489727,bullet6,12.91,3.47037,0.8,0,1
489729,player,12.5119,3.46862,0.000590764,-0.000541251,1
489730,flyer2,7.5,11.9544,-0.3,0,2
489730,bullet1,12.9122,3.46838,0.8,0,1
489731,flayer8,2.99999,10.9299,-0.3,0,2
489731,bullet4,12.9123,3.46827,0.8,0,1
489734,player,12.1749,4.29506,-0.337489,0.489365,1
489735,flyer1,16.5,10.9299,-0.298634,-0.0285958,2
489735,flyer2,5.99999,11.9544,-0.3,0,2
489736,flayer8,1.49999,10.9299,-0.3,0,2
489736,flyer3,16.5,2.53761,-0.274613,-0.120781,2
489736,bullet3,12.3547,4.61437,0.8,0,1
489737,bullet5,12.324,4.65897,0.8,0,1
489739,player,11.9039,4.68806,-0.00622762,0.00903016,1
489740,flyer1,15.0068,10.7869,-0.298634,-0.0285958,2
489740,flyer2,4.49999,11.9544,-0.3,0,2
489741,flayer8,-6.4373e-06,10.9299,-0.3,0,2
489741,flyer3,15.1269,1.93371,-0.274613,-0.120781,2
489741,bullet3,16.3547,4.61437,0.8,0,1
489742,bullet5,16.324,4.65897,0.8,0,1
489743,flyer4,16.5,2.53761,-0.29628,-0.0470956,2
489743,bullet2,11.7105,5.28362,0.8,0,1
489744,player,11.2966,5.29763,-0.0139545,0.0140062,1
489744,bullet6,11.6966,5.29763,0.8,0,1
489745,flyer1,13.5137,10.6439,-0.298634,-0.0285958,2
489745,flyer2,2.99999,11.9544,-0.3,0,2
489746,flyer3,13.7539,1.32981,-0.274613,-0.120781,2
489747,bullet1,11.6862,5.30804,0.8,0,1
489748,flyer4,15.0186,2.30214,-0.29628,-0.0470956,2
489748,bullet2,15.7105,5.28362,0.8,0,1
489749,player,10.796,5.79825,-0.152132,0.152133,1
489749,bullet6,15.6966,5.29763,0.8,0,1
489750,flyer1,12.0205,10.5009,-0.298634,-0.0285958,2
489750,flyer2,1.49999,11.9544,-0.3,0,2
489751,flyer3,12.3808,0.725905,-0.274613,-0.120781,2
489751,bullet4,11.0967,5.40814,0.8,0,1
489752,bullet1,15.6862,5.30804,0.8,0,1
489753,flyer4,13.5372,2.06666,-0.29628,-0.0470956,2
489754,player,11.0113,5.65561,0.334693,0.326468,1
489755,flyer1,10.5273,10.358,-0.298634,-0.0285958,2
489755,flyer2,-6.4373e-06,11.9544,-0.3,0,2
489756,flyer3,11.0078,0.122002,-0.274613,-0.120781,2
489756,bullet4,15.0967,5.40814,0.8,0,1
489757,bullet3,10.8602,5.89838,-0.8,-6.99382e-08,1
489758,flyer4,12.0558,1.83118,-0.29628,-0.0470956,2
489759,player,11.2801,5.91779,0.00617602,0.00602425,1
489760,flyer1,9.03416,10.215,-0.298634,-0.0285958,2
489761,flyer3,9.63469,-0.481901,-0.274613,-0.120781,2
489762,flyer5,16.5,14.9657,-0.3,0,2
489762,bullet3,6.8602,5.89838,-0.8,-6.99382e-08,1
489762,bullet5,12.1741,5.4329,0.8,0,1
489763,flyer4,10.5744,1.5957,-0.29628,-0.0470956,2
489764,player,11.536,5.67166,-0.306631,0.306856,1
489765,flyer1,7.54099,10.072,-0.298634,-0.0285958,2
489765,bullet2,11.798,5.80974,0.8,0,1
489767,flyer5,15,14.9657,-0.3,0,2
489767,bullet3,2.8602,5.89838,-0.8,-6.99382e-08,1
489767,bullet5,16.1741,5.4329,0.8,0,1
489768,flyer4,9.093,1.36022,-0.29628,-0.0470956,2
489768,bullet6,11.3848,6.4018,-0.8,-6.99382e-08,1
489769,player,11.8475,6.47581,0.0626855,0.0740061,1
489770,flyer1,6.04782,9.92903,-0.298634,-0.0285958,2
489770,bullet2,15.7981,5.80974,0.8,0,1
489772,flyer5,13.5,14.9657,-0.3,0,2
489773,flyer4,7.6116,1.12475,-0.29628,-0.0470956,2
489773,bullet6,7.38482,6.4018,-0.8,-6.99382e-08,1
489774,player,12.5685,6.4223,-0.0685349,0.139401,1
489775,flyer1,4.55465,9.78605,-0.298634,-0.0285958,2
489775,bullet1,12.9377,6.48503,0.8,0,1
489777,flyer5,12,14.9657,-0.3,0,2
489777,bullet4,12.9175,6.52597,0.8,0,1
489778,flyer4,6.1302,0.889269,-0.29628,-0.0470956,2
489778,bullet6,3.38482,6.4018,-0.8,-6.99382e-08,1
489779,player,12.5135,6.19675,-0.00126466,-0.334928,1
489780,flyer1,3.06148,9.64307,-0.298634,-0.0285958,2
489780,bullet5,12.9129,6.04604,0.8,0,1
489782,flyer5,10.5,14.9657,-0.3,0,2
489783,flyer4,4.6488,0.653791,-0.29628,-0.0470956,2
489783,bullet2,12.9125,5.93396,0.8,0,1
489784,player,12.5124,5.92778,-2.33366e-05,-0.00618036,1
489785,flyer1,1.56831,9.50009,-0.298634,-0.0285958,2
489787,flyer5,9,14.9657,-0.3,0,2
489787,bullet3,12.6018,6.41256,-0.8,-6.99382e-08,1
489788,flyer4,3.1674,0.418314,-0.29628,-0.0470956,2
489789,player,12.7634,6.84879,-0.306746,0.368141,1
489790,flyer1,0.0751405,9.35711,-0.298634,-0.0285958,2
489792,flyer5,7.5,14.9657,-0.3,0,2
489792,flyer6,16.5,14.9657,-0.263297,-0.143787,2
489792,bullet3,8.60181,6.41256,-0.8,-6.99382e-08,1
489793,flyer4,1.68599,0.182836,-0.29628,-0.0470956,2
489794,player,12.1796,6.05275,-0.34316,-0.158921,1
489797,flyer5,5.99999,14.9657,-0.3,0,2
489797,flyer6,15.1835,14.2468,-0.263297,-0.143787,2
489797,bullet3,4.6018,6.41256,-0.8,-6.99382e-08,1
489797,bullet1,12.3244,5.93457,0.8,0,1
489798,flyer4,0.204593,-0.0526423,-0.29628,-0.0470956,2
489799,player,11.904,5.92512,-0.00633227,-0.00293255,1
489802,flyer5,4.49999,14.9657,-0.3,0,2
489802,flyer6,13.867,13.5278,-0.263297,-0.143787,2
489802,bullet3,0.601805,6.41256,-0.8,-6.99382e-08,1
489802,bullet1,16.3244,5.93457,0.8,0,1
489803,flayer7,16.5,14.9657,-0.259193,-0.15106,2
489803,bullet4,12.3298,5.33435,0.8,0,1
489804,player,11.9127,5.32045,-0.0170319,-0.0138937,1
489804,bullet6,12.3127,5.32045,0.8,0,1
489807,flyer5,2.99999,14.9657,-0.3,0,2
489807,flyer6,12.5505,12.8089,-0.263297,-0.143787,2
489807,bullet5,12.7894,5.7995,0.8,0,1
489808,flayer7,15.204,14.2104,-0.259193,-0.15106,2
489808,bullet4,16.3298,5.33435,0.8,0,1
489809,player,12.4875,5.89777,0.0304404,0.0304983,1
489809,bullet6,16.3127,5.32045,0.8,0,1
489809,bullet2,12.8875,5.89777,0.8,0,1
489812,flyer5,1.49999,14.9657,-0.3,0,2
489812,flyer6,11.2341,12.09,-0.263297,-0.143787,2
489813,flayer7,13.9081,13.4551,-0.259193,-0.15106,2
489814,player,11.6851,5.18191,-0.488813,0.155433,1
489814,flayer8,16.5,4.6453,-0.269973,0.130823,2
489816,bullet1,11.7662,5.28333,0.8,0,1
489817,flyer5,-6.4373e-06,14.9657,-0.3,0,2
489817,flyer6,9.91757,11.371,-0.263297,-0.143787,2
489817,bullet3,11.7216,5.2975,0.8,0,1
489818,flayer7,12.6121,12.6998,-0.259193,-0.15106,2
489819,player,11.2925,5.30674,-0.00901998,0.00286818,1
489819,flayer8,15.1501,5.29942,-0.269973,0.130823,2
489819,bullet4,11.6925,5.30674,0.8,0,1
489822,flyer6,8.60109,10.6521,-0.263297,-0.143787,2
489822,bullet6,11.1281,5.86659,0.8,0,1
489823,flayer7,11.3161,11.9445,-0.259193,-0.15106,2
489824,player,10.683,5.91136,-0.0140061,0.0138925,1
489824,bullet4,15.6925,5.30674,0.8,0,1
489824,bullet5,11.083,5.91136,0.8,0,1
489827,flyer6,7.2846,9.93316,-0.263297,-0.143787,2
489827,bullet6,15.1281,5.86659,0.8,0,1
489828,flayer7,10.0202,11.1892,-0.259193,-0.15106,2
489829,player,9.8492,6.52483,0.255058,0.014096,1
489829,flyer2,16.5,14.9657,-0.3,0,2
489829,bullet5,15.083,5.91136,0.8,0,1
489831,flyer3,16.5,4.6453,-0.3,0,2
489832,flyer6,5.96812,9.21422,-0.263297,-0.143787,2
489833,flayer7,8.72423,10.4339,-0.259193,-0.15106,2
489834,player,10.0233,7.68234,0.0422956,0.0993586,1
489834,flyer2,15,14.9657,-0.3,0,2
489834,bullet2,10.4233,7.68234,0.8,0,1
489836,flyer3,15,4.6453,-0.3,0,2
489836,bullet1,10.4509,7.74717,0.8,0,1
489837,flyer6,4.65163,8.49528,-0.263297,-0.143787,2
489838,flayer7,7.42826,9.67861,-0.259193,-0.15106,2
489839,player,9.49953,7.76214,-0.0675633,0.00183344,1
489839,flyer2,13.5,14.9657,-0.3,0,2
489839,bullet2,14.4233,7.68234,0.8,0,1
489841,flyer3,13.5,4.6453,-0.3,0,2
489841,bullet1,14.4509,7.74717,0.8,0,1
489841,bullet3,9.36607,7.76333,0.8,0,1
489842,flyer6,3.33515,7.77635,-0.263297,-0.143787,2
489843,flayer7,6.1323,8.92331,-0.259193,-0.15106,2
489844,player,8.84295,7.76361,-0.0150863,3.38322e-05,1
489844,flyer2,12,14.9657,-0.3,0,2
489844,bullet4,9.24295,7.76361,0.8,0,1
489846,flyer3,12,4.6453,-0.3,0,2
489846,bullet3,13.3661,7.76333,0.8,0,1
489846,bullet6,8.43311,7.76363,-0.8,-6.99382e-08,1
489847,flyer6,2.01866,7.05741,-0.263297,-0.143787,2
489848,flayer7,4.83633,8.16801,-0.259193,-0.15106,2
489849,player,8.34146,8.25301,-0.152153,0.151876,1
489849,flyer2,10.5,14.9657,-0.3,0,2
489849,bullet4,13.243,7.76361,0.8,0,1
489851,flyer3,10.5,4.6453,-0.3,0,2
489852,flyer6,0.702176,6.33848,-0.263297,-0.143787,2
489853,flayer7,3.54037,7.41271,-0.259193,-0.15106,1
489854,player,7.71606,7.88561,-0.137768,-0.149072,1
489854,flyer2,9,14.9657,-0.3,0,2
489854,bullet5,8.11606,7.88561,0.8,0,1
489856,flyer3,9,4.6453,-0.3,0,2
489858,flayer7,2.2444,6.65741,-0.259193,-0.15106,1
489859,player,7.01695,8.91208,-0.0332969,0.0963476,1
489859,flyer2,7.5,14.9657,-0.3,0,2
489859,bullet5,12.1161,7.88561,0.8,0,1
489859,bullet2,7.41695,8.91208,0.8,0,1
489860,bullet1,7.40196,8.95544,0.8,0,1
489861,flyer3,7.5,4.6453,-0.3,0,2
489862,bullet3,7.39219,8.98373,0.8,0,1
489863,flayer7,0.948438,5.90211,-0.259193,-0.15106,1
489864,player,6.99021,9.32696,-0.000614421,0.339278,1
489864,flyer2,5.99999,14.9657,-0.3,0,2
489864,bullet5,16.1161,7.88561,0.8,0,1
489864,bullet2,11.4169,8.91208,0.8,0,1
489865,bullet1,11.402,8.95544,0.8,0,1
489866,flyer3,5.99999,4.6453,-0.3,0,2
489867,bullet3,11.3922,8.98373,0.8,0,1
489868,flayer7,-0.347527,5.14682,-0.259193,-0.15106,1
489869,player,5.84352,9.37921,-0.0991098,0.275417,1
489869,flyer2,4.49999,14.9657,-0.3,0,2
489869,bullet2,15.417,8.91208,0.8,0,1
489870,bullet1,15.402,8.95544,0.8,0,1
489871,flyer3,4.49999,4.6453,-0.3,0,2
489871,bullet6,6.17885,9.55892,0.8,0,1
489872,bullet3,15.3922,8.98373,0.8,0,1
489874,player,5.76393,9.60039,-0.00182885,0.00508222,1
489874,flyer2,2.99999,14.9657,-0.3,0,2
489874,flyer1,16.5,14.9657,-0.266869,0.137043,2
489874,bullet4,6.16393,9.60039,0.8,0,1
489876,flyer3,2.99999,4.6453,-0.3,0,2
489876,bullet6,10.1789,9.55892,0.8,0,1
489878,bullet5,5.60478,9.60438,0.8,0,1
489879,player,5.17399,9.60448,-0.0307884,9.37812e-05,1
489879,flyer2,1.49999,14.9657,-0.3,0,2
489879,flyer1,15.1657,15.6509,-0.266869,0.137043,2
489879,bullet4,10.1639,9.60039,0.8,0,1
489881,flyer3,1.49999,4.6453,-0.3,0,2
489881,bullet6,14.1789,9.55892,0.8,0,1
489881,bullet2,6.04327,10.0939,0.8,0,1
489883,bullet5,9.60478,9.60438,0.8,0,1
489884,player,5.75157,10.2069,0.0132715,0.0138413,1
489884,flyer2,-6.4373e-06,14.9657,-0.3,0,2
489884,flyer1,13.8313,16.3361,-0.266869,0.137043,2
489884,bullet4,14.1639,9.60039,0.8,0,1
489885,bullet1,6.15755,10.2131,0.8,0,1
489886,flyer3,-6.4373e-06,4.6453,-0.3,0,2
489886,bullet2,10.0433,10.0939,0.8,0,1
489888,bullet5,13.6048,9.60438,0.8,0,1
489889,player,6.31995,10.218,0.0685886,0.000255412,1
489889,flyer4,16.5,4.6453,-0.298265,0.0322216,2
489890,bullet1,10.1575,10.2131,0.8,0,1
489891,bullet2,14.0433,10.0939,0.8,0,1
489892,flyer5,16.5,4.6453,-0.3,0,2
489894,player,4.69487,10.7076,-0.195204,0.15188,1
489894,flyer4,15.0087,4.80641,-0.298265,0.0322216,2
489894,flayer8,16.5,1.7368,-0.213358,-0.210899,2
489895,bullet1,14.1575,10.2131,0.8,0,1
489897,flyer5,15,4.6453,-0.3,0,2
489897,bullet3,4.94971,10.8205,0.8,0,1
489899,player,4.53811,10.3402,-0.00360206,-0.149072,1
489899,flyer4,13.5174,4.96752,-0.298265,0.0322216,2
489899,flayer8,15.4332,0.682308,-0.213358,-0.210899,2
489902,flyer5,13.5,4.6453,-0.3,0,2
489902,bullet3,8.94971,10.8205,0.8,0,1
489904,player,3.9329,10.8228,-0.0139061,0.0110888,1
489904,flyer4,12.026,5.12863,-0.298265,0.0322216,2
489904,flayer8,14.3664,-0.372187,-0.213358,-0.210899,2
489904,bullet6,4.3329,10.8228,0.8,0,1
489905,bullet4,4.32664,10.8277,0.8,0,1
489907,flyer5,12,4.6453,-0.3,0,2
489907,bullet3,12.9497,10.8205,0.8,0,1
489907,bullet5,4.32256,10.831,0.8,0,1
489909,player,3.92173,10.8317,-0.000256606,0.00020462,1
489909,flyer4,10.5347,5.28974,-0.298265,0.0322216,2
489909,bullet6,8.3329,10.8228,0.8,0,1
489910,bullet4,8.32664,10.8277,0.8,0,1
489912,flyer5,10.5,4.6453,-0.3,0,2
489912,bullet5,8.32256,10.831,0.8,0,1
489913,bullet2,4.87925,10.2741,0.8,0,1
489914,player,4.51,10.2434,0.03075,-0.0307509,1
489914,flyer4,9.04339,5.45085,-0.298265,0.0322216,2
489914,bullet6,12.3329,10.8228,0.8,0,1
489915,bullet4,12.3266,10.8277,0.8,0,1
489917,flyer5,9,4.6453,-0.3,0,2
489917,bullet5,12.3226,10.831,0.8,0,1
489918,bullet2,8.87925,10.2741,0.8,0,1
489919,player,4.53469,9.72928,0.000567423,-0.152442,1
489919,flyer4,7.55206,5.61196,-0.298265,0.0322216,2
489919,bullet6,16.3329,10.8228,0.8,0,1
489920,bullet4,16.3266,10.8277,0.8,0,1
489922,flyer5,7.5,4.6453,-0.3,0,2
489922,bullet5,16.3226,10.831,0.8,0,1
489923,flyer6,16.5,1.7368,-0.2999,-0.00775466,2
489923,bullet2,12.8792,10.2741,0.8,0,1
489924,player,4.05961,8.52901,-0.16878,-0.185443,1
489924,flyer4,6.06074,5.77307,-0.298265,0.0322216,2
489927,flyer5,5.99999,4.6453,-0.3,0,2
489928,flyer6,15.0005,1.69803,-0.2999,-0.00775466,2
489928,flayer7,16.5,1.7368,-0.29568,0.0507295,2
489929,player,4.41344,7.84611,0.148761,-0.100793,1
489929,flyer4,4.56942,5.93418,-0.298265,0.0322216,2
489930,bullet1,4.88039,7.80076,0.8,0,1
489931,bullet3,4.91051,7.78035,0.8,0,1
489932,flyer5,4.49999,4.6453,-0.3,0,2
489933,flyer6,13.501,1.65926,-0.2999,-0.00775466,2
489933,flayer7,15.0216,1.99045,-0.29568,0.0507295,2
489933,bullet6,4.93017,7.76703,0.8,0,1
489934,player,4.53291,7.76517,0.00274505,-0.00185991,1
489934,flyer4,3.0781,6.09528,-0.298265,0.0322216,2
489935,bullet1,8.88039,7.80076,0.8,0,1
489935,bullet4,4.93415,7.76433,0.8,0,1
489936,bullet3,8.91051,7.78035,0.8,0,1
489937,flyer5,2.99999,4.6453,-0.3,0,2
489938,flyer6,12.0015,1.62048,-0.2999,-0.00775466,2
489938,flayer7,13.5432,2.2441,-0.29568,0.0507295,2
489938,bullet6,8.93017,7.76703,0.8,0,1
489939,player,3.9774,7.76368,-0.0682931,-3.43206e-05,1
489939,flyer4,1.58677,6.25639,-0.298265,0.0322216,2
489940,bullet1,12.8804,7.80076,0.8,0,1
489940,bullet4,8.93415,7.76433,0.8,0,1
489941,bullet3,12.9105,7.78035,0.8,0,1
489942,flyer5,1.49999,4.6453,-0.3,0,2
489943,flyer6,10.502,1.58171,-0.2999,-0.00775466,2
489943,flayer7,12.0648,2.49775,-0.29568,0.0507295,2
489943,bullet6,12.9302,7.76703,0.8,0,1
489944,player,4.48027,7.76365,0.0670836,-6.33311e-07,1
489944,flyer4,0.0954506,6.4175,-0.298265,0.0322216,2
489945,bullet4,12.9341,7.76433,0.8,0,1
489945,bullet5,4.91046,7.76365,0.8,0,1
489947,flyer5,-6.4373e-06,4.6453,-0.3,0,2
489948,flyer6,9.0025,1.54294,-0.2999,-0.00775466,2
489948,flayer7,10.5864,2.75139,-0.29568,0.0507295,2
489949,player,4.31392,8.32137,0.270394,0.0683437,1
489950,flyer2,16.5,1.7368,-0.217719,-0.206394,2
489950,bullet5,8.91046,7.76365,0.8,0,1
489953,flyer6,7.503,1.50416,-0.2999,-0.00775466,2
489953,flayer7,9.108,3.00504,-0.29568,0.0507295,2
489954,player,5.11955,7.78778,0.0357442,-0.0294936,1
489954,bullet2,4.71955,7.78778,-0.8,-6.99382e-08,1
489955,flyer2,15.4114,0.704835,-0.217719,-0.206394,2
489955,bullet5,12.9105,7.76365,0.8,0,1
489955,bullet1,5.53563,7.77451,0.8,0,1
489957,bullet3,5.54613,7.76585,0.8,0,1
489958,flyer6,6.0035,1.46539,-0.2999,-0.00775466,2
489958,flayer7,7.6296,3.25869,-0.29568,0.0507295,2
489959,player,4.65888,7.27472,-0.151215,-0.152419,1
489959,bullet2,0.719546,7.78778,-0.8,-6.99382e-08,1
489960,flyer2,14.3228,-0.327134,-0.217719,-0.206394,2
489960,bullet1,9.53563,7.77451,0.8,0,1
489960,bullet6,4.99083,7.20613,0.8,0,1
489962,bullet3,9.54613,7.76585,0.8,0,1
489962,bullet4,4.94643,7.16138,0.8,0,1
489963,flyer6,4.504,1.42662,-0.2999,-0.00775466,2
489963,flayer7,6.1512,3.51234,-0.29568,0.0507295,2
489964,player,4.53744,7.15231,-0.00279035,-0.00281256,1
489965,bullet1,13.5356,7.77451,0.8,0,1
489965,bullet6,8.99083,7.20613,0.8,0,1
489967,bullet3,13.5461,7.76585,0.8,0,1
489967,bullet4,8.94643,7.16138,0.8,0,1
489968,flyer6,3.0045,1.38784,-0.2999,-0.00775466,2
489968,flayer7,4.6728,3.76598,-0.29568,0.0507295,2
489969,player,5.69523,7.70777,0.0821319,0.0682919,1
489970,bullet6,12.9908,7.20613,0.8,0,1
489971,bullet5,6.14882,7.75233,0.8,0,1
489972,bullet4,12.9464,7.16138,0.8,0,1
489973,flyer6,1.50501,1.34907,-0.2999,-0.00775466,2
489973,flayer7,3.19441,4.01963,-0.29568,0.0507295,2
489974,player,6.65641,7.5424,0.407359,0.270416,1
489975,bullet2,7.23972,7.66409,0.8,0,1
489976,bullet5,10.1488,7.75233,0.8,0,1
489977,bullet1,7.35933,7.74349,0.8,0,1
489978,flyer6,0.00550675,1.3103,-0.2999,-0.00775466,2
489978,flayer7,1.71601,4.27328,-0.29568,0.0507295,2
489979,player,6.49418,7.75957,-0.144358,0.00498994,1
489980,bullet2,11.2397,7.66409,0.8,0,1
489981,bullet5,14.1488,7.75233,0.8,0,1
489982,bullet1,11.3593,7.74349,0.8,0,1
489983,flayer7,0.237608,4.52692,-0.29568,0.0507295,2
489984,player,6.93597,6.60354,0.0656799,-0.0820913,1
489984,flyer1,16.5,11.4161,-0.3,0,2
489984,bullet3,7.33597,6.60354,0.8,0,1
489985,bullet2,15.2397,7.66409,0.8,0,1
489987,flyer3,16.5,11.4161,-0.3,0,2
489987,bullet1,15.3593,7.74349,0.8,0,1
489988,bullet6,7.28841,7.1276,0.8,0,1
489989,player,6.94412,7.13993,0.0557161,0.0123248,1
489989,flyer1,15,11.4161,-0.3,0,2
489989,bullet3,11.336,6.60354,0.8,0,1
489992,flyer3,15,11.4161,-0.3,0,2
489992,bullet4,7.87493,7.1491,0.8,0,1
489993,bullet6,11.2884,7.1276,0.8,0,1
489994,player,7.57734,7.14983,0.0317828,0.000227427,1
489994,flyer1,13.5,11.4161,-0.3,0,2
489994,bullet3,15.336,6.60354,0.8,0,1
489994,bullet5,7.97734,7.14983,0.8,0,1
489997,flyer3,13.5,11.4161,-0.3,0,2
489997,bullet4,11.8749,7.1491,0.8,0,1
489998,bullet6,15.2884,7.1276,0.8,0,1
489999,player,7.60286,7.24911,0.000586482,-0.121116,1
489999,flyer1,12,11.4161,-0.3,0,2
489999,bullet5,11.9773,7.14983,0.8,0,1
489999,bullet2,8.00286,7.24911,0.8,0,1
490001,bullet1,8.00324,7.17008,0.8,0,1
490002,flyer3,12,11.4161,-0.3,0,2
490002,bullet4,15.8749,7.1491,0.8,0,1
490004,player,7.04561,7.15184,-0.0683329,-0.00223493,1
490004,flyer1,10.5,11.4161,-0.3,0,2
490004,bullet5,15.9773,7.14983,0.8,0,1
490004,bullet2,12.0029,7.24911,0.8,0,1
490005,bullet3,7.41486,7.15084,0.8,0,1
490006,bullet1,12.0032,7.17008,0.8,0,1
490007,flyer3,10.5,11.4161,-0.3,0,2
490009,player,6.43301,7.15005,-0.0696047,-4.12408e-05,1
490009,flyer1,9,11.4161,-0.3,0,2
490009,bullet2,16.0029,7.24911,0.8,0,1
490009,bullet6,6.83301,7.15005,0.8,0,1
490010,bullet3,11.4149,7.15084,0.8,0,1
490011,bullet1,16.0032,7.17008,0.8,0,1
490011,bullet4,5.9876,7.15002,-0.8,-6.99382e-08,1
490012,flyer3,9,11.4161,-0.3,0,2
490012,bullet5,6.78126,7.15002,0.8,0,1
490014,player,6.37712,7.15001,-0.0012844,-7.61009e-07,1
490014,flyer1,7.5,11.4161,-0.3,0,2
490014,bullet6,10.833,7.15005,0.8,0,1
490015,bullet3,15.4149,7.15084,0.8,0,1
490016,bullet4,1.9876,7.15002,-0.8,-6.99382e-08,1
490017,flyer3,7.5,11.4161,-0.3,0,2
490017,bullet5,10.7813,7.15002,0.8,0,1
490019,player,6.86546,7.15001,0.151851,-1.40427e-08,1
490019,flyer1,5.99999,11.4161,-0.3,0,2
490019,bullet6,14.833,7.15005,0.8,0,1
490021,flayer8,16.5,11.4161,-0.280422,0.106599,2
490021,bullet2,7.36455,7.15001,0.8,0,1
490022,flyer3,5.99999,11.4161,-0.3,0,2
490022,bullet5,14.7813,7.15002,0.8,0,1
490024,player,6.42969,7.15001,-0.0655417,-2.59128e-10,1
490024,flyer1,4.49999,11.4161,-0.3,0,2
490025,bullet1,6.8002,7.15001,0.8,0,1
490026,flayer8,15.0979,11.9491,-0.280422,0.106599,2
490026,bullet2,11.3645,7.15001,0.8,0,1
490026,bullet3,5.98693,7.15001,-0.8,-6.99382e-08,1
490027,flyer3,4.49999,11.4161,-0.3,0,2
490028,bullet4,6.77827,7.15001,0.8,0,1
490029,player,6.37706,6.81252,-0.00120943,-0.3375,1
490029,flyer1,2.99999,11.4161,-0.3,0,2
490030,bullet1,10.8002,7.15001,0.8,0,1
490031,flayer8,13.6958,12.4821,-0.280422,0.106599,2
490031,bullet2,15.3645,7.15001,0.8,0,1
490031,bullet3,1.98693,7.15001,-0.8,-6.99382e-08,1
490032,flyer3,2.99999,11.4161,-0.3,0,2
490033,bullet4,10.7783,7.15001,0.8,0,1
490033,bullet6,6.77611,6.5477,0.8,0,1
490034,player,6.37609,6.54148,-2.23174e-05,-0.00622782,1
490034,flyer1,1.49999,11.4161,-0.3,0,2
490035,bullet1,14.8002,7.15001,0.8,0,1
490036,flayer8,12.2937,13.015,-0.280422,0.106599,2
490037,flyer3,1.49999,11.4161,-0.3,0,2
490038,bullet4,14.7783,7.15001,0.8,0,1
490038,bullet6,10.7761,6.5477,0.8,0,1
490039,player,7.45392,6.43738,0.182629,0.121005,1
490039,flyer1,-6.4373e-06,11.4161,-0.3,0,2
490039,bullet5,7.85392,6.43738,0.8,0,1
490041,flayer8,10.8916,13.548,-0.280422,0.106599,2
490042,flyer3,-6.4373e-06,11.4161,-0.3,0,2
490043,bullet6,14.7761,6.5477,0.8,0,1
490044,player,7.53224,7.02393,0.0869013,0.154108,1
490044,flyer4,16.5,2.35391,-0.3,0,2
490044,bullet5,11.8539,6.43738,0.8,0,1
490045,bullet2,7.97135,7.09328,0.8,0,1
490046,flayer8,9.48944,14.081,-0.280422,0.106599,2
490049,player,8.528,7.73617,0.369858,0.0335984,1
490049,flyer4,15,2.35391,-0.3,0,2
490049,bullet5,15.8539,6.43738,0.8,0,1
490050,flyer5,16.5,2.35391,-0.274642,0.120714,2
490050,bullet2,11.9713,7.09328,0.8,0,1
490051,flayer8,8.08733,14.614,-0.280422,0.106599,2
490053,bullet3,8.66049,7.20481,0.8,0,1
490054,player,8.23656,7.17468,-0.0239298,-0.0301347,1
490054,flyer4,13.5,2.35391,-0.3,0,2
490055,flyer5,15.1268,2.95749,-0.274642,0.120714,2
490055,bullet2,15.9714,7.09328,0.8,0,1
490055,bullet1,8.62579,7.16112,0.8,0,1
490056,flayer8,6.68522,15.147,-0.280422,0.106599,2
490056,bullet4,8.62094,7.15502,0.8,0,1
490058,bullet3,12.6605,7.20481,0.8,0,1
490058,bullet6,8.61778,7.15103,0.8,0,1
490059,player,8.21734,7.15048,-0.000441571,-0.00055607,1
490059,flyer4,12,2.35391,-0.3,0,2
490060,flyer5,13.7536,3.56106,-0.274642,0.120714,2
490060,bullet1,12.6258,7.16112,0.8,0,1
490061,flayer8,5.28311,15.68,-0.280422,0.106599,2
490061,bullet4,12.6209,7.15502,0.8,0,1
490063,bullet6,12.6178,7.15103,0.8,0,1
490063,bullet5,8.61699,7.15004,0.8,0,1
490064,player,8.21698,7.15003,-8.14823e-06,-1.02611e-05,1
490064,flyer4,10.5,2.35391,-0.3,0,2
490065,flyer5,12.3804,4.16463,-0.274642,0.120714,2
490065,bullet2,8.61698,7.15003,0.8,0,1
490066,flayer8,3.881,16.213,-0.280422,0.106599,2
490068,bullet5,12.617,7.15004,0.8,0,1
490069,player,8.21698,6.07217,-1.50358e-07,-0.18263,1
490069,flyer4,9,2.35391,-0.3,0,2
490069,bullet3,8.61698,6.07217,0.8,0,1
490070,flyer5,11.0072,4.7682,-0.274642,0.120714,2
490070,bullet2,12.617,7.15003,0.8,0,1
490073,bullet1,8.05926,5.92888,0.8,0,1
490074,player,7.62851,5.92551,-0.0307547,-0.00337003,1
490074,flyer4,7.5,2.35391,-0.3,0,2
490074,bullet3,12.617,6.07217,0.8,0,1
490075,flyer5,9.63395,5.37177,-0.274642,0.120714,1
490079,player,7.25247,5.67183,-0.321152,0.306683,1
490079,flyer4,5.99999,2.35391,-0.3,0,2
490079,flyer2,16.5,2.35391,-0.276683,0.115959,2
490080,flyer5,8.26074,5.97534,-0.274642,0.120714,1
490080,flyer6,16.5,2.35391,-0.3,0,2
490084,player,6.40609,5.91812,-0.0366809,0.00565917,1
490084,flyer4,4.49999,2.35391,-0.3,0,2
490084,flyer2,15.1166,2.93371,-0.276683,0.115959,2
