607151,player,7.10056,13.129,0,0,1
607152,bullet1,7.50056,13.129,0.8,0,1
607153,bullet2,7.50056,13.129,0.8,0,1
607156,player,6.61119,13.129,-0.151875,0,1
607157,bullet1,11.5006,13.129,0.8,0,1
607157,bullet3,6.94284,13.129,0.8,0,1
607158,bullet2,11.5006,13.129,0.8,0,1
607160,bullet4,6.40265,13.6184,0.8,0,1
607161,player,5.9315,13.6868,-0.0711463,0.0683438,1
607162,bullet1,15.5006,13.129,0.8,0,1
607162,bullet3,10.9428,13.129,0.8,0,1
607163,bullet2,15.5006,13.129,0.8,0,1
607164,flyer1,16.5,10.6624,-0.3,0,2
607165,bullet4,10.4026,13.6184,0.8,0,1
607166,player,6.47668,13.6287,0.0125268,0.139297,1
607167,bullet3,14.9428,13.129,0.8,0,1
607169,flyer1,15,10.6624,-0.3,0,2
607169,flyer2,16.5,10.6624,-0.234422,-0.187207,2
607169,bullet5,6.88599,13.7323,0.8,0,1
607170,bullet4,14.4026,13.6184,0.8,0,1
607171,player,5.99736,13.7406,-0.151644,0.00257041,1
607172,bullet6,6.32912,13.7417,0.8,0,1
607174,flyer1,13.5,10.6624,-0.3,0,2
607174,flyer2,15.3279,9.7264,-0.234422,-0.187207,2
607174,bullet5,10.886,13.7323,0.8,0,1
607175,bullet1,6.27838,13.1849,0.8,0,1
607176,player,5.53808,13.1542,-0.340298,-0.0307073,1
607177,bullet6,10.3291,13.7417,0.8,0,1
607178,bullet2,5.71604,13.1341,0.8,0,1
607179,flyer1,12,10.6624,-0.3,0,2
607179,flyer2,14.1558,8.79036,-0.234422,-0.187207,2
607179,bullet5,14.886,13.7323,0.8,0,1
607180,bullet1,10.2784,13.1849,0.8,0,1
607181,player,4.77542,13.6189,-0.158154,0.151308,1
607182,bullet6,14.3291,13.7417,0.8,0,1
607183,bullet2,9.71604,13.1341,0.8,0,1
607184,flyer1,10.5,10.6624,-0.3,0,2
607184,flyer2,12.9837,7.85433,-0.234422,-0.187207,2
607185,bullet1,14.2784,13.1849,0.8,0,1
607185,bullet3,3.69361,13.1491,-0.8,-6.99382e-08,1
607186,player,3.72244,12.8006,-0.371173,-0.348548,1
607188,bullet2,13.716,13.1341,0.8,0,1
607189,flyer1,9,10.6624,-0.3,0,2
607189,flyer2,11.8116,6.91829,-0.234422,-0.187207,2
607189,bullet4,3.35705,12.052,0.8,0,1
607190,bullet3,-0.306391,13.1491,-0.8,-6.99382e-08,1
607191,player,2.83588,11.9322,-0.0376039,-0.0371864,1
607191,bullet5,3.23588,11.9322,0.8,0,1
607193,bullet6,3.21134,11.9079,0.8,0,1
607194,flyer1,7.5,10.6624,-0.3,0,2
607194,flyer2,10.6395,5.98225,-0.234422,-0.187207,2
607194,bullet4,7.35705,12.052,0.8,0,1
607195,bullet1,3.20637,11.903,0.8,0,1
607196,player,2.80568,11.9023,-0.000693897,-0.000686193,1
607196,bullet5,7.23588,11.9322,0.8,0,1
607198,bullet6,7.21134,11.9079,0.8,0,1
607199,flyer1,5.99999,10.6624,-0.3,0,2
607199,flyer2,9.46735,5.04622,-0.234422,-0.187207,2
607199,bullet4,11.357,12.052,0.8,0,1
607200,bullet1,7.20637,11.903,0.8,0,1
607201,player,2.80512,11.3133,-1.28044e-05,-0.0307674,1
607201,bullet5,11.2359,11.9322,0.8,0,1
607203,bullet6,11.2113,11.9079,0.8,0,1
607204,flyer1,4.49999,10.6624,-0.3,0,2
607204,flyer2,8.29524,4.11018,-0.234422,-0.187207,2
607204,bullet4,15.357,12.052,0.8,0,1
607205,bullet1,11.2064,11.903,0.8,0,1
607206,player,2.70601,11.778,0.12112,0.151307,1
607206,bullet5,15.2359,11.9322,0.8,0,1
607208,bullet6,15.2113,11.9079,0.8,0,1
607209,flyer1,2.99999,10.6624,-0.3,0,2
607209,flyer2,7.12313,3.17415,-0.234422,-0.187207,2
607209,bullet3,3.19608,11.8905,0.8,0,1
607210,bullet1,15.2064,11.903,0.8,0,1
607210,bullet2,3.20105,11.8967,0.8,0,1
607211,player,2.80328,11.8995,0.00223501,0.00279204,1
607212,bullet4,3.20429,11.9007,0.8,0,1
607213,bullet5,3.20474,11.9013,0.8,0,1
607214,flyer1,1.49999,10.6624,-0.3,0,2
607214,flyer2,5.95102,2.23811,-0.234422,-0.187207,2
607214,bullet3,7.19608,11.8905,0.8,0,1
607215,bullet2,7.20105,11.8967,0.8,0,1
607216,player,3.29446,11.9017,0.151916,5.15211e-05,1
607217,bullet4,7.20429,11.9007,0.8,0,1
607218,bullet5,7.20474,11.9013,0.8,0,1
607219,flyer1,-6.4373e-06,10.6624,-0.3,0,2
607219,flyer2,4.77892,1.30208,-0.234422,-0.187207,2
607219,bullet3,11.1961,11.8905,0.8,0,1
607220,bullet2,11.2011,11.8967,0.8,0,1
607221,player,3.3857,11.871,0.0403923,0.03759,1
607222,bullet4,11.2043,11.9007,0.8,0,1
607223,bullet5,11.2047,11.9013,0.8,0,1
607224,flyer2,3.60681,0.366042,-0.234422,-0.187207,2
607224,bullet3,15.1961,11.8905,0.8,0,1
607225,bullet2,15.2011,11.8967,0.8,0,1
607226,player,3.57002,11.7493,-0.18488,0.186319,1
607227,flyer3,16.5,7.44808,-0.3,0,2
607227,bullet4,15.2043,11.9007,0.8,0,1
607228,bullet5,15.2047,11.9013,0.8,0,1
607228,bullet6,3.84938,11.8709,0.8,0,1
607229,bullet1,3.83253,11.8879,0.8,0,1
607231,player,3.42154,11.8989,-0.00341155,0.0034381,1
607231,flyer4,16.5,10.8814,-0.3,0,2
607232,flyer3,15,7.44808,-0.3,0,2
607232,bullet3,3.82001,11.9005,0.8,0,1
607233,bullet6,7.84938,11.8709,0.8,0,1
607234,bullet1,7.83254,11.8879,0.8,0,1
607235,bullet2,3.81887,11.9016,0.8,0,1
607236,player,3.4188,11.9017,-6.29527e-05,6.34427e-05,1
607236,flyer4,15,10.8814,-0.3,0,2
607237,flyer3,13.5,7.44808,-0.3,0,2
607237,bullet3,7.82001,11.9005,0.8,0,1
607238,bullet6,11.8494,11.8709,0.8,0,1
607239,bullet1,11.8325,11.8879,0.8,0,1
607240,bullet2,7.81887,11.9016,0.8,0,1
607241,player,3.41875,11.9018,-1.16165e-06,1.1707e-06,1
607241,flyer4,13.5,10.8814,-0.3,0,2
607242,flyer3,12,7.44808,-0.3,0,2
607242,bullet3,11.82,11.9005,0.8,0,1
607243,bullet6,15.8494,11.8709,0.8,0,1
607244,bullet1,15.8325,11.8879,0.8,0,1
607245,bullet2,11.8189,11.9016,0.8,0,1
607245,bullet4,3.26103,12.4595,0.8,0,1
607246,player,2.83028,12.4902,-0.0307547,0.0307547,1
607246,flyer4,12,10.8814,-0.3,0,2
607247,flyer3,10.5,7.44808,-0.3,0,2
607247,bullet3,15.82,11.9005,0.8,0,1
607247,bullet5,3.21644,12.5041,0.8,0,1
607250,bullet2,15.8189,11.9016,0.8,0,1
607250,bullet4,7.26103,12.4595,0.8,0,1
607251,player,3.29495,11.9572,0.151307,-0.0677762,1
607251,flyer4,10.5,10.8814,-0.3,0,2
607252,flyer3,9,7.44808,-0.3,0,2
607252,bullet5,7.21644,12.5041,0.8,0,1
607255,bullet4,11.261,12.4595,0.8,0,1
607256,player,4.60725,11.9028,0.0473863,-0.00125066,1
607256,flyer4,9,10.8814,-0.3,0,2
607256,bullet6,5.00725,11.9028,0.8,0,1
607257,flyer3,7.5,7.44808,-0.3,0,2
607257,bullet5,11.2164,12.5041,0.8,0,1
607260,bullet4,15.261,12.4595,0.8,0,1
607261,player,4.08759,10.2524,-0.0674693,-0.234081,1
607261,flyer4,7.5,10.8814,-0.3,0,2
607261,bullet6,9.00725,11.9028,0.8,0,1
607262,flyer3,5.99999,7.44808,-0.3,0,2
607262,bullet5,15.2164,12.5041,0.8,0,1
607262,bullet1,4.45723,10.147,0.8,0,1
607264,bullet3,4.43742,10.0783,0.8,0,1
607266,player,4.03341,10.0644,-0.001245,-0.00431946,1
607266,flyer4,5.99999,10.8814,-0.3,0,0
607266,bullet6,13.0073,11.9028,0.8,0,1
607266,bullet2,4.43341,10.0644,0.8,0,1
607267,flyer3,4.49999,7.44808,-0.3,0,2
607269,bullet4,4.43248,10.0612,0.8,0,1
607270,bullet5,4.43243,10.061,0.8,0,1
607271,player,4.03241,10.0609,-2.29737e-05,-7.97062e-05,1
607271,bullet2,8.43341,10.0644,0.8,0,1
607272,flyer3,2.99999,7.44808,-0.3,0,2
607272,bullet1,4.4324,10.0609,0.8,0,1
607274,bullet4,8.43248,10.0612,0.8,0,1
607275,bullet5,8.43243,10.061,0.8,0,1
607276,player,3.47467,10.6186,-0.0683442,0.0683423,1
607276,bullet2,12.4334,10.0644,0.8,0,1
607277,flyer3,1.49999,7.44808,-0.3,0,2
607277,bullet1,8.4324,10.0609,0.8,0,1
607279,bullet4,12.4325,10.0612,0.8,0,1
607280,bullet5,12.4324,10.061,0.8,0,1
607281,player,2.81747,10.6735,-0.0151008,0.00126111,1
607282,flyer3,-6.4373e-06,7.44808,-0.3,0,2
607282,bullet1,12.4324,10.0609,0.8,0,1
607283,bullet3,3.20762,10.6743,0.8,0,1
607284,bullet4,16.4325,10.0612,0.8,0,1
607285,flyer5,16.5,10.8814,-0.227646,-0.19539,2
607285,bullet5,16.4324,10.061,0.8,0,1
607286,player,2.80535,10.6745,-0.000278651,2.3271e-05,1
607286,bullet6,2.40535,10.6745,-0.8,-6.99382e-08,1
607288,bullet3,7.20762,10.6743,0.8,0,1
607289,bullet2,2.64742,11.2322,0.8,0,1
607290,flyer5,15.3618,9.90442,-0.227646,-0.19539,1
607291,player,2.20281,11.2768,-0.0138447,0.01384,1
607291,flyer6,16.5,10.8814,-0.3,0,2
607293,bullet3,11.2076,10.6743,0.8,0,1
607293,bullet4,2.59378,11.2858,0.8,0,1
607294,bullet2,6.64742,11.2322,0.8,0,1
607294,bullet5,2.59251,11.2871,0.8,0,1
607295,flyer5,14.2235,8.92746,-0.227646,-0.19539,1
607296,player,2.19169,11.6254,-0.000255475,0.337755,1
607296,flyer6,15,10.8814,-0.3,0,2
607297,bullet1,2.59158,11.7774,0.8,0,1
607298,bullet4,6.59378,11.2858,0.8,0,1
607299,bullet2,10.6474,11.2322,0.8,0,1
607299,bullet5,6.59251,11.2871,0.8,0,1
607300,flyer5,13.0853,7.95051,-0.227646,-0.19539,1
607301,player,2.19149,11.4073,-4.71422e-06,-0.145642,1
607301,flyer6,13.5,10.8814,-0.3,0,1
607302,bullet1,6.59158,11.7774,0.8,0,1
607303,bullet4,10.5938,11.2858,0.8,0,1
607303,bullet6,2.59148,11.3123,0.8,0,1
607304,bullet5,10.5925,11.2871,0.8,0,1
607305,flyer5,11.9471,6.97356,-0.227646,-0.19539,1
607306,player,1.63376,11.8481,-0.0683438,0.0656562,1
607307,bullet1,10.5916,11.7774,0.8,0,1
607308,bullet4,14.5938,11.2858,0.8,0,1
607308,bullet6,6.59148,11.3123,0.8,0,1
607309,bullet5,14.5925,11.2871,0.8,0,1
607310,flyer5,10.8089,5.99661,-0.227646,-0.19539,1
607311,player,0.652904,11.9008,-0.369516,0.00121154,1
607312,flayer7,16.5,13.4418,-0.3,0,2
607312,bullet1,14.5916,11.7774,0.8,0,1
607313,bullet6,10.5915,11.3123,0.8,0,1
607313,bullet3,0.811794,11.9016,0.8,0,1
607315,flyer5,9.67062,5.01966,-0.227646,-0.19539,1
607316,player,0.397443,11.9018,-0.00255698,2.23564e-05,1
607316,bullet2,-0.00255695,11.9018,-0.8,-6.99382e-08,1
607317,flayer7,15,13.4418,-0.3,0,2
607318,bullet6,14.5915,11.3123,0.8,0,1
607318,bullet3,4.81179,11.9016,0.8,0,1
607320,flyer5,8.53239,4.04271,-0.227646,-0.19539,1
607321,player,0.4,12.4902,0,0.0307551,1
607321,flayer8,16.5,10.8814,-0.3,0,2
607321,bullet4,0.8,12.4902,0.8,0,1
607322,flayer7,13.5,13.4418,-0.3,0,2
607323,bullet3,8.8118,11.9016,0.8,0,1
607324,bullet5,0.8,12.5131,0.8,0,1
607325,flyer5,7.39417,3.06575,-0.227646,-0.19539,1
607326,player,0.4,12.515,0,0.000567518,1
607326,flayer8,15,10.8814,-0.3,0,2
607326,bullet4,4.8,12.4902,0.8,0,1
607327,flayer7,12,13.4418,-0.3,0,2
607328,bullet3,12.8118,11.9016,0.8,0,1
607329,bullet5,4.8,12.5131,0.8,0,1
607330,flyer5,6.25594,2.0888,-0.227646,-0.19539,1
607330,bullet1,0.557719,11.3692,-0.8,-6.99382e-08,1
607331,player,0.650973,11.6621,-0.306745,0.292916,1
607331,flayer8,13.5,10.8814,-0.3,0,2
607331,bullet4,8.8,12.4902,0.8,0,1
607332,flayer7,10.5,13.4418,-0.3,0,2
607334,bullet5,8.8,12.5131,0.8,0,1
607335,flyer5,5.11771,1.11185,-0.227646,-0.19539,1
607336,player,0.4,10.7512,0,-0.0936933,1
607336,flayer8,12,10.8814,-0.3,0,2
607336,bullet4,12.8,12.4902,0.8,0,1
607337,flayer7,9,13.4418,-0.3,0,2
607337,bullet2,0.8,10.709,0.8,0,1
607338,bullet6,0.8,10.69,0.8,0,1
607339,bullet5,12.8,12.5131,0.8,0,1
607340,flyer5,3.97948,0.134899,-0.227646,-0.19539,1
607341,player,0.4,10.6759,0,-0.00172891,1
607341,flayer8,10.5,10.8814,-0.3,0,2
607341,bullet1,0.8,10.6759,0.8,0,1
607342,flayer7,7.5,13.4418,-0.3,0,2
607342,bullet2,4.8,10.709,0.8,0,1
607343,bullet6,4.8,10.69,0.8,0,1
607346,player,0.4,11.1639,0,0.151843,1
607346,flayer8,9,10.8814,-0.3,0,2
607346,bullet1,4.8,10.6759,0.8,0,1
607347,flayer7,5.99999,13.4418,-0.3,0,2
607347,bullet3,0.8,11.2322,0.8,0,1
607348,bullet6,8.8,10.69,0.8,0,1
607348,bullet4,0.8,11.263,0.8,0,1
607350,bullet5,0.8,11.283,0.8,0,1
607351,player,0.4,11.2859,0,0.00280193,1
607351,bullet1,8.8,10.6759,0.8,0,1
607352,flayer7,4.49999,13.4418,-0.3,0,2
607352,bullet3,4.8,11.2322,0.8,0,1
607353,bullet4,4.8,11.263,0.8,0,1
607355,bullet5,4.8,11.283,0.8,0,1
607356,player,0.4,11.7775,0,0.151927,1
607356,bullet1,12.8,10.6759,0.8,0,1
607357,flayer7,2.99999,13.4418,-0.3,0,2
607357,bullet3,8.8,11.2322,0.8,0,1
607358,bullet4,8.8,11.263,0.8,0,1
607360,bullet5,8.8,11.283,0.8,0,1
607361,player,0.4,12.237,-0,0.340303,1
607362,flayer7,1.49999,13.4418,-0.3,0,2
607362,bullet3,12.8,11.2322,0.8,0,1
607363,bullet4,12.8,11.263,0.8,0,1
607363,bullet2,0,12.459,-0.8,-6.99382e-08,1
607365,bullet5,12.8,11.283,0.8,0,1
607365,bullet6,0.8,12.504,0.8,0,1
607366,player,0.4,12.5103,0,0.00627956,1
607367,flayer7,-6.4373e-06,13.4418,-0.3,0,2
607368,flyer1,16.5,13.4418,-0.249104,0.167175,2
607368,bullet1,0.8,12.5144,0.8,0,1
607370,flyer2,16.5,1.08329,-0.218991,-0.205044,2
607370,bullet6,4.8,12.504,0.8,0,1
607370,bullet2,0.8,12.5152,0.8,0,1
607371,player,0.4,12.5153,0,0.000115875,1
607373,flyer1,15.2545,14.2777,-0.249104,0.167175,2
607373,bullet1,4.8,12.5144,0.8,0,1
607373,bullet3,1.28938,12.5154,0.8,0,1
607375,flyer2,15.405,0.0580672,-0.218991,-0.205044,2
607375,bullet6,8.8,12.504,0.8,0,1
607375,bullet2,4.8,12.5152,0.8,0,1
607376,player,0.512938,12.026,-0.138035,-0.151873,1
607378,flyer1,14.009,15.1135,-0.249104,0.167175,2
607378,bullet1,8.8,12.5144,0.8,0,1
607378,bullet3,5.28938,12.5154,0.8,0,1
607380,bullet6,12.8,12.504,0.8,0,1
607380,bullet2,8.8,12.5152,0.8,0,1
607381,player,0.402084,11.9041,-0.00254714,-0.00280248,1
607383,flyer1,12.7634,15.9494,-0.249104,0.167175,2
607383,bullet1,12.8,12.5144,0.8,0,1
607383,bullet3,9.28938,12.5154,0.8,0,1
607385,bullet2,12.8,12.5152,0.8,0,1
607385,bullet4,0.899184,11.3134,0.8,0,1
607386,player,0.444633,11.2995,-0.0545511,-0.0138913,1
607388,flyer4,16.5,1.08329,-0.250632,-0.164875,2
607388,bullet3,13.2894,12.5154,0.8,0,1
607388,bullet5,0.809038,11.2904,0.8,0,1
607390,bullet4,4.89918,11.3134,0.8,0,1
607391,player,0.400823,11.2884,-0.00100662,-0.000256334,1
607391,bullet6,0.800823,11.2884,0.8,0,1
607393,flyer4,15.2468,0.258911,-0.250632,-0.164875,2
607393,bullet5,4.80904,11.2904,0.8,0,1
607395,bullet4,8.89919,11.3134,0.8,0,1
607396,player,1.44709,11.3565,0.220219,-0.083536,1
607396,bullet6,4.80082,11.2884,0.8,0,1
607398,flyer3,16.5,1.08329,-0.28316,-0.0990988,2
607398,bullet5,8.80904,11.2904,0.8,0,1
607399,bullet1,1.76857,10.7367,-0.8,-6.99382e-08,1
607400,bullet4,12.8992,11.3134,0.8,0,1
607401,player,2.22626,11.0246,0.0179033,0.322119,1
607401,bullet6,8.80082,11.2884,0.8,0,1
607403,flyer3,15.0842,0.587791,-0.28316,-0.0990988,2
607403,bullet5,12.809,11.2904,0.8,0,1
607405,flyer6,16.5,1.9631,-0.3,0,2
607406,player,3.33233,12.375,0.166045,0.171659,1
607406,bullet6,12.8008,11.2884,0.8,0,1
607408,flyer3,13.6684,0.0922972,-0.28316,-0.0990988,2
607408,flyer5,16.5,13.2665,-0.3,0,2
607409,bullet2,3.61352,13.0603,-0.8,-6.99382e-08,1
607410,flyer6,15,1.9631,-0.3,0,2
607411,player,4.06799,13.1151,0.0169036,0.0170072,1
607411,bullet3,4.46799,13.1151,0.8,0,1
607413,flyer3,12.2526,-0.403197,-0.28316,-0.0990988,2
607413,flyer5,15,13.2665,-0.3,0,2
607414,bullet2,-0.386479,13.0603,-0.8,-6.99382e-08,1
607415,flyer6,13.5,1.9631,-0.3,0,2
607415,flayer8,16.5,13.2665,-0.230956,0.191466,2
607416,player,4.61553,13.1288,0.0976828,0.000313831,1
607416,bullet3,8.46799,13.1151,0.8,0,1
607417,bullet1,5.05949,13.1289,0.8,0,1
607418,flyer5,13.5,13.2665,-0.3,0,2
607419,bullet4,5.08817,13.129,0.8,0,1
607420,flyer6,12,1.9631,-0.3,0,2
607420,flayer8,15.3452,14.2238,-0.230956,0.191466,2
607421,player,4.69398,13.129,0.00180252,5.79106e-06,1
607422,bullet1,9.05949,13.1289,0.8,0,1
607423,flyer5,12,13.2665,-0.3,0,1
607424,bullet4,9.08817,13.129,0.8,0,1
607425,flyer6,10.5,1.9631,-0.3,0,2
607425,flayer8,14.1904,15.1812,-0.230956,0.191466,2
607426,player,5.54871,13.9823,-0.292872,-0.292906,1
607429,bullet4,13.0882,13.129,0.8,0,1
607430,flyer6,9,1.9631,-0.3,0,2
607430,flayer8,13.0357,16.1385,-0.230956,0.191466,2
607430,bullet5,5.22954,13.6534,0.8,0,1
607431,player,4.75579,13.7025,-0.0737481,0.0490992,1
607432,flayer7,16.5,13.2665,-0.297385,0.0395207,2
607432,bullet6,5.12261,13.7246,0.8,0,1
607433,bullet2,5.10767,13.7345,0.8,0,1
607435,flyer6,7.5,1.9631,-0.3,0,2
607435,bullet5,9.22954,13.6534,0.8,0,1
607436,player,4.20719,13.7419,-0.153236,0.000906018,1
607437,flayer7,15.0131,13.4641,-0.297385,0.0395207,1
607437,bullet6,9.12261,13.7246,0.8,0,1
607438,bullet2,9.10767,13.7345,0.8,0,1
607440,flyer6,5.99999,1.9631,-0.3,0,2
607441,player,3.52641,12.5826,-0.0711714,-0.0821666,1
607442,bullet6,13.1226,13.7246,0.8,0,1
607442,bullet3,3.89438,12.5457,0.8,0,1
607443,bullet2,13.1077,13.7345,0.8,0,1
607445,flyer6,4.49999,1.9631,-0.3,0,2
607446,player,3.46925,11.9282,-0.00131331,-0.0322709,1
607446,bullet1,3.86925,11.9282,0.8,0,1
607447,bullet3,7.89438,12.5457,0.8,0,1
607447,bullet4,3.86866,11.9137,0.8,0,1
607450,flyer6,2.99999,1.9631,-0.3,0,2
607450,bullet5,4.3576,11.4135,0.8,0,1
607451,player,4.02592,11.3445,0.0683195,-0.0689392,1
607451,bullet1,7.86926,11.9282,0.8,0,1
607452,bullet3,11.8944,12.5457,0.8,0,1
607452,bullet4,7.86866,11.9137,0.8,0,1
607455,flyer6,1.49999,1.9631,-0.3,0,2
607455,bullet5,8.3576,11.4135,0.8,0,1
607456,player,3.47847,11.8915,-0.0125789,0.0125675,1
607456,bullet1,11.8693,11.9282,0.8,0,1
607457,bullet3,15.8944,12.5457,0.8,0,1
607457,bullet4,11.8687,11.9137,0.8,0,1
607460,flyer6,-6.4373e-06,1.9631,-0.3,0,2
607460,bullet5,12.3576,11.4135,0.8,0,1
607461,player,3.46837,11.4122,-0.000232117,-0.151643,1
607461,bullet1,15.8693,11.9282,0.8,0,1
607462,flyer2,16.5,9.35996,-0.293574,-0.0617584,2
607462,bullet4,15.8687,11.9137,0.8,0,1
607462,bullet6,3.86826,11.344,0.8,0,1
607464,flyer1,16.5,13.2665,-0.3,0,2
607465,bullet5,16.3576,11.4135,0.8,0,1
607466,player,3.46818,10.702,-4.2832e-06,-0.0335529,1
607466,flyer4,16.5,9.35996,-0.215474,-0.208737,2
607466,bullet2,3.86818,10.702,0.8,0,1
607467,flyer2,15.0321,9.05117,-0.293574,-0.0617584,2
607467,bullet6,7.86827,11.344,0.8,0,1
607467,bullet3,3.86818,10.6869,0.8,0,1
607469,flyer1,15,13.2665,-0.3,0,2
607471,player,3.53652,10.6067,-0.0835313,0.0829121,1
607471,flyer4,15.4226,8.31628,-0.215474,-0.208737,2
607471,bullet2,7.86818,10.702,0.8,0,1
607472,flyer2,13.5643,8.74238,-0.293574,-0.0617584,2
607472,bullet6,11.8683,11.344,0.8,0,1
607472,bullet3,7.86818,10.6869,0.8,0,1
607474,flyer1,13.5,13.2665,-0.3,0,2
607474,bullet1,3.31669,10.6683,0.8,0,1
607476,player,2.52963,10.3357,-0.352881,-0.33597,1
607476,flyer4,14.3453,7.27259,-0.215474,-0.208737,2
607476,bullet2,11.8682,10.702,0.8,0,1
607477,flyer2,12.0964,8.43359,-0.293574,-0.0617584,2
607477,bullet6,15.8683,11.344,0.8,0,1
607477,bullet3,11.8682,10.6869,0.8,0,1
607479,flyer1,12,13.2665,-0.3,0,2
607479,bullet1,7.31669,10.6683,0.8,0,1
607479,bullet4,3.22494,10.0859,0.8,0,1
607481,player,2.84855,10.0659,0.00732796,-0.00619959,1
607481,flyer4,13.2679,6.22891,-0.215474,-0.208737,2
607481,bullet2,15.8682,10.702,0.8,0,1
607482,flyer2,10.6285,8.1248,-0.293574,-0.0617584,2
607482,bullet3,15.8682,10.6869,0.8,0,1
607483,bullet5,3.25333,10.0619,0.8,0,1
607484,flyer1,10.5,13.2665,-0.3,0,2
607484,bullet1,11.3167,10.6683,0.8,0,1
607484,bullet4,7.22494,10.0859,0.8,0,1
607486,player,2.63422,9.16573,0.269291,-0.405958,1
607486,flyer4,12.1905,5.18523,-0.215474,-0.208737,2
607487,flyer2,9.16064,7.81601,-0.293574,-0.0617584,2
607487,bullet6,3.1554,8.98305,0.8,0,1
607488,bullet5,7.25333,10.0619,0.8,0,1
607489,flyer1,9,13.2665,-0.3,0,2
607489,bullet1,15.3167,10.6683,0.8,0,1
607489,bullet4,11.2249,10.0859,0.8,0,1
607491,player,2.3611,9.32909,-0.146906,0.144384,1
607491,flyer4,11.1131,4.14155,-0.215474,-0.208737,2
607492,flyer2,7.69277,7.50721,-0.293574,-0.0617584,2
607492,bullet6,7.1554,8.98305,0.8,0,1
607493,bullet5,11.2533,10.0619,0.8,0,1
607493,bullet2,3.15462,9.91268,0.8,0,1
607494,flyer1,7.5,13.2665,-0.3,0,2
607494,bullet4,15.2249,10.0859,0.8,0,1
607496,player,2.84544,10.0474,0.0111288,0.0165039,1
607496,flyer4,10.0358,3.09787,-0.215474,-0.208737,2
607496,bullet3,3.24544,10.0474,0.8,0,1
607497,flyer2,6.2249,7.19842,-0.293574,-0.0617584,2
607497,bullet6,11.1554,8.98305,0.8,0,1
607498,bullet5,15.2533,10.0619,0.8,0,1
607498,bullet2,7.15462,9.91268,0.8,0,1
607499,flyer1,5.99999,13.2665,-0.3,0,2
607500,bullet1,3.74355,9.57093,0.8,0,1
607501,player,3.4121,9.50289,0.0685491,-0.0680392,1
607501,flyer4,8.95841,2.05418,-0.215474,-0.208737,2
607501,bullet3,7.24544,10.0474,0.8,0,1
607502,flyer2,4.75703,6.88963,-0.293574,-0.0617584,2
607502,bullet6,15.1554,8.98305,0.8,0,1
607503,bullet2,11.1546,9.91268,0.8,0,1
607504,flyer1,4.49999,13.2665,-0.3,0,2
607505,bullet1,7.74355,9.57093,0.8,0,1
607506,player,3.46715,9.44825,0.00126492,-0.00125551,1
607506,flyer4,7.88104,1.0105,-0.215474,-0.208737,2
607506,bullet3,11.2454,10.0474,0.8,0,1
607507,flyer2,3.28915,6.58083,-0.293574,-0.0617584,2
607508,bullet2,15.1546,9.91268,0.8,0,1
607509,flyer1,2.99999,13.2665,-0.3,0,2
607509,bullet4,4.4258,10.005,0.8,0,1
607510,bullet1,11.7435,9.57093,0.8,0,1
607511,player,3.5811,9.56018,-0.138012,-0.138059,1
607511,flyer4,6.80367,-0.0331824,-0.215474,-0.208737,2
607511,bullet3,15.2454,10.0474,0.8,0,1
607512,flyer2,1.82128,6.27204,-0.293574,-0.0617584,2
607512,bullet5,3.91899,9.49805,0.8,0,1
607514,flyer1,1.49999,13.2665,-0.3,0,2
607514,bullet4,8.42581,10.005,0.8,0,1
607515,bullet1,15.7435,9.57093,0.8,0,1
607516,player,4.02798,10.007,0.065797,0.0657962,1
607516,bullet6,4.42798,10.007,0.8,0,1
607517,flyer2,0.353411,5.96325,-0.293574,-0.0617584,2
607517,bullet5,7.919,9.49805,0.8,0,1
607517,bullet2,4.45759,10.0366,0.8,0,1
607519,flyer1,-6.4373e-06,13.2665,-0.3,0,2
607519,bullet4,12.4258,10.005,0.8,0,1
607521,player,3.59145,10.5492,-0.150661,0.153089,1
607521,bullet6,8.42798,10.007,0.8,0,1
607522,bullet5,11.919,9.49805,0.8,0,1
607522,bullet2,8.45759,10.0366,0.8,0,1
607524,flyer3,16.5,9.35996,-0.3,0,2
607526,player,3.13296,10.1145,-0.34028,-0.0655188,1
607526,bullet6,12.428,10.007,0.8,0,1
607527,bullet2,12.4576,10.0366,0.8,0,1
607529,flyer3,15,9.35996,-0.3,0,0
607529,bullet3,2.7222,10.0658,0.8,0,1
607530,bullet1,2.67749,10.0631,0.8,0,1
607531,player,2.25737,10.0619,-0.0201187,-0.00120901,1
607532,bullet4,2.64832,10.0613,0.8,0,1
607534,bullet3,6.7222,10.0658,0.8,0,1
607535,flyer5,16.5,4.71332,-0.221722,0.202087,2
607535,bullet1,6.67749,10.0631,0.8,0,1
607536,player,2.14211,11.1387,0.120749,0.182607,1
607536,bullet5,2.54211,11.1387,0.8,0,1
607537,bullet4,6.64832,10.0613,0.8,0,1
607539,bullet3,10.7222,10.0658,0.8,0,1
607540,flyer5,15.3914,5.72376,-0.221722,0.202087,2
607540,bullet1,10.6775,10.0631,0.8,0,1
607541,player,1.65061,11.2854,-0.0285265,0.00336962,1
607541,bullet5,6.54212,11.1387,0.8,0,1
607542,bullet4,10.6483,10.0613,0.8,0,1
607544,bullet3,14.7222,10.0658,0.8,0,1
607545,flyer5,14.2828,6.73419,-0.221722,0.202087,2
607545,bullet1,14.6775,10.0631,0.8,0,1
607546,player,0.687891,12.2279,-0.351866,0.351402,1
607546,bullet5,10.5421,11.1387,0.8,0,1
607547,bullet4,14.6483,10.0613,0.8,0,1
607548,flayer8,16.5,4.71332,-0.267189,-0.136418,2
607548,bullet6,0.858299,12.4572,0.8,0,1
607549,bullet2,0.826235,12.4892,0.8,0,1
607550,flyer5,13.1742,7.74463,-0.221722,0.202087,2
607551,player,0.742813,12.5101,0.331007,0.00648435,1
607551,bullet5,14.5421,11.1387,0.8,0,1
607553,flayer8,15.1641,4.03123,-0.267189,-0.136418,2
607553,bullet6,4.8583,12.4572,0.8,0,1
607553,bullet3,1.3588,12.5143,0.8,0,1
607554,bullet2,4.82624,12.4892,0.8,0,1
607555,flyer5,12.0655,8.75507,-0.221722,0.202087,2
607556,player,1.16052,13.0047,-0.179517,0.151995,1
607558,flayer8,13.8281,3.34914,-0.267189,-0.136418,2
607558,bullet6,8.8583,12.4572,0.8,0,1
607558,bullet3,5.3588,12.5143,0.8,0,1
607558,bullet1,1.44338,13.1039,0.8,0,1
607559,bullet2,8.82624,12.4892,0.8,0,1
607560,flyer5,10.9569,9.7655,-0.221722,0.202087,2
607561,player,1.01635,12.569,-0.00331259,-0.065539,1
607563,flayer8,12.4922,2.66705,-0.267189,-0.136418,2
607563,bullet6,12.8583,12.4572,0.8,0,1
607563,bullet3,9.3588,12.5143,0.8,0,1
607563,bullet1,5.44338,13.1039,0.8,0,1
607564,bullet2,12.8262,12.4892,0.8,0,1
607565,flyer5,9.84832,10.7759,-0.221722,0.202087,2
607566,player,0.4,10.9881,-0,-0.383304,1
607568,flayer8,11.1562,1.98496,-0.267189,-0.136418,2
607568,bullet3,13.3588,12.5143,0.8,0,1
607568,bullet1,9.44338,13.1039,0.8,0,1
607570,flyer5,8.73971,11.7864,-0.221722,0.202087,2
607571,player,0.650973,11.6063,-0.306745,0.361182,1
607572,flayer7,16.5,4.71332,-0.3,0,2
607573,flayer8,9.82027,1.30287,-0.267189,-0.136418,2
607573,bullet1,13.4434,13.1039,0.8,0,1
607573,bullet4,0.850822,11.8419,0.8,0,1
607575,flyer5,7.6311,12.7968,-0.221722,0.202087,2
607576,player,0.4,12.3857,-0,0.15854,1
607577,flayer7,15,4.71332,-0.3,0,2
607578,flayer8,8.48433,0.620784,-0.267189,-0.136418,2
607578,bullet4,4.85082,11.8419,0.8,0,1
607580,flyer5,6.52249,13.8073,-0.221722,0.202087,2
607581,player,0.4,13.1015,0,0.0336802,1
607581,bullet5,0,13.1015,-0.8,-6.99382e-08,1
607582,flayer7,13.5,4.71332,-0.3,0,2
607582,bullet6,0.8,13.1166,0.8,0,1
607583,flayer8,7.14838,-0.0613046,-0.267189,-0.136418,2
607583,bullet4,8.85082,11.8419,0.8,0,1
607585,flyer5,5.41388,14.8177,-0.221722,0.202087,2
607586,player,0.4,13.1285,0,0.000621494,1
607586,bullet2,0.8,13.1285,0.8,0,1
607587,flayer7,12,4.71332,-0.3,0,2
607587,bullet6,4.8,13.1166,0.8,0,1
607588,bullet4,12.8508,11.8419,0.8,0,1
607589,bullet3,0.8,12.6396,0.8,0,1
607590,flyer5,4.30527,15.8281,-0.221722,0.202087,2
607591,player,0.4,12.5406,0,-0.0307432,1
607591,bullet2,4.8,13.1285,0.8,0,1
607592,flayer7,10.5,4.71332,-0.3,0,2
607592,bullet6,8.8,13.1166,0.8,0,1
607594,bullet3,4.8,12.6396,0.8,0,1
607595,bullet1,0.8,12.5164,0.8,0,1
607596,player,0.4,12.5159,0,-0.000567299,1
607596,bullet2,8.8,13.1285,0.8,0,1
607597,flayer7,9,4.71332,-0.3,0,2
607597,bullet6,12.8,13.1166,0.8,0,1
607599,bullet3,8.8,12.6396,0.8,0,1
607600,bullet1,4.8,12.5164,0.8,0,1
607601,player,0.4,13.0731,0,0.0683333,1
607601,bullet2,12.8,13.1285,0.8,0,1
607602,flayer7,7.5,4.71332,-0.3,0,2
607604,bullet3,12.8,12.6396,0.8,0,1
607604,bullet5,0.8,13.1239,0.8,0,1
607605,bullet1,8.8,12.5164,0.8,0,1
607606,player,0.4,13.128,0,0.00126094,1
607606,bullet4,0.8,13.128,0.8,0,1
607607,flayer7,5.99999,4.71332,-0.3,0,2
607609,bullet5,4.8,13.1239,0.8,0,1
607610,bullet1,12.8,12.5164,0.8,0,1
607611,player,1.32597,12.203,0.368255,-0.368231,1
607611,bullet4,4.8,13.128,0.8,0,1
607612,flayer7,4.49999,4.71332,-0.3,0,2
607612,bullet6,1.89169,12.0373,0.8,0,1
607614,bullet5,8.8,13.1239,0.8,0,1
607616,player,2.51693,11.6871,0.412639,0.262361,1
607616,bullet4,8.8,13.128,0.8,0,1
607617,flayer7,2.99999,4.71332,-0.3,0,2
607617,bullet6,5.89169,12.0373,0.8,0,1
607618,bullet2,3.18618,11.8583,0.8,0,1
607619,bullet5,12.8,13.1239,0.8,0,1
607621,player,2.84832,11.8978,0.00761435,0.0048413,1
607621,bullet4,12.8,13.128,0.8,0,1
607622,flayer7,1.49999,4.71332,-0.3,0,2
607622,bullet6,9.89169,12.0373,0.8,0,1
607623,bullet2,7.18618,11.8583,0.8,0,1
607624,bullet3,3.8117,12.4591,0.8,0,1
607626,player,3.45674,12.504,0.0139801,0.0139289,1
607626,bullet1,3.85674,12.504,0.8,0,1
607627,flayer7,-6.4373e-06,4.71332,-0.3,0,2
607627,bullet6,13.8917,12.0373,0.8,0,1
607628,bullet2,11.1862,11.8583,0.8,0,1
607629,bullet3,7.8117,12.4591,0.8,0,1
607631,player,4.02569,13.0729,0.0686017,0.0686008,1
607631,flyer6,16.5,1.74279,-0.3,-0.000537366,2
607631,bullet1,7.85674,12.504,0.8,0,1
607631,bullet5,4.42569,13.0729,0.8,0,1
607633,bullet2,15.1862,11.8583,0.8,0,1
607634,bullet3,11.8117,12.4591,0.8,0,1
607636,player,4.08078,13.128,0.00126589,0.00126588,1
607636,flyer6,15,1.74011,-0.3,-0.000537366,2
607636,bullet1,11.8567,12.504,0.8,0,1
607636,bullet5,8.42569,13.0729,0.8,0,1
607636,bullet4,4.48078,13.128,0.8,0,1
607639,bullet3,15.8117,12.4591,0.8,0,1
607641,player,4.08179,13.7175,2.33593e-05,0.030778,1
607641,flyer6,13.5,1.73742,-0.3,-0.000537366,2
607641,bullet1,15.8567,12.504,0.8,0,1
607641,bullet5,12.4257,13.0729,0.8,0,1
607641,bullet4,8.48078,13.128,0.8,0,1
607641,bullet6,4.48179,13.7175,0.8,0,1
607645,bullet2,5.03953,13.7416,0.8,0,1
607646,player,4.67029,13.7422,0.0307551,0.000567942,1
607646,flyer6,12,1.73473,-0.3,-0.000537366,2
607646,bullet4,12.4808,13.128,0.8,0,1
607646,bullet6,8.4818,13.7175,0.8,0,1
607646,bullet3,5.07029,13.7422,0.8,0,1
607650,bullet2,9.03953,13.7416,0.8,0,1
607651,player,4.69499,13.7427,0.000567518,1.04801e-05,1
607651,flyer6,10.5,1.73205,-0.3,-0.000537366,2
607651,bullet6,12.4818,13.7175,0.8,0,1
607651,bullet3,9.07029,13.7422,0.8,0,1
607651,bullet1,5.09499,13.7427,0.8,0,1
607655,bullet2,13.0395,13.7416,0.8,0,1
607656,player,3.53541,14.4133,-0.0821729,-0.0696914,1
607656,flyer6,9.00002,1.72936,-0.3,-0.000537366,2
607656,bullet3,13.0703,13.7422,0.8,0,1
607656,bullet1,9.09499,13.7427,0.8,0,1
607657,bullet5,3.89843,14.382,0.8,0,1
607661,player,4.02714,13.4621,0.0668274,-0.40713,1
607661,flyer6,7.50002,1.72667,-0.3,-0.000537366,2
607661,flyer4,16.5,1.74279,-0.227648,0.195388,2
607661,bullet1,13.095,13.7427,0.8,0,1
607662,bullet5,7.89843,14.382,0.8,0,1
607662,bullet4,4.45721,13.2789,0.8,0,1
607665,bullet6,4.47957,13.1427,0.8,0,1
607666,player,4.08081,13.1352,0.00123315,-0.00751269,1
607666,flyer6,6.00002,1.72399,-0.3,-0.000537366,2
607666,flyer4,15.3618,2.71974,-0.227648,0.195388,2
607666,bullet2,4.48081,13.1352,0.8,0,1
607667,bullet5,11.8984,14.382,0.8,0,1
607667,bullet4,8.45721,13.2789,0.8,0,1
607670,bullet6,8.47958,13.1427,0.8,0,1
607671,player,3.52408,13.1292,-0.068321,-0.00013863,1
607671,flyer6,4.50002,1.7213,-0.3,-0.000537366,2
607671,flyer4,14.2235,3.69668,-0.227648,0.195388,2
607671,bullet2,8.48081,13.1352,0.8,0,1
607672,bullet5,15.8984,14.382,0.8,0,1
607672,bullet4,12.4572,13.2789,0.8,0,1
607675,bullet6,12.4796,13.1427,0.8,0,1
607676,player,3.35627,13.1152,0.136775,0.0169125,1
607676,flyer6,3.00003,1.71861,-0.3,-0.000537366,2
607676,flyer4,13.0853,4.67362,-0.227648,0.195388,2
607676,bullet2,12.4808,13.1352,0.8,0,1
607676,bullet3,3.75627,13.1152,0.8,0,1
607680,bullet1,3.86359,12.5708,0.8,0,1
607681,player,3.46611,12.5403,0.00252388,-0.0304426,1
607681,flyer6,1.50003,1.71592,-0.3,-0.000537366,2
607681,flyer4,11.947,5.65056,-0.227648,0.195388,2
607681,bullet3,7.75628,13.1152,0.8,0,1
607682,bullet5,3.86725,12.5266,0.8,0,1
607683,bullet4,3.86776,12.5205,0.8,0,1
607685,bullet1,7.86359,12.5708,0.8,0,1
607686,player,3.46814,12.1784,4.65726e-05,-0.338062,1
607686,flyer6,3.21865e-05,1.71324,-0.3,-0.000537366,2
607686,flyer4,10.8088,6.6275,-0.227648,0.195388,2
607686,bullet3,11.7563,13.1152,0.8,0,1
607687,bullet5,7.86725,12.5266,0.8,0,1
607688,bullet4,7.86776,12.5205,0.8,0,1
607690,bullet1,11.8636,12.5708,0.8,0,1
607691,player,3.39984,11.4175,0.0835321,-0.158113,1
607691,flyer4,9.67057,7.60444,-0.227648,0.195388,2
607691,bullet3,15.7563,13.1152,0.8,0,1
607692,bullet5,11.8673,12.5266,0.8,0,1
607693,bullet4,11.8678,12.5205,0.8,0,1
607695,bullet1,15.8636,12.5708,0.8,0,1
607695,bullet6,3.86538,11.8512,0.8,0,1
607696,player,3.12942,11.879,-0.335959,0.0278371,1
607696,flyer4,8.53233,8.58138,-0.227648,0.195388,2
607697,bullet5,15.8673,12.5266,0.8,0,1
607698,flyer2,16.5,1.74279,-0.3,0,2
607698,bullet4,15.8678,12.5205,0.8,0,1
607699,flyer1,16.5,1.74279,-0.284521,0.0951195,2
607700,bullet6,7.86538,11.8512,0.8,0,1
607701,player,2.52212,12.0005,-0.343699,-0.120607,1
607701,flyer4,7.39409,9.55832,-0.227648,0.195388,2
607703,flyer2,15,1.74279,-0.3,0,2
607703,bullet2,2.69785,11.9218,0.8,0,1
607704,flyer1,15.0774,2.21839,-0.284521,0.0951195,2
607705,bullet6,11.8654,11.8512,0.8,0,1
607706,player,1.75672,12.393,-0.158217,0.149649,1
607706,flyer4,6.25585,10.5353,-0.227648,0.195388,2
607706,bullet3,2.15672,12.393,0.8,0,1
607708,flyer2,13.5,1.74279,-0.3,0,2
607708,bullet2,6.69785,11.9218,0.8,0,1
607709,flyer1,13.6548,2.69399,-0.284521,0.0951195,2
607710,bullet6,15.8654,11.8512,0.8,0,1
607711,player,2.70751,12.6123,0.17971,-0.118359,1
607711,flyer4,5.11761,11.5122,-0.227648,0.195388,2
607711,bullet3,6.15672,12.393,0.8,0,1
607713,flyer2,12,1.74279,-0.3,0,2
607713,bullet2,10.6979,11.9218,0.8,0,1
607714,flyer1,12.2322,3.16959,-0.284521,0.0951195,2
607716,player,2.96477,11.8158,-0.134719,0.105097,1
607716,flyer4,3.97937,12.4891,-0.227648,0.195388,2
607716,bullet3,10.1567,12.393,0.8,0,1
607718,flyer2,10.5,1.74279,-0.3,0,2
607718,bullet2,14.6979,11.9218,0.8,0,1
607719,flyer1,10.8096,3.64518,-0.284521,0.0951195,2
607719,bullet1,3.26459,11.3362,0.8,0,1
607720,bullet5,3.25906,11.3098,0.8,0,1
607721,player,2.85658,11.2979,-0.00248595,-0.0119003,1
607721,flyer4,2.84113,13.4661,-0.227648,0.195388,2
607721,bullet3,14.1567,12.393,0.8,0,1
607723,flyer2,9,1.74279,-0.3,0,2
607724,flyer1,9.38697,4.12078,-0.284521,0.0951195,2
607724,bullet1,7.26459,11.3362,0.8,0,1
607724,bullet4,3.25473,10.7997,0.8,0,1
607725,bullet5,7.25907,11.3098,0.8,0,1
607726,player,2.85458,10.3623,-4.58727e-05,-0.368474,1
607726,flyer4,1.70289,14.443,-0.227648,0.195388,2
607728,flyer2,7.5,1.74279,-0.3,0,2
607729,flyer1,7.96437,4.59638,-0.284521,0.0951195,2
607729,bullet1,11.2646,11.3362,0.8,0,1
607729,bullet4,7.25473,10.7997,0.8,0,1
607729,bullet6,3.81227,10.0883,0.8,0,1
607730,bullet5,11.2591,11.3098,0.8,0,1
607731,player,2.96748,10.5558,-0.138036,0.145076,1
607731,flyer4,0.564656,15.42,-0.227648,0.195388,2
607733,flyer2,5.99999,1.74279,-0.3,0,2
607734,flyer1,6.54176,5.07198,-0.284521,0.0951195,2
607734,bullet1,15.2646,11.3362,0.8,0,1
607734,bullet4,11.2547,10.7997,0.8,0,1
607734,bullet6,7.81227,10.0883,0.8,0,1
607735,bullet5,15.2591,11.3098,0.8,0,1
607736,player,2.36725,10.1829,-0.154422,-0.149198,1
607737,bullet2,2.69776,10.1158,0.8,0,1
607738,flyer2,4.49999,1.74279,-0.3,0,2
607739,flyer1,5.11916,5.54757,-0.284521,0.0951195,2
607739,bullet4,15.2547,10.7997,0.8,0,1
607739,bullet6,11.8123,10.0883,0.8,0,1
607740,bullet3,3.13546,10.0659,0.8,0,1
607741,player,2.80096,10.0631,0.0654942,-0.00275312,1
607742,bullet2,6.69776,10.1158,0.8,0,1
607743,flyer2,2.99999,1.74279,-0.3,0,2
607743,bullet1,3.24369,10.0613,0.8,0,1
607744,flyer1,3.69655,6.02317,-0.284521,0.0951195,2
607744,bullet6,15.8123,10.0883,0.8,0,1
607745,bullet3,7.13546,10.0659,0.8,0,1
607746,player,2.36418,10.0609,-0.150666,-5.08028e-05,1
607746,bullet5,2.76418,10.0609,0.8,0,1
607747,bullet2,10.6978,10.1158,0.8,0,1
607748,flyer2,1.49999,1.74279,-0.3,0,2
607748,bullet1,7.24369,10.0613,0.8,0,1
607749,flyer1,2.27394,6.49877,-0.284521,0.0951195,2
607750,bullet3,11.1355,10.0659,0.8,0,1
607751,player,2.24318,10.0609,-0.00278022,-9.37455e-07,1
607751,bullet5,6.76418,10.0609,0.8,0,1
607752,bullet2,14.6978,10.1158,0.8,0,1
607753,flyer2,-6.4373e-06,1.74279,-0.3,0,2
607753,bullet1,11.2437,10.0613,0.8,0,1
607754,flyer1,0.851339,6.97437,-0.284521,0.0951195,2
607755,bullet3,15.1355,10.0659,0.8,0,1
607756,player,2.24095,9.1349,-5.13029e-05,-0.368255,1
607756,bullet5,10.7642,10.0609,0.8,0,1
607757,flyer3,16.5,11.1928,-0.297113,-0.0415186,2
607758,bullet1,15.2437,10.0613,0.8,0,1
607759,flayer8,16.5,4.26352,-0.3,0,2
607759,bullet4,3.19863,8.86105,0.8,0,1
607761,player,2.35385,9.32853,-0.138036,0.14508,1
607761,bullet5,14.7642,10.0609,0.8,0,1
607762,flyer3,15.0144,10.9852,-0.297113,-0.0415186,2
607762,bullet6,2.69173,9.39382,0.8,0,1
607763,bullet2,2.66378,9.42319,0.8,0,1
607764,flayer8,15,4.26352,-0.3,0,2
607764,bullet4,7.19863,8.86105,0.8,0,1
607766,player,1.90549,9.44505,-0.340047,0.00267713,1
607767,flyer3,13.5289,10.7776,-0.297113,-0.0415186,2
607767,bullet6,6.69173,9.39382,0.8,0,1
607768,bullet2,6.66378,9.42319,0.8,0,1
607769,flayer8,13.5,4.26352,-0.3,0,2
607769,bullet4,11.1986,8.86105,0.8,0,1
607770,bullet3,2.03868,8.95777,0.8,0,1
607771,player,1.63241,8.88948,-0.00627483,-0.0682944,1
607772,flyer3,12.0433,10.57,-0.297113,-0.0415186,2
607772,bullet6,10.6917,9.39382,0.8,0,1
607773,bullet2,10.6638,9.42319,0.8,0,1
607774,flayer8,12,4.26352,-0.3,0,2
607774,bullet4,15.1986,8.86105,0.8,0,1
607775,bullet3,6.03868,8.95777,0.8,0,1
607776,player,2.22968,9.43694,0.0137238,0.0125794,1
607777,flyer3,10.5577,10.3624,-0.297113,-0.0415186,2
607777,bullet6,14.6917,9.39382,0.8,0,1
607777,bullet1,2.63586,9.4426,0.8,0,1
607778,bullet2,14.6638,9.42319,0.8,0,1
607779,flayer8,10.5,4.26352,-0.3,0,2
607780,bullet3,10.0387,8.95777,0.8,0,1
607780,bullet5,3.12982,8.95744,0.8,0,1
607781,player,2.79842,8.88933,0.068597,-0.0681116,1
607782,flyer3,9.07216,10.1548,-0.297113,-0.0415186,2
607782,bullet1,6.63586,9.4426,0.8,0,1
607784,flayer8,9,4.26352,-0.3,0,2
607785,bullet3,14.0387,8.95777,0.8,0,1
607785,bullet5,7.12982,8.95744,0.8,0,1
607786,player,2.2512,8.87922,-0.0125738,-0.055761,1
607786,bullet4,2.6512,8.87922,0.8,0,1
607787,flyer3,7.5866,9.94724,-0.297113,-0.0415186,1
607787,bullet6,2.64554,8.85413,0.8,0,1
607789,flayer8,7.5,4.26352,-0.3,0,2
607789,bullet2,2.64185,8.83776,0.8,0,1
607790,bullet5,11.1298,8.95744,0.8,0,1
607791,player,2.2411,8.83444,-0.000232022,-0.00102895,1
607791,bullet4,6.6512,8.87922,0.8,0,1
607792,flyer3,6.10103,9.73964,-0.297113,-0.0415186,0
607794,flayer8,5.99999,4.26352,-0.3,0,2
607794,bullet2,6.64185,8.83776,0.8,0,1
607794,bullet1,2.08321,8.83368,0.8,0,1
607795,bullet5,15.1298,8.95744,0.8,0,1
607796,player,2.12797,8.83361,0.138031,-1.8987e-05,1
607796,bullet4,10.6512,8.87922,0.8,0,1
607797,bullet3,2.59009,8.83361,0.8,0,1
607799,flayer8,4.49999,4.26352,-0.3,0,2
607799,bullet2,10.6418,8.83776,0.8,0,1
607799,bullet1,6.08321,8.83368,0.8,0,1
607801,player,1.34361,8.8336,-0.403297,-3.50363e-07,1
607801,bullet4,14.6512,8.87922,0.8,0,1
607802,bullet3,6.59009,8.83361,0.8,0,1
607804,flayer8,2.99999,4.26352,-0.3,0,2
607804,bullet2,14.6418,8.83776,0.8,0,1
607804,bullet1,10.0832,8.83368,0.8,0,1
607804,bullet6,1.4437,8.8336,0.8,0,1
607806,player,1.01972,8.8336,-0.00744196,-6.46518e-09,1
607807,bullet3,10.5901,8.83361,0.8,0,1
607809,flayer8,1.49999,4.26352,-0.3,0,2
607809,bullet1,14.0832,8.83368,0.8,0,1
607809,bullet6,5.4437,8.8336,0.8,0,1
607811,player,1.33741,8.48226,0.354278,-0.320585,1
607812,flyer5,16.5,12.4262,-0.250725,-0.164733,2
607812,bullet3,14.5901,8.83361,0.8,0,1
607812,bullet5,1.89683,8.338,0.8,0,1
607814,flayer8,-6.4373e-06,4.26352,-0.3,0,2
607814,bullet6,9.44371,8.8336,0.8,0,1
607815,bullet4,2.50476,8.7201,0.8,0,1
607816,player,2.17964,8.78252,0.0748812,0.0624281,1
607817,flyer5,15.2464,11.6025,-0.250725,-0.164733,2
607817,bullet5,5.89683,8.338,0.8,0,1
607817,bullet2,2.61334,8.81062,0.8,0,1
607819,bullet6,13.4437,8.8336,0.8,0,1
607820,bullet4,6.50476,8.7201,0.8,0,1
607821,player,2.01956,8.83266,0.270538,0.00115197,1
607822,flyer5,13.9928,10.7789,-0.250725,-0.164733,2
607822,bullet5,9.89683,8.338,0.8,0,1
607822,bullet2,6.61334,8.81062,0.8,0,1
607825,bullet4,10.5048,8.7201,0.8,0,1
607826,player,2.57432,8.34421,0.342492,-0.151854,1
607827,flyer5,12.7391,9.95519,-0.250725,-0.164733,2
607827,bullet5,13.8968,8.338,0.8,0,1
607827,bullet2,10.6133,8.81062,0.8,0,1
607830,bullet4,14.5048,8.7201,0.8,0,1
607831,player,1.36568,8.59051,-0.430278,0.297109,1
607831,flayer7,16.5,6.75329,-0.286914,-0.0876366,2
607832,flyer5,11.4855,9.13153,-0.250725,-0.164733,1
607833,flyer6,16.5,6.75329,-0.3,0,2
607834,flyer4,16.5,6.75329,-0.235616,-0.185702,2
607836,player,1.02013,9.43143,-0.00793985,0.0193221,1
607836,flayer7,15.0654,6.3151,-0.286914,-0.0876366,2
607836,bullet1,1.42013,9.43143,0.8,0,1
607837,flyer5,10.2319,8.30786,-0.250725,-0.164733,1
607838,flyer6,15,6.75329,-0.3,0,2
607839,flyer4,15.3219,5.82478,-0.235616,-0.185702,2
607841,player,1.60223,8.63825,0.0306082,0.238758,1
607841,flayer7,13.6309,5.87692,-0.286914,-0.0876366,2
607841,bullet1,5.42013,9.43143,0.8,0,1
607842,flyer5,8.97826,7.4842,-0.250725,-0.164733,1
607842,bullet3,2.016,8.74569,0.8,0,1
607843,flyer6,13.5,6.75329,-0.3,0,2
607844,flyer4,14.1438,4.89626,-0.235616,-0.185702,2
607845,bullet6,2.02624,8.33621,0.8,0,1
607846,player,1.62681,8.27227,0.000564807,-0.063938,1
607846,flayer7,12.1963,5.43874,-0.286914,-0.0876366,2
607846,bullet1,9.42013,9.43143,0.8,0,1
607847,flyer5,7.72463,6.66053,-0.250725,-0.164733,1
607847,bullet3,6.016,8.74569,0.8,0,1
607848,flyer6,12,6.75329,-0.3,0,2
607848,bullet2,2.02718,7.74118,0.8,0,1
607849,flyer4,12.9658,3.96775,-0.235616,-0.185702,2
607850,bullet6,6.02624,8.33621,0.8,0,1
607851,player,1.62726,7.61861,1.04223e-05,-0.0150194,1
607851,flayer7,10.7617,5.00056,-0.286914,-0.0876366,2
607851,bullet1,13.4201,9.43143,0.8,0,1
607852,flyer5,6.471,5.83687,-0.250725,-0.164733,1
607852,bullet3,10.016,8.74569,0.8,0,1
607853,flyer6,10.5,6.75329,-0.3,0,2
607853,bullet2,6.02718,7.74118,0.8,0,1
607854,flyer4,11.7877,3.03924,-0.235616,-0.185702,2
607855,bullet6,10.0262,8.33621,0.8,0,1
607855,bullet5,2.02727,7.60683,0.8,0,1
607856,player,1.62727,7.60655,1.9232e-07,-0.000277151,1
607856,flayer7,9.32715,4.56238,-0.286914,-0.0876366,2
607857,flyer5,5.21738,5.01321,-0.250725,-0.164733,1
607857,bullet3,14.016,8.74569,0.8,0,1
607858,flyer6,9,6.75329,-0.3,0,2
607858,bullet2,10.0272,7.74118,0.8,0,1
607859,flyer4,10.6096,2.11073,-0.235616,-0.185702,2
607860,bullet6,14.0262,8.33621,0.8,0,1
607860,bullet5,6.02727,7.60683,0.8,0,1
607861,player,1.84749,7.04861,-0.269156,-0.0683489,1
607861,flayer7,7.89258,4.12419,-0.286914,-0.0876366,2
607862,flyer5,3.96375,4.18954,-0.250725,-0.164733,1
607863,flyer6,7.5,6.75329,-0.3,0,1
607863,bullet2,14.0272,7.74118,0.8,0,1
607864,flyer4,9.43153,1.18222,-0.235616,-0.185702,2
607866,player,0.691521,6.17119,-0.356306,0.254055,1
607866,flayer7,6.45801,3.68601,-0.286914,-0.0876366,2
607867,flyer5,2.71013,3.36588,-0.250725,-0.164733,1
607868,flyer6,5.99999,6.75329,-0.3,0,1
607869,flyer4,8.25345,0.25371,-0.235616,-0.185702,2
607871,player,0.773632,6.62619,0.293336,-0.302057,1
607871,flayer7,5.02344,3.24783,-0.286914,-0.0876366,2
607872,flyer5,1.4565,2.54221,-0.250725,-0.164733,1
607873,flyer6,4.49999,6.75329,-0.3,0,1
607874,flyer2,16.5,6.75329,-0.253295,0.160753,2
607876,player,0.671706,6.98593,-0.332087,0.0082658,1
607876,flayer7,3.58887,2.80964,-0.286914,-0.0876366,2
607877,flyer5,0.202874,1.71855,-0.250725,-0.164733,1
607878,flyer6,2.99999,6.75329,-0.3,0,1
607878,bullet4,0.855019,6.99132,0.8,0,1
607879,flyer2,15.2335,7.55705,-0.253295,0.160753,2
607879,bullet1,0.824758,6.99207,0.8,0,1
607881,player,0.4,6.65507,-0,-0.337347,1
607881,flayer7,2.1543,2.37146,-0.286914,-0.0876366,2
607884,flyer2,13.967,8.36082,-0.253295,0.160753,2
607886,player,1.56003,6.98646,0.0821834,0.0076146,1
607886,flayer7,0.719724,1.93328,-0.286914,-0.0876366,2
607886,flyer1,16.5,6.75329,-0.264894,0.140823,2
607886,bullet3,1.96003,6.98646,0.8,0,1
607888,bullet5,2.01366,6.99143,0.8,0,1
607889,flyer2,12.7006,9.16459,-0.253295,0.160753,2
607891,player,1.06831,6.99258,-0.0668272,0.000140511,1
607891,flyer1,15.1755,7.4574,-0.264894,0.140823,2
607891,bullet3,5.96003,6.98646,0.8,0,1
607891,bullet6,1.46831,6.99258,0.8,0,1
607892,bullet2,0.638241,6.99264,-0.8,-6.99382e-08,1
607893,bullet5,6.01366,6.99143,0.8,0,1
607894,flyer2,11.4341,9.96835,-0.253295,0.160753,2
607894,bullet4,1.41862,6.99269,0.8,0,1
607896,player,0.52527,6.99269,-0.153108,2.59282e-06,1
607896,flyer1,13.8511,8.16152,-0.264894,0.140823,2
607896,bullet3,9.96003,6.98646,0.8,0,1
607896,bullet6,5.46831,6.99258,0.8,0,1
607898,bullet5,10.0137,6.99143,0.8,0,1
607899,flyer2,10.1676,10.7721,-0.253295,0.160753,2
607899,bullet4,5.41862,6.99269,0.8,0,1
607901,player,0.4,6.99269,0,4.78448e-08,1
607901,flyer1,12.5266,8.86563,-0.264894,0.140823,2
607901,bullet3,13.96,6.98646,0.8,0,1
607901,bullet6,9.46831,6.99258,0.8,0,1
607903,bullet5,14.0137,6.99143,0.8,0,1
607904,flyer2,8.90115,11.5759,-0.253295,0.160753,2
607904,bullet4,9.41862,6.99269,0.8,0,1
607905,bullet1,0.899099,6.8936,0.8,0,1
607906,player,0.444594,6.9481,-0.0545041,0.0545041,1
607906,flyer1,11.2021,9.56974,-0.264894,0.140823,2
607906,bullet6,13.4683,6.99258,0.8,0,1
607909,flyer2,7.63468,12.3797,-0.253295,0.160753,2
607909,bullet4,13.4186,6.99269,0.8,0,1
607910,bullet1,4.8991,6.8936,0.8,0,1
607911,player,0.738323,7.02263,0.336494,-0.0365833,1
607911,flyer1,9.87764,10.2739,-0.264894,0.140823,2
607913,flyer3,16.5,14.808,-0.3,0,2
607914,flyer2,6.3682,13.1834,-0.253295,0.160753,2
607915,bullet1,8.8991,6.8936,0.8,0,1
607916,player,0.450837,6.94865,-0.0621345,0.0538291,1
607916,flyer1,8.55317,10.978,-0.264894,0.140823,2
607916,bullet2,0.850837,6.94865,0.8,0,1
607918,flyer3,15,14.808,-0.3,0,2
607918,bullet3,0.810295,6.98378,0.8,0,1
607919,flyer2,5.10173,13.9872,-0.253295,0.160753,2
607919,bullet5,0.804633,6.98868,0.8,0,1
607920,bullet1,12.8991,6.8936,0.8,0,1
607921,player,0.400938,6.99188,-0.00114656,0.000993298,1
607921,flyer1,7.22869,11.6821,-0.264894,0.140823,2
607921,bullet2,4.85084,6.94865,0.8,0,1
607923,flyer3,13.5,14.808,-0.3,0,2
607923,bullet3,4.81029,6.98378,0.8,0,1
607924,flyer2,3.83525,14.7909,-0.253295,0.160753,2
607924,bullet5,4.80463,6.98868,0.8,0,1
607926,player,0.889392,6.39037,0.151854,-0.0138213,1
607926,flyer1,5.90422,12.3862,-0.264894,0.140823,2
607926,bullet2,8.85084,6.94865,0.8,0,1
607926,bullet6,1.28939,6.39037,0.8,0,1
607928,flyer3,12,14.808,-0.3,0,2
607928,bullet3,8.8103,6.98378,0.8,0,1
607929,flyer2,2.56878,15.5947,-0.253295,0.160753,2
607929,bullet5,8.80463,6.98868,0.8,0,1
607931,player,1.01134,6.71677,0.00280213,0.337245,1
607931,flyer1,4.57975,13.0903,-0.264894,0.140823,2
607931,bullet2,12.8508,6.94865,0.8,0,1
607931,bullet6,5.28939,6.39037,0.8,0,1
607933,flyer3,10.5,14.808,-0.3,0,2
607933,bullet3,12.8103,6.98378,0.8,0,1
607934,flyer2,1.3023,16.3985,-0.253295,0.160753,2
607934,bullet5,12.8046,6.98868,0.8,0,1
607936,player,1.75394,6.06163,-0.154819,-0.362032,1
607936,flyer1,3.25528,13.7944,-0.264894,0.140823,2
607936,bullet6,9.28939,6.39037,0.8,0,1
607938,flyer3,9,14.808,-0.3,0,2
607939,flayer8,16.5,14.808,-0.3,0,2
607941,player,2.21808,5.46415,0.0278978,-0.38177,1
607941,flyer1,1.93081,14.4985,-0.264894,0.140823,2
607941,bullet6,13.2894,6.39037,0.8,0,1
607942,bullet4,2.63064,5.29235,0.8,0,1
607943,flyer3,7.5,14.808,-0.3,0,2
607944,flayer8,15,14.808,-0.3,0,2
607944,bullet1,2.63883,5.18025,0.8,0,1
607946,player,2.57799,5.15755,0.338015,-0.00704472,1
607946,flyer1,0.606334,15.2026,-0.264894,0.140823,2
607947,bullet4,6.63064,5.29235,0.8,0,1
607948,flyer3,5.99999,14.808,-0.3,0,2
607948,bullet2,3.19854,5.15296,0.8,0,1
607949,flayer8,13.5,14.808,-0.3,0,2
607949,bullet1,6.63883,5.18025,0.8,0,1
607949,bullet3,3.22935,5.15232,0.8,0,1
607951,player,2.84944,5.1519,0.00623732,-0.000129995,1
607952,bullet4,10.6306,5.29235,0.8,0,1
607953,flyer3,4.49999,14.808,-0.3,0,2
607953,bullet2,7.19854,5.15296,0.8,0,1
607954,flayer8,12,14.808,-0.3,0,2
607954,bullet1,10.6388,5.18025,0.8,0,1
607954,bullet3,7.22935,5.15232,0.8,0,1
607956,player,2.85445,5.15179,0.000115096,-2.39877e-06,1
607957,bullet4,14.6306,5.29235,0.8,0,1
607958,flyer3,2.99999,14.808,-0.3,0,2
607958,bullet2,11.1985,5.15296,0.8,0,1
607959,flayer8,10.5,14.808,-0.3,0,2
607959,bullet1,14.6388,5.18025,0.8,0,1
607959,bullet3,11.2293,5.15232,0.8,0,1
607961,player,2.29682,5.70951,-0.0683416,0.0683437,1
607963,flyer3,1.49999,14.808,-0.3,0,2
607963,bullet2,15.1985,5.15296,0.8,0,1
607963,bullet5,3.14161,6.24348,0.8,0,1
607964,flayer8,9,14.808,-0.3,0,2
607964,bullet3,15.2293,5.15232,0.8,0,1
607965,bullet6,3.23167,6.35161,0.8,0,1
607966,player,3.18175,6.02921,0.350079,-0.322399,1
607968,flyer3,-6.4373e-06,14.808,-0.3,0,2
607968,bullet5,7.14161,6.24348,0.8,0,1
607969,flayer8,7.5,14.808,-0.3,0,2
607970,flyer4,16.5,14.808,-0.227297,-0.195796,2
607970,bullet6,7.23168,6.35161,0.8,0,1
607971,player,2.38505,6.35877,-0.17617,0.0248055,1
607973,bullet5,11.1416,6.24348,0.8,0,1
607973,bullet4,2.6701,6.37495,0.8,0,1
607974,flayer8,5.99999,14.808,-0.3,0,2
607975,flyer4,15.3635,13.8291,-0.227297,-0.195796,2
607975,bullet6,11.2317,6.35161,0.8,0,1
607975,bullet1,2.64682,6.37823,0.8,0,1
607976,player,2.58107,6.71619,0.334249,0.337958,1
607978,bullet5,15.1416,6.24348,0.8,0,1
607978,bullet4,6.6701,6.37495,0.8,0,1
607979,flayer8,4.49999,14.808,-0.3,0,2
607980,flyer4,14.227,12.8501,-0.227297,-0.195796,2
607980,bullet6,15.2317,6.35161,0.8,0,1
607980,bullet1,6.64682,6.37823,0.8,0,1
607980,bullet2,3.24333,6.98136,0.8,0,1
607981,player,2.8495,6.9876,0.00616784,0.00623627,1
607983,bullet4,10.6701,6.37495,0.8,0,1
607984,flayer8,2.99999,14.808,-0.3,0,2
607985,flyer4,13.0905,11.8711,-0.227297,-0.195796,2
607985,bullet1,10.6468,6.37823,0.8,0,1
607985,bullet2,7.24333,6.98136,0.8,0,1
607985,bullet3,3.81206,8.13868,0.8,0,1
607986,player,3.44293,7.84589,0.0308685,-0.292791,1
607988,bullet4,14.6701,6.37495,0.8,0,1
607989,flayer8,1.49999,14.808,-0.3,0,2
607990,flyer4,11.9541,10.8921,-0.227297,-0.195796,2
607990,bullet1,14.6468,6.37823,0.8,0,1
607990,bullet2,11.2433,6.98136,0.8,0,1
607990,bullet3,7.81206,8.13868,0.8,0,1
607991,player,2.87924,8.19923,-0.0301851,0.0253519,1
607991,bullet5,3.27924,8.19923,0.8,0,1
607994,flayer8,-6.4373e-06,14.808,-0.3,0,2
607995,flyer4,10.8176,9.91313,-0.227297,-0.195796,2
607995,bullet2,15.2433,6.98136,0.8,0,1
607995,bullet3,11.8121,8.13868,0.8,0,1
607995,bullet6,3.04403,8.8076,-0.8,-6.99382e-08,1
607996,player,3.11982,8.48441,-0.324217,-0.323193,1
607996,bullet5,7.27924,8.19923,0.8,0,1
607999,bullet4,3.76809,7.7547,0.8,0,1
608000,flyer4,9.6811,8.93415,-0.227297,-0.195796,1
608000,bullet3,15.8121,8.13868,0.8,0,1
608000,bullet6,-0.955967,8.8076,-0.8,-6.99382e-08,1
608001,player,3.44791,7.63638,0.024772,-0.0367185,1
608002,flyer5,16.5,12.8397,-0.27132,0.128005,2
608002,bullet1,3.85906,7.61986,0.8,0,1
608004,bullet4,7.76809,7.7547,0.8,0,1
608005,flyer4,8.54461,7.95517,-0.227297,-0.195796,0
608006,player,3.56691,8.68475,-0.120663,0.181952,1
608006,bullet2,3.96691,8.68475,0.8,0,1
608007,flyer5,15.1434,13.4797,-0.27132,0.128005,2
608007,bullet1,7.85906,7.61986,0.8,0,1
608009,bullet5,3.87718,8.82005,0.8,0,1
608010,bullet3,3.87223,8.82751,0.8,0,1
608011,player,3.47,8.83087,-0.00222658,0.00335753,1
608011,bullet2,7.96691,8.68475,0.8,0,1
608012,flyer5,13.7868,14.1197,-0.27132,0.128005,2
608012,bullet1,11.8591,7.61986,0.8,0,1
608014,bullet5,7.87718,8.82005,0.8,0,1
608015,bullet3,7.87223,8.82751,0.8,0,1
608016,player,3.46821,8.83356,-4.10866e-05,6.19558e-05,1
608016,bullet2,11.9669,8.68475,0.8,0,1
608017,flyer5,12.4302,14.7598,-0.27132,0.128005,2
608017,bullet1,15.8591,7.61986,0.8,0,1
608019,bullet5,11.8772,8.82005,0.8,0,1
608020,bullet3,11.8722,8.82751,0.8,0,1
608020,bullet6,4.4259,8.27589,0.8,0,1
608021,player,4.05665,8.24514,0.0307539,-0.0307535,1
608021,bullet2,15.9669,8.68475,0.8,0,1
608022,flyer5,11.0736,15.3998,-0.27132,0.128005,2
608024,bullet5,15.8772,8.82005,0.8,0,1
608025,flyer6,16.5,14.808,-0.280248,-0.107057,2
608025,bullet3,15.8722,8.82751,0.8,0,1
608025,bullet6,8.4259,8.27589,0.8,0,1
608026,player,4.21939,7.96947,-0.168142,0.306178,1
608026,flayer7,16.5,12.8397,-0.234581,-0.187007,2
608027,flyer5,9.71699,16.0398,-0.27132,0.128005,2
608030,flyer6,15.0988,14.2727,-0.280248,-0.107057,2
608030,bullet6,12.4259,8.27589,0.8,0,1
608030,bullet4,3.92974,8.76742,0.8,0,1
608031,player,3.49588,8.46633,-0.0338574,-0.301095,1
608031,flayer7,15.3271,11.9046,-0.234581,-0.187007,2
608035,flyer6,13.6975,13.7375,-0.280248,-0.107057,2
608035,flyer2,16.5,12.8397,-0.274965,-0.119977,2
608035,bullet4,7.92974,8.76742,0.8,0,1
608035,bullet1,3.3116,7.67236,0.8,0,1
608036,player,2.88022,7.63605,-0.0313795,-0.0363107,1
608036,flayer7,14.1542,10.9696,-0.234581,-0.187007,2
608039,bullet2,3.25688,7.60905,0.8,0,1
608040,flyer6,12.2963,13.2022,-0.280248,-0.107057,2
608040,flyer2,15.1252,12.2398,-0.274965,-0.119977,2
608040,bullet4,11.9297,8.76742,0.8,0,1
608040,bullet1,7.3116,7.67236,0.8,0,1
608041,player,2.85502,7.11751,-0.000579039,-0.152545,1
608041,flayer7,12.9813,10.0346,-0.234581,-0.187007,2
608042,bullet5,3.25476,7.04886,0.8,0,1
608044,bullet2,7.25688,7.60905,0.8,0,1
608045,flyer6,10.895,12.6669,-0.280248,-0.107057,2
608045,flyer2,13.7504,11.6399,-0.274965,-0.119977,2
608045,bullet4,15.9297,8.76742,0.8,0,1
608045,bullet1,11.3116,7.67236,0.8,0,1
608046,player,3.34393,6.995,0.151864,-0.00281489,1
608046,flayer7,11.8084,9.09954,-0.234581,-0.187007,2
608047,bullet5,7.25476,7.04886,0.8,0,1
608047,bullet3,3.01227,6.99374,-0.8,-6.99382e-08,1
608049,bullet2,11.2569,7.60905,0.8,0,1
608050,flyer6,9.49381,12.1316,-0.280248,-0.107057,2
608050,flyer2,12.3755,11.04,-0.274965,-0.119977,2
608050,bullet1,15.3116,7.67236,0.8,0,1
608051,player,3.46589,6.99274,0.00280232,-5.19425e-05,1
608051,flayer7,10.6355,8.16451,-0.234581,-0.187007,2
608052,bullet5,11.2548,7.04886,0.8,0,1
608052,bullet6,3.86715,6.99272,0.8,0,1
608054,bullet2,15.2569,7.60905,0.8,0,1
608055,flyer6,8.09257,11.5963,-0.280248,-0.107057,2
608055,flyer2,11.0007,10.4401,-0.274965,-0.119977,2
608056,player,2.57292,7.55042,-0.405792,0.0683428,1
608056,flayer7,9.46257,7.22947,-0.234581,-0.187007,2
608057,bullet5,15.2548,7.04886,0.8,0,1
608057,bullet6,7.86715,6.99272,0.8,0,1
608059,bullet4,3.22888,7.04352,0.8,0,1
608060,flyer6,6.69133,11.0611,-0.280248,-0.107057,2
608060,flyer2,9.62589,9.84025,-0.274965,-0.119977,2
608061,player,2.84935,7.00299,0.0063516,-0.0125785,1
608061,flayer7,8.28967,6.29444,-0.234581,-0.187007,1
608061,bullet1,3.24935,7.00299,0.8,0,1
608064,bullet4,7.22888,7.04352,0.8,0,1
608065,flyer6,5.29009,10.5258,-0.280248,-0.107057,2
608065,flyer2,8.25107,9.24037,-0.274965,-0.119977,2
608066,player,1.95923,7.24386,-0.405727,-0.306977,1
608066,flayer7,7.11676,5.3594,-0.234581,-0.187007,1
608066,bullet1,7.24935,7.00299,0.8,0,1
608068,bullet3,2.09449,7.04356,0.8,0,1
608069,bullet4,11.2289,7.04352,0.8,0,1
608070,flyer6,3.88885,9.99048,-0.280248,-0.107057,2
608070,flyer2,6.87625,8.64048,-0.274965,-0.119977,2
608070,bullet2,2.04088,7.003,0.8,0,1
608071,player,1.2959,7.33483,-0.344987,0.331835,1
608071,flayer7,5.94386,4.42437,-0.234581,-0.187007,1
608071,bullet1,11.2493,7.00299,0.8,0,1
608073,bullet3,6.09449,7.04356,0.8,0,1
608074,bullet4,15.2289,7.04352,0.8,0,1
608075,flyer6,2.48761,9.4552,-0.280248,-0.107057,2
608075,flyer2,5.50142,8.0406,-0.274965,-0.119977,2
608075,bullet2,6.04088,7.003,0.8,0,1
608076,player,1.01884,7.60132,-0.00636598,0.0061233,1
608076,flayer7,4.77095,3.48933,-0.234581,-0.187007,1
608076,bullet1,15.2493,7.00299,0.8,0,1
608076,bullet6,1.41884,7.60132,0.8,0,1
608078,bullet3,10.0945,7.04356,0.8,0,1
608078,bullet5,1.41469,7.60532,0.8,0,1
608080,flyer6,1.08638,8.91992,-0.280248,-0.107057,2
608080,flyer2,4.1266,7.44072,-0.274965,-0.119977,1
608080,bullet2,10.0409,7.003,0.8,0,1
608080,bullet4,1.41385,7.60613,0.8,0,1
608081,player,1.01373,7.94374,-0.00011747,0.337613,1
608081,flayer7,3.59804,2.5543,-0.234581,-0.187007,1
