210333,player,1.96244,3.56915,0,0,1
210333,bullet1,2.36244,3.56915,0.8,0,1
210334,bullet2,2.36244,3.56915,0.8,0,1
210338,player,2.36829,2.67393,0.253969,-0.405844,1
210338,bullet1,6.36244,3.56915,0.8,0,1
210339,bullet2,6.36244,3.56915,0.8,0,1
210339,bullet3,2.88257,2.4913,0.8,0,1
210341,bullet4,2.95714,2.37213,0.8,0,1
210343,player,2.57224,2.348,0.00468644,-0.00748896,1
210343,bullet1,10.3624,3.56915,0.8,0,1
210344,bullet2,10.3624,3.56915,0.8,0,1
210344,bullet3,6.88257,2.4913,0.8,0,1
210346,bullet4,6.95714,2.37213,0.8,0,1
210348,player,1.98753,2.9443,-0.0306682,0.0137014,1
210348,bullet1,14.3624,3.56915,0.8,0,1
210349,bullet2,14.3624,3.56915,0.8,0,1
210349,bullet3,10.8826,2.4913,0.8,0,1
210351,bullet4,10.9571,2.37213,0.8,0,1
210351,bullet5,1.87535,3.51221,0.8,0,1
210353,player,1.37443,4.04699,-0.0313206,0.165967,1
210353,bullet6,1.77443,4.04699,0.8,0,1
210354,bullet3,14.8826,2.4913,0.8,0,1
210356,bullet4,14.9571,2.37213,0.8,0,1
210356,bullet5,5.87535,3.51221,0.8,0,1
210357,bullet1,2.30757,4.17722,0.8,0,1
210358,player,1.93775,4.18028,0.0301767,0.00306257,1
210358,bullet6,5.77443,4.04699,0.8,0,1
210358,bullet2,2.33775,4.18028,0.8,0,1
210361,bullet5,9.87535,3.51221,0.8,0,1
210362,bullet1,6.30758,4.17722,0.8,0,1
210363,player,0.914892,4.74046,-0.219662,0.0684003,1
210363,bullet6,9.77443,4.04699,0.8,0,1
210363,bullet2,6.33775,4.18028,0.8,0,1
210366,bullet5,13.8754,3.51221,0.8,0,1
210367,bullet1,10.3076,4.17722,0.8,0,1
210368,player,0.4,4.23767,0,-0.0670816,1
210368,bullet6,13.7744,4.04699,0.8,0,1
210368,bullet2,10.3378,4.18028,0.8,0,1
210370,flyer1,16.5,14.8693,-0.3,0,2
210372,flyer2,16.5,14.8693,-0.3,0,2
210372,bullet1,14.3076,4.17722,0.8,0,1
210372,bullet3,0.8,5.8206,0.8,0,1
210373,player,0.4,5.9323,0,0.1117,1
210373,bullet2,14.3378,4.18028,0.8,0,1
210373,bullet4,0.8,5.9323,0.8,0,1
210375,flyer1,15,14.8693,-0.3,0,2
210376,bullet5,0.8,6.50474,0.8,0,1
210377,flyer2,15,14.8693,-0.3,0,2
210377,bullet3,4.8,5.8206,0.8,0,1
210378,player,0.4,6.61048,0,0.0328159,1
210378,bullet4,4.8,5.9323,0.8,0,1
210378,bullet6,0.8,6.61048,0.8,0,1
210380,flyer1,13.5,14.8693,-0.3,0,2
210381,bullet5,4.8,6.50474,0.8,0,1
210382,flyer2,13.5,14.8693,-0.3,0,2
210382,bullet3,8.8,5.8206,0.8,0,1
210383,player,0.957719,6.85705,0.0683438,-0.268551,1
210383,bullet4,8.8,5.9323,0.8,0,1
210383,bullet6,4.8,6.61048,0.8,0,1
210385,flyer1,12,14.8693,-0.3,0,2
210386,bullet5,8.8,6.50474,0.8,0,1
210387,flyer2,12,14.8693,-0.3,0,2
210387,bullet3,12.8,5.8206,0.8,0,1
210388,player,1.0126,6.97888,0.00126113,0.332544,1
210388,bullet4,12.8,5.9323,0.8,0,1
210388,bullet6,8.8,6.61048,0.8,0,1
210390,flyer1,10.5,14.8693,-0.3,0,2
210391,bullet5,12.8,6.50474,0.8,0,1
210392,flyer2,10.5,14.8693,-0.3,0,2
210392,bullet1,0.825121,7.23981,0.8,0,1
210393,player,0.4,7.24594,-0,0.00613638,1
210393,bullet6,12.8,6.61048,0.8,0,1
210395,flyer1,9,14.8693,-0.3,0,2
210395,bullet2,1.28938,7.73932,0.8,0,1
210397,flyer2,9,14.8693,-0.3,0,2
210397,bullet1,4.82512,7.23981,0.8,0,1
210398,player,0.512938,7.02631,-0.138035,-0.475422,1
210400,flyer1,7.5,14.8693,-0.3,0,2
210400,bullet2,5.28938,7.73932,0.8,0,1
210400,bullet3,0.8,7.20547,0.8,0,1
210402,flyer2,7.5,14.8693,-0.3,0,2
210402,bullet1,8.82512,7.23981,0.8,0,1
210402,bullet4,0.8,7.24175,0.8,0,1
210403,player,0.4,7.58432,-0,0.342567,1
210405,flyer1,5.99999,14.8693,-0.3,0,2
210405,bullet2,9.28938,7.73932,0.8,0,1
210405,bullet3,4.8,7.20547,0.8,0,1
210407,flyer2,5.99999,14.8693,-0.3,0,2
210407,bullet1,12.8251,7.23981,0.8,0,1
210407,bullet4,4.8,7.24175,0.8,0,1
210408,player,0.75134,8.4479,0.320585,0.037076,1
210410,flyer1,4.49999,14.8693,-0.3,0,2
210410,bullet2,13.2894,7.73932,0.8,0,1
210410,bullet3,8.8,7.20547,0.8,0,1
210412,flyer2,4.49999,14.8693,-0.3,0,2
210412,bullet4,8.8,7.24175,0.8,0,1
210413,player,1.16067,8.3258,-0.179709,0.186309,1
210415,flyer1,2.99999,14.8693,-0.3,0,2
210415,bullet3,12.8,7.20547,0.8,0,1
210415,bullet5,1.44341,8.44737,0.8,0,1
210416,bullet6,1.42703,8.46435,0.8,0,1
210417,flyer2,2.99999,14.8693,-0.3,0,2
210417,bullet4,12.8,7.24175,0.8,0,1
210418,player,1.01635,8.47543,-0.00331614,0.00343793,1
210420,flyer1,1.49999,14.8693,-0.3,0,2
210420,bullet5,5.44341,8.44737,0.8,0,1
210421,bullet6,5.42703,8.46435,0.8,0,1
210422,flyer2,1.49999,14.8693,-0.3,0,2
210423,player,2.20447,7.87587,0.0445331,-0.0137762,1
210423,bullet1,2.60447,7.87587,0.8,0,1
210425,flyer1,-6.4373e-06,14.8693,-0.3,0,2
210425,bullet5,9.44341,8.44737,0.8,0,1
210426,bullet6,9.42704,8.46435,0.8,0,1
210427,flyer2,-6.4373e-06,14.8693,-0.3,0,2
210427,bullet2,2.15004,7.86506,0.8,0,1
210428,player,1.68252,7.86481,-0.067522,-0.000254209,1
210428,bullet1,6.60447,7.87587,0.8,0,1
210430,bullet5,13.4434,8.44737,0.8,0,1
210431,bullet6,13.427,8.46435,0.8,0,1
210432,bullet2,6.15004,7.86506,0.8,0,1
210433,player,0.437505,7.85077,-0.0458403,0.0169104,1
210433,bullet1,10.6045,7.87587,0.8,0,1
210434,flyer3,16.5,14.8693,-0.22839,0.19452,2
210434,bullet3,0.816877,7.85838,0.8,0,1
210436,bullet4,0.803417,7.86334,0.8,0,1
210437,bullet2,10.15,7.86506,0.8,0,1
210438,player,0.400692,7.86435,-0.000845882,0.000312044,1
210438,bullet1,14.6045,7.87587,0.8,0,1
210439,flyer3,15.358,15.8419,-0.22839,0.19452,2
210439,bullet3,4.81688,7.85838,0.8,0,1
210441,bullet4,4.80342,7.86334,0.8,0,1
210442,bullet2,14.15,7.86506,0.8,0,1
210443,player,0.4,8.2021,-0,0.337506,1
210443,flyer4,16.5,8.33855,-0.3,0,2
210444,bullet3,8.81688,7.85838,0.8,0,1
210446,bullet4,8.80342,7.86334,0.8,0,1
210446,bullet5,0.8,8.45308,0.8,0,1
210447,bullet6,0.8,8.46692,0.8,0,1
210448,player,0.4,8.47315,0,0.00622793,1
210448,flyer4,15,8.33855,-0.3,0,1
210449,bullet3,12.8169,7.85838,0.8,0,1
210450,bullet1,0.8,7.98783,0.8,0,1
210451,bullet4,12.8034,7.86334,0.8,0,1
210451,bullet5,4.8,8.45308,0.8,0,1
210452,bullet6,4.8,8.46692,0.8,0,1
210453,player,0.4,7.87583,0,-0.0137247,1
210455,bullet1,4.8,7.98783,0.8,0,1
210456,flyer5,16.5,8.33855,-0.3,0,2
210456,bullet5,8.8,8.45308,0.8,0,1
210456,bullet2,0.8,7.86563,0.8,0,1
210457,bullet6,8.8,8.46692,0.8,0,1
210458,player,0.889375,7.37544,0.151875,-0.152128,1
210460,bullet1,8.8,7.98783,0.8,0,1
210461,flyer5,15,8.33855,-0.3,0,2
210461,bullet5,12.8,8.45308,0.8,0,1
210461,bullet2,4.8,7.86563,0.8,0,1
210462,bullet6,12.8,8.46692,0.8,0,1
210463,player,0.409031,6.65095,-0.0110371,-0.0166468,1
210463,bullet3,0.809031,6.65095,0.8,0,1
210464,bullet4,0.804064,6.64346,0.8,0,1
210465,bullet1,12.8,7.98783,0.8,0,1
210466,bullet2,8.8,7.86563,0.8,0,1
210468,player,0.889375,7.1953,0.151875,0.0680366,1
210468,bullet3,4.80903,6.65095,0.8,0,1
210469,bullet4,4.80406,6.64346,0.8,0,1
210470,bullet5,1.38847,7.2397,0.8,0,1
210471,bullet2,12.8,7.86563,0.8,0,1
210473,player,1.01134,7.24994,0.00280252,0.00125547,1
210473,bullet3,8.80903,6.65095,0.8,0,1
210474,bullet4,8.80406,6.64346,0.8,0,1
210475,bullet5,5.38847,7.2397,0.8,0,1
210476,flyer6,16.5,8.33855,-0.28474,0.0944622,2
210476,bullet6,0.0557088,7.25087,-0.8,-6.99382e-08,1
210478,player,0.411281,7.25095,-0.0137879,2.31669e-05,1
210478,bullet3,12.809,6.65095,0.8,0,1
210478,bullet1,0.811281,7.25095,0.8,0,1
210479,bullet4,12.8041,6.64346,0.8,0,1
210480,bullet5,9.38847,7.2397,0.8,0,1
210481,flyer6,15.0763,8.81086,-0.28474,0.0944622,2
210483,player,0.737708,8.17694,0.337246,0.368255,1
210483,bullet1,4.81128,7.25095,0.8,0,1
210484,flayer7,16.5,14.7527,-0.3,0,2
210485,bullet5,13.3885,7.2397,0.8,0,1
210486,flyer6,13.6526,9.28317,-0.28474,0.0944622,2
210488,player,1.12148,9.56437,-0.131812,0.17251,1
210488,bullet1,8.81128,7.25095,0.8,0,1
210488,bullet2,1.52148,9.56437,0.8,0,1
210489,flayer7,15,14.7527,-0.3,0,2
210491,flyer6,12.2289,9.75548,-0.28474,0.0944622,2
210491,bullet6,0.934089,9.20328,0.8,0,1
210493,player,0.427153,9.11443,-0.033187,-0.0275714,1
210493,bullet1,12.8113,7.25095,0.8,0,1
210493,bullet2,5.52148,9.56437,0.8,0,1
210493,bullet3,0.827153,9.11443,0.8,0,1
210494,flayer7,13.5,14.7527,-0.3,0,2
210496,flyer6,10.8052,10.2278,-0.28474,0.0944622,2
210496,bullet6,4.93409,9.20328,0.8,0,1
210498,player,0.400501,9.09229,-0.000612393,-0.00050877,1
210498,bullet2,9.52148,9.56437,0.8,0,1
210498,bullet3,4.82715,9.11443,0.8,0,1
210498,bullet4,0.000500768,9.09229,-0.8,-6.99382e-08,1
210499,flayer7,12,14.7527,-0.3,0,2
210501,flyer6,9.38149,10.7001,-0.28474,0.0944622,1
210501,bullet6,8.93409,9.20328,0.8,0,1
210501,bullet5,1.28942,9.09191,0.8,0,1
210503,player,0.988482,9.09189,0.0307434,-9.38823e-06,1
210503,bullet3,8.82715,9.11443,0.8,0,1
210503,bullet1,0.588482,9.09189,-0.8,-6.99382e-08,1
210504,flayer7,10.5,14.7527,-0.3,0,2
210506,flyer6,7.95779,11.1724,-0.28474,0.0944622,1
210506,bullet6,12.9341,9.20328,0.8,0,1
210506,bullet5,5.28942,9.09191,0.8,0,1
210508,player,0.631077,9.09188,-0.282429,-1.73239e-07,1
210508,bullet3,12.8272,9.11443,0.8,0,1
210509,flayer7,9,14.7527,-0.3,0,2
210510,bullet2,0.846793,9.09188,0.8,0,1
210511,flyer6,6.53409,11.6447,-0.28474,0.0944622,1
210511,bullet5,9.28942,9.09191,0.8,0,1
210513,player,0.893639,9.09188,0.146663,-3.19675e-09,1
210513,bullet4,1.29364,9.09188,0.8,0,1
210514,flayer7,7.5,14.7527,-0.3,0,2
210515,bullet2,4.84679,9.09188,0.8,0,1
210515,bullet1,1.38934,9.09188,0.8,0,1
210516,flyer6,5.11039,12.117,-0.28474,0.0944622,1
210516,bullet5,13.2894,9.09191,0.8,0,1
210518,player,0.522047,9.58126,-0.149169,0.151875,1
210518,bullet4,5.29364,9.09188,0.8,0,1
210519,flayer7,5.99999,14.7527,-0.3,0,2
210520,bullet2,8.84679,9.09188,0.8,0,1
210520,bullet1,5.38934,9.09188,0.8,0,1
210521,flyer6,3.68669,12.5894,-0.28474,0.0944622,1
210522,bullet6,0.805004,9.70043,0.8,0,1
210523,player,0.402252,9.70323,-0.00275258,0.00280252,1
210523,bullet4,9.29364,9.09188,0.8,0,1
210524,flayer7,4.49999,14.7527,-0.3,0,2
210525,bullet2,12.8468,9.09188,0.8,0,1
210525,bullet1,9.38934,9.09188,0.8,0,1
210526,flyer6,2.26299,13.0617,-0.28474,0.0944622,1
210527,bullet6,4.805,9.70043,0.8,0,1
210528,player,0.4,9.80458,0,-0.121069,1
210528,bullet4,13.2936,9.09188,0.8,0,1
210529,flayer7,2.99999,14.7527,-0.3,0,2
210530,bullet1,13.3893,9.09188,0.8,0,1
210530,bullet3,0.8,9.72558,0.8,0,1
210531,flyer6,0.839287,13.534,-0.28474,0.0944622,1
210532,bullet6,8.80501,9.70043,0.8,0,1
210533,player,0.4,9.36985,0,-0.339734,1
210534,flayer7,1.49999,14.7527,-0.3,0,2
210535,bullet3,4.8,9.72558,0.8,0,1
210536,flayer8,16.5,6.6622,-0.3,0,2
210537,bullet6,12.805,9.70043,0.8,0,1
210538,player,0.889375,9.09702,0.151875,-0.00626905,1
210539,flayer7,-6.4373e-06,14.7527,-0.3,0,2
210540,bullet3,8.8,9.72558,0.8,0,1
210541,flayer8,15,6.6622,-0.3,0,2
210541,flyer1,16.5,9.87323,-0.240757,-0.178986,2
210542,flyer2,16.5,12.2384,-0.260257,0.14922,2
210542,bullet5,0.850822,9.06134,0.8,0,1
210543,player,0.42287,9.07814,-0.0279522,0.0167994,1
210543,bullet2,0.82287,9.07814,0.8,0,1
210545,bullet3,12.8,9.72558,0.8,0,1
210545,bullet4,0.804631,9.08911,0.8,0,1
210546,flayer8,13.5,6.6622,-0.3,0,2
210546,flyer1,15.2962,8.9783,-0.240757,-0.178986,1
210547,flyer2,15.1987,12.9845,-0.260257,0.14922,2
210547,bullet5,4.85082,9.06134,0.8,0,1
210548,player,0.4,9.58101,0,0.152185,1
210548,bullet2,4.82287,9.07814,0.8,0,1
210550,bullet4,4.80463,9.08911,0.8,0,1
210551,flayer8,12,6.6622,-0.3,0,2
210551,flyer1,14.0924,8.08337,-0.240757,-0.178986,1
210552,flyer2,13.8974,13.7306,-0.260257,0.14922,2
210552,bullet5,8.85082,9.06134,0.8,0,1
210552,bullet1,0.8,9.14269,0.8,0,1
210553,player,0.4,9.11475,0,-0.0279464,1
210553,bullet2,8.82287,9.07814,0.8,0,1
210555,bullet4,8.80463,9.08911,0.8,0,1
210556,flayer8,10.5,6.6622,-0.3,0,2
210556,flyer1,12.8886,7.18844,-0.240757,-0.178986,1
210557,flyer2,12.5961,14.4767,-0.260257,0.14922,2
210557,bullet5,12.8508,9.06134,0.8,0,1
210557,bullet1,4.8,9.14269,0.8,0,1
210558,player,0.4,9.0923,0,-0.000515691,1
210558,bullet2,12.8229,9.07814,0.8,0,1
210560,bullet4,12.8046,9.08911,0.8,0,1
210561,flayer8,9,6.6622,-0.3,0,2
210561,flyer1,11.6849,6.29351,-0.240757,-0.178986,1
210562,flyer2,11.2949,15.2228,-0.260257,0.14922,2
210562,bullet1,8.8,9.14269,0.8,0,1
210562,bullet6,0.8,8.53418,0.8,0,1
210563,player,0.4,8.50342,-0,-0.0307642,1
210565,bullet3,0.8,8.48334,0.8,0,1
210566,flayer8,7.5,6.6622,-0.3,0,2
210566,flyer1,10.4811,5.39858,-0.240757,-0.178986,1
210566,bullet5,0.8,8.48054,0.8,0,1
210567,flyer2,9.99358,15.9689,-0.260257,0.14922,2
210567,bullet1,12.8,9.14269,0.8,0,1
210567,bullet6,4.8,8.53418,0.8,0,1
210568,player,0.4,8.47871,0,-0.000567686,1
210570,bullet3,4.8,8.48334,0.8,0,1
210571,flayer8,5.99999,6.6622,-0.3,0,2
210571,flyer1,9.27729,4.50365,-0.240757,-0.178986,1
210571,bullet5,4.8,8.48054,0.8,0,1
210572,bullet6,8.8,8.53418,0.8,0,1
210573,player,0.4,8.47825,0,-1.04754e-05,1
210573,bullet2,0.8,8.47825,0.8,0,1
210575,bullet3,8.8,8.48334,0.8,0,1
210576,flayer8,4.49999,6.6622,-0.3,0,2
210576,flyer1,8.07351,3.60872,-0.240757,-0.178986,1
210576,bullet5,8.8,8.48054,0.8,0,1
210577,bullet6,12.8,8.53418,0.8,0,1
210578,player,0.4,8.47824,0,-1.93301e-07,1
210578,bullet2,4.8,8.47825,0.8,0,1
210580,bullet3,12.8,8.48334,0.8,0,1
210581,flayer8,2.99999,6.6622,-0.3,0,2
210581,flyer1,6.86972,2.71379,-0.240757,-0.178986,1
210581,bullet5,12.8,8.48054,0.8,0,1
210583,player,0.4,9.56993,0,0.165715,1
210583,bullet2,8.8,8.47825,0.8,0,1
210584,bullet4,0.8,9.6445,0.8,0,1
210586,flayer8,1.49999,6.6622,-0.3,0,2
210586,flyer1,5.66593,1.81886,-0.240757,-0.178986,1
210586,bullet1,0.8,9.69316,0.8,0,1
210588,player,0.4,10.1924,0,0.154933,1
210588,bullet2,12.8,8.47825,0.8,0,1
210589,bullet4,4.8,9.6445,0.8,0,1
210589,bullet6,0.8,10.2621,0.8,0,1
210591,flayer8,-6.4373e-06,6.6622,-0.3,0,2
210591,flyer1,4.46214,0.923931,-0.240757,-0.178986,1
210591,bullet1,4.8,9.69316,0.8,0,1
210593,player,0.4,10.3168,0,0.00285895,1
210593,bullet2,16.8,8.47825,0.8,0,1
210594,bullet4,8.8,9.6445,0.8,0,1
210594,bullet6,4.8,10.2621,0.8,0,1
210594,bullet3,0.8,10.3181,0.8,0,1
210596,flyer1,3.25836,0.0290011,-0.240757,-0.178986,1
210596,bullet1,8.8,9.69316,0.8,0,1
210598,player,0.4,10.8768,0,0.0683965,1
210599,bullet4,12.8,9.6445,0.8,0,1
210599,bullet6,8.8,10.2621,0.8,0,1
210599,bullet3,4.8,10.3181,0.8,0,1
210601,bullet1,12.8,9.69316,0.8,0,1
210603,player,1.32597,10.5804,0.368255,-0.319323,1
210604,flyer3,16.5,12.2384,-0.295659,0.0508492,2
210604,bullet6,12.8,10.2621,0.8,0,1
210604,bullet3,8.8,10.3181,0.8,0,1
210604,bullet5,1.09169,10.4367,-0.8,-6.99382e-08,1
210606,flyer4,16.5,4.9856,-0.3,0,2
210606,bullet2,1.99982,10.343,0.8,0,1
210608,player,1.13234,10.324,-0.14508,-0.0058924,1
210609,flyer3,15.0217,12.4927,-0.295659,0.0508492,2
210609,bullet3,12.8,10.3181,0.8,0,1
210609,bullet4,1.46705,10.3213,0.8,0,1
210610,bullet1,1.43767,10.3201,0.8,0,1
210611,flyer4,15,4.9856,-0.3,0,2
210611,bullet2,5.99982,10.343,0.8,0,1
210613,player,1.01583,10.3192,-0.00267713,-0.000108731,1
210614,flyer3,13.5434,12.7469,-0.295659,0.0508492,2
210614,bullet4,5.46705,10.3213,0.8,0,1
210614,bullet5,1.41462,10.3192,0.8,0,1
210615,bullet1,5.43767,10.3201,0.8,0,1
210616,flyer4,13.5,4.9856,-0.3,0,2
210616,bullet2,9.99982,10.343,0.8,0,1
210618,player,1.50305,9.82977,0.151826,-0.151877,1
210619,flyer3,12.0651,13.0012,-0.295659,0.0508492,2
210619,bullet4,9.46705,10.3213,0.8,0,1
210619,bullet5,5.41462,10.3192,0.8,0,1
210620,bullet1,9.43768,10.3201,0.8,0,1
210621,flyer4,12,4.9856,-0.3,0,2
210621,bullet2,13.9998,10.343,0.8,0,1
210623,player,1.28748,9.7078,-0.334698,-0.00280256,1
210624,flyer3,10.5868,13.2554,-0.295659,0.0508492,2
210624,bullet4,13.4671,10.3213,0.8,0,1
210624,bullet5,9.41462,10.3192,0.8,0,1
210625,bullet1,13.4377,10.3201,0.8,0,1
210626,flyer4,10.5,4.9856,-0.3,0,2
210627,bullet6,0.135492,10.195,-0.8,-6.99382e-08,1
210628,player,0.460972,10.2633,-0.0745199,0.068292,1
210629,flyer3,9.10852,13.5097,-0.295659,0.0508492,2
210629,flyer5,16.5,12.9428,-0.3,0,2
210629,bullet5,13.4146,10.3192,0.8,0,1
210630,bullet3,0.812348,10.3078,0.8,0,1
210631,flyer4,9,4.9856,-0.3,0,2
210633,player,0.401127,9.76039,-0.0013751,-0.0670836,1
210633,bullet2,0.801126,9.76039,0.8,0,1
210634,flyer3,7.63023,13.7639,-0.295659,0.0508492,2
210634,flyer5,15,12.9428,-0.3,0,2
210634,bullet4,0.800508,9.7302,0.8,0,1
210635,bullet3,4.81235,10.3078,0.8,0,1
210636,flyer4,7.5,4.9856,-0.3,0,2
210637,bullet6,0.800048,9.70775,0.8,0,1
210638,player,0.737522,10.044,0.337475,0.336262,1
210638,bullet2,4.80113,9.76039,0.8,0,1
210639,flyer3,6.15193,14.0181,-0.295659,0.0508492,2
210639,flyer5,13.5,12.9428,-0.3,0,2
210639,bullet4,4.80051,9.7302,0.8,0,1
210640,bullet3,8.81235,10.3078,0.8,0,1
210641,flyer4,5.99999,4.9856,-0.3,0,2
210642,bullet6,4.80005,9.70775,0.8,0,1
210643,player,0.671043,10.6516,-0.331273,0.343705,1
210643,bullet2,8.80113,9.76039,0.8,0,1
210644,flyer3,4.67364,14.2724,-0.295659,0.0508492,2
210644,flyer5,12,12.9428,-0.3,0,2
210644,bullet4,8.80051,9.7302,0.8,0,1
210645,bullet3,12.8124,10.3078,0.8,0,1
210646,flyer4,4.49999,4.9856,-0.3,0,2
210647,bullet6,8.80005,9.70775,0.8,0,1
210648,player,0.405003,10.3253,-0.00611291,-0.00749729,1
210648,bullet2,12.8011,9.76039,0.8,0,1
210649,flyer3,3.19534,14.5266,-0.295659,0.0508492,2
210649,flyer5,10.5,12.9428,-0.3,0,2
210649,bullet4,12.8005,9.7302,0.8,0,1
210650,bullet1,0.801014,10.3204,0.8,0,1
210651,flyer4,2.99999,4.9856,-0.3,0,2
210652,bullet6,12.8,9.70775,0.8,0,1
210653,player,0.400094,9.98175,-0.0001128,-0.337638,1
210654,flyer3,1.71704,14.7809,-0.295659,0.0508492,2
210654,flyer5,9,12.9428,-0.3,0,2
210655,bullet1,4.80101,10.3204,0.8,0,1
210655,bullet5,0.80002,9.76145,0.8,0,1
210656,flyer4,1.49999,4.9856,-0.3,0,2
210656,bullet3,0.80001,9.73068,0.8,0,1
210658,player,0.400003,9.71061,-2.08148e-06,-0.00623038,1
210659,flyer3,0.238748,15.0351,-0.295659,0.0508492,2
210659,flyer5,7.5,12.9428,-0.3,0,2
210659,bullet2,0.800002,9.7078,0.8,0,1
210660,bullet1,8.80101,10.3204,0.8,0,1
210660,bullet5,4.80002,9.76145,0.8,0,1
210661,flyer4,-6.4373e-06,4.9856,-0.3,0,2
210661,bullet3,4.80001,9.73068,0.8,0,1
210663,player,0.400001,9.7056,-3.84093e-08,-0.000114968,1
210664,flyer5,5.99999,12.9428,-0.3,0,2
210664,bullet2,4.8,9.7078,0.8,0,1
210665,bullet1,12.801,10.3204,0.8,0,1
210665,bullet5,8.80002,9.76145,0.8,0,1
210666,bullet3,8.80001,9.73068,0.8,0,1
210668,player,0.400001,9.70551,-7.08759e-10,-2.12148e-06,1
210669,flyer5,4.49999,12.9428,-0.3,0,2
210669,bullet2,8.8,9.7078,0.8,0,1
210670,bullet5,12.8,9.76145,0.8,0,1
210670,bullet4,0.800001,9.21613,0.8,0,1
210671,bullet3,12.8,9.73068,0.8,0,1
210673,player,0.4,9.10319,0,-0.0138396,1
210674,flyer5,2.99999,12.9428,-0.3,0,2
210674,bullet2,12.8,9.7078,0.8,0,1
210675,bullet4,4.8,9.21613,0.8,0,1
210675,bullet6,0.8,9.09416,0.8,0,1
210678,player,0.4,9.09207,0,-0.00025538,1
210679,flyer5,1.49999,12.9428,-0.3,0,2
210679,flyer6,16.5,12.9428,-0.298204,0.0327813,2
210679,bullet1,0.8,9.09196,0.8,0,1
210680,bullet4,8.8,9.21613,0.8,0,1
210680,bullet6,4.8,9.09416,0.8,0,1
210680,bullet5,0.8,9.09191,0.8,0,1
210683,player,0.4,9.58124,0,0.15187,1
210684,flyer5,-6.4373e-06,12.9428,-0.3,0,2
210684,flyer6,15.009,13.1067,-0.298204,0.0327813,2
210684,bullet1,4.8,9.09196,0.8,0,1
210685,bullet4,12.8,9.21613,0.8,0,1
210685,bullet6,8.8,9.09416,0.8,0,1
210685,bullet5,4.8,9.09191,0.8,0,1
210688,player,0.4,9.70321,0,0.00280243,1
210689,flyer6,13.518,13.2706,-0.298204,0.0327813,2
210689,bullet1,8.8,9.09196,0.8,0,1
210690,bullet6,12.8,9.09416,0.8,0,1
210690,bullet5,8.8,9.09191,0.8,0,1
210690,bullet3,0.8,9.70504,0.8,0,1
210693,player,0.4,9.70547,0,5.17128e-05,1
210694,flyer6,12.0269,13.4345,-0.298204,0.0327813,2
210694,bullet1,12.8,9.09196,0.8,0,1
210695,bullet5,12.8,9.09191,0.8,0,1
210695,bullet3,4.8,9.70504,0.8,0,1
210695,bullet2,0.8,9.7055,0.8,0,1
210698,player,0.957719,9.14779,0.0683438,-0.0683428,1
210699,flyer6,10.5359,13.5984,-0.298204,0.0327813,2
210699,bullet4,1.38847,9.11703,0.8,0,1
210700,bullet3,8.8,9.70504,0.8,0,1
210700,bullet2,4.8,9.7055,0.8,0,1
210700,bullet6,1.40231,9.10319,0.8,0,1
210703,player,1.0126,8.7554,0.00126113,-0.338761,1
210704,flyer6,9.04491,13.7624,-0.298204,0.0327813,2
210704,bullet4,5.38847,9.11703,0.8,0,1
210705,bullet3,12.8,9.70504,0.8,0,1
210705,bullet2,8.8,9.7055,0.8,0,1
210705,bullet6,5.40231,9.10319,0.8,0,1
210708,player,0.455899,7.33716,-0.0683205,-0.10535,1
210709,flyer6,7.55389,13.9263,-0.298204,0.0327813,2
210709,bullet4,9.38847,9.11703,0.8,0,1
210710,bullet2,12.8,9.7055,0.8,0,1
210710,bullet6,9.40231,9.10319,0.8,0,1
210712,bullet1,0.8,7.2545,0.8,0,1
210713,player,0.4,6.91505,0,-0.339444,1
210714,flyer6,6.06288,14.0902,-0.298204,0.0327813,2
210714,bullet4,13.3885,9.11703,0.8,0,1
210715,bullet6,13.4023,9.10319,0.8,0,1
210716,bullet5,0.8,6.66263,0.8,0,1
210717,bullet1,4.8,7.2545,0.8,0,1
210718,player,0.7375,6.30495,0.3375,-0.343764,1
210719,flyer6,4.57186,14.2541,-0.298204,0.0327813,2
210719,flayer7,16.5,12.9428,-0.27138,-0.127879,2
210720,bullet3,1.35772,6.08064,0.8,0,1
210721,bullet5,4.8,6.66263,0.8,0,1
210722,bullet1,8.8,7.2545,0.8,0,1
210723,player,0.671041,5.877,-0.331272,0.179282,1
210724,flyer6,3.08084,14.418,-0.298204,0.0327813,2
210724,flayer7,15.1431,12.3034,-0.27138,-0.127879,2
210725,bullet3,5.35772,6.08064,0.8,0,1
210726,bullet5,8.8,6.66263,0.8,0,1
210727,bullet1,12.8,7.2545,0.8,0,1
210727,bullet2,0.811115,5.45996,0.8,0,1
210728,player,0.405002,5.43251,-0.0061129,-0.0274464,1
210729,flyer6,1.58982,14.5819,-0.298204,0.0327813,2
210729,flayer7,13.7862,11.664,-0.27138,-0.127879,2
210730,bullet3,9.35772,6.08064,0.8,0,1
210731,bullet5,12.8,6.66263,0.8,0,1
210732,bullet2,4.81111,5.45996,0.8,0,1
210733,player,0.889375,4.92109,0.151875,-0.152381,1
210734,flyer6,0.0988057,14.7458,-0.298204,0.0327813,2
210734,flayer7,12.4293,11.0246,-0.27138,-0.127879,2
210735,bullet3,13.3577,6.08064,0.8,0,1
210737,flyer2,16.5,11.913,-0.3,0,2
210737,bullet2,8.81112,5.45996,0.8,0,1
210738,player,0.912245,5.28809,0.123923,0.149063,1
210739,flayer7,11.0724,10.3852,-0.27138,-0.127879,2
210739,flayer8,16.5,11.913,-0.3,0,2
210739,bullet4,1.36801,5.35517,0.8,0,1
210740,bullet6,1.3931,5.38536,0.8,0,1
210742,flyer2,15,11.913,-0.3,0,2
210742,bullet2,12.8111,5.45996,0.8,0,1
210743,player,0.4,6.23468,-0.243544,0.492126,1
210744,flayer7,9.71551,9.74583,-0.27138,-0.127879,2
210744,flayer8,15,11.913,-0.3,0,2
210744,bullet4,5.36801,5.35517,0.8,0,1
210745,bullet6,5.3931,5.38536,0.8,0,1
210747,flyer2,13.5,11.913,-0.3,0,2
210747,bullet1,0.8,6.62082,0.8,0,1
210748,player,0.4,6.6299,0,0.0090811,1
210749,flayer7,8.35862,9.10644,-0.27138,-0.127879,2
210749,flayer8,13.5,11.913,-0.3,0,2
210749,bullet4,9.36801,5.35517,0.8,0,1
210750,bullet6,9.39311,5.38536,0.8,0,1
210750,bullet5,1.28938,6.63582,0.8,0,1
210752,flyer2,12,11.913,-0.3,0,2
210752,bullet1,4.8,6.62082,0.8,0,1
210753,player,1.00231,6.63719,0.0138396,0.000167572,1
210754,flayer7,7.00172,8.46704,-0.27138,-0.127879,2
210754,flayer8,12,11.913,-0.3,0,2
210754,bullet4,13.368,5.35517,0.8,0,1
210755,bullet6,13.3931,5.38536,0.8,0,1
210755,bullet5,5.28938,6.63582,0.8,0,1
210757,flyer2,10.5,11.913,-0.3,0,2
210757,bullet1,8.8,6.62082,0.8,0,1
210758,player,1.5028,6.14795,0.15213,-0.151872,1
210759,flayer7,5.64482,7.82765,-0.27138,-0.127879,2
210759,flayer8,10.5,11.913,-0.3,0,2
210760,bullet5,9.28938,6.63582,0.8,0,1
210760,bullet3,2.49144,5.55948,0.8,0,1
210762,flyer2,9,11.913,-0.3,0,2
210762,bullet1,12.8,6.62082,0.8,0,1
210763,player,2.22729,4.9343,0.0166468,-0.168517,1
210764,flayer7,4.28792,7.18825,-0.27138,-0.127879,2
210764,flayer8,9,11.913,-0.3,0,2
210765,bullet5,13.2894,6.63582,0.8,0,1
210765,bullet3,6.49144,5.55948,0.8,0,1
210765,bullet2,2.14878,4.33497,0.8,0,1
210767,flyer2,7.5,11.913,-0.3,0,2
210768,player,1.63834,3.70728,-0.0135324,-0.168824,1
210769,flayer7,2.93102,6.54886,-0.27138,-0.127879,2
210769,flayer8,7.5,11.913,-0.3,0,2
210769,bullet4,2.03225,3.63131,0.8,0,1
210770,bullet3,10.4914,5.55948,0.8,0,1
210770,bullet2,6.14878,4.33497,0.8,0,1
210772,flyer2,5.99999,11.913,-0.3,0,2
210773,player,1.96498,4.46692,0.33725,0.402728,1
210774,flayer7,1.57412,5.90947,-0.27138,-0.127879,2
210774,flayer8,5.99999,11.913,-0.3,0,2
210774,bullet4,6.03226,3.63131,0.8,0,1
210774,bullet6,2.51674,4.64815,0.8,0,1
210775,bullet3,14.4914,5.55948,0.8,0,1
210775,bullet2,10.1488,4.33497,0.8,0,1
210777,flyer2,4.49999,11.913,-0.3,0,2
210778,player,2.23582,4.79034,0.00622322,0.00743147,1
210778,bullet1,2.63582,4.79034,0.8,0,1
210779,flayer7,0.217218,5.27007,-0.27138,-0.127879,2
210779,flayer8,4.49999,11.913,-0.3,0,2
210779,bullet4,10.0323,3.63131,0.8,0,1
210779,bullet6,6.51674,4.64815,0.8,0,1
210780,bullet2,14.1488,4.33497,0.8,0,1
210782,flyer2,2.99999,11.913,-0.3,0,2
210783,player,2.24082,4.79631,0.000114836,0.000137132,1
210783,bullet1,6.63582,4.79034,0.8,0,1
210783,bullet5,2.64082,4.79631,0.8,0,1
210784,flayer8,2.99999,11.913,-0.3,0,2
210784,bullet4,14.0323,3.63131,0.8,0,1
210784,bullet6,10.5167,4.64815,0.8,0,1
210787,flyer2,1.49999,11.913,-0.3,0,2
210788,player,1.948,4.79642,-0.392002,2.53046e-06,1
210788,bullet1,10.6358,4.79034,0.8,0,1
210788,bullet5,6.64082,4.79631,0.8,0,1
210789,flayer8,1.49999,11.913,-0.3,0,2
210789,bullet6,14.5167,4.64815,0.8,0,1
210792,flyer2,-6.4373e-06,11.913,-0.3,0,2
210792,bullet3,0.962576,5.87427,0.8,0,1
210793,player,0.473159,5.95646,-0.0894169,0.0821834,1
210793,bullet1,14.6358,4.79034,0.8,0,1
210793,bullet5,10.6408,4.79631,0.8,0,1
210794,flayer8,-6.4373e-06,11.913,-0.3,0,2
210795,bullet2,0.814815,6.01008,0.8,0,1
210797,flyer1,16.5,11.913,-0.3,0,2
210797,bullet3,4.96258,5.87427,0.8,0,1
210798,player,0.959069,5.46474,0.0666938,-0.0668272,1
210798,bullet5,14.6408,4.79631,0.8,0,1
210798,bullet4,1.35907,5.46474,0.8,0,1
210800,bullet2,4.81482,6.01008,0.8,0,1
210801,bullet6,1.40866,4.85732,0.8,0,1
210802,flyer1,15,11.913,-0.3,0,2
210802,bullet3,8.96258,5.87427,0.8,0,1
210803,player,1.01263,4.80876,0.00123069,-0.0150728,1
210803,bullet4,5.35907,5.46474,0.8,0,1
210805,bullet2,8.81482,6.01008,0.8,0,1
210806,bullet6,5.40866,4.85732,0.8,0,1
210807,flyer1,13.5,11.913,-0.3,0,2
210807,bullet3,12.9626,5.87427,0.8,0,1
210808,player,1.35112,5.13415,0.337523,0.337222,1
210808,bullet4,9.35907,5.46474,0.8,0,1
210810,bullet2,12.8148,6.01008,0.8,0,1
210811,bullet6,9.40866,4.85732,0.8,0,1
210812,flyer1,12,11.913,-0.3,0,2
210813,player,1.62218,5.40497,0.00622824,0.00622269,1
210813,bullet4,13.3591,5.46474,0.8,0,1
210815,flyer3,16.5,11.913,-0.256866,0.154984,2
210816,bullet6,13.4087,4.85732,0.8,0,1
210816,bullet1,1.46909,4.85188,0.8,0,1
210817,flyer1,10.5,11.913,-0.3,0,2
210818,player,1.36237,5.14515,0.323775,0.323775,1
210819,bullet5,1.90806,5.29085,0.8,0,1
210820,flyer3,15.2157,12.688,-0.256866,0.154984,2
210821,bullet1,5.46909,4.85188,0.8,0,1
210821,bullet3,2.00313,5.38592,0.8,0,1
210822,flyer1,9,11.913,-0.3,0,2
210822,bullet2,2.01641,5.39919,0.8,0,1
210823,player,1.62238,5.40517,0.00597456,0.00597456,1
210824,bullet5,5.90806,5.29085,0.8,0,1
210825,flyer3,13.9313,13.4629,-0.256866,0.154984,2
210826,bullet1,9.46909,4.85188,0.8,0,1
210826,bullet3,6.00313,5.38592,0.8,0,1
210827,flyer1,7.5,11.913,-0.3,0,2
210827,bullet2,6.01641,5.39919,0.8,0,1
210828,player,1.99544,5.37921,0.300021,0.0376993,1
210829,bullet5,9.90807,5.29085,0.8,0,1
210830,flyer3,12.647,14.2378,-0.256866,0.154984,2
210831,bullet1,13.4691,4.85188,0.8,0,1
210831,bullet3,10.0031,5.38592,0.8,0,1
210832,flyer1,5.99999,11.913,-0.3,0,2
210832,bullet2,10.0164,5.39919,0.8,0,1
210833,player,2.23638,6.56952,0.00553623,0.082879,1
210834,bullet5,13.9081,5.29085,0.8,0,1
210835,flyer3,11.3627,15.0127,-0.256866,0.154984,2
210836,bullet3,14.0031,5.38592,0.8,0,1
210837,flyer1,4.49999,11.913,-0.3,0,2
210837,bullet2,14.0164,5.39919,0.8,0,1
210837,bullet4,3.19844,6.07683,0.8,0,1
210838,player,2.8293,6.04761,0.0308568,-0.0292253,1
210839,bullet6,3.24318,6.03445,0.8,0,1
210840,flyer3,10.0784,15.7877,-0.256866,0.154984,2
210841,bullet1,3.25224,6.02587,0.8,0,1
210842,flyer1,2.99999,11.913,-0.3,0,2
210842,bullet4,7.19844,6.07683,0.8,0,1
210843,player,2.85408,6.51351,0.000569396,0.151336,1
210844,bullet6,7.24318,6.03445,0.8,0,1
210845,bullet5,3.25445,6.61226,0.8,0,1
210846,bullet1,7.25224,6.02587,0.8,0,1
210847,flyer1,1.49999,11.913,-0.3,0,2
210847,bullet4,11.1984,6.07683,0.8,0,1
210848,player,3.34391,6.63505,0.151886,0.00279257,1
210849,bullet6,11.2432,6.03445,0.8,0,1
210850,bullet5,7.25445,6.61226,0.8,0,1
210851,bullet1,11.2522,6.02587,0.8,0,1
210852,flyer1,-6.4373e-06,11.913,-0.3,0,2
210852,bullet4,15.1984,6.07683,0.8,0,1
210853,player,3.35295,6.52435,0.140838,0.138087,1
210854,bullet6,15.2432,6.03445,0.8,0,1
210855,flyer4,16.5,11.1821,-0.298447,-0.0304892,2
210855,bullet5,11.2545,6.61226,0.8,0,1
210856,flyer5,16.5,11.1821,-0.281384,-0.104035,2
210856,bullet1,15.2522,6.02587,0.8,0,1
210858,player,3.80355,6.88622,0.340099,-0.304197,1
210858,flyer6,16.5,10.5789,-0.3,0,2
210860,flyer4,15.0078,11.0297,-0.298447,-0.0304892,2
210860,bullet5,15.2545,6.61226,0.8,0,1
210861,flyer5,15.0931,10.6619,-0.281384,-0.104035,2
210861,bullet3,3.89874,6.66002,0.8,0,1
210862,bullet2,3.88193,6.64754,0.8,0,1
210863,player,3.47437,6.64193,-0.00756383,-0.00561329,1
210863,flyer6,15,10.5789,-0.3,0,2
210865,flyer4,13.5155,10.8772,-0.298447,-0.0304892,2
210866,flyer5,13.6862,10.1418,-0.281384,-0.104035,2
210866,bullet3,7.89874,6.66002,0.8,0,1
210866,bullet4,3.37937,6.14838,0.8,0,1
210867,bullet2,7.88193,6.64754,0.8,0,1
210868,player,2.87982,6.04895,-0.0308943,-0.0308583,1
210868,flyer6,13.5,10.5789,-0.3,0,2
210868,bullet6,3.27982,6.04895,0.8,0,1
210870,flyer4,12.0233,10.7248,-0.298447,-0.0304892,2
210871,flyer5,12.2792,9.62159,-0.281384,-0.104035,2
210871,bullet3,11.8987,6.66002,0.8,0,1
210871,bullet4,7.37937,6.14838,0.8,0,1
210872,bullet2,11.8819,6.64754,0.8,0,1
210873,player,2.85501,6.36167,-0.000570086,0.336931,1
210873,flyer6,12,10.5789,-0.3,0,2
210873,bullet6,7.27982,6.04895,0.8,0,1
210875,flyer4,10.5311,10.5723,-0.298447,-0.0304892,2
210876,flyer5,10.8723,9.10142,-0.281384,-0.104035,2
210876,bullet3,15.8987,6.66002,0.8,0,1
210876,bullet4,11.3794,6.14838,0.8,0,1
210877,bullet2,15.8819,6.64754,0.8,0,1
210878,player,2.88531,7.18997,-0.0375996,0.0745611,1
210878,flyer6,10.5,10.5789,-0.3,0,2
210878,bullet6,11.2798,6.04895,0.8,0,1
210878,bullet1,3.28531,7.18997,0.8,0,1
210880,flyer4,9.03883,10.4199,-0.298447,-0.0304892,2
210881,flyer5,9.46541,8.58124,-0.281384,-0.104035,2
210881,bullet4,15.3794,6.14838,0.8,0,1
210882,bullet5,3.74518,6.7591,0.8,0,1
210883,player,3.41283,6.69213,0.0676499,-0.0669679,1
210883,flyer6,9,10.5789,-0.3,0,2
210883,bullet6,15.2798,6.04895,0.8,0,1
210883,bullet1,7.28531,7.18997,0.8,0,1
210885,flyer4,7.5466,10.2675,-0.298447,-0.0304892,2
210885,bullet3,3.85697,6.64843,0.8,0,1
210886,flyer5,8.05849,8.06106,-0.281384,-0.104035,2
210887,bullet5,7.74518,6.7591,0.8,0,1
210888,player,4.02488,6.63835,0.0695921,-0.00123575,1
210888,flyer6,7.5,10.5789,-0.3,0,2
210888,bullet1,11.2853,7.18997,0.8,0,1
210888,bullet2,4.42488,6.63835,0.8,0,1
210890,flyer4,6.05437,10.115,-0.298447,-0.0304892,2
210890,bullet3,7.85697,6.64843,0.8,0,1
210891,flyer5,6.65158,7.54089,-0.281384,-0.104035,2
210892,bullet5,11.7452,6.7591,0.8,0,1
210893,player,3.59139,6.52442,-0.150591,0.138013,1
210893,flyer6,5.99999,10.5789,-0.3,0,2
210893,bullet1,15.2853,7.18997,0.8,0,1
210893,bullet2,8.42488,6.63835,0.8,0,1
210895,flyer4,4.56213,9.96257,-0.298447,-0.0304892,2
210895,bullet3,11.857,6.64843,0.8,0,1
210896,flyer5,5.24466,7.02071,-0.281384,-0.104035,2
210896,bullet4,3.32169,6.06933,0.8,0,1
210897,bullet5,15.7452,6.7591,0.8,0,1
210898,player,2.86814,6.03294,-0.0166184,-0.0112929,1
210898,flyer6,4.49999,10.5789,-0.3,0,2
210898,bullet2,12.4249,6.63835,0.8,0,1
210898,bullet6,3.26814,6.03294,0.8,0,1
210900,flyer4,3.0699,9.81012,-0.298447,-0.0304892,2
210900,bullet3,15.857,6.64843,0.8,0,1
210903,player,3.41251,6.51324,0.0680371,0.151667,1
210903,flyer6,2.99999,10.5789,-0.3,0,2
210904,flayer7,16.5,10.5789,-0.3,0,2
210905,flyer4,1.57767,9.65768,-0.298447,-0.0304892,2
210905,flyer2,16.5,10.5789,-0.27588,0.117856,2
210905,bullet1,3.85691,6.61221,0.8,0,1
210908,player,2.90943,7.19276,-0.0670883,0.0711424,1
210908,flyer6,1.49999,10.5789,-0.3,0,2
210909,flayer7,15,10.5789,-0.3,0,2
210909,bullet4,3.27924,7.22478,0.8,0,1
210910,flyer4,0.0854339,9.50523,-0.298447,-0.0304892,2
210910,flyer2,15.1206,11.1682,-0.27588,0.117856,2
210910,bullet1,7.85691,6.61221,0.8,0,1
210913,player,2.85556,7.2499,-0.00123797,0.00131278,1
210913,flyer6,-6.4373e-06,10.5789,-0.3,0,2
210914,flayer7,13.5,10.5789,-0.3,0,2
210914,bullet4,7.27924,7.22478,0.8,0,1
210915,flyer2,13.7412,11.7574,-0.27588,0.117856,2
210915,bullet1,11.8569,6.61221,0.8,0,1
210916,bullet5,3.25464,7.74025,0.8,0,1
210918,player,3.19206,8.17693,0.337477,0.368279,1
210919,flayer7,12,10.5789,-0.3,0,2
210919,bullet4,11.2792,7.22478,0.8,0,1
210920,flyer2,12.3618,12.3467,-0.27588,0.117856,2
210920,bullet1,15.8569,6.61221,0.8,0,1
210921,bullet5,7.25464,7.74025,0.8,0,1
210921,bullet6,3.84302,8.45079,0.8,0,1
210922,bullet3,3.85686,8.46589,0.8,0,1
210923,player,3.46308,8.47268,0.0062274,0.00679578,1
210924,flayer7,10.5,10.5789,-0.3,0,2
210924,bullet4,15.2792,7.22478,0.8,0,1
210925,flyer2,10.9824,12.936,-0.27588,0.117856,2
210926,bullet5,11.2546,7.74025,0.8,0,1
210926,bullet6,7.84302,8.45079,0.8,0,1
210927,bullet3,7.85686,8.46589,0.8,0,1
210928,player,4.0704,8.43355,0.0139545,0.0546295,1
210928,bullet2,4.4704,8.43355,0.8,0,1
210929,flayer7,9,10.5789,-0.3,0,2
210930,flyer2,9.60298,13.5253,-0.27588,0.117856,2
210931,bullet5,15.2546,7.74025,0.8,0,1
210931,bullet6,11.843,8.45079,0.8,0,1
210932,bullet3,11.8569,8.46589,0.8,0,1
210933,player,4.57098,8.96679,0.152132,0.152883,1
210933,bullet2,8.4704,8.43355,0.8,0,1
210934,flayer7,7.5,10.5789,-0.3,0,2
210934,bullet1,5.03944,9.03559,0.8,0,1
210935,flyer2,8.22358,14.1146,-0.27588,0.117856,2
210936,bullet6,15.843,8.45079,0.8,0,1
210937,bullet3,15.8569,8.46589,0.8,0,1
210938,player,4.13544,9.98479,-0.0655365,0.408665,1
210938,bullet2,12.4704,8.43355,0.8,0,1
210939,flayer7,5.99999,10.5789,-0.3,0,2
210939,bullet1,9.03944,9.03559,0.8,0,1
210939,bullet4,4.50595,10.1687,0.8,0,1
210940,flyer2,6.84417,14.7038,-0.27588,0.117856,2
210941,bullet5,4.4867,10.2887,0.8,0,1
210942,bullet6,4.48401,10.3054,0.8,0,1
210943,player,4.08281,10.313,-0.00120933,0.00754102,1
210943,bullet2,16.4704,8.43355,0.8,0,1
