53233,player,11.7123,2.8628,0,0,1
53236,bullet1,12.1123,3.42052,0.8,0,1
53237,bullet2,12.1123,3.45127,0.8,0,1
53238,player,11.7123,3.46511,0,0.0138396,1
53241,bullet1,16.1123,3.42052,0.8,0,1
53242,bullet2,16.1123,3.45127,0.8,0,1
53243,player,12.3008,2.88775,0.0307547,-0.0304993,1
53243,flyer1,16.5,3.21149,-0.3,0,2
53245,bullet3,12.7209,2.86785,0.8,0,1
53248,player,12.3255,2.37388,0.00056751,-0.152438,1
53248,flyer1,15,3.21149,-0.3,0,1
53248,flyer2,16.5,3.21149,-0.296607,0.0449895,2
53249,bullet4,12.7257,2.30529,0.8,0,1
53250,bullet5,12.7259,2.27442,0.8,0,1
53253,player,12.6634,1.42459,0.33751,-0.492188,1
53253,flyer1,13.5,3.21149,-0.3,0,1
53253,flyer2,15.017,3.43643,-0.296607,0.0449895,2
53254,flyer3,16.5,3.21149,-0.244876,0.173308,2
53255,bullet6,13.2837,1.10344,0.8,0,1
53256,bullet1,13.3144,1.05859,0.8,0,1
53258,player,12.9345,1.02932,0.00622802,-0.00908225,1
53258,flyer1,12,3.21149,-0.3,0,1
53258,flyer2,13.5339,3.66138,-0.296607,0.0449895,2
53259,flyer3,15.2756,4.07803,-0.244876,0.173308,2
53259,bullet2,13.3373,1.02523,0.8,0,1
53260,bullet3,13.3386,1.02339,0.8,0,1
53263,player,13.4289,0.532651,0.15199,-0.152043,1
53263,flyer1,10.5,3.21149,-0.3,0,1
53263,flyer2,12.0509,3.88633,-0.296607,0.0449895,2
53263,bullet4,13.8289,0.532651,0.8,0,1
53264,flyer3,14.0512,4.94457,-0.244876,0.173308,2
53266,bullet5,13.9419,0.4,0.8,0,1
53268,player,13.5509,0.4,0.00280464,0,1
53268,flyer1,9,3.21149,-0.3,0,1
53268,flyer2,10.5679,4.11128,-0.296607,0.0449895,2
53269,flyer3,12.8269,5.81111,-0.244876,0.173308,2
53270,flyer4,16.5,10.1314,-0.3,0,2
53270,bullet6,13.4634,0.889375,0.8,0,1
53272,bullet1,13.3647,0.988474,0.8,0,1
53273,player,12.9509,0.664813,-0.0137879,-0.32366,1
53273,flyer1,7.5,3.21149,-0.3,0,1
53273,flyer2,9.08482,4.33623,-0.296607,0.0449895,2
53274,flyer3,11.6025,6.67765,-0.244876,0.173308,2
53275,flyer4,15,10.1314,-0.3,0,2
53275,bullet2,13.3419,0.453625,0.8,0,1
53278,player,12.3821,0.962605,-0.0685982,0.0623713,1
53278,flyer1,5.99999,3.21149,-0.3,0,1
53278,flyer2,7.60179,4.56117,-0.296607,0.0449895,2
53278,bullet3,12.7821,0.962605,0.8,0,1
53279,flyer3,10.3781,7.5442,-0.244876,0.173308,2
53279,bullet4,12.7512,0.990672,0.8,0,1
53280,flyer4,13.5,10.1314,-0.3,0,2
53283,player,11.7693,1.57041,-0.0696096,0.0694947,1
53283,flyer1,4.49999,3.21149,-0.3,0,1
53283,flyer2,6.11875,4.78612,-0.296607,0.0449895,2
53283,bullet5,12.1693,1.57041,0.8,0,1
53284,flyer3,9.15372,8.41074,-0.244876,0.173308,2
53285,flyer4,12,10.1314,-0.3,0,2
53286,bullet6,12.1175,2.11147,0.8,0,1
53288,player,11.7134,2.2147,-0.00128449,0.0320371,1
53288,flyer1,2.99999,3.21149,-0.3,0,1
53288,flyer2,4.63571,5.01107,-0.296607,0.0449895,2
53288,bullet5,16.1693,1.57041,0.8,0,1
53289,flyer3,7.92934,9.27728,-0.244876,0.173308,2
53290,flyer4,10.5,10.1314,-0.3,0,2
53291,bullet6,16.1175,2.11147,0.8,0,1
53293,player,10.5523,1.94752,-0.0822071,-0.391413,1
53293,flyer1,1.49999,3.21149,-0.3,0,1
53293,flyer2,3.15268,5.23602,-0.296607,0.0449895,2
53294,flyer3,6.70496,10.1438,-0.244876,0.173308,2
53295,flyer4,9,10.1314,-0.3,0,2
53296,bullet1,11.3806,1.16708,0.8,0,1
53298,player,11.0748,1.04471,0.0292377,-0.0379774,1
53298,flyer1,-6.4373e-06,3.21149,-0.3,0,1
53298,flyer2,1.66964,5.46097,-0.296607,0.0449895,2
53298,bullet2,11.4748,1.04471,0.8,0,1
53299,flyer3,5.48058,11.0104,-0.244876,0.173308,2
53299,bullet3,11.4879,1.02762,0.8,0,1
53300,flyer4,7.5,10.1314,-0.3,0,2
53301,bullet1,15.3806,1.16708,0.8,0,1
53301,bullet4,11.4965,1.01647,0.8,0,1
53303,player,11.0982,1.01421,0.000539519,-0.000700789,1
53303,flyer2,0.186601,5.68591,-0.296607,0.0449895,2
53303,bullet2,15.4748,1.04471,0.8,0,1
53303,bullet5,11.4982,1.01421,0.8,0,1
53304,flyer3,4.2562,11.8769,-0.244876,0.173308,2
53304,bullet3,15.4879,1.02762,0.8,0,1
53305,flyer4,5.99999,10.1314,-0.3,0,2
53306,bullet4,15.4965,1.01647,0.8,0,1
53306,bullet6,11.4986,1.01369,0.8,0,1
53308,player,11.0987,1.01365,9.95563e-06,-1.29315e-05,1
53308,bullet5,15.4982,1.01421,0.8,0,1
53308,bullet1,11.4987,1.01365,0.8,0,1
53309,flyer3,3.03182,12.7434,-0.244876,0.173308,2
53309,bullet2,11.4987,1.01364,0.8,0,1
53310,flyer4,4.49999,10.1314,-0.3,0,2
53311,bullet6,15.4986,1.01369,0.8,0,1
53313,player,11.6564,1.01364,0.0683439,-2.38623e-07,1
53313,bullet1,15.4987,1.01365,0.8,0,1
53313,bullet3,12.0564,1.01364,0.8,0,1
53314,flyer3,1.80744,13.61,-0.244876,0.173308,2
53314,bullet2,15.4987,1.01364,0.8,0,1
53314,bullet4,12.0872,1.01364,0.8,0,1
53315,flyer4,2.99999,10.1314,-0.3,0,2
53317,bullet5,12.5994,1.50301,0.8,0,1
53318,player,12.269,1.57136,0.0696049,0.0683437,1
53318,bullet3,16.0564,1.01364,0.8,0,1
53319,flyer3,0.583063,14.4765,-0.244876,0.173308,2
53319,bullet4,16.0872,1.01364,0.8,0,1
53320,flyer4,1.49999,10.1314,-0.3,0,2
53320,flyer5,16.5,10.1314,-0.3,0,2
53322,flyer6,16.5,10.1314,-0.3,0,2
53322,bullet6,12.2342,2.21345,0.8,0,1
53323,player,11.7672,2.22855,-0.0670593,0.0151007,1
53324,bullet1,12.137,2.23535,0.8,0,1
53325,flyer4,-6.4373e-06,10.1314,-0.3,0,2
53325,flyer5,15,10.1314,-0.3,0,2
53327,flyer6,15,10.1314,-0.3,0,2
53327,bullet6,16.2342,2.21345,0.8,0,1
53328,player,11.1556,2.24068,-0.0695812,0.000278651,1
53328,flayer7,16.5,10.1314,-0.3,0,2
53328,bullet2,11.5556,2.24068,0.8,0,1
53329,bullet1,16.137,2.23535,0.8,0,1
53330,flyer5,13.5,10.1314,-0.3,0,2
53331,bullet3,10.7039,2.24089,-0.8,-6.99382e-08,1
53332,flyer6,13.5,10.1314,-0.3,0,2
53333,player,10.6104,1.75153,-0.153159,-0.15187,1
53333,flayer7,15,10.1314,-0.3,0,2
53333,bullet2,15.5556,2.24068,0.8,0,1
53335,flyer5,12,10.1314,-0.3,0,2
53336,bullet3,6.70387,2.24089,-0.8,-6.99382e-08,1
53336,bullet4,9.53874,2.19631,-0.8,-6.99382e-08,1
53337,flyer6,12,10.1314,-0.3,0,2
53338,player,9.88504,2.23188,-0.0166658,0.0110372,1
53338,flayer7,13.5,10.1314,-0.3,0,2
53340,flyer5,10.5,10.1314,-0.3,0,2
53340,bullet5,10.2742,2.23908,0.8,0,1
53341,bullet3,2.70387,2.24089,-0.8,-6.99382e-08,1
53341,bullet4,5.53874,2.19631,-0.8,-6.99382e-08,1
53342,flyer6,10.5,10.1314,-0.3,0,2
53342,bullet6,10.272,2.24054,0.8,0,1
53343,player,9.87165,2.24074,-0.000307531,0.000203667,1
53343,flayer7,12,10.1314,-0.3,0,2
53345,flyer5,9,10.1314,-0.3,0,2
53345,bullet5,14.2742,2.23908,0.8,0,1
53345,bullet1,9.78208,2.24087,0.8,0,1
53346,bullet4,1.53874,2.19631,-0.8,-6.99382e-08,1
53347,flyer6,9,10.1314,-0.3,0,2
53347,bullet6,14.272,2.24054,0.8,0,1
53348,player,9.2691,2.24091,-0.0138453,3.75823e-06,1
53348,flayer7,10.5,10.1314,-0.3,0,2
53348,bullet2,9.6691,2.24091,0.8,0,1
53350,flyer5,7.5,10.1314,-0.3,0,2
53350,bullet1,13.7821,2.24087,0.8,0,1
53350,bullet3,9.66006,2.24091,0.8,0,1
53351,bullet5,8.8588,2.24091,-0.8,-6.99382e-08,1
53352,flyer6,7.5,10.1314,-0.3,0,2
53353,player,9.25798,2.24091,-0.000255484,6.93499e-08,1
53353,flayer7,9,10.1314,-0.3,0,2
53353,bullet2,13.6691,2.24091,0.8,0,1
53355,flyer5,5.99999,10.1314,-0.3,0,2
53355,bullet3,13.6601,2.24091,0.8,0,1
53355,bullet4,10.1472,2.24091,0.8,0,1
53356,bullet5,4.8588,2.24091,-0.8,-6.99382e-08,1
53357,flyer6,5.99999,10.1314,-0.3,0,2
53358,player,9.86009,1.41403,0.0138349,-0.489375,1
53358,flayer7,7.5,10.1314,-0.3,0,2
53360,flyer5,4.49999,10.1314,-0.3,0,2
53360,bullet4,14.1472,2.24091,0.8,0,1
53360,bullet6,10.2691,1.09472,0.8,0,1
53361,bullet5,0.858802,2.24091,-0.8,-6.99382e-08,1
53362,flyer6,4.49999,10.1314,-0.3,0,2
53363,player,10.4289,0.4,0.068599,-0.103719,1
53363,flayer7,5.99999,10.1314,-0.3,0,2
53364,bullet1,10.8598,0.4,0.8,0,1
53365,flyer5,2.99999,10.1314,-0.3,0,2
53365,bullet6,14.2691,1.09472,0.8,0,1
53366,bullet2,10.8799,0.4,0.8,0,1
53367,flyer6,2.99999,10.1314,-0.3,0,2
53368,player,10.484,0.4,0.00126585,0,1
53368,flayer7,4.49999,10.1314,-0.3,0,2
53368,bullet3,10.884,0.4,0.8,0,1
53369,bullet1,14.8598,0.4,0.8,0,1
53370,flyer5,1.49999,10.1314,-0.3,0,2
53371,bullet2,14.8799,0.4,0.8,0,1
53372,flyer6,1.49999,10.1314,-0.3,0,2
53373,player,10.5158,0.957719,-0.0375657,0.0683438,1
53373,flayer7,2.99999,10.1314,-0.3,0,2
53373,bullet3,14.884,0.4,0.8,0,1
53373,bullet5,10.9158,0.957719,0.8,0,1
53374,bullet4,10.8989,0.988474,0.8,0,1
53375,flyer5,-6.4373e-06,10.1314,-0.3,0,2
53377,flyer6,-6.4373e-06,10.1314,-0.3,0,2
53378,player,10.2654,1.90782,0.268463,0.407105,1
53378,flayer7,1.49999,10.1314,-0.3,0,2
53378,bullet5,14.9158,0.957719,0.8,0,1
53379,flayer8,16.5,10.7193,-0.3,0,2
53379,bullet4,14.8989,0.988474,0.8,0,1
53380,flyer1,16.5,10.7193,-0.299801,0.0109123,2
53381,flyer2,16.5,10.7193,-0.3,0,2
53383,player,9.3348,1.92802,-0.0941445,-0.367577,1
53383,flayer7,-6.4373e-06,10.1314,-0.3,0,2
53384,flayer8,15,10.7193,-0.3,0,2
53384,bullet6,9.69243,1.76261,0.8,0,1
53385,flyer1,15.001,10.7738,-0.299801,0.0109123,2
53386,flyer2,15,10.7193,-0.3,0,2
53386,bullet1,9.66479,1.65468,0.8,0,1
53387,bullet2,9.66093,1.63961,0.8,0,1
53388,player,9.25919,1.63282,-0.00173723,-0.00678283,1
53389,flayer8,13.5,10.7193,-0.3,0,2
53389,bullet6,13.6924,1.76261,0.8,0,1
53389,bullet3,9.65841,1.62977,0.8,0,1
53390,flyer1,13.502,10.8284,-0.299801,0.0109123,2
53391,flyer2,13.5,10.7193,-0.3,0,2
53391,bullet1,13.6648,1.65468,0.8,0,1
53392,bullet2,13.6609,1.63961,0.8,0,1
53393,player,9.2578,1.62738,-3.20568e-05,-0.000125162,1
53394,flayer8,12,10.7193,-0.3,0,2
53394,bullet3,13.6584,1.62977,0.8,0,1
53394,bullet5,9.65778,1.62732,0.8,0,1
53395,flyer1,12.003,10.8829,-0.299801,0.0109123,2
53396,flyer2,12,10.7193,-0.3,0,2
53397,bullet4,9.65777,1.06956,0.8,0,1
53398,player,9.25777,1.0388,-5.91538e-07,-0.030757,1
53399,flayer8,10.5,10.7193,-0.3,0,2
53399,bullet5,13.6578,1.62732,0.8,0,1
53399,bullet6,9.65777,1.02496,0.8,0,1
53400,flyer1,10.504,10.9375,-0.299801,0.0109123,2
53401,flyer2,10.5,10.7193,-0.3,0,2
53402,bullet4,13.6578,1.06956,0.8,0,1
53403,player,8.6693,1.1132,-0.0307547,-0.121688,1
53403,bullet1,9.0693,1.1132,0.8,0,1
53404,flayer8,9,10.7193,-0.3,0,2
53404,bullet6,13.6578,1.02496,0.8,0,1
53405,flyer1,9.00496,10.9921,-0.299801,0.0109123,2
53405,bullet2,9.04923,1.0338,0.8,0,1
53406,flyer2,9,10.7193,-0.3,0,2
53408,player,8.15522,1.50485,-0.152443,0.14963,1
53408,bullet1,13.0693,1.1132,0.8,0,1
53409,flayer8,7.5,10.7193,-0.3,0,2
53409,bullet3,8.48662,1.57218,0.8,0,1
53410,flyer1,7.50595,11.0466,-0.299801,0.0109123,2
53410,bullet2,13.0492,1.0338,0.8,0,1
53410,bullet5,8.45575,1.60248,0.8,0,1
53411,flyer2,7.5,10.7193,-0.3,0,2
53413,player,8.18467,1.47314,-0.188438,0.188386,1
53414,flayer8,5.99999,10.7193,-0.3,0,2
53414,bullet3,12.4866,1.57218,0.8,0,1
53415,flyer1,6.00694,11.1012,-0.299801,0.0109123,2
53415,bullet5,12.4558,1.60248,0.8,0,1
53416,flyer2,5.99999,10.7193,-0.3,0,2
53418,player,8.52272,1.62443,0.148398,0.00347625,1
53419,flayer8,4.49999,10.7193,-0.3,0,2
53420,flyer1,4.50793,11.1557,-0.299801,0.0109123,2
53420,flyer3,16.5,1.61959,-0.3,0,2
53421,flyer2,4.49999,10.7193,-0.3,0,2
53423,player,7.11361,1.96472,-0.379356,0.337564,1
53424,flayer8,2.99999,10.7193,-0.3,0,2
53425,flyer1,3.00893,11.2103,-0.299801,0.0109123,2
53425,flyer3,15,1.61959,-0.3,0,2
53425,bullet4,7.26608,2.18498,0.8,0,1
53426,flyer2,2.99999,10.7193,-0.3,0,2
53426,bullet6,7.23151,2.21574,0.8,0,1
53428,player,6.80895,2.23582,-0.00700018,0.00622901,1
53429,flayer8,1.49999,10.7193,-0.3,0,2
53430,flyer1,1.50992,11.2649,-0.299801,0.0109123,2
53430,flyer3,13.5,1.61959,-0.3,0,2
53430,bullet4,11.2661,2.18498,0.8,0,1
53430,bullet1,7.69376,2.72925,0.8,0,1
53431,flyer2,1.49999,10.7193,-0.3,0,2
53431,bullet6,11.2315,2.21574,0.8,0,1
53433,player,7.74314,3.33251,0.35121,0.16583,1
53434,flayer8,-6.4373e-06,10.7193,-0.3,0,2
53435,flyer1,0.0109125,11.3194,-0.299801,0.0109123,2
53435,bullet1,11.6938,2.72925,0.8,0,1
53436,flyer2,-6.4373e-06,10.7193,-0.3,0,2
53438,player,8.02519,4.05416,0.00648082,0.0338147,1
53438,flyer4,16.5,10.7193,-0.3,0,2
53438,flyer5,16.5,1.61959,-0.294853,-0.055332,2
53438,bullet2,7.62519,4.05416,-0.8,-6.99382e-08,1
53440,bullet1,15.6938,2.72925,0.8,0,1
53440,bullet3,8.42942,4.07622,0.8,0,1
53442,bullet5,8.43028,4.08069,0.8,0,1
53443,player,8.3679,4.41881,0.33762,0.338124,1
53443,flyer4,15,10.7193,-0.3,0,2
53443,flyer5,15.0257,1.34293,-0.294853,-0.055332,2
53443,bullet2,3.62519,4.05416,-0.8,-6.99382e-08,1
53445,bullet3,12.4294,4.07622,0.8,0,1
53445,bullet4,8.9882,4.63944,0.8,0,1
53447,bullet5,12.4303,4.08069,0.8,0,1
53448,player,8.63903,5.24807,0.00623003,0.0745831,1
53448,flyer4,13.5,10.7193,-0.3,0,2
53448,flyer5,13.5515,1.06627,-0.294853,-0.055332,2
53448,bullet2,-0.374808,4.05416,-0.8,-6.99382e-08,1
53449,bullet6,9.04184,5.28163,0.8,0,1
53450,bullet4,12.9882,4.63944,0.8,0,1
53453,player,8.15466,4.81859,-0.15176,-0.150499,1
53453,flyer4,12,10.7193,-0.3,0,2
53453,flyer5,12.0772,0.789608,-0.294853,-0.055332,2
53454,bullet6,13.0418,5.28163,0.8,0,1
53455,flyer6,16.5,10.7193,-0.241982,-0.177326,2
53455,bullet1,8.45564,4.72039,0.8,0,1
53458,player,8.59051,4.69773,0.0655434,-0.00277712,1
53458,flyer4,10.5,10.7193,-0.3,0,2
53458,flyer5,10.6029,0.512948,-0.294853,-0.055332,2
53460,flyer6,15.2901,9.83262,-0.241982,-0.177326,2
53460,bullet1,12.4556,4.72039,0.8,0,1
53463,player,8.5302,3.04609,0.139245,-0.23411,1
53463,flyer4,9,10.7193,-0.3,0,2
53463,flyer5,9.12867,0.236288,-0.294853,-0.055332,2
53465,flyer6,14.0802,8.94599,-0.241982,-0.177326,2
53465,flayer7,16.5,1.61959,-0.217688,0.206427,2
53468,player,8.08432,2.81349,-0.0657743,0.0501842,1
53468,flyer4,7.5,10.7193,-0.3,0,2
53468,flyer5,7.6544,-0.0403719,-0.294853,-0.055332,2
53468,bullet2,8.48432,2.81349,0.8,0,1
53469,bullet3,8.45472,2.83607,0.8,0,1
53470,flyer6,12.8703,8.05936,-0.241982,-0.177326,2
53470,flayer7,15.4116,2.65172,-0.217688,0.206427,2
53471,bullet5,8.4354,2.8508,0.8,0,1
53472,bullet4,8.43271,2.85286,0.8,0,1
53473,player,8.03149,2.85379,-0.00121372,0.000926039,1
53473,flyer4,5.99999,10.7193,-0.3,0,2
53473,flyer5,6.18014,-0.317032,-0.294853,-0.055332,2
53473,bullet2,12.4843,2.81349,0.8,0,1
53474,bullet3,12.4547,2.83607,0.8,0,1
53475,flyer6,11.6604,7.17273,-0.241982,-0.177326,2
53475,flayer7,14.3231,3.68386,-0.217688,0.206427,1
53476,bullet5,12.4354,2.8508,0.8,0,1
53477,bullet4,12.4327,2.85286,0.8,0,1
53478,player,8.39878,1.37084,0.299889,-0.436581,1
53478,flyer4,4.49999,10.7193,-0.3,0,2
53480,flyer6,10.4504,6.2861,-0.241982,-0.177326,2
53480,flayer7,13.2347,4.71599,-0.217688,0.206427,1
53481,bullet6,9.02178,0.488469,0.8,0,1
53483,player,9.12899,0.4,0.157409,0,1
53483,flyer4,2.99999,10.7193,-0.3,0,2
53485,flyer6,9.24053,5.39947,-0.241982,-0.177326,2
53485,flayer7,12.1462,5.74812,-0.217688,0.206427,1
53486,bullet6,13.0218,0.488469,0.8,0,1
53487,bullet1,9.68324,0.430755,0.8,0,1
53488,player,9.26923,0.41384,-0.0140104,-0.0169151,1
53488,flyer4,1.49999,10.7193,-0.3,0,2
53490,flyer6,8.03062,4.51284,-0.241982,-0.177326,2
53490,flayer7,11.0578,6.78026,-0.217688,0.206427,1
53490,bullet2,10.1495,0.892178,0.8,0,1
53492,bullet1,13.6832,0.430755,0.8,0,1
53492,bullet3,10.2467,0.989041,0.8,0,1
53493,player,9.86029,1.00257,0.0135811,0.0135275,1
53493,flyer4,-6.4373e-06,10.7193,-0.3,0,2
53494,bullet5,10.2664,1.00866,0.8,0,1
53495,flyer6,6.8207,3.62621,-0.241982,-0.177326,2
53495,flayer7,9.96937,7.81239,-0.217688,0.206427,1
53495,bullet2,14.1495,0.892178,0.8,0,1
53497,bullet3,14.2467,0.989041,0.8,0,1
53497,bullet4,10.2709,1.01318,0.8,0,1
53498,player,9.5337,0.675932,-0.337249,-0.33725,1
53499,bullet5,14.2664,1.00866,0.8,0,1
53500,flyer6,5.61079,2.73957,-0.241982,-0.177326,2
53500,flayer7,8.88093,8.84452,-0.217688,0.206427,1
53500,bullet6,9.71364,0.455876,0.8,0,1
53502,bullet4,14.2709,1.01318,0.8,0,1
53503,player,9.82058,0.96281,0.0621205,0.0621205,1
53505,flyer6,4.40088,1.85294,-0.241982,-0.177326,2
53505,flayer7,7.7925,9.87666,-0.217688,0.206427,1
53505,flyer3,16.5,5.53452,-0.3,0,2
53505,bullet6,13.7136,0.455876,0.8,0,1
53508,player,8.34218,0.998858,-0.380948,0.0180614,1
53509,flayer8,16.5,4.88661,-0.3,0,2
53510,flyer6,3.19097,0.966312,-0.241982,-0.177326,2
53510,flayer7,6.70406,10.9088,-0.217688,0.206427,1
53510,flyer3,15,5.53452,-0.3,0,2
53513,player,8.52562,0.523988,0.144845,-0.151542,1
53513,bullet1,8.92562,0.523988,0.8,0,1
53514,flayer8,15,4.88661,-0.3,0,2
53515,flyer6,1.98106,0.079681,-0.241982,-0.177326,2
53515,flayer7,5.61562,11.9409,-0.217688,0.206427,1
53515,flyer3,13.5,5.53452,-0.3,0,2
53517,bullet2,8.797,0.405084,-0.8,-6.99382e-08,1
53518,player,9.23042,0.402288,0.0334275,-0.00279637,1
53518,bullet1,12.9256,0.523988,0.8,0,1
53519,flayer8,13.5,4.88661,-0.3,0,2
53519,bullet3,9.64546,0.401029,0.8,0,1
53520,flayer7,4.52718,12.9731,-0.217688,0.206427,1
53520,flyer3,12,5.53452,-0.3,0,2
53520,bullet5,9.65223,0.400463,0.8,0,1
53522,bullet2,4.79699,0.405084,-0.8,-6.99382e-08,1
53523,player,8.91977,0.737542,-0.336883,0.337448,1
53524,flayer8,12,4.88661,-0.3,0,2
53524,bullet3,13.6455,0.401029,0.8,0,1
53525,flayer7,3.43874,14.0052,-0.217688,0.206427,1
53525,flyer3,10.5,5.53452,-0.3,0,2
53525,bullet5,13.6522,0.400463,0.8,0,1
53527,bullet2,0.796994,0.405084,-0.8,-6.99382e-08,1
53528,player,8.0915,1.56626,-0.0745602,0.0745706,1
53529,flayer8,10.5,4.88661,-0.3,0,2
53530,flayer7,2.3503,15.0373,-0.217688,0.206427,1
53530,flyer3,9,5.53452,-0.3,0,2
53530,flyer1,16.5,4.88661,-0.234906,0.186598,2
53530,bullet4,7.64285,1.61492,-0.8,-6.99382e-08,1
53533,player,7.69413,1.96365,-0.338876,0.338876,1
53534,flayer8,9,4.88661,-0.3,0,2
53535,flayer7,1.26186,16.0695,-0.217688,0.206427,1
53535,flyer3,7.5,5.53452,-0.3,0,2
53535,flyer1,15.3255,5.8196,-0.234906,0.186598,2
53535,bullet4,3.64285,1.61492,-0.8,-6.99382e-08,1
53535,bullet6,7.87301,2.18476,0.8,0,1
53538,player,6.86426,1.67807,-0.074597,-0.0620905,1
53538,bullet1,7.26426,1.67807,0.8,0,1
53539,flayer8,7.5,4.88661,-0.3,0,2
53540,flyer3,5.99999,5.53452,-0.3,0,2
53540,flyer1,14.1509,6.75259,-0.234906,0.186598,2
53540,bullet4,-0.357146,1.61492,-0.8,-6.99382e-08,1
53540,bullet6,11.873,2.18476,0.8,0,1
53543,player,6.27039,1.55987,-0.0987474,0.0823855,1
53543,bullet1,11.2643,1.67807,0.8,0,1
53544,flayer8,5.99999,4.88661,-0.3,0,2
53545,flyer3,4.49999,5.53452,-0.3,0,2
53545,flyer1,12.9764,7.68559,-0.234906,0.186598,2
53545,bullet6,15.873,2.18476,0.8,0,1
53546,bullet3,6.59695,2.17885,0.8,0,1
53548,player,6.19108,2.22834,-0.00182217,0.0153599,1
53548,bullet1,15.2643,1.67807,0.8,0,1
53548,bullet2,6.59108,2.22834,0.8,0,1
53549,flayer8,4.49999,4.88661,-0.3,0,2
53549,bullet5,6.59026,2.23526,0.8,0,1
53550,flyer3,2.99999,5.53452,-0.3,0,2
53550,flyer1,11.8019,8.61858,-0.234906,0.186598,2
53551,bullet3,10.597,2.17885,0.8,0,1
53551,bullet4,6.58973,2.23977,0.8,0,1
53553,player,6.679,2.73005,0.151841,0.152158,1
53553,bullet2,10.5911,2.22834,0.8,0,1
53554,flayer8,2.99999,4.88661,-0.3,0,2
53554,bullet5,10.5903,2.23526,0.8,0,1
53555,flyer3,1.49999,5.53452,-0.3,0,2
53555,flyer1,10.6273,9.55157,-0.234906,0.186598,2
53556,bullet3,14.597,2.17885,0.8,0,1
53556,bullet4,10.5897,2.23977,0.8,0,1
53558,player,6.31156,2.85225,-0.149073,0.00280775,1
53558,bullet2,14.5911,2.22834,0.8,0,1
53559,flayer8,1.49999,4.88661,-0.3,0,2
53559,bullet5,14.5903,2.23526,0.8,0,1
53560,flyer3,-6.4373e-06,5.53452,-0.3,0,2
53560,flyer1,9.45281,10.4846,-0.234906,0.186598,2
53560,bullet6,6.61429,2.85408,0.8,0,1
53561,bullet4,14.5897,2.23977,0.8,0,1
53563,player,6.68122,3.34388,0.149124,0.151927,1
53564,flayer8,-6.4373e-06,4.88661,-0.3,0,2
53564,flyer2,16.5,4.88661,-0.270087,0.130588,2
53564,bullet1,7.14833,3.41225,0.8,0,1
53565,flyer1,8.27828,11.4176,-0.234906,0.186598,2
53565,bullet6,10.6143,2.85408,0.8,0,1
53567,bullet3,7.19823,2.90537,0.8,0,1
53568,player,6.80098,2.87742,0.00275176,-0.0279512,1
53568,bullet2,7.20098,2.87742,0.8,0,1
53569,flyer2,15.1496,5.53955,-0.270087,0.130588,2
53569,bullet1,11.1483,3.41225,0.8,0,1
53570,flyer1,7.10375,12.3506,-0.234906,0.186598,2
53570,bullet6,14.6143,2.85408,0.8,0,1
53572,bullet3,11.1982,2.90537,0.8,0,1
53573,player,6.80319,3.44344,5.07777e-05,0.0302389,1
53573,bullet2,11.201,2.87742,0.8,0,1
53573,bullet5,7.20319,3.44344,0.8,0,1
53574,flyer2,13.7991,6.19249,-0.270087,0.130588,2
53574,bullet1,15.1483,3.41225,0.8,0,1
53575,flyer1,5.92922,13.2835,-0.234906,0.186598,2
53577,bullet3,15.1982,2.90537,0.8,0,1
53578,player,7.0542,3.22933,-0.306744,-0.458062,1
53578,bullet2,15.201,2.87742,0.8,0,1
53578,bullet5,11.2032,3.44344,0.8,0,1
53579,flyer2,12.4487,6.84543,-0.270087,0.130588,2
53580,flyer1,4.75469,14.2165,-0.234906,0.186598,2
53580,flyer5,16.5,14.1371,-0.285672,0.0916055,2
53580,bullet4,7.25405,2.93044,0.8,0,1
53583,player,6.47036,3.19896,-0.34316,0.329047,1
53583,bullet5,15.2032,3.44344,0.8,0,1
53584,flyer2,11.0983,7.49836,-0.270087,0.130588,2
53584,bullet6,6.71594,3.34703,0.8,0,1
53585,flyer1,3.58016,15.1495,-0.234906,0.186598,2
53585,flyer5,15.0716,14.5951,-0.285672,0.0916055,2
53585,bullet4,11.2541,2.93044,0.8,0,1
53586,bullet1,6.61518,3.44365,0.8,0,1
53588,player,5.85727,3.80071,-0.343832,0.343572,1
53589,flyer2,9.74784,8.1513,-0.270087,0.130588,2
53589,bullet6,10.7159,3.34703,0.8,0,1
53590,flyer1,2.40562,16.0825,-0.234906,0.186598,2
53590,flyer5,13.6433,15.0532,-0.285672,0.0916055,2
53590,bullet4,15.2541,2.93044,0.8,0,1
53591,bullet1,10.6152,3.44365,0.8,0,1
53591,bullet3,5.44387,4.61392,0.8,0,1
53593,player,4.97884,4.67895,-0.0201843,0.0201795,1
53593,bullet2,5.37884,4.67895,0.8,0,1
53594,flyer2,8.39741,8.80424,-0.270087,0.130588,2
53594,bullet6,14.7159,3.34703,0.8,0,1
53595,flyer5,12.2149,15.5112,-0.285672,0.0916055,2
53596,bullet1,14.6152,3.44365,0.8,0,1
53596,bullet3,9.44387,4.61392,0.8,0,1
53597,bullet5,5.85237,3.61693,0.8,0,1
53598,player,5.52035,3.53512,0.0679713,-0.081811,1
53598,bullet2,9.37884,4.67895,0.8,0,1
53599,flyer2,7.04698,9.45718,-0.270087,0.130588,2
53599,bullet4,5.95093,3.49831,0.8,0,1
53600,flyer5,10.7866,15.9692,-0.285672,0.0916055,2
53601,bullet3,13.4439,4.61392,0.8,0,1
53602,bullet5,9.85237,3.61693,0.8,0,1
53603,player,5.57493,3.46942,0.00125426,-0.00150964,1
53603,bullet2,13.3788,4.67895,0.8,0,1
53604,flyer2,5.69654,10.1101,-0.270087,0.130588,2
53604,bullet4,9.95093,3.49831,0.8,0,1
53605,flyer5,9.3582,16.4272,-0.285672,0.0916055,2
53606,bullet6,5.97586,4.02602,0.8,0,1
53607,bullet5,13.8524,3.61693,0.8,0,1
53608,player,5.08656,4.5599,-0.151852,0.165687,1
53609,flyer2,4.34611,10.7631,-0.270087,0.130588,2
53609,bullet4,13.9509,3.49831,0.8,0,1
53610,bullet1,4.8981,4.66801,0.8,0,1
53611,bullet6,9.97586,4.02602,0.8,0,1
53612,bullet3,4.77894,4.6899,0.8,0,1
53613,player,4.6998,4.69296,0.320858,0.00305739,1
53614,flyer2,2.99568,11.416,-0.270087,0.130588,2
53615,bullet1,8.8981,4.66801,0.8,0,1
53616,bullet6,13.9759,4.02602,0.8,0,1
53617,bullet3,8.77894,4.6899,0.8,0,1
53617,bullet2,5.90927,4.69536,0.8,0,1
53618,player,5.54595,4.69541,0.0366754,5.64174e-05,1
53619,flyer2,1.64524,12.0689,-0.270087,0.130588,2
53620,bullet1,12.8981,4.66801,0.8,0,1
53622,bullet3,12.7789,4.6899,0.8,0,1
53622,bullet2,9.90927,4.69536,0.8,0,1
53622,bullet5,6.53244,4.69546,0.8,0,1
53623,player,6.16387,4.69546,0.0314315,1.04106e-06,1
53624,flyer2,0.294809,12.7219,-0.270087,0.130588,2
53625,bullet4,6.58438,4.69546,0.8,0,1
53627,bullet3,16.7789,4.6899,0.8,0,1
53627,bullet2,13.9093,4.69536,0.8,0,1
53627,bullet5,10.5324,4.69546,0.8,0,1
53628,player,5.2939,4.91568,-0.405264,-0.269156,1
53628,flyer4,16.5,14.1371,-0.238011,-0.182621,2
53630,bullet4,10.5844,4.69546,0.8,0,1
53630,bullet6,5.42946,4.74005,0.8,0,1
53632,bullet5,14.5324,4.69546,0.8,0,1
53632,bullet1,5.37591,4.70449,0.8,0,1
53633,player,4.96843,4.69952,-0.00747826,-0.00496669,1
53633,flyer4,15.3099,13.224,-0.238011,-0.182621,2
53635,bullet4,14.5844,4.69546,0.8,0,1
53635,bullet6,9.42946,4.74005,0.8,0,1
53636,bullet3,5.36287,4.69583,0.8,0,1
53637,bullet1,9.37591,4.70449,0.8,0,1
53638,player,4.96243,4.69553,-0.000137995,-9.16494e-05,1
53638,flyer4,14.1199,12.3109,-0.238011,-0.182621,2
53638,bullet2,5.36243,4.69553,0.8,0,1
53640,bullet6,13.4295,4.74005,0.8,0,1
53641,bullet3,9.36287,4.69583,0.8,0,1
53642,bullet1,13.3759,4.70449,0.8,0,1
53643,player,4.96232,4.69546,-2.54639e-06,-1.69119e-06,1
53643,flyer4,12.9298,11.3978,-0.238011,-0.182621,2
53643,bullet2,9.36243,4.69553,0.8,0,1
53645,bullet5,5.36231,4.69546,0.8,0,1
53646,bullet3,13.3629,4.69583,0.8,0,1
53646,bullet4,5.36231,4.69546,0.8,0,1
53648,player,4.96231,5.03296,-4.69881e-08,0.3375,1
53648,flyer4,11.7398,10.4847,-0.238011,-0.182621,2
53648,bullet2,13.3624,4.69553,0.8,0,1
53650,bullet5,9.36232,4.69546,0.8,0,1
53651,bullet4,9.36232,4.69546,0.8,0,1
53652,flyer6,16.5,14.1371,-0.3,0,2
53653,player,4.4046,5.59691,-0.0683438,0.398232,1
53653,flyer4,10.5497,9.57159,-0.238011,-0.182621,2
53655,bullet5,13.3623,4.69546,0.8,0,1
53656,bullet4,13.3623,4.69546,0.8,0,1
53656,bullet6,4.2644,5.89304,0.8,0,1
53657,flyer6,15,14.1371,-0.3,0,2
53658,player,3.76124,5.91672,-0.0320158,0.0073485,1
53658,flyer4,9.35966,8.65848,-0.238011,-0.182621,2
53658,bullet1,4.16124,5.91672,0.8,0,1
53661,bullet6,8.2644,5.89304,0.8,0,1
53662,flyer6,13.5,14.1371,-0.3,0,2
53663,player,3.39803,5.58512,-0.338091,-0.337364,1
53663,flyer4,8.1696,7.74538,-0.238011,-0.182621,2
53663,bullet1,8.16124,5.91672,0.8,0,1
53664,bullet3,3.64589,5.43331,0.8,0,1
53666,bullet6,12.2644,5.89304,0.8,0,1
53667,flyer6,12,14.1371,-0.3,0,2
53667,bullet2,3.04338,4.83104,0.8,0,1
53668,player,2.56879,4.75647,-0.0745825,-0.0745691,1
53668,flyer4,6.97954,6.83227,-0.238011,-0.182621,2
53668,bullet1,12.1612,5.91672,0.8,0,1
53669,bullet3,7.64589,5.43331,0.8,0,1
53671,bullet6,16.2644,5.89304,0.8,0,1
53672,flyer6,10.5,14.1371,-0.3,0,2
53672,bullet2,7.04338,4.83104,0.8,0,1
53673,player,2.18524,5.2989,-0.355791,0.0124636,1
53673,flyer4,5.78949,5.91916,-0.238011,-0.182621,2
53673,bullet1,16.1612,5.91672,0.8,0,1
53674,bullet3,11.6459,5.43331,0.8,0,1
53674,bullet5,2.42513,5.30451,0.8,0,1
53676,bullet4,2.32066,5.30817,0.8,0,1
53677,flyer6,9,14.1371,-0.3,0,2
53677,bullet2,11.0434,4.83104,0.8,0,1
53678,player,1.56201,5.30891,-0.344065,0.000229988,1
53678,flyer4,4.59943,5.00606,-0.238011,-0.182621,0
53679,bullet3,15.6459,5.43331,0.8,0,1
53682,flyer6,7.5,14.1371,-0.3,0,2
53682,bullet2,15.0434,4.83104,0.8,0,1
53683,player,2.21167,6.79279,0.361906,0.436603,1
53683,flayer7,16.5,1.12694,-0.288288,-0.0830066,2
53684,flyer3,16.5,13.3261,-0.3,0,2
53684,bullet6,2.77452,6.98926,0.8,0,1
53687,flyer6,5.99999,14.1371,-0.3,0,2
53687,bullet1,2.40626,7.62474,0.8,0,1
53688,player,1.94459,7.70114,-0.0616656,0.0764003,1
53688,flayer7,15.0586,0.711911,-0.288288,-0.0830066,2
53689,flyer3,15,13.3261,-0.3,0,2
53689,bullet6,6.77453,6.98926,0.8,0,1
53692,flyer6,4.49999,14.1371,-0.3,0,2
53692,bullet1,6.40626,7.62474,0.8,0,1
53692,bullet5,2.26545,7.76108,0.8,0,1
53693,player,1.88123,7.76249,0.0157772,0.0014098,1
53693,flayer7,13.6171,0.296878,-0.288288,-0.0830066,2
53694,flyer3,13.5,13.3261,-0.3,0,2
53694,bullet6,10.7745,6.98926,0.8,0,1
53694,bullet4,2.28833,7.76313,0.8,0,1
53697,flyer6,2.99999,14.1371,-0.3,0,2
53697,bullet1,10.4063,7.62474,0.8,0,1
53697,bullet5,6.26545,7.76108,0.8,0,1
53698,player,2.97174,7.17515,0.182921,-0.0307287,1
53698,flayer7,12.1757,-0.118155,-0.288288,-0.0830066,2
53699,flyer3,12,13.3261,-0.3,0,2
53699,bullet6,14.7745,6.98926,0.8,0,1
53699,bullet4,6.28833,7.76313,0.8,0,1
53702,flyer6,1.49999,14.1371,-0.3,0,2
53702,bullet1,14.4063,7.62474,0.8,0,1
53702,bullet5,10.2655,7.76108,0.8,0,1
53703,player,2.02696,7.63985,-0.162339,0.151308,1
53703,bullet3,2.42696,7.63985,0.8,0,1
53704,flyer3,10.5,13.3261,-0.3,0,2
53704,bullet4,10.2883,7.76313,0.8,0,1
53707,flyer6,-6.4373e-06,14.1371,-0.3,0,2
53707,bullet5,14.2655,7.76108,0.8,0,1
53708,player,2.48506,6.68351,0.0277591,-0.179838,1
53708,bullet3,6.42696,7.63985,0.8,0,1
53709,flyer3,9,13.3261,-0.3,0,2
53709,bullet4,14.2883,7.76313,0.8,0,1
53710,flayer8,16.5,13.3261,-0.224599,-0.198886,2
53710,bullet2,3.39255,7.05554,0.8,0,1
53713,player,2.28279,6.8039,-0.475023,-0.326979,1
53713,bullet3,10.427,7.63985,0.8,0,1
53714,flyer3,7.5,13.3261,-0.3,0,2
53715,flayer8,15.377,12.3317,-0.224599,-0.198886,2
53715,bullet2,7.39255,7.05554,0.8,0,1
53715,bullet6,2.37284,6.59055,0.8,0,1
53716,bullet1,2.32955,6.56075,0.8,0,1
53718,player,1.90131,6.54131,-0.00876551,-0.00603368,1
53718,bullet3,14.427,7.63985,0.8,0,1
53719,flyer3,5.99999,13.3261,-0.3,0,2
53720,flayer8,14.254,11.3373,-0.224599,-0.198886,2
53720,bullet2,11.3925,7.05554,0.8,0,1
53720,bullet6,6.37284,6.59055,0.8,0,1
53721,bullet1,6.32955,6.56075,0.8,0,1
53722,bullet5,2.85215,6.53657,0.8,0,1
53723,player,2.14524,6.19896,-0.306907,-0.337611,1
53724,flyer3,4.49999,13.3261,-0.3,0,2
53725,flayer8,13.131,10.3429,-0.224599,-0.198886,2
53725,bullet2,15.3925,7.05554,0.8,0,1
53725,bullet6,10.3728,6.59055,0.8,0,1
53726,bullet1,10.3296,6.56075,0.8,0,1
53727,bullet5,6.85215,6.53657,0.8,0,1
53728,player,1.3103,6.26533,-0.036418,0.33127,1
53729,flyer3,2.99999,13.3261,-0.3,0,2
53730,flayer8,12.008,9.34843,-0.224599,-0.198886,2
53730,bullet6,14.3728,6.59055,0.8,0,1
53731,bullet1,14.3296,6.56075,0.8,0,1
53731,bullet4,1.1255,5.95395,0.8,0,1
53732,bullet5,10.8521,6.53657,0.8,0,1
53733,player,0.678736,5.92906,-0.0145116,-0.00772674,1
53733,bullet3,1.07874,5.92906,0.8,0,1
53734,flyer3,1.49999,13.3261,-0.3,0,2
53735,flayer8,10.885,8.354,-0.224599,-0.198886,2
53736,bullet4,5.1255,5.95395,0.8,0,1
53737,bullet5,14.8521,6.53657,0.8,0,1
53738,player,0.957719,5.87825,0.0683438,0.0543616,1
53738,bullet3,5.07874,5.92906,0.8,0,1
53738,bullet2,1.35772,5.87825,0.8,0,1
53739,flyer3,-6.4373e-06,13.3261,-0.3,0,2
53739,bullet6,1.38847,5.90272,0.8,0,1
53740,flayer8,9.76204,7.35957,-0.224599,-0.198886,2
53741,bullet4,9.1255,5.95395,0.8,0,1
53743,player,1.0126,5.92191,0.00126113,0.00100312,1
53743,bullet2,5.35772,5.87825,0.8,0,1
53744,bullet6,5.38847,5.90272,0.8,0,1
53745,flayer8,8.63904,6.36514,-0.224599,-0.198886,1
53746,bullet4,13.1255,5.95395,0.8,0,1
53748,player,1.26459,5.33424,-0.306722,-0.0307362,1
53749,bullet6,9.38847,5.90272,0.8,0,1
53749,bullet1,1.52657,5.32041,0.8,0,1
53751,flyer1,16.5,13.3261,-0.245404,0.172559,2
53752,flyer5,16.5,13.3261,-0.3,0,2
53753,player,0.949924,5.79894,0.0778714,0.151308,1
53754,bullet6,13.3885,5.90272,0.8,0,1
53754,bullet1,5.52657,5.32041,0.8,0,1
53755,bullet5,1.40073,6.38704,0.8,0,1
53756,flyer1,15.273,14.1889,-0.245404,0.172559,2
53757,flyer5,15,13.3261,-0.3,0,2
53758,player,1.50184,6.52276,0.153312,0.0166317,1
53759,bullet1,9.52657,5.32041,0.8,0,1
53759,bullet3,1.97083,6.53025,0.8,0,1
53760,bullet5,5.40073,6.38704,0.8,0,1
53761,flyer1,14.046,15.0517,-0.245404,0.172559,2
53761,bullet2,2.01584,6.53513,0.8,0,1
53762,flyer5,13.5,13.3261,-0.3,0,2
53763,player,1.62496,6.04674,0.00282904,-0.151568,1
53764,bullet1,13.5266,5.32041,0.8,0,1
53764,bullet3,5.97083,6.53025,0.8,0,1
53765,bullet5,9.40074,6.38704,0.8,0,1
53766,flyer1,12.8189,15.9145,-0.245404,0.172559,2
53766,bullet2,6.01584,6.53513,0.8,0,1
53767,flyer5,12,13.3261,-0.3,0,2
53768,player,1.74017,5.57368,-0.137983,-0.323382,1
53769,bullet3,9.97083,6.53025,0.8,0,1
53770,bullet5,13.4007,6.38704,0.8,0,1
53771,bullet2,10.0158,6.53513,0.8,0,1
53772,flyer5,10.5,13.3261,-0.3,0,2
53773,player,0.551507,5.21488,-0.185176,0.115153,1
53773,bullet4,0.951507,5.21488,0.8,0,1
53774,bullet3,13.9708,6.53025,0.8,0,1
53775,bullet6,0.830679,5.29002,0.8,0,1
53776,bullet2,14.0158,6.53513,0.8,0,1
53777,flyer5,9,13.3261,-0.3,0,2
53778,player,0.402795,5.64486,-0.00341702,0.339625,1
53778,bullet4,4.95151,5.21488,0.8,0,1
53779,flyer2,16.5,11.7838,-0.3,0,2
53780,bullet6,4.83068,5.29002,0.8,0,1
53781,bullet1,1.28963,5.89741,0.8,0,1
53782,flyer5,7.5,13.3261,-0.3,0,2
53783,player,0.651024,6.25511,-0.306808,0.343767,1
53783,bullet4,8.95151,5.21488,0.8,0,1
53784,flyer2,15,11.7838,-0.3,0,2
53784,bullet5,0.91296,6.4098,0.8,0,1
53785,bullet6,8.83068,5.29002,0.8,0,1
53786,bullet1,5.28963,5.89741,0.8,0,1
53787,flyer5,5.99999,13.3261,-0.3,0,2
53788,player,0.4,6.53118,-0,0.00634347,1
53788,bullet4,12.9515,5.21488,0.8,0,1
53789,flyer2,13.5,11.7838,-0.3,0,2
53789,bullet5,4.91296,6.4098,0.8,0,1
53790,bullet6,12.8307,5.29002,0.8,0,1
53791,bullet1,9.28963,5.89741,0.8,0,1
53792,flyer5,4.49999,13.3261,-0.3,0,2
53793,player,0.988474,6.53628,0.0307547,0.000117055,1
53794,flyer2,12,11.7838,-0.3,0,2
53794,bullet5,8.91296,6.4098,0.8,0,1
53794,bullet3,1.40231,6.53633,0.8,0,1
53796,bullet1,13.2896,5.89741,0.8,0,1
53797,flyer5,2.99999,13.3261,-0.3,0,2
53797,bullet2,1.4126,6.04699,0.8,0,1
53798,player,1.01317,5.97865,0.00056751,-0.0683416,1
53799,flyer2,10.5,11.7838,-0.3,0,2
53799,bullet5,12.913,6.4098,0.8,0,1
53799,bullet3,5.40231,6.53633,0.8,0,1
53800,bullet4,0.613543,5.93406,-0.8,-6.99382e-08,1
53802,flyer5,1.49999,13.3261,-0.3,0,2
53802,bullet2,5.4126,6.04699,0.8,0,1
53803,player,0.676128,5.92377,-0.33749,-0.00126109,1
53804,flyer2,9,11.7838,-0.3,0,2
53804,bullet3,9.40231,6.53633,0.8,0,1
53804,bullet6,0.924258,5.9232,0.8,0,1
53806,bullet1,0.825162,5.92283,0.8,0,1
53807,flyer5,-6.4373e-06,13.3261,-0.3,0,2
53807,bullet2,9.41261,6.04699,0.8,0,1
53808,player,0.405096,5.92275,-0.00622763,-2.32707e-05,1
53809,flyer2,7.5,11.7838,-0.3,0,2
53809,bullet3,13.4023,6.53633,0.8,0,1
53809,bullet6,4.92426,5.9232,0.8,0,1
53811,bullet1,4.82516,5.92283,0.8,0,1
53812,bullet2,13.4126,6.04699,0.8,0,1
53813,player,0.4,6.02183,0,-0.121121,1
53813,bullet4,0.8,6.02183,0.8,0,1
53814,flyer2,5.99999,11.7838,-0.3,0,2
53814,bullet6,8.92426,5.9232,0.8,0,1
53816,bullet1,8.82516,5.92283,0.8,0,1
53816,bullet5,0.8,5.93177,0.8,0,1
53818,player,0.4,5.92456,0,-0.00223502,1
53818,bullet4,4.8,6.02183,0.8,0,1
53819,flyer2,4.49999,11.7838,-0.3,0,2
53819,bullet6,12.9243,5.9232,0.8,0,1
53821,bullet1,12.8252,5.92283,0.8,0,1
53821,bullet5,4.8,5.93177,0.8,0,1
53823,player,0.4,5.58527,0,-0.337541,1
53823,bullet4,8.8,6.02183,0.8,0,1
53824,flyer2,2.99999,11.7838,-0.3,0,2
53825,bullet3,0.8,5.36502,0.8,0,1
53826,bullet5,8.8,5.93177,0.8,0,1
53827,bullet2,0.8,5.32042,0.8,0,1
53828,player,0.4,5.31419,0,-0.00622859,1
53828,bullet4,12.8,6.02183,0.8,0,1
53829,flyer2,1.49999,11.7838,-0.3,0,2
53830,bullet3,4.8,5.36502,0.8,0,1
53831,bullet5,12.8,5.93177,0.8,0,1
53832,bullet2,4.8,5.32042,0.8,0,1
53833,player,0.4,5.79857,0,0.15176,1
53833,bullet6,0.8,5.79857,0.8,0,1
53834,flyer2,-6.4373e-06,11.7838,-0.3,0,2
53835,bullet3,8.8,5.36502,0.8,0,1
53836,bullet5,16.8,5.93177,0.8,0,1
53837,flyer4,16.5,13.3261,-0.3,0,2
53837,bullet2,8.8,5.32042,0.8,0,1
53838,player,0.988474,5.92044,0.0307547,0.0028004,1
53838,bullet6,4.8,5.79857,0.8,0,1
53840,bullet3,12.8,5.36502,0.8,0,1
53841,bullet1,0.121969,5.92252,-0.8,-6.99382e-08,1
53842,flyer4,15,13.3261,-0.3,0,2
53842,bullet2,12.8,5.32042,0.8,0,1
53843,player,0.424699,5.92269,-0.0301872,5.16753e-05,1
53843,bullet6,8.8,5.79857,0.8,0,1
53843,bullet4,0.824699,5.92269,0.8,0,1
53845,bullet5,0.805002,5.92272,0.8,0,1
53847,flyer4,13.5,13.3261,-0.3,0,2
53848,player,0.400456,5.70251,-0.000557038,0.269157,1
53848,bullet6,12.8,5.79857,0.8,0,1
53848,bullet4,4.8247,5.92269,0.8,0,1
53850,bullet5,4.805,5.92272,0.8,0,1
53851,bullet1,0.8,5.90266,0.8,0,1
53852,flyer4,12,13.3261,-0.3,0,2
53853,player,0.4,6.25617,-0,0.342467,1
53853,bullet4,8.8247,5.92269,0.8,0,1
53855,bullet5,8.805,5.92272,0.8,0,1
53855,bullet3,0.8,6.47963,0.8,0,1
53856,bullet1,4.8,5.90266,0.8,0,1
53857,flyer4,10.5,13.3261,-0.3,0,2
53858,player,0.4,6.5312,0,0.00631947,1
53858,bullet4,12.8247,5.92269,0.8,0,1
53860,bullet5,12.805,5.92272,0.8,0,1
53860,bullet3,4.8,6.47963,0.8,0,1
53861,bullet1,8.8,5.90266,0.8,0,1
53862,flyer4,9,13.3261,-0.3,0,2
53863,player,0.4,6.53627,0,0.000116612,1
53863,bullet2,0.8,6.53627,0.8,0,1
53865,bullet3,8.8,6.47963,0.8,0,1
53865,bullet6,0.8,6.53635,0.8,0,1
53866,bullet1,12.8,5.90266,0.8,0,1
53867,flyer4,7.5,13.3261,-0.3,0,2
53868,player,0.4,6.19887,-0,-0.337498,1
53868,bullet2,4.8,6.53627,0.8,0,1
53870,bullet3,12.8,6.47963,0.8,0,1
53870,bullet6,4.8,6.53635,0.8,0,1
53871,bullet4,1.35772,6.50562,0.8,0,1
53872,flyer4,5.99999,13.3261,-0.3,0,2
53873,player,1.00231,6.86764,0.0138396,0.345112,1
53873,bullet2,8.8,6.53627,0.8,0,1
53875,bullet6,8.8,6.53635,0.8,0,1
53876,bullet4,5.35772,6.50562,0.8,0,1
53877,flyer4,4.49999,13.3261,-0.3,0,2
53878,player,0.7375,7.70252,0.3375,0.074712,1
53878,bullet2,12.8,6.53627,0.8,0,1
53880,bullet6,12.8,6.53635,0.8,0,1
53881,bullet4,9.35772,6.50562,0.8,0,1
53881,bullet5,0.830755,8.31579,0.8,0,1
53882,flyer4,2.99999,13.3261,-0.3,0,2
53883,player,0.406228,8.8542,-0.00761179,0.167093,1
53885,flayer7,16.5,11.7838,-0.3,0,2
53886,bullet4,13.3577,6.50562,0.8,0,1
53886,bullet5,4.83075,8.31579,0.8,0,1
53887,flyer4,1.49999,13.3261,-0.3,0,2
53888,player,0.4,8.54361,0,-0.203296,1
53889,bullet1,0.8,8.45213,0.8,0,1
53890,flayer7,15,11.7838,-0.3,0,2
53891,bullet5,8.83076,8.31579,0.8,0,1
53892,flyer4,-6.4373e-06,13.3261,-0.3,0,2
53892,bullet3,1.28938,8.3841,0.8,0,1
53893,player,0.957719,8.38035,0.0683438,-0.00375138,1
53894,bullet1,4.8,8.45213,0.8,0,1
53894,bullet2,1.38847,8.37866,0.8,0,1
53895,flayer7,13.5,11.7838,-0.3,0,2
53896,bullet5,12.8308,8.31579,0.8,0,1
53897,bullet3,5.28938,8.3841,0.8,0,1
53898,player,0.675105,7.45136,-0.336239,-0.368324,1
53899,bullet1,8.8,8.45213,0.8,0,1
53899,bullet2,5.38847,8.37866,0.8,0,1
53900,flayer7,12,11.7838,-0.3,0,2
53902,bullet3,9.28938,8.3841,0.8,0,1
53902,bullet6,0.811281,7.16237,0.8,0,1
53903,player,0.742577,6.81807,0.331295,-0.344297,1
53904,bullet1,12.8,8.45213,0.8,0,1
53904,bullet2,9.38847,8.37866,0.8,0,1
53905,flayer7,10.5,11.7838,-0.3,0,2
53907,bullet3,13.2894,8.3841,0.8,0,1
53907,bullet6,4.81128,7.16237,0.8,0,1
53908,player,1.00863,6.54157,0.00611333,-0.00635324,1
53909,bullet2,13.3885,8.37866,0.8,0,1
53910,flayer7,9,11.7838,-0.3,0,2
53910,bullet4,1.41262,6.53742,0.8,0,1
53911,bullet5,1.41318,6.53684,0.8,0,1
53912,bullet6,8.81128,7.16237,0.8,0,1
53913,player,1.01354,6.19896,0.000112808,-0.337617,1
53915,flayer7,7.5,11.7838,-0.3,0,2
53915,bullet4,5.41262,6.53742,0.8,0,1
53915,bullet1,1.41362,5.97867,0.8,0,1
53916,bullet5,5.41318,6.53684,0.8,0,1
53917,bullet6,12.8113,7.16237,0.8,0,1
53918,player,0.676135,6.26533,-0.337498,0.33127,1
53920,flayer7,5.99999,11.7838,-0.3,0,2
53920,bullet4,9.41262,6.53742,0.8,0,1
53920,bullet1,5.41362,5.97867,0.8,0,1
53921,bullet5,9.41318,6.53684,0.8,0,1
53923,player,0.435851,7.67756,-0.0438168,0.105211,1
53923,bullet3,0.835851,7.67756,0.8,0,1
53925,flayer7,4.49999,11.7838,-0.3,0,2
53925,bullet4,13.4126,6.53742,0.8,0,1
53925,bullet1,9.41362,5.97867,0.8,0,1
53926,bullet5,13.4132,6.53684,0.8,0,1
53928,player,0.400662,7.76205,-0.000808544,0.00194144,1
53928,bullet3,4.83585,7.67756,0.8,0,1
53929,bullet2,0.000298262,7.76293,-0.8,-6.99382e-08,1
53930,flayer7,2.99999,11.7838,-0.3,0,2
53930,flyer6,16.5,11.7838,-0.293386,-0.0626484,2
53930,bullet1,13.4136,5.97867,0.8,0,1
53930,bullet6,0.800135,7.76332,0.8,0,1
53932,bullet4,0.800028,7.76358,0.8,0,1
53933,player,0.400013,7.76361,-1.49199e-05,3.58251e-05,1
53933,bullet3,8.83585,7.67756,0.8,0,1
53935,flayer7,1.49999,11.7838,-0.3,0,2
53935,flyer6,15.0331,11.4706,-0.293386,-0.0626484,2
53935,bullet6,4.80013,7.76332,0.8,0,1
53936,bullet5,1.35772,7.76364,0.8,0,1
53937,bullet4,4.80003,7.76358,0.8,0,1
53938,player,1.49169,7.76364,0.165714,6.61074e-07,1
53938,bullet3,12.8359,7.67756,0.8,0,1
53940,flayer7,-6.4373e-06,11.7838,-0.3,0,2
53940,flyer6,13.5661,11.1573,-0.293386,-0.0626484,2
53940,bullet6,8.80014,7.76332,0.8,0,1
53941,bullet5,5.35772,7.76364,0.8,0,1
53942,bullet4,8.80003,7.76358,0.8,0,1
53943,player,1.17433,7.28811,-0.196407,-0.16879,1
53945,flyer6,12.0992,10.8441,-0.293386,-0.0626484,2
53945,bullet6,12.8001,7.76332,0.8,0,1
53946,bullet5,9.35772,7.76364,0.8,0,1
53947,bullet4,12.8,7.76358,0.8,0,1
53948,player,0.4,6.22658,-0,-0.371369,1
53950,flyer6,10.6323,10.5308,-0.293386,-0.0626484,2
53950,flyer3,16.5,11.7838,-0.3,0,2
53950,bullet2,0.8,5.98426,0.8,0,1
53951,bullet5,13.3577,7.76364,0.8,0,1
53952,bullet1,0.8,5.93519,0.8,0,1
53953,player,0.4,6.26584,-0,0.330647,1
53955,flyer6,9.16536,10.2176,-0.293386,-0.0626484,2
53955,flyer3,15,11.7838,-0.3,0,2
53955,bullet2,4.8,5.98426,0.8,0,1
53955,bullet3,0.8,6.48159,0.8,0,1
53956,bullet6,0.8,6.51172,0.8,0,1
53957,bullet1,4.8,5.93519,0.8,0,1
53958,player,0.4,6.53138,0,0.00610137,1
53960,flyer6,7.69843,9.90433,-0.293386,-0.0626484,2
53960,flyer3,13.5,11.7838,-0.3,0,2
53960,bullet2,8.8,5.98426,0.8,0,1
53960,bullet3,4.8,6.48159,0.8,0,1
53961,bullet6,4.8,6.51172,0.8,0,1
53962,bullet1,8.8,5.93519,0.8,0,1
53963,player,0.4,6.64922,0,-0.137923,1
53965,flyer6,6.23151,9.59109,-0.293386,-0.0626484,2
53965,flyer3,12,11.7838,-0.3,0,2
53965,bullet2,12.8,5.98426,0.8,0,1
53965,bullet3,8.8,6.48159,0.8,0,1
53966,bullet6,8.8,6.51172,0.8,0,1
53967,bullet1,12.8,5.93519,0.8,0,1
53968,player,0.7375,7.09617,0.3375,0.0657987,1
53970,flyer6,4.76458,9.27784,-0.293386,-0.0626484,2
53970,flyer3,10.5,11.7838,-0.3,0,2
53970,bullet3,12.8,6.48159,0.8,0,1
53970,bullet4,1.35772,7.1391,0.8,0,1
53971,bullet6,12.8,6.51172,0.8,0,1
53973,player,1.00854,7.63839,0.00622782,0.153089,1
53975,flyer6,3.29765,8.9646,-0.293386,-0.0626484,2
53975,flyer3,9,11.7838,-0.3,0,2
53975,bullet4,5.35772,7.1391,0.8,0,1
53975,bullet5,1.4126,7.73828,0.8,0,1
53976,bullet2,1.41317,7.75223,0.8,0,1
53978,player,0.676043,7.76133,-0.337385,0.00282493,1
53980,flyer6,1.83072,8.65136,-0.293386,-0.0626484,2
53980,flyer3,7.5,11.7838,-0.3,0,2
53980,bullet4,9.35772,7.1391,0.8,0,1
53980,bullet5,5.4126,7.73828,0.8,0,1
53981,bullet2,5.41317,7.75223,0.8,0,1
53982,bullet1,0.8,7.20583,0.8,0,1
53983,player,0.4,7.17513,0,-0.0307026,1
53985,flyer6,0.363793,8.33811,-0.293386,-0.0626484,2
53985,flyer3,5.99999,11.7838,-0.3,0,2
53985,bullet4,13.3577,7.1391,0.8,0,1
53985,bullet5,9.41261,7.73828,0.8,0,1
