78853,player,3.07399,6.45664,-0.3375,-0.3375,1
78854,bullet1,3.32212,6.30477,0.8,0,1
78858,player,2.92407,4.80101,-0.154264,-0.563947,1
78859,bullet1,7.32212,6.30477,0.8,0,1
78861,bullet2,2.71998,3.82392,0.8,0,1
78862,bullet3,2.64531,3.77004,0.8,0,1
78863,player,2.21171,4.0833,-0.0336013,0.313254,1
78864,flyer1,16.5,6.84099,-0.249742,0.16622,2
78864,bullet1,11.3221,6.30477,0.8,0,1
78865,bullet4,2.10041,4.2877,0.8,0,1
78866,bullet2,6.71998,3.82392,0.8,0,1
78867,bullet3,6.64531,3.77004,0.8,0,1
78868,player,1.0247,4.89259,-0.0828034,0.0741242,1
78869,flyer1,15.2513,7.67209,-0.249742,0.16622,2
78869,bullet1,15.3221,6.30477,0.8,0,1
78870,bullet4,6.10041,4.2877,0.8,0,1
78871,bullet2,10.72,3.82392,0.8,0,1
78872,bullet3,10.6453,3.77004,0.8,0,1
78873,player,0.396158,6.11215,-0.00384189,0.0835512,1
78873,bullet5,0.796158,6.11215,0.8,0,1
78874,flyer1,14.0026,8.50319,-0.249742,0.16622,2
78875,bullet4,10.1004,4.2877,0.8,0,1
78876,bullet2,14.72,3.82392,0.8,0,1
78877,bullet3,14.6453,3.77004,0.8,0,1
78878,player,0.995386,6.88065,0.0137687,-0.105739,1
78878,bullet5,4.79616,6.11215,0.8,0,1
78879,flyer1,12.7539,9.33429,-0.249742,0.16622,2
78879,bullet6,1.40158,6.83307,0.8,0,1
78880,bullet4,14.1004,4.2877,0.8,0,1
78883,player,0.486314,6.33712,-0.114032,-0.191415,1
78883,bullet5,8.79616,6.11215,0.8,0,1
78883,bullet1,0.886314,6.33712,0.8,0,1
78884,flyer1,11.5052,10.1654,-0.249742,0.16622,2
78884,bullet6,5.40158,6.83307,0.8,0,1
78887,bullet2,1.38531,6.74464,0.8,0,1
78888,player,0.99705,6.77186,0.0117354,0.0272225,1
78888,bullet5,12.7962,6.11215,0.8,0,1
78888,bullet1,4.88631,6.33712,0.8,0,1
78889,flyer1,10.2565,10.9965,-0.249742,0.16622,2
78889,bullet6,9.40158,6.83307,0.8,0,1
78892,bullet2,5.38531,6.74464,0.8,0,1
78893,player,0.62438,7.73354,-0.282779,0.351842,1
78893,bullet1,8.88631,6.33712,0.8,0,1
78894,flyer1,9.00775,11.8276,-0.249742,0.16622,2
78894,bullet6,13.4016,6.83307,0.8,0,1
78897,bullet2,9.38531,6.74464,0.8,0,1
78897,bullet3,0.901601,6.37404,0.8,0,1
78898,player,0.779379,5.93009,0.277778,-0.443946,1
78898,bullet1,12.8863,6.33712,0.8,0,1
78899,flyer1,7.75904,12.6587,-0.249742,0.16622,2
78902,bullet2,13.3853,6.74464,0.8,0,1
78902,bullet3,4.9016,6.37404,0.8,0,1
78903,player,0.551875,5.29057,-0.185625,-0.412308,1
78903,flyer2,16.5,11.6368,-0.246473,0.17103,2
78904,flyer1,6.51034,13.4898,-0.249742,0.16622,2
78906,flyer3,16.5,11.6368,-0.3,0,2
78907,bullet3,8.9016,6.37404,0.8,0,1
78908,player,0.4,4.91486,-0,0.0468959,1
78908,flyer2,15.2676,12.4919,-0.246473,0.17103,2
78908,bullet4,0.8,4.91486,0.8,0,1
78909,flyer1,5.26163,14.3209,-0.249742,0.16622,2
78909,bullet5,0.8,4.93596,0.8,0,1
78911,flyer3,15,11.6368,-0.3,0,2
78912,bullet3,12.9016,6.37404,0.8,0,1
78912,bullet6,0.8,4.88331,0.8,0,1
78913,player,0.7375,4.92177,0.3375,0.0384544,1
78913,flyer2,14.0353,13.3471,-0.246473,0.17103,2
78913,bullet4,4.8,4.91486,0.8,0,1
78914,flyer1,4.01292,15.152,-0.249742,0.16622,2
78914,bullet5,4.8,4.93596,0.8,0,1
78916,flyer3,13.5,11.6368,-0.3,0,2
78917,bullet6,4.8,4.88331,0.8,0,1
78917,bullet1,1.40231,4.95194,0.8,0,1
78918,player,1.34604,4.61515,0.343728,-0.33679,1
78918,flyer2,12.8029,14.2022,-0.246473,0.17103,2
78918,bullet4,8.8,4.91486,0.8,0,1
78919,flyer1,2.76421,15.9831,-0.249742,0.16622,2
78919,bullet5,8.8,4.93596,0.8,0,1
78921,flyer3,12,11.6368,-0.3,0,2
78922,bullet6,8.8,4.88331,0.8,0,1
78922,bullet1,5.40231,4.95194,0.8,0,1
78923,player,1.25383,4.34468,-0.293568,-0.00621473,1
78923,flyer2,11.5706,15.0574,-0.246473,0.17103,2
78923,bullet4,12.8,4.91486,0.8,0,1
78924,bullet5,12.8,4.93596,0.8,0,1
78926,flyer3,10.5,11.6368,-0.3,0,2
78927,bullet6,12.8,4.88331,0.8,0,1
78927,bullet1,9.40231,4.95194,0.8,0,1
78928,player,1.01807,4.33969,-0.00541716,-0.000114679,1
78928,flyer2,10.3382,15.9125,-0.246473,0.17103,2
78929,bullet2,1.41563,4.33964,0.8,0,1
78931,flyer3,9,11.6368,-0.3,0,2
78932,bullet6,16.8,4.88331,0.8,0,1
78932,bullet1,13.4023,4.95194,0.8,0,1
78933,player,1.60219,3.75113,0.0306547,-0.0307568,1
78933,flyer4,16.5,11.6368,-0.3,0,2
78933,bullet3,2.00219,3.75113,0.8,0,1
78934,bullet2,5.41563,4.33964,0.8,0,1
78936,flyer3,7.5,11.6368,-0.3,0,2
78938,player,1.62681,3.69567,0.000565666,0.0370215,1
78938,flyer4,15,11.6368,-0.3,0,2
78938,bullet3,6.00219,3.75113,0.8,0,1
78939,bullet2,9.41563,4.33964,0.8,0,1
78939,bullet4,2.02706,3.71233,0.8,0,1
78941,flyer3,5.99999,11.6368,-0.3,0,2
78942,bullet5,2.58497,4.28244,0.8,0,1
78943,player,2.21574,4.31387,0.0307651,0.0314378,1
78943,flyer4,13.5,11.6368,-0.3,0,2
78943,bullet3,10.0022,3.75113,0.8,0,1
78944,bullet2,13.4156,4.33964,0.8,0,1
78944,bullet4,6.02706,3.71233,0.8,0,1
78946,flyer3,4.49999,11.6368,-0.3,0,2
78947,bullet5,6.58497,4.28244,0.8,0,1
78948,player,2.82892,4.33912,0.0313224,0.000580117,1
78948,flyer4,12,11.6368,-0.3,0,2
78948,bullet3,14.0022,3.75113,0.8,0,1
78948,bullet6,3.22892,4.33912,0.8,0,1
78949,bullet4,10.0271,3.71233,0.8,0,1
78951,flyer3,2.99999,11.6368,-0.3,0,2
78952,bullet5,10.585,4.28244,0.8,0,1
78953,player,2.51657,5.16646,-0.336922,0.489386,1
78953,flyer4,10.5,11.6368,-0.3,0,2
78953,bullet6,7.22892,4.33912,0.8,0,1
78954,bullet4,14.0271,3.71233,0.8,0,1
78955,bullet1,2.69673,5.48579,0.8,0,1
78956,flyer3,1.49999,11.6368,-0.3,0,2
78957,bullet5,14.585,4.28244,0.8,0,1
78958,player,2.246,6.1172,-0.00621716,0.0773743,1
78958,flyer4,9,11.6368,-0.3,0,2
78958,bullet6,11.2289,4.33912,0.8,0,1
78958,bullet2,2.646,6.1172,0.8,0,1
78960,bullet1,6.69673,5.48579,0.8,0,1
78960,bullet3,2.64194,6.16769,0.8,0,1
78961,flyer3,-6.4373e-06,11.6368,-0.3,0,2
78963,player,2.241,5.35247,-0.000114724,-0.487947,1
78963,flyer4,7.5,11.6368,-0.3,0,2
78963,bullet6,15.2289,4.33912,0.8,0,1
78963,bullet2,6.646,6.1172,0.8,0,1
78965,bullet1,10.6967,5.48579,0.8,0,1
78965,bullet3,6.64194,6.16769,0.8,0,1
78965,bullet4,2.64093,5.03408,0.8,0,1
78968,player,2.24091,4.9606,-2.11698e-06,-0.009004,1
78968,flyer4,5.99999,11.6368,-0.3,0,2
78968,bullet2,10.646,6.1172,0.8,0,1
78970,bullet1,14.6967,5.48579,0.8,0,1
78970,bullet3,10.6419,6.16769,0.8,0,1
78970,bullet4,6.64093,5.03408,0.8,0,1
78973,player,3.288,4.4194,0.220219,-0.097537,1
78973,flyer4,4.49999,11.6368,-0.3,0,2
78973,bullet2,14.646,6.1172,0.8,0,1
78974,bullet5,3.7871,4.37551,0.8,0,1
78975,bullet3,14.6419,6.16769,0.8,0,1
78975,bullet4,10.6409,5.03408,0.8,0,1
78978,player,2.90714,3.78335,-0.0642801,-0.0701436,1
78978,flyer4,2.99999,11.6368,-0.3,0,2
78978,flyer5,16.5,11.6368,-0.295518,0.0516611,2
78978,bullet6,3.30714,3.78335,0.8,0,1
78979,bullet5,7.7871,4.37551,0.8,0,1
78980,bullet4,14.6409,5.03408,0.8,0,1
78981,bullet1,3.81706,3.73119,0.8,0,1
78983,player,3.94721,4.2164,0.164528,0.150581,1
78983,flyer4,1.49999,11.6368,-0.3,0,2
78983,flyer5,15.0224,11.8951,-0.295518,0.0516611,2
78983,bullet6,7.30714,3.78335,0.8,0,1
78984,bullet5,11.7871,4.37551,0.8,0,1
78986,bullet1,7.81706,3.73119,0.8,0,1
78988,player,3.58996,2.65717,-0.148839,-0.193691,1
78988,flyer4,-6.4373e-06,11.6368,-0.3,0,2
78988,flyer5,13.5448,12.1534,-0.295518,0.0516611,2
78988,bullet6,11.3071,3.78335,0.8,0,1
78989,bullet5,15.7871,4.37551,0.8,0,1
78991,flyer6,16.5,11.6368,-0.285648,0.0916812,2
78991,bullet1,11.8171,3.73119,0.8,0,1
78992,bullet2,2.79533,2.60429,0.8,0,1
78993,player,2.3104,2.54621,-0.0849299,-0.0580783,1
78993,flyer5,12.0672,12.4117,-0.295518,0.0516611,2
78993,bullet6,15.3071,3.78335,0.8,0,1
78994,bullet3,2.67218,2.52008,0.8,0,1
78996,flyer6,15.0718,12.0952,-0.285648,0.0916812,2
78996,bullet1,15.8171,3.73119,0.8,0,1
78997,bullet2,6.79533,2.60429,0.8,0,1
78998,player,1.90469,3.91492,-0.339067,0.519058,1
78998,flyer5,10.5896,12.67,-0.295518,0.0516611,2
78999,bullet3,6.67218,2.52008,0.8,0,1
79001,flyer6,13.6435,12.5536,-0.285648,0.0916812,2
79002,bullet2,10.7953,2.60429,0.8,0,1
79002,bullet4,1.54927,4.81156,0.8,0,1
79003,player,1.07467,4.88949,-0.0746005,0.0779218,1
79003,flyer5,9.11203,12.9283,-0.295518,0.0516611,2
79004,bullet3,10.6722,2.52008,0.8,0,1
79005,bullet5,0.936622,5.4297,0.8,0,1
79006,flyer6,12.2153,13.012,-0.285648,0.0916812,2
79007,bullet2,14.7953,2.60429,0.8,0,1
79007,bullet4,5.54927,4.81156,0.8,0,1
79008,player,1.23933,5.55438,0.474159,0.0152775,1
79008,flyer5,7.63443,13.1866,-0.295518,0.0516611,2
79009,bullet3,14.6722,2.52008,0.8,0,1
79010,bullet5,4.93662,5.4297,0.8,0,1
79010,bullet6,1.94871,5.56435,0.8,0,1
79011,flyer6,10.7871,13.4704,-0.285648,0.0916812,2
79012,bullet4,9.54928,4.81156,0.8,0,1
79013,player,1.62011,5.00893,0.00874956,-0.0680618,1
79013,flyer5,6.15684,13.445,-0.295518,0.0516611,2
79013,bullet1,2.02011,5.00893,0.8,0,1
79015,bullet5,8.93662,5.4297,0.8,0,1
79015,bullet6,5.94871,5.56435,0.8,0,1
79016,flyer6,9.35881,13.9288,-0.285648,0.0916812,2
79017,bullet4,13.5493,4.81156,0.8,0,1
79018,player,2.21562,4.36579,0.0309161,-0.0320106,1
79018,flyer5,4.67925,13.7033,-0.295518,0.0516611,2
79018,bullet1,6.02011,5.00893,0.8,0,1
79020,bullet5,12.9366,5.4297,0.8,0,1
79020,bullet6,9.94872,5.56435,0.8,0,1
79021,flyer6,7.93058,14.3872,-0.285648,0.0916812,2
79021,bullet2,2.63861,4.34199,0.8,0,1
79023,player,2.24044,4.34009,0.00057049,-0.000590686,1
79023,flyer5,3.20166,13.9616,-0.295518,0.0516611,2
79023,bullet1,10.0201,5.00893,0.8,0,1
79025,bullet6,13.9487,5.56435,0.8,0,1
79026,flyer6,6.50234,14.8457,-0.285648,0.0916812,2
79026,bullet2,6.63861,4.34199,0.8,0,1
79026,bullet3,3.19859,3.78193,0.8,0,1
79028,player,2.84321,3.7373,0.0138501,-0.0138505,1
79028,flyer5,1.72407,14.2199,-0.295518,0.0516611,2
79028,bullet1,14.0201,5.00893,0.8,0,1
79031,flyer6,5.0741,15.3041,-0.285648,0.0916812,2
79031,bullet2,10.6386,4.34199,0.8,0,1
79031,bullet3,7.19859,3.78193,0.8,0,1
79033,player,3.19184,3.38868,0.337756,-0.337756,1
79033,flyer5,0.246475,14.4782,-0.295518,0.0516611,2
79036,flyer6,3.64587,15.7625,-0.285648,0.0916812,2
79036,flayer7,16.5,6.24731,-0.240471,-0.17937,2
79036,bullet2,14.6386,4.34199,0.8,0,1
79036,bullet3,11.1986,3.78193,0.8,0,1
79037,bullet4,4.34622,2.04582,0.8,0,1
79038,player,4.0208,1.9574,0.0745763,-0.0884159,1
79040,bullet5,3.98009,2.38908,0.8,0,1
79041,flyer6,2.21763,16.2209,-0.285648,0.0916812,2
79041,flayer7,15.2976,5.35046,-0.240471,-0.17937,2
79041,bullet3,15.1986,3.78193,0.8,0,1
79042,bullet4,8.34623,2.04582,0.8,0,1
79042,bullet6,3.89084,2.4765,0.8,0,1
79043,player,3.47838,2.48871,-0.0124635,0.0122081,1
79044,bullet1,3.87277,2.4942,0.8,0,1
79045,bullet5,7.98009,2.38908,0.8,0,1
79046,flayer7,14.0953,4.45361,-0.240471,-0.17937,2
79047,bullet4,12.3462,2.04582,0.8,0,1
79047,bullet6,7.89084,2.4765,0.8,0,1
79048,player,3.46837,2.49851,-0.000229986,0.000225274,1
79049,bullet1,7.87277,2.4942,0.8,0,1
79050,bullet5,11.9801,2.38908,0.8,0,1
79051,flayer7,12.8929,3.55676,-0.240471,-0.17937,2
79052,bullet4,16.3462,2.04582,0.8,0,1
79052,bullet6,11.8908,2.4765,0.8,0,1
79053,player,3.46818,2.49869,-4.24389e-06,4.15693e-06,1
79053,bullet2,3.86819,2.49869,0.8,0,1
79054,bullet1,11.8728,2.4942,0.8,0,1
79055,bullet5,15.9801,2.38908,0.8,0,1
79055,bullet3,3.06818,2.4987,-0.8,-6.99382e-08,1
79056,bullet4,3.86818,2.4987,0.8,0,1
79058,player,3.46818,2.4987,-7.83117e-08,7.67071e-08,1
79058,bullet2,7.86819,2.49869,0.8,0,1
79058,bullet6,3.86818,2.4987,0.8,0,1
79060,bullet3,-0.931818,2.4987,-0.8,-6.99382e-08,1
79061,flayer8,16.5,6.24731,-0.298356,-0.0313605,2
79061,bullet4,7.86818,2.4987,0.8,0,1
79063,player,3.46818,2.4987,-1.44507e-09,1.41546e-09,1
79063,bullet2,11.8682,2.49869,0.8,0,1
79063,bullet6,7.86818,2.4987,0.8,0,1
79065,bullet5,3.86818,2.4987,0.8,0,1
79066,flayer8,15.0082,6.09051,-0.298356,-0.0313605,2
79066,bullet4,11.8682,2.4987,0.8,0,1
79068,player,3.46818,2.1612,-2.66656e-11,-0.3375,1
79068,bullet2,15.8682,2.49869,0.8,0,1
79068,bullet6,11.8682,2.4987,0.8,0,1
79069,bullet1,3.06818,2.00932,-0.8,-6.99382e-08,1
79070,bullet5,7.86818,2.4987,0.8,0,1
79071,flayer8,13.5164,5.9337,-0.298356,-0.0313605,2
79071,bullet4,15.8682,2.4987,0.8,0,1
79073,player,3.46818,2.78538,-4.92056e-13,0.399616,1
79073,bullet6,15.8682,2.4987,0.8,0,1
79074,flyer1,16.5,6.24731,-0.255733,0.156846,2
79074,flyer2,16.5,6.24731,-0.297981,0.0347505,2
79075,bullet5,11.8682,2.4987,0.8,0,1
79076,flayer8,12.0247,5.7769,-0.298356,-0.0313605,2
79078,player,4.0259,2.54858,0.0683438,-0.0609697,1
79078,bullet3,4.4259,2.54858,0.8,0,1
79079,flyer1,15.2213,7.03154,-0.255733,0.156846,2
79079,flyer2,15.0101,6.42106,-0.297981,0.0347505,2
79080,bullet5,15.8682,2.4987,0.8,0,1
79081,flayer8,10.5329,5.6201,-0.298356,-0.0313605,2
79081,bullet2,4.47672,2.50324,0.8,0,1
79083,player,4.08078,2.49962,0.00126113,-0.00112506,1
79083,bullet3,8.4259,2.54858,0.8,0,1
79084,flyer1,13.9427,7.81576,-0.255733,0.156846,2
79084,flyer2,13.5202,6.59481,-0.297981,0.0347505,2
79086,flayer8,9.0411,5.46329,-0.298356,-0.0313605,2
79086,bullet2,8.47672,2.50324,0.8,0,1
79088,player,2.59811,3.05643,-0.436575,0.068323,1
79088,bullet3,12.4259,2.54858,0.8,0,1
79089,flyer1,12.664,8.59999,-0.255733,0.156846,2
79089,flyer2,12.0303,6.76857,-0.297981,0.0347505,2
79091,flayer8,7.54932,5.30649,-0.298356,-0.0313605,2
79091,bullet2,12.4767,2.50324,0.8,0,1
79091,bullet4,1.31574,3.66496,-0.8,-6.99382e-08,1
79092,bullet6,2.06708,3.69851,0.8,0,1
79093,player,1.64519,3.71361,-0.0218957,0.0151004,1
79094,flyer1,11.3853,9.38422,-0.255733,0.156846,2
79094,flyer2,10.5404,6.94232,-0.297981,0.0347505,2
79094,bullet1,2.03533,3.72041,0.8,0,1
79096,flayer8,6.05753,5.14969,-0.298356,-0.0313605,2
79097,bullet6,6.06708,3.69851,0.8,0,1
79098,player,0.549755,4.31421,-0.183034,0.0310333,1
79099,flyer1,10.1067,10.1685,-0.255733,0.156846,2
79099,flyer2,9.05049,7.11607,-0.297981,0.0347505,2
79099,bullet1,6.03533,3.72041,0.8,0,1
79101,flayer8,4.56575,4.99288,-0.298356,-0.0313605,2
79101,bullet5,0.813646,4.89501,0.8,0,1
79102,bullet6,10.0671,3.69851,0.8,0,1
79102,bullet3,0.806141,4.92704,0.8,0,1
79103,player,0.402763,4.94145,-0.00337749,0.0144123,1
79104,flyer1,8.828,10.9527,-0.255733,0.156846,2
79104,flyer2,7.56059,7.28982,-0.297981,0.0347505,2
79104,bullet1,10.0353,3.72041,0.8,0,1
79104,bullet4,0.801243,4.94793,0.8,0,1
79107,bullet6,14.0671,3.69851,0.8,0,1
79107,bullet2,0.800113,4.39504,0.8,0,1
79108,player,0.400051,4.36455,-6.23241e-05,-0.0304887,1
79109,flyer1,7.54933,11.7369,-0.255733,0.156846,2
79109,flyer2,6.07069,7.46357,-0.297981,0.0347505,2
79109,bullet1,14.0353,3.72041,0.8,0,1
79109,bullet4,4.80124,4.94793,0.8,0,1
79111,bullet5,0.800004,4.34188,0.8,0,1
79112,bullet2,4.80011,4.39504,0.8,0,1
79113,player,0.400001,4.34006,-1.15006e-06,-0.000562603,1
79114,flyer1,6.27066,12.5211,-0.255733,0.156846,2
79114,flyer2,4.58079,7.63733,-0.297981,0.0347505,2
79114,bullet4,8.80124,4.94793,0.8,0,1
79114,bullet3,0.8,4.33981,0.8,0,1
79116,bullet5,4.8,4.34188,0.8,0,1
79117,bullet2,8.80011,4.39504,0.8,0,1
79118,player,0.4,4.33961,-2.12218e-08,-1.03816e-05,1
79119,flyer1,4.992,13.3054,-0.255733,0.156846,2
79119,flyer2,3.09088,7.81108,-0.297981,0.0347505,2
79119,bullet4,12.8012,4.94793,0.8,0,1
79119,bullet3,4.8,4.33981,0.8,0,1
79121,bullet5,8.8,4.34188,0.8,0,1
79122,bullet2,12.8001,4.39504,0.8,0,1
79123,player,0.4,4.89732,0,0.0683436,1
79124,flyer1,3.71333,14.0896,-0.255733,0.156846,2
79124,flyer2,1.60098,7.98483,-0.297981,0.0347505,2
79124,bullet3,8.8,4.33981,0.8,0,1
79126,bullet5,12.8,4.34188,0.8,0,1
79128,player,1.22688,5.40265,0.489375,0.200726,1
79129,flyer1,2.43467,14.8738,-0.255733,0.156846,2
79129,flyer2,0.111079,8.15859,-0.297981,0.0347505,2
79129,bullet3,12.8,4.33981,0.8,0,1
79131,flyer3,16.5,12.4753,-0.3,0,2
79132,flyer4,16.5,12.4753,-0.3,0,2
79133,player,2.1776,5.56384,0.0773741,0.00370395,1
79133,bullet6,2.5776,5.56384,0.8,0,1
79134,flyer1,1.156,15.6581,-0.255733,0.156846,2
79136,flyer3,15,12.4753,-0.3,0,2
79137,flyer4,15,12.4753,-0.3,0,2
79138,player,1.68202,5.52223,-0.066916,0.0545725,1
79138,bullet6,6.5776,5.56384,0.8,0,1
79138,bullet1,2.08202,5.52223,0.8,0,1
79139,flyer1,-0.122665,16.4423,-0.255733,0.156846,2
79140,bullet4,2.03836,5.55783,0.8,0,1
79141,flyer3,13.5,12.4753,-0.3,0,2
79141,bullet2,2.03226,5.56281,0.8,0,1
79142,flyer4,13.5,12.4753,-0.3,0,2
79143,player,1.62828,5.56605,-0.00123479,0.00100702,1
79143,bullet6,10.5776,5.56384,0.8,0,1
79143,bullet1,6.08202,5.52223,0.8,0,1
79145,bullet4,6.03836,5.55783,0.8,0,1
79146,flyer3,12,12.4753,-0.3,0,2
79146,bullet2,6.03226,5.56281,0.8,0,1
79147,flyer4,12,12.4753,-0.3,0,2
79148,player,1.36248,6.50667,0.323638,0.351358,1
79148,bullet6,14.5776,5.56384,0.8,0,1
79148,bullet1,10.082,5.52223,0.8,0,1
79150,bullet4,10.0384,5.55783,0.8,0,1
79151,flyer3,10.5,12.4753,-0.3,0,2
79151,bullet2,10.0323,5.56281,0.8,0,1
79151,bullet5,1.20314,6.76795,-0.8,-6.99382e-08,1
79152,flyer4,10.5,12.4753,-0.3,0,2
79153,player,1.62239,6.78884,0.00597202,0.00648355,1
79153,bullet1,14.082,5.52223,0.8,0,1
79155,bullet4,14.0384,5.55783,0.8,0,1
79156,flyer3,9,12.4753,-0.3,0,2
79156,bullet2,14.0323,5.56281,0.8,0,1
79157,flyer4,9,12.4753,-0.3,0,2
79158,player,1.55884,7.28343,0.0836414,0.151995,1
79158,flyer5,16.5,12.4753,-0.3,0,2
79159,flyer6,16.5,12.4753,-0.3,0,2
79160,bullet3,2.01342,7.3826,0.8,0,1
79161,flyer3,7.5,12.4753,-0.3,0,2
79162,flyer4,7.5,12.4753,-0.3,0,2
79163,player,1.84623,7.74299,-0.267613,0.340305,1
79163,flyer5,15,12.4753,-0.3,0,2
79164,flyer6,15,12.4753,-0.3,0,2
79164,bullet6,2.1258,7.89613,0.8,0,1
79165,bullet3,6.01342,7.3826,0.8,0,1
79166,flyer3,5.99999,12.4753,-0.3,0,2
79167,flyer4,5.99999,12.4753,-0.3,0,2
79167,bullet5,2.03625,8.01001,0.8,0,1
79168,player,1.63131,8.01628,-0.00493821,0.00627958,1
79168,flyer5,13.5,12.4753,-0.3,0,2
79169,flyer6,13.5,12.4753,-0.3,0,2
79169,bullet6,6.1258,7.89613,0.8,0,1
79169,bullet1,2.02909,8.01911,0.8,0,1
79170,bullet3,10.0134,7.3826,0.8,0,1
79171,flyer3,4.49999,12.4753,-0.3,0,2
79172,flyer4,4.49999,12.4753,-0.3,0,2
79172,bullet5,6.03625,8.01001,0.8,0,1
79173,player,2.21582,8.02133,0.0306636,0.000115876,1
79173,flyer5,12,12.4753,-0.3,0,2
79174,flyer6,12,12.4753,-0.3,0,2
79174,bullet6,10.1258,7.89613,0.8,0,1
79174,bullet1,6.02909,8.01911,0.8,0,1
79175,bullet3,14.0134,7.3826,0.8,0,1
79176,flyer3,2.99999,12.4753,-0.3,0,2
79177,flyer4,2.99999,12.4753,-0.3,0,2
79177,bullet5,10.0363,8.01001,0.8,0,1
79178,player,2.24045,8.02142,0.000565829,2.13824e-06,1
79178,flyer5,10.5,12.4753,-0.3,0,2
79179,flyer6,10.5,12.4753,-0.3,0,2
79179,bullet6,14.1258,7.89613,0.8,0,1
79179,bullet1,10.0291,8.01911,0.8,0,1
79180,bullet4,2.15144,7.53205,0.8,0,1
79181,flyer3,1.49999,12.4753,-0.3,0,2
79182,flyer4,1.49999,12.4753,-0.3,0,2
79182,bullet5,14.0363,8.01001,0.8,0,1
79182,bullet2,2.05242,7.43295,0.8,0,1
79183,player,1.63859,7.41911,-0.0138292,-0.0138396,1
79183,flyer5,9,12.4753,-0.3,0,2
79184,flyer6,9,12.4753,-0.3,0,2
79184,bullet1,14.0291,8.01911,0.8,0,1
79185,bullet4,6.15144,7.53205,0.8,0,1
79186,flyer3,-6.4373e-06,12.4753,-0.3,0,2
79187,flyer4,-6.4373e-06,12.4753,-0.3,0,2
79187,bullet2,6.05242,7.43295,0.8,0,1
79188,player,2.5227,6.2618,0.405589,-0.0993538,1
79188,flyer5,7.5,12.4753,-0.3,0,2
79189,flyer6,7.5,12.4753,-0.3,0,2
79190,bullet4,10.1514,7.53205,0.8,0,1
79190,bullet3,3.18735,6.19697,0.8,0,1
79191,bullet6,2.42431,6.18792,-0.8,-6.99382e-08,1
79192,bullet2,10.0524,7.43295,0.8,0,1
79193,player,2.84842,6.18201,0.00748425,-0.00183336,1
79193,flyer5,5.99999,12.4753,-0.3,0,2
79194,flyer6,5.99999,12.4753,-0.3,0,2
79195,bullet4,14.1514,7.53205,0.8,0,1
79195,bullet3,7.18735,6.19697,0.8,0,1
79195,bullet5,3.25331,6.18081,0.8,0,1
79197,bullet2,14.0524,7.43295,0.8,0,1
79198,player,2.85443,6.18054,0.000138105,-3.38306e-05,1
79198,flyer5,4.49999,12.4753,-0.3,0,2
79198,bullet1,3.25443,6.18054,0.8,0,1
79199,flyer6,4.49999,12.4753,-0.3,0,2
79200,bullet3,11.1873,6.19697,0.8,0,1
79200,bullet5,7.25331,6.18081,0.8,0,1
79203,player,2.80995,6.18051,0.0545067,-6.2427e-07,1
79203,flyer5,2.99999,12.4753,-0.3,0,2
79203,bullet1,7.25443,6.18054,0.8,0,1
79203,bullet6,3.20995,6.18051,0.8,0,1
79204,flyer6,2.99999,12.4753,-0.3,0,2
79205,bullet3,15.1873,6.19697,0.8,0,1
79205,bullet5,11.2533,6.18081,0.8,0,1
79208,player,2.88448,6.14975,-0.0365833,0.0375891,1
79208,flyer5,1.49999,12.4753,-0.3,0,2
79208,bullet1,11.2544,6.18054,0.8,0,1
79208,bullet6,7.20995,6.18051,0.8,0,1
79208,bullet4,3.28448,6.14975,0.8,0,1
79209,flyer6,1.49999,12.4753,-0.3,0,2
79210,bullet5,15.2533,6.18081,0.8,0,1
79213,player,2.25278,6.13535,-0.0145147,0.0551978,1
79213,flyer5,-6.4373e-06,12.4753,-0.3,0,2
79213,bullet1,15.2544,6.18054,0.8,0,1
79213,bullet6,11.21,6.18051,0.8,0,1
79213,bullet4,7.28448,6.14975,0.8,0,1
79213,bullet2,2.65278,6.13535,0.8,0,1
79214,flyer6,-6.4373e-06,12.4753,-0.3,0,2
79217,flayer7,16.5,0.793916,-0.287525,-0.0856107,2
79218,player,2.24113,5.62196,-0.000267836,-0.0673252,1
79218,bullet6,15.21,6.18051,0.8,0,1
79218,bullet4,11.2845,6.14975,0.8,0,1
79218,bullet2,6.65279,6.13535,0.8,0,1
79218,bullet3,2.64113,5.62196,0.8,0,1
79221,bullet5,2.64093,5.57189,0.8,0,1
79222,flayer7,15.0624,0.365863,-0.287525,-0.0856107,2
79223,player,2.24091,5.56789,-4.94234e-06,-0.00124234,1
79223,bullet4,15.2845,6.14975,0.8,0,1
79223,bullet2,10.6528,6.13535,0.8,0,1
79223,bullet3,6.64113,5.62196,0.8,0,1
79226,bullet5,6.64093,5.57189,0.8,0,1
79226,bullet1,2.64091,5.56697,0.8,0,1
79227,flayer7,13.6247,-0.0621905,-0.287525,-0.0856107,2
79228,player,2.24091,5.22939,-9.12e-08,-0.337523,1
79228,bullet2,14.6528,6.13535,0.8,0,1
79228,bullet3,10.6411,5.62196,0.8,0,1
79231,bullet5,10.6409,5.57189,0.8,0,1
79231,bullet1,6.64091,5.56697,0.8,0,1
79232,flayer7,12.1871,-0.490244,-0.287525,-0.0856107,2
79233,player,2.2855,6.05002,-0.0545041,0.159486,1
79233,flayer8,16.5,0.793916,-0.261219,0.147529,2
79233,bullet3,14.6411,5.62196,0.8,0,1
79234,bullet6,2.66098,6.12179,0.8,0,1
79236,bullet5,14.6409,5.57189,0.8,0,1
79236,bullet1,10.6409,5.56697,0.8,0,1
79238,player,1.31576,5.68873,-0.36926,-0.148932,1
79238,flayer8,15.1939,1.53156,-0.261219,0.147529,2
79239,flyer2,16.5,8.54034,-0.3,0,2
79239,bullet6,6.66098,6.12179,0.8,0,1
79241,bullet1,14.6409,5.56697,0.8,0,1
79241,bullet4,1.44117,5.57798,0.8,0,1
79243,player,1.01921,5.56912,-0.00681389,-0.00274821,1
79243,flayer8,13.8878,2.2692,-0.261219,0.147529,2
79244,flyer2,15,8.54034,-0.3,0,2
79244,bullet6,10.661,6.12179,0.8,0,1
79244,bullet2,1.41614,5.56789,0.8,0,1
79245,bullet3,1.41476,5.56733,0.8,0,1
79246,bullet4,5.44117,5.57798,0.8,0,1
79248,player,1.01374,5.56692,-0.000125736,-5.07123e-05,1
79248,flayer8,12.5817,3.00685,-0.261219,0.147529,2
79249,flyer2,13.5,8.54034,-0.3,0,2
79249,bullet6,14.661,6.12179,0.8,0,1
79249,bullet2,5.41614,5.56789,0.8,0,1
79250,bullet3,5.41476,5.56733,0.8,0,1
79251,bullet4,9.44117,5.57798,0.8,0,1
79253,player,1.01364,4.9784,-2.32017e-06,-0.0307556,1
79253,flayer8,11.2756,3.74449,-0.261219,0.147529,2
79254,flyer2,12,8.54034,-0.3,0,2
79254,bullet2,9.41615,5.56789,0.8,0,1
79254,bullet5,1.41364,4.96456,0.8,0,1
79255,bullet3,9.41477,5.56733,0.8,0,1
79256,bullet4,13.4412,5.57798,0.8,0,1
79258,player,1.60211,4.36523,0.0307546,-0.0313222,1
79258,flayer8,9.96952,4.48213,-0.261219,0.147529,2
79259,flyer2,10.5,8.54034,-0.3,0,2
79259,bullet2,13.4161,5.56789,0.8,0,1
79259,bullet5,5.41364,4.96456,0.8,0,1
79260,bullet3,13.4148,5.56733,0.8,0,1
79260,bullet1,2.02218,4.34479,0.8,0,1
79263,player,1.62681,4.34008,0.00056751,-0.000577983,1
79263,flayer8,8.66343,5.21977,-0.261219,0.147529,1
79264,flyer2,9,8.54034,-0.3,0,2
79264,bullet5,9.41364,4.96456,0.8,0,1
79265,bullet1,6.02218,4.34479,0.8,0,1
79268,player,2.22958,4.82899,0.0138501,0.151864,1
79268,flayer8,7.35733,5.95742,-0.261219,0.147529,1
79268,flyer1,16.5,8.54034,-0.297537,0.0383649,2
79269,flyer2,7.5,8.54034,-0.3,0,2
79270,bullet1,10.0222,4.34479,0.8,0,1
79270,bullet6,2.63861,4.92808,0.8,0,1
79273,player,2.79842,5.50867,0.0685993,0.0711461,1
79273,flayer8,6.05124,6.69506,-0.261219,0.147529,1
79273,flyer1,15.0123,8.73217,-0.297537,0.0383649,2
79273,bullet4,3.19842,5.50867,0.8,0,1
79274,flyer2,5.99999,8.54034,-0.3,0,2
79275,bullet1,14.0222,4.34479,0.8,0,1
79275,bullet6,6.63861,4.92808,0.8,0,1
79277,bullet2,2.69452,6.12221,0.8,0,1
79278,player,2.26504,6.15428,-0.0294888,0.0320675,1
79278,flayer8,4.74514,7.4327,-0.261219,0.147529,1
79278,flyer1,13.5246,8.92399,-0.297537,0.0383649,2
79278,bullet4,7.19842,5.50867,0.8,0,1
79278,bullet3,2.66504,6.15428,0.8,0,1
79279,flyer2,4.49999,8.54034,-0.3,0,2
79280,bullet6,10.6386,4.92808,0.8,0,1
79282,bullet2,6.69453,6.12221,0.8,0,1
79283,player,2.24135,6.7685,-0.000544152,0.0313464,1
79283,flayer8,3.43905,8.17035,-0.261219,0.147529,1
79283,flyer1,12.0369,9.11581,-0.297537,0.0383649,2
79283,bullet4,11.1984,5.50867,0.8,0,1
79283,bullet3,6.66504,6.15428,0.8,0,1
79284,flyer2,2.99999,8.54034,-0.3,0,2
79285,bullet6,14.6386,4.92808,0.8,0,1
79287,bullet2,10.6945,6.12221,0.8,0,1
79288,player,2.84323,6.19136,0.0138296,-0.0132612,1
79288,flayer8,2.13295,8.90799,-0.261219,0.147529,1
79288,flyer1,10.5493,9.30763,-0.297537,0.0383649,2
79288,bullet4,15.1984,5.50867,0.8,0,1
79288,bullet3,10.665,6.15428,0.8,0,1
79289,flyer2,1.49999,8.54034,-0.3,0,2
79292,bullet2,14.6945,6.12221,0.8,0,1
79293,player,2.85434,5.623,0.000255194,-0.0685885,1
79293,flayer8,0.826859,9.64563,-0.261219,0.147529,1
79293,flyer1,9.06158,9.49945,-0.297537,0.0383649,2
79293,bullet3,14.665,6.15428,0.8,0,1
79293,bullet5,3.25434,5.623,0.8,0,1
79294,flyer2,-6.4373e-06,8.54034,-0.3,0,2
79296,bullet1,2.45452,5.01427,-0.8,-6.99382e-08,1
79298,player,2.36516,5.45498,-0.15187,0.13677,1
79298,flayer8,-0.479236,10.3833,-0.261219,0.147529,1
79298,flyer1,7.57389,9.69128,-0.297537,0.0383649,2
79298,bullet5,7.25434,5.623,0.8,0,1
79299,flyer3,16.5,8.54034,-0.298011,0.0344846,2
79299,bullet6,2.69682,5.51652,0.8,0,1
79300,bullet4,2.66607,5.54422,0.8,0,1
79303,player,2.2432,6.05419,-0.00280243,0.154399,1
79303,flyer1,6.08621,9.8831,-0.297537,0.0383649,2
79303,bullet5,11.2543,5.623,0.8,0,1
79303,bullet2,2.6432,6.05419,0.8,0,1
79304,flyer3,15.0099,8.71277,-0.298011,0.0344846,2
79304,bullet6,6.69682,5.51652,0.8,0,1
79305,bullet4,6.66607,5.54422,0.8,0,1
79308,player,2.82942,5.68881,0.030703,-0.149026,1
79308,flyer1,4.59853,10.0749,-0.297537,0.0383649,2
79308,bullet5,15.2543,5.623,0.8,0,1
79308,bullet2,6.6432,6.05419,0.8,0,1
79309,flyer3,13.5199,8.88519,-0.298011,0.0344846,2
79309,bullet6,10.6968,5.51652,0.8,0,1
79310,bullet4,10.6661,5.54422,0.8,0,1
79312,bullet3,3.84199,5.01416,0.8,0,1
79313,player,3.45639,4.64315,0.0144062,-0.371005,1
79313,flyer1,3.11084,10.2667,-0.297537,0.0383649,2
79313,bullet2,10.6432,6.05419,0.8,0,1
79314,flyer3,12.0298,9.05762,-0.298011,0.0344846,2
79314,bullet6,14.6968,5.51652,0.8,0,1
79315,bullet4,14.6661,5.54422,0.8,0,1
79317,bullet3,7.84199,5.01416,0.8,0,1
79318,player,2.91024,3.78749,-0.0680779,-0.0751898,1
79318,flyer1,1.62316,10.4586,-0.297537,0.0383649,2
79318,bullet2,14.6432,6.05419,0.8,0,1
79319,flyer3,10.5398,9.23004,-0.298011,0.0344846,2
79319,bullet1,3.27961,3.75365,0.8,0,1
79322,bullet3,11.842,5.01416,0.8,0,1
79323,player,3.41329,4.28482,0.0670875,0.0669563,1
79323,flyer1,0.135473,10.6504,-0.297537,0.0383649,2
79323,bullet5,3.81329,4.28482,0.8,0,1
79324,flyer3,9.04971,9.40246,-0.298011,0.0344846,2
79324,bullet1,7.27961,3.75365,0.8,0,1
79325,bullet6,3.85706,4.32851,0.8,0,1
79327,bullet3,15.842,5.01416,0.8,0,1
79328,player,3.12967,3.78088,-0.336262,-0.0671082,1
79328,bullet5,7.81329,4.28482,0.8,0,1
79329,flyer3,7.55965,9.57489,-0.298011,0.0344846,2
79329,bullet1,11.2796,3.75365,0.8,0,1
79330,bullet6,7.85707,4.32851,0.8,0,1
79333,player,2.25731,2.63529,-0.0200446,-0.166953,1
79333,bullet5,11.8133,4.28482,0.8,0,1
79334,flyer3,6.06959,9.74731,-0.298011,0.0344846,2
79334,bullet1,15.2796,3.75365,0.8,0,1
79335,bullet6,11.8571,4.32851,0.8,0,1
79336,flyer4,16.5,8.54034,-0.3,0,2
79336,bullet4,2.08468,2.51114,0.8,0,1
79338,player,1.9764,2.16372,0.323291,-0.340581,1
79338,bullet5,15.8133,4.28482,0.8,0,1
79339,flyer3,4.57953,9.91974,-0.298011,0.0344846,2
79340,bullet6,15.8571,4.32851,0.8,0,1
79341,flyer4,15,8.54034,-0.3,0,2
79341,flyer5,16.5,8.54034,-0.299995,-0.0017992,2
79341,bullet4,6.08468,2.51114,0.8,0,1
79343,player,1.076,1.77726,-0.0762177,0.131751,1
79344,flyer3,3.08948,10.0922,-0.298011,0.0344846,2
79345,bullet2,1.42626,1.86323,0.8,0,1
79346,flyer4,13.5,8.54034,-0.3,0,2
79346,flyer5,15,8.53135,-0.299995,-0.0017992,2
79346,bullet4,10.0847,2.51114,0.8,0,1
79346,bullet3,1.41932,1.87524,0.8,0,1
79348,player,1.01479,2.22057,-0.00140643,0.339931,1
79349,flyer3,1.59942,10.2646,-0.298011,0.0344846,2
79350,bullet2,5.42626,1.86323,0.8,0,1
79351,flyer4,12,8.54034,-0.3,0,2
79351,flyer5,13.5001,8.52235,-0.299995,-0.0017992,2
79351,bullet4,14.0847,2.51114,0.8,0,1
79351,bullet3,5.41932,1.87524,0.8,0,1
79352,bullet1,1.90306,2.48729,0.8,0,1
79353,player,1.57138,2.49356,0.0683178,0.00627269,1
79354,flyer3,0.109362,10.437,-0.298011,0.0344846,2
79354,bullet5,2.00212,2.49639,0.8,0,1
79355,bullet2,9.42626,1.86323,0.8,0,1
79356,flyer4,10.5,8.54034,-0.3,0,2
79356,flyer5,12.0001,8.51335,-0.299995,-0.0017992,2
79356,bullet3,9.41932,1.87524,0.8,0,1
79357,bullet1,5.90306,2.48729,0.8,0,1
79358,player,2.11562,2.98798,0.153136,0.151991,1
79359,bullet5,6.00212,2.49639,0.8,0,1
79360,bullet2,13.4263,1.86323,0.8,0,1
79361,flyer4,9,8.54034,-0.3,0,2
79361,flyer5,10.5001,8.50435,-0.299995,-0.0017992,2
79361,bullet3,13.4193,1.87524,0.8,0,1
79362,bullet1,9.90306,2.48729,0.8,0,1
79363,player,2.84091,3.71235,0.0166654,0.0166443,1
79364,bullet5,10.0021,2.49639,0.8,0,1
79365,bullet6,3.74116,3.72321,0.8,0,1
79366,flyer4,7.5,8.54034,-0.3,0,2
79366,flyer5,9.00014,8.49535,-0.299995,-0.0017992,2
79367,bullet1,13.9031,2.48729,0.8,0,1
79368,player,4.28348,3.72572,0.503522,0.000307134,1
79369,bullet5,14.0021,2.49639,0.8,0,1
79370,bullet6,7.74116,3.72321,0.8,0,1
79370,bullet4,5.01203,3.72592,0.8,0,1
79371,flyer4,5.99999,8.54034,-0.3,0,2
79371,flyer5,7.50016,8.48636,-0.299995,-0.0017992,2
79373,player,5.17723,3.72597,0.161166,5.66748e-06,1
79375,bullet6,11.7412,3.72321,0.8,0,1
79375,bullet4,9.01203,3.72592,0.8,0,1
79375,bullet2,5.68239,4.21534,0.8,0,1
79376,flyer4,4.49999,8.54034,-0.3,0,2
79376,flyer5,6.00019,8.47736,-0.299995,-0.0017992,2
79377,bullet3,5.70368,4.31444,0.8,0,1
79378,player,5.30666,4.32828,0.00297397,0.0138397,1
79380,bullet6,15.7412,3.72321,0.8,0,1
79380,bullet4,13.012,3.72592,0.8,0,1
79380,bullet2,9.68239,4.21534,0.8,0,1
79381,flyer4,2.99999,8.54034,-0.3,0,2
79381,flyer5,4.50022,8.46836,-0.299995,-0.0017992,2
79381,bullet1,5.70887,4.33857,0.8,0,1
79382,bullet3,9.70369,4.31444,0.8,0,1
79383,player,5.30905,4.3394,5.48782e-05,0.000255382,1
79385,bullet2,13.6824,4.21534,0.8,0,1
79385,bullet5,5.70908,4.33956,0.8,0,1
79386,flyer4,1.49999,8.54034,-0.3,0,2
79386,flyer5,3.00025,8.45936,-0.299995,-0.0017992,2
79386,bullet1,9.70887,4.33857,0.8,0,1
79387,bullet3,13.7037,4.31444,0.8,0,1
79388,player,5.79847,4.3396,0.151876,4.71251e-06,1
79390,bullet5,9.70909,4.33956,0.8,0,1
79391,flyer4,-6.4373e-06,8.54034,-0.3,0,2
79391,flyer5,1.50027,8.45036,-0.299995,-0.0017992,2
79391,bullet1,13.7089,4.33857,0.8,0,1
79393,player,6.17141,5.23482,-0.303943,0.405844,1
79393,flyer6,16.5,8.35328,-0.3,0,2
79395,flayer7,16.5,8.35328,-0.22049,0.20343,2
79395,bullet5,13.7091,4.33956,0.8,0,1
79396,flyer5,0.000300705,8.44137,-0.299995,-0.0017992,2
79397,bullet6,5.74445,5.55326,0.8,0,1
79398,player,5.32501,5.56075,-0.0194482,0.00748896,1
79398,flyer6,15,8.35328,-0.3,0,2
79399,flyer2,16.5,8.35328,-0.3,0,2
79399,bullet4,5.71626,5.56412,0.8,0,1
79400,flayer7,15.3975,9.37043,-0.22049,0.20343,2
79402,bullet6,9.74446,5.55326,0.8,0,1
79403,player,4.75167,5.00904,-0.0687026,-0.0682056,1
79403,flyer6,13.5,8.35328,-0.3,0,2
79403,bullet2,5.15167,5.00904,0.8,0,1
79404,flyer2,15,8.35328,-0.3,0,2
79404,bullet4,9.71626,5.56412,0.8,0,1
79404,bullet3,5.12076,4.97835,0.8,0,1
79405,flayer7,14.2951,10.3876,-0.22049,0.20343,2
79407,bullet6,13.7445,5.55326,0.8,0,1
79408,player,4.13878,4.88593,-0.0696115,0.0822727,1
79408,flyer6,12,8.35328,-0.3,0,2
79408,bullet2,9.15167,5.00904,0.8,0,1
79409,flyer2,13.5,8.35328,-0.3,0,2
79409,bullet4,13.7163,5.56412,0.8,0,1
79409,bullet3,9.12076,4.97835,0.8,0,1
79410,flayer7,13.1926,11.4047,-0.22049,0.20343,2
79411,bullet1,4.48701,4.94711,0.8,0,1
79413,player,4.08287,4.952,-0.00128453,0.00151816,1
79413,flyer6,10.5,8.35328,-0.3,0,2
79413,bullet2,13.1517,5.00904,0.8,0,1
79413,bullet5,4.48287,4.952,0.8,0,1
79414,flyer2,12,8.35328,-0.3,0,2
79414,bullet3,13.1208,4.97835,0.8,0,1
79415,flayer7,12.0902,12.4219,-0.22049,0.20343,2
79416,bullet1,8.48701,4.94711,0.8,0,1
79418,player,4.68416,4.95322,0.0138159,2.80144e-05,1
79418,flyer6,9,8.35328,-0.3,0,2
79418,bullet5,8.48288,4.952,0.8,0,1
79419,flyer2,10.5,8.35328,-0.3,0,2
79420,flayer7,10.9877,13.439,-0.22049,0.20343,2
79420,bullet6,5.58255,4.95324,0.8,0,1
79421,bullet1,12.487,4.94711,0.8,0,1
79423,player,4.47069,5.78012,-0.47528,0.489376,1
79423,flyer6,7.5,8.35328,-0.3,0,2
79423,bullet5,12.4829,4.952,0.8,0,1
79424,flyer2,9,8.35328,-0.3,0,2
79425,flayer7,9.88528,14.4562,-0.22049,0.20343,2
79425,bullet6,9.58255,4.95324,0.8,0,1
79425,bullet4,4.56057,6.09944,0.8,0,1
79426,bullet2,4.51726,6.14403,0.8,0,1
79428,player,4.089,6.17313,-0.00877026,0.00903036,1
79428,flyer6,5.99999,8.35328,-0.3,0,2
79428,bullet3,4.489,6.17313,0.8,0,1
79429,flyer2,7.5,8.35328,-0.3,0,2
79430,flayer7,8.78283,15.4733,-0.22049,0.20343,2
79430,bullet6,13.5825,4.95324,0.8,0,1
79430,bullet4,8.56057,6.09944,0.8,0,1
79431,bullet2,8.51726,6.14403,0.8,0,1
79433,player,4.57133,6.18038,0.151713,0.000166635,1
79433,flyer6,4.49999,8.35328,-0.3,0,2
79433,bullet3,8.489,6.17313,0.8,0,1
79434,flyer2,5.99999,8.35328,-0.3,0,2
79435,flayer7,7.68038,16.4905,-0.22049,0.20343,2
79435,bullet4,12.5606,6.09944,0.8,0,1
79435,bullet1,5.07032,6.18049,0.8,0,1
79436,bullet2,12.5173,6.14403,0.8,0,1
79438,player,4.13545,5.6228,-0.0655442,-0.0683407,1
79438,flyer6,2.99999,8.35328,-0.3,0,2
79438,bullet3,12.489,6.17313,0.8,0,1
79439,flyer2,4.49999,8.35328,-0.3,0,2
79440,bullet1,9.07033,6.18049,0.8,0,1
79440,bullet5,4.49268,5.5782,0.8,0,1
79443,player,3.59344,6.05729,-0.153084,0.150614,1
79443,flyer6,1.49999,8.35328,-0.3,0,2
79443,bullet6,3.99344,6.05729,0.8,0,1
79444,flyer2,2.99999,8.35328,-0.3,0,2
79445,bullet1,13.0703,6.18049,0.8,0,1
79445,bullet5,8.49268,5.5782,0.8,0,1
79448,player,3.50125,6.73596,-0.0404139,0.071123,1
79448,flyer6,-6.4373e-06,8.35328,-0.3,0,2
79448,bullet6,7.99344,6.05729,0.8,0,1
79448,bullet4,3.90125,6.73596,0.8,0,1
79449,flyer2,1.49999,8.35328,-0.3,0,2
79450,bullet1,17.0703,6.18049,0.8,0,1
79450,bullet5,12.4927,5.5782,0.8,0,1
79453,player,3.4688,6.3037,-0.00074575,-0.150563,1
79453,bullet6,11.9934,6.05729,0.8,0,1
79453,bullet4,7.90125,6.73596,0.8,0,1
79453,bullet2,3.8688,6.3037,0.8,0,1
79454,flyer2,-6.4373e-06,8.35328,-0.3,0,2
79455,bullet3,3.86831,6.20546,0.8,0,1
79458,player,3.4682,6.18279,-1.37612e-05,-0.0027783,1
79458,bullet6,15.9934,6.05729,0.8,0,1
79458,bullet4,11.9013,6.73596,0.8,0,1
79458,bullet2,7.8688,6.3037,0.8,0,1
79459,flayer8,16.5,7.75578,-0.226715,-0.19647,2
79460,bullet3,7.86831,6.20546,0.8,0,1
79463,player,4.0705,6.22515,0.0138394,-0.0545554,1
79463,bullet2,11.8688,6.3037,0.8,0,1
79464,flayer8,15.3664,6.77343,-0.226715,-0.19647,1
79464,bullet1,4.47673,6.2006,0.8,0,1
79465,bullet3,11.8683,6.20546,0.8,0,1
79466,bullet5,4.48079,6.18458,0.8,0,1
79468,player,4.08162,6.18134,0.000255375,-0.0010067,1
79468,bullet6,4.48162,6.18134,0.8,0,1
79469,bullet1,8.47673,6.2006,0.8,0,1
79470,bullet3,15.8683,6.20546,0.8,0,1
79471,bullet5,8.48079,6.18458,0.8,0,1
79472,flyer1,16.5,7.75578,-0.3,0,2
79472,bullet4,5.07029,5.69117,0.8,0,1
79473,player,4.68413,5.62281,0.0138443,-0.0683623,1
79473,bullet6,8.48162,6.18134,0.8,0,1
79474,bullet1,12.4767,6.2006,0.8,0,1
79476,bullet5,12.4808,6.18458,0.8,0,1
79477,flyer1,15,7.75578,-0.3,0,2
79477,bullet4,9.07029,5.69117,0.8,0,1
79478,player,4.09294,6.6596,-0.0135841,0.164453,1
79478,bullet6,12.4816,6.18134,0.8,0,1
79480,bullet2,4.48408,6.7669,0.8,0,1
79482,flyer1,13.5,7.75578,-0.3,0,2
79482,bullet4,13.0703,5.69117,0.8,0,1
79483,player,4.5714,6.79167,0.151624,0.00303462,1
79483,flyer3,16.5,7.75578,-0.244007,-0.17453,2
79485,bullet2,8.48408,6.7669,0.8,0,1
79487,flyer1,12,7.75578,-0.3,0,2
79487,flyer4,16.5,12.1312,-0.299997,-0.00127306,2
79487,bullet3,5.09038,7.94024,0.8,0,1
79488,player,5.03067,8.32239,0.340298,0.38215,1
79488,flyer3,15.28,6.88313,-0.244007,-0.17453,2
79490,bullet2,12.4841,6.7669,0.8,0,1
79492,flyer1,10.5,7.75578,-0.3,0,2
79492,flyer4,15,12.1248,-0.299997,-0.00127306,2
79492,bullet3,9.09038,7.94024,0.8,0,1
79493,player,4.15777,8.66004,-0.092819,-0.0305373,1
79493,flyer3,14.0599,6.01048,-0.244007,-0.17453,1
79493,bullet1,4.55777,8.66004,0.8,0,1
79495,bullet5,4.49721,8.64012,0.8,0,1
79497,flyer1,9,7.75578,-0.3,0,1
79497,flyer4,13.5,12.1184,-0.299997,-0.00127306,2
79498,player,4.08323,8.63552,-0.00171277,-0.000563499,1
79498,flyer3,12.8399,5.13783,-0.244007,-0.17453,1
79498,bullet1,8.55777,8.66004,0.8,0,1
79498,bullet6,4.48323,8.63552,0.8,0,1
79502,flyer4,12,12.1121,-0.299997,-0.00127306,2
79503,player,5.22805,8.66583,0.0990668,-0.0375995,1
79503,flyer3,11.6199,4.26518,-0.244007,-0.17453,1
79503,bullet1,12.5578,8.66004,0.8,0,1
79503,bullet6,8.48323,8.63552,0.8,0,1
79503,bullet4,5.62805,8.66583,0.8,0,1
79504,bullet2,5.67263,8.64891,0.8,0,1
79507,flyer4,10.5001,12.1057,-0.299997,-0.00127306,2
79508,player,5.3076,8.07792,0.00182806,-0.0690376,1
79508,flyer3,10.3998,3.39253,-0.244007,-0.17453,1
79508,bullet6,12.4832,8.63552,0.8,0,1
79508,bullet4,9.62805,8.66583,0.8,0,1
79509,bullet2,9.67263,8.64891,0.8,0,1
79510,bullet3,5.7088,8.03287,0.8,0,1
79512,flyer4,9.00007,12.0993,-0.299997,-0.00127306,2
79513,player,5.30907,7.80225,3.37329e-05,0.267882,1
79513,flyer3,9.17979,2.51988,-0.244007,-0.17453,1
79513,bullet4,13.628,8.66583,0.8,0,1
79514,bullet2,13.6726,8.64891,0.8,0,1
79514,bullet5,5.70909,7.9228,0.8,0,1
79515,bullet3,9.7088,8.03287,0.8,0,1
79517,flyer4,7.50008,12.093,-0.299997,-0.00127306,2
79518,player,5.37744,7.45967,-0.0835306,-0.0634006,1
79518,flyer3,7.95975,1.64723,-0.244007,-0.17453,1
79519,bullet5,9.70909,7.9228,0.8,0,1
79520,bullet3,13.7088,8.03287,0.8,0,1
79522,flyer4,6.00009,12.0866,-0.299997,-0.00127306,2
79522,bullet1,5.68115,6.8522,0.8,0,1
79523,player,5.29652,6.82028,0.0153737,-0.0319246,1
79523,flyer3,6.73972,0.774576,-0.244007,-0.17453,1
79524,bullet5,13.7091,7.9228,0.8,0,1
79527,flyer4,4.50011,12.0802,-0.299997,-0.00127306,2
79527,bullet1,9.68115,6.8522,0.8,0,1
79527,bullet6,5.60949,6.89433,0.8,0,1
79528,player,5.26428,6.83923,0.0547878,-0.0550932,1
79528,flyer3,5.51969,-0.0980745,-0.244007,-0.17453,1
79529,bullet4,5.68893,6.81444,0.8,0,1
79532,flyer4,3.00012,12.0739,-0.299997,-0.00127306,2
79532,bullet1,13.6812,6.8522,0.8,0,1
79532,bullet6,9.60949,6.89433,0.8,0,1
79533,player,5.30828,6.23727,0.00101099,-0.0693604,1
79533,bullet2,5.70828,6.23727,0.8,0,1
79534,bullet4,9.68893,6.81444,0.8,0,1
79536,bullet3,5.70903,5.62797,0.8,0,1
79537,flyer4,1.50013,12.0675,-0.299997,-0.00127306,2
79537,bullet6,13.6095,6.89433,0.8,0,1
79538,player,5.79846,5.08988,0.151894,-0.166995,1
79538,bullet2,9.70828,6.23727,0.8,0,1
79539,bullet4,13.6889,6.81444,0.8,0,1
79541,bullet3,9.70903,5.62797,0.8,0,1
79542,flyer4,0.000146925,12.0611,-0.299997,-0.00127306,2
79543,player,6.18526,4.02979,-0.320858,-0.371336,1
79543,flyer5,16.5,7.75578,-0.3,0,2
79543,bullet2,13.7083,6.23727,0.8,0,1
79544,flayer7,16.5,12.1312,-0.278171,-0.112343,2
79544,bullet5,6.44087,3.86269,0.8,0,1
79546,bullet3,13.709,5.62797,0.8,0,1
79547,bullet1,6.33351,3.73843,0.8,0,1
79548,player,5.92758,3.73158,-0.00592072,-0.0068522,1
79548,flyer5,15,7.75578,-0.3,0,2
79549,flayer7,15.1091,11.5694,-0.278171,-0.112343,2
79549,bullet5,10.4409,3.86269,0.8,0,1
79552,bullet1,10.3335,3.73843,0.8,0,1
79553,player,5.48623,3.12376,-0.216489,-0.0139661,1
79553,flyer5,13.5,7.75578,-0.3,0,2
79554,flayer7,13.7183,11.0077,-0.278171,-0.112343,2
79554,bullet5,14.4409,3.86269,0.8,0,1
79555,bullet6,5.74497,3.11465,0.8,0,1
79557,bullet1,14.3335,3.73843,0.8,0,1
79558,player,4.823,3.11255,-0.15587,-0.000257713,1
79558,flyer5,12,7.75578,-0.3,0,2
79559,flayer7,12.3274,10.446,-0.278171,-0.112343,2
79559,bullet4,5.15285,3.11243,0.8,0,1
79560,bullet6,9.74497,3.11465,0.8,0,1
79560,bullet2,5.12129,3.11238,0.8,0,1
79563,player,5.52469,2.77484,0.486499,-0.337505,1
79563,flyer5,10.5,7.75578,-0.3,0,2
79564,flayer7,10.9366,9.88428,-0.278171,-0.112343,2
79564,bullet4,9.15285,3.11243,0.8,0,1
79565,bullet6,13.745,3.11465,0.8,0,1
79565,bullet2,9.12129,3.11238,0.8,0,1
79568,player,4.98942,3.09227,-0.359277,0.0245268,1
79568,flyer5,9,7.75578,-0.3,0,2
79569,flayer7,9.54573,9.32256,-0.278171,-0.112343,2
79569,bullet4,13.1529,3.11243,0.8,0,1
79570,bullet2,13.1213,3.11238,0.8,0,1
79573,player,5.84708,3.08121,0.0924688,0.0380417,1
79573,flyer5,7.5,7.75578,-0.3,0,2
79573,bullet3,6.24708,3.08121,0.8,0,1
79574,flayer7,8.15488,8.76084,-0.278171,-0.112343,2
79575,flyer6,16.5,12.1312,-0.3,0,2
79578,player,5.62843,2.72967,-0.390298,-0.282294,1
79578,flyer5,5.99999,7.75578,-0.3,0,2
79578,bullet3,10.2471,3.08121,0.8,0,1
79579,flayer7,6.76403,8.19912,-0.278171,-0.112343,2
79579,bullet5,5.8528,2.60264,0.8,0,1
79580,flyer6,15,12.1312,-0.3,0,2
79582,bullet1,5.23282,2.99755,0.8,0,1
79583,player,4.75727,3.06068,-0.0755458,0.0631346,1
79583,flyer5,4.49999,7.75578,-0.3,0,2
79583,bullet3,14.2471,3.08121,0.8,0,1
79584,flayer7,5.37318,7.6374,-0.278171,-0.112343,2
79584,bullet5,9.8528,2.60264,0.8,0,1
79585,flyer6,13.5,12.1312,-0.3,0,2
79585,bullet6,5.10798,3.59125,0.8,0,1
79587,bullet1,9.23282,2.99755,0.8,0,1
79588,player,4.6966,4.20307,-0.00139403,0.16688,1
79588,flyer5,2.99999,7.75578,-0.3,0,2
79589,flayer7,3.98232,7.07569,-0.278171,-0.112343,2
79589,bullet5,13.8528,2.60264,0.8,0,1
79589,bullet4,5.09598,4.27817,0.8,0,1
79590,flyer6,12,12.1312,-0.3,0,2
79590,bullet6,9.10798,3.59125,0.8,0,1
79592,bullet1,13.2328,2.99755,0.8,0,1
79593,player,5.74258,5.38418,0.220193,0.223298,1
79593,flyer5,1.49999,7.75578,-0.3,0,2
79594,flayer7,2.59147,6.51397,-0.278171,-0.112343,2
79594,bullet4,9.09598,4.27817,0.8,0,1
79594,bullet2,6.24166,5.48467,0.8,0,1
79595,flyer6,10.5,12.1312,-0.3,0,2
79595,bullet6,13.108,3.59125,0.8,0,1
79597,bullet3,6.31535,5.55939,0.8,0,1
79598,player,6.25691,5.90101,0.341563,0.341621,1
79598,flyer5,-6.4373e-06,7.75578,-0.3,0,2
79599,flayer7,1.20061,5.95225,-0.278171,-0.112343,2
79599,bullet4,13.096,4.27817,0.8,0,1
79599,bullet2,10.2417,5.48467,0.8,0,1
79600,flyer6,9,12.1312,-0.3,0,2
79602,bullet3,10.3153,5.55939,0.8,0,1
79603,player,7.11969,6.39558,0.0370575,-0.262852,1
79604,flayer7,-0.19024,5.39054,-0.278171,-0.112343,2
79604,bullet2,14.2417,5.48467,0.8,0,1
79605,flyer6,7.5,12.1312,-0.3,0,2
79605,bullet5,7.54387,6.22407,0.8,0,1
79607,flyer2,16.5,12.1312,-0.3,0,2
79607,bullet3,14.3154,5.55939,0.8,0,1
79607,bullet1,7.54876,6.18934,0.8,0,1
79608,player,7.14945,6.18449,0.000683815,-0.00485037,1
79610,flyer6,5.99999,12.1312,-0.3,0,2
79610,bullet5,11.5439,6.22407,0.8,0,1
79610,bullet6,7.5499,6.18132,0.8,0,1
79611,bullet4,7.54996,6.18088,0.8,0,1
79612,flyer2,15,12.1312,-0.3,0,2
79612,bullet1,11.5488,6.18934,0.8,0,1
79613,player,6.8125,6.18059,-0.337487,-8.95029e-05,1
79615,flyer6,4.49999,12.1312,-0.3,0,2
79615,bullet5,15.5439,6.22407,0.8,0,1
79615,bullet6,11.5499,6.18132,0.8,0,1
79616,bullet4,11.55,6.18088,0.8,0,1
79617,flyer2,13.5,12.1312,-0.3,0,2
79617,bullet1,15.5488,6.18934,0.8,0,1
79618,player,6.05209,5.69114,-0.158103,-0.151877,1
79619,bullet2,6.38095,5.6228,0.8,0,1
79620,flyer6,2.99999,12.1312,-0.3,0,2
79620,bullet6,15.5499,6.18132,0.8,0,1
79621,bullet4,15.55,6.18088,0.8,0,1
79621,bullet3,6.33453,5.57821,0.8,0,1
79622,flyer2,12,12.1312,-0.3,0,2
79623,player,5.92513,5.56918,-0.00291744,-0.00280255,1
79623,bullet5,6.32513,5.56918,0.8,0,1
79624,bullet2,10.3809,5.6228,0.8,0,1
79624,bullet1,6.32381,5.56792,0.8,0,1
79625,flyer6,1.49999,12.1312,-0.3,0,2
79626,bullet3,10.3345,5.57821,0.8,0,1
79627,flyer2,10.5,12.1312,-0.3,0,2
79628,player,5.92278,6.0563,-5.38349e-05,0.151823,1
79628,bullet5,10.3251,5.56918,0.8,0,1
79629,bullet2,14.3809,5.6228,0.8,0,1
79629,bullet1,10.3238,5.56792,0.8,0,1
79630,flyer6,-6.4373e-06,12.1312,-0.3,0,2
79631,bullet3,14.3345,5.57821,0.8,0,1
79632,flyer2,9,12.1312,-0.3,0,2
79633,player,6.52505,5.57592,0.0138386,-0.011038,1
79633,bullet5,14.3251,5.56918,0.8,0,1
79633,bullet6,6.92505,5.57592,0.8,0,1
79634,bullet1,14.3238,5.56792,0.8,0,1
79634,bullet4,6.93128,5.57095,0.8,0,1
79637,flyer2,7.5,12.1312,-0.3,0,2
79637,flayer8,16.5,12.1312,-0.233687,0.188123,2
79638,player,5.48907,5.07768,-0.219963,-0.152079,1
79638,bullet6,10.9251,5.57592,0.8,0,1
79639,bullet4,10.9313,5.57095,0.8,0,1
79639,bullet2,5.79009,5.00924,0.8,0,1
79642,flyer2,5.99999,12.1312,-0.3,0,2
79642,flayer8,15.3316,13.0718,-0.233687,0.188123,2
79643,player,5.8018,5.78242,0.147816,0.486569,1
79643,bullet6,14.9251,5.57592,0.8,0,1
79644,bullet4,14.9313,5.57095,0.8,0,1
79644,bullet2,9.79009,5.00924,0.8,0,1
79646,flyer1,16.5,8.56797,-0.249191,-0.167045,2
79647,flyer2,4.49999,12.1312,-0.3,0,2
79647,flayer8,14.1631,14.0124,-0.233687,0.188123,2
79648,player,5.33203,6.76165,-0.0280271,0.0397332,1
79649,bullet2,13.7901,5.00924,0.8,0,1
79649,bullet3,5.71942,6.77953,0.8,0,1
79650,bullet5,5.71374,6.78757,0.8,0,1
79651,flyer1,15.254,7.73275,-0.249191,-0.167045,2
79652,flyer2,2.99999,12.1312,-0.3,0,2
79652,flayer8,12.9947,14.953,-0.233687,0.188123,2
79653,player,5.30952,6.79356,-0.000517178,0.00073319,1
79654,bullet3,9.71942,6.77953,0.8,0,1
79655,bullet5,9.71375,6.78757,0.8,0,1
79656,flyer1,14.0081,6.89752,-0.249191,-0.167045,2
79656,bullet1,6.19851,7.28348,0.8,0,1
79657,flyer2,1.49999,12.1312,-0.3,0,2
79657,flayer8,11.8263,15.8936,-0.233687,0.188123,2
79658,player,5.89758,7.38262,0.0307451,0.0307682,1
79658,bullet6,6.29758,7.38262,0.8,0,1
79661,bullet1,10.1985,7.28348,0.8,0,1
79662,flyer2,-6.4373e-06,12.1312,-0.3,0,2
79662,bullet4,5.76399,7.96448,0.8,0,1
79663,player,5.3338,7.9958,-0.0301874,0.0313224,1
79663,bullet6,10.2976,7.38262,0.8,0,1
79663,bullet2,5.7338,7.9958,0.8,0,1
79666,bullet1,14.1985,7.28348,0.8,0,1
79667,bullet4,9.76399,7.96448,0.8,0,1
79668,player,4.75184,7.9902,-0.0689008,0.038167,1
79668,bullet6,14.2976,7.38262,0.8,0,1
79668,bullet2,9.7338,7.9958,0.8,0,1
79669,flyer3,16.5,8.56797,-0.3,0,2
79669,bullet3,5.12083,8.00737,0.8,0,1
79671,bullet5,5.1006,8.01858,0.8,0,1
79672,bullet4,13.764,7.96448,0.8,0,1
79673,player,4.69651,8.51023,-0.00127141,0.152579,1
79673,bullet2,13.7338,7.9958,0.8,0,1
79674,flyer3,15,8.56797,-0.3,0,0
79674,bullet3,9.12083,8.00737,0.8,0,1
79676,bullet5,9.1006,8.01858,0.8,0,1
79678,player,4.65089,8.63276,0.0544807,0.00281552,1
79678,bullet1,5.05089,8.63276,0.8,0,1
79679,bullet3,13.1208,8.00737,0.8,0,1
79679,bullet6,5.07541,8.63403,0.8,0,1
79681,bullet5,13.1006,8.01858,0.8,0,1
79683,player,4.13693,8.07731,-0.0673384,-0.0682918,1
79683,bullet1,9.05089,8.63276,0.8,0,1
79684,flyer4,16.5,8.56797,-0.3,0,2
79684,bullet6,9.07541,8.63403,0.8,0,1
79685,flyer5,16.5,9.21261,-0.292371,-0.0672246,2
79688,player,4.08285,6.3423,-0.00124258,-0.197729,1
79688,bullet1,13.0509,8.63276,0.8,0,1
79689,flyer4,15,8.56797,-0.3,0,1
79689,bullet6,13.0754,8.63403,0.8,0,1
79689,bullet4,4.48229,6.25332,0.8,0,1
79690,flyer5,15.0381,8.87649,-0.292371,-0.0672246,1
79690,bullet2,4.48204,6.21328,0.8,0,1
79693,player,4.57123,6.18351,0.151852,-0.00364867,1
79694,bullet4,8.48229,6.25332,0.8,0,1
79695,flyer5,13.5763,8.54037,-0.292371,-0.0672246,1
79695,bullet2,8.48204,6.21328,0.8,0,1
79695,bullet3,5.07031,6.6705,0.8,0,1
79698,player,5.18255,6.29351,0.154677,-0.138103,1
79699,bullet4,12.4823,6.25332,0.8,0,1
79699,bullet5,4.85216,6.23136,-0.8,-6.99382e-08,1
79700,flyer5,12.1144,8.20424,-0.292371,-0.0672246,1
79700,bullet2,12.482,6.21328,0.8,0,1
79700,bullet3,9.07031,6.6705,0.8,0,1
79703,player,5.20767,6.1826,0.123975,-0.00254838,1
79704,bullet5,0.852156,6.23136,-0.8,-6.99382e-08,1
79705,flayer7,16.5,8.56797,-0.299978,0.00359184,2
79705,flyer5,10.6526,7.86812,-0.292371,-0.0672246,1
79705,bullet3,13.0703,6.6705,0.8,0,1
79705,bullet1,6.17794,5.69157,0.8,0,1
79707,bullet6,6.29342,5.59213,0.8,0,1
79708,player,5.90955,5.57824,0.0161273,-0.0138866,1
79709,bullet4,6.3168,5.57199,0.8,0,1
79710,flayer7,15.0001,8.58593,-0.299978,0.00359184,2
79710,flyer5,9.19073,7.532,-0.292371,-0.0672246,1
79710,bullet1,10.1779,5.69157,0.8,0,1
79712,bullet6,10.2934,5.59213,0.8,0,1
79713,player,5.9225,5.07772,0.000297594,-0.152131,1
79714,bullet4,10.3168,5.57199,0.8,0,1
79714,bullet2,6.32263,5.00926,0.8,0,1
79715,flayer7,13.5002,8.60389,-0.299978,0.00359184,2
79715,flyer5,7.72887,7.19588,-0.292371,-0.0672246,1
79715,bullet1,14.1779,5.69157,0.8,0,1
79717,bullet6,14.2934,5.59213,0.8,0,1
79718,player,5.58524,4.61804,-0.337494,-0.340307,1
79719,bullet4,14.3168,5.57199,0.8,0,1
79719,bullet2,10.3226,5.00926,0.8,0,1
79720,flayer7,12.0003,8.62185,-0.299978,0.00359184,2
79720,flyer5,6.26702,6.85975,-0.292371,-0.0672246,1
79721,bullet5,5.73427,4.36498,0.8,0,1
79723,player,4.9767,4.68225,-0.343728,0.33122,1
79724,bullet2,14.3226,5.00926,0.8,0,1
79724,bullet3,5.22202,4.8313,0.8,0,1
79725,flayer7,10.5004,8.6398,-0.299978,0.00359184,2
79725,flyer5,4.80516,6.52363,-0.292371,-0.0672246,1
79726,bullet5,9.73427,4.36498,0.8,0,1
79726,bullet1,5.1211,4.92855,0.8,0,1
79728,player,5.03816,5.28574,0.331157,0.343612,1
79729,bullet3,9.22202,4.8313,0.8,0,1
79730,flayer7,9.00054,8.65776,-0.299978,0.00359184,2
79730,flyer5,3.34331,6.18751,-0.292371,-0.0672246,1
79730,bullet6,5.65424,5.50995,0.8,0,1
79731,bullet5,13.7343,4.36498,0.8,0,1
79731,bullet1,9.1211,4.92855,0.8,0,1
79733,player,5.6416,5.89919,0.343611,0.343841,1
79734,bullet3,13.222,4.8313,0.8,0,1
79735,flayer7,7.50065,8.67572,-0.299978,0.00359184,2
79735,flyer5,1.88145,5.85139,-0.292371,-0.0672246,1
79735,bullet6,9.65424,5.50995,0.8,0,1
79736,bullet1,13.1211,4.92855,0.8,0,1
79737,bullet4,5.82184,6.16898,0.8,0,1
79738,player,5.35983,6.17533,-0.0620032,0.00634483,1
79740,flayer7,6.00076,8.69368,-0.299978,0.00359184,2
79740,flyer5,0.419595,5.51526,-0.292371,-0.0672246,1
79740,bullet6,13.6542,5.50995,0.8,0,1
79742,bullet4,9.82184,6.16898,0.8,0,1
79742,bullet2,5.68043,6.76878,0.8,0,1
79743,player,5.2962,6.78273,0.0157709,0.0139567,1
79744,bullet5,4.9033,6.78902,-0.8,-6.99382e-08,1
79745,flayer7,4.50087,8.71163,-0.299978,0.00359184,2
79747,bullet4,13.8218,6.16898,0.8,0,1
79747,bullet2,9.68043,6.76878,0.8,0,1
79748,player,5.79824,5.7161,0.152166,-0.182372,1
79749,bullet5,0.903296,6.78902,-0.8,-6.99382e-08,1
79750,flayer7,3.00098,8.72959,-0.299978,0.00359184,2
79751,flyer6,16.5,9.21261,-0.296381,-0.0464605,2
79752,flyer1,16.5,8.56797,-0.27202,-0.126511,2
79752,bullet2,13.6804,6.76878,0.8,0,1
79752,bullet3,6.87535,5.54225,0.8,0,1
79753,player,6.50891,5.5558,0.0335626,0.0135498,1
79753,bullet1,6.90891,5.5558,0.8,0,1
79755,flayer7,1.50109,8.74755,-0.299978,0.00359184,2
79756,flyer6,15.0181,8.98031,-0.296381,-0.0464605,2
79757,flyer1,15.1399,7.93542,-0.27202,-0.126511,2
79757,bullet3,10.8753,5.54225,0.8,0,1
79758,player,6.04648,5.46758,-0.151256,0.12137,1
79758,bullet1,10.9089,5.5558,0.8,0,1
79759,bullet6,6.37842,5.5222,0.8,0,1
79760,flayer7,0.00119257,8.76551,-0.299978,0.00359184,2
79761,flyer6,13.5362,8.74801,-0.296381,-0.0464605,2
79762,flyer1,13.7798,7.30287,-0.27202,-0.126511,2
79762,bullet3,14.8753,5.54225,0.8,0,1
79763,player,6.51349,5.56505,0.0279636,0.00223962,1
79763,bullet1,14.9089,5.5558,0.8,0,1
79763,bullet4,6.91349,5.56505,0.8,0,1
79764,bullet6,10.3784,5.5222,0.8,0,1
79766,flyer6,12.0543,8.51571,-0.296381,-0.0464605,2
79767,flyer1,12.4197,6.67031,-0.27202,-0.126511,2
79768,player,5.60997,7.05054,-0.367739,0.43664,1
79768,bullet4,10.9135,5.56505,0.8,0,1
79769,bullet6,14.3784,5.5222,0.8,0,1
79771,flyer6,10.5724,8.28341,-0.296381,-0.0464605,2
79772,flyer1,11.0596,6.03776,-0.27202,-0.126511,1
79772,flayer8,16.5,9.21261,-0.3,0,2
79773,player,5.65215,7.7387,0.330714,0.345557,1
79774,flyer2,16.5,1.74784,-0.223172,0.200485,2
79775,bullet5,6.26794,7.96417,0.8,0,1
79776,flyer6,9.09048,8.05111,-0.296381,-0.0464605,2
79776,bullet2,6.29807,7.99566,0.8,0,1
79777,flyer1,9.69949,5.40521,-0.27202,-0.126511,1
79777,flayer8,15,9.21261,-0.3,0,2
79778,player,5.91774,8.01621,0.00610261,0.0063765,1
79778,bullet3,6.31774,8.01621,0.8,0,1
79779,flyer2,15.3841,2.75026,-0.223172,0.200485,2
79781,bullet1,6.32228,8.02095,0.8,0,1
79782,flyer1,8.33939,4.77265,-0.27202,-0.126511,1
79782,flayer8,13.5,9.21261,-0.3,0,2
79783,player,5.58514,8.35883,-0.337387,0.337618,1
79783,bullet3,10.3177,8.01621,0.8,0,1
79784,flyer2,14.2683,3.75269,-0.223172,0.200485,2
79786,bullet1,10.3223,8.02095,0.8,0,1
79786,bullet4,5.73425,8.05217,0.8,0,1
79787,flyer1,6.97929,4.1401,-0.27202,-0.126511,1
79787,flayer8,12,9.21261,-0.3,0,2
79788,player,5.31419,8.02765,-0.00622575,-0.00760961,1
79788,bullet3,14.3177,8.01621,0.8,0,1
79788,bullet6,5.71419,8.02765,0.8,0,1
79789,flyer2,13.1524,4.75511,-0.223172,0.200485,2
79791,bullet1,14.3223,8.02095,0.8,0,1
79791,bullet4,9.73425,8.05217,0.8,0,1
79791,bullet5,5.70956,8.57971,0.8,0,1
79792,flyer1,5.61919,3.50755,-0.27202,-0.126511,1
79792,flayer8,10.5,9.21261,-0.3,0,2
79793,player,5.30919,8.62385,-0.000114883,0.0136992,1
79793,bullet6,9.71419,8.02765,0.8,0,1
79794,flyer2,12.0366,5.75754,-0.223172,0.200485,2
79795,bullet2,5.70911,8.63278,0.8,0,1
79796,bullet4,13.7343,8.05217,0.8,0,1
79796,bullet3,5.7091,8.63403,0.8,0,1
79797,flyer1,4.25908,2.87499,-0.27202,-0.126511,1
79797,flayer8,9,9.21261,-0.3,0,1
79798,player,5.3091,8.29735,-2.11991e-06,-0.337247,1
79798,bullet6,13.7142,8.02765,0.8,0,1
79799,flyer2,10.9207,6.75996,-0.223172,0.200485,2
79801,bullet3,9.7091,8.63403,0.8,0,1
79801,bullet1,6.26682,8.04656,0.8,0,1
79802,flyer1,2.89898,2.24244,-0.27202,-0.126511,1
79803,player,5.42204,8.51589,-0.138035,0.145652,1
79804,flyer2,9.80484,7.76238,-0.223172,0.200485,2
79804,bullet5,4.95992,8.58143,-0.8,-6.99382e-08,1
79806,bullet3,13.7091,8.63403,0.8,0,1
79806,bullet2,5.71939,8.6242,0.8,0,1
79807,flyer1,1.53888,1.60988,-0.27202,-0.126511,1
79808,player,5.31118,8.63286,-0.00254714,0.00268769,1
79808,bullet4,5.71118,8.63286,0.8,0,1
79809,flyer2,8.68898,8.76481,-0.223172,0.200485,0
79809,bullet5,0.959919,8.58143,-0.8,-6.99382e-08,1
79811,bullet6,5.70929,8.63486,0.8,0,1
79812,flyer1,0.17878,0.977329,-0.27202,-0.126511,1
79812,bullet1,4.90918,8.63497,-0.8,-6.99382e-08,1
79813,player,5.30913,8.63502,-4.70019e-05,4.95954e-05,1
79813,bullet4,9.71118,8.63286,0.8,0,1
79816,flyer3,16.5,9.21261,-0.3,0,2
79816,bullet6,9.70929,8.63486,0.8,0,1
79817,bullet1,0.909182,8.63497,-0.8,-6.99382e-08,1
79818,player,5.3091,7.55721,-8.67318e-07,-0.182629,1
79818,bullet4,13.7112,8.63286,0.8,0,1
79819,flyer4,16.5,9.21261,-0.3,0,2
79821,flyer3,15,9.21261,-0.3,0,2
79821,bullet6,13.7093,8.63486,0.8,0,1
79823,player,5.2645,8.01286,0.0545041,0.0104696,1
79824,flyer4,15,9.21261,-0.3,0,1
79825,flyer5,16.5,4.60036,-0.259148,-0.151136,2
79825,bullet2,6.18944,8.01969,0.8,0,1
79826,flyer3,13.5,9.21261,-0.3,0,1
79828,player,6.39996,8.02127,0.16672,0.000193193,1
79828,bullet3,6.79996,8.02127,0.8,0,1
79829,flyer4,13.5,9.21261,-0.3,0,1
79830,flyer5,15.2043,3.84467,-0.259148,-0.151136,2
79830,bullet2,10.1894,8.01969,0.8,0,1
79830,bullet5,6.90875,8.0214,0.8,0,1
79831,flyer3,12,9.21261,-0.3,0,1
79831,bullet1,6.92394,8.02142,0.8,0,1
79833,player,6.53385,8.02143,0.00307646,3.56496e-06,1
79833,bullet3,10.8,8.02127,0.8,0,1
79834,flyer4,12,9.21261,-0.3,0,1
79835,flyer5,13.9085,3.08899,-0.259148,-0.151136,2
79835,bullet2,14.1894,8.01969,0.8,0,1
79835,bullet5,10.9087,8.0214,0.8,0,1
79836,flyer3,10.5,9.21261,-0.3,0,1
79836,bullet1,10.9239,8.02142,0.8,0,1
79838,player,5.94785,8.6099,-0.0306979,0.0307548,1
79838,bullet3,14.8,8.02127,0.8,0,1
79838,bullet4,6.34785,8.6099,0.8,0,1
79839,flyer4,10.5,9.21261,-0.3,0,1
79840,flyer5,12.6128,2.33331,-0.259148,-0.151136,2
79840,bullet5,14.9087,8.0214,0.8,0,1
79841,flyer3,9,9.21261,-0.3,0,0
79841,bullet1,14.9239,8.02142,0.8,0,1
79841,bullet6,6.32502,8.63278,0.8,0,1
79843,player,5.92319,8.29711,-0.000566463,-0.336933,1
79844,flyer4,9,9.21261,-0.3,0,0
79845,flyer5,11.317,1.57763,-0.259148,-0.151136,2
79846,bullet2,6.32277,7.48883,0.8,0,1
79848,player,5.92274,7.42421,-1.04528e-05,-0.020057,1
79848,bullet3,6.32274,7.42421,0.8,0,1
79850,flyer5,10.0213,0.821948,-0.259148,-0.151136,2
79850,flayer7,16.5,4.60036,-0.3,0,2
79851,bullet2,10.3228,7.48883,0.8,0,1
79851,bullet4,5.83336,7.40929,0.8,0,1
