6562,player,4.9831,6.78701,0,0,1
6562,bullet1,5.3831,6.78701,0.8,0,1
6564,bullet2,5.3831,6.78701,0.8,0,1
6566,bullet3,5.3831,6.78701,0.8,0,1
6567,player,4.9831,6.78701,0,0,1
6567,bullet1,9.3831,6.78701,0.8,0,1
6569,bullet2,9.3831,6.78701,0.8,0,1
6569,bullet4,5.3831,7.27638,0.8,0,1
6571,bullet3,9.3831,6.78701,0.8,0,1
6572,player,4.9831,6.89994,0,-0.138035,1
6572,bullet1,13.3831,6.78701,0.8,0,1
6574,bullet2,13.3831,6.78701,0.8,0,1
6574,bullet4,9.3831,7.27638,0.8,0,1
6576,bullet3,13.3831,6.78701,0.8,0,1
6577,player,4.6456,6.81984,-0.3375,-0.0401362,1
6579,bullet4,13.3831,7.27638,0.8,0,1
6579,bullet5,4.82538,6.79365,0.8,0,1
6581,bullet6,4.78079,6.78835,0.8,0,1
6582,player,4.03706,6.45011,-0.343728,-0.338241,1
6584,bullet5,8.82538,6.79365,0.8,0,1
6584,bullet1,4.21278,6.22941,0.8,0,1
6585,flyer1,16.5,6.23361,-0.299149,0.0225811,2
6586,bullet6,8.78079,6.78835,0.8,0,1
6587,player,4.31874,5.62076,0.062001,-0.0745852,1
6587,bullet2,3.91874,5.62076,-0.8,-6.99382e-08,1
6589,bullet5,12.8254,6.79365,0.8,0,1
6589,bullet1,8.21278,6.22941,0.8,0,1
6590,flyer1,15.0043,6.34651,-0.299149,0.0225811,2
6591,bullet6,12.7808,6.78835,0.8,0,1
6592,player,4.36853,5.56086,0.00114409,-0.00137631,1
6592,bullet2,-0.0812649,5.62076,-0.8,-6.99382e-08,1
6592,bullet3,4.76853,5.56086,0.8,0,1
6593,bullet4,4.76904,5.56024,0.8,0,1
6594,bullet1,12.2128,6.22941,0.8,0,1
6595,bullet5,4.76938,5.55983,0.8,0,1
6597,player,4.70695,5.89725,0.337521,0.337475,1
6597,bullet3,8.76853,5.56086,0.8,0,1
6598,bullet4,8.76904,5.56024,0.8,0,1
6599,bullet1,16.2128,6.22941,0.8,0,1
6600,flyer2,16.5,6.23361,-0.3,0,2
6600,bullet5,8.76938,5.55983,0.8,0,1
6600,bullet6,5.35794,6.1482,0.8,0,1
6602,player,4.978,6.16827,0.00622821,0.00622736,1
6602,bullet3,12.7685,5.56086,0.8,0,1
6603,bullet4,12.769,5.56024,0.8,0,1
6605,flyer2,15,6.23361,-0.3,0,0
6605,bullet5,12.7694,5.55983,0.8,0,1
6605,bullet6,9.35794,6.1482,0.8,0,1
6606,bullet2,5.38289,6.17315,0.8,0,1
6607,player,4.983,6.17327,0.000114928,0.000114912,1
6610,bullet6,13.3579,6.1482,0.8,0,1
6610,bullet1,5.38309,5.61564,0.8,0,1
6611,bullet2,9.38289,6.17315,0.8,0,1
6612,player,4.49372,5.57105,-0.151873,-0.0138375,1
6612,flyer3,16.5,6.23361,-0.3,0,2
6613,bullet3,4.82538,5.56482,0.8,0,1
6614,bullet4,4.79462,5.56202,0.8,0,1
6615,bullet1,9.38309,5.61564,0.8,0,1
6616,bullet2,13.3829,6.17315,0.8,0,1
6617,player,4.37175,5.55994,-0.00280248,-0.000255341,1
6617,flyer3,15,6.23361,-0.3,0,0
6618,bullet3,8.82538,5.56482,0.8,0,1
6618,bullet5,4.77049,5.55982,0.8,0,1
6619,bullet4,8.79462,5.56202,0.8,0,1
6620,bullet1,13.3831,5.61564,0.8,0,1
6622,player,4.92722,5.55973,0.068292,-4.71175e-06,1
6623,bullet3,12.8254,5.56482,0.8,0,1
6623,bullet5,8.77049,5.55982,0.8,0,1
6624,flyer4,16.5,2.5848,-0.271933,-0.126699,2
6624,bullet4,12.7946,5.56202,0.8,0,1
6624,bullet6,5.86116,5.55973,0.8,0,1
6627,player,5.58438,5.55973,0.0150998,-8.69451e-08,1
6628,bullet5,12.7705,5.55982,0.8,0,1
6629,flyer4,15.1403,1.95131,-0.271933,-0.126699,2
6629,flyer5,16.5,2.5848,-0.3,0,2
6629,bullet6,9.86116,5.55973,0.8,0,1
6629,bullet2,5.99423,5.07036,0.8,0,1
6632,player,6.08588,5.44679,0.152154,0.138035,1
6632,bullet1,6.48588,5.44679,0.8,0,1
6634,flyer4,13.7807,1.31781,-0.271933,-0.126699,2
6634,flyer5,15,2.5848,-0.3,0,2
6634,bullet6,13.8612,5.55973,0.8,0,1
6634,bullet2,9.99423,5.07036,0.8,0,1
6637,player,5.13022,5.55765,-0.179822,0.00254714,1
6637,bullet1,10.4859,5.44679,0.8,0,1
6637,bullet3,5.53022,5.55765,0.8,0,1
6639,flyer4,12.421,0.684318,-0.271933,-0.126699,2
6639,flyer5,13.5,2.5848,-0.3,0,2
6639,bullet2,13.9942,5.07036,0.8,0,1
6640,bullet4,5.39651,5.07017,0.8,0,1
6642,player,4.98581,4.63372,-0.00331822,-0.368208,1
6642,bullet1,14.4859,5.44679,0.8,0,1
6642,bullet3,9.53022,5.55765,0.8,0,1
6644,flyer4,11.0613,0.050824,-0.271933,-0.126699,2
6644,flyer5,12,2.5848,-0.3,0,2
6644,bullet5,5.38365,4.39346,0.8,0,1
6645,bullet4,9.39651,5.07017,0.8,0,1
6647,player,4.42543,4.89574,-0.068405,0.0615493,1
6647,bullet3,13.5302,5.55765,0.8,0,1
6647,bullet6,4.82543,4.89574,0.8,0,1
6649,flyer5,10.5,2.5848,-0.3,0,2
6649,bullet5,9.38365,4.39346,0.8,0,1
6650,bullet4,13.3965,5.07017,0.8,0,1
6652,player,4.37049,4.94517,-0.00126226,0.00113576,1
6652,bullet6,8.82543,4.89574,0.8,0,1
6652,bullet2,4.77049,4.94517,0.8,0,1
6654,flyer5,9,2.5848,-0.3,0,2
6654,bullet5,13.3836,4.39346,0.8,0,1
6657,player,4.36948,4.27542,-2.32923e-05,0.0697126,1
6657,bullet6,12.8254,4.89574,0.8,0,1
6657,bullet2,8.77049,4.94517,0.8,0,1
6658,flyer6,16.5,12.4243,-0.3,0,2
6658,bullet1,3.96947,4.30679,-0.8,-6.99382e-08,1
6659,flyer5,7.5,2.5848,-0.3,0,2
6662,player,4.70696,4.66891,0.3375,0.338786,1
6662,bullet2,12.7705,4.94517,0.8,0,1
6663,flyer6,15,12.4243,-0.3,0,2
6663,bullet1,-0.0305294,4.30679,-0.8,-6.99382e-08,1
6664,flyer5,5.99999,2.5848,-0.3,0,2
6664,flayer7,16.5,12.4243,-0.3,0,2
6665,bullet3,5.35794,5.47856,0.8,0,1
6666,bullet4,5.37178,5.5232,0.8,0,1
6667,player,4.978,5.54329,0.00622782,0.0200912,1
6668,flyer6,13.5,12.4243,-0.3,0,2
6669,flyer5,4.49999,2.5848,-0.3,0,2
6669,flayer7,15,12.4243,-0.3,0,2
6670,bullet3,9.35794,5.47856,0.8,0,1
6671,bullet4,9.37178,5.5232,0.8,0,1
6672,player,4.38069,6.75022,-0.0137247,0.044965,1
6672,bullet5,4.78069,6.75022,0.8,0,1
6673,flyer6,12,12.4243,-0.3,0,2
6674,flyer5,2.99999,2.5848,-0.3,0,2
6674,flayer7,13.5,12.4243,-0.3,0,2
6674,bullet6,4.77174,6.77956,0.8,0,1
6675,bullet3,13.3579,5.47856,0.8,0,1
6676,bullet4,13.3718,5.5232,0.8,0,1
6677,player,3.81195,6.22861,-0.068597,-0.067514,1
6677,bullet5,8.78069,6.75022,0.8,0,1
6678,flyer6,10.5,12.4243,-0.3,0,2
6679,flyer5,1.49999,2.5848,-0.3,0,2
6679,flayer7,12,12.4243,-0.3,0,2
6679,bullet6,8.77174,6.77956,0.8,0,1
6682,player,2.34151,6.76286,-0.521395,0.0295089,1
6682,bullet5,12.7807,6.75022,0.8,0,1
6683,flyer6,9,12.4243,-0.3,0,2
6684,flyer5,-6.4373e-06,2.5848,-0.3,0,2
6684,flayer7,10.5,12.4243,-0.3,0,2
6684,bullet6,12.7717,6.77956,0.8,0,1
6687,player,1.33432,6.7558,-0.0403759,0.0381336,1
6687,flayer8,16.5,3.88335,-0.284956,0.0938086,2
6687,bullet1,1.73432,6.7558,0.8,0,1
6688,flyer6,7.5,12.4243,-0.3,0,2
6689,flayer7,9,12.4243,-0.3,0,2
6690,bullet2,2.26201,6.22644,0.8,0,1
6691,bullet3,2.29111,6.19725,0.8,0,1
6692,player,1.9042,6.18412,0.0130946,-0.0131359,1
6692,flayer8,15.0752,4.3524,-0.284956,0.0938086,2
6692,bullet1,5.73432,6.7558,0.8,0,1
6693,flyer6,5.99999,12.4243,-0.3,0,2
6694,flayer7,7.5,12.4243,-0.3,0,2
6695,bullet2,6.26201,6.22644,0.8,0,1
6696,bullet3,6.29111,6.19725,0.8,0,1
6697,player,1.91472,5.88066,0.000241631,-0.392247,1
6697,flayer8,13.6504,4.82144,-0.284956,0.0938086,2
6697,bullet1,9.73432,6.7558,0.8,0,1
6698,flyer6,4.49999,12.4243,-0.3,0,2
6698,bullet4,2.31483,5.70415,0.8,0,1
6699,flayer7,5.99999,12.4243,-0.3,0,2
6700,bullet2,10.262,6.22644,0.8,0,1
6701,bullet3,10.2911,6.19725,0.8,0,1
6702,player,1.91491,6.12337,4.45878e-06,0.0611057,1
6702,flayer8,12.2257,5.29048,-0.284956,0.0938086,2
6702,bullet1,13.7343,6.7558,0.8,0,1
6703,flyer6,2.99999,12.4243,-0.3,0,2
6703,bullet4,6.31483,5.70415,0.8,0,1
6704,flayer7,4.49999,12.4243,-0.3,0,2
6707,player,1.69035,5.69691,-0.475535,-0.167663,1
6708,flyer6,1.49999,12.4243,-0.3,0,2
6708,bullet4,10.3148,5.70415,0.8,0,1
6709,flayer7,2.99999,12.4243,-0.3,0,2
6710,flyer1,16.5,3.88335,-0.3,0,2
6710,bullet5,2.22611,5.57224,0.8,0,1
6712,player,1.89693,5.56227,0.0219797,-0.00309384,1
6712,bullet6,2.29693,5.56227,0.8,0,1
6713,flyer6,-6.4373e-06,12.4243,-0.3,0,2
6713,bullet4,14.3148,5.70415,0.8,0,1
6714,flayer7,1.49999,12.4243,-0.3,0,2
6715,flyer1,15,3.88335,-0.3,0,2
6715,bullet5,6.22611,5.57224,0.8,0,1
6717,player,2.40396,6.14825,0.152281,0.0306976,1
6717,bullet6,6.29693,5.56227,0.8,0,1
6719,flayer7,-6.4373e-06,12.4243,-0.3,0,2
6720,flyer1,13.5,3.88335,-0.3,0,2
6720,bullet5,10.2261,5.57224,0.8,0,1
6720,bullet2,2.42782,6.17108,0.8,0,1
6722,player,1.93778,6.1729,-0.0279447,0.000566457,1
6722,bullet6,10.2969,5.56227,0.8,0,1
6722,bullet3,2.33778,6.1729,0.8,0,1
6725,flyer1,12,3.88335,-0.3,0,2
6725,bullet5,14.2261,5.57224,0.8,0,1
6725,bullet2,6.42782,6.17108,0.8,0,1
6727,player,1.31302,6.12876,-0.0143553,0.0545146,1
6727,bullet6,14.2969,5.56227,0.8,0,1
6727,bullet3,6.33778,6.1729,0.8,0,1
6729,bullet1,1.70366,6.16434,0.8,0,1
6730,flyer1,10.5,3.88335,-0.3,0,2
6730,bullet2,10.4278,6.17108,0.8,0,1
6730,bullet4,1.70235,6.1693,0.8,0,1
6732,player,1.3015,6.17254,-0.000264895,0.00100595,1
6732,bullet3,10.3378,6.1729,0.8,0,1
6734,bullet1,5.70366,6.16434,0.8,0,1
6735,flyer1,9,3.88335,-0.3,0,2
6735,bullet2,14.4278,6.17108,0.8,0,1
6735,bullet4,5.70235,6.1693,0.8,0,1
6737,player,1.79066,5.68397,0.15187,-0.151856,1
6737,bullet3,14.3378,6.1729,0.8,0,1
6739,bullet1,9.70366,6.16434,0.8,0,1
6740,flyer1,7.5,3.88335,-0.3,0,2
6740,flyer2,16.5,6.4183,-0.3,0,2
6740,bullet4,9.70235,6.1693,0.8,0,1
6740,bullet5,2.86131,5.57105,0.8,0,1
6742,player,2.85244,5.56202,0.354142,-0.00280218,1
6744,bullet1,13.7037,6.16434,0.8,0,1
6745,flyer1,5.99999,3.88335,-0.3,0,2
6745,flyer2,15,6.4183,-0.3,0,1
6745,bullet4,13.7024,6.1693,0.8,0,1
6745,bullet5,6.86131,5.57105,0.8,0,1
6747,player,1.97681,5.62811,-0.0756484,-0.083583,1
6750,flyer1,4.49999,3.88335,-0.3,0,2
6750,bullet5,10.8613,5.57105,0.8,0,1
6751,flyer3,16.5,7.07638,-0.3,0,2
6751,bullet6,3.46365,5.53178,0.8,0,1
6752,player,3.10685,5.54715,0.0431984,0.0153727,1
6752,bullet2,3.50685,5.54715,0.8,0,1
6755,flyer1,2.99999,3.88335,-0.3,0,2
6755,bullet5,14.8613,5.57105,0.8,0,1
6756,flyer3,15,7.07638,-0.3,0,2
6756,bullet6,7.46365,5.53178,0.8,0,1
6757,player,2.55306,4.97102,-0.0299576,-0.030471,1
6757,bullet2,7.50685,5.54715,0.8,0,1
6758,bullet3,2.13958,4.95731,-0.8,-6.99382e-08,1
6760,flyer1,1.49999,3.88335,-0.3,0,2
6761,flyer3,13.5,7.07638,-0.3,0,2
6761,bullet6,11.4636,5.53178,0.8,0,1
6762,player,3.60685,3.8687,0.182077,-0.183192,1
6762,bullet2,11.5068,5.54715,0.8,0,1
6762,bullet1,4.00685,3.8687,0.8,0,1
6765,flyer1,-6.4373e-06,3.88335,-0.3,0,2
6765,bullet4,4.63162,3.73248,0.8,0,1
6766,flyer3,12,7.07638,-0.3,0,2
6766,bullet6,15.4636,5.53178,0.8,0,1
6767,player,4.34155,3.72158,0.0341145,-0.00338041,1
6767,bullet2,15.5068,5.54715,0.8,0,1
6767,bullet1,8.00685,3.8687,0.8,0,1
6769,flyer4,16.5,7.07638,-0.226093,0.197185,2
6769,bullet5,4.76381,3.71938,0.8,0,1
6770,bullet4,8.63163,3.73248,0.8,0,1
6771,flyer3,10.5,7.07638,-0.3,0,2
6772,player,3.54207,3.38137,-0.488745,-0.337562,1
6772,bullet1,12.0069,3.8687,0.8,0,1
6774,flyer4,15.3695,8.0623,-0.226093,0.197185,2
6774,bullet5,8.76381,3.71938,0.8,0,1
6774,bullet3,3.62316,3.16111,0.8,0,1
6775,bullet4,12.6316,3.73248,0.8,0,1
6776,flyer3,9,7.07638,-0.3,0,2
6777,player,3.70729,3.668,0.059325,0.0621148,1
6777,bullet1,16.0069,3.8687,0.8,0,1
6778,bullet6,4.13398,3.69595,0.8,0,1
6779,flyer4,14.2391,9.04822,-0.226093,0.197185,2
6779,bullet5,12.7638,3.71938,0.8,0,1
6779,bullet3,7.62317,3.16111,0.8,0,1
6780,bullet2,4.1514,3.71419,0.8,0,1
6781,flyer3,7.5,7.07638,-0.3,0,2
6782,player,3.75493,3.71788,0.00109471,0.00114619,1
6783,bullet6,8.13398,3.69595,0.8,0,1
6784,flyer4,13.1086,10.0341,-0.226093,0.197185,2
6784,bullet3,11.6232,3.16111,0.8,0,1
6785,bullet2,8.1514,3.71419,0.8,0,1
6786,flyer3,5.99999,7.07638,-0.3,0,2
6787,player,2.59578,4.87883,-0.0821632,0.0822045,1
6787,bullet1,2.99578,4.87883,0.8,0,1
6788,bullet6,12.134,3.69595,0.8,0,1
6789,flyer4,11.9781,11.0201,-0.226093,0.197185,2
6789,bullet3,15.6232,3.16111,0.8,0,1
6790,bullet2,12.1514,3.71419,0.8,0,1
6790,bullet4,2.93468,4.38224,0.8,0,1
6791,flyer3,4.49999,7.07638,-0.3,0,2
6792,player,2.52979,4.83191,-0.00151614,0.139552,1
6792,bullet1,6.99578,4.87883,0.8,0,1
6793,bullet6,16.134,3.69595,0.8,0,1
6794,flyer4,10.8477,12.006,-0.226093,0.197185,2
6794,bullet5,2.43943,4.92297,0.8,0,1
6795,bullet2,16.1514,3.71419,0.8,0,1
6795,bullet4,6.93468,4.38224,0.8,0,1
6796,flyer3,2.99999,7.07638,-0.3,0,2
6796,bullet3,2.34013,4.94141,0.8,0,1
6797,player,1.92626,4.94398,-0.0138676,0.00257513,1
6797,bullet1,10.9958,4.87883,0.8,0,1
6799,flyer4,9.7172,12.9919,-0.226093,0.197185,2
6799,bullet5,6.43943,4.92297,0.8,0,1
6800,bullet4,10.9347,4.38224,0.8,0,1
6801,flyer3,1.49999,7.07638,-0.3,0,2
6801,bullet3,6.34013,4.94141,0.8,0,1
6802,player,1.91513,4.35758,-0.000255896,-0.0307072,1
6802,bullet1,14.9958,4.87883,0.8,0,1
6804,flyer4,8.58673,13.9778,-0.226093,0.197185,2
6804,bullet5,10.4394,4.92297,0.8,0,1
6804,bullet6,2.31496,4.33754,0.8,0,1
6805,bullet4,14.9347,4.38224,0.8,0,1
6806,flyer3,-6.4373e-06,7.07638,-0.3,0,2
6806,bullet3,10.3401,4.94141,0.8,0,1
6807,player,2.25242,4.67042,0.337495,0.336933,1
6809,flyer4,7.45627,14.9638,-0.226093,0.197185,2
6809,bullet5,14.4394,4.92297,0.8,0,1
6809,bullet6,6.31496,4.33754,0.8,0,1
6811,bullet3,14.3401,4.94141,0.8,0,1
6812,player,3.11193,4.45163,0.0369824,-0.145658,1
6812,flyer5,16.5,2.25347,-0.3,0,2
6812,bullet2,3.51193,4.45163,0.8,0,1
6814,flyer4,6.3258,15.9497,-0.226093,0.197185,2
6814,bullet6,10.315,4.33754,0.8,0,1
6816,bullet1,3.54095,4.33734,0.8,0,1
6817,player,3.47913,4.67216,0.338182,0.334812,1
6817,flyer5,15,2.25347,-0.3,0,2
6817,bullet2,7.51193,4.45163,0.8,0,1
6819,bullet6,14.315,4.33754,0.8,0,1
6819,bullet4,4.0998,4.89062,0.8,0,1
6821,bullet1,7.54095,4.33734,0.8,0,1
6822,player,3.5305,4.38332,0.275397,-0.0621655,1
6822,flyer5,13.5,2.25347,-0.3,0,2
6822,bullet2,11.5119,4.45163,0.8,0,1
6824,bullet4,8.0998,4.89062,0.8,0,1
6826,bullet1,11.541,4.33734,0.8,0,1
6827,player,3.26229,4.33339,-0.146793,-0.00114713,1
6827,flyer5,12,2.25347,-0.3,0,2
6827,bullet2,15.5119,4.45163,0.8,0,1
6829,flayer8,16.5,2.25347,-0.299961,0.00484548,2
6829,bullet4,12.0998,4.89062,0.8,0,1
6829,bullet5,3.56651,4.33264,0.8,0,1
6831,bullet1,15.541,4.33734,0.8,0,1
6832,player,2.92419,3.77475,0.266448,-0.0683649,1
6832,flyer5,10.5,2.25347,-0.3,0,2
6834,flayer8,15.0002,2.2777,-0.299961,0.00484548,2
6834,bullet4,16.0998,4.89062,0.8,0,1
6834,bullet5,7.56651,4.33264,0.8,0,1
6835,flyer6,16.5,2.25347,-0.22233,-0.201419,2
6837,player,3.9607,4.10194,-0.2504,0.281734,1
6837,flyer5,9,2.25347,-0.3,0,2
6839,flayer8,13.5004,2.30193,-0.299961,0.00484548,2
6839,bullet5,11.5665,4.33264,0.8,0,1
6839,bullet3,4.19731,4.28577,0.8,0,1
6840,flyer6,15.3883,1.24638,-0.22233,-0.201419,2
6842,player,3.7596,4.88592,-0.00462058,0.0735425,1
6842,flyer5,7.5,2.25347,-0.3,0,2
6842,bullet6,4.1596,4.88592,0.8,0,1
6844,flayer8,12.0006,2.32615,-0.299961,0.00484548,2
6844,bullet5,15.5665,4.33264,0.8,0,1
6844,bullet3,8.19731,4.28577,0.8,0,1
6845,flyer6,14.2767,0.239288,-0.22233,-0.201419,2
6847,player,3.31111,6.03667,-0.206464,0.167072,1
6847,flyer5,5.99999,2.25347,-0.3,0,2
6847,bullet6,8.1596,4.88592,0.8,0,1
6848,bullet2,3.6182,6.11185,0.8,0,1
6849,flayer8,10.5008,2.35038,-0.299961,0.00484548,2
6849,bullet3,12.1973,4.28577,0.8,0,1
6849,bullet1,3.57639,6.14568,0.8,0,1
6852,player,2.8078,6.17084,-0.34131,0.00308294,1
6852,flyer5,4.49999,2.25347,-0.3,0,2
6852,bullet6,12.1596,4.88592,0.8,0,1
6853,bullet2,7.6182,6.11185,0.8,0,1
6854,flayer8,9.00097,2.37461,-0.299961,0.00484548,2
6854,bullet3,16.1973,4.28577,0.8,0,1
6854,bullet1,7.5764,6.14568,0.8,0,1
6857,player,2.97848,6.70729,0.200081,0.0974277,1
6857,flyer5,2.99999,2.25347,-0.3,0,2
6857,bullet6,16.1596,4.88592,0.8,0,1
6858,bullet2,11.6182,6.11185,0.8,0,1
6858,bullet4,3.46852,6.75113,0.8,0,1
6859,flayer8,7.50117,2.39884,-0.299961,0.00484548,2
6859,bullet1,11.5764,6.14568,0.8,0,1
6862,player,2.31229,6.44803,-0.485683,-0.335702,1
6862,flyer5,1.49999,2.25347,-0.3,0,2
6863,bullet2,15.6182,6.11185,0.8,0,1
6863,bullet4,7.46852,6.75113,0.8,0,1
6864,flayer8,6.00136,2.42306,-0.299961,0.00484548,2
6864,bullet1,15.5764,6.14568,0.8,0,1
6866,flayer7,16.5,3.49056,-0.289128,-0.0800308,2
6866,bullet5,1.77349,6.74235,0.8,0,1
6867,player,1.33378,6.76691,-0.0397169,0.02456,1
6867,flyer5,-6.4373e-06,2.25347,-0.3,0,2
6868,bullet4,11.4685,6.75113,0.8,0,1
6869,flayer8,4.50156,2.44729,-0.299961,0.00484548,2
6871,flayer7,15.0544,3.09041,-0.289128,-0.0800308,2
6871,bullet5,5.77349,6.74235,0.8,0,1
6871,bullet3,1.67186,6.78618,0.8,0,1
6872,player,1.62554,7.12413,0.353682,0.337953,1
6873,bullet4,15.4685,6.75113,0.8,0,1
6874,flayer8,3.00175,2.47152,-0.299961,0.00484548,2
6876,flayer7,13.6087,2.69025,-0.289128,-0.0800308,2
6876,bullet5,9.77349,6.74235,0.8,0,1
6876,bullet3,5.67186,6.78618,0.8,0,1
6877,player,1.90958,6.58684,0.00652643,0.244638,1
6879,flayer8,1.50195,2.49574,-0.299961,0.00484548,2
6881,flayer7,12.1631,2.2901,-0.289128,-0.0800308,2
6881,bullet5,13.7735,6.74235,0.8,0,1
6881,bullet3,9.67186,6.78618,0.8,0,1
6882,player,1.87022,6.78331,0.0546246,0.00451425,1
6882,bullet6,2.27022,6.78331,0.8,0,1
6884,flayer8,0.00214332,2.51997,-0.299961,0.00484548,2
6886,flayer7,10.7174,1.88994,-0.289128,-0.0800308,2
6886,flyer2,16.5,5.46251,-0.3,0,2
6886,bullet3,13.6719,6.78618,0.8,0,1
6887,player,1.35637,6.19846,-0.0673358,-0.0306714,1
6887,bullet6,6.27022,6.78331,0.8,0,1
6887,bullet2,1.75637,6.19846,0.8,0,1
6888,bullet1,1.72607,6.18466,0.8,0,1
6891,flayer7,9.27179,1.48979,-0.289128,-0.0800308,2
6891,flyer2,15,5.46251,-0.3,0,2
6892,player,0.4,6.73155,-0.0553653,0.0677778,1
6892,bullet6,10.2702,6.78331,0.8,0,1
6892,bullet2,5.75637,6.19846,0.8,0,1
6893,bullet1,5.72607,6.18466,0.8,0,1
6896,flayer7,7.82615,1.08964,-0.289128,-0.0800308,2
6896,flyer2,13.5,5.46251,-0.3,0,2
6897,player,1.51557,6.22826,0.0811617,-0.0670931,1
6897,bullet6,14.2702,6.78331,0.8,0,1
6897,bullet2,9.75637,6.19846,0.8,0,1
6898,bullet1,9.72607,6.18466,0.8,0,1
6901,flayer7,6.38051,0.689482,-0.289128,-0.0800308,2
6901,flyer2,12,5.46251,-0.3,0,0
6901,bullet4,0.833058,6.73334,0.8,0,1
6902,player,0.4,6.76285,-0.0323225,0.0295166,1
6906,flayer7,4.93487,0.289328,-0.289128,-0.0800308,2
6906,flyer1,16.5,5.46251,-0.3,0,2
6906,bullet4,4.83306,6.73334,0.8,0,1
6907,player,0.7375,6.29718,0.3375,-0.15133,1
6907,flyer3,16.5,15.2239,-0.3,0,2
6909,bullet5,1.35772,6.19844,0.8,0,1
6911,flayer7,3.48923,-0.110826,-0.289128,-0.0800308,2
6911,flyer1,15,5.46251,-0.3,0,2
6911,bullet4,8.83306,6.73334,0.8,0,1
6911,bullet3,1.40231,6.17844,0.8,0,1
6912,player,1.00854,6.17565,0.00622782,-0.00279247,1
6912,flyer3,15,15.2239,-0.3,0,2
6912,bullet6,1.40854,6.17565,0.8,0,1
6914,bullet5,5.35772,6.19844,0.8,0,1
6916,flyer1,13.5,5.46251,-0.3,0,2
6916,bullet4,12.8331,6.73334,0.8,0,1
6916,bullet3,5.40231,6.17844,0.8,0,1
6917,player,1.01354,6.76188,0.000114921,0.0307032,1
6917,flyer3,13.5,15.2239,-0.3,0,2
6917,bullet6,5.40854,6.17565,0.8,0,1
6919,bullet5,9.35772,6.19844,0.8,0,1
6921,flyer1,12,5.46251,-0.3,0,2
6921,bullet3,9.40231,6.17844,0.8,0,1
6921,bullet2,1.97135,7.34369,0.8,0,1
6922,player,1.60211,7.37501,0.0307568,0.0313212,1
6922,flyer3,12,15.2239,-0.3,0,2
6922,bullet6,9.40854,6.17565,0.8,0,1
6922,bullet1,2.00211,7.37501,0.8,0,1
6926,bullet2,5.97135,7.34369,0.8,0,1
6927,player,1.84703,7.40017,-0.268589,0.000577965,1
6927,flyer3,10.5,15.2239,-0.3,0,2
6927,bullet6,13.4085,6.17565,0.8,0,1
6927,bullet1,6.00211,7.37501,0.8,0,1
6928,bullet4,2.12616,7.40043,0.8,0,1
6931,bullet2,9.97135,7.34369,0.8,0,1
6932,player,1.63133,7.40063,-0.00495622,1.06651e-05,1
6932,flyer3,9,15.2239,-0.3,0,2
6932,bullet1,10.0021,7.37501,0.8,0,1
6932,bullet5,2.03133,7.40063,0.8,0,1
6933,bullet4,6.12616,7.40043,0.8,0,1
6936,bullet2,13.9714,7.34369,0.8,0,1
6937,player,1.06963,7.4314,-0.0684352,-0.0375889,1
6937,flyer3,7.5,15.2239,-0.3,0,2
6937,bullet1,14.0021,7.37501,0.8,0,1
6937,bullet5,6.03133,7.40063,0.8,0,1
6938,bullet4,10.1262,7.40043,0.8,0,1
6940,bullet3,0.861021,7.40344,0.8,0,1
6942,player,0.412357,6.91183,-0.0151024,-0.152569,1
6942,flyer3,5.99999,15.2239,-0.3,0,2
6942,bullet5,10.0313,7.40063,0.8,0,1
6943,bullet4,14.1262,7.40043,0.8,0,1
6945,bullet3,4.86102,7.40344,0.8,0,1
6946,flyer4,16.5,15.2239,-0.3,0,2
6947,player,0.903444,7.29252,0.134681,0.132145,1
6947,flyer3,4.49999,15.2239,-0.3,0,2
6947,bullet5,14.0313,7.40063,0.8,0,1
6950,flyer6,16.5,15.2239,-0.3,0,2
6950,bullet3,8.86102,7.40344,0.8,0,1
6951,flyer4,15,15.2239,-0.3,0,2
6952,player,0.4,6.95387,0,-0.203941,1
6952,flyer3,2.99999,15.2239,-0.3,0,2
6955,flyer6,15,15.2239,-0.3,0,2
6955,bullet3,12.861,7.40344,0.8,0,1
6956,flyer4,13.5,15.2239,-0.3,0,2
6957,player,0.499099,6.69099,-0.12112,0.117357,1
6957,flyer3,1.49999,15.2239,-0.3,0,2
6960,flyer6,13.5,15.2239,-0.3,0,2
6960,flyer5,16.5,13.5808,-0.3,0,2
6961,flyer4,12,15.2239,-0.3,0,2
6962,player,1.49352,6.22752,0.16348,-0.0661782,1
6962,flyer3,-6.4373e-06,15.2239,-0.3,0,2
6963,bullet6,1.96708,6.19774,0.8,0,1
6964,bullet2,2.00019,6.18434,0.8,0,1
6965,flyer6,12,15.2239,-0.3,0,2
6965,flyer5,15,13.5808,-0.3,0,2
6966,flyer4,10.5,15.2239,-0.3,0,2
6966,bullet1,2.02179,6.17559,0.8,0,1
6967,player,1.28731,5.83687,-0.334483,-0.338721,1
6968,bullet6,5.96708,6.19774,0.8,0,1
6969,bullet2,6.00019,6.18434,0.8,0,1
6969,bullet4,1.46905,5.61586,0.8,0,1
6970,flyer6,10.5,15.2239,-0.3,0,2
6970,flyer5,13.5,13.5808,-0.3,0,2
6971,flyer4,9,15.2239,-0.3,0,2
6971,bullet1,6.02179,6.17559,0.8,0,1
6972,player,1.01869,5.07548,-0.00617216,-0.158125,1
6973,bullet6,9.96708,6.19774,0.8,0,1
6974,bullet2,10.0002,6.18434,0.8,0,1
6974,bullet4,5.46906,5.61586,0.8,0,1
6975,flyer6,9,15.2239,-0.3,0,2
6975,flyer5,12,13.5808,-0.3,0,2
6976,flyer4,7.5,15.2239,-0.3,0,2
6976,bullet1,10.0218,6.17559,0.8,0,1
6977,player,0.762757,5.04759,0.306631,-0.124038,1
6978,bullet6,13.9671,6.19774,0.8,0,1
6979,bullet2,14.0002,6.18434,0.8,0,1
6979,bullet4,9.46906,5.61586,0.8,0,1
6980,flyer6,7.5,15.2239,-0.3,0,2
6980,flyer5,10.5,13.5808,-0.3,0,2
6981,flyer4,5.99999,15.2239,-0.3,0,2
6981,bullet1,14.0218,6.17559,0.8,0,1
6982,player,1.31575,4.97873,0.380747,-0.0398779,1
6984,bullet4,13.4691,5.61586,0.8,0,1
6985,flyer6,5.99999,15.2239,-0.3,0,2
6985,flyer5,9,13.5808,-0.3,0,2
6986,flyer4,4.49999,15.2239,-0.3,0,2
6987,player,0.79465,4.11983,-0.482349,-0.490111,1
6988,flayer8,16.5,13.5808,-0.3,0,2
6990,flyer6,4.49999,15.2239,-0.3,0,2
6990,flyer5,7.5,13.5808,-0.3,0,2
6991,flyer4,2.99999,15.2239,-0.3,0,2
6992,player,0.407283,3.72623,-0.0089007,-0.00904392,1
6992,bullet5,0.807283,3.72623,0.8,0,1
6993,flayer8,15,13.5808,-0.3,0,2
6993,bullet3,0.803277,3.72216,0.8,0,1
6995,flyer6,2.99999,15.2239,-0.3,0,2
6995,flyer5,5.99999,13.5808,-0.3,0,2
6996,flyer4,1.49999,15.2239,-0.3,0,2
6997,player,0.400135,3.71897,-0.000164243,-0.000166886,1
6997,bullet5,4.80728,3.72623,0.8,0,1
6997,bullet6,0.800135,3.71897,0.8,0,1
6998,flayer8,13.5,13.5808,-0.3,0,2
6998,bullet3,4.80328,3.72216,0.8,0,1
7000,flyer6,1.49999,15.2239,-0.3,0,2
7000,flyer5,4.49999,13.5808,-0.3,0,2
7000,bullet2,0.800012,4.20822,0.8,0,1
7001,flyer4,-6.4373e-06,15.2239,-0.3,0,2
7002,player,0.4,4.6448,-0,0.368252,1
7002,bullet5,8.80728,3.72623,0.8,0,1
7002,bullet6,4.80013,3.71897,0.8,0,1
7003,flayer8,12,13.5808,-0.3,0,2
7003,bullet3,8.80328,3.72216,0.8,0,1
7005,flyer6,-6.4373e-06,15.2239,-0.3,0,2
7005,flyer5,2.99999,13.5808,-0.3,0,2
7005,bullet2,4.80001,4.20822,0.8,0,1
7007,player,0.7375,4.00073,0.3375,-0.344544,1
7007,bullet5,12.8073,3.72623,0.8,0,1
7007,bullet6,8.80014,3.71897,0.8,0,1
7008,flayer8,10.5,13.5808,-0.3,0,2
7008,bullet3,12.8033,3.72216,0.8,0,1
7010,flyer5,1.49999,13.5808,-0.3,0,2
7010,bullet2,8.80001,4.20822,0.8,0,1
7012,player,0.420068,4.06153,-0.0245269,0.331142,1
7012,bullet6,12.8001,3.71897,0.8,0,1
7013,flayer8,9,13.5808,-0.3,0,2
7013,bullet1,0.809031,4.21054,0.8,0,1
7015,flyer5,-6.4373e-06,13.5808,-0.3,0,2
7015,bullet2,12.8,4.20822,0.8,0,1
7015,bullet4,0.801829,4.30778,0.8,0,1
7017,player,0.40037,4.32747,-0.00045259,0.0061105,1
7017,bullet6,16.8001,3.71897,0.8,0,1
7018,flayer8,7.5,13.5808,-0.3,0,2
7018,bullet1,4.80903,4.21054,0.8,0,1
7018,bullet5,0.800167,4.33022,0.8,0,1
7020,bullet4,4.80183,4.30778,0.8,0,1
7021,bullet3,0.800015,4.33226,0.8,0,1
7022,player,0.400007,4.33237,-8.35155e-06,0.000112756,1
7023,flayer8,5.99999,13.5808,-0.3,0,2
7023,bullet1,8.80903,4.21054,0.8,0,1
7023,bullet5,4.80017,4.33022,0.8,0,1
7025,bullet4,8.80183,4.30778,0.8,0,1
7026,bullet3,4.80002,4.33226,0.8,0,1
7027,player,0.957719,4.89019,0.0683436,0.0683458,1
7028,flayer8,4.49999,13.5808,-0.3,0,2
7028,bullet1,12.809,4.21054,0.8,0,1
7028,bullet5,8.80017,4.33022,0.8,0,1
7030,bullet4,12.8018,4.30778,0.8,0,1
7031,bullet3,8.80002,4.33226,0.8,0,1
7032,player,1.0126,4.94507,0.00126113,0.00126117,1
7033,flayer8,2.99999,13.5808,-0.3,0,2
7033,bullet5,12.8002,4.33022,0.8,0,1
7035,flyer2,16.5,13.5808,-0.299851,0.00945868,2
7036,bullet3,12.8,4.33226,0.8,0,1
7037,player,0.425144,5.53456,-0.0307314,0.030778,1
7038,flayer8,1.49999,13.5808,-0.3,0,2
7038,flayer7,16.5,13.5808,-0.238161,0.182426,2
7038,bullet6,0.811315,5.54841,0.8,0,1
7040,flyer2,15.0007,13.6281,-0.299851,0.00945868,2
7042,player,0.4,5.65837,0,-0.120552,1
7042,bullet2,0.8,5.65837,0.8,0,1
7043,flayer8,-6.4373e-06,13.5808,-0.3,0,2
7043,flayer7,15.3092,14.4929,-0.238161,0.182426,2
7043,bullet6,4.81131,5.54841,0.8,0,1
7044,bullet1,0.8,5.57971,0.8,0,1
7045,flyer2,13.5015,13.6754,-0.299851,0.00945868,2
7045,bullet4,0,5.56873,-0.8,-6.99382e-08,1
7047,player,0.4,5.56156,0,-0.00222453,1
7047,bullet2,4.8,5.65837,0.8,0,1
7047,bullet5,0.8,5.56156,0.8,0,1
7048,flayer7,14.1184,15.4051,-0.238161,0.182426,2
7048,bullet6,8.81132,5.54841,0.8,0,1
7049,bullet1,4.8,5.57971,0.8,0,1
7050,flyer2,12.0022,13.7227,-0.299851,0.00945868,2
7052,player,0.957719,5.00206,0.0683438,-0.0683848,1
7052,bullet2,8.8,5.65837,0.8,0,1
7052,bullet5,4.8,5.56156,0.8,0,1
7053,flayer7,12.9276,16.3172,-0.238161,0.182426,2
7053,bullet6,12.8113,5.54841,0.8,0,1
7054,bullet1,8.8,5.57971,0.8,0,1
7055,flyer2,10.503,13.77,-0.299851,0.00945868,2
7057,player,0.424131,4.94714,-0.0294936,-0.00126189,1
7057,bullet2,12.8,5.65837,0.8,0,1
7057,bullet5,8.8,5.56156,0.8,0,1
7058,bullet3,0.810859,4.94657,0.8,0,1
7059,bullet1,12.8,5.57971,0.8,0,1
7060,flyer2,9.00374,13.8173,-0.299851,0.00945868,2
7062,player,0.4,4.38841,0,-0.068367,1
7062,bullet5,12.8,5.56156,0.8,0,1
7062,bullet4,0.8,4.38841,0.8,0,1
7063,bullet3,4.81086,4.94657,0.8,0,1
7065,flyer2,7.50449,13.8646,-0.299851,0.00945868,2
7067,player,0.4,3.77579,0,-0.0696053,1
7067,flyer1,16.5,8.2749,-0.3,0,2
7067,bullet4,4.8,4.38841,0.8,0,1
7067,bullet6,0.8,3.77579,0.8,0,1
7068,bullet3,8.81086,4.94657,0.8,0,1
7070,flyer2,6.00523,13.9119,-0.299851,0.00945868,2
7072,player,0.4,4.81157,0,0.16443,1
7072,flyer1,15,8.2749,-0.3,0,2
7072,bullet4,8.8,4.38841,0.8,0,1
7072,bullet6,4.8,3.77579,0.8,0,1
7073,bullet3,12.8109,4.94657,0.8,0,1
7073,bullet2,0.8,4.88557,0.8,0,1
7075,flyer2,4.50598,13.9592,-0.299851,0.00945868,2
7077,player,0.7375,4.60613,0.3375,-0.334466,1
7077,flyer1,13.5,8.2749,-0.3,0,2
7077,bullet4,12.8,4.38841,0.8,0,1
7077,bullet6,8.8,3.77579,0.8,0,1
7078,bullet2,4.8,4.88557,0.8,0,1
7078,bullet1,1.28938,4.45562,0.8,0,1
7080,flyer2,3.00672,14.0064,-0.299851,0.00945868,2
7082,player,1.00854,3.29043,0.00622782,-0.226391,1
7082,flyer1,12,8.2749,-0.3,0,2
7082,bullet6,12.8,3.77579,0.8,0,1
7083,bullet2,8.8,4.88557,0.8,0,1
7083,bullet1,5.28938,4.45562,0.8,0,1
7084,bullet5,1.4126,3.14271,0.8,0,1
7085,flyer2,1.50747,14.0537,-0.299851,0.00945868,2
7087,player,1.01354,3.10862,0.000114921,-0.00417754,1
7087,flyer1,10.5,8.2749,-0.3,0,2
7087,bullet3,1.41354,3.10862,0.8,0,1
7088,bullet2,12.8,4.88557,0.8,0,1
7088,bullet1,9.28938,4.45562,0.8,0,1
7089,bullet5,5.4126,3.14271,0.8,0,1
7090,flyer2,0.00821239,14.101,-0.299851,0.00945868,2
7092,player,1.01363,3.10526,2.12061e-06,-7.70874e-05,1
7092,flyer1,9,8.2749,-0.3,0,2
7092,bullet3,5.41354,3.10862,0.8,0,1
7093,bullet1,13.2894,4.45562,0.8,0,1
7093,bullet4,1.41364,3.10523,0.8,0,1
7094,bullet5,9.41261,3.14271,0.8,0,1
7097,player,1.35114,3.59458,0.3375,0.151874,1
7097,flyer1,7.5,8.2749,-0.3,0,2
7097,bullet3,9.41354,3.10862,0.8,0,1
7098,bullet4,5.41364,3.10523,0.8,0,1
7099,bullet5,13.4126,3.14271,0.8,0,1
7099,bullet6,1.17136,3.69368,-0.8,-6.99382e-08,1
7102,player,1.28468,4.05404,-0.331272,0.340302,1
7102,flyer1,5.99999,8.2749,-0.3,0,2
7102,bullet3,13.4135,3.10862,0.8,0,1
7103,flyer3,16.5,8.2749,-0.3,0,2
7103,bullet4,9.41364,3.10523,0.8,0,1
7103,bullet2,1.5356,4.20718,0.8,0,1
7105,bullet1,1.43833,4.3071,0.8,0,1
7107,player,1.01864,4.32733,-0.0061129,0.00627954,1
7107,flyer1,4.49999,8.2749,-0.3,0,2
7107,bullet6,1.41864,4.32733,0.8,0,1
7108,flyer3,15,8.2749,-0.3,0,2
7108,bullet4,13.4136,3.10523,0.8,0,1
7108,bullet2,5.5356,4.20718,0.8,0,1
7110,bullet1,5.43833,4.3071,0.8,0,1
7112,player,0.4,5.25835,-0,0.368371,1
7112,flyer1,2.99999,8.2749,-0.3,0,2
7112,bullet6,5.41864,4.32733,0.8,0,1
7113,flyer3,13.5,8.2749,-0.3,0,2
7113,bullet2,9.53561,4.20718,0.8,0,1
7113,bullet5,0.8,5.42412,0.8,0,1
7115,bullet1,9.43834,4.3071,0.8,0,1
7117,player,0.4,6.04356,0,0.158672,1
7117,flyer1,1.49999,8.2749,-0.3,0,2
7117,bullet6,9.41864,4.32733,0.8,0,1
7118,flyer3,12,8.2749,-0.3,0,2
7118,bullet2,13.5356,4.20718,0.8,0,1
7118,bullet5,4.8,5.42412,0.8,0,1
7120,bullet1,13.4383,4.3071,0.8,0,1
7122,player,0.4,6.17099,0,0.00292795,1
7122,flyer1,-6.4373e-06,8.2749,-0.3,0,2
7122,bullet6,13.4186,4.32733,0.8,0,1
7122,bullet3,0.8,6.17099,0.8,0,1
7123,flyer3,10.5,8.2749,-0.3,0,2
7123,bullet5,8.8,5.42412,0.8,0,1
7126,flyer4,16.5,8.2749,-0.28325,-0.0988418,2
7127,player,0.889375,7.22043,0.151875,0.220273,1
7127,bullet3,4.8,6.17099,0.8,0,1
7128,flyer3,9,8.2749,-0.3,0,2
7128,bullet5,12.8,5.42412,0.8,0,1
7128,bullet4,1.35772,7.31955,0.8,0,1
7131,flyer4,15.0838,7.78069,-0.28325,-0.0988418,2
7131,bullet2,1.89792,7.39326,0.8,0,1
7132,player,1.56906,7.39733,0.0711463,0.00406465,1
7132,bullet3,8.8,6.17099,0.8,0,1
7133,flyer3,7.5,8.2749,-0.3,0,2
7133,bullet4,5.35772,7.31955,0.8,0,1
7133,bullet1,2.00108,7.39916,0.8,0,1
7136,flyer4,13.6675,7.28649,-0.28325,-0.0988418,2
7137,player,1.6262,7.88997,0.00131285,0.15195,1
7137,bullet3,12.8,6.17099,0.8,0,1
7138,flyer3,5.99999,8.2749,-0.3,0,0
7138,bullet4,9.35772,7.31955,0.8,0,1
7138,bullet6,2.02679,7.95835,0.8,0,1
7139,bullet5,2.02706,7.98912,0.8,0,1
7141,flyer4,12.2513,6.79228,-0.28325,-0.0988418,1
7142,player,1.77913,7.86013,-0.185601,0.188429,1
7143,bullet6,6.02679,7.95835,0.8,0,1
7144,bullet5,6.02706,7.98912,0.8,0,1
7145,bullet2,1.55174,8.00025,0.8,0,1
7146,flyer4,10.835,6.29807,-0.28325,-0.0988418,1
7147,player,1.0416,8.01145,-0.0341795,0.00347704,1
7147,bullet1,1.4416,8.01145,0.8,0,1
7148,bullet6,10.0268,7.95835,0.8,0,1
7149,bullet5,10.0271,7.98912,0.8,0,1
7150,bullet2,5.55174,8.00025,0.8,0,1
7151,flyer4,9.41875,5.80386,-0.28325,-0.0988418,1
7152,player,0.425679,8.01424,-0.0313854,6.41612e-05,1
7152,bullet1,5.4416,8.01145,0.8,0,1
7153,bullet6,14.0268,7.95835,0.8,0,1
7154,bullet5,14.0271,7.98912,0.8,0,1
7155,bullet2,9.55174,8.00025,0.8,0,1
7156,flyer4,8.00251,5.30965,-0.28325,-0.0988418,1
7157,player,0.4,8.57201,0,0.0683449,1
7157,flyer6,16.5,7.04357,-0.3,0,2
7157,bullet1,9.4416,8.01145,0.8,0,1
7157,bullet4,0.8,8.57201,0.8,0,1
7159,bullet3,0.8,8.61661,0.8,0,1
7160,bullet2,13.5517,8.00025,0.8,0,1
7161,flyer4,6.58626,4.81544,-0.28325,-0.0988418,1
7162,player,1.29522,7.73168,0.405844,-0.404583,1
7162,flyer6,15,7.04357,-0.3,0,2
7162,bullet1,13.4416,8.01145,0.8,0,1
7162,bullet4,4.8,8.57201,0.8,0,1
7164,bullet3,4.8,8.61661,0.8,0,1
7164,bullet6,1.96003,7.46769,0.8,0,1
7166,flyer4,5.17001,4.32124,-0.28325,-0.0988418,1
7166,bullet5,2.01366,7.41423,0.8,0,1
7167,player,1.28365,7.06927,-0.330011,-0.344966,1
7167,flyer6,13.5,7.04357,-0.3,0,2
7167,bullet4,8.8,8.57201,0.8,0,1
7169,bullet3,8.8,8.61661,0.8,0,1
7169,bullet6,5.96003,7.46769,0.8,0,1
7171,flyer4,3.75376,3.82703,-0.28325,-0.0988418,1
7171,bullet5,6.01366,7.41423,0.8,0,1
7172,player,1.57634,6.76147,0.0622541,0.0312235,1
7172,flyer6,12,7.04357,-0.3,0,2
7172,bullet4,12.8,8.57201,0.8,0,1
7174,bullet3,12.8,8.61661,0.8,0,1
7174,bullet6,9.96003,7.46769,0.8,0,1
7176,flyer4,2.33752,3.33282,-0.28325,-0.0988418,1
7177,player,1.67093,6.25258,-0.0533554,-0.0967947,1
7177,bullet4,16.8,8.57201,0.8,0,1
7180,flyer5,16.5,7.04357,-0.3,0,2
7180,bullet2,2.03125,6.1806,0.8,0,1
7181,flyer4,0.921268,2.83861,-0.28325,-0.0988418,1
7182,player,1.62808,6.17485,-0.000984557,-0.00178613,1
7182,flayer8,16.5,8.03226,-0.286868,-0.0877871,2
7182,bullet1,2.02808,6.17485,0.8,0,1
7185,flyer5,15,7.04357,-0.3,0,2
7185,bullet2,6.03125,6.1806,0.8,0,1
7185,bullet6,1.46963,5.6158,0.8,0,1
7186,flyer4,-0.49498,2.3444,-0.28325,-0.0988418,1
7186,bullet5,1.43883,5.58497,0.8,0,1
7187,player,1.02497,5.5711,-0.0138578,-0.0138726,1
7187,flayer8,15.0657,7.59332,-0.286868,-0.0877871,2
7187,bullet1,6.02808,6.17485,0.8,0,1
7190,flyer5,13.5,7.04357,-0.3,0,2
7190,bullet2,10.0313,6.1806,0.8,0,1
7190,bullet6,5.46963,5.6158,0.8,0,1
7191,bullet5,5.43883,5.58497,0.8,0,1
7192,player,0.411533,6.49977,-0.0140953,0.351084,1
7192,flayer8,13.6313,7.15439,-0.286868,-0.0877871,2
7192,bullet1,10.0281,6.17485,0.8,0,1
7195,bullet6,9.46963,5.6158,0.8,0,1
7195,bullet4,0.8,7.31856,0.8,0,1
7196,bullet5,9.43883,5.58497,0.8,0,1
7197,player,0.4,6.89466,0,-0.131557,1
7197,flayer8,12.197,6.71545,-0.286868,-0.0877871,2
7199,bullet3,0,7.29819,-0.8,-6.99382e-08,1
7200,bullet6,13.4696,5.6158,0.8,0,1
7200,bullet4,4.8,7.31856,0.8,0,1
7201,bullet5,13.4388,5.58497,0.8,0,1
7202,player,0.889375,7.88069,0.151875,0.163287,1
7202,flayer8,10.7626,6.27652,-0.286868,-0.0877871,2
7202,bullet2,1.28938,7.88069,0.8,0,1
7205,flayer7,16.5,8.03226,-0.3,0,2
7205,bullet4,8.8,7.31856,0.8,0,1
7206,bullet1,1.89792,8.00881,0.8,0,1
7207,player,1.56906,8.01182,0.0711463,0.0030131,1
7207,flayer8,9.3283,5.83758,-0.286868,-0.0877871,2
7207,bullet2,5.28938,7.88069,0.8,0,1
7208,bullet3,2.00108,8.01318,0.8,0,1
7210,flayer7,15,8.03226,-0.3,0,2
7210,bullet4,12.8,7.31856,0.8,0,1
7211,bullet1,5.89792,8.00881,0.8,0,1
7212,player,1.13682,8.50362,-0.150562,0.151931,1
7212,flayer8,7.89396,5.39864,-0.286868,-0.0877871,2
7212,bullet2,9.28938,7.88069,0.8,0,1
7212,bullet6,1.53682,8.50362,0.8,0,1
7213,bullet3,6.00108,8.01318,0.8,0,1
7215,flayer7,13.5,8.03226,-0.3,0,1
7216,bullet1,9.89792,8.00881,0.8,0,1
7217,player,0.526535,9.115,-0.154653,0.154679,1
7217,flayer8,6.45962,4.95971,-0.286868,-0.0877871,2
7217,bullet6,5.53682,8.50362,0.8,0,1
7218,bullet3,10.0011,8.01318,0.8,0,1
7218,bullet5,0.856941,9.18461,0.8,0,1
7221,bullet1,13.8979,8.00881,0.8,0,1
7222,player,0.89171,8.74985,0.149021,-0.149021,1
7222,flayer8,5.02528,4.52077,-0.286868,-0.0877871,2
7222,bullet6,9.53683,8.50362,0.8,0,1
7223,bullet3,14.0011,8.01318,0.8,0,1
7223,bullet5,4.85694,9.18461,0.8,0,1
7226,flyer2,16.5,8.03226,-0.274358,-0.121357,2
7227,player,1.50076,9.18789,0.154625,0.0655939,1
7227,flayer8,3.59093,4.08184,-0.286868,-0.0877871,2
7227,bullet6,13.5368,8.50362,0.8,0,1
7228,bullet5,8.85694,9.18461,0.8,0,1
7229,bullet4,1.51228,9.72006,0.8,0,1
7231,flyer2,15.1282,7.42547,-0.274358,-0.121357,1
7231,bullet2,1.43361,9.82783,0.8,0,1
7232,player,1.02263,9.84288,-0.0109863,0.01505,1
7232,flayer8,2.15659,3.6429,-0.286868,-0.0877871,2
7232,bullet1,1.42263,9.84288,0.8,0,1
7233,bullet5,12.8569,9.18461,0.8,0,1
7234,bullet4,5.51228,9.72006,0.8,0,1
7236,flyer2,13.7564,6.81868,-0.274358,-0.121357,1
7236,bullet2,5.43361,9.82783,0.8,0,1
7237,player,1.0138,9.85497,-0.000202729,0.000277715,1
7237,flayer8,0.722251,3.20396,-0.286868,-0.0877871,2
7237,bullet1,5.42263,9.84288,0.8,0,1
7239,bullet4,9.51228,9.72006,0.8,0,1
7241,flyer2,12.3846,6.2119,-0.274358,-0.121357,1
7241,bullet2,9.43361,9.82783,0.8,0,1
7242,player,0.4,9.36582,0,-0.15187,1
7242,bullet1,9.42263,9.84288,0.8,0,1
7242,bullet3,0.8,9.36582,0.8,0,1
7244,bullet4,13.5123,9.72006,0.8,0,1
7246,flyer2,11.0128,5.60511,-0.274358,-0.121357,1
7246,bullet2,13.4336,9.82783,0.8,0,1
7247,player,0.7375,9.24385,0.3375,-0.00280243,1
7247,bullet1,13.4226,9.84288,0.8,0,1
7247,bullet3,4.8,9.36582,0.8,0,1
7249,bullet6,1.35772,9.24202,0.8,0,1
7251,flyer2,9.64105,4.99832,-0.274358,-0.121357,1
7251,flyer1,16.5,8.03226,-0.3,0,2
7251,bullet5,1.40231,9.24165,0.8,0,1
7252,player,1.00854,9.24159,0.00622782,-5.17126e-05,1
7252,bullet3,8.8,9.36582,0.8,0,1
7252,bullet4,1.40854,9.24159,0.8,0,1
7254,bullet6,5.35772,9.24202,0.8,0,1
7256,flyer2,8.26927,4.39153,-0.274358,-0.121357,1
7256,flyer1,15,8.03226,-0.3,0,2
7256,bullet5,5.40231,9.24165,0.8,0,1
7257,player,0.676043,8.68383,-0.337385,-0.0683447,1
7257,bullet3,12.8,9.36582,0.8,0,1
7257,bullet4,5.40854,9.24159,0.8,0,1
7259,bullet6,9.35772,9.24202,0.8,0,1
7261,flyer2,6.89747,3.78475,-0.274358,-0.121357,1
7261,flyer1,13.5,8.03226,-0.3,0,2
7261,bullet5,9.40231,9.24165,0.8,0,1
7262,player,1.34491,8.96644,0.345114,0.336239,1
7262,bullet4,9.40854,9.24159,0.8,0,1
7264,bullet6,13.3577,9.24202,0.8,0,1
7266,flyer2,5.52568,3.17796,-0.274358,-0.121357,1
7266,flyer1,12,8.03226,-0.3,0,2
7266,bullet5,13.4023,9.24165,0.8,0,1
7267,player,0.726844,8.3105,-0.399475,-0.36205,1
7267,bullet4,13.4085,9.24159,0.8,0,1
7270,flyer3,16.5,7.94005,-0.286184,-0.0899939,2
7270,bullet2,0.8,8.04127,0.8,0,1
7271,flyer2,4.15389,2.57118,-0.274358,-0.121357,1
7271,flyer1,10.5,8.03226,-0.3,0,2
7272,player,0.7375,8.35724,0.3375,0.330819,1
7274,bullet1,1.35772,8.5731,0.8,0,1
7275,flyer3,15.0691,7.49008,-0.286184,-0.0899939,2
7275,bullet2,4.8,8.04127,0.8,0,1
7275,bullet3,1.38847,8.60325,0.8,0,1
7276,flyer2,2.7821,1.96439,-0.274358,-0.121357,1
7276,flyer1,9,8.03226,-0.3,0,2
7277,player,1.00854,8.62292,0.00622782,0.00610454,1
7277,bullet6,1.40854,8.62292,0.8,0,1
7279,bullet1,5.35772,8.5731,0.8,0,1
7280,flyer3,13.6382,7.04011,-0.286184,-0.0899939,2
7280,bullet3,5.38847,8.60325,0.8,0,1
7281,flyer2,1.41031,1.3576,-0.274358,-0.121357,1
7281,flyer1,7.5,8.03226,-0.3,0,0
7282,player,0.4,10.2772,0,0.234171,1
7282,bullet6,5.40854,8.62292,0.8,0,1
7284,bullet5,0.8,10.43,0.8,0,1
7285,flyer3,12.2072,6.59014,-0.286184,-0.0899939,2
7285,bullet3,9.38847,8.60325,0.8,0,1
7286,flyer2,0.0385179,0.750817,-0.274358,-0.121357,1
7287,player,0.4,10.4653,0,0.00432111,1
7287,bullet6,9.40854,8.62292,0.8,0,1
7287,bullet4,0.8,10.4653,0.8,0,1
7289,bullet5,4.8,10.43,0.8,0,1
7290,flyer3,10.7763,6.14017,-0.286184,-0.0899939,2
7290,bullet3,13.3885,8.60325,0.8,0,1
7292,player,0.4,10.4688,0,7.97367e-05,1
7292,bullet6,13.4085,8.62292,0.8,0,1
7292,bullet4,4.8,10.4653,0.8,0,1
7294,bullet5,8.8,10.43,0.8,0,1
7295,flyer3,9.34542,5.6902,-0.286184,-0.0899939,2
7296,flyer6,16.5,7.94005,-0.3,0,2
7296,bullet2,0.8,9.9111,0.8,0,1
7297,player,0.4,10.2178,0,0.306747,1
7297,bullet4,8.8,10.4653,0.8,0,1
7299,bullet5,12.8,10.43,0.8,0,1
7300,flyer3,7.9145,5.24023,-0.286184,-0.0899939,2
7301,flyer6,15,7.94005,-0.3,0,2
7301,bullet2,4.8,9.9111,0.8,0,1
7301,bullet1,0.8,10.4585,0.8,0,1
7302,player,0.4,10.4642,0,0.00566034,1
7302,bullet4,12.8,10.4653,0.8,0,1
7305,flyer3,6.48358,4.79026,-0.286184,-0.0899939,2
7306,flyer6,13.5,7.94005,-0.3,0,2
7306,bullet2,8.8,9.9111,0.8,0,1
7306,bullet1,4.8,10.4585,0.8,0,1
7307,player,1.47785,11.5466,0.18263,0.182734,1
7307,bullet3,1.87785,11.5466,0.8,0,1
7310,flyer3,5.05266,4.34029,-0.286184,-0.0899939,2
7311,flyer6,12,7.94005,-0.3,0,2
7311,bullet2,12.8,9.9111,0.8,0,1
7311,bullet1,8.8,10.4585,0.8,0,1
7312,player,2.18223,12.0001,0.0717138,0.378461,1
7312,bullet3,5.87785,11.5466,0.8,0,1
7314,bullet6,2.62903,12.247,0.8,0,1
7315,flyer3,3.62174,3.89032,-0.286184,-0.0899939,2
7316,flyer6,10.5,7.94005,-0.3,0,2
7316,bullet1,12.8,10.4585,0.8,0,1
7317,player,2.23983,11.4088,0.00132332,-0.39886,1
7317,bullet3,9.87785,11.5466,0.8,0,1
7319,bullet6,6.62903,12.247,0.8,0,1
7319,bullet5,1.84069,11.1485,-0.8,-6.99382e-08,1
7320,flyer3,2.19082,3.44035,-0.286184,-0.0899939,2
7321,flyer6,9,7.94005,-0.3,0,2
7322,player,2.79861,10.5308,0.0683682,-0.0757038,1
7322,bullet3,13.8779,11.5466,0.8,0,1
7322,bullet4,3.19861,10.5308,0.8,0,1
7323,bullet2,3.22937,10.4967,0.8,0,1
7324,bullet6,10.629,12.247,0.8,0,1
7325,flyer3,0.759904,2.99038,-0.286184,-0.0899939,2
7326,flyer6,7.5,7.94005,-0.3,0,2
7327,player,3.34289,10.47,0.153137,-0.00139695,1
7327,bullet4,7.19861,10.5308,0.8,0,1
7328,bullet2,7.22937,10.4967,0.8,0,1
7328,bullet1,3.8118,10.4693,0.8,0,1
7329,bullet6,14.629,12.247,0.8,0,1
7331,flyer6,5.99999,7.94005,-0.3,0,2
7332,player,3.46587,10.4688,0.0028258,-2.57776e-05,1
7332,bullet4,11.1986,10.5308,0.8,0,1
7332,bullet5,3.86587,10.4688,0.8,0,1
7333,bullet2,11.2294,10.4967,0.8,0,1
7333,bullet1,7.8118,10.4693,0.8,0,1
7336,flyer6,4.49999,7.94005,-0.3,0,2
7337,player,3.46814,9.9111,5.2144e-05,-0.0683442,1
7337,bullet4,15.1986,10.5308,0.8,0,1
7337,bullet5,7.86587,10.4688,0.8,0,1
7338,bullet2,15.2294,10.4967,0.8,0,1
7338,bullet1,11.8118,10.4693,0.8,0,1
7340,flyer4,16.5,7.94005,-0.3,0,2
7341,flyer6,2.99999,7.94005,-0.3,0,2
7341,bullet3,3.27971,9.88824,0.8,0,1
7342,player,3.20337,9.87006,0.323661,-0.0181762,1
7342,bullet5,11.8659,10.4688,0.8,0,1
7343,bullet1,15.8118,10.4693,0.8,0,1
7345,flyer4,15,7.94005,-0.3,0,2
7346,flyer6,1.49999,7.94005,-0.3,0,2
7346,bullet3,7.27971,9.88824,0.8,0,1
7347,player,3.1258,8.96024,-0.331528,-0.406179,1
7347,bullet5,15.8659,10.4688,0.8,0,1
7348,flyer5,16.5,7.94005,-0.270188,-0.130379,2
7350,flyer4,13.5,7.94005,-0.3,0,2
7351,flyer6,-6.4373e-06,7.94005,-0.3,0,2
7351,bullet3,11.2797,9.88824,0.8,0,1
7352,player,1.7817,8.04557,-0.188747,-0.0382498,1
7352,bullet6,2.1817,8.04557,0.8,0,1
7353,flyer5,15.1491,7.28816,-0.270188,-0.130379,2
7355,flyer4,12,7.94005,-0.3,0,2
7356,bullet3,15.2797,9.88824,0.8,0,1
7357,player,1.63012,8.01486,-0.00348292,-0.000705817,1
7357,bullet6,6.1817,8.04557,0.8,0,1
7358,flyer5,13.7981,6.63626,-0.270188,-0.130379,2
7358,flayer7,16.5,7.94005,-0.263456,0.143496,2
7360,flyer4,10.5,7.94005,-0.3,0,2
7360,bullet4,2.02753,8.01433,0.8,0,1
7361,bullet2,2.02739,8.0143,0.8,0,1
7362,player,1.62733,8.01429,-6.42696e-05,-1.30243e-05,1
7363,flyer5,12.4472,5.98437,-0.270188,-0.130379,2
7363,flayer7,15.1827,8.65753,-0.263456,0.143496,2
7363,bullet1,2.0273,8.01428,0.8,0,1
7365,flyer4,9,7.94005,-0.3,0,1
7365,bullet4,6.02753,8.01433,0.8,0,1
7366,bullet2,6.02739,8.0143,0.8,0,1
7367,player,0.549426,8.50365,-0.182631,0.151875,1
7368,flyer5,11.0963,5.33248,-0.270188,-0.130379,2
7368,flayer7,13.8654,9.37502,-0.263456,0.143496,2
7368,bullet1,6.0273,8.01428,0.8,0,1
7371,bullet2,10.0274,8.0143,0.8,0,1
7371,bullet5,0.8,9.21129,0.8,0,1
7372,player,0.4,9.22793,0,0.0166421,1
7373,flyer5,9.74532,4.68058,-0.270188,-0.130379,2
7373,flayer7,12.5482,10.0925,-0.263456,0.143496,2
7373,bullet1,10.0273,8.01428,0.8,0,1
7373,bullet3,0.8,9.23542,0.8,0,1
7376,bullet2,14.0274,8.0143,0.8,0,1
7376,bullet5,4.8,9.21129,0.8,0,1
7377,player,0.4,9.73067,0,0.152182,1
7378,flyer5,8.39438,4.02869,-0.270188,-0.130379,2
7378,flayer7,11.2309,10.81,-0.263456,0.143496,2
7378,bullet1,14.0273,8.01428,0.8,0,1
7378,bullet3,4.8,9.23542,0.8,0,1
7379,bullet6,0.8,9.82997,0.8,0,1
7381,bullet5,8.8,9.21129,0.8,0,1
7381,bullet4,0.8,9.85008,0.8,0,1
7382,player,0.4,9.85288,0,0.00280819,1
7383,flyer5,7.04344,3.3768,-0.270188,-0.130379,2
7383,flayer7,9.91361,11.5275,-0.263456,0.143496,2
7383,bullet3,8.8,9.23542,0.8,0,1
7384,bullet6,4.8,9.82997,0.8,0,1
7386,bullet5,12.8,9.21129,0.8,0,1
7386,bullet4,4.8,9.85008,0.8,0,1
7387,player,0.4,9.36576,0,-0.151823,1
7388,flyer5,5.6925,2.7249,-0.270188,-0.130379,2
7388,flayer7,8.59634,12.2449,-0.263456,0.143496,2
7388,bullet3,12.8,9.23542,0.8,0,1
7389,bullet6,8.8,9.82997,0.8,0,1
7391,bullet4,8.8,9.85008,0.8,0,1
7392,player,0.957719,9.24384,0.0683438,-0.00280156,1
7392,bullet2,1.35772,9.24384,0.8,0,1
7393,flyer5,4.34156,2.07301,-0.270188,-0.130379,2
7393,flayer7,7.27906,12.9624,-0.263456,0.143496,2
7394,bullet6,12.8,9.82997,0.8,0,1
7396,bullet4,12.8,9.85008,0.8,0,1
7397,player,0.4,9.24159,0,-5.16967e-05,1
7397,bullet2,5.35772,9.24384,0.8,0,1
7397,bullet1,0.8,9.24159,0.8,0,1
7398,flyer5,2.99062,1.42111,-0.270188,-0.130379,2
7398,flayer7,5.96178,13.6799,-0.263456,0.143496,2
7400,bullet5,0.8,8.75218,0.8,0,1
7402,player,0.7375,8.65308,0.3375,-0.0307556,1
7402,bullet2,9.35772,9.24384,0.8,0,1
7402,bullet1,4.8,9.24159,0.8,0,1
7403,flyer5,1.63968,0.769221,-0.270188,-0.130379,2
7403,flayer7,4.6445,14.3974,-0.263456,0.143496,2
7403,bullet3,1.28938,8.63924,0.8,0,1
7405,bullet5,4.8,8.75218,0.8,0,1
7407,player,0.519166,9.11775,-0.145647,0.151307,1
7407,bullet2,13.3577,9.24384,0.8,0,1
7407,bullet1,8.8,9.24159,0.8,0,1
7408,flyer5,0.288744,0.117328,-0.270188,-0.130379,2
7408,flayer7,3.32722,15.1149,-0.263456,0.143496,2
7408,bullet3,5.28938,8.63924,0.8,0,1
7410,bullet5,8.8,8.75218,0.8,0,1
7412,player,1.32817,8.34404,0.365567,-0.403052,1
7412,bullet1,12.8,9.24159,0.8,0,1
7413,flayer7,2.00994,15.8324,-0.263456,0.143496,2
7413,bullet3,9.28938,8.63924,0.8,0,1
7413,bullet6,1.89268,8.16267,0.8,0,1
7415,bullet5,12.8,8.75218,0.8,0,1
7417,player,1.06403,8.02035,-0.061598,-0.00743744,1
7418,flayer8,16.5,2.0662,-0.25003,0.165785,2
7418,bullet3,13.2894,8.63924,0.8,0,1
7418,bullet6,5.89268,8.16267,0.8,0,1
7420,flyer1,16.5,2.0662,-0.266471,-0.137816,2
7420,bullet4,1.97595,7.4571,0.8,0,1
7422,player,1.61688,7.41207,0.012703,-0.0139769,1
7422,bullet2,2.01688,7.41207,0.8,0,1
7423,flayer8,15.2498,2.89513,-0.25003,0.165785,2
7423,bullet6,9.89268,8.16267,0.8,0,1
7423,bullet1,2.0226,7.40578,0.8,0,1
7425,flyer1,15.1676,1.37712,-0.266471,-0.137816,2
7425,bullet4,5.97595,7.4571,0.8,0,1
7427,player,1.13771,7.89022,-0.151641,0.151617,1
7427,bullet2,6.01688,7.41207,0.8,0,1
7428,flayer8,13.9997,3.72405,-0.25003,0.165785,2
7428,bullet6,13.8927,8.16267,0.8,0,1
7428,bullet1,6.0226,7.40578,0.8,0,1
7430,flyer1,13.8353,0.688036,-0.266471,-0.137816,2
7430,bullet4,9.97595,7.4571,0.8,0,1
7432,player,1.5053,8.01198,0.149077,0.00279776,1
7432,bullet2,10.0169,7.41207,0.8,0,1
7432,bullet5,1.9053,8.01198,0.8,0,1
7433,flayer8,12.7495,4.55298,-0.25003,0.165785,2
7433,bullet1,10.0226,7.40578,0.8,0,1
7435,flyer1,12.5029,-0.00104585,-0.266471,-0.137816,2
7435,bullet4,13.976,7.4571,0.8,0,1
7437,player,0.577929,8.08257,-0.217468,-0.0834796,1
7437,bullet2,14.0169,7.41207,0.8,0,1
7437,bullet5,5.9053,8.01198,0.8,0,1
7438,flayer8,11.4994,5.38191,-0.25003,0.165785,2
7438,bullet1,14.0226,7.40578,0.8,0,1
7441,flyer2,16.5,2.0662,-0.3,0,2
7442,player,0.516222,9.09337,-0.142048,0.181089,1
7442,flyer3,16.5,2.0662,-0.3,0,2
7442,bullet5,9.9053,8.01198,0.8,0,1
7442,bullet3,0.916222,9.09337,0.8,0,1
7443,flayer8,10.2492,6.21083,-0.25003,0.165785,2
7444,bullet6,0.823536,9.21153,0.8,0,1
7446,flyer2,15,2.0662,-0.3,0,2
7447,player,0.402146,8.68108,-0.00262119,-0.0650022,1
7447,flyer3,15,2.0662,-0.3,0,2
7447,bullet5,13.9053,8.01198,0.8,0,1
7447,bullet3,4.91622,9.09337,0.8,0,1
7448,flayer8,8.99908,7.03976,-0.25003,0.165785,2
7449,bullet6,4.82354,9.21153,0.8,0,1
7449,bullet4,0.800435,8.63867,0.8,0,1
7451,flyer2,13.5,2.0662,-0.3,0,2
7452,player,0.889416,8.78075,0.151827,-0.186824,1
7452,flyer3,13.5,2.0662,-0.3,0,2
7452,bullet3,8.91622,9.09337,0.8,0,1
7453,flayer8,7.74893,7.86869,-0.25003,0.165785,2
7454,bullet6,8.82354,9.21153,0.8,0,1
7454,bullet4,4.80044,8.63867,0.8,0,1
7456,flyer2,12,2.0662,-0.3,0,2
7457,player,0.4,8.26246,-0.100761,-0.303358,1
7457,flyer3,12,2.0662,-0.3,0,2
7457,bullet3,12.9162,9.09337,0.8,0,1
7458,flayer8,6.49878,8.69762,-0.25003,0.165785,1
7459,bullet6,12.8235,9.21153,0.8,0,1
7459,bullet2,0.8,8.06452,0.8,0,1
7461,flyer2,10.5,2.0662,-0.3,0,2
7462,player,0.4,8.50821,0,0.146277,1
7462,flyer3,10.5,2.0662,-0.3,0,2
7462,bullet1,0.8,8.50821,0.8,0,1
7463,flayer8,5.24863,9.52655,-0.25003,0.165785,1
7464,bullet2,4.8,8.06452,0.8,0,1
7464,bullet5,0,8.60366,-0.8,-6.99382e-08,1
7466,flyer2,9,2.0662,-0.3,0,2
7467,player,0.4,9.18341,0,0.071043,1
7467,flyer3,9,2.0662,-0.3,0,2
7467,bullet1,4.8,8.50821,0.8,0,1
7467,bullet4,0.8,9.18341,0.8,0,1
7468,flayer8,3.99847,10.3555,-0.25003,0.165785,1
7468,bullet3,0.8,9.21538,0.8,0,1
7469,bullet2,8.8,8.06452,0.8,0,1
7471,flyer2,7.5,2.0662,-0.3,0,2
7472,player,0.4,9.24046,0,0.00131094,1
7472,flyer3,7.5,2.0662,-0.3,0,2
7472,bullet1,8.8,8.50821,0.8,0,1
7472,bullet4,4.8,9.18341,0.8,0,1
7473,flayer8,2.74832,11.1844,-0.25003,0.165785,1
7473,bullet3,4.8,9.21538,0.8,0,1
7474,bullet2,12.8,8.06452,0.8,0,1
7476,flyer2,5.99999,2.0662,-0.3,0,2
7477,player,0.7375,9.57902,0.3375,0.337524,1
7477,flyer3,5.99999,2.0662,-0.3,0,2
7477,bullet1,12.8,8.50821,0.8,0,1
7477,bullet4,8.8,9.18341,0.8,0,1
7478,flayer8,1.49817,12.0133,-0.25003,0.165785,1
7478,bullet3,8.8,9.21538,0.8,0,1
7481,flyer2,4.49999,2.0662,-0.3,0,2
7482,player,1.49792,9.58526,0.158103,0.329889,1
7482,flyer3,4.49999,2.0662,-0.3,0,2
7482,bullet4,12.8,9.18341,0.8,0,1
7483,flayer8,0.248019,12.8423,-0.25003,0.165785,1
7483,bullet3,12.8,9.21538,0.8,0,1
7486,flyer2,2.99999,2.0662,-0.3,0,2
7487,player,2.77108,9.88094,0.102016,-0.0315017,1
7487,flyer3,2.99999,2.0662,-0.3,0,2
7487,flyer6,16.5,15.265,-0.3,0,2
7487,bullet6,2.37108,9.88094,-0.8,-6.99382e-08,1
7491,flyer2,1.49999,2.0662,-0.3,0,2
7491,flyer4,16.5,15.265,-0.299689,-0.0136557,2
7492,player,2.8976,10.1485,-0.0526217,0.391423,1
7492,flyer3,1.49999,2.0662,-0.3,0,2
7492,flyer6,15,15.265,-0.3,0,2
7495,finish,18.9485,8,-0.2,0,1
7496,flyer2,-6.4373e-06,2.0662,-0.3,0,2
7496,flyer4,15.0016,15.1968,-0.299689,-0.0136557,2
7497,player,3.41306,11.0514,0.0673727,0.0379775,1
7497,flyer3,-6.4373e-06,2.0662,-0.3,0,2
7497,flyer6,13.5,15.265,-0.3,0,2
7497,bullet5,3.81306,11.0514,0.8,0,1
7498,bullet2,3.04338,11.0685,-0.8,-6.99382e-08,1
7500,finish,17.9485,8,-0.2,0,1
7501,flyer4,13.5031,15.1285,-0.299689,-0.0136557,2
7501,bullet1,3.37655,11.0812,0.8,0,1
7502,player,2.90944,11.0819,-0.0671005,0.000700792,1
7502,flyer6,12,15.265,-0.3,0,2
7502,bullet5,7.81306,11.0514,0.8,0,1
7504,bullet4,3.75504,10.5929,0.8,0,1
7505,finish,16.9485,8,-0.2,0,1
7506,flyer4,12.0047,15.0602,-0.299689,-0.0136557,2
7506,bullet1,7.37655,11.0812,0.8,0,1
7507,player,3.45787,9.99074,0.0126014,-0.165702,1
7507,flyer6,10.5,15.265,-0.3,0,2
7507,bullet5,11.8131,11.0514,0.8,0,1
7509,bullet4,7.75504,10.5929,0.8,0,1
7510,finish,15.9485,8,-0.2,0,1
7510,bullet3,3.30952,9.3098,0.8,0,1
7511,flyer4,10.5062,14.9919,-0.299689,-0.0136557,2
7511,bullet1,11.3765,11.0812,0.8,0,1
7512,player,2.86568,8.76598,-0.0136071,-0.168772,1
7512,flyer6,9,15.265,-0.3,0,2
7512,bullet5,15.8131,11.0514,0.8,0,1
7514,bullet4,11.755,10.5929,0.8,0,1
7514,bullet6,2.76742,8.16648,0.8,0,1
7515,finish,14.9485,8,-0.2,0,1
7515,bullet3,7.30952,9.3098,0.8,0,1
7516,flyer4,9.00777,14.9236,-0.299689,-0.0136557,2
7516,bullet1,15.3765,11.0812,0.8,0,1
7517,player,1.91494,7.69063,-0.351591,-0.354454,1
7517,flyer6,7.5,15.265,-0.3,0,2
7519,bullet4,15.755,10.5929,0.8,0,1
7519,bullet6,6.76742,8.16648,0.8,0,1
7520,finish,13.9485,8,-0.2,0,1
7520,bullet3,11.3095,9.3098,0.8,0,1
7521,flyer4,7.50932,14.8554,-0.299689,-0.0136557,2
7521,bullet2,2.03907,6.92314,0.8,0,1
7522,player,1.63258,6.84825,-0.00648784,-0.0748844,1
7522,flyer6,5.99999,15.265,-0.3,0,2
7523,bullet5,2.02966,6.81455,0.8,0,1
7524,bullet6,10.7674,8.16648,0.8,0,1
7525,finish,12.9485,8,-0.2,0,1
7525,bullet3,15.3095,9.3098,0.8,0,1
7526,flyer4,6.01088,14.7871,-0.299689,-0.0136557,2
7526,bullet2,6.03907,6.92314,0.8,0,1
7527,player,1.62737,6.78811,-0.000119719,-0.00138183,1
7527,flyer6,4.49999,15.265,-0.3,0,2
7528,bullet5,6.02966,6.81455,0.8,0,1
7529,bullet6,14.7674,8.16648,0.8,0,1
7529,bullet1,2.02729,6.78721,0.8,0,1
7530,finish,11.9485,8,-0.2,0,1
7531,flyer4,4.51243,14.7188,-0.299689,-0.0136557,2
7531,bullet2,10.0391,6.92314,0.8,0,1
7532,player,1.62727,6.787,-2.20915e-06,-2.54986e-05,1
7532,flyer6,2.99999,15.265,-0.3,0,2
7533,bullet5,10.0297,6.81455,0.8,0,1
7534,bullet1,6.02729,6.78721,0.8,0,1
7535,finish,10.9485,8,-0.2,0,1
7536,flyer4,3.01398,14.6505,-0.299689,-0.0136557,2
7536,bullet2,14.0391,6.92314,0.8,0,1
7537,player,0.549421,7.37546,-0.18263,0.0307542,1
7537,flyer6,1.49999,15.265,-0.3,0,2
7537,bullet4,0.949421,7.37546,0.8,0,1
7538,bullet5,14.0297,6.81455,0.8,0,1
7539,bullet1,10.0273,6.78721,0.8,0,1
7540,finish,9.9485,8,-0.2,0,1
7540,bullet3,0.813613,7.39832,0.8,0,1
7541,flyer4,1.51554,14.5823,-0.299689,-0.0136557,2
7542,player,0.402754,7.40015,-0.00337003,0.000567502,1
7542,flyer6,-6.4373e-06,15.265,-0.3,0,2
7542,bullet4,4.94942,7.37546,0.8,0,1
7542,bullet6,0.802754,7.40015,0.8,0,1
7544,bullet1,14.0273,6.78721,0.8,0,1
7545,finish,8.94851,8,-0.2,0,1
7545,bullet3,4.81361,7.39832,0.8,0,1
7546,flyer4,0.0170932,14.514,-0.299689,-0.0136557,2
7547,player,0.400048,6.84289,-6.21866e-05,-0.0683333,1
7547,bullet4,8.94942,7.37546,0.8,0,1
7547,bullet6,4.80275,7.40015,0.8,0,1
7547,bullet2,0.800048,6.84289,0.8,0,1
7550,finish,7.94851,8,-0.2,0,1
7550,bullet3,8.81361,7.39832,0.8,0,1
7552,player,0.399998,6.45051,-1.14752e-06,-0.338761,1
7552,bullet4,12.9494,7.37546,0.8,0,1
7552,bullet6,8.80276,7.40015,0.8,0,1
7552,bullet2,4.80005,6.84289,0.8,0,1
7555,finish,6.94851,8,-0.2,0,1
7555,bullet3,12.8136,7.39832,0.8,0,1
7557,player,0.889375,6.66783,0.151875,0.145624,1
7557,bullet6,12.8028,7.40015,0.8,0,1
7557,bullet2,8.80005,6.84289,0.8,0,1
7558,bullet5,1.35772,6.73336,0.8,0,1
7560,finish,5.94851,8,-0.2,0,1
