322777,player,1.04006,5.11363,0,0,1
322778,bullet1,1.44006,5.11363,0.8,0,1
322779,bullet2,1.44006,5.11363,0.8,0,1
322782,player,0.702559,5.11363,-0.3375,0,1
322783,bullet1,5.44006,5.11363,0.8,0,1
322783,bullet3,0.950684,5.11363,0.8,0,1
322784,bullet2,5.44006,5.11363,0.8,0,1
322787,player,0.989237,4.55592,0.0621159,-0.0683438,1
322788,bullet1,9.44006,5.11363,0.8,0,1
322788,bullet3,4.95068,5.11363,0.8,0,1
322788,bullet4,1.41719,4.52516,0.8,0,1
322789,bullet2,9.44006,5.11363,0.8,0,1
322792,player,1.03912,4.50103,0.00114621,-0.00126113,1
322793,bullet1,13.4401,5.11363,0.8,0,1
322793,bullet3,8.95068,5.11363,0.8,0,1
322793,bullet4,5.41719,4.52516,0.8,0,1
322794,bullet2,13.4401,5.11363,0.8,0,1
322797,player,0.927104,4.54461,0.138057,-0.0545274,1
322798,flyer1,16.5,5.84503,-0.299707,-0.0132575,2
322798,bullet3,12.9507,5.11363,0.8,0,1
322798,bullet4,9.41719,4.52516,0.8,0,1
322798,bullet5,0.58923,4.52007,-0.8,-6.99382e-08,1
322801,bullet6,0.877709,4.50183,0.8,0,1
322802,player,0.449502,4.50082,-0.0282072,-0.00100618,1
322803,flyer1,15.0015,5.77875,-0.299707,-0.0132575,1
322803,bullet4,13.4172,4.52516,0.8,0,1
322805,bullet1,1.38624,4.50007,0.8,0,1
322806,bullet6,4.87771,4.50183,0.8,0,1
322807,player,1.51854,4.01064,0.165194,-0.151894,1
322807,flyer2,16.5,5.84503,-0.3,0,2
322808,flyer1,13.5029,5.71246,-0.299707,-0.0132575,1
322808,bullet2,1.99287,3.94229,0.8,0,1
322810,bullet1,5.38624,4.50007,0.8,0,1
322811,bullet6,8.87771,4.50183,0.8,0,1
322812,player,1.40023,4.81463,0.309794,0.365452,1
322812,flyer2,15,5.84503,-0.3,0,2
322813,flyer1,12.0044,5.64617,-0.299707,-0.0132575,1
322813,bullet2,5.99287,3.94229,0.8,0,1
322813,bullet5,1.93964,4.97908,0.8,0,1
322815,bullet1,9.38625,4.50007,0.8,0,1
322816,bullet6,12.8777,4.50183,0.8,0,1
322817,player,1.15964,5.59749,-0.146158,0.158619,1
322817,flyer2,13.5,5.84503,-0.3,0,2
322818,flyer1,10.5059,5.57988,-0.299707,-0.0132575,1
322818,bullet2,9.99288,3.94229,0.8,0,1
322818,bullet5,5.93964,4.97908,0.8,0,1
322820,bullet1,13.3862,4.50007,0.8,0,1
322822,player,1.59998,5.16716,0.0656467,-0.0654168,1
322822,flyer2,12,5.84503,-0.3,0,2
322822,bullet3,1.99998,5.16716,0.8,0,1
322823,bullet2,13.9929,3.94229,0.8,0,1
322825,bullet4,1.49108,5.11851,0.8,0,1
322827,player,0.561016,5.11462,-0.164503,-0.00120712,1
322827,flyer2,10.5,5.84503,-0.3,0,2
322827,bullet3,5.99999,5.16716,0.8,0,1
322829,flyer3,16.5,5.84503,-0.3,0,2
322830,bullet4,5.49108,5.11851,0.8,0,1
322832,player,0.797161,5.14441,0.296875,-0.0376113,1
322832,flyer2,9,5.84503,-0.3,0,1
322834,flyer3,15,5.84503,-0.3,0,2
322835,bullet6,1.97564,5.11644,0.8,0,1
322837,player,1.63789,5.1142,0.0193178,-0.000694035,1
322838,flyer4,16.5,5.84503,-0.3,0,2
322838,bullet5,1.24658,5.11389,-0.8,-6.99382e-08,1
322839,flyer3,13.5,5.84503,-0.3,0,2
322840,bullet6,5.97564,5.11644,0.8,0,1
322840,bullet1,2.05226,5.11369,0.8,0,1
322842,player,1.3159,5.11364,-0.337144,-1.28069e-05,1
322843,flyer4,15,5.84503,-0.3,0,2
322843,bullet2,1.56419,5.11364,0.8,0,1
322844,flyer3,12,5.84503,-0.3,0,2
322845,bullet6,9.97565,5.11644,0.8,0,1
322845,bullet1,6.05226,5.11369,0.8,0,1
322845,bullet3,1.4652,5.11363,0.8,0,1
322846,bullet4,1.45137,5.11363,0.8,0,1
322847,player,1.04515,5.11363,-0.00622125,-2.36323e-07,1
322848,flyer4,13.5,5.84503,-0.3,0,2
322848,bullet2,5.56419,5.11364,0.8,0,1
322849,flyer3,10.5,5.84503,-0.3,0,1
322850,bullet3,5.4652,5.11363,0.8,0,1
322850,bullet5,1.44052,5.11363,0.8,0,1
322851,bullet4,5.45137,5.11363,0.8,0,1
322852,player,1.04015,5.11363,-0.000114799,-4.36083e-09,1
322853,flyer4,12,5.84503,-0.3,0,2
322853,bullet2,9.56419,5.11364,0.8,0,1
322855,bullet3,9.4652,5.11363,0.8,0,1
322855,bullet5,5.44052,5.11363,0.8,0,1
322856,bullet4,9.45137,5.11363,0.8,0,1
322857,player,0.971717,6.16073,0.0835291,0.220219,1
322859,bullet6,1.42622,6.30442,0.8,0,1
322860,bullet5,9.44052,5.11363,0.8,0,1
322861,bullet4,13.4514,5.11363,0.8,0,1
322862,player,1.59652,5.77986,0.0698851,-0.0642801,1
322862,flyer5,16.5,0.950065,-0.3,0,2
322862,bullet1,1.99652,5.77986,0.8,0,1
322864,bullet6,5.42622,6.30442,0.8,0,1
322865,bullet5,13.4405,5.11363,0.8,0,1
322867,player,2.14202,5.6153,0.153165,0.136849,1
322867,flyer5,15,0.950065,-0.3,0,2
322867,bullet1,5.99652,5.77986,0.8,0,1
322868,bullet2,2.61094,5.67688,0.8,0,1
322869,bullet6,9.42622,6.30442,0.8,0,1
322871,bullet3,3.15157,5.2333,0.8,0,1
322872,player,2.82274,5.16748,0.0711701,-0.0658185,1
322872,flyer5,13.5,0.950065,-0.3,0,2
322872,bullet1,9.99652,5.77986,0.8,0,1
322873,bullet2,6.61094,5.67688,0.8,0,1
322874,bullet6,13.4262,6.30442,0.8,0,1
322876,bullet3,7.15157,5.2333,0.8,0,1
322877,player,2.32217,5.18297,-0.0670305,-0.0847458,1
322877,flyer5,12,0.950065,-0.3,0,2
322877,bullet1,13.9965,5.77986,0.8,0,1
322878,bullet2,10.6109,5.67688,0.8,0,1
322881,flyer6,16.5,0.950065,-0.276307,0.116852,2
322881,bullet3,11.1516,5.2333,0.8,0,1
322882,player,2.87066,4.52644,0.0126027,-0.0323185,1
322882,flyer5,10.5,0.950065,-0.3,0,2
322882,bullet4,3.27066,4.52644,0.8,0,1
322883,bullet2,14.6109,5.67688,0.8,0,1
322886,flyer6,15.1185,1.53432,-0.276307,0.116852,2
322886,bullet3,15.1516,5.2333,0.8,0,1
322887,player,2.88078,4.0557,0.000232555,-0.206976,1
322887,flyer5,9,0.950065,-0.3,0,2
322887,bullet4,7.27066,4.52644,0.8,0,1
322888,flayer7,16.5,0.950065,-0.296781,0.0438302,2
322888,bullet5,3.28088,3.96256,0.8,0,1
322890,bullet6,3.28095,3.90179,0.8,0,1
322891,flyer6,13.7369,2.11858,-0.276307,0.116852,2
322892,player,2.54346,3.88948,-0.337496,-0.00381928,1
322892,flyer5,7.5,0.950065,-0.3,0,2
322892,bullet4,11.2707,4.52644,0.8,0,1
322893,flayer7,15.0161,1.16922,-0.296781,0.0438302,2
322893,bullet5,7.28088,3.96256,0.8,0,1
322895,bullet6,7.28095,3.90179,0.8,0,1
322895,bullet1,2.69249,3.88664,0.8,0,1
322896,flyer6,12.3554,2.70284,-0.276307,0.116852,2
322897,player,2.27243,3.88641,-0.00622774,-7.04765e-05,1
322897,flyer5,5.99999,0.950065,-0.3,0,2
322897,bullet4,15.2707,4.52644,0.8,0,1
322898,flayer7,13.5322,1.38837,-0.296781,0.0438302,2
322898,bullet5,11.2809,3.96256,0.8,0,1
322900,bullet1,6.69249,3.88664,0.8,0,1
322900,bullet2,3.15717,3.39699,0.8,0,1
322901,flyer6,10.9739,3.2871,-0.276307,0.116852,1
322902,player,2.5184,3.63538,-0.30686,0.306744,1
322902,flyer5,4.49999,0.950065,-0.3,0,2
322903,flayer7,12.0483,1.60752,-0.296781,0.0438302,2
322903,bullet5,15.2809,3.96256,0.8,0,1
322905,bullet2,7.15717,3.39699,0.8,0,1
322907,player,1.71424,3.88172,-0.0740062,0.00566029,1
322907,flyer5,2.99999,0.950065,-0.3,0,2
322907,bullet3,2.11424,3.88172,0.8,0,1
322908,flayer7,10.5644,1.82667,-0.296781,0.0438302,2
322910,bullet2,11.1572,3.39699,0.8,0,1
322912,player,2.801,2.74008,0.0977328,-0.098994,1
322912,flyer5,1.49999,0.950065,-0.3,0,2
322912,bullet3,6.11424,3.88172,0.8,0,1
322912,bullet4,3.201,2.74008,0.8,0,1
322913,flayer7,9.08048,2.04582,-0.296781,0.0438302,2
322913,bullet6,3.24498,2.69553,0.8,0,1
322915,bullet2,15.1572,3.39699,0.8,0,1
322917,player,2.87949,2.66058,0.00180345,-0.00182672,1
322917,flyer5,-6.4373e-06,0.950065,-0.3,0,2
322917,bullet3,10.1142,3.88172,0.8,0,1
322917,bullet4,7.201,2.74008,0.8,0,1
322918,flayer7,7.59658,2.26497,-0.296781,0.0438302,0
322918,bullet6,7.24498,2.69553,0.8,0,1
322919,bullet1,3.28067,2.65939,0.8,0,1
322922,player,3.10116,3.21683,-0.269123,0.06831,1
322922,bullet3,14.1142,3.88172,0.8,0,1
322923,flayer8,16.5,10.8039,-0.3,0,2
322924,flyer1,16.5,0.950065,-0.241037,0.178609,2
322924,bullet1,7.28067,2.65939,0.8,0,1
322925,flyer2,16.5,10.8039,-0.282692,0.100425,2
322926,bullet5,2.70152,3.8589,0.8,0,1
322927,player,2.28272,3.874,-0.0188057,0.0151001,1
322927,bullet2,2.68272,3.874,0.8,0,1
322928,flayer8,15,10.8039,-0.3,0,2
322929,flyer1,15.2948,1.84311,-0.241037,0.178609,2
322929,bullet1,11.2807,2.65939,0.8,0,1
322930,flyer2,15.0865,11.306,-0.282692,0.100425,2
322931,bullet5,6.70152,3.8589,0.8,0,1
322932,player,1.34164,4.8121,-0.368602,0.368533,1
322932,bullet2,6.68272,3.874,0.8,0,1
322933,flayer8,13.5,10.8039,-0.3,0,2
322934,flyer1,14.0896,2.73615,-0.241037,0.178609,1
322935,flyer2,13.6731,11.8081,-0.282692,0.100425,2
322935,bullet4,0.90982,5.64387,0.8,0,1
322936,bullet5,10.7015,3.8589,0.8,0,1
322937,player,0.443309,5.71038,-0.0206413,0.0206401,1
322937,bullet2,10.6827,3.874,0.8,0,1
322937,bullet6,0.843309,5.71038,0.8,0,1
322938,flayer8,12,10.8039,-0.3,0,2
322940,flyer2,12.2596,12.3102,-0.282692,0.100425,2
322940,bullet4,4.90982,5.64387,0.8,0,1
322942,player,1.01521,6.31543,0.0303738,0.0311356,1
322942,bullet2,14.6827,3.874,0.8,0,1
322942,bullet6,4.84331,5.71038,0.8,0,1
322942,bullet3,1.41521,6.31543,0.8,0,1
322943,flayer8,10.5,10.8039,-0.3,0,2
322945,flyer2,10.8462,12.8124,-0.282692,0.100425,2
322945,bullet4,8.90982,5.64387,0.8,0,1
322945,bullet1,1.99551,6.33858,0.8,0,1
322947,player,1.64191,6.34043,0.0144001,0.000574538,1
322947,bullet6,8.84331,5.71038,0.8,0,1
322947,bullet3,5.41521,6.31543,0.8,0,1
322948,flayer8,9,10.8039,-0.3,0,2
322950,flyer2,9.4327,13.3145,-0.282692,0.100425,2
322950,bullet4,12.9098,5.64387,0.8,0,1
322950,bullet1,5.99551,6.33858,0.8,0,1
322952,player,1.99098,6.12068,0.337766,0.269167,1
322952,bullet6,12.8433,5.71038,0.8,0,1
322952,bullet3,9.41521,6.31543,0.8,0,1
322953,flayer8,7.5,10.8039,-0.3,0,2
322955,flyer2,8.01924,13.8166,-0.282692,0.100425,2
322955,bullet1,9.99551,6.33858,0.8,0,1
322957,player,1.92473,5.99934,-0.331267,-0.332533,1
322957,bullet3,13.4152,6.31543,0.8,0,1
322958,flayer8,5.99999,10.8039,-0.3,0,2
322959,bullet5,2.10858,5.78236,0.8,0,1
322960,flyer2,6.60578,14.3187,-0.282692,0.100425,2
322960,bullet1,13.9955,6.33858,0.8,0,1
322960,bullet2,1.27839,5.75206,-0.8,-6.99382e-08,1
322962,player,1.65869,5.73229,-0.00611281,-0.00613617,1
322962,bullet4,2.05869,5.73229,0.8,0,1
322963,flayer8,4.49999,10.8039,-0.3,0,2
322963,bullet6,2.05594,5.72953,0.8,0,1
322964,bullet5,6.10858,5.78236,0.8,0,1
322965,flyer2,5.19232,14.8209,-0.282692,0.100425,2
322967,player,2.48066,5.57549,0.489262,0.185512,1
322967,bullet4,6.05869,5.73229,0.8,0,1
322968,flayer8,2.99999,10.8039,-0.3,0,2
322968,bullet6,6.05594,5.72953,0.8,0,1
322969,bullet5,10.1086,5.78236,0.8,0,1
322969,bullet3,2.3999,5.69654,-0.8,-6.99382e-08,1
322970,flyer2,3.77886,15.323,-0.282692,0.100425,2
322972,player,2.87358,5.72447,0.00902826,0.00342321,1
322972,bullet4,10.0587,5.73229,0.8,0,1
322973,flayer8,1.49999,10.8039,-0.3,0,2
322973,bullet6,10.0559,5.72953,0.8,0,1
322974,bullet5,14.1086,5.78236,0.8,0,1
322975,flyer2,2.3654,15.8251,-0.282692,0.100425,2
322977,player,2.29236,6.31569,-0.0305881,0.0308179,1
322977,bullet4,14.0587,5.73229,0.8,0,1
322977,bullet2,2.69236,6.31569,0.8,0,1
322978,flayer8,-6.4373e-06,10.8039,-0.3,0,2
322978,bullet6,14.0559,5.72953,0.8,0,1
322980,flyer2,0.951942,16.3272,-0.282692,0.100425,2
322981,flyer3,16.5,0.950065,-0.3,0,2
322982,player,1.71007,5.97219,-0.0689082,-0.299342,1
322982,flyer4,16.5,10.8039,-0.3,0,2
322982,bullet2,6.69236,6.31569,0.8,0,1
322983,flyer6,16.5,10.8039,-0.245682,0.172163,2
322985,bullet1,2.05883,5.74959,0.8,0,1
322986,flyer3,15,0.950065,-0.3,0,2
322987,player,1.65473,5.73179,-0.00127155,-0.00552371,1
322987,flyer4,15,10.8039,-0.3,0,2
322987,bullet2,10.6924,6.31569,0.8,0,1
322987,bullet3,2.05473,5.73179,0.8,0,1
322988,flyer6,15.2716,11.6647,-0.245682,0.172163,2
322990,bullet1,6.05883,5.74959,0.8,0,1
322990,bullet5,1.56441,6.21706,0.8,0,1
322991,flyer3,13.5,0.950065,-0.3,0,2
322992,player,0.727739,6.31583,-0.368278,0.0306528,1
322992,flyer4,13.5,10.8039,-0.3,0,2
322992,bullet2,14.6924,6.31569,0.8,0,1
322992,bullet3,6.05473,5.73179,0.8,0,1
322993,flyer6,14.0432,12.5255,-0.245682,0.172163,2
322995,bullet1,10.0588,5.74959,0.8,0,1
322995,bullet5,5.56441,6.21706,0.8,0,1
322996,flyer3,12,0.950065,-0.3,0,2
322997,player,1.52367,5.24876,0.158919,-0.165149,1
322997,flyer4,12,10.8039,-0.3,0,2
322997,bullet3,10.0547,5.73179,0.8,0,1
322998,flyer6,12.8148,13.3863,-0.245682,0.172163,2
323000,bullet1,14.0588,5.74959,0.8,0,1
323000,bullet5,9.56441,6.21706,0.8,0,1
323001,flyer3,10.5,0.950065,-0.3,0,2
323002,player,0.4,5.67385,-0.108416,0.0652963,1
323002,flyer4,10.5,10.8039,-0.3,0,2
323002,bullet3,14.0547,5.73179,0.8,0,1
323003,flyer6,11.5863,14.2471,-0.245682,0.172163,2
323005,bullet5,13.5644,6.21706,0.8,0,1
323006,flyer3,9,0.950065,-0.3,0,2
323007,player,0.988474,5.38878,0.0307547,-0.336295,1
323007,flyer4,9,10.8039,-0.3,0,2
323008,flyer6,10.3579,15.1079,-0.245682,0.172163,2
323009,flyer5,16.5,11.2101,-0.3,0,2
323011,flyer3,7.5,0.950065,-0.3,0,2
323012,player,0.4,5.70718,0,0.0245491,1
323012,flyer4,7.5,10.8039,-0.3,0,2
323013,flyer6,9.12952,15.9688,-0.245682,0.172163,2
323013,bullet4,0.8,5.71823,0.8,0,1
323014,flyer5,15,11.2101,-0.3,0,2
323016,flyer3,5.99999,0.950065,-0.3,0,2
323017,player,0.4,6.21627,-0,0.152328,1
323017,flyer4,5.99999,10.8039,-0.3,0,2
323018,bullet4,4.8,5.71823,0.8,0,1
323019,flyer5,13.5,11.2101,-0.3,0,2
323021,flyer3,4.49999,0.950065,-0.3,0,2
323022,player,0.4,5.26076,0,-0.179819,1
323022,flyer4,4.49999,10.8039,-0.3,0,2
323023,bullet4,8.8,5.71823,0.8,0,1
323023,bullet6,0.8,5.17984,0.8,0,1
323024,flyer5,12,11.2101,-0.3,0,2
323026,flyer3,2.99999,0.950065,-0.3,0,2
323027,player,0.988474,4.52787,0.0307547,-0.0340728,1
323027,flyer4,2.99999,10.8039,-0.3,0,2
323027,bullet2,1.38847,4.52787,0.8,0,1
323028,bullet4,12.8,5.71823,0.8,0,1
323028,bullet6,4.8,5.17984,0.8,0,1
323029,flyer5,10.5,11.2101,-0.3,0,2
323029,bullet1,1.40854,4.50564,0.8,0,1
323031,flyer3,1.49999,0.950065,-0.3,0,2
323032,player,1.01317,4.50051,0.00056751,-0.00062874,1
323032,flyer4,1.49999,10.8039,-0.3,0,2
323032,bullet2,5.38847,4.52787,0.8,0,1
323033,bullet6,8.8,5.17984,0.8,0,1
323034,flyer5,9,11.2101,-0.3,0,2
323034,bullet1,5.40854,4.50564,0.8,0,1
323036,flyer3,-6.4373e-06,0.950065,-0.3,0,2
323037,player,0.4,3.40831,-0,-0.165726,1
323037,flyer4,-6.4373e-06,10.8039,-0.3,0,2
323037,bullet2,9.38847,4.52787,0.8,0,1
323038,bullet6,12.8,5.17984,0.8,0,1
323038,bullet3,0.8,3.33374,0.8,0,1
323039,flyer5,7.5,11.2101,-0.3,0,2
323039,bullet1,9.40854,4.50564,0.8,0,1
323042,player,0.4,3.27522,0,-0.00305811,1
323042,bullet2,13.3885,4.52787,0.8,0,1
323043,bullet3,4.8,3.33374,0.8,0,1
323044,flyer5,5.99999,11.2101,-0.3,0,2
323044,bullet1,13.4085,4.50564,0.8,0,1
323044,bullet5,0.8,3.27323,0.8,0,1
323047,player,1.29522,3.83049,0.405844,0.0682873,1
323048,flayer7,16.5,10.8039,-0.3,0,2
323048,bullet3,8.8,3.33374,0.8,0,1
323048,bullet4,1.87785,3.86121,0.8,0,1
323049,flyer5,4.49999,11.2101,-0.3,0,2
323049,bullet5,4.8,3.27323,0.8,0,1
323050,bullet6,1.99701,3.88127,0.8,0,1
323052,player,1.62115,3.88533,0.00748896,0.00126009,1
323053,flayer7,15,10.8039,-0.3,0,2
323053,bullet3,12.8,3.33374,0.8,0,1
323053,bullet4,5.87785,3.86121,0.8,0,1
323054,flyer5,2.99999,11.2101,-0.3,0,2
323054,bullet5,8.8,3.27323,0.8,0,1
323055,bullet6,5.99701,3.88127,0.8,0,1
323057,player,1.62716,3.88634,0.000138192,2.32523e-05,1
323058,flayer7,13.5,10.8039,-0.3,0,2
323058,bullet4,9.87785,3.86121,0.8,0,1
323058,bullet2,2.02722,3.88635,0.8,0,1
323059,flyer5,1.49999,11.2101,-0.3,0,2
323059,bullet5,12.8,3.27323,0.8,0,1
323060,bullet6,9.99701,3.88127,0.8,0,1
323062,player,2.11664,4.44408,0.151878,0.0683442,1
323063,flayer7,12,10.8039,-0.3,0,2
323063,bullet4,13.8779,3.86121,0.8,0,1
323063,bullet2,6.02722,3.88635,0.8,0,1
323064,flyer5,-6.4373e-06,11.2101,-0.3,0,2
323065,bullet6,13.997,3.88127,0.8,0,1
323067,player,1.6809,4.49896,-0.0655412,0.00126114,1
323067,flyer1,16.5,11.2101,-0.3,0,2
323067,bullet1,2.0809,4.49896,0.8,0,1
323068,flayer7,10.5,10.8039,-0.3,0,2
323068,bullet2,10.0272,3.88635,0.8,0,1
323068,bullet3,2.0514,4.49953,0.8,0,1
323072,player,2.18598,5.05769,0.0671343,0.068367,1
323072,flyer1,15,11.2101,-0.3,0,2
323072,bullet1,6.0809,4.49896,0.8,0,1
323073,flayer7,9,10.8039,-0.3,0,2
323073,bullet2,14.0272,3.88635,0.8,0,1
323073,bullet3,6.0514,4.49953,0.8,0,1
323077,player,2.23989,5.11259,0.00123882,0.00126156,1
323077,flyer1,13.5,11.2101,-0.3,0,2
323077,bullet1,10.0809,4.49896,0.8,0,1
323077,bullet5,2.63989,5.11259,0.8,0,1
323078,flayer7,7.5,10.8039,-0.3,0,2
323078,bullet3,10.0514,4.49953,0.8,0,1
323082,player,2.8432,5.71592,0.0138625,0.0138629,1
323082,flyer1,12,11.2101,-0.3,0,2
323082,bullet1,14.0809,4.49896,0.8,0,1
323082,bullet5,6.6399,5.11259,0.8,0,1
323082,bullet4,3.2432,5.71592,0.8,0,1
323083,flayer7,5.99999,10.8039,-0.3,0,2
323083,bullet3,14.0514,4.49953,0.8,0,1
323085,bullet6,3.74289,5.72623,0.8,0,1
323087,player,3.44281,5.72705,0.0310105,0.000255809,1
323087,flyer1,10.5,11.2101,-0.3,0,2
323087,bullet5,10.6399,5.11259,0.8,0,1
323087,bullet4,7.2432,5.71592,0.8,0,1
323087,bullet2,3.84281,5.72705,0.8,0,1
323088,flayer7,4.49999,10.8039,-0.3,0,2
323090,bullet6,7.74289,5.72623,0.8,0,1
323092,player,3.95709,6.21663,0.152447,0.15188,1
323092,flyer1,9,11.2101,-0.3,0,2
323092,bullet5,14.6399,5.11259,0.8,0,1
323092,bullet4,11.2432,5.71592,0.8,0,1
323092,bullet2,7.84281,5.72705,0.8,0,1
323093,flayer7,2.99999,10.8039,-0.3,0,2
323095,bullet6,11.7429,5.72623,0.8,0,1
323097,player,3.98042,6.92708,0.123933,0.0335573,1
323097,flyer1,7.5,11.2101,-0.3,0,2
323097,bullet4,15.2432,5.71592,0.8,0,1
323097,bullet2,11.8428,5.72705,0.8,0,1
323098,flayer7,1.49999,10.8039,-0.3,0,2
323098,bullet1,4.43619,6.94218,0.8,0,1
323099,bullet3,4.46129,6.94897,0.8,0,1
323100,bullet6,15.7429,5.72623,0.8,0,1
323101,bullet5,4.47766,6.95341,0.8,0,1
323102,player,4.07995,6.95403,0.00228692,0.000619226,1
323102,flyer1,5.99999,11.2101,-0.3,0,2
323102,bullet2,15.8428,5.72705,0.8,0,1
323103,flayer7,-6.4373e-06,10.8039,-0.3,0,2
323103,bullet1,8.43619,6.94218,0.8,0,1
323104,bullet3,8.46129,6.94897,0.8,0,1
323105,bullet4,4.48165,6.95449,0.8,0,1
323106,bullet5,8.47766,6.95341,0.8,0,1
323107,player,3.59241,7.4439,-0.151833,0.151886,1
323107,flyer1,4.49999,11.2101,-0.3,0,2
323108,bullet1,12.4362,6.94218,0.8,0,1
323109,bullet3,12.4613,6.94897,0.8,0,1
323110,bullet4,8.48165,6.95449,0.8,0,1
323111,bullet5,12.4777,6.95341,0.8,0,1
323112,player,4.05895,8.15435,0.0279529,0.0335574,1
323112,flyer1,2.99999,11.2101,-0.3,0,2
323114,flayer8,16.5,11.2101,-0.3,0,2
323115,bullet4,12.4817,6.95449,0.8,0,1
323115,bullet6,5.03746,7.62159,0.8,0,1
323117,player,4.68371,7.08961,0.0143554,-0.165095,1
323117,flyer1,1.49999,11.2101,-0.3,0,2
323118,bullet2,5.09017,7.01532,0.8,0,1
323119,flayer8,15,11.2101,-0.3,0,2
323119,bullet1,5.09308,6.98189,0.8,0,1
323120,bullet6,9.03746,7.62159,0.8,0,1
323121,bullet3,5.09498,6.96007,0.8,0,1
323122,player,4.69524,6.95703,0.000264898,-0.00304647,1
323122,flyer1,-6.4373e-06,11.2101,-0.3,0,2
323123,bullet2,9.09017,7.01532,0.8,0,1
323124,flayer8,13.5,11.2101,-0.3,0,2
323124,bullet1,9.09308,6.98189,0.8,0,1
323125,bullet6,13.0375,7.62159,0.8,0,1
323126,bullet3,9.09498,6.96007,0.8,0,1
323127,player,4.69545,5.86289,4.88811e-06,-0.165771,1
323128,bullet2,13.0902,7.01532,0.8,0,1
323129,flayer8,12,11.2101,-0.3,0,2
323129,bullet1,13.0931,6.98189,0.8,0,1
323131,bullet3,13.095,6.96007,0.8,0,1
323132,player,5.18483,4.63808,0.151875,-0.168774,1
323133,flyer2,16.5,10.9671,-0.216604,0.207564,2
323134,flayer8,10.5,11.2101,-0.3,0,2
323134,flyer6,16.5,10.9671,-0.3,0,2
323135,bullet5,6.25549,4.51257,0.8,0,1
323137,player,5.41974,4.01316,-0.135233,-0.154989,1
323138,flyer2,15.417,12.0049,-0.216604,0.207564,2
323139,flayer8,9,11.2101,-0.3,0,2
323139,flyer6,15,10.9671,-0.3,0,2
323140,bullet5,10.2555,4.51257,0.8,0,1
323140,bullet4,6.2769,3.34019,0.8,0,1
323142,player,5.91345,3.28638,0.0113442,-0.0166996,1
323142,bullet6,6.31345,3.28638,0.8,0,1
323143,flyer2,14.334,13.0427,-0.216604,0.207564,2
323144,flayer8,7.5,11.2101,-0.3,0,2
323144,flyer6,13.5,10.9671,-0.3,0,2
323144,bullet2,6.32085,3.27548,0.8,0,1
323145,bullet5,14.2555,4.51257,0.8,0,1
323145,bullet4,10.2769,3.34019,0.8,0,1
323147,player,6.26006,3.27297,0.337709,-0.000308155,1
323147,bullet6,10.3135,3.28638,0.8,0,1
323148,flyer2,13.2509,14.0806,-0.216604,0.207564,2
323149,flayer8,5.99999,11.2101,-0.3,0,2
323149,flyer6,12,10.9671,-0.3,0,2
323149,bullet2,10.3209,3.27548,0.8,0,1
323150,bullet4,14.2769,3.34019,0.8,0,1
323150,bullet1,7.46891,3.83046,0.8,0,1
323152,player,7.47108,4.21253,0.357571,0.351334,1
323152,bullet6,14.3135,3.28638,0.8,0,1
323153,flyer2,12.1679,15.1184,-0.216604,0.207564,2
323154,flayer8,4.49999,11.2101,-0.3,0,2
323154,flyer6,10.5,10.9671,-0.3,0,2
323154,bullet2,14.3209,3.27548,0.8,0,1
323154,bullet3,8.1044,4.44178,0.8,0,1
323155,bullet1,11.4689,3.83046,0.8,0,1
323155,bullet5,8.13698,4.47379,0.8,0,1
323157,player,7.75824,4.49468,0.0065982,0.0064831,1
323158,flyer2,11.0849,16.1562,-0.216604,0.207564,2
323159,flayer8,2.99999,11.2101,-0.3,0,2
323159,flyer6,9,10.9671,-0.3,0,2
323159,bullet3,12.1044,4.44178,0.8,0,1
323160,bullet1,15.4689,3.83046,0.8,0,1
323160,bullet5,12.137,4.47379,0.8,0,1
323161,bullet4,8.13266,5.08825,0.8,0,1
323162,player,7.7497,5.10221,0.0170368,0.0139592,1
323162,bullet6,8.1497,5.10221,0.8,0,1
323164,flayer8,1.49999,11.2101,-0.3,0,2
323164,flyer6,7.5,10.9671,-0.3,0,2
323164,bullet3,16.1044,4.44178,0.8,0,1
323165,bullet5,16.137,4.47379,0.8,0,1
323166,bullet4,12.1327,5.08825,0.8,0,1
323167,player,7.76338,4.5557,0.000314378,-0.0680862,1
323167,bullet6,12.1497,5.10221,0.8,0,1
323167,bullet2,8.16338,4.5557,0.8,0,1
323169,flayer8,-6.4373e-06,11.2101,-0.3,0,2
323169,flyer6,5.99999,10.9671,-0.3,0,2
323171,bullet4,16.1327,5.08825,0.8,0,1
323172,player,7.76363,4.26262,5.80115e-06,-0.459877,1
323172,flyer3,16.5,10.9671,-0.239174,-0.181096,2
323172,bullet6,16.1497,5.10221,0.8,0,1
323172,bullet2,12.1634,4.5557,0.8,0,1
323173,flyer4,16.5,8.86726,-0.3,0,2
323174,flyer6,4.49999,10.9671,-0.3,0,2
323175,bullet1,7.67426,4.41001,0.8,0,1
323177,player,7.17516,4.48177,-0.0307546,0.0222687,1
323177,flyer3,15.3041,10.0616,-0.239174,-0.181096,2
323177,bullet2,16.1634,4.5557,0.8,0,1
323178,flyer4,15,8.86726,-0.3,0,2
323179,flyer6,2.99999,10.9671,-0.3,0,2
323179,bullet3,7.5551,4.98567,0.8,0,1
323180,bullet1,11.6743,4.41001,0.8,0,1
323181,bullet5,7.55103,5.08771,0.8,0,1
323182,player,7.15046,5.10196,-0.000567509,0.0142505,1
323182,flyer3,14.1083,9.15614,-0.239174,-0.181096,2
323182,bullet4,7.55046,5.10196,0.8,0,1
323183,flyer4,13.5,8.86726,-0.3,0,2
323184,flyer6,1.49999,10.9671,-0.3,0,2
323184,bullet3,11.5551,4.98567,0.8,0,1
323185,bullet1,15.6743,4.41001,0.8,0,1
323186,bullet5,11.551,5.08771,0.8,0,1
323187,player,6.59229,5.67113,-0.0683542,0.0686067,1
323187,flyer3,12.9124,8.25066,-0.239174,-0.181096,2
323187,bullet4,11.5505,5.10196,0.8,0,1
323187,bullet6,6.99229,5.67113,0.8,0,1
323188,flyer4,12,8.86726,-0.3,0,2
323189,flyer6,-6.4373e-06,10.9671,-0.3,0,2
323189,bullet3,15.5551,4.98567,0.8,0,1
323191,bullet5,15.551,5.08771,0.8,0,1
323191,bullet2,7.49638,5.16724,0.8,0,1
323192,player,6.78837,5.13775,-0.308007,-0.0294887,1
323192,flyer3,11.7165,7.34518,-0.239174,-0.181096,2
323192,bullet4,15.5505,5.10196,0.8,0,1
323192,bullet6,10.9923,5.67113,0.8,0,1
323193,flyer4,10.5,8.86726,-0.3,0,2
323195,bullet1,6.95933,5.11582,0.8,0,1
323196,bullet2,11.4964,5.16724,0.8,0,1
323197,player,7.03039,4.62469,0.146191,-0.152419,1
323197,flyer3,10.5207,6.43971,-0.239174,-0.181096,2
323197,bullet6,14.9923,5.67113,0.8,0,1
323198,flyer4,9,8.86726,-0.3,0,2
323198,bullet3,7.49618,4.5561,0.8,0,1
323199,bullet5,7.52578,4.52524,0.8,0,1
323200,bullet1,10.9593,5.11582,0.8,0,1
323201,bullet2,15.4964,5.16724,0.8,0,1
323202,player,7.14779,4.50229,0.00269764,-0.00281256,1
323202,flyer3,9.32478,5.53423,-0.239174,-0.181096,2
323203,flyer4,7.5,8.86726,-0.3,0,2
323203,bullet3,11.4962,4.5561,0.8,0,1
323204,bullet5,11.5258,4.52524,0.8,0,1
323205,bullet1,14.9593,5.11582,0.8,0,1
323205,bullet4,6.99208,4.50019,0.8,0,1
323206,bullet6,6.96143,4.50008,0.8,0,1
323207,player,6.54764,4.50003,-0.0137898,-5.18997e-05,1
323207,flyer3,8.12891,4.62875,-0.239174,-0.181096,0
323208,flyer4,5.99999,8.86726,-0.3,0,2
323208,bullet3,15.4962,4.5561,0.8,0,1
323208,bullet2,6.94144,4.5,0.8,0,1
323209,bullet5,15.5258,4.52524,0.8,0,1
323209,bullet4,6.93865,4.49999,0.8,0,1
323212,player,6.53657,4.01061,-0.000254461,-0.151876,1
323212,bullet1,6.93657,4.01061,0.8,0,1
323213,flyer4,4.49999,8.86726,-0.3,0,2
323213,bullet2,10.9414,4.5,0.8,0,1
323214,bullet4,10.9386,4.49999,0.8,0,1
323214,bullet6,6.93641,3.91151,0.8,0,1
323217,player,6.53637,3.88864,-4.69552e-06,-0.00280254,1
323217,bullet1,10.9366,4.01061,0.8,0,1
323218,flyer4,2.99999,8.86726,-0.3,0,2
323218,bullet2,14.9414,4.5,0.8,0,1
323219,bullet4,14.9386,4.49999,0.8,0,1
323219,bullet6,10.9364,3.91151,0.8,0,1
323221,flyer5,16.5,8.86726,-0.3,0,2
323221,bullet3,6.93637,3.29797,0.8,0,1
323222,player,6.53637,3.28408,-8.66456e-08,-0.0138913,1
323222,bullet1,14.9366,4.01061,0.8,0,1
323222,bullet5,6.93637,3.28408,0.8,0,1
323223,flyer4,1.49999,8.86726,-0.3,0,2
323224,bullet6,14.9364,3.91151,0.8,0,1
323226,flyer5,15,8.86726,-0.3,0,2
323226,bullet3,10.9364,3.29797,0.8,0,1
323226,bullet2,6.93637,3.27318,0.8,0,1
323227,player,6.53637,3.27292,-1.59885e-09,-0.000256334,1
323227,bullet5,10.9364,3.28408,0.8,0,1
323228,flyer4,-6.4373e-06,8.86726,-0.3,0,2
323228,bullet4,6.93637,3.27281,0.8,0,1
323231,flyer5,13.5,8.86726,-0.3,0,2
323231,bullet3,14.9364,3.29797,0.8,0,1
323231,bullet2,10.9364,3.27318,0.8,0,1
323232,player,6.53637,3.27272,-2.95034e-11,-4.73008e-06,1
323232,bullet5,14.9364,3.28408,0.8,0,1
323233,bullet4,10.9364,3.27281,0.8,0,1
323233,bullet1,6.93637,3.27272,0.8,0,1
323235,bullet6,6.93637,3.27271,0.8,0,1
323236,flyer5,12,8.86726,-0.3,0,2
323236,bullet2,14.9364,3.27318,0.8,0,1
323237,player,6.04699,2.78334,-0.151875,-0.151875,1
323238,bullet4,14.9364,3.27281,0.8,0,1
323238,bullet1,10.9364,3.27272,0.8,0,1
323240,flayer7,16.5,9.7011,-0.3,0,2
323240,bullet6,10.9364,3.27271,0.8,0,1
323241,flyer5,10.5,8.86726,-0.3,0,2
323242,player,5.63212,1.83884,-0.394807,0.252514,1
323243,bullet1,14.9364,3.27272,0.8,0,1
323245,flyer1,16.5,8.86726,-0.3,0,2
323245,flayer7,15,9.7011,-0.3,0,2
323245,bullet6,14.9364,3.27271,0.8,0,1
323246,flyer5,9,8.86726,-0.3,0,2
323246,bullet3,5.23297,2.62544,0.8,0,1
323247,player,4.75734,2.64394,-0.075629,0.0184992,1
323250,flyer1,15,8.86726,-0.3,0,2
323250,flayer7,13.5,9.7011,-0.3,0,2
323251,flyer5,7.5,8.86726,-0.3,0,2
323251,bullet3,9.23297,2.62544,0.8,0,1
323252,player,4.72736,3.24727,-0.0389846,0.031096,1
323252,bullet5,5.12736,3.24727,0.8,0,1
323255,flyer1,13.5,8.86726,-0.3,0,2
323255,flayer7,12,9.7011,-0.3,0,2
323255,bullet2,5.09837,3.27039,0.8,0,1
323256,flyer5,5.99999,8.86726,-0.3,0,2
323256,bullet3,13.233,2.62544,0.8,0,1
323256,bullet4,5.09677,3.27167,0.8,0,1
323257,player,4.69605,3.27224,-0.000719376,0.000573809,1
323257,bullet5,9.12736,3.24727,0.8,0,1
323260,flyer1,12,8.86726,-0.3,0,2
323260,flayer7,10.5,9.7011,-0.3,0,2
323260,bullet2,9.09837,3.27039,0.8,0,1
323260,bullet1,5.09552,3.76204,0.8,0,1
323261,flyer5,4.49999,8.86726,-0.3,0,2
323261,bullet4,9.09677,3.27167,0.8,0,1
323262,player,4.35798,4.19868,-0.337513,0.368265,1
323262,bullet5,13.1274,3.24727,0.8,0,1
323265,flyer1,10.5,8.86726,-0.3,0,2
323265,flayer7,9,9.7011,-0.3,0,2
323265,bullet2,13.0984,3.27039,0.8,0,1
323265,bullet1,9.09552,3.76204,0.8,0,1
323266,flyer5,2.99999,8.86726,-0.3,0,2
323266,bullet4,13.0968,3.27167,0.8,0,1
323267,player,3.52921,3.93671,-0.0745718,-0.0615482,1
323268,bullet6,3.89565,3.90901,0.8,0,1
323270,flyer1,9,8.86726,-0.3,0,2
323270,flayer7,7.5,9.7011,-0.3,0,2
323270,bullet1,13.0955,3.76204,0.8,0,1
323271,flyer5,1.49999,8.86726,-0.3,0,2
323272,player,4.02704,4.445,0.0669677,0.067208,1
323272,bullet3,4.42704,4.445,0.8,0,1
323273,bullet6,7.89565,3.90901,0.8,0,1
323273,bullet5,4.45718,4.47524,0.8,0,1
323275,flyer1,7.5,8.86726,-0.3,0,2
323275,flayer7,5.99999,9.7011,-0.3,0,2
323275,bullet2,4.47684,4.49497,0.8,0,1
323276,flyer5,-6.4373e-06,8.86726,-0.3,0,2
323277,player,4.08082,4.98834,0.00123574,0.153115,1
323277,bullet3,8.42704,4.445,0.8,0,1
323278,bullet6,11.8957,3.90901,0.8,0,1
323278,bullet5,8.45718,4.47524,0.8,0,1
323280,flyer1,5.99999,8.86726,-0.3,0,2
323280,flayer7,4.49999,9.7011,-0.3,0,2
323280,bullet2,8.47684,4.49497,0.8,0,1
323282,player,3.5241,5.66902,-0.068321,0.0711692,1
323282,bullet3,12.427,4.445,0.8,0,1
323283,bullet6,15.8957,3.90901,0.8,0,1
323283,bullet5,12.4572,4.47524,0.8,0,1
323284,bullet4,3.87952,5.71546,0.8,0,1
323285,flyer1,4.49999,8.86726,-0.3,0,2
323285,flayer7,2.99999,9.7011,-0.3,0,2
323285,bullet2,12.4768,4.49497,0.8,0,1
323287,player,2.91151,5.72618,-0.0696045,0.00131327,1
323287,bullet1,3.31151,5.72618,0.8,0,1
323289,bullet4,7.87952,5.71546,0.8,0,1
323290,flyer1,2.99999,8.86726,-0.3,0,2
323290,flayer7,1.49999,9.7011,-0.3,0,2
323290,bullet6,3.81747,6.28488,0.8,0,1
323292,player,3.45792,6.32955,0.0125552,0.0138638,1
323292,bullet1,7.31151,5.72618,0.8,0,1
323294,bullet4,11.8795,5.71546,0.8,0,1
323294,bullet3,3.86612,6.3386,0.8,0,1
323295,flyer1,1.49999,8.86726,-0.3,0,2
323295,flayer7,-6.4373e-06,9.7011,-0.3,0,2
323295,bullet6,7.81747,6.28488,0.8,0,1
323297,player,3.46801,6.34068,0.000231679,0.000255827,1
323297,bullet1,11.3115,5.72618,0.8,0,1
323299,bullet4,15.8795,5.71546,0.8,0,1
323299,bullet3,7.86612,6.3386,0.8,0,1
323300,flyer1,-6.4373e-06,8.86726,-0.3,0,2
323300,bullet6,11.8175,6.28488,0.8,0,1
323301,bullet5,4.45666,6.92936,0.8,0,1
323302,player,3.73301,6.6057,-0.323656,-0.323656,1
323302,bullet1,15.3115,5.72618,0.8,0,1
323304,flyer2,16.5,9.7011,-0.3,0,2
323304,bullet3,11.8661,6.3386,0.8,0,1
323304,bullet2,3.12182,6.39452,-0.8,-6.99382e-08,1
323305,bullet6,15.8175,6.28488,0.8,0,1
323306,bullet5,8.45666,6.92936,0.8,0,1
323307,player,3.13558,6.34578,-0.343472,-0.00597236,1
323309,flyer2,15,9.7011,-0.3,0,2
323309,flayer8,16.5,9.7011,-0.299995,-0.00174611,2
323309,bullet3,15.8661,6.3386,0.8,0,1
323310,flyer6,16.5,9.7011,-0.221676,-0.202138,2
323310,bullet4,3.28017,5.78362,0.8,0,1
323311,bullet5,12.4567,6.92936,0.8,0,1
323312,player,2.85974,5.73867,-0.00633803,-0.0139498,1
323312,bullet1,3.25974,5.73867,0.8,0,1
323314,flyer2,13.5,9.7011,-0.3,0,2
323314,flayer8,15,9.69237,-0.299995,-0.00174611,2
323315,flyer6,15.3916,8.69041,-0.221676,-0.202138,2
323315,bullet4,7.28017,5.78362,0.8,0,1
323315,bullet6,3.25503,5.23892,0.8,0,1
323317,player,2.51715,4.8015,-0.337617,-0.368512,1
323317,bullet1,7.25975,5.73867,0.8,0,1
323319,flyer2,12,9.7011,-0.3,0,2
323319,flayer8,13.5,9.68364,-0.299995,-0.00174611,2
323320,flyer6,14.2832,7.67972,-0.221676,-0.202138,2
323320,bullet4,11.2802,5.78362,0.8,0,1
323320,bullet6,7.25503,5.23892,0.8,0,1
323322,player,1.42349,5.06327,0.249087,0.0615437,1
323322,bullet1,11.2597,5.73867,0.8,0,1
323324,flyer2,10.5,9.7011,-0.3,0,2
323324,flayer8,12.0001,9.6749,-0.299995,-0.00174611,2
323324,bullet2,1.98602,5.10343,0.8,0,1
323325,flyer6,13.1749,6.66903,-0.221676,-0.202138,2
323325,bullet4,15.2802,5.78362,0.8,0,1
323325,bullet6,11.255,5.23892,0.8,0,1
323327,player,1.06581,5.67041,-0.0637474,0.0694794,1
323327,bullet1,15.2597,5.73867,0.8,0,1
323327,bullet3,1.46581,5.67041,0.8,0,1
323329,flyer2,9,9.7011,-0.3,0,2
323329,flayer8,10.5001,9.66617,-0.299995,-0.00174611,2
323329,bullet2,5.98602,5.10343,0.8,0,1
323330,flyer6,12.0665,5.65834,-0.221676,-0.202138,2
323330,bullet6,15.255,5.23892,0.8,0,1
323331,bullet5,1.41579,5.72493,0.8,0,1
323332,player,1.01461,5.38871,-0.00117632,-0.336218,1
323332,bullet3,5.46581,5.67041,0.8,0,1
323334,flyer2,7.5,9.7011,-0.3,0,2
323334,flayer8,9.00011,9.65744,-0.299995,-0.00174611,2
323334,bullet2,9.98602,5.10343,0.8,0,1
323334,bullet4,1.41384,5.16933,0.8,0,1
323335,flyer6,10.9581,4.64765,-0.221676,-0.202138,1
323336,bullet5,5.41579,5.72493,0.8,0,1
323337,player,1.01367,5.1187,-2.17064e-05,-0.00620417,1
323337,bullet3,9.46581,5.67041,0.8,0,1
323339,flyer2,5.99999,9.7011,-0.3,0,2
323339,flayer8,7.50014,9.64871,-0.299995,-0.00174611,2
323339,bullet4,5.41384,5.16933,0.8,0,1
323340,flyer6,9.84972,3.63696,-0.221676,-0.202138,1
323341,bullet5,9.41579,5.72493,0.8,0,1
323342,player,1.48918,5.27943,0.16879,-0.202655,1
323342,bullet3,13.4658,5.67041,0.8,0,1
323344,flyer2,4.49999,9.7011,-0.3,0,2
323344,flayer8,6.00016,9.63998,-0.299995,-0.00174611,2
323344,bullet4,9.41384,5.16933,0.8,0,1
323345,flyer6,8.74134,2.62627,-0.221676,-0.202138,1
323345,bullet1,2.0147,5.12873,0.8,0,1
323346,bullet5,13.4158,5.72493,0.8,0,1
323346,bullet6,2.02162,5.12042,0.8,0,1
323347,player,1.62474,5.11668,0.00311464,-0.00373955,1
323349,flyer2,2.99999,9.7011,-0.3,0,2
323349,flayer8,4.50019,9.63125,-0.299995,-0.00174611,2
323349,bullet4,13.4138,5.16933,0.8,0,1
323350,flyer6,7.63296,1.61558,-0.221676,-0.202138,1
323350,bullet1,6.0147,5.12873,0.8,0,1
323351,bullet6,6.02162,5.12042,0.8,0,1
323351,bullet2,2.5849,5.67146,0.8,0,1
323352,player,2.21571,5.70215,0.0308122,0.0306857,1
323354,flyer2,1.49999,9.7011,-0.3,0,2
323354,flayer8,3.00021,9.62252,-0.299995,-0.00174611,2
323354,bullet3,2.63582,5.72217,0.8,0,1
323355,flyer6,6.52458,0.604894,-0.221676,-0.202138,1
323355,bullet1,10.0147,5.12873,0.8,0,1
323356,bullet6,10.0216,5.12042,0.8,0,1
323356,bullet2,6.5849,5.67146,0.8,0,1
323357,player,2.24046,5.7268,0.000568571,0.000566237,1
323359,flyer2,-6.4373e-06,9.7011,-0.3,0,2
323359,flayer8,1.50024,9.61379,-0.299995,-0.00174611,2
323359,bullet3,6.63582,5.72217,0.8,0,1
323360,flyer6,5.4162,-0.405795,-0.221676,-0.202138,1
323360,bullet1,14.0147,5.12873,0.8,0,1
323361,bullet6,14.0216,5.12042,0.8,0,1
323361,bullet2,10.5849,5.67146,0.8,0,1
323362,player,1.90341,6.55412,-0.33749,0.489385,1
323364,flayer8,0.000264645,9.60506,-0.299995,-0.00174611,2
323364,flyer3,16.5,10.5405,-0.289663,0.0780716,2
323364,bullet3,10.6358,5.72217,0.8,0,1
323366,flyer4,16.5,10.5405,-0.3,0,2
323366,bullet2,14.5849,5.67146,0.8,0,1
323366,bullet5,1.48089,7.49583,0.8,0,1
323367,player,1.04391,7.53562,-0.0369823,0.0397852,1
323367,bullet4,1.44391,7.53562,0.8,0,1
323369,flyer3,15.0517,10.9309,-0.289663,0.0780716,2
323369,bullet3,14.6358,5.72217,0.8,0,1
323371,flyer4,15,10.5405,-0.3,0,2
323371,bullet5,5.48089,7.49583,0.8,0,1
323372,player,1.04496,8.71376,-0.0382715,0.0998326,1
323372,bullet4,5.44391,7.53562,0.8,0,1
323374,flyer3,13.6034,11.3212,-0.289663,0.0780716,2
323374,bullet1,1.90936,8.77891,0.8,0,1
323376,flyer4,13.5,10.5405,-0.3,0,2
323376,bullet5,9.48089,7.49583,0.8,0,1
323376,bullet6,2.0034,8.7921,0.8,0,1
323377,player,1.61654,9.13144,0.0131334,0.339342,1
323377,bullet4,9.44391,7.53562,0.8,0,1
323379,flyer3,12.1551,11.7116,-0.289663,0.0780716,2
323379,bullet1,5.90936,8.77891,0.8,0,1
323381,flyer4,12,10.5405,-0.3,0,2
323381,bullet5,13.4809,7.49583,0.8,0,1
323381,bullet6,6.00341,8.7921,0.8,0,1
323382,player,1.72618,9.30486,-0.120878,0.127382,1
323382,bullet4,13.4439,7.53562,0.8,0,1
323384,flyer3,10.7067,12.1019,-0.289663,0.0780716,2
323384,bullet1,9.90936,8.77891,0.8,0,1
323386,flyer4,10.5,10.5405,-0.3,0,2
323386,bullet6,10.0034,8.7921,0.8,0,1
323386,bullet2,0.885147,9.96253,0.8,0,1
323387,player,0.438322,9.99563,-0.0468248,0.0331052,1
323387,bullet3,0.838322,9.99563,0.8,0,1
323389,flyer3,9.25842,12.4923,-0.289663,0.0780716,2
323389,bullet1,13.9094,8.77891,0.8,0,1
323391,flyer4,9,10.5405,-0.3,0,2
323391,bullet6,14.0034,8.7921,0.8,0,1
323391,bullet2,4.88515,9.96253,0.8,0,1
323392,player,0.4,10.0222,0,0.000610885,1
323392,bullet3,4.83832,9.99563,0.8,0,1
323393,bullet5,0.8,10.0225,0.8,0,1
323394,flyer3,7.8101,12.8827,-0.289663,0.0780716,2
323397,player,0.889375,10.7631,0.151875,-0.154859,1
323398,bullet5,4.8,10.0225,0.8,0,1
323399,flyer3,6.36178,13.273,-0.289663,0.0780716,2
323400,flyer5,16.5,10.5405,-0.289692,-0.077966,2
323400,bullet4,1.40231,10.6479,0.8,0,1
323401,bullet1,1.40854,10.6415,0.8,0,1
323402,player,1.01134,10.6387,0.00280252,-0.00285758,1
323403,bullet5,8.8,10.0225,0.8,0,1
323404,flyer3,4.91347,13.6634,-0.289663,0.0780716,2
323405,flyer5,15.0515,10.1507,-0.289692,-0.077966,2
323405,bullet4,5.40231,10.6479,0.8,0,1
323406,bullet1,5.40854,10.6415,0.8,0,1
323407,player,1.02743,10.0341,-0.0168634,-0.0138923,1
323407,bullet6,1.42743,10.0341,0.8,0,1
323408,bullet5,12.8,10.0225,0.8,0,1
323409,flyer3,3.46515,14.0537,-0.289663,0.0780716,2
323410,flyer5,13.6031,9.76086,-0.289692,-0.077966,1
323410,bullet4,9.40231,10.6479,0.8,0,1
323411,bullet1,9.40854,10.6415,0.8,0,1
323412,player,0.945548,10.5806,0.0832201,0.0680874,1
323412,bullet6,5.42743,10.0341,0.8,0,1
323414,flyer3,2.01683,14.4441,-0.289663,0.0780716,2
323415,flyer5,12.1546,9.37103,-0.289692,-0.077966,1
323415,bullet4,13.4023,10.6479,0.8,0,1
323416,bullet1,13.4085,10.6415,0.8,0,1
323416,bullet2,0.8,11.1918,0.8,0,1
323417,player,0.4,11.2238,0,0.0320111,1
323417,bullet6,9.42743,10.0341,0.8,0,1
323419,flyer3,0.568518,14.8345,-0.289663,0.0780716,2
323419,bullet3,0.8,11.2447,0.8,0,1
323420,flyer5,10.7062,8.9812,-0.289692,-0.077966,1
323421,bullet2,4.8,11.1918,0.8,0,1
323422,player,0.4,11.7389,0,0.152466,1
323422,bullet6,13.4274,10.0341,0.8,0,1
323424,bullet3,4.8,11.2447,0.8,0,1
323425,flyer5,9.2577,8.59137,-0.289692,-0.077966,1
323426,flayer7,16.5,13.2257,-0.3,0,2
323426,bullet2,8.8,11.1918,0.8,0,1
323427,player,0.889375,11.3858,0.151875,-0.165977,1
323427,bullet5,1.28938,11.3858,0.8,0,1
323429,bullet3,8.8,11.2447,0.8,0,1
323430,flyer5,7.80924,8.20154,-0.289692,-0.077966,1
323431,flayer7,15,13.2257,-0.3,0,2
323431,bullet2,12.8,11.1918,0.8,0,1
323432,player,0.4,11.1842,-0,0.0804685,1
323432,bullet5,5.28938,11.3858,0.8,0,1
323433,bullet4,0,11.2204,-0.8,-6.99382e-08,1
323434,bullet3,12.8,11.2447,0.8,0,1
323434,bullet1,0.8,11.2367,0.8,0,1
323435,flyer5,6.36078,7.81171,-0.289692,-0.077966,1
323436,flayer7,13.5,13.2257,-0.3,0,2
323437,player,0.4,10.7594,0,-0.15039,1
323437,bullet5,9.28938,11.3858,0.8,0,1
323439,bullet1,4.8,11.2367,0.8,0,1
323440,flyer5,4.91232,7.42188,-0.289692,-0.077966,1
323441,flayer7,12,13.2257,-0.3,0,2
323441,bullet6,1.38847,10.0529,0.8,0,1
323442,player,1.00231,10.0363,0.0138396,-0.0166147,1
323442,bullet5,13.2894,11.3858,0.8,0,1
323443,bullet4,1.40854,10.0288,0.8,0,1
323444,bullet1,8.8,11.2367,0.8,0,1
323445,flyer5,3.46386,7.03205,-0.289692,-0.077966,1
323446,flayer7,10.5,13.2257,-0.3,0,2
323446,bullet6,5.38847,10.0529,0.8,0,1
323447,player,0.4,9.8711,-0.24456,0.185318,1
323448,bullet4,5.40854,10.0288,0.8,0,1
323449,bullet1,12.8,11.2367,0.8,0,1
323450,flyer5,2.01541,6.64222,-0.289692,-0.077966,1
323450,bullet2,0.8,10.0089,0.8,0,1
323451,flayer7,9,13.2257,-0.3,0,2
323451,bullet6,9.38847,10.0529,0.8,0,1
323452,player,0.4,10.0199,0,0.00341965,1
323453,bullet4,9.40854,10.0288,0.8,0,1
323455,flyer5,0.566947,6.25239,-0.289692,-0.077966,1
323455,bullet2,4.8,10.0089,0.8,0,1
323456,flayer7,7.5,13.2257,-0.3,0,2
323456,bullet6,13.3885,10.0529,0.8,0,1
323456,bullet3,0.8,9.46489,0.8,0,1
323457,player,0.4,9.43419,0,-0.0306916,1
323458,bullet4,13.4085,10.0288,0.8,0,1
323460,bullet2,8.8,10.0089,0.8,0,1
323460,bullet5,0.8,9.41137,0.8,0,1
323461,flayer7,5.99999,13.2257,-0.3,0,2
323461,bullet3,4.8,9.46489,0.8,0,1
323462,player,0.4,8.92017,0,-0.152441,1
323463,bullet1,0.8,8.85157,0.8,0,1
323465,bullet2,12.8,10.0089,0.8,0,1
323465,bullet5,4.8,9.41137,0.8,0,1
323466,flayer7,4.49999,13.2257,-0.3,0,2
323466,bullet3,8.8,9.46489,0.8,0,1
323467,player,0.4,9.13524,-0,0.334687,1
323468,bullet1,4.8,8.85157,0.8,0,1
323470,bullet5,8.8,9.41137,0.8,0,1
323470,bullet6,1.35772,8.82641,0.8,0,1
323471,flayer7,2.99999,13.2257,-0.3,0,2
323471,bullet3,12.8,9.46489,0.8,0,1
323472,player,1.00231,8.80171,0.0138396,-0.00766369,1
323473,bullet1,8.8,8.85157,0.8,0,1
323475,bullet5,12.8,9.41137,0.8,0,1
323475,bullet6,5.35772,8.82641,0.8,0,1
323476,flayer7,1.49999,13.2257,-0.3,0,2
323477,player,0.675928,10.2793,-0.337245,0.436457,1
323478,bullet1,12.8,8.85157,0.8,0,1
323480,flyer1,16.5,10.5405,-0.294653,-0.0563887,2
323480,bullet6,9.35772,8.82641,0.8,0,1
323480,bullet4,1.38286,10.6038,0.8,0,1
323481,flayer7,-6.4373e-06,13.2257,-0.3,0,2
323482,player,0.669905,10.6298,-0.329883,0.00805386,1
323483,bullet1,16.8,8.85157,0.8,0,1
323484,flyer2,16.5,13.2257,-0.252613,0.161823,2
323485,flyer1,15.0267,10.2586,-0.294653,-0.0563887,2
323485,bullet6,13.3577,8.82641,0.8,0,1
323485,bullet4,5.38286,10.6038,0.8,0,1
323485,bullet2,1.31397,11.1251,0.8,0,1
323487,player,0.993454,11.2247,0.0246674,0.0309033,1
323487,bullet3,1.39345,11.2247,0.8,0,1
323489,flyer2,15.2369,14.0348,-0.252613,0.161823,2
323489,bullet5,1.40955,11.2449,0.8,0,1
323490,flyer1,13.5535,9.97663,-0.294653,-0.0563887,2
323490,bullet4,9.38286,10.6038,0.8,0,1
323490,bullet2,5.31397,11.1251,0.8,0,1
323492,player,0.523889,11.7389,-0.15142,0.152445,1
323492,bullet3,5.39345,11.2247,0.8,0,1
323494,flyer2,13.9739,14.8439,-0.252613,0.161823,2
323494,bullet5,5.40955,11.2449,0.8,0,1
323494,bullet1,0.825088,11.8384,0.8,0,1
323495,flyer1,12.0802,9.69468,-0.294653,-0.0563887,1
323495,bullet2,9.31397,11.1251,0.8,0,1
323497,player,0.402287,11.8613,-0.00279412,0.00281304,1
323497,bullet3,9.39346,11.2247,0.8,0,1
323499,flyer2,12.7108,15.653,-0.252613,0.161823,2
323499,bullet5,9.40955,11.2449,0.8,0,1
323499,bullet1,4.82509,11.8384,0.8,0,1
323500,flyer1,10.6069,9.41274,-0.294653,-0.0563887,1
323500,bullet2,13.314,11.1251,0.8,0,1
323502,player,0.400043,11.8636,-5.15594e-05,5.19086e-05,1
323502,bullet3,13.3935,11.2247,0.8,0,1
323504,flyer2,11.4477,16.4621,-0.252613,0.161823,2
323504,bullet5,13.4096,11.2449,0.8,0,1
323504,bullet1,8.82509,11.8384,0.8,0,1
323505,flyer1,9.13368,9.13079,-0.294653,-0.0563887,1
323506,flyer6,16.5,13.2257,-0.298369,0.0312428,2
323507,player,0.430756,11.8944,-0.03759,-0.0375881,1
323508,flayer8,16.5,13.2257,-0.3,0,2
323508,bullet6,0.813841,11.8775,0.8,0,1
323509,bullet1,12.8251,11.8384,0.8,0,1
323510,flyer1,7.66041,8.84885,-0.294653,-0.0563887,1
323511,flyer6,15.0082,13.3819,-0.298369,0.0312428,2
323512,player,0.400568,12.4527,-0.000693641,0.0300611,1
323512,bullet4,0.800568,12.4527,0.8,0,1
323513,flayer8,15,13.2257,-0.3,0,2
323513,bullet6,4.81384,11.8775,0.8,0,1
323515,flyer1,6.18715,8.56691,-0.294653,-0.0563887,1
323516,flyer6,13.5163,13.5381,-0.298369,0.0312428,2
323516,bullet2,0.557743,12.4763,-0.8,-6.99382e-08,1
323517,player,0.988485,12.4768,0.0307419,0.000554711,1
323517,bullet4,4.80057,12.4527,0.8,0,1
323518,flayer8,13.5,13.2257,-0.3,0,2
323518,bullet6,8.81384,11.8775,0.8,0,1
323520,flyer1,4.71388,8.28496,-0.294653,-0.0563887,1
323521,flyer6,12.0245,13.6943,-0.298369,0.0312428,2
323521,bullet3,0.854887,13.035,0.8,0,1
323522,player,0.424699,13.0657,-0.0301874,0.0307649,1
323522,bullet4,8.80057,12.4527,0.8,0,1
323522,bullet5,0.824699,13.0657,0.8,0,1
323523,flayer8,12,13.2257,-0.3,0,2
323523,bullet6,12.8138,11.8775,0.8,0,1
323525,flyer1,3.24062,8.00302,-0.294653,-0.0563887,1
323525,bullet1,0.802251,13.0886,0.8,0,1
323526,flyer6,10.5326,13.8505,-0.298369,0.0312428,2
323526,bullet3,4.85489,13.035,0.8,0,1
323527,player,0.400456,13.0904,-0.000557043,0.000567699,1
323527,bullet5,4.8247,13.0657,0.8,0,1
323528,flayer8,10.5,13.2257,-0.3,0,1
323530,flyer1,1.76735,7.72107,-0.294653,-0.0563887,1
323530,bullet1,4.80225,13.0886,0.8,0,1
323530,bullet2,0.800042,13.0909,0.8,0,1
323531,flyer6,9.04079,14.0067,-0.298369,0.0312428,2
323532,player,0.400009,13.0909,-1.0279e-05,1.04757e-05,1
323532,bullet5,8.8247,13.0657,0.8,0,1
323532,bullet4,0.800009,13.0909,0.8,0,1
323535,flyer1,0.294089,7.43913,-0.294653,-0.0563887,1
323535,bullet1,8.80225,13.0886,0.8,0,1
323535,bullet2,4.80004,13.0909,0.8,0,1
323536,flyer6,7.54895,14.163,-0.298369,0.0312428,2
323537,player,0.400001,13.6932,-1.89677e-07,0.0138398,1
323537,bullet5,12.8247,13.0657,0.8,0,1
323537,bullet4,4.80001,13.0909,0.8,0,1
323540,bullet1,12.8023,13.0886,0.8,0,1
323540,bullet2,8.80004,13.0909,0.8,0,1
323541,flyer6,6.0571,14.3192,-0.298369,0.0312428,2
323542,player,0.7375,13.3668,0.3375,-0.337245,1
323542,bullet4,8.80001,13.0909,0.8,0,1
323545,flyer4,16.5,13.2257,-0.286089,0.0902945,2
323545,bullet2,12.8,13.0909,0.8,0,1
323545,bullet6,1.38847,13.6738,0.8,0,1
323546,flyer6,4.56526,14.4754,-0.298369,0.0312428,2
323547,player,1.00854,13.2089,0.00622782,-0.144259,1
323547,bullet4,12.8,13.0909,0.8,0,1
323549,bullet3,1.41261,13.1148,0.8,0,1
323550,flyer4,15.0696,13.6772,-0.286089,0.0902945,0
323550,bullet5,1.41317,13.1017,0.8,0,1
323551,flyer6,3.07341,14.6316,-0.298369,0.0312428,1
323552,player,0.676043,13.4306,-0.337385,0.334838,1
323554,bullet3,5.41261,13.1148,0.8,0,1
323555,bullet5,5.41317,13.1017,0.8,0,1
323556,flyer6,1.58157,14.7878,-0.298369,0.0312428,1
323556,flyer3,16.5,11.617,-0.3,0,2
