527265,player,13.5091,5.84644,-0.3375,0,1
527268,bullet1,14.1475,5.35707,0.8,0,1
527269,bullet2,13.402,5.28872,-0.8,-6.99382e-08,1
527270,player,13.8266,5.59547,0.0245269,0.306745,1
527271,bullet3,14.2376,5.7335,0.8,0,1
527272,bullet4,14.2426,5.79562,0.8,0,1
527273,bullet5,14.2448,5.82357,0.8,0,1
527274,bullet2,9.40203,5.28872,-0.8,-6.99382e-08,1
527275,player,13.9981,6.17931,-0.185172,0.34316,1
527276,bullet6,14.3148,6.33373,0.8,0,1
527279,bullet2,5.40203,5.28872,-0.8,-6.99382e-08,1
527280,player,12.7716,7.04337,-0.186047,0.037087,1
527282,bullet1,13.0502,6.5782,0.8,0,1
527284,bullet2,1.40203,5.28872,-0.8,-6.99382e-08,1
527285,player,12.2163,5.98147,-0.257402,-0.16503,1
527287,bullet1,17.0502,6.5782,0.8,0,1
527288,bullet3,12.4933,6.34812,0.8,0,1
527289,bullet4,12.4451,6.4097,0.8,0,1
527290,player,12.0235,6.43741,-0.0216649,0.0277094,1
527290,bullet5,12.4235,6.43741,0.8,0,1
527291,bullet6,12.4137,6.44988,0.8,0,1
527293,flyer1,16.5,10.9553,-0.3,0,2
527293,bullet2,12.4073,6.45801,0.8,0,1
527295,player,12.006,5.97029,-0.000399778,-0.151364,1
527298,flyer1,15,10.9553,-0.3,0,2
527298,flyer2,16.5,10.9553,-0.3,0,2
527299,bullet1,13.5519,5.36215,0.8,0,1
527300,player,12.859,5.62851,-0.292913,0.266363,1
527303,flyer1,13.5,10.9553,-0.3,0,2
527303,flyer2,15,10.9553,-0.3,0,2
527303,flyer3,16.5,10.9553,-0.3,0,2
527304,bullet3,14.6648,5.34813,0.8,0,1
527305,player,14.0348,5.6222,-0.229967,0.274071,1
527307,bullet4,14.2847,5.31166,0.8,0,1
527308,flyer1,12,10.9553,-0.3,0,2
527308,flyer2,13.5,10.9553,-0.3,0,2
527308,flyer3,15,10.9553,-0.3,0,2
527310,player,13.0232,3.8554,-0.493619,-0.566501,1
527310,flyer4,16.5,10.9553,-0.3,0,2
527311,bullet5,13.2011,3.60047,0.8,0,1
527312,bullet6,13.1011,3.48575,0.8,0,1
527313,flyer1,10.5,10.9553,-0.3,0,2
527313,flyer2,12,10.9553,-0.3,0,2
527313,flyer3,13.5,10.9553,-0.3,0,2
527313,bullet2,13.0562,3.43413,0.8,0,1
527315,player,12.1374,3.40045,-0.160984,-0.0104535,1
527315,flyer4,15,10.9553,-0.3,0,2
527315,bullet1,12.5374,3.40045,0.8,0,1
527317,bullet3,12.9218,3.39363,0.8,0,1
527318,flyer1,9,10.9553,-0.3,0,2
527318,flyer2,10.5,10.9553,-0.3,0,2
527318,flyer3,12,10.9553,-0.3,0,2
527318,bullet4,12.9754,3.39267,0.8,0,1
527319,bullet5,12.9996,3.39225,0.8,0,1
527320,player,12.6105,3.39205,0.010869,-0.000192897,1
527320,flyer4,13.5,10.9553,-0.3,0,2
527320,bullet6,13.0105,3.39205,0.8,0,1
527323,flyer1,7.5,10.9553,-0.3,0,2
527323,flyer2,9,10.9553,-0.3,0,2
527323,flyer3,10.5,10.9553,-0.3,0,2
527323,bullet2,13.0186,2.83419,0.8,0,1
527325,player,12.1298,2.30021,-0.151674,-0.165718,1
527325,flyer4,12,10.9553,-0.3,0,2
527325,bullet1,12.5298,2.30021,0.8,0,1
527326,bullet3,12.4616,2.22564,0.8,0,1
527327,bullet4,11.6309,2.19208,-0.8,-6.99382e-08,1
527328,flyer1,5.99999,10.9553,-0.3,0,2
527328,flyer2,7.5,10.9553,-0.3,0,2
527328,flyer3,9,10.9553,-0.3,0,2
527328,bullet5,12.417,2.17698,0.8,0,1
527330,player,12.008,2.16712,-0.00279882,-0.00305797,1
527330,flyer4,10.5,10.9553,-0.3,0,2
527330,bullet6,12.408,2.16712,0.8,0,1
527331,bullet2,12.4068,2.16575,0.8,0,1
527332,bullet4,7.63085,2.19208,-0.8,-6.99382e-08,1
527333,flyer1,4.49999,10.9553,-0.3,0,2
527333,flyer2,5.99999,10.9553,-0.3,0,2
527333,flyer3,7.5,10.9553,-0.3,0,2
527333,bullet1,12.4059,2.16485,0.8,0,1
527335,player,12.0058,2.16467,-5.16461e-05,-5.64281e-05,1
527335,flyer4,9,10.9553,-0.3,0,2
527335,bullet3,12.4058,2.16467,0.8,0,1
527337,bullet4,3.63085,2.19208,-0.8,-6.99382e-08,1
527338,flyer1,2.99999,10.9553,-0.3,0,2
527338,flyer2,4.49999,10.9553,-0.3,0,2
527338,flyer3,5.99999,10.9553,-0.3,0,2
527338,bullet5,12.4057,2.16463,0.8,0,1
527339,bullet6,12.4057,2.16463,0.8,0,1
527340,player,12.0057,2.16462,-9.53016e-07,-1.04126e-06,1
527340,flyer4,7.5,10.9553,-0.3,0,2
527341,bullet2,12.4057,2.16462,0.8,0,1
527342,bullet4,-0.36915,2.19208,-0.8,-6.99382e-08,1
527343,flyer1,1.49999,10.9553,-0.3,0,2
527343,flyer2,2.99999,10.9553,-0.3,0,2
527343,flyer3,4.49999,10.9553,-0.3,0,2
527343,bullet5,16.4057,2.16463,0.8,0,1
527344,bullet6,16.4057,2.16463,0.8,0,1
527345,player,12.3432,1.82712,0.3375,-0.3375,1
527345,flyer4,5.99999,10.9553,-0.3,0,2
527346,bullet1,12.8951,1.67525,0.8,0,1
527348,flyer1,-6.4373e-06,10.9553,-0.3,0,2
527348,flyer2,1.49999,10.9553,-0.3,0,2
527348,flyer3,2.99999,10.9553,-0.3,0,2
527348,bullet3,12.9942,1.57615,0.8,0,1
527349,bullet4,13.008,1.56231,0.8,0,1
527350,player,12.6143,1.55608,0.00622782,-0.00622782,1
527350,flyer4,4.49999,10.9553,-0.3,0,2
527352,bullet5,13.0183,1.55202,0.8,0,1
527353,flyer2,-6.4373e-06,10.9553,-0.3,0,2
527353,flyer3,1.49999,10.9553,-0.3,0,2
527354,bullet6,13.0192,1.5512,0.8,0,1
527355,player,12.6193,1.55108,0.000114921,-0.000114921,1
527355,flyer4,2.99999,10.9553,-0.3,0,2
527355,bullet2,13.0193,1.55108,0.8,0,1
527358,flyer3,-6.4373e-06,10.9553,-0.3,0,2
527358,bullet1,13.0194,1.551,0.8,0,1
527359,bullet3,13.0194,1.55099,0.8,0,1
527360,player,12.6194,1.55099,2.12061e-06,-2.12061e-06,1
527360,flyer4,1.49999,10.9553,-0.3,0,2
527360,bullet2,17.0193,1.55108,0.8,0,1
527361,flyer5,16.5,10.9553,-0.3,0,2
527362,bullet4,12.53,1.06161,0.8,0,1
527364,flyer6,16.5,3.96727,-0.3,0,2
527364,bullet5,12.4309,0.962514,0.8,0,1
527365,player,12.0171,0.948675,-0.0138396,-0.0138396,1
527365,flyer4,-6.4373e-06,10.9553,-0.3,0,2
527365,bullet6,12.4171,0.948675,0.8,0,1
527366,flyer5,15,10.9553,-0.3,0,2
527367,bullet4,16.53,1.06161,0.8,0,1
527368,bullet2,12.4068,0.938383,0.8,0,1
527369,flyer6,15,3.96727,-0.3,0,2
527369,bullet1,12.4062,0.937816,0.8,0,1
527370,player,12.0059,0.93756,-0.000255379,-0.00025538,1
527371,flyer5,13.5,10.9553,-0.3,0,2
527373,flayer7,16.5,3.96727,-0.3,0,2
527374,flyer6,13.5,3.96727,-0.3,0,2
527374,flayer8,16.5,3.96727,-0.288876,0.0809357,2
527374,bullet3,12.9942,0.93736,0.8,0,1
527375,player,12.608,0.937355,0.0138349,-4.71249e-06,1
527375,bullet4,13.008,0.937355,0.8,0,1
527376,flyer5,12,10.9553,-0.3,0,2
527377,bullet5,13.0171,0.937352,0.8,0,1
527378,flayer7,15,3.96727,-0.3,0,2
527379,flyer6,12,3.96727,-0.3,0,2
527379,flayer8,15.0556,4.37195,-0.288876,0.0809357,2
527380,player,12.6192,0.937351,0.000255293,-8.69587e-08,1
527381,flyer5,10.5,10.9553,-0.3,0,2
527383,flayer7,13.5,3.96727,-0.3,0,2
527384,flyer6,10.5,3.96727,-0.3,0,2
527384,flayer8,13.6112,4.77663,-0.288876,0.0809357,2
527385,player,11.4286,1.28869,-0.0445896,0.320585,1
527386,flyer5,9,10.9553,-0.3,0,2
527387,bullet6,11.7995,1.49787,0.8,0,1
527388,flayer7,12,3.96727,-0.3,0,2
527389,flyer6,9,3.96727,-0.3,0,2
527389,flayer8,12.1669,5.18131,-0.288876,0.0809357,2
527390,player,11.9505,1.54615,0.067521,0.00591569,1
527391,flyer5,7.5,10.9553,-0.3,0,2
527391,bullet2,12.3809,1.54881,0.8,0,1
527392,bullet6,15.7995,1.49787,0.8,0,1
527393,flayer7,10.5,3.96727,-0.3,0,2
527394,flyer6,7.5,3.96727,-0.3,0,2
527394,flayer8,10.7225,5.58599,-0.288876,0.0809357,2
527395,player,12.0047,1.06152,0.00124595,-0.151766,1
527395,bullet1,12.4047,1.06152,0.8,0,1
527396,flyer5,5.99999,10.9553,-0.3,0,2
527396,bullet2,16.3809,1.54881,0.8,0,1
527398,flayer7,9,3.96727,-0.3,0,2
527399,flyer6,5.99999,3.96727,-0.3,0,2
527399,flayer8,9.27809,5.99067,-0.288876,0.0809357,2
527400,player,12.4951,2.01749,0.151898,0.179829,1
527401,flyer5,4.49999,10.9553,-0.3,0,2
527401,bullet3,12.9634,2.09841,0.8,0,1
527402,bullet4,12.9942,2.13483,0.8,0,1
527403,flayer7,7.5,3.96727,-0.3,0,2
527404,flyer6,4.49999,3.96727,-0.3,0,2
527404,flayer8,7.83371,6.39535,-0.288876,0.0809357,2
527404,bullet5,13.0143,2.15859,0.8,0,1
527405,player,12.6171,2.16191,0.00280295,0.00331835,1
527405,bullet6,13.0171,2.16191,0.8,0,1
527406,flyer5,2.99999,10.9553,-0.3,0,2
527408,flayer7,5.99999,3.96727,-0.3,0,2
527408,bullet2,13.0192,1.675,0.8,0,1
527409,flyer6,2.99999,3.96727,-0.3,0,2
527409,flayer8,6.38933,6.80003,-0.288876,0.0809357,2
527410,player,12.9568,1.2386,0.337552,-0.368193,1
527411,flyer5,1.49999,10.9553,-0.3,0,2
527411,bullet1,13.5087,1.07291,0.8,0,1
527413,flayer7,4.49999,3.96727,-0.3,0,2
527414,flyer6,1.49999,3.96727,-0.3,0,2
527414,flayer8,4.94494,7.20471,-0.288876,0.0809357,2
527415,player,12.7385,0.94291,-0.145646,-0.0067942,1
527415,bullet3,13.1385,0.94291,0.8,0,1
527416,flyer5,-6.4373e-06,10.9553,-0.3,0,2
527417,bullet4,13.0435,0.938476,0.8,0,1
527418,flayer7,2.99999,3.96727,-0.3,0,2
527419,flyer6,-6.4373e-06,3.96727,-0.3,0,2
527419,flayer8,3.50056,7.60939,-0.288876,0.0809357,2
527420,player,12.6216,0.4,-0.00268758,-0.0513518,1
527421,flyer1,16.5,3.96727,-0.29944,0.0183147,2
527422,flyer2,16.5,7.65154,-0.222474,0.20126,2
527422,bullet5,13.0198,0.394801,0.8,0,1
527423,flayer7,1.49999,3.96727,-0.3,0,2
527424,flayer8,2.05618,8.01407,-0.288876,0.0809357,2
527425,player,12.13,0.880309,-0.151925,0.151401,1
527425,bullet6,12.53,0.880309,0.8,0,1
527426,flyer1,15.0028,4.05885,-0.29944,0.0183147,2
527427,flyer2,15.3876,8.65784,-0.222474,0.20126,2
527428,flayer7,-6.4373e-06,3.96727,-0.3,0,2
527428,bullet2,12.9064,0.992895,0.8,0,1
527429,flayer8,0.611804,8.41875,-0.288876,0.0809357,2
527430,player,12.5965,1.0019,0.0279513,0.00279378,1
527431,flyer1,13.5056,4.15042,-0.29944,0.0183147,2
527432,flyer2,14.2753,9.66414,-0.222474,0.20126,2
527433,flyer3,16.5,7.65154,-0.3,0,2
527433,flyer4,16.5,7.2223,-0.3,0,2
527435,player,12.7319,1.01798,-0.13752,-0.0168635,1
527435,bullet1,13.1319,1.01798,0.8,0,1
527436,flyer1,12.0084,4.24199,-0.29944,0.0183147,2
527437,flyer2,13.1629,10.6704,-0.222474,0.20126,2
527438,flyer3,15,7.65154,-0.3,0,2
527438,flyer4,15,7.2223,-0.3,0,2
527438,bullet3,13.0296,1.00544,0.8,0,1
527440,player,12.6214,1.49381,-0.00253762,0.151564,1
527441,flyer1,10.5112,4.33357,-0.29944,0.0183147,2
527441,bullet4,13.0203,1.56202,0.8,0,1
527442,flyer2,12.0505,11.6767,-0.222474,0.20126,2
527442,bullet5,13.0198,1.59271,0.8,0,1
527443,flyer3,13.5,7.65154,-0.3,0,2
527443,flyer4,13.5,7.2223,-0.3,0,2
527445,player,11.7925,1.95303,-0.489422,0.340297,1
527446,flyer1,9.01399,4.42514,-0.29944,0.0183147,2
527447,flyer2,10.9381,12.683,-0.222474,0.20126,2
527447,bullet6,11.8732,2.17507,0.8,0,1
527448,flyer3,12,7.65154,-0.3,0,2
527448,flyer4,12,7.2223,-0.3,0,2
527450,player,11.3995,1.39944,-0.00903121,-0.483096,1
527451,flyer1,7.51679,4.51672,-0.29944,0.0183147,2
527452,flyer2,9.82578,13.6893,-0.222474,0.20126,2
527452,bullet6,15.8732,2.17507,0.8,0,1
527453,flyer3,10.5,7.65154,-0.3,0,2
527453,flyer4,10.5,7.2223,-0.3,0,2
527455,player,10.4663,1.01148,-0.368421,-0.00891447,1
527456,flyer1,6.01959,4.60829,-0.29944,0.0183147,2
527457,flyer2,8.71341,14.6956,-0.222474,0.20126,2
527458,flyer3,9,7.65154,-0.3,0,2
527458,flyer4,9,7.2223,-0.3,0,2
527459,bullet2,10.0195,1.00448,0.8,0,1
527460,player,9.58191,1.00432,-0.0375531,-0.000164497,1
527461,flyer1,4.52238,4.69987,-0.29944,0.0183147,2
527462,flyer2,7.60104,15.7019,-0.222474,0.20126,2
527462,bullet1,9.95741,0.514835,0.8,0,1
527463,flyer3,7.5,7.65154,-0.3,0,2
527463,flyer4,7.5,7.2223,-0.3,0,2
527464,bullet2,14.0195,1.00448,0.8,0,1
527465,player,9.88926,0.4,0.336807,-0,1
527466,flyer1,3.02518,4.79144,-0.29944,0.0183147,2
527467,bullet1,13.9574,0.514835,0.8,0,1
527468,flyer3,5.99999,7.65154,-0.3,0,2
527468,flyer4,5.99999,7.2223,-0.3,0,2
527470,player,10.6491,1.00231,0.15809,0.0138396,1
527471,flyer1,1.52798,4.88301,-0.29944,0.0183147,2
527471,flyer5,16.5,7.2223,-0.3,0,2
527471,bullet3,11.1203,1.00854,0.8,0,1
527473,flyer3,4.49999,7.65154,-0.3,0,2
527473,flyer4,4.49999,7.2223,-0.3,0,2
527475,player,10.1876,1.6019,-0.0278375,0.0310101,1
527475,bullet4,10.5876,1.6019,0.8,0,1
527476,flyer1,0.0307786,4.97459,-0.29944,0.0183147,2
527476,flyer5,15,7.2223,-0.3,0,2
527476,bullet3,15.1203,1.00854,0.8,0,1
527476,bullet5,10.5751,1.61586,0.8,0,1
527478,flyer3,2.99999,7.65154,-0.3,0,2
527478,flyer4,2.99999,7.2223,-0.3,0,2
527480,player,10.723,1.6268,0.0678301,0.000572223,1
527480,bullet4,14.5876,1.6019,0.8,0,1
527481,flyer5,13.5,7.2223,-0.3,0,2
527481,bullet5,14.5751,1.61586,0.8,0,1
527481,bullet6,11.1535,1.62706,0.8,0,1
527483,flyer3,1.49999,7.65154,-0.3,0,2
527483,flyer4,1.49999,7.2223,-0.3,0,2
527483,bullet2,11.1734,1.62723,0.8,0,1
527485,player,10.7774,1.62726,0.00125166,1.05591e-05,1
527485,bullet1,11.1774,1.62726,0.8,0,1
527486,flyer5,12,7.2223,-0.3,0,2
527486,bullet6,15.1535,1.62706,0.8,0,1
527488,flyer3,-6.4373e-06,7.65154,-0.3,0,2
527488,flyer4,-6.4373e-06,7.2223,-0.3,0,2
527488,bullet2,15.1734,1.62723,0.8,0,1
527488,bullet3,11.1784,1.06955,0.8,0,1
527489,bullet4,11.1784,1.0388,0.8,0,1
527490,player,10.7784,1.02496,2.30966e-05,-0.0138394,1
527490,bullet1,15.1774,1.62726,0.8,0,1
527491,flyer5,10.5,7.2223,-0.3,0,2
527492,flyer6,16.5,7.2223,-0.295,-0.054544,2
527492,bullet5,10.6891,1.5053,0.8,0,1
527493,bullet3,15.1784,1.06955,0.8,0,1
527494,bullet4,15.1784,1.0388,0.8,0,1
527495,player,10.6655,2.10553,0.138036,0.165459,1
527496,flyer5,9,7.2223,-0.3,0,2
527496,flayer7,16.5,7.2223,-0.299594,0.0155932,2
527496,bullet6,11.1276,2.17999,0.8,0,1
527497,flyer6,15.025,6.94958,-0.295,-0.054544,2
527497,bullet5,14.6891,1.5053,0.8,0,1
527499,bullet2,10.6845,1.74598,0.8,0,1
527500,player,10.2187,1.68069,-0.0657966,-0.0652906,1
527501,flyer5,7.5,7.2223,-0.3,0,2
527501,flayer7,15.002,7.30026,-0.299594,0.0155932,2
527501,bullet6,15.1276,2.17999,0.8,0,1
527501,bullet1,10.589,1.65131,0.8,0,1
527502,flyer6,13.55,6.67686,-0.295,-0.054544,2
527504,bullet2,14.6845,1.74598,0.8,0,1
527504,bullet3,10.567,1.07174,0.8,0,1
527505,player,10.1658,1.03978,-0.00121413,-0.0319595,1
527506,flyer5,5.99999,7.2223,-0.3,0,2
527506,flayer7,13.5041,7.37823,-0.299594,0.0155932,2
527506,bullet1,14.589,1.65131,0.8,0,1
527506,bullet4,10.5653,1.0254,0.8,0,1
527507,flyer6,12.075,6.40414,-0.295,-0.054544,2
527508,bullet5,10.5649,1.01602,0.8,0,1
527509,bullet3,14.567,1.07174,0.8,0,1
527509,bullet6,10.5649,1.01471,0.8,0,1
527510,player,10.1648,1.01412,-2.24042e-05,-0.000589742,1
527511,flyer5,4.49999,7.2223,-0.3,0,2
527511,flayer7,12.0061,7.45619,-0.299594,0.0155932,2
527511,bullet4,14.5653,1.0254,0.8,0,1
527512,flyer6,10.6,6.13142,-0.295,-0.054544,2
527513,bullet5,14.5649,1.01602,0.8,0,1
527513,bullet2,10.0754,1.50305,0.8,0,1
527514,bullet6,14.5649,1.01471,0.8,0,1
527515,player,9.57635,1.60212,-0.0307551,0.0307438,1
527515,bullet1,9.97635,1.60212,0.8,0,1
527516,flyer5,2.99999,7.2223,-0.3,0,2
527516,flayer7,10.5081,7.53416,-0.299594,0.0155932,2
527516,bullet3,9.16251,1.61595,-0.8,-6.99382e-08,1
527517,flyer6,9.125,5.8587,-0.295,-0.054544,2
527518,bullet2,14.0754,1.50305,0.8,0,1
527519,bullet4,9.95221,1.62624,0.8,0,1
527520,player,9.55165,1.62681,-0.000567518,0.00056731,1
527520,bullet1,13.9763,1.60212,0.8,0,1
527521,flyer5,1.49999,7.2223,-0.3,0,2
527521,flayer7,9.01013,7.61212,-0.299594,0.0155932,2
527521,bullet3,5.16251,1.61595,-0.8,-6.99382e-08,1
527522,flyer6,7.65,5.58598,-0.295,-0.054544,2
527522,bullet5,9.95127,1.62718,0.8,0,1
527524,bullet4,13.9522,1.62624,0.8,0,1
527525,player,9.55119,1.62726,-1.04723e-05,1.04685e-05,1
527526,flyer5,-6.4373e-06,7.2223,-0.3,0,2
527526,flayer7,7.51215,7.69009,-0.299594,0.0155932,2
527526,bullet3,1.16251,1.61595,-0.8,-6.99382e-08,1
527527,flyer6,6.175,5.31326,-0.295,-0.054544,2
527527,bullet5,13.9513,1.62718,0.8,0,1
527527,bullet6,9.4618,2.11665,0.8,0,1
527530,player,9.43824,2.22959,0.138035,0.0138398,1
527530,bullet2,9.83824,2.22959,0.8,0,1
527531,flayer7,6.01418,7.76806,-0.299594,0.0155932,2
527532,flyer6,4.7,5.04054,-0.295,-0.054544,2
527532,bullet6,13.4618,2.11665,0.8,0,1
527535,player,9.57985,1.09451,-0.0350419,-0.0988431,1
527535,bullet2,13.8382,2.22959,0.8,0,1
527536,flayer7,4.51621,7.84602,-0.299594,0.0155932,2
527536,flayer8,16.5,4.78348,-0.3,0,2
527536,bullet1,9.96408,1.05003,0.8,0,1
527537,flyer6,3.225,4.76782,-0.295,-0.054544,2
527539,bullet3,10.5101,0.459233,0.8,0,1
527540,player,10.1402,0.426654,0.0301081,-0.0325786,1
527540,bullet4,10.5402,0.426654,0.8,0,1
527541,flayer7,3.01824,7.92399,-0.299594,0.0155932,2
527541,flayer8,15,4.78348,-0.3,0,2
527541,bullet1,13.9641,1.05003,0.8,0,1
527542,flyer6,1.75,4.4951,-0.295,-0.054544,2
527543,bullet5,10.5626,0.891803,0.8,0,1
527544,bullet3,14.5101,0.459233,0.8,0,1
527545,player,10.5019,0.651464,0.338056,-0.307346,1
527545,bullet4,14.5402,0.426654,0.8,0,1
527546,flayer7,1.52027,8.00195,-0.299594,0.0155932,2
527546,flayer8,13.5,4.78348,-0.3,0,2
527546,bullet6,11.054,0.513158,0.8,0,1
527547,flyer6,0.274998,4.22238,-0.295,-0.054544,2
527548,bullet5,14.5626,0.891803,0.8,0,1
527550,player,10.7733,1.29986,0.00623808,0.400172,1
527551,flayer7,0.0222937,8.07992,-0.299594,0.0155932,2
527551,flyer2,16.5,7.2223,-0.3,0,2
527551,flayer8,12,4.78348,-0.3,0,2
527551,bullet6,15.054,0.513158,0.8,0,1
527552,bullet2,11.1774,1.56097,0.8,0,1
527554,flyer1,16.5,4.78348,-0.3,0,2
527555,player,10.7783,2.17895,0.00011511,0.0757281,1
527555,bullet1,11.1783,2.17895,0.8,0,1
527556,flyer2,15,7.2223,-0.3,0,2
527556,flayer8,10.5,4.78348,-0.3,0,2
527557,bullet2,15.1774,1.56097,0.8,0,1
527559,flyer1,15,4.78348,-0.3,0,2
527560,player,11.3669,1.65129,0.0307568,-0.0293573,1
527560,bullet1,15.1783,2.17895,0.8,0,1
527560,bullet3,11.7669,1.65129,0.8,0,1
527561,flyer2,13.5,7.2223,-0.3,0,2
527561,flayer8,9,4.78348,-0.3,0,2
527564,flyer1,13.5,4.78348,-0.3,0,2
527564,bullet4,10.4026,1.03978,-0.8,-6.99382e-08,1
527565,player,10.7893,1.0254,-0.0132721,-0.0143813,1
527565,bullet3,15.7669,1.65129,0.8,0,1
527565,bullet5,11.1893,1.0254,0.8,0,1
527566,flyer2,12,7.2223,-0.3,0,2
527566,flayer8,7.5,4.78348,-0.3,0,2
527567,bullet6,11.1806,1.01602,0.8,0,1
527569,flyer1,12,4.78348,-0.3,0,2
527569,bullet4,6.40258,1.03978,-0.8,-6.99382e-08,1
527570,player,10.9989,0.793633,-0.269401,0.268891,1
527570,bullet5,15.1893,1.0254,0.8,0,1
527571,flyer2,10.5,7.2223,-0.3,0,2
527571,flayer8,5.99999,4.78348,-0.3,0,2
527571,bullet2,11.2776,0.914634,0.8,0,1
527572,bullet6,15.1806,1.01602,0.8,0,1
527574,flyer1,10.5,4.78348,-0.3,0,2
527574,bullet4,2.40258,1.03978,-0.8,-6.99382e-08,1
527575,player,11.12,0.672076,0.332529,-0.332538,1
527576,flyer2,9,7.2223,-0.3,0,2
527576,flayer8,4.49999,4.78348,-0.3,0,2
527576,bullet2,15.2776,0.914634,0.8,0,1
527579,flyer1,9,4.78348,-0.3,0,2
527579,flyer3,16.5,4.78348,-0.3,0,2
527580,player,11.9448,0.993493,0.0744798,0.0246184,1
527580,bullet1,12.3448,0.993493,0.8,0,1
527581,flyer2,7.5,7.2223,-0.3,0,2
527581,flayer8,2.99999,4.78348,-0.3,0,2
527584,flyer1,7.5,4.78348,-0.3,0,2
527584,flyer3,15,4.78348,-0.3,0,2
527585,player,12.3421,1.4637,0.338874,0.199919,1
527585,bullet1,16.3448,0.993493,0.8,0,1
527586,flyer2,5.99999,7.2223,-0.3,0,2
527586,flayer8,1.49999,4.78348,-0.3,0,2
527587,bullet3,12.9632,1.59415,0.8,0,1
527589,flyer1,5.99999,4.78348,-0.3,0,2
527589,flyer3,13.5,4.78348,-0.3,0,2
527590,player,12.6142,1.62425,0.00625319,0.00368907,1
527590,bullet5,13.0142,1.62425,0.8,0,1
527591,flyer2,4.49999,7.2223,-0.3,0,2
527591,flayer8,-6.4373e-06,4.78348,-0.3,0,2
527591,bullet6,13.0171,1.62591,0.8,0,1
527593,bullet4,13.0189,1.627,0.8,0,1
527594,flyer1,4.49999,4.78348,-0.3,0,2
527594,flyer3,12,4.78348,-0.3,0,2
527595,player,12.2818,1.62722,-0.337385,6.80736e-05,1
527596,flyer2,2.99999,7.2223,-0.3,0,2
527598,flyer4,16.5,4.78348,-0.3,0,2
527598,bullet2,12.4309,1.62727,0.8,0,1
527599,flyer1,2.99999,4.78348,-0.3,0,2
527599,flyer3,10.5,4.78348,-0.3,0,2
527600,player,12.0108,1.62727,-0.0062257,1.25615e-06,1
527600,bullet1,12.4108,1.62727,0.8,0,1
527601,flyer2,1.49999,7.2223,-0.3,0,2
527603,flyer4,15,4.78348,-0.3,0,2
527603,bullet3,11.8485,2.18499,0.8,0,1
527604,flyer1,1.49999,4.78348,-0.3,0,2
527604,flyer3,9,4.78348,-0.3,0,2
527605,player,11.4035,1.74021,-0.0139545,-0.138035,1
527606,flyer2,-6.4373e-06,7.2223,-0.3,0,2
527606,bullet5,11.7972,1.67809,0.8,0,1
527608,flyer4,13.5,4.78348,-0.3,0,2
527608,bullet3,15.8485,2.18499,0.8,0,1
527609,flyer1,-6.4373e-06,4.78348,-0.3,0,2
527609,flyer3,7.5,4.78348,-0.3,0,2
527610,player,10.8346,1.62936,-0.0686013,-0.00254714,1
527610,bullet6,11.2346,1.62936,0.8,0,1
527611,bullet5,15.7972,1.67809,0.8,0,1
527612,flyer5,16.5,4.78348,-0.3,0,2
527613,flyer4,12,4.78348,-0.3,0,2
527614,flyer3,5.99999,4.78348,-0.3,0,2
527615,player,10.8102,1.65806,-0.0388549,-0.0376361,1
527615,bullet6,15.2346,1.62936,0.8,0,1
527615,bullet4,11.2102,1.65806,0.8,0,1
527616,bullet2,11.1927,1.64113,0.8,0,1
527617,flyer5,15,4.78348,-0.3,0,2
527618,flyer4,10.5,4.78348,-0.3,0,2
527619,flyer3,4.49999,4.78348,-0.3,0,2
527620,player,10.2213,1.07012,-0.0690607,-0.0690382,1
527620,bullet4,15.2102,1.65806,0.8,0,1
527621,bullet2,15.1927,1.64113,0.8,0,1
527621,bullet1,10.5902,1.03905,0.8,0,1
527622,flyer5,13.5,4.78348,-0.3,0,2
527623,flyer4,9,4.78348,-0.3,0,2
527624,flyer3,2.99999,4.78348,-0.3,0,2
527625,player,10.5033,0.4,0.336226,-0.245324,1
527626,bullet1,14.5902,1.03905,0.8,0,1
527627,flyer5,12,4.78348,-0.3,0,2
527627,bullet3,11.1227,0.4,0.8,0,1
527628,flyer4,7.5,4.78348,-0.3,0,2
527629,flyer3,1.49999,4.78348,-0.3,0,2
527630,player,11.1109,0.4,0.343704,-0,1
527632,flyer5,10.5,4.78348,-0.3,0,2
527632,bullet3,15.1227,0.4,0.8,0,1
527632,bullet5,11.7351,0.4,0.8,0,1
527633,flyer4,5.99999,4.78348,-0.3,0,2
527634,flyer3,-6.4373e-06,4.78348,-0.3,0,2
527635,player,10.8292,0.4,-0.0620014,0,1
527635,bullet6,11.2292,0.4,0.8,0,1
527637,flyer5,9,4.78348,-0.3,0,2
527637,bullet5,15.7351,0.4,0.8,0,1
527638,flyer4,4.49999,4.78348,-0.3,0,2
527638,flyer6,16.5,14.7696,-0.3,0,2
527638,bullet4,11.6724,0.4,0.8,0,1
527640,player,11.0303,0.7375,-0.307889,0.3375,1
527640,bullet6,15.2292,0.4,0.8,0,1
527642,flyer5,7.5,4.78348,-0.3,0,2
527643,flyer4,2.99999,4.78348,-0.3,0,2
527643,flyer6,15,14.7696,-0.3,0,2
527643,bullet4,15.6724,0.4,0.8,0,1
527643,bullet2,11.2014,0.499099,0.8,0,1
527645,player,10.7831,0.420068,-0.00568143,-0.0245269,1
527647,flyer5,5.99999,4.78348,-0.3,0,2
527647,bullet1,11.1794,0.404064,0.8,0,1
527648,flyer4,1.49999,4.78348,-0.3,0,2
527648,flyer6,13.5,14.7696,-0.3,0,2
527648,bullet2,15.2014,0.499099,0.8,0,1
527650,player,10.7785,0.40037,-0.000104838,-0.00045259,1
527652,flyer5,4.49999,4.78348,-0.3,0,2
527652,bullet1,15.1794,0.404064,0.8,0,1
527653,flyer4,-6.4373e-06,4.78348,-0.3,0,2
527653,flyer6,12,14.7696,-0.3,0,2
527654,flayer7,16.5,7.98481,-0.222298,0.201454,2
527655,player,11.3362,0.957719,0.0683418,0.0683438,1
527655,flayer8,16.5,7.98481,-0.226893,0.196264,2
527656,bullet3,11.7669,0.988474,0.8,0,1
527657,flyer5,2.99999,4.78348,-0.3,0,2
527657,bullet5,11.7808,1.00231,0.8,0,1
527658,flyer6,10.5,14.7696,-0.3,0,2
527659,flayer7,15.3885,8.99208,-0.222298,0.201454,2
527660,player,10.9017,1.50198,-0.150614,0.153136,1
527660,flayer8,15.3655,8.96613,-0.226893,0.196264,2
527661,bullet3,15.7669,0.988474,0.8,0,1
527662,flyer5,1.49999,4.78348,-0.3,0,2
527662,bullet5,15.7808,1.00231,0.8,0,1
527663,flyer6,9,14.7696,-0.3,0,2
527663,bullet6,11.1897,1.61586,0.8,0,1
527664,flayer7,14.277,9.99935,-0.222298,0.201454,2
527665,player,10.2913,1.62496,-0.154654,0.00282579,1
527665,flayer8,14.2311,9.94745,-0.226893,0.196264,2
527667,flyer5,-6.4373e-06,4.78348,-0.3,0,2
527667,bullet4,10.101,1.13743,0.8,0,1
527668,flyer6,7.5,14.7696,-0.3,0,2
527668,bullet6,15.1897,1.61586,0.8,0,1
527669,flayer7,13.1655,11.0066,-0.222298,0.201454,2
527670,player,9.56482,1.02492,-0.0166934,-0.0137875,1
527670,flayer8,13.0966,10.9288,-0.226893,0.196264,2
527672,bullet4,14.101,1.13743,0.8,0,1
527673,flyer6,5.99999,14.7696,-0.3,0,2
527673,bullet2,9.95241,0.456946,0.8,0,1
527674,flayer7,12.054,12.0139,-0.222298,0.201454,2
527675,player,10.0408,0.411532,0.151567,-0.014094,1
527675,flayer8,11.9622,11.9101,-0.226893,0.196264,2
527676,bullet1,10.509,0.40519,0.8,0,1
527678,flyer6,4.49999,14.7696,-0.3,0,2
527678,bullet2,13.9524,0.456946,0.8,0,1
527679,flayer7,10.9426,13.0212,-0.222298,0.201454,2
527680,player,9.67314,0.499312,-0.149078,-0.12138,1
527680,flayer8,10.8277,12.8914,-0.226893,0.196264,2
527681,bullet1,14.509,0.40519,0.8,0,1
527683,flyer6,2.99999,14.7696,-0.3,0,2
527683,bullet3,10.52,0.96677,0.8,0,1
527684,flayer7,9.83107,14.0284,-0.222298,0.201454,2
527685,player,9.66636,1.00415,-0.140786,0.0115998,1
527685,flayer8,9.69323,13.8727,-0.226893,0.196264,2
527687,bullet5,9.97449,0.522341,0.8,0,1
527688,flyer6,1.49999,14.7696,-0.3,0,2
527688,bullet3,14.52,0.96677,0.8,0,1
527689,flayer7,8.71958,15.0357,-0.222298,0.201454,2
527690,player,9.06392,0.411149,-0.154473,-0.0136256,1
527690,flayer8,8.55876,14.8541,-0.226893,0.196264,2
527691,bullet6,9.39441,0.405018,0.8,0,1
527692,bullet5,13.9745,0.522341,0.8,0,1
527693,flyer6,-6.4373e-06,14.7696,-0.3,0,2
527694,flayer7,7.60809,16.043,-0.222298,0.201454,2
527695,player,8.84076,0.499305,0.11827,-0.121372,1
527695,flayer8,7.4243,15.8354,-0.226893,0.196264,2
527696,flyer2,16.5,7.98481,-0.279534,-0.108908,2
527696,bullet6,13.3944,0.405018,0.8,0,1
527696,bullet4,9.29399,0.444688,0.8,0,1
527699,flyer1,16.5,15.4857,-0.3,0,2
527699,bullet2,9.33356,0.961792,0.8,0,1
527700,player,8.59825,1.32781,-0.335318,0.366015,1
527701,flyer2,15.1023,7.44027,-0.279534,-0.108908,2
527701,bullet4,13.294,0.444688,0.8,0,1
527702,bullet1,8.77945,1.56663,0.8,0,1
527704,flyer1,15,15.4857,-0.3,0,2
527704,bullet2,13.3336,0.961792,0.8,0,1
527704,bullet3,8.73514,1.61499,0.8,0,1
527705,player,8.32895,1.62175,-0.00618755,0.00675401,1
527706,flyer2,13.7047,6.89573,-0.279534,-0.108908,2
527706,bullet5,8.72617,1.62479,0.8,0,1
527707,bullet1,12.7795,1.56663,0.8,0,1
527709,flyer1,13.5,15.4857,-0.3,0,2
527709,bullet3,12.7351,1.61499,0.8,0,1
527710,player,8.81336,1.1378,0.151761,-0.15175,1
527710,bullet6,9.21336,1.1378,0.8,0,1
527711,flyer2,12.307,6.35119,-0.279534,-0.108908,2
527711,bullet5,12.7262,1.62479,0.8,0,1
527713,bullet4,9.32621,1.02495,0.8,0,1
527714,flyer1,12,15.4857,-0.3,0,2
527714,bullet2,9.33243,1.01873,0.8,0,1
527715,player,8.93523,1.01593,0.00280041,-0.00280022,1
527715,bullet6,13.2134,1.1378,0.8,0,1
527716,flyer2,10.9093,5.80665,-0.279534,-0.108908,2
527718,bullet4,13.3262,1.02495,0.8,0,1
527719,flyer1,10.5,15.4857,-0.3,0,2
527719,bullet2,13.3324,1.01873,0.8,0,1
527720,player,8.89289,1.61599,0.0545558,0.0137879,1
527720,bullet1,9.29289,1.61599,0.8,0,1
527721,flyer2,9.51167,5.26211,-0.279534,-0.108908,2
527721,bullet3,9.31744,1.6222,0.8,0,1
527724,flyer1,9,15.4857,-0.3,0,2
527725,player,8.37898,1.62707,-0.067337,0.000254426,1
527725,bullet1,13.2929,1.61599,0.8,0,1
527725,bullet5,8.77898,1.62707,0.8,0,1
527726,flyer2,8.114,4.71757,-0.279534,-0.108908,2
527726,bullet3,13.3174,1.6222,0.8,0,1
527727,bullet6,8.73505,1.62723,0.8,0,1
527729,flyer1,7.5,15.4857,-0.3,0,2
527730,player,7.76719,1.62727,-0.0695863,4.69488e-06,1
527730,bullet5,12.779,1.62707,0.8,0,1
527730,bullet4,8.16719,1.62727,0.8,0,1
527731,flyer2,6.71633,4.17302,-0.279534,-0.108908,2
527732,bullet6,12.735,1.62723,0.8,0,1
527733,bullet2,8.11544,2.18499,0.8,0,1
527734,flyer1,5.99999,15.4857,-0.3,0,2
527735,player,7.22193,2.22959,-0.153159,0.0138397,1
527735,bullet4,12.1672,1.62727,0.8,0,1
527736,flyer2,5.31866,3.62848,-0.279534,-0.108908,2
527738,bullet2,12.1154,2.18499,0.8,0,1
527739,flyer1,4.49999,15.4857,-0.3,0,2
527740,player,7.09893,3.33239,-0.00282622,0.16597,1
527740,bullet4,16.1672,1.62727,0.8,0,1
527741,flyer2,3.921,3.08394,-0.279534,-0.108908,2
527741,flyer3,16.5,15.4857,-0.3,0,2
527743,bullet2,16.1154,2.18499,0.8,0,1
527744,flyer1,2.99999,15.4857,-0.3,0,2
527744,flyer4,16.5,0.994356,-0.3,0,2
527745,player,7.69897,3.20086,0.0137875,0.326723,1
527746,flyer2,2.52333,2.5394,-0.279534,-0.108908,2
527746,flyer3,15,15.4857,-0.3,0,2
527748,bullet1,7.55151,3.44382,0.8,0,1
527749,flyer1,1.49999,15.4857,-0.3,0,2
527749,flyer4,15,0.994356,-0.3,0,2
527749,bullet3,7.52132,3.45722,0.8,0,1
527750,player,7.10773,3.46325,-0.0135852,0.00602896,1
527751,flyer2,1.12566,1.99486,-0.279534,-0.108908,2
527751,flyer3,13.5,15.4857,-0.3,0,2
527752,bullet5,7.49887,3.46718,0.8,0,1
527753,bullet1,11.5515,3.44382,0.8,0,1
527754,flyer1,-6.4373e-06,15.4857,-0.3,0,2
527754,flyer4,13.5,0.994356,-0.3,0,2
527754,bullet3,11.5213,3.45722,0.8,0,1
527755,player,7.65454,4.02581,0.0680931,0.068455,1
527756,flyer2,-0.272007,1.45032,-0.279534,-0.108908,2
527756,flyer3,12,15.4857,-0.3,0,2
527756,bullet6,8.08518,4.05661,0.8,0,1
527757,bullet5,11.4989,3.46718,0.8,0,1
527758,bullet1,15.5515,3.44382,0.8,0,1
527759,flyer4,12,0.994356,-0.3,0,2
527759,bullet3,15.5213,3.45722,0.8,0,1
527760,player,8.26694,4.08078,0.0696003,0.00126319,1
527761,flyer3,10.5,15.4857,-0.3,0,2
527761,bullet6,12.0852,4.05661,0.8,0,1
527761,bullet4,8.69826,4.08135,0.8,0,1
527762,bullet5,15.4989,3.46718,0.8,0,1
527763,bullet2,8.7187,4.08172,0.8,0,1
527764,flyer4,10.5,0.994356,-0.3,0,2
527765,player,8.32284,4.0818,0.00128432,2.33094e-05,1
527765,bullet1,8.72284,4.0818,0.8,0,1
527766,flyer3,9,15.4857,-0.3,0,2
527766,bullet6,16.0852,4.05661,0.8,0,1
527766,bullet4,12.6983,4.08135,0.8,0,1
527768,bullet2,12.7187,4.08172,0.8,0,1
527769,flyer4,9,0.994356,-0.3,0,2
527770,player,7.23218,4.57119,-0.165691,0.151875,1
527770,bullet1,12.7228,4.0818,0.8,0,1
527771,flyer3,7.5,15.4857,-0.3,0,2
527773,flyer5,16.5,0.994356,-0.3,0,2
527773,bullet3,7.0196,4.68413,0.8,0,1
527774,flyer4,7.5,0.994356,-0.3,0,2
527775,player,6.84815,4.69316,0.303688,0.00280253,1
527776,flyer3,5.99999,15.4857,-0.3,0,2
527778,flyer5,15,0.994356,-0.3,0,2
527778,bullet3,11.0196,4.68413,0.8,0,1
527778,bullet5,6.91626,4.69524,0.8,0,1
527779,flyer4,5.99999,0.994356,-0.3,0,2
527780,player,6.48972,5.18478,-0.00823571,0.151927,1
527781,flyer3,4.49999,15.4857,-0.3,0,2
527782,bullet6,6.39497,5.28391,0.8,0,1
527783,flyer5,13.5,0.994356,-0.3,0,2
527783,bullet3,15.0196,4.68413,0.8,0,1
527783,bullet5,10.9163,4.69524,0.8,0,1
527784,flyer4,4.49999,0.994356,-0.3,0,2
527785,player,5.39142,5.30679,-0.165867,0.00280348,1
527786,flyer3,2.99999,15.4857,-0.3,0,2
527786,bullet4,5.71678,5.30805,0.8,0,1
527787,bullet6,10.395,5.28391,0.8,0,1
527788,flyer5,12,0.994356,-0.3,0,2
527788,bullet5,14.9163,4.69524,0.8,0,1
527789,flyer4,2.99999,0.994356,-0.3,0,2
527790,player,5.81593,5.2407,0.065283,0.083583,1
527791,flyer3,1.49999,15.4857,-0.3,0,2
527791,bullet4,9.71678,5.30805,0.8,0,1
527791,bullet2,6.24531,5.27831,0.8,0,1
527792,bullet6,14.395,5.28391,0.8,0,1
527792,bullet1,6.25853,5.29524,0.8,0,1
527793,flyer5,10.5,0.994356,-0.3,0,2
527794,flyer4,1.49999,0.994356,-0.3,0,2
527795,player,5.86836,5.30782,0.00120466,0.00154234,1
527796,flyer3,-6.4373e-06,15.4857,-0.3,0,2
527796,bullet4,13.7168,5.30805,0.8,0,1
527796,bullet2,10.2453,5.27831,0.8,0,1
527796,bullet3,5.4689,5.30852,-0.8,-6.99382e-08,1
527797,bullet1,10.2585,5.29524,0.8,0,1
527798,flyer5,9,0.994356,-0.3,0,2
527799,flyer4,-6.4373e-06,0.994356,-0.3,0,2
527800,player,5.86933,5.30906,2.22293e-05,2.84605e-05,1
527801,bullet2,14.2453,5.27831,0.8,0,1
527801,bullet3,1.4689,5.30852,-0.8,-6.99382e-08,1
527802,bullet1,14.2585,5.29524,0.8,0,1
527803,flyer5,7.5,0.994356,-0.3,0,2
527803,bullet5,6.26935,4.75137,0.8,0,1
527805,player,5.86935,4.70677,4.10193e-07,-0.0138391,1
527805,flyer6,16.5,0.994356,-0.251422,0.163668,2
527805,bullet6,6.26935,4.70677,0.8,0,1
527806,bullet4,6.26935,4.70055,0.8,0,1
527808,flyer5,5.99999,0.994356,-0.3,0,2
527808,bullet5,10.2693,4.75137,0.8,0,1
527809,bullet2,6.26935,4.20654,0.8,0,1
527810,player,5.86935,4.13794,7.56921e-09,-0.0685991,1
527810,flyer6,15.2429,1.8127,-0.251422,0.163668,2
527810,bullet6,10.2693,4.70677,0.8,0,1
527811,bullet4,10.2693,4.70055,0.8,0,1
527813,flyer5,4.49999,0.994356,-0.3,0,2
527813,bullet5,14.2693,4.75137,0.8,0,1
527814,bullet2,10.2693,4.20654,0.8,0,1
527815,player,5.31163,4.08285,-0.0683438,-0.00126585,1
527815,flyer6,13.9858,2.63104,-0.251422,0.163668,2
527815,bullet6,14.2693,4.70677,0.8,0,1
527816,bullet4,14.2693,4.70055,0.8,0,1
527816,bullet1,5.68087,4.08228,0.8,0,1
527818,flyer5,2.99999,0.994356,-0.3,0,2
527819,bullet2,14.2693,4.20654,0.8,0,1
527820,player,4.76737,4.57121,-0.153136,0.151852,1
527820,flyer6,12.7287,3.44937,-0.251422,0.163668,2
527821,bullet1,9.68087,4.08228,0.8,0,1
527822,flayer7,16.5,0.994356,-0.280277,-0.106981,2
527823,flyer5,1.49999,0.994356,-0.3,0,2
527823,bullet3,5.05349,4.68413,0.8,0,1
527825,player,4.30689,4.35566,-0.340326,-0.334698,1
527825,flyer6,11.4716,4.26771,-0.251422,0.163668,1
527826,bullet5,4.55374,4.20505,0.8,0,1
527827,flayer7,15.0986,0.459448,-0.280277,-0.106981,2
527828,flyer5,-6.4373e-06,0.994356,-0.3,0,2
527828,bullet3,9.05349,4.68413,0.8,0,1
527828,bullet6,4.45381,4.10677,0.8,0,1
527830,player,3.5442,3.5975,-0.158155,-0.158051,1
527830,flyer6,10.2145,5.08605,-0.251422,0.163668,0
527831,bullet5,8.55374,4.20505,0.8,0,1
527832,flayer7,13.6972,-0.075459,-0.280277,-0.106981,2
527833,bullet6,8.45381,4.10677,0.8,0,1
527835,player,2.91398,2.37888,-0.137878,-0.168631,1
527835,flayer8,16.5,0.994356,-0.299783,-0.0114026,2
527836,flyer1,16.5,9.835,-0.247117,0.170098,2
527836,bullet5,12.5537,4.20505,0.8,0,1
527838,bullet6,12.4538,4.10677,0.8,0,1
527840,player,2.20094,1.64114,-0.0163839,-0.0169513,1
527840,flayer8,15.0011,0.937343,-0.299783,-0.0114026,2
527841,flyer1,15.2644,10.6855,-0.247117,0.170098,2
527841,flyer2,16.5,9.835,-0.289269,0.07952,2
527841,bullet4,2.59356,1.63351,0.8,0,1
527842,bullet2,2.59024,1.63008,0.8,0,1
527844,bullet1,2.58808,1.62784,0.8,0,1
527845,player,2.18778,1.62753,-0.000302328,-0.0003128,1
527845,flayer8,13.5022,0.88033,-0.299783,-0.0114026,2
527846,flyer1,14.0288,11.536,-0.247117,0.170098,2
527846,flyer2,15.0537,10.2326,-0.289269,0.07952,2
527846,bullet4,6.59356,1.63351,0.8,0,1
527847,bullet2,6.59025,1.63008,0.8,0,1
527849,bullet1,6.58808,1.62784,0.8,0,1
527850,player,2.63232,1.67187,0.206374,-0.0545099,1
527850,flayer8,12.0032,0.823317,-0.299783,-0.0114026,2
527851,flyer1,12.7932,12.3865,-0.247117,0.170098,2
527851,flyer2,13.6073,10.6302,-0.289269,0.07952,2
527851,bullet4,10.5936,1.63351,0.8,0,1
527851,bullet3,3.12518,1.64734,0.8,0,1
527852,bullet2,10.5902,1.63008,0.8,0,1
527852,bullet5,3.16697,1.6363,0.8,0,1
527854,bullet1,10.5881,1.62784,0.8,0,1
527855,player,2.79805,2.11747,0.00380817,0.150869,1
527856,flyer1,11.5577,13.2369,-0.247117,0.170098,2
527856,flyer2,12.161,11.0278,-0.289269,0.07952,2
527856,bullet3,7.12518,1.64734,0.8,0,1
527856,bullet6,3.19976,2.18536,0.8,0,1
527857,bullet5,7.16697,1.6363,0.8,0,1
527859,bullet1,14.5881,1.62784,0.8,0,1
527860,player,2.24339,2.23863,-0.0682735,0.00278396,1
527861,flyer1,10.3221,14.0874,-0.247117,0.170098,2
527861,flyer2,10.7146,11.4254,-0.289269,0.07952,2
527861,bullet3,11.1252,1.64734,0.8,0,1
527861,bullet6,7.19976,2.18536,0.8,0,1
527862,bullet5,11.167,1.6363,0.8,0,1
527862,bullet4,2.59884,2.24045,0.8,0,1
527865,player,1.85106,1.90337,-0.33876,-0.337449,1
527866,flyer1,9.08649,14.9379,-0.247117,0.170098,2
527866,flyer2,9.26826,11.823,-0.289269,0.07952,2
527866,bullet3,15.1252,1.64734,0.8,0,1
527866,bullet6,11.1998,2.18536,0.8,0,1
527867,bullet5,15.167,1.6363,0.8,0,1
527867,bullet4,6.59884,2.24045,0.8,0,1
527869,bullet2,2.47463,1.63859,0.8,0,1
527870,player,2.13673,1.63237,0.0620927,-0.00622688,1
527871,flyer1,7.85091,15.7884,-0.247117,0.170098,2
527871,flyer2,7.82192,12.2206,-0.289269,0.07952,2
527871,bullet6,15.1998,2.18536,0.8,0,1
527872,bullet4,10.5988,2.24045,0.8,0,1
527874,bullet2,6.47463,1.63859,0.8,0,1
527875,player,1.87985,3.11106,-0.373943,0.436484,1
527876,flyer2,6.37557,12.6182,-0.289269,0.07952,2
527876,flyer3,16.5,5.9947,-0.29554,-0.0515368,2
527877,bullet4,14.5988,2.24045,0.8,0,1
527879,bullet2,10.4746,1.63859,0.8,0,1
527880,player,1.53494,3.417,0.0476038,0.0625585,1
527880,flyer4,16.5,5.9947,-0.299281,0.0207561,2
527881,flyer2,4.92923,13.0158,-0.289269,0.07952,2
527881,flyer3,15.0223,5.73702,-0.29554,-0.0515368,2
527881,bullet1,1.95637,3.44515,0.8,0,1
527883,bullet3,1.97034,3.46352,0.8,0,1
527884,bullet2,14.4746,1.63859,0.8,0,1
527885,player,1.57317,3.46723,0.000878425,0.00115438,1
527885,flyer4,15.0036,6.09848,-0.299281,0.0207561,2
527886,flyer2,3.48288,13.4134,-0.289269,0.07952,2
527886,flyer3,13.5446,5.47934,-0.29554,-0.0515368,2
527886,bullet1,5.95637,3.44515,0.8,0,1
527888,bullet3,5.97034,3.46352,0.8,0,1
527890,player,2.73391,2.30813,0.0821996,-0.0821621,1
527890,flyer4,13.5072,6.20227,-0.299281,0.0207561,2
527890,bullet5,3.13391,2.30813,0.8,0,1
527891,flyer2,2.03654,13.811,-0.289269,0.07952,2
527891,flyer3,12.0669,5.22165,-0.29554,-0.0515368,2
527891,bullet1,9.95637,3.44515,0.8,0,1
527893,bullet3,9.97034,3.46352,0.8,0,1
527893,bullet6,2.63732,2.80475,0.8,0,1
527895,player,2.19761,2.84446,-0.0123228,0.0123235,1
527895,flyer4,12.0108,6.30605,-0.299281,0.0207561,2
527895,bullet5,7.13391,2.30813,0.8,0,1
527896,flyer2,0.590193,14.2086,-0.289269,0.07952,2
527896,flyer3,10.5892,4.96397,-0.29554,-0.0515368,2
527896,bullet1,13.9564,3.44515,0.8,0,1
527898,bullet3,13.9703,3.46352,0.8,0,1
527898,bullet6,6.63732,2.80475,0.8,0,1
527900,player,2.74543,1.69433,0.0681164,-0.081956,1
527900,flyer4,10.5144,6.40983,-0.299281,0.0207561,2
527900,bullet5,11.1339,2.30813,0.8,0,1
527901,flyer3,9.1115,4.70629,-0.29554,-0.0515368,2
527903,bullet6,10.6373,2.80475,0.8,0,1
527905,player,2.84473,1.0262,-0.0532472,-0.0153519,1
527905,flyer4,9.01797,6.51361,-0.299281,0.0207561,2
527905,bullet5,15.1339,2.30813,0.8,0,1
527905,bullet4,3.24473,1.0262,0.8,0,1
527906,flyer3,7.6338,4.44861,-0.29554,-0.0515368,2
527906,bullet2,3.22077,1.01929,0.8,0,1
527908,bullet6,14.6373,2.80475,0.8,0,1
527910,player,3.29135,1.50324,0.150892,0.151592,1
527910,flyer4,7.52157,6.61739,-0.299281,0.0207561,2
527910,bullet4,7.24473,1.0262,0.8,0,1
527910,bullet1,3.69135,1.50324,0.8,0,1
527911,flyer3,6.1561,4.19092,-0.29554,-0.0515368,2
527911,bullet2,7.22077,1.01929,0.8,0,1
527912,bullet3,3.7898,1.60216,0.8,0,1
527915,player,3.97024,1.06726,0.0711281,-0.0655465,1
527915,flyer4,6.02516,6.72117,-0.299281,0.0207561,2
527915,bullet4,11.2447,1.0262,0.8,0,1
527915,bullet1,7.69135,1.50324,0.8,0,1
527916,flyer3,4.6784,3.93324,-0.29554,-0.0515368,2
527916,bullet2,11.2208,1.01929,0.8,0,1
527917,bullet3,7.7898,1.60216,0.8,0,1
527920,player,3.53799,1.504,-0.150562,0.150665,1
527920,flyer4,4.52875,6.82495,-0.299281,0.0207561,2
527920,bullet4,15.2447,1.0262,0.8,0,1
527920,bullet1,11.6913,1.50324,0.8,0,1
527921,flyer3,3.2007,3.67556,-0.29554,-0.0515368,2
527921,bullet2,15.2208,1.01929,0.8,0,1
527922,bullet3,11.7898,1.60216,0.8,0,1
527922,bullet5,3.83975,1.60231,0.8,0,1
527924,bullet6,3.81985,1.62222,0.8,0,1
527925,player,3.41708,1.9625,-0.0027783,0.34028,1
527925,flyer4,3.03235,6.92873,-0.299281,0.0207561,2
527925,bullet1,15.6913,1.50324,0.8,0,1
527926,flyer3,1.723,3.41787,-0.29554,-0.0515368,2
527927,bullet3,15.7898,1.60216,0.8,0,1
527927,bullet5,7.83975,1.60231,0.8,0,1
527929,bullet6,7.81986,1.62222,0.8,0,1
527929,bullet4,3.25718,1.67177,0.8,0,1
527930,player,2.82637,1.6473,-0.030806,-0.0244756,1
527930,flyer4,1.53594,7.03252,-0.299281,0.0207561,2
527930,bullet2,3.22637,1.6473,0.8,0,1
527931,flyer3,0.245298,3.16019,-0.29554,-0.0515368,2
527932,bullet5,11.8398,1.60231,0.8,0,1
527934,bullet6,11.8199,1.62222,0.8,0,1
527934,bullet4,7.25718,1.67177,0.8,0,1
527935,player,1.65544,1.62764,-0.0996669,-0.000451643,1
527935,flyer4,0.0395374,7.1363,-0.299281,0.0207561,2
527935,bullet2,7.22637,1.6473,0.8,0,1
527937,bullet5,15.8398,1.60231,0.8,0,1
527938,flyer5,16.5,5.14921,-0.3,0,2
527939,bullet6,15.8199,1.62222,0.8,0,1
527939,bullet4,11.2572,1.67177,0.8,0,1
527940,player,1.5754,0.54943,-0.00183913,-0.182638,1
527940,flyer6,16.5,5.14921,-0.3,0,2
527940,bullet2,11.2264,1.6473,0.8,0,1
527940,bullet1,1.9754,0.54943,0.8,0,1
527943,flyer5,15,5.14921,-0.3,0,2
527944,bullet4,15.2572,1.67177,0.8,0,1
527945,player,0.98545,0.4,-0.0307886,0,1
527945,flyer6,15,5.14921,-0.3,0,2
527945,bullet2,15.2264,1.6473,0.8,0,1
527945,bullet1,5.9754,0.54943,0.8,0,1
527947,flayer7,16.5,5.14921,-0.247421,0.169656,2
527947,bullet3,1.36536,0.4,0.8,0,1
527948,flyer5,13.5,5.14921,-0.3,0,2
527949,bullet5,1.36129,0.4,0.8,0,1
527950,player,0.960724,0.4,-0.000568137,0,1
527950,flyer6,13.5,5.14921,-0.3,0,2
527950,bullet1,9.9754,0.54943,0.8,0,1
527951,bullet6,1.36047,0.4,0.8,0,1
527952,flayer7,15.2629,5.99749,-0.247421,0.169656,2
527952,bullet3,5.36536,0.4,0.8,0,1
527953,flyer5,12,5.14921,-0.3,0,2
527954,bullet5,5.36129,0.4,0.8,0,1
527955,player,1.44964,0.889375,0.151865,0.151875,1
527955,flyer6,12,5.14921,-0.3,0,2
527955,bullet1,13.9754,0.54943,0.8,0,1
527956,bullet6,5.36047,0.4,0.8,0,1
527957,flayer7,14.0258,6.84576,-0.247421,0.169656,2
527957,bullet3,9.36536,0.4,0.8,0,1
527958,flyer5,10.5,5.14921,-0.3,0,2
527959,bullet5,9.36129,0.4,0.8,0,1
527960,player,0.870191,0.508129,0.110083,-0.132157,1
527960,flyer6,10.5,5.14921,-0.3,0,2
527960,bullet4,1.27019,0.508129,0.8,0,1
527961,bullet6,9.36047,0.4,0.8,0,1
527962,flayer7,12.7887,7.69404,-0.247421,0.169656,2
527962,bullet3,13.3654,0.4,0.8,0,1
527963,flyer5,9,5.14921,-0.3,0,2
527964,bullet5,13.3613,0.4,0.8,0,1
527965,player,0.958597,0.401996,0.00203134,-0.00243868,1
527965,flyer6,9,5.14921,-0.3,0,2
527965,bullet4,5.27019,0.508129,0.8,0,1
527966,bullet6,13.3605,0.4,0.8,0,1
527967,flayer7,11.5516,8.54232,-0.247421,0.169656,2
527968,flyer5,7.5,5.14921,-0.3,0,2
527970,player,0.889375,0.889375,0.151875,0.151875,1
527970,flyer6,7.5,5.14921,-0.3,0,2
527970,bullet4,9.27019,0.508129,0.8,0,1
527970,bullet2,1.28938,0.889375,0.8,0,1
527972,flayer7,10.3145,9.3906,-0.247421,0.169656,2
527973,flyer5,5.99999,5.14921,-0.3,0,2
527975,player,1.01134,1.56906,0.00280252,0.0711463,1
527975,flyer6,5.99999,5.14921,-0.3,0,2
527975,bullet4,13.2702,0.508129,0.8,0,1
527975,bullet2,5.28938,0.889375,0.8,0,1
527975,bullet1,1.41134,1.56906,0.8,0,1
527977,flayer7,9.07739,10.2389,-0.247421,0.169656,2
527978,flyer5,4.49999,5.14921,-0.3,0,2
527980,player,1.11269,1.7253,-0.121069,-0.119807,1
527980,flyer6,4.49999,5.14921,-0.3,0,2
527980,bullet2,9.28938,0.889375,0.8,0,1
527980,bullet1,5.41134,1.56906,0.8,0,1
527980,bullet3,1.51269,1.7253,0.8,0,1
527982,flayer7,7.84029,11.0872,-0.247421,0.169656,2
527982,bullet5,1.4337,1.64712,0.8,0,1
527983,flyer5,2.99999,5.14921,-0.3,0,2
527985,player,0.457745,2.1868,-0.0705778,0.066133,1
527985,flyer6,2.99999,5.14921,-0.3,0,2
527985,bullet2,13.2894,0.889375,0.8,0,1
527985,bullet1,9.41134,1.56906,0.8,0,1
527985,bullet3,5.51269,1.7253,0.8,0,1
527987,flayer7,6.60318,11.9354,-0.247421,0.169656,2
527987,bullet5,5.4337,1.64712,0.8,0,1
527988,flyer5,1.49999,5.14921,-0.3,0,2
527989,bullet6,0.8,2.23869,0.8,0,1
527990,player,0.4,2.23991,0,0.00122034,1
527990,flyer6,1.49999,5.14921,-0.3,0,2
527990,bullet1,13.4113,1.56906,0.8,0,1
527990,bullet3,9.51269,1.7253,0.8,0,1
527992,flayer7,5.36608,12.7837,-0.247421,0.169656,2
527992,bullet5,9.4337,1.64712,0.8,0,1
527993,flyer5,-6.4373e-06,5.14921,-0.3,0,2
527994,bullet6,4.8,2.23869,0.8,0,1
527994,bullet4,0.8,2.24087,0.8,0,1
527995,player,0.4,2.24089,0,2.25187e-05,1
527995,flyer6,-6.4373e-06,5.14921,-0.3,0,2
527995,bullet3,13.5127,1.7253,0.8,0,1
527997,flayer7,4.12897,13.632,-0.247421,0.169656,2
527997,bullet5,13.4337,1.64712,0.8,0,1
527999,bullet6,8.8,2.23869,0.8,0,1
527999,bullet4,4.8,2.24087,0.8,0,1
528000,player,1.47785,1.16306,0.18263,-0.182629,1
528001,flayer8,16.5,12.1683,-0.3,0,2
528001,bullet2,1.96003,1.08088,0.8,0,1
528002,flayer7,2.89187,14.4803,-0.247421,0.169656,2
528004,bullet6,12.8,2.23869,0.8,0,1
528004,bullet4,8.8,2.24087,0.8,0,1
528004,bullet1,2.02115,1.50914,0.8,0,1
528005,player,1.62451,1.57411,0.00337003,0.0649737,1
528006,flayer8,15,12.1683,-0.3,0,2
528006,bullet2,5.96003,1.08088,0.8,0,1
528007,flayer7,1.65477,15.3286,-0.247421,0.169656,2
528009,bullet4,12.8,2.24087,0.8,0,1
528009,bullet1,6.02115,1.50914,0.8,0,1
528010,player,1.36241,2.22861,0.323723,0.0150386,1
528011,flayer8,13.5,12.1683,-0.3,0,2
528011,bullet2,9.96003,1.08088,0.8,0,1
528012,flayer7,0.417667,16.1768,-0.247421,0.169656,2
528014,bullet4,16.8,2.24087,0.8,0,1
528014,bullet1,10.0211,1.50914,0.8,0,1
528014,bullet3,2.50579,2.3395,0.8,0,1
528015,player,2.1801,2.28528,0.0743173,-0.0542266,1
528016,flayer8,12,12.1683,-0.3,0,2
528016,bullet2,13.96,1.08088,0.8,0,1
528016,bullet5,2.61355,2.26088,0.8,0,1
528019,bullet1,14.0211,1.50914,0.8,0,1
528019,bullet3,6.50579,2.3395,0.8,0,1
528020,player,2.46,1.68401,-0.267785,-0.0693444,1
528021,flayer8,10.5,12.1683,-0.3,0,2
528021,bullet5,6.61355,2.26088,0.8,0,1
528021,bullet6,1.9395,1.6528,-0.8,-6.99382e-08,1
528023,bullet4,2.66087,1.63244,0.8,0,1
528024,bullet3,10.5058,2.3395,0.8,0,1
528024,bullet2,2.64989,1.6296,0.8,0,1
528025,player,2.24495,1.62832,-0.00494138,-0.0012796,1
528026,flayer8,9,12.1683,-0.3,0,2
528026,bullet5,10.6135,2.26088,0.8,0,1
528028,bullet4,6.66087,1.63244,0.8,0,1
528029,bullet3,14.5058,2.3395,0.8,0,1
528029,bullet2,6.64989,1.6296,0.8,0,1
528030,player,1.90348,1.62729,-0.337591,-2.36122e-05,1
528031,flayer8,7.5,12.1683,-0.3,0,2
528031,bullet5,14.6135,2.26088,0.8,0,1
528033,bullet4,10.6609,1.63244,0.8,0,1
528033,bullet1,2.05244,1.62727,0.8,0,1
528034,bullet2,10.6499,1.6296,0.8,0,1
528034,bullet6,2.0386,1.62727,0.8,0,1
528035,player,1.63237,1.62727,-0.00622951,-4.35711e-07,1
528036,flayer8,5.99999,12.1683,-0.3,0,2
528038,bullet4,14.6609,1.63244,0.8,0,1
528038,bullet1,6.05244,1.62727,0.8,0,1
528039,bullet2,14.6499,1.6296,0.8,0,1
528039,bullet6,6.0386,1.62727,0.8,0,1
528040,player,1.62737,2.22959,-0.000114952,0.0138396,1
528041,flayer8,4.49999,12.1683,-0.3,0,2
528042,flyer1,16.5,1.1248,-0.3,0,2
528043,bullet1,10.0524,1.62727,0.8,0,1
528043,bullet3,0.669562,2.23988,-0.8,-6.99382e-08,1
528044,bullet6,10.0386,1.62727,0.8,0,1
528045,player,0.535586,1.75133,-0.165717,-0.15162,1
528046,flayer8,2.99999,12.1683,-0.3,0,2
528047,flyer1,15,1.1248,-0.3,0,2
528050,player,0.653475,1.99782,-0.309803,0.297113,1
528051,flayer8,1.49999,12.1683,-0.3,0,2
528051,bullet5,0.914063,2.13152,0.8,0,1
528054,flyer2,16.5,1.1248,-0.3,0,2
528054,bullet4,0.810393,2.23094,0.8,0,1
528055,player,0.4,2.23642,-0,0.00548257,1
528056,flayer8,-6.4373e-06,12.1683,-0.3,0,2
528056,bullet5,4.91406,2.13152,0.8,0,1
528057,bullet2,0.8,2.24,0.8,0,1
528058,bullet3,0.8,2.2405,0.8,0,1
528059,flyer2,15,1.1248,-0.3,0,2
528059,bullet4,4.81039,2.23094,0.8,0,1
528060,player,0.4,2.57833,-0,0.337601,1
528061,bullet5,8.91406,2.13152,0.8,0,1
528062,bullet2,4.8,2.24,0.8,0,1
528063,bullet3,4.8,2.2405,0.8,0,1
528064,flyer2,13.5,1.1248,-0.3,0,2
528064,bullet4,8.81039,2.23094,0.8,0,1
528065,player,1.00231,2.24714,0.0138396,-0.00760992,1
528066,bullet5,12.9141,2.13152,0.8,0,1
528067,bullet2,8.8,2.24,0.8,0,1
528068,bullet3,8.8,2.2405,0.8,0,1
528069,flyer2,12,1.1248,-0.3,0,2
528069,bullet4,12.8104,2.23094,0.8,0,1
528070,player,1.01343,2.57853,0.00025538,0.33736,1
528072,bullet2,12.8,2.24,0.8,0,1
528073,bullet3,12.8,2.2405,0.8,0,1
528074,flyer2,10.5,1.1248,-0.3,0,2
528074,flyer3,16.5,1.1248,-0.297851,0.0358409,2
528074,bullet1,0.924253,3.92108,0.8,0,1
528075,player,0.455914,4.00949,-0.068339,0.0884086,1
528076,bullet6,0.825161,4.04927,0.8,0,1
528079,flyer2,9,1.1248,-0.3,0,2
528079,flyer3,15.0107,1.304,-0.297851,0.0358409,2
528079,bullet1,4.92425,3.92108,0.8,0,1
528080,player,0.4,4.08048,0,0.00163139,1
528081,bullet6,4.82516,4.04927,0.8,0,1
528081,bullet5,0.8,4.08122,0.8,0,1
528084,flyer2,7.5,1.1248,-0.3,0,2
528084,flyer3,13.5215,1.48321,-0.297851,0.0358409,2
528084,bullet1,8.92425,3.92108,0.8,0,1
528085,player,0.4,4.08179,0,3.01037e-05,1
528085,bullet4,0.8,4.08179,0.8,0,1
528086,bullet6,8.82516,4.04927,0.8,0,1
528086,bullet5,4.8,4.08122,0.8,0,1
528089,flyer2,5.99999,1.1248,-0.3,0,2
528089,flyer3,12.0322,1.66241,-0.297851,0.0358409,2
528089,bullet1,12.9243,3.92108,0.8,0,1
528090,player,0.4,4.12641,0,-0.0545036,1
528090,bullet4,4.8,4.08179,0.8,0,1
528091,bullet6,12.8252,4.04927,0.8,0,1
528091,bullet5,8.8,4.08122,0.8,0,1
528094,flyer2,4.49999,1.1248,-0.3,0,2
528094,flyer3,10.543,1.84161,-0.297851,0.0358409,2
528095,player,0.889375,4.08264,0.151875,-0.00100574,1
528095,bullet4,8.8,4.08179,0.8,0,1
528096,bullet5,12.8,4.08122,0.8,0,1
528099,flyer2,2.99999,1.1248,-0.3,0,2
528099,flyer3,9.05371,2.02082,-0.297851,0.0358409,2
528100,player,0.4,4.67031,0,0.0307361,1
528100,bullet4,12.8,4.08179,0.8,0,1
528100,bullet2,0.8,4.67031,0.8,0,1
528104,flyer2,1.49999,1.1248,-0.3,0,2
528104,flyer3,7.56445,2.20002,-0.297851,0.0358409,2
528105,player,1.89753,5.85502,0.419683,0.0827505,1
528105,flyer4,16.5,1.1248,-0.3,0,2
528105,bullet2,4.8,4.67031,0.8,0,1
528109,flyer2,-6.4373e-06,1.1248,-0.3,0,2
528109,flyer3,6.0752,2.37923,-0.297851,0.0358409,2
528110,player,1.9836,6.50995,0.31449,0.0322817,1
528110,flyer4,15,1.1248,-0.3,0,2
528110,bullet2,8.8,4.67031,0.8,0,1
528111,flyer5,16.5,2.95889,-0.252298,0.162313,2
528114,flyer3,4.58594,2.55843,-0.297851,0.0358409,2
528115,player,1.74679,5.59606,-0.146072,-0.350744,1
528115,flyer4,13.5,1.1248,-0.3,0,2
528115,bullet2,12.8,4.67031,0.8,0,1
528116,flyer5,15.2385,3.77045,-0.252298,0.162313,2
528118,bullet3,1.54879,5.82461,0.8,0,1
528119,flyer3,3.09668,2.73763,-0.297851,0.0358409,2
528120,player,0.703505,6.24035,-0.37095,0.361782,1
528120,flyer4,12,1.1248,-0.3,0,2
528121,flyer5,13.977,4.58202,-0.252298,0.162313,1
528123,bullet3,5.54879,5.82461,0.8,0,1
528123,bullet1,1.38538,5.95167,0.8,0,1
528124,flyer3,1.60742,2.91684,-0.297851,0.0358409,2
528124,bullet6,1.40092,5.93575,0.8,0,1
528125,player,1.00791,5.92859,0.00699454,-0.0071637,1
528125,flyer4,10.5,1.1248,-0.3,0,2
528126,flyer5,12.7155,5.39358,-0.252298,0.162313,1
528127,bullet5,1.41248,5.92391,0.8,0,1
528128,bullet3,9.54879,5.82461,0.8,0,1
528128,bullet1,5.38538,5.95167,0.8,0,1
528129,flyer3,0.118167,3.09604,-0.297851,0.0358409,2
528129,bullet6,5.40092,5.93575,0.8,0,1
528130,player,1.57125,5.92283,0.0684728,-0.000132191,1
528130,flyer4,9,1.1248,-0.3,0,2
528132,bullet5,5.41248,5.92391,0.8,0,1
528133,bullet1,9.38538,5.95167,0.8,0,1
528134,bullet6,9.40092,5.93575,0.8,0,1
528135,player,2.16021,6.59338,0.0986344,-0.0696941,1
528135,flyer4,7.5,1.1248,-0.3,0,2
528137,bullet5,9.41248,5.92391,0.8,0,1
528138,bullet1,13.3854,5.95167,0.8,0,1
528139,bullet6,13.4009,5.93575,0.8,0,1
528140,player,2.79714,7.69744,0.0701638,0.0808973,1
528140,flyer4,5.99999,1.1248,-0.3,0,2
528140,bullet4,3.19714,7.69744,0.8,0,1
528142,bullet5,13.4125,5.92391,0.8,0,1
528143,flyer6,16.5,2.95889,-0.3,0,2
528145,player,1.7618,7.87534,-0.16442,-0.136543,1
528145,flyer4,4.49999,1.1248,-0.3,0,2
528145,bullet4,7.19714,7.69744,0.8,0,1
528145,bullet2,2.1618,7.87534,0.8,0,1
528148,flyer6,15,2.95889,-0.3,0,2
528150,player,1.2615,9.24938,-0.302945,0.434079,1
528150,flyer4,2.99999,1.1248,-0.3,0,2
528150,bullet4,11.1971,7.69744,0.8,0,1
528150,bullet2,6.1618,7.87534,0.8,0,1
528153,flyer6,13.5,2.95889,-0.3,0,2
528155,player,1.84509,10.5378,0.483785,0.35935,1
528155,flyer4,1.49999,1.1248,-0.3,0,2
528155,bullet4,15.1971,7.69744,0.8,0,1
528155,bullet2,10.1618,7.87534,0.8,0,1
528157,flayer7,16.5,2.95889,-0.214175,0.21007,2
528157,bullet3,2.56076,10.7723,0.8,0,1
528158,flyer6,12,2.95889,-0.3,0,2
528159,bullet1,2.62468,10.8198,0.8,0,1
528160,player,2.23361,10.8264,0.00892719,0.00663101,1
528160,flyer4,-6.4373e-06,1.1248,-0.3,0,2
528160,bullet2,14.1618,7.87534,0.8,0,1
528161,bullet6,2.63762,10.8294,0.8,0,1
528162,flayer7,15.4291,4.00923,-0.214175,0.21007,2
528162,bullet3,6.56076,10.7723,0.8,0,1
528163,flyer6,10.5,2.95889,-0.3,0,2
528164,bullet1,6.62468,10.8198,0.8,0,1
528164,bullet5,2.64061,10.8316,0.8,0,1
528165,player,2.24078,11.1692,0.000164732,0.337622,1
528166,bullet6,6.63762,10.8294,0.8,0,1
528167,flayer7,14.3583,5.05958,-0.214175,0.21007,2
528167,bullet3,10.5608,10.7723,0.8,0,1
528168,flyer6,9,2.95889,-0.3,0,2
528169,bullet1,10.6247,10.8198,0.8,0,1
528169,bullet5,6.64061,10.8316,0.8,0,1
528170,player,1.16306,11.4403,-0.182627,0.00623008,1
528171,bullet6,10.6376,10.8294,0.8,0,1
528172,flayer7,13.2874,6.10993,-0.214175,0.21007,2
528172,bullet3,14.5608,10.7723,0.8,0,1
528173,flyer6,7.5,2.95889,-0.3,0,2
528174,bullet1,14.6247,10.8198,0.8,0,1
528174,bullet5,10.6406,10.8316,0.8,0,1
528175,player,0.527021,11.9347,-0.155245,0.15199,1
528175,bullet4,0.927021,11.9347,0.8,0,1
528176,bullet6,14.6376,10.8294,0.8,0,1
528177,flayer7,12.2165,7.16028,-0.214175,0.21007,2
528177,bullet2,0.825724,12.0339,0.8,0,1
528178,flyer6,5.99999,2.95889,-0.3,0,2
528179,bullet5,14.6406,10.8316,0.8,0,1
528180,player,0.4,12.0568,0,0.00280464,1
528180,bullet4,4.92702,11.9347,0.8,0,1
528182,flayer7,11.1456,8.21063,-0.214175,0.21007,2
528182,bullet2,4.82572,12.0339,0.8,0,1
528183,flyer6,4.49999,2.95889,-0.3,0,2
528185,player,0.468344,13.2191,-0.0835313,0.0822351,1
528185,bullet4,8.92702,11.9347,0.8,0,1
528187,flayer7,10.0748,9.26097,-0.214175,0.21007,2
528187,bullet2,8.82572,12.0339,0.8,0,1
528188,flyer6,2.99999,2.95889,-0.3,0,2
528188,bullet3,0.806228,12.7225,0.8,0,1
528190,player,0.890636,13.1722,0.150334,0.139553,1
528190,bullet4,12.927,11.9347,0.8,0,1
528192,flayer7,9.0039,10.3113,-0.214175,0.21007,2
528192,bullet2,12.8257,12.0339,0.8,0,1
528193,flyer6,1.49999,2.95889,-0.3,0,2
528193,bullet3,4.80623,12.7225,0.8,0,1
528193,bullet1,1.16015,13.2759,-0.8,-6.99382e-08,1
528195,player,1.61368,12.9467,0.0166137,-0.334925,1
528196,bullet6,2.02116,12.796,0.8,0,1
528197,flayer7,7.93303,11.3617,-0.214175,0.21007,2
528198,flyer6,-6.4373e-06,2.95889,-0.3,0,2
528198,bullet3,8.80623,12.7225,0.8,0,1
528200,player,2.18474,13.2355,0.0686503,0.0621634,1
528200,flyer1,16.5,2.95889,-0.289724,0.0778465,2
528201,bullet6,6.02116,12.796,0.8,0,1
528202,flayer7,6.86215,12.412,-0.214175,0.21007,1
528203,bullet3,12.8062,12.7225,0.8,0,1
528205,player,3.3999,12.7277,0.0834501,-0.0671967,1
528205,flyer1,15.0514,3.34812,-0.289724,0.0778465,2
528205,bullet5,3.7999,12.7277,0.8,0,1
528207,flayer7,5.79128,13.4624,-0.214175,0.21007,0
528208,bullet3,16.8062,12.7225,0.8,0,1
528208,bullet4,3.37259,12.1883,0.8,0,1
528210,player,2.87845,12.4227,-0.0292148,0.305505,1
528210,flyer1,13.6028,3.73735,-0.289724,0.0778465,2
528212,flayer8,16.5,9.2612,-0.291677,0.0701762,2
528212,bullet1,3.25939,12.6221,0.8,0,1
528213,bullet4,7.37259,12.1883,0.8,0,1
528213,bullet2,3.25672,12.6499,0.8,0,1
528215,player,3.19249,12.6681,0.336961,0.00563743,1
528215,flyer1,12.1541,4.12658,-0.289724,0.0778465,2
528216,bullet6,3.74412,12.6706,0.8,0,1
528217,flayer8,15.0416,9.61208,-0.291677,0.0701762,2
528217,bullet1,7.25939,12.6221,0.8,0,1
528218,bullet4,11.3726,12.1883,0.8,0,1
528218,bullet2,7.25672,12.6499,0.8,0,1
528220,player,3.46309,12.6726,0.00621788,0.000104026,1
528220,flyer1,10.7055,4.51582,-0.289724,0.0778465,2
528221,bullet6,7.74412,12.6706,0.8,0,1
528222,flayer8,13.5832,9.96296,-0.291677,0.0701762,2
528222,bullet1,11.2594,12.6221,0.8,0,1
528223,bullet4,15.3726,12.1883,0.8,0,1
528223,bullet2,11.2567,12.6499,0.8,0,1
528225,player,3.46809,12.3352,0.000114737,-0.337498,1
528225,flyer1,9.25689,4.90505,-0.289724,0.0778465,2
528226,bullet6,11.7441,12.6706,0.8,0,1
528227,flayer8,12.1249,10.3138,-0.291677,0.0701762,2
528227,bullet1,15.2594,12.6221,0.8,0,1
528228,bullet2,15.2567,12.6499,0.8,0,1
528229,bullet5,3.3788,11.4819,0.8,0,1
528230,player,2.91046,11.4619,-0.0683416,-0.0200674,1
528230,flyer1,7.80827,5.29428,-0.289724,0.0778465,2
528231,bullet6,15.7441,12.6706,0.8,0,1
528232,flayer8,10.6665,10.6647,-0.291677,0.0701762,2
528232,flyer2,16.5,9.2612,-0.3,0,2
528233,bullet3,2.77026,11.9363,0.8,0,1
528234,bullet5,7.3788,11.4819,0.8,0,1
528235,player,1.9296,12.0342,-0.369516,0.0303844,1
528235,flyer1,6.35965,5.68351,-0.289724,0.0778465,2
528237,flayer8,9.20809,11.0156,-0.291677,0.0701762,1
528237,flyer2,15,9.2612,-0.3,0,2
528238,bullet3,6.77027,11.9363,0.8,0,1
528238,bullet4,2.05482,11.4991,0.8,0,1
528240,player,2.12223,11.4563,0.145056,-0.0132789,1
528240,flyer1,4.91103,6.07275,-0.289724,0.0778465,2
528241,bullet1,2.5875,11.4503,0.8,0,1
528242,flyer2,13.5,9.2612,-0.3,0,2
528243,bullet4,6.05482,11.4991,0.8,0,1
528245,player,2.82719,11.935,0.0334314,0.15163,1
528245,flyer1,3.46241,6.46198,-0.289724,0.0778465,2
528246,bullet1,6.5875,11.4503,0.8,0,1
528246,bullet2,3.24224,12.0032,0.8,0,1
528247,flyer2,12,9.2612,-0.3,0,2
528248,bullet4,10.0548,11.4991,0.8,0,1
528248,bullet6,3.25205,12.0478,0.8,0,1
528250,player,2.85404,12.5462,0.000616903,0.154673,1
528250,flyer1,2.01379,6.85121,-0.289724,0.0778465,2
528251,bullet1,10.5875,11.4503,0.8,0,1
528251,bullet2,7.24224,12.0032,0.8,0,1
528252,flyer2,10.5,9.2612,-0.3,0,2
528253,bullet4,14.0548,11.4991,0.8,0,1
528253,bullet6,7.25205,12.0478,0.8,0,1
528255,player,2.26606,13.2588,-0.0307433,0.0336088,1
528255,flyer1,0.565173,7.24044,-0.289724,0.0778465,2
528256,bullet1,14.5875,11.4503,0.8,0,1
528256,bullet2,11.2422,12.0032,0.8,0,1
528257,flyer2,9,9.2612,-0.3,0,2
528258,bullet6,11.2521,12.0478,0.8,0,1
528259,bullet5,3.19966,13.2852,0.8,0,1
528260,player,2.82984,13.2858,0.0301874,0.000620178,1
528261,bullet2,15.2422,12.0032,0.8,0,1
528261,bullet3,3.24343,13.2861,0.8,0,1
528262,flyer2,7.5,9.2612,-0.3,0,2
528263,bullet6,15.2521,12.0478,0.8,0,1
528264,bullet5,7.19966,13.2852,0.8,0,1
528264,bullet4,3.25353,13.2863,0.8,0,1
