149394,player,5.54262,5.98791,0,0,1
149396,bullet1,6.432,5.98791,0.8,0,1
149398,bullet2,6.5311,5.98791,0.8,0,1
149399,player,6.14494,5.98791,0.0138396,0,1
149401,bullet1,10.432,5.98791,0.8,0,1
149403,bullet2,10.5311,5.98791,0.8,0,1
149404,player,6.98292,5.82219,0.48963,0.20254,1
149406,bullet1,14.432,5.98791,0.8,0,1
149408,bullet2,14.5311,5.98791,0.8,0,1
149409,player,7.37614,5.39638,0.00903506,-0.0270173,1
149409,bullet3,7.77614,5.39638,0.8,0,1
149411,bullet4,7.78203,5.37875,0.8,0,1
149414,player,7.04589,4.8853,-0.337333,-0.152374,1
149414,bullet3,11.7761,5.39638,0.8,0,1
149416,bullet4,11.782,5.37875,0.8,0,1
149416,bullet5,7.22578,4.78588,0.8,0,1
149419,player,6.99521,4.76294,-0.275381,-0.00281172,1
149419,bullet3,15.7761,5.39638,0.8,0,1
149421,flyer1,16.5,3.66384,-0.3,0,2
149421,bullet4,15.782,5.37875,0.8,0,1
149421,bullet5,11.2258,4.78588,0.8,0,1
149421,bullet6,7.21552,4.7611,0.8,0,1
149423,bullet1,7.17913,4.76073,0.8,0,1
149424,player,6.77405,4.76068,-0.00508155,-5.18841e-05,1
149424,bullet2,7.17405,4.76068,0.8,0,1
149426,flyer1,15,3.66384,-0.3,0,2
149426,bullet5,15.2258,4.78588,0.8,0,1
149426,bullet6,11.2155,4.7611,0.8,0,1
149428,bullet1,11.1791,4.76073,0.8,0,1
149429,player,6.76997,4.76064,-9.3769e-05,-9.57408e-07,1
149429,bullet2,11.1741,4.76068,0.8,0,1
149431,flyer1,13.5,3.66384,-0.3,0,2
149431,bullet6,15.2155,4.7611,0.8,0,1
149433,flyer2,16.5,3.66384,-0.3,0,2
149433,bullet1,15.1791,4.76073,0.8,0,1
149433,bullet3,7.20065,4.72988,0.8,0,1
149434,player,6.78373,5.0843,-0.0169168,0.354415,1
149434,bullet2,15.1741,4.76068,0.8,0,1
149436,flyer1,12,3.66384,-0.3,0,2
149436,flyer3,16.5,3.66384,-0.297,-0.0423199,2
149436,bullet4,7.1727,5.31555,0.8,0,1
149437,bullet5,7.17115,5.34785,0.8,0,1
149438,flyer2,15,3.66384,-0.3,0,2
149438,bullet3,11.2007,4.72988,0.8,0,1
149439,player,6.43265,5.70642,-0.337812,0.34404,1
149441,flyer1,10.5,3.66384,-0.3,0,2
149441,flyer3,15.015,3.45224,-0.297,-0.0423199,2
149441,bullet4,11.1727,5.31555,0.8,0,1
149442,bullet5,11.1712,5.34785,0.8,0,1
149443,flyer2,13.5,3.66384,-0.3,0,2
149443,bullet3,15.2007,4.72988,0.8,0,1
149444,player,6.49886,6.24753,0.331266,-0.317312,1
149446,flyer1,9,3.66384,-0.3,0,2
149446,flyer3,13.53,3.24064,-0.297,-0.0423199,2
149446,bullet4,15.1727,5.31555,0.8,0,1
149446,bullet6,7.11501,6.04048,0.8,0,1
149447,bullet5,15.1712,5.34785,0.8,0,1
149447,bullet1,7.14519,6.01157,0.8,0,1
149448,flyer2,12,3.66384,-0.3,0,2
149449,player,6.76489,5.6552,0.0061128,-0.343355,1
149450,bullet2,6.36764,5.50069,-0.8,-6.99382e-08,1
149451,flyer1,7.5,3.66384,-0.3,0,2
149451,flyer3,12.045,3.02904,-0.297,-0.0423199,2
149451,bullet6,11.115,6.04048,0.8,0,1
149452,bullet1,11.1452,6.01157,0.8,0,1
149452,bullet3,7.16944,5.39987,0.8,0,1
149453,flyer2,10.5,3.66384,-0.3,0,2
149454,player,7.25917,5.86883,0.151988,0.145539,1
149455,bullet2,2.36764,5.50069,-0.8,-6.99382e-08,1
149456,flyer1,5.99999,3.66384,-0.3,0,2
149456,flyer3,10.56,2.81744,-0.297,-0.0423199,2
149456,bullet6,15.115,6.04048,0.8,0,1
149457,bullet1,15.1452,6.01157,0.8,0,1
149457,bullet3,11.1694,5.39987,0.8,0,1
149458,flyer2,9,3.66384,-0.3,0,2
149459,player,7.38123,6.47509,0.0028046,0.154561,1
149460,bullet4,7.78249,6.54464,0.8,0,1
149461,flyer1,4.49999,3.66384,-0.3,0,2
149461,flyer3,9.075,2.60584,-0.297,-0.0423199,2
149462,bullet3,15.1694,5.39987,0.8,0,1
149462,bullet5,7.78332,6.59002,0.8,0,1
149463,flyer2,7.5,3.66384,-0.3,0,2
149463,bullet6,7.78343,6.59636,0.8,0,1
149464,player,7.38348,6.59921,5.17528e-05,0.00285208,1
149465,bullet4,11.7825,6.54464,0.8,0,1
149466,flyer1,2.99999,3.66384,-0.3,0,2
149466,flyer3,7.59,2.39424,-0.297,-0.0423199,2
149466,bullet1,7.78352,7.09044,0.8,0,1
149467,bullet5,11.7833,6.59002,0.8,0,1
149468,flyer2,5.99999,3.66384,-0.3,0,2
149468,bullet6,11.7834,6.59636,0.8,0,1
149469,player,7.5354,7.54131,-0.185624,0.351392,1
149470,bullet4,15.7825,6.54464,0.8,0,1
149471,flyer1,1.49999,3.66384,-0.3,0,2
149471,flyer3,6.105,2.18264,-0.297,-0.0423199,2
149471,bullet1,11.7835,7.09044,0.8,0,1
149471,bullet2,7.81428,7.7706,0.8,0,1
149472,bullet5,15.7833,6.59002,0.8,0,1
149473,flyer2,4.49999,3.66384,-0.3,0,2
149473,bullet6,15.7834,6.59636,0.8,0,1
149473,bullet3,7.78975,7.81703,0.8,0,1
149474,player,7.38633,7.82351,-0.00342529,0.00648418,1
149474,bullet4,7.78633,7.82351,0.8,0,1
149476,flyer1,-6.4373e-06,3.66384,-0.3,0,2
149476,flyer3,4.62,1.97104,-0.297,-0.0423199,2
149476,bullet1,15.7835,7.09044,0.8,0,1
149476,bullet2,11.8143,7.7706,0.8,0,1
149478,flyer2,2.99999,3.66384,-0.3,0,2
149478,bullet3,11.7898,7.81703,0.8,0,1
149479,player,7.28448,7.92782,0.121057,-0.121001,1
149479,bullet4,11.7863,7.82351,0.8,0,1
149479,bullet5,7.68448,7.92782,0.8,0,1
149481,flyer3,3.135,1.75944,-0.297,-0.0423199,2
149481,bullet2,15.8143,7.7706,0.8,0,1
149483,flyer2,1.49999,3.66384,-0.3,0,2
149483,bullet3,15.7898,7.81703,0.8,0,1
149484,player,8.86539,7.5239,0.438832,-0.377322,1
149484,bullet4,15.7863,7.82351,0.8,0,1
149484,bullet5,11.6845,7.92782,0.8,0,1
149485,flyer4,16.5,10.1633,-0.24514,-0.172934,2
149486,flyer3,1.65,1.54784,-0.297,-0.0423199,2
149487,bullet6,10.1494,7.24331,0.8,0,1
149488,flyer2,-6.4373e-06,3.66384,-0.3,0,2
149489,player,9.33075,7.22088,-0.129938,-0.00696265,1
149489,bullet5,15.6845,7.92782,0.8,0,1
149490,flyer4,15.2743,9.29859,-0.24514,-0.172934,2
149491,flyer3,0.165002,1.33624,-0.297,-0.0423199,2
149491,flyer5,16.5,3.66384,-0.295233,0.0532705,2
149492,bullet6,14.1494,7.24331,0.8,0,1
149492,bullet1,10.1918,7.2157,0.8,0,1
149494,player,9.82871,7.70466,0.0114419,0.151747,1
149495,flyer4,14.0486,8.43391,-0.24514,-0.172934,2
149495,flyer6,16.5,10.1633,-0.3,0,2
149495,bullet2,9.43386,7.77295,-0.8,-6.99382e-08,1
149496,flyer5,15.0238,3.93019,-0.295233,0.0532705,2
149499,player,9.83789,8.87362,0.000211135,0.223019,1
149500,flyer4,12.8229,7.56924,-0.24514,-0.172934,1
149500,flyer6,15,10.1633,-0.3,0,2
149500,bullet2,5.43386,7.77295,-0.8,-6.99382e-08,1
149500,bullet3,10.238,8.97398,0.8,0,1
149501,flyer5,13.5477,4.19654,-0.295233,0.0532705,2
149503,bullet4,10.2381,9.60633,0.8,0,1
149504,player,9.83806,9.6412,3.89604e-06,0.03487,1
149504,bullet5,10.2381,9.6412,0.8,0,1
149505,flyer4,11.5972,6.70457,-0.24514,-0.172934,1
149505,flyer6,13.5,10.1633,-0.3,0,2
149505,bullet2,1.43386,7.77295,-0.8,-6.99382e-08,1
149505,bullet3,14.238,8.97398,0.8,0,1
149506,flyer5,12.0715,4.46289,-0.295233,0.0532705,2
149508,bullet6,10.2381,9.66856,0.8,0,1
149509,player,9.83806,9.3317,7.18928e-08,-0.336857,1
149510,flyer4,10.3715,5.8399,-0.24514,-0.172934,1
149511,flyer5,10.5953,4.72925,-0.295233,0.0532705,2
149513,flayer7,16.5,10.1633,-0.278727,-0.110956,2
149513,bullet6,14.2381,9.66856,0.8,0,1
149514,player,10.3958,9.95639,0.0683438,0.399628,1
149515,flyer4,9.1458,4.97523,-0.24514,-0.172934,1
149516,flyer5,9.11918,4.9956,-0.295233,0.0532705,2
149516,bullet1,10.8404,10.2172,0.8,0,1
149518,flayer7,15.1064,9.60848,-0.278727,-0.110956,1
149519,player,10.6709,9.93983,-0.267895,-0.330126,1
149520,flyer4,7.9201,4.11056,-0.24514,-0.172934,1
149521,flyer5,7.64302,5.26195,-0.295233,0.0532705,2
149521,bullet1,14.8404,10.2172,0.8,0,1
149524,player,10.1628,11.1722,-0.396948,0.413592,1
149525,flyer4,6.69439,3.24589,-0.24514,-0.172934,1
149525,flayer8,16.5,10.1633,-0.225363,0.198019,2
149526,flyer5,6.16685,5.5283,-0.295233,0.0532705,2
149526,flyer1,16.5,8.46418,-0.235807,-0.185459,2
149527,bullet4,10.2677,12.0375,0.8,0,1
149528,bullet5,10.2514,12.0852,0.8,0,1
149529,player,9.84405,12.1067,-0.0073248,0.0214715,1
149530,flyer4,5.46869,2.38122,-0.24514,-0.172934,1
149530,flayer8,15.3732,11.1534,-0.225363,0.198019,2
149531,flyer5,4.69069,5.79465,-0.295233,0.0532705,2
149531,flyer1,15.321,7.53688,-0.235807,-0.185459,2
149531,bullet2,10.7286,11.6313,0.8,0,1
149533,bullet3,10.8268,11.5351,0.8,0,1
149534,player,10.4405,11.5216,0.0137044,-0.0134434,1
149535,flyer4,4.24299,1.51655,-0.24514,-0.172934,1
149536,flyer5,3.21453,6.061,-0.295233,0.0532705,2
149536,flyer1,14.1419,6.60959,-0.235807,-0.185459,2
149536,bullet2,14.7287,11.6313,0.8,0,1
149538,bullet3,14.8268,11.5351,0.8,0,1
149539,player,10.5644,12.0686,-0.137782,0.0680957,1
149540,flyer4,3.01729,0.651879,-0.24514,-0.172934,1
149540,bullet6,10.9024,12.0992,0.8,0,1
149541,flyer5,1.73836,6.32736,-0.295233,0.0532705,2
149541,flyer1,12.9629,5.68229,-0.235807,-0.185459,2
149544,player,9.8653,12.7117,-0.0332972,0.0320112,1
149544,bullet1,10.2653,12.7117,0.8,0,1
149545,flyer4,1.79159,-0.212792,-0.24514,-0.172934,1
149545,bullet6,14.9024,12.0992,0.8,0,1
149546,flyer5,0.262201,6.59371,-0.295233,0.0532705,2
149546,flyer1,11.7839,4.755,-0.235807,-0.185459,2
149546,bullet4,10.2436,12.7326,0.8,0,1
149549,player,9.28084,13.2951,-0.0689582,0.0689344,1
149549,flyer2,16.5,11.1578,-0.3,0,2
149549,bullet1,14.2653,12.7117,0.8,0,1
149549,bullet5,9.68084,13.2951,0.8,0,1
149551,flyer1,10.6048,3.8277,-0.235807,-0.185459,2
149551,bullet4,14.2436,12.7326,0.8,0,1
149551,bullet2,9.63585,13.3401,0.8,0,1
149554,player,8.39859,13.1986,-0.490647,0.186897,1
149554,flyer2,15,11.1578,-0.3,0,2
149554,bullet5,13.6808,13.2951,0.8,0,1
149556,flyer1,9.42578,2.90041,-0.235807,-0.185459,2
149556,bullet2,13.6358,13.3401,0.8,0,1
149558,flyer3,16.5,11.1578,-0.3,0,2
149559,player,7.44684,13.5997,-0.0773976,-0.303297,1
149559,flyer2,13.5,11.1578,-0.3,0,2
149560,flyer6,16.5,11.1578,-0.299699,0.0134269,2
149561,flyer1,8.24674,1.97311,-0.235807,-0.185459,2
149562,bullet3,7.78928,12.8164,0.8,0,1
149563,flyer3,15,11.1578,-0.3,0,2
149563,bullet6,7.78611,12.7733,0.8,0,1
149564,player,7.38468,12.7538,-0.0014282,-0.0194363,1
149564,flyer2,12,11.1578,-0.3,0,2
149565,flyer6,15.0015,11.225,-0.299699,0.0134269,2
149565,bullet1,7.78404,12.7451,0.8,0,1
149566,flyer1,7.06771,1.04582,-0.235807,-0.185459,2
149567,bullet3,11.7893,12.8164,0.8,0,1
149567,bullet4,7.78362,12.7394,0.8,0,1
149568,flyer3,13.5,11.1578,-0.3,0,2
149568,bullet6,11.7861,12.7733,0.8,0,1
149569,player,6.89416,13.2276,-0.151901,0.151516,1
149569,flyer2,10.5,11.1578,-0.3,0,2
149570,flyer6,13.503,11.2921,-0.299699,0.0134269,2
149570,bullet1,11.784,12.7451,0.8,0,1
149571,flyer1,5.88867,0.118523,-0.235807,-0.185459,2
149572,bullet3,15.7893,12.8164,0.8,0,1
149572,bullet4,11.7836,12.7394,0.8,0,1
149573,flyer3,12,11.1578,-0.3,0,2
149573,bullet6,15.7861,12.7733,0.8,0,1
149574,player,5.72507,13.4176,-0.223022,-0.0807353,1
149574,flyer2,9,11.1578,-0.3,0,2
149575,flyer6,12.0045,11.3592,-0.299699,0.0134269,2
149575,bullet1,15.784,12.7451,0.8,0,1
149575,bullet5,6.02472,13.3813,0.8,0,1
149576,bullet2,5.97955,13.3649,0.8,0,1
149577,bullet4,15.7836,12.7394,0.8,0,1
149578,flyer3,10.5,11.1578,-0.3,0,2
149579,player,5.05659,12.8634,-0.15599,-0.153365,1
149579,flyer2,7.5,11.1578,-0.3,0,2
149579,bullet3,5.45659,12.8634,0.8,0,1
149580,flyer6,10.506,11.4264,-0.299699,0.0134269,2
149580,bullet5,10.0247,13.3813,0.8,0,1
149581,bullet2,9.97955,13.3649,0.8,0,1
149583,flyer3,9,11.1578,-0.3,0,2
149583,bullet6,5.3342,13.3008,0.8,0,1
149584,player,4.93132,13.3287,-0.00287846,0.0279247,1
149584,flyer2,5.99999,11.1578,-0.3,0,2
149584,bullet3,9.4566,12.8634,0.8,0,1
149585,flyer6,9.00751,11.4935,-0.299699,0.0134269,2
149585,bullet5,14.0247,13.3813,0.8,0,1
149586,bullet2,13.9796,13.3649,0.8,0,1
149588,flyer3,7.5,11.1578,-0.3,0,2
149588,bullet6,9.3342,13.3008,0.8,0,1
149589,player,4.92901,12.7934,-5.31157e-05,-0.0678285,1
149589,flyer2,4.49999,11.1578,-0.3,0,2
149589,bullet3,13.4566,12.8634,0.8,0,1
149590,flyer6,7.50901,11.5606,-0.299699,0.0134269,2
149591,bullet1,5.32897,12.7491,0.8,0,1
149592,bullet4,4.52896,12.743,-0.8,-6.99382e-08,1
149593,flyer3,5.99999,11.1578,-0.3,0,2
149593,bullet6,13.3342,13.3008,0.8,0,1
149594,player,4.92896,13.0764,-9.80134e-07,0.336248,1
149594,flyer2,2.99999,11.1578,-0.3,0,2
149595,flyer6,6.01051,11.6278,-0.299699,0.0134269,2
149596,bullet1,9.32897,12.7491,0.8,0,1
149597,bullet4,0.528965,12.743,-0.8,-6.99382e-08,1
149597,bullet5,4.77124,12.7688,0.8,0,1
149598,flyer3,4.49999,11.1578,-0.3,0,2
149599,player,3.83727,13.2335,-0.165715,0.14424,1
149599,flyer2,1.49999,11.1578,-0.3,0,2
149600,flyer6,4.51201,11.6949,-0.299699,0.0134269,2
149601,bullet1,13.329,12.7491,0.8,0,1
149602,bullet5,8.77124,12.7688,0.8,0,1
149603,flyer3,2.99999,11.1578,-0.3,0,2
149604,player,3.17022,13.3494,-0.100429,0.00266164,1
149604,flyer2,-6.4373e-06,11.1578,-0.3,0,2
149605,flyer6,3.01352,11.762,-0.299699,0.0134269,2
149605,bullet2,3.52503,13.3506,0.8,0,1
149606,bullet3,3.50469,13.3511,0.8,0,1
149607,bullet5,12.7712,12.7688,0.8,0,1
149608,flyer3,1.49999,11.1578,-0.3,0,2
149608,bullet6,3.49142,13.3515,0.8,0,1
149609,player,3.08957,13.3515,-0.00185319,4.91147e-05,1
149610,flyer6,1.51502,11.8292,-0.299699,0.0134269,2
149610,bullet2,7.52503,13.3506,0.8,0,1
149611,bullet3,7.50469,13.3511,0.8,0,1
149613,flyer3,-6.4373e-06,11.1578,-0.3,0,2
149613,bullet6,7.49142,13.3515,0.8,0,1
149613,bullet4,2.9304,13.3516,0.8,0,1
149614,player,2.49961,13.3516,-0.0307889,9.06304e-07,1
149615,flyer6,0.016524,11.8963,-0.299699,0.0134269,2
149615,bullet2,11.525,13.3506,0.8,0,1
149616,bullet3,11.5047,13.3511,0.8,0,1
149618,bullet6,11.4914,13.3515,0.8,0,1
149618,bullet4,6.9304,13.3516,0.8,0,1
149619,player,2.47488,13.3516,-0.000568142,1.67239e-08,1
149620,bullet2,15.525,13.3506,0.8,0,1
149621,bullet3,15.5047,13.3511,0.8,0,1
149622,flayer7,16.5,0.649272,-0.270107,0.130546,2
149623,flayer8,16.5,11.1578,-0.281854,-0.102753,2
149623,bullet6,15.4914,13.3515,0.8,0,1
149623,bullet4,10.9304,13.3516,0.8,0,1
149624,player,1.39658,13.94,-0.18264,0.0307547,1
149624,bullet1,1.79658,13.94,0.8,0,1
149626,bullet5,1.6774,13.9601,0.8,0,1
149627,flayer7,15.1495,1.302,-0.270107,0.130546,2
149628,flayer8,15.0907,10.6441,-0.281854,-0.102753,2
149628,bullet4,14.9304,13.3516,0.8,0,1
149629,player,1.80762,14.5224,0.0649735,0.0689113,1
149629,bullet1,5.79658,13.94,0.8,0,1
149629,bullet2,2.20762,14.5224,0.8,0,1
149631,bullet5,5.6774,13.9601,0.8,0,1
149632,flayer7,13.7989,1.95474,-0.270107,0.130546,2
149633,flayer8,13.6815,10.1303,-0.281854,-0.102753,2
149633,bullet3,2.81632,15.1342,0.8,0,1
149634,player,2.44827,15.1663,0.0319536,0.0320263,1
149634,bullet1,9.79658,13.94,0.8,0,1
149634,bullet2,6.20762,14.5224,0.8,0,1
149636,bullet5,9.6774,13.9601,0.8,0,1
149637,flayer7,12.4484,2.60747,-0.270107,0.130546,2
149638,flayer8,12.2722,9.61652,-0.281854,-0.102753,2
149638,bullet3,6.81632,15.1342,0.8,0,1
149639,player,1.88546,14.6035,-0.0301651,-0.0301637,1
149639,bullet1,13.7966,13.94,0.8,0,1
149639,bullet2,10.2076,14.5224,0.8,0,1
149641,bullet5,13.6774,13.9601,0.8,0,1
149642,flayer7,11.0979,3.2602,-0.270107,0.130546,2
149643,flayer8,10.8629,9.10275,-0.281854,-0.102753,2
149643,bullet3,10.8163,15.1342,0.8,0,1
149643,bullet6,2.26179,14.5798,0.8,0,1
149644,player,1.52374,14.9168,-0.338057,0.336943,1
149644,bullet2,14.2076,14.5224,0.8,0,1
149647,flayer7,9.74734,3.91294,-0.270107,0.130546,2
149648,flayer8,9.45366,8.58898,-0.281854,-0.102753,2
149648,bullet3,14.8163,15.1342,0.8,0,1
149648,bullet6,6.26179,14.5798,0.8,0,1
149649,player,0.4,14.9364,-0.28087,0.312963,1
149650,flyer4,16.5,0.649272,-0.299014,0.024298,2
149652,flayer7,8.39681,4.56567,-0.270107,0.130546,2
149652,bullet4,1.14886,15.1691,0.8,0,1
149653,flayer8,8.04439,8.07522,-0.281854,-0.102753,2
149653,bullet6,10.2618,14.5798,0.8,0,1
149653,bullet1,1.16809,15.182,0.8,0,1
149654,player,0.776751,15.1877,0.00865678,0.00577505,1
149655,flyer4,15.0049,0.770762,-0.299014,0.024298,2
149655,bullet5,1.18065,15.1903,0.8,0,1
149657,flayer7,7.04628,5.2184,-0.270107,0.130546,2
149657,bullet4,5.14886,15.1691,0.8,0,1
149658,flayer8,6.63512,7.56145,-0.281854,-0.102753,2
149658,bullet6,14.2618,14.5798,0.8,0,1
149658,bullet1,5.16809,15.182,0.8,0,1
149659,player,0.783703,14.8549,0.000159742,-0.337393,1
149660,flyer4,13.5099,0.892252,-0.299014,0.024298,2
149660,bullet5,5.18065,15.1903,0.8,0,1
149662,flayer7,5.69574,5.87113,-0.270107,0.130546,2
149662,bullet4,9.14886,15.1691,0.8,0,1
149663,flayer8,5.22585,7.04768,-0.281854,-0.102753,2
149663,bullet1,9.16809,15.182,0.8,0,1
149664,player,1.45449,14.5156,-0.0696887,0.0773054,1
149665,flyer4,12.0148,1.01374,-0.299014,0.024298,2
149665,bullet5,9.18065,15.1903,0.8,0,1
149667,flayer7,4.34521,6.52387,-0.270107,0.130546,2
149667,bullet4,13.1489,15.1691,0.8,0,1
149667,bullet2,1.80267,15.1308,0.8,0,1
149668,flayer8,3.81658,6.53392,-0.281854,-0.102753,2
149668,bullet1,13.1681,15.182,0.8,0,1
149669,player,1.39852,15.18,-0.00128595,0.0152661,1
149670,flyer4,10.5197,1.13523,-0.299014,0.024298,2
149670,bullet5,13.1806,15.1903,0.8,0,1
149672,flayer7,2.99467,7.1766,-0.270107,0.130546,2
149672,bullet2,5.80267,15.1308,0.8,0,1
149672,bullet3,1.79757,15.1913,0.8,0,1
149673,flayer8,2.40731,6.02015,-0.281854,-0.102753,2
149673,bullet6,1.79751,15.192,0.8,0,1
149674,player,1.39749,15.1922,-2.37294e-05,0.000281703,1
149675,flyer4,9.02465,1.25672,-0.299014,0.024298,2
149675,bullet4,1.79748,15.1924,0.8,0,1
149677,flayer7,1.64414,7.82933,-0.270107,0.130546,2
149677,bullet2,9.80267,15.1308,0.8,0,1
149677,bullet3,5.79757,15.1913,0.8,0,1
149678,flayer8,0.998035,5.50639,-0.281854,-0.102753,2
149678,bullet6,5.79751,15.192,0.8,0,1
149679,player,1.39747,15.1925,-4.37875e-07,5.19821e-06,1
149680,flyer4,7.52958,1.37821,-0.299014,0.024298,2
149680,bullet4,5.79748,15.1924,0.8,0,1
149682,flayer7,0.293607,8.48207,-0.270107,0.130546,2
149682,bullet2,13.8027,15.1308,0.8,0,1
149682,bullet3,9.79757,15.1913,0.8,0,1
149683,flayer8,-0.411236,4.99262,-0.281854,-0.102753,2
149683,bullet6,9.79751,15.192,0.8,0,1
149684,player,0.839751,15.6,-0.0683438,0,1
149685,flyer4,6.0345,1.4997,-0.299014,0.024298,2
149685,bullet4,9.79748,15.1924,0.8,0,1
149687,bullet3,13.7976,15.1913,0.8,0,1
149688,bullet6,13.7975,15.192,0.8,0,1
149689,player,0.883964,15.1106,-0.122381,-0.151875,1
149689,bullet1,1.28396,15.1106,0.8,0,1
149690,flyer4,4.53943,1.62119,-0.299014,0.024298,2
149690,bullet4,13.7975,15.1924,0.8,0,1
149692,flyer5,16.5,11.1578,-0.298532,0.0296421,2
149693,bullet5,1.74566,14.9915,0.8,0,1
149694,player,1.37415,14.9887,0.0284964,-0.00280252,1
149694,bullet1,5.28396,15.1106,0.8,0,1
149694,bullet2,1.77415,14.9887,0.8,0,1
149695,flyer4,3.04436,1.74268,-0.299014,0.024298,2
149697,flyer5,15.0073,11.306,-0.298532,0.0296421,2
149698,bullet5,5.74566,14.9915,0.8,0,1
149698,bullet3,2.35423,15.5442,0.8,0,1
149699,player,1.98551,15.5749,0.0312805,0.030703,1
149699,bullet1,9.28397,15.1106,0.8,0,1
149699,bullet2,5.77416,14.9887,0.8,0,1
149700,flyer4,1.54929,1.86417,-0.299014,0.024298,2
149702,flyer5,13.5147,11.4542,-0.298532,0.0296421,2
149703,bullet5,9.74566,14.9915,0.8,0,1
149703,bullet3,6.35423,15.5442,0.8,0,1
149704,player,2.01063,15.6,0.000577214,0,1
149704,bullet1,13.284,15.1106,0.8,0,1
149704,bullet2,9.77416,14.9887,0.8,0,1
149705,flyer4,0.0542137,1.98566,-0.299014,0.024298,2
149707,flyer5,12.022,11.6025,-0.298532,0.0296421,2
149708,bullet5,13.7457,14.9915,0.8,0,1
149708,bullet3,10.3542,15.5442,0.8,0,1
149709,player,1.6736,15.2625,-0.337489,-0.3375,1
149709,bullet2,13.7742,14.9887,0.8,0,1
149712,flyer5,10.5294,11.7507,-0.298532,0.0296421,2
149712,flyer1,16.5,0.649272,-0.293417,-0.0625011,2
149712,bullet6,2.31201,14.5222,0.8,0,1
149713,bullet3,14.3542,15.5442,0.8,0,1
149714,player,1.99104,14.403,0.0245271,-0.0369825,1
149714,bullet4,2.39104,14.403,0.8,0,1
149717,flyer5,9.03669,11.8989,-0.298532,0.0296421,2
149717,flyer1,15.0329,0.336766,-0.293417,-0.0625011,2
149717,bullet6,6.31201,14.5222,0.8,0,1
149717,bullet1,1.85156,14.3755,0.8,0,1
149719,player,1.40842,14.3733,-0.013387,-0.000682431,1
149719,bullet4,6.39104,14.403,0.8,0,1
149722,flyer5,7.54403,12.0471,-0.298532,0.0296421,2
149722,flyer1,13.5658,0.0242608,-0.293417,-0.0625011,2
149722,bullet6,10.312,14.5222,0.8,0,1
149722,bullet1,5.85156,14.3755,0.8,0,1
149722,bullet5,1.79847,13.8151,0.8,0,1
149724,player,1.39767,13.7704,-0.000247028,-0.0138522,1
149724,bullet4,10.391,14.403,0.8,0,1
149727,flyer5,6.05137,12.1953,-0.298532,0.0296421,2
149727,flyer1,12.0987,-0.288245,-0.293417,-0.0625011,2
149727,bullet6,14.312,14.5222,0.8,0,1
149727,bullet1,9.85156,14.3755,0.8,0,1
149727,bullet5,5.79847,13.8151,0.8,0,1
149729,player,0.908099,12.7122,-0.15188,-0.220474,1
149729,bullet4,14.391,14.403,0.8,0,1
149731,bullet2,0.8,12.079,0.8,0,1
149732,flyer5,4.55871,12.3435,-0.298532,0.0296421,2
149732,bullet1,13.8516,14.3755,0.8,0,1
149732,bullet5,9.79847,13.8151,0.8,0,1
149734,player,0.4,12.4222,0,0.133967,1
149734,bullet3,0.8,12.4222,0.8,0,1
149736,bullet6,0.8,12.5096,0.8,0,1
149737,flyer5,3.06605,12.4917,-0.298532,0.0296421,0
149737,bullet5,13.7985,13.8151,0.8,0,1
149738,bullet4,0.8,12.5273,0.8,0,1
149739,player,0.4,12.5298,0,0.00247207,1
149741,bullet6,4.8,12.5096,0.8,0,1
149742,flyer2,16.5,11.6124,-0.3,0,2
149743,flyer3,16.5,11.6124,-0.3,0,2
149743,bullet4,4.8,12.5273,0.8,0,1
149743,bullet2,0.8,11.3855,0.8,0,1
149744,player,0.4,11.341,0,-0.0445487,1
149744,bullet1,0.8,11.341,0.8,0,1
149746,bullet6,8.8,12.5096,0.8,0,1
149747,flyer2,15,11.6124,-0.3,0,2
149748,flyer3,15,11.6124,-0.3,0,2
149748,bullet4,8.8,12.5273,0.8,0,1
149748,bullet2,4.8,11.3855,0.8,0,1
149749,player,0.7375,11.0542,0.3375,0.305923,1
149749,bullet1,4.8,11.341,0.8,0,1
149751,bullet6,12.8,12.5096,0.8,0,1
149752,flyer2,13.5,11.6124,-0.3,0,2
149752,bullet3,1.38847,11.8395,0.8,0,1
149753,flyer3,13.5,11.6124,-0.3,0,1
149753,bullet4,12.8,12.5273,0.8,0,1
149753,bullet2,8.8,11.3855,0.8,0,1
149754,player,0.519166,11.9022,-0.145647,0.0194848,1
149754,bullet1,8.8,11.341,0.8,0,1
149757,flyer2,12,11.6124,-0.3,0,1
149757,bullet3,5.38847,11.8395,0.8,0,1
149758,flyer3,12,11.6124,-0.3,0,0
149759,player,0.4,12.4756,0,0.0687033,1
149759,bullet5,0,12.4756,-0.8,-6.99382e-08,1
149762,flyer2,10.5,11.6124,-0.3,0,1
149762,bullet3,9.38847,11.8395,0.8,0,1
149764,player,0.4,12.5754,0,-0.0532364,1
149764,bullet6,0.8,12.5754,0.8,0,1
149766,flyer6,16.5,11.6124,-0.2828,0.10012,2
149767,bullet2,0.8,11.9781,0.8,0,1
149768,bullet4,0.8,11.9451,0.8,0,1
149769,player,0.4,11.9303,0,-0.014822,1
149769,bullet6,4.8,12.5754,0.8,0,1
149770,bullet1,0.8,11.9236,0.8,0,1
149771,flyer6,15.086,12.113,-0.2828,0.10012,2
149772,bullet2,4.8,11.9781,0.8,0,1
149773,bullet4,4.8,11.9451,0.8,0,1
149774,player,0.4,12.5069,0,0.0304812,1
149774,bullet6,8.8,12.5754,0.8,0,1
149775,bullet1,4.8,11.9236,0.8,0,1
149776,flyer6,13.672,12.6136,-0.2828,0.10012,2
149777,bullet2,8.8,11.9781,0.8,0,1
149778,bullet4,8.8,11.9451,0.8,0,1
149779,player,1.00231,12.5314,0.0138396,0.000562464,1
149780,bullet1,8.8,11.9236,0.8,0,1
149780,bullet5,1.40854,12.5316,0.8,0,1
149781,flyer6,12.258,13.1142,-0.2828,0.10012,1
149782,bullet2,12.8,11.9781,0.8,0,1
149783,bullet4,12.8,11.9451,0.8,0,1
149784,player,1.5028,12.5318,0.15213,1.0379e-05,1
149785,bullet1,12.8,11.9236,0.8,0,1
149785,bullet5,5.40854,12.5316,0.8,0,1
149786,flyer6,10.844,13.6148,-0.2828,0.10012,1
149787,bullet3,2.01593,13.0895,0.8,0,1
149789,player,1.1356,13.6235,-0.149068,0.165715,1
149790,flayer8,16.5,6.10453,-0.265219,-0.140209,2
149790,bullet5,9.40854,12.5316,0.8,0,1
149790,bullet6,1.46852,13.6981,0.8,0,1
149791,flyer6,9.43001,14.1154,-0.2828,0.10012,1
149791,bullet2,1.43833,13.7316,0.8,0,1
149792,bullet3,6.01593,13.0895,0.8,0,1
149794,player,1.01589,12.9297,-0.00275072,-0.486317,1
149795,flayer8,15.1739,5.40349,-0.265219,-0.140209,2
149795,bullet5,13.4085,12.5316,0.8,0,1
149795,bullet6,5.46852,13.6981,0.8,0,1
149796,flyer6,8.01601,14.616,-0.2828,0.10012,1
149796,bullet2,5.43833,13.7316,0.8,0,1
149797,bullet3,10.0159,13.0895,0.8,0,1
149799,player,1.5714,12.319,0.068293,0.260182,1
149800,flayer8,13.8478,4.70244,-0.265219,-0.140209,2
149800,bullet6,9.46852,13.6981,0.8,0,1
149801,flyer6,6.60201,15.1166,-0.2828,0.10012,1
149801,bullet2,9.43834,13.7316,0.8,0,1
149801,bullet4,2.01596,12.4887,0.8,0,1
149802,bullet3,14.0159,13.0895,0.8,0,1
149804,player,1.62624,12.5279,0.0012602,0.0048011,1
149805,flayer8,12.5217,4.0014,-0.265219,-0.140209,2
149805,bullet6,13.4685,13.6981,0.8,0,1
149806,flyer6,5.18801,15.6172,-0.2828,0.10012,1
149806,bullet2,13.4383,13.7316,0.8,0,1
149806,bullet4,6.01596,12.4887,0.8,0,1
149809,player,2.21573,13.6779,0.0307779,0.099187,1
149809,bullet1,2.61573,13.6779,0.8,0,1
149810,flayer8,11.1956,3.30035,-0.265219,-0.140209,2
149810,bullet5,2.62958,13.7226,0.8,0,1
149811,flyer6,3.774,16.1178,-0.2828,0.10012,1
149811,bullet4,10.016,12.4887,0.8,0,1
149812,bullet3,2.63862,13.7517,0.8,0,1
149814,player,1.75107,13.2682,-0.151307,-0.150045,1
149814,bullet1,6.61573,13.6779,0.8,0,1
149815,flayer8,9.86951,2.5993,-0.265219,-0.140209,2
149815,bullet5,6.62958,13.7226,0.8,0,1
149816,bullet4,14.016,12.4887,0.8,0,1
149817,bullet3,6.63862,13.7517,0.8,0,1
149819,player,2.23187,12.5454,0.0110476,-0.0166084,1
149819,bullet1,10.6157,13.6779,0.8,0,1
149819,bullet6,2.63187,12.5454,0.8,0,1
149820,flayer8,8.54341,1.89826,-0.265219,-0.140209,2
149820,bullet5,10.6296,13.7226,0.8,0,1
149822,bullet3,10.6386,13.7517,0.8,0,1
149824,player,2.24074,13.0215,0.000203859,0.151569,1
149824,bullet1,14.6157,13.6779,0.8,0,1
149824,bullet6,6.63187,12.5454,0.8,0,1
149825,flayer8,7.21731,1.19721,-0.265219,-0.140209,2
149825,bullet5,14.6296,13.7226,0.8,0,1
149827,bullet3,14.6386,13.7517,0.8,0,1
149827,bullet2,1.84089,13.1342,-0.8,-6.99382e-08,1
149829,player,2.24091,13.1432,3.76177e-06,0.00279687,1
149829,bullet6,10.6319,12.5454,0.8,0,1
149830,flayer7,16.5,11.6124,-0.29172,0.0699968,2
149830,flayer8,5.89121,0.496166,-0.265219,-0.140209,2
149830,bullet4,2.64091,13.1444,0.8,0,1
149832,bullet1,2.64091,13.1453,0.8,0,1
149834,player,2.24091,13.6348,6.94152e-08,0.151927,1
149835,flayer7,15.0414,11.9624,-0.29172,0.0699968,1
149835,flayer8,4.56511,-0.20488,-0.265219,-0.140209,2
149835,bullet4,6.64091,13.1444,0.8,0,1
149835,bullet5,2.64091,13.7032,0.8,0,1
149837,bullet1,6.64091,13.1453,0.8,0,1
149839,player,1.19382,13.6885,-0.220219,0.0863347,1
149840,flayer7,13.5828,12.3124,-0.29172,0.0699968,1
149840,bullet4,10.6409,13.1444,0.8,0,1
149840,bullet5,6.64091,13.7032,0.8,0,1
149840,bullet3,1.49472,13.7273,0.8,0,1
149842,bullet1,10.6409,13.1453,0.8,0,1
149844,player,0.4,13.6587,-0,0.122713,1
149844,bullet2,0.8,13.6587,0.8,0,1
149845,bullet5,10.6409,13.7032,0.8,0,1
149845,bullet3,5.49472,13.7273,0.8,0,1
149847,bullet1,14.6409,13.1453,0.8,0,1
149849,player,0.4,13.7572,0,0.00226441,1
149849,bullet2,4.8,13.6587,0.8,0,1
149850,flyer4,16.5,6.10453,-0.3,0,2
149850,bullet5,14.6409,13.7032,0.8,0,1
149850,bullet3,9.49472,13.7273,0.8,0,1
149853,flyer1,16.5,11.6124,-0.3,0,2
149853,bullet6,0.8,14.3167,0.8,0,1
149854,player,0.7375,14.3475,0.3375,0.0307965,1
149854,bullet2,8.8,13.6587,0.8,0,1
149855,flyer4,15,6.10453,-0.3,0,2
149855,bullet3,13.4947,13.7273,0.8,0,1
149858,flyer1,15,11.6124,-0.3,0,2
149858,bullet6,4.8,14.3167,0.8,0,1
149859,player,0.420068,14.93,-0.0245269,0.068912,1
149859,bullet2,12.8,13.6587,0.8,0,1
149859,bullet4,0.820068,14.93,0.8,0,1
149860,flyer4,13.5,6.10453,-0.3,0,2
149862,bullet1,0.8,14.4235,0.8,0,1
149863,flyer1,13.5,11.6124,-0.3,0,2
149863,bullet6,8.8,14.3167,0.8,0,1
149864,player,0.4,14.383,0,-0.012568,1
149864,bullet4,4.82007,14.93,0.8,0,1
149865,flyer4,12,6.10453,-0.3,0,2
149867,bullet1,4.8,14.4235,0.8,0,1
149867,bullet5,0.8,14.3737,0.8,0,1
149868,flyer1,12,11.6124,-0.3,0,2
149868,bullet6,12.8,14.3167,0.8,0,1
149869,player,0.4,14.3729,0,-0.000231915,1
149869,bullet4,8.82007,14.93,0.8,0,1
149870,flyer4,10.5,6.10453,-0.3,0,2
149872,bullet1,8.8,14.4235,0.8,0,1
149872,bullet5,4.8,14.3737,0.8,0,1
149873,flyer1,10.5,11.6124,-0.3,0,2
149873,bullet3,0.8,14.3727,0.8,0,1
149874,player,0.4,14.3727,0,-4.27948e-06,1
149874,bullet4,12.8201,14.93,0.8,0,1
149875,flyer4,9,6.10453,-0.3,0,2
149877,bullet1,12.8,14.4235,0.8,0,1
149877,bullet5,8.8,14.3737,0.8,0,1
149878,flyer1,9,11.6124,-0.3,0,2
149878,bullet3,4.8,14.3727,0.8,0,1
149879,player,0.4,14.3727,0,-7.89684e-08,1
149880,flyer4,7.5,6.10453,-0.3,0,2
149882,bullet5,12.8,14.3737,0.8,0,1
149883,flyer1,7.5,11.6124,-0.3,0,2
149883,bullet3,8.8,14.3727,0.8,0,1
149884,player,0.4,15.4644,0,0.165715,1
149885,flyer4,5.99999,6.10453,-0.3,0,2
149886,bullet2,0.8,15.6,0.8,0,1
149888,flyer1,5.99999,11.6124,-0.3,0,2
149888,bullet3,12.8,14.3727,0.8,0,1
149888,bullet6,0.8,15.6,0.8,0,1
149889,player,0.4,15.6,0,0,1
149889,bullet4,0.8,15.6,0.8,0,1
149890,flyer4,4.49999,6.10453,-0.3,0,2
149891,bullet2,4.8,15.6,0.8,0,1
149893,flyer1,4.49999,11.6124,-0.3,0,2
149893,bullet6,4.8,15.6,0.8,0,1
149894,player,0.4,15.5692,0,0.0375891,1
149894,bullet4,4.8,15.6,0.8,0,1
149894,bullet1,0.8,15.5692,0.8,0,1
149895,flyer4,2.99999,6.10453,-0.3,0,2
149896,bullet2,8.8,15.6,0.8,0,1
149898,flyer1,2.99999,11.6124,-0.3,0,2
149898,bullet6,8.8,15.6,0.8,0,1
149899,player,0.4,15.5994,0,0.000693624,1
149899,bullet4,8.8,15.6,0.8,0,1
149899,bullet1,4.8,15.5692,0.8,0,1
149900,flyer4,1.49999,6.10453,-0.3,0,2
149901,bullet2,12.8,15.6,0.8,0,1
149903,flyer1,1.49999,11.6124,-0.3,0,2
149903,bullet6,12.8,15.6,0.8,0,1
149904,player,0.4,15.6,0,0,1
149904,bullet4,12.8,15.6,0.8,0,1
149904,bullet1,8.8,15.5692,0.8,0,1
149905,flyer4,-6.4373e-06,6.10453,-0.3,0,2
149908,flyer1,-6.4373e-06,11.6124,-0.3,0,2
149908,flyer5,16.5,6.10453,-0.3,0,2
149908,bullet5,0.8,15.1106,0.8,0,1
149909,player,0.4,15.0423,0,-0.0683438,1
149909,bullet1,12.8,15.5692,0.8,0,1
149910,flyer3,16.5,4.0096,-0.282313,0.101485,2
149910,bullet3,0.8,15.0115,0.8,0,1
149911,bullet2,0.8,14.9977,0.8,0,1
149913,flyer5,15,6.10453,-0.3,0,2
149913,bullet5,4.8,15.1106,0.8,0,1
149914,player,0.4,14.9874,0,-0.00126113,1
149915,flyer3,15.0884,4.51703,-0.282313,0.101485,2
149915,bullet3,4.8,15.0115,0.8,0,1
149916,bullet2,4.8,14.9977,0.8,0,1
149918,flyer5,13.5,6.10453,-0.3,0,2
149918,bullet5,8.8,15.1106,0.8,0,1
149919,player,0.4,15.5887,0,0.0138163,1
149920,flyer3,13.6769,5.02446,-0.282313,0.101485,2
149920,bullet3,8.8,15.0115,0.8,0,1
149920,bullet6,0.8,15.5949,0.8,0,1
149921,bullet2,8.8,14.9977,0.8,0,1
149923,flyer5,12,6.10453,-0.3,0,2
149923,bullet5,12.8,15.1106,0.8,0,1
149924,player,0.4,15.5998,0,0.00025495,1
149925,flyer3,12.2653,5.53188,-0.282313,0.101485,2
149925,bullet3,12.8,15.0115,0.8,0,1
149925,bullet6,4.8,15.5949,0.8,0,1
149926,bullet2,12.8,14.9977,0.8,0,1
149928,flyer5,10.5,6.10453,-0.3,0,2
149928,bullet4,0.557719,15.0423,-0.8,-6.99382e-08,1
149929,player,0.988474,15.0115,0.0307547,-0.03075,1
149930,flyer3,10.8537,6.03931,-0.282313,0.101485,2
149930,bullet6,8.8,15.5949,0.8,0,1
149931,flyer2,16.5,4.0096,-0.22982,-0.192828,2
149933,flyer5,9,6.10453,-0.3,0,2
149933,bullet1,1.97032,15.0181,0.8,0,1
149934,player,1.60165,15.0007,0.0313222,-0.0174825,1
149934,bullet5,2.00165,15.0007,0.8,0,1
149935,flyer3,9.44217,6.54674,-0.282313,0.101485,2
149935,bullet6,12.8,15.5949,0.8,0,1
149936,flyer2,15.3509,3.04546,-0.22982,-0.192828,2
149938,flyer5,7.5,6.10453,-0.3,0,2
149938,bullet1,5.97032,15.0181,0.8,0,1
149939,player,1.37583,14.7664,0.307323,0.268834,1
149939,bullet5,6.00165,15.0007,0.8,0,1
149940,flyer3,8.0306,7.05416,-0.282313,0.101485,2
149941,flyer2,14.2018,2.08132,-0.22982,-0.192828,2
149942,bullet3,2.00436,14.9663,0.8,0,1
149943,flyer5,5.99999,6.10453,-0.3,0,2
149943,bullet1,9.97032,15.0181,0.8,0,1
149943,bullet4,2.01696,14.9773,0.8,0,1
149944,player,1.62263,14.9823,0.00567098,0.00496074,1
149944,bullet5,10.0016,15.0007,0.8,0,1
149945,flyer3,6.61903,7.56159,-0.282313,0.101485,2
149946,flyer2,13.0527,1.11718,-0.22982,-0.192828,2
149947,bullet3,6.00436,14.9663,0.8,0,1
149948,flyer5,4.49999,6.10453,-0.3,0,2
149948,bullet1,13.9703,15.0181,0.8,0,1
149948,bullet4,6.01696,14.9773,0.8,0,1
149949,player,2.18491,15.544,0.0684484,0.0684353,1
149949,bullet5,14.0016,15.0007,0.8,0,1
149950,flyer3,5.20747,8.06901,-0.282313,0.101485,2
149951,flyer2,11.9036,0.153037,-0.22982,-0.192828,2
149952,bullet3,10.0044,14.9663,0.8,0,1
149952,bullet2,2.63581,15.0372,0.8,0,1
149953,flyer5,2.99999,6.10453,-0.3,0,2
149953,bullet4,10.017,14.9773,0.8,0,1
149954,player,1.7505,14.5073,-0.150612,-0.164452,1
149955,flyer3,3.7959,8.57644,-0.282313,0.101485,2
149955,bullet6,2.08273,14.4333,0.8,0,1
149957,bullet3,14.0044,14.9663,0.8,0,1
149957,bullet2,6.63581,15.0372,0.8,0,1
149958,flyer5,1.49999,6.10453,-0.3,0,2
149958,bullet4,14.017,14.9773,0.8,0,1
149959,player,1.14017,13.2974,-0.154654,-0.185664,1
149960,flyer3,2.38434,9.08387,-0.282313,0.101485,2
149960,bullet6,6.08273,14.4333,0.8,0,1
149962,bullet2,10.6358,15.0372,0.8,0,1
149963,flyer5,-6.4373e-06,6.10453,-0.3,0,2
149963,bullet1,1.97654,12.594,0.8,0,1
149964,player,1.60444,12.5598,0.0279009,-0.0341807,1
149965,flyer3,0.972769,9.59129,-0.282313,0.101485,2
149965,bullet6,10.0827,14.4333,0.8,0,1
149965,bullet5,2.017,12.5444,0.8,0,1
149967,bullet2,14.6358,15.0372,0.8,0,1
149968,bullet1,5.97654,12.594,0.8,0,1
149969,player,1.13748,12.5323,-0.15136,-0.00063073,1
149970,flyer3,-0.438797,10.0987,-0.282313,0.101485,2
149970,bullet6,14.0827,14.4333,0.8,0,1
149970,bullet5,6.017,12.5444,0.8,0,1
149971,flyer6,16.5,4.0096,-0.213518,0.210737,2
149971,bullet3,1.43871,12.5319,0.8,0,1
149973,bullet1,9.97655,12.594,0.8,0,1
149974,player,1.01592,12.8693,-0.00279302,0.337488,1
149975,bullet5,10.017,12.5444,0.8,0,1
149976,flyer6,15.4324,5.06329,-0.213518,0.210737,2
149976,bullet3,5.43871,12.5319,0.8,0,1
149976,bullet4,1.4141,13.0895,0.8,0,1
149978,bullet1,13.9765,12.594,0.8,0,1
149979,player,1.35118,12.8029,0.337448,-0.331272,1
149980,bullet5,14.017,12.5444,0.8,0,1
149981,flyer6,14.3648,6.11697,-0.213518,0.210737,2
149981,bullet3,9.43871,12.5319,0.8,0,1
149981,bullet4,5.4141,13.0895,0.8,0,1
149983,flayer8,16.5,14.3967,-0.224123,0.199421,2
149984,player,1.06446,12.5061,-0.0621169,0.0314762,1
149984,bullet2,1.46446,12.5061,0.8,0,1
149986,flyer6,13.2972,7.17066,-0.213518,0.210737,2
149986,bullet3,13.4387,12.5319,0.8,0,1
149986,bullet4,9.4141,13.0895,0.8,0,1
149988,flayer8,15.3794,15.3938,-0.224123,0.199421,2
149988,bullet6,0.827248,11.9423,0.8,0,1
149989,player,0.412262,11.929,-0.0149858,-0.0132588,1
149989,bullet2,5.46446,12.5061,0.8,0,1
149990,bullet1,0.805518,11.9231,0.8,0,1
149991,flyer6,12.2296,8.22434,-0.213518,0.210737,2
149991,bullet4,13.4141,13.0895,0.8,0,1
149993,flayer8,14.2588,16.3909,-0.224123,0.199421,2
149993,bullet6,4.82725,11.9423,0.8,0,1
149994,player,0.400227,11.5809,-0.000276531,-0.337745,1
149994,bullet2,9.46446,12.5061,0.8,0,1
149995,bullet1,4.80552,11.9231,0.8,0,1
149996,flyer6,11.162,9.27803,-0.213518,0.210737,2
149998,bullet6,8.82725,11.9423,0.8,0,1
149999,player,0.4,9.66023,0,-0.240291,1
149999,bullet2,13.4645,12.5061,0.8,0,1
150000,bullet1,8.80552,11.9231,0.8,0,1
150000,bullet5,0.8,9.5521,0.8,0,1
150001,flyer6,10.0945,10.3317,-0.213518,0.210737,2
150003,bullet6,12.8272,11.9423,0.8,0,1
150004,player,0.4,8.97788,0,-0.156309,1
150005,bullet1,12.8055,11.9231,0.8,0,1
150005,bullet5,4.8,9.5521,0.8,0,1
150005,bullet3,0.8,8.90755,0.8,0,1
150006,flyer6,9.02687,11.3854,-0.213518,0.210737,2
150008,bullet4,0.8,8.85524,0.8,0,1
150009,player,0.4,8.85235,0,-0.00288434,1
150010,bullet5,8.8,9.5521,0.8,0,1
150010,bullet3,4.8,8.90755,0.8,0,1
150010,bullet2,0.8,8.85106,0.8,0,1
150011,flyer6,7.95927,12.4391,-0.213518,0.210737,2
150013,bullet4,4.8,8.85524,0.8,0,1
150014,player,0.650973,8.59906,-0.306745,0.306692,1
150015,bullet5,12.8,9.5521,0.8,0,1
150015,bullet3,8.8,8.90755,0.8,0,1
150015,bullet2,4.8,8.85106,0.8,0,1
150016,flyer6,6.89168,13.4928,-0.213518,0.210737,2
150018,bullet4,8.8,8.85524,0.8,0,1
150019,player,0.404631,8.84536,-0.00566031,0.00565933,1
150020,bullet3,12.8,8.90755,0.8,0,1
150020,bullet2,8.8,8.85106,0.8,0,1
150020,bullet6,0.802084,8.84791,0.8,0,1
150021,flyer6,5.82409,14.5465,-0.213518,0.210737,2
150023,bullet4,12.8,8.85524,0.8,0,1
150024,player,0.4,9.77588,-0.114681,0.368359,1
150025,bullet2,12.8,8.85106,0.8,0,1
150025,bullet6,4.80208,8.84791,0.8,0,1
150026,flyer6,4.7565,15.6001,-0.213518,0.210737,2
150026,bullet1,0.8,10.0162,0.8,0,1
150029,player,0.4,10.6294,0,0.075141,1
150029,bullet5,0.8,10.6294,0.8,0,1
150029,finish,20.0647,8,-0.2,0,1
150030,bullet6,8.80208,8.84791,0.8,0,1
150030,bullet3,0.8,10.6632,0.8,0,1
150031,bullet1,4.8,10.0162,0.8,0,1
150034,player,0.4,10.1321,0,-0.0669572,1
150034,bullet5,4.8,10.6294,0.8,0,1
150034,finish,19.0647,8,-0.2,0,1
150035,bullet6,12.8021,8.84791,0.8,0,1
150035,bullet3,4.8,10.6632,0.8,0,1
150036,bullet1,8.8,10.0162,0.8,0,1
150039,player,0.4,10.0783,0,-0.00123555,1
150039,bullet5,8.8,10.6294,0.8,0,1
150039,finish,18.0647,8,-0.2,0,1
150040,bullet3,8.8,10.6632,0.8,0,1
150041,bullet1,12.8,10.0162,0.8,0,1
150042,bullet4,1.35772,10.6351,0.8,0,1
150044,player,0.512938,10.1902,-0.138035,-0.138058,1
150044,bullet5,12.8,10.6294,0.8,0,1
150044,finish,17.0647,8,-0.2,0,1
150045,bullet3,12.8,10.6632,0.8,0,1
150047,bullet4,5.35772,10.6351,0.8,0,1
150047,bullet2,0.8,9.52984,0.8,0,1
150049,player,0.4,9.47704,0,-0.0163872,1
150049,finish,16.0647,8,-0.2,0,1
150049,bullet6,0.8,9.47704,0.8,0,1
150052,bullet4,9.35772,10.6351,0.8,0,1
150052,bullet2,4.8,9.52984,0.8,0,1
150052,bullet1,0.8,8.90713,0.8,0,1
150054,player,0.4,8.86157,0,-0.014142,1
150054,finish,15.0647,8,-0.2,0,1
150054,bullet6,4.8,9.47704,0.8,0,1
150057,bullet4,13.3577,10.6351,0.8,0,1
150057,bullet2,8.8,9.52984,0.8,0,1
150057,bullet1,4.8,8.90713,0.8,0,1
150059,player,0.4,8.85021,0,-0.00026096,1
150059,finish,14.0647,8,-0.2,0,1
150059,bullet6,8.8,9.47704,0.8,0,1
150062,bullet2,12.8,9.52984,0.8,0,1
150062,bullet1,8.8,8.90713,0.8,0,1
150062,bullet5,0.8,8.85002,0.8,0,1
150064,player,0.4,9.33938,0,0.15187,1
150064,finish,13.0647,8,-0.2,0,1
150064,bullet6,12.8,9.47704,0.8,0,1
150067,bullet1,12.8,8.90713,0.8,0,1
150067,bullet5,4.8,8.85002,0.8,0,1
150069,player,0.889375,8.97197,0.151875,-0.149073,1
150069,flayer7,16.5,5.46851,-0.289199,0.0797737,2
150069,finish,12.0647,8,-0.2,0,1
150069,bullet3,1.28938,8.97197,0.8,0,1
150071,bullet4,1.38847,8.8747,0.8,0,1
150072,bullet5,8.8,8.85002,0.8,0,1
150073,bullet2,1.40854,8.85501,0.8,0,1
150074,player,1.01134,8.85225,0.00280252,-0.00275081,1
150074,flayer7,15.054,5.86738,-0.289199,0.0797737,2
150074,finish,11.0647,8,-0.2,0,1
150074,bullet3,5.28938,8.97197,0.8,0,1
150076,bullet4,5.38847,8.8747,0.8,0,1
150077,bullet5,12.8,8.85002,0.8,0,1
150078,bullet2,5.40854,8.85501,0.8,0,1
150079,player,1.50297,9.33942,0.151927,0.151824,1
150079,flayer7,13.608,6.26625,-0.289199,0.0797737,2
150079,finish,10.0647,8,-0.2,0,1
150079,bullet3,9.28938,8.97197,0.8,0,1
150081,bullet4,9.38847,8.8747,0.8,0,1
150083,bullet2,9.40854,8.85501,0.8,0,1
150083,bullet6,2.02218,9.45855,0.8,0,1
150084,player,1.62498,9.46135,0.00280348,0.00280158,1
150084,flayer7,12.162,6.66512,-0.289199,0.0797737,2
150084,finish,9.06472,8,-0.2,0,1
150084,bullet3,13.2894,8.97197,0.8,0,1
150086,bullet4,13.3885,8.8747,0.8,0,1
150088,bullet2,13.4085,8.85501,0.8,0,1
150088,bullet6,6.02218,9.45855,0.8,0,1
150088,bullet1,2.02718,9.46354,0.8,0,1
150089,player,1.96473,9.1261,0.337552,-0.337448,1
150089,flayer7,10.716,7.06399,-0.289199,0.0797737,2
150089,finish,8.06472,8,-0.2,0,1
150091,bullet5,2.58498,8.90591,0.8,0,1
150093,bullet6,10.0222,9.45855,0.8,0,1
150093,bullet1,6.02718,9.46354,0.8,0,1
150094,player,2.57331,8.36572,0.343729,-0.158102,1
150094,flayer7,9.27003,7.46286,-0.289199,0.0797737,2
150094,finish,7.06472,8,-0.2,0,1
