68350,player,10.0233,2.79341,0,0,1
68351,bullet1,10.4233,2.79341,0.8,0,1
68352,bullet2,9.62334,2.79341,-0.8,-6.99382e-08,1
68354,bullet3,10.4233,2.79341,0.8,0,1
68355,player,10.0233,2.79341,0,0,1
68356,bullet1,14.4233,2.79341,0.8,0,1
68357,bullet2,5.62334,2.79341,-0.8,-6.99382e-08,1
68359,bullet3,14.4233,2.79341,0.8,0,1
68360,player,10.5811,3.35113,0.0683438,0.0683438,1
68361,bullet4,11.0118,3.38189,0.8,0,1
68362,bullet2,1.62334,2.79341,-0.8,-6.99382e-08,1
68362,bullet5,10.2257,3.39573,-0.8,-6.99382e-08,1
68365,player,10.1466,3.89539,-0.150614,0.153136,1
68366,bullet4,15.0118,3.38189,0.8,0,1
68366,bullet6,10.4788,3.96431,0.8,0,1
68367,bullet5,6.22565,3.39573,-0.8,-6.99382e-08,1
68368,bullet1,10.4346,4.00927,0.8,0,1
68369,bullet3,10.4284,4.01555,0.8,0,1
68370,player,10.0256,4.01838,-0.00277925,0.00282579,1
68371,bullet6,14.4788,3.96431,0.8,0,1
68372,bullet5,2.22565,3.39573,-0.8,-6.99382e-08,1
68373,bullet1,14.4346,4.00927,0.8,0,1
68374,flyer1,16.5,9.59524,-0.3,0,2
68374,bullet3,14.4284,4.01555,0.8,0,1
68374,bullet2,10.9811,4.57831,0.8,0,1
68375,player,10.6119,4.60912,0.0307034,0.0308068,1
68377,flyer2,16.5,9.59524,-0.220932,-0.202951,2
68378,bullet4,11.0347,4.14265,0.8,0,1
68379,flyer1,15,9.59524,-0.3,0,2
68379,bullet2,14.9811,4.57831,0.8,0,1
68380,player,10.6365,4.04539,0.000566564,-0.0301862,1
68380,bullet6,11.0365,4.04539,0.8,0,1
68382,flyer2,15.3953,8.58049,-0.220932,-0.202951,2
68383,bullet4,15.0347,4.14265,0.8,0,1
68384,flyer1,13.5,9.59524,-0.3,0,2
68384,bullet5,10.4792,4.57942,0.8,0,1
68385,player,10.0485,4.60962,-0.0307442,0.0301977,1
68385,bullet6,15.0365,4.04539,0.8,0,1
68385,bullet1,10.4485,4.60962,0.8,0,1
68387,flyer2,14.2907,7.56573,-0.220932,-0.202951,2
68389,flyer1,12,9.59524,-0.3,0,2
68389,bullet5,14.4792,4.57942,0.8,0,1
68390,player,9.43532,4.63387,-0.031322,0.000557232,1
68390,bullet1,14.4485,4.60962,0.8,0,1
68390,bullet3,9.83532,4.63387,0.8,0,1
68392,flyer2,13.186,6.55097,-0.220932,-0.202951,2
68392,bullet2,9.01489,4.63423,-0.8,-6.99382e-08,1
68393,bullet4,9.81203,4.63428,0.8,0,1
68394,flyer1,10.5,9.59524,-0.3,0,2
68395,player,9.41017,4.63432,-0.000577979,1.02825e-05,1
68395,bullet3,13.8353,4.63387,0.8,0,1
68397,flyer2,12.0814,5.53622,-0.220932,-0.202951,2
68397,bullet2,5.01488,4.63423,-0.8,-6.99382e-08,1
68398,bullet4,13.812,4.63428,0.8,0,1
68398,bullet6,9.32036,4.63432,0.8,0,1
68399,flyer1,9,9.59524,-0.3,0,2
68400,player,8.48373,4.97182,-0.368265,0.3375,1
68402,flyer2,10.9767,4.52146,-0.220932,-0.202951,1
68402,bullet2,1.01488,4.63423,-0.8,-6.99382e-08,1
68403,bullet5,8.60988,4.73342,0.8,0,1
68404,flyer1,7.5,9.59524,-0.3,0,2
68405,player,8.18798,4.65439,-0.00679553,-0.0245269,1
68405,bullet1,8.58798,4.65439,0.8,0,1
68408,bullet3,8.09355,5.12552,0.8,0,1
68409,flyer1,5.99999,9.59524,-0.3,0,2
68410,player,7.59405,4.88566,-0.0308801,-0.307198,1
68410,bullet1,12.588,4.65439,0.8,0,1
68411,flyer3,16.5,9.59524,-0.282697,0.100412,2
68413,bullet3,12.0936,5.12552,0.8,0,1
68414,flyer1,4.49999,9.59524,-0.3,0,2
68415,player,6.98078,4.05049,-0.0313245,-0.0364234,1
68415,flyer4,16.5,9.59524,-0.273373,-0.12356,2
68415,bullet6,7.38078,4.05049,0.8,0,1
68416,flyer3,15.0865,10.0973,-0.282697,0.100412,2
68418,bullet3,16.0936,5.12552,0.8,0,1
68419,flyer1,2.99999,9.59524,-0.3,0,2
68420,player,5.30621,4.57895,-0.234636,0.0676716,1
68420,flyer4,15.1331,8.97744,-0.273373,-0.12356,2
68420,bullet6,11.3808,4.05049,0.8,0,1
68421,flyer3,13.673,10.5994,-0.282697,0.100412,2
68424,flyer1,1.49999,9.59524,-0.3,0,2
68424,bullet4,4.96439,4.63205,0.8,0,1
68425,player,4.52931,4.6333,-0.0350844,0.00124873,1
68425,flyer4,13.7663,8.35964,-0.273373,-0.12356,2
68425,bullet6,15.3808,4.05049,0.8,0,1
68426,flyer3,12.2596,11.1014,-0.282697,0.100412,2
68428,bullet2,5.46094,5.19195,0.8,0,1
68429,flyer1,-6.4373e-06,9.59524,-0.3,0,2
68429,bullet4,8.96439,4.63205,0.8,0,1
68429,bullet5,5.49025,5.22275,0.8,0,1
68430,player,5.10345,5.23662,0.0131922,0.0138627,1
68430,flyer4,12.3994,7.74185,-0.273373,-0.12356,2
68431,flyer3,10.8461,11.6035,-0.282697,0.100412,2
68431,bullet1,5.50938,5.24286,0.8,0,1
68433,bullet2,9.46094,5.19195,0.8,0,1
68434,bullet4,12.9644,4.63205,0.8,0,1
68434,bullet5,9.49025,5.22275,0.8,0,1
68435,player,5.11404,5.73712,0.000243433,0.152131,1
68435,flyer4,11.0325,7.12405,-0.273373,-0.12356,2
68436,flyer3,9.43258,12.1056,-0.282697,0.100412,2
68436,bullet1,9.50938,5.24286,0.8,0,1
68438,bullet2,13.4609,5.19195,0.8,0,1
68439,bullet5,13.4903,5.22275,0.8,0,1
68440,player,5.11423,6.41702,4.49203e-06,0.071151,1
68440,flyer4,9.66566,6.50625,-0.273373,-0.12356,2
68441,flyer3,8.0191,12.6076,-0.282697,0.100412,2
68441,bullet1,13.5094,5.24286,0.8,0,1
68441,bullet3,5.51424,6.44903,0.8,0,1
68442,bullet6,5.51424,6.46344,0.8,0,1
68445,player,5.11424,6.47416,8.28906e-08,0.00131294,1
68445,flyer4,8.29879,5.88845,-0.273373,-0.12356,0
68445,bullet4,5.51424,6.47416,0.8,0,1
68446,flyer3,6.60562,13.1097,-0.282697,0.100412,2
68450,player,4.74598,5.91749,-0.299911,-0.0683195,1
68450,flyer5,16.5,8.74837,-0.3,0,2
68450,bullet4,9.51424,6.47416,0.8,0,1
68451,flyer3,5.19213,13.6117,-0.282697,0.100412,2
68451,flyer6,16.5,8.74837,-0.228206,-0.194736,2
68452,bullet2,4.95029,5.87291,0.8,0,1
68455,player,3.67825,6.6895,-0.494909,0.488114,1
68455,flyer5,15,8.74837,-0.3,0,2
68455,bullet4,13.5142,6.47416,0.8,0,1
68456,flyer3,3.77865,14.1138,-0.282697,0.100412,2
68456,flyer6,15.359,7.77469,-0.228206,-0.194736,2
68457,bullet2,8.95029,5.87291,0.8,0,1
68457,bullet5,3.75533,7.00799,0.8,0,1
68460,player,3.6183,7.0815,0.328368,0.00900708,1
68460,flyer5,13.5,8.74837,-0.3,0,2
68461,flyer3,2.36517,14.6159,-0.282697,0.100412,2
68461,flyer6,14.2179,6.80101,-0.228206,-0.194736,2
68462,bullet2,12.9503,5.87291,0.8,0,1
68462,bullet5,7.75533,7.00799,0.8,0,1
68464,bullet3,2.3981,7.67704,-0.8,-6.99382e-08,1
68465,player,2.72198,7.69104,-0.0761241,0.0140058,1
68465,flyer5,12,8.74837,-0.3,0,2
68466,flyer3,0.951683,15.1179,-0.282697,0.100412,2
68466,flyer6,13.0769,5.82734,-0.228206,-0.194736,1
68466,bullet1,3.08772,7.69734,0.8,0,1
68467,bullet5,11.7553,7.00799,0.8,0,1
68469,bullet6,2.57287,8.19141,0.8,0,1
68470,player,2.10312,8.26001,-0.0697485,0.0686022,1
68470,flyer5,10.5,8.74837,-0.3,0,2
68471,flyer3,-0.4618,15.62,-0.282697,0.100412,2
68471,flyer6,11.9359,4.85366,-0.228206,-0.194736,1
68471,bullet1,7.08772,7.69734,0.8,0,1
68471,bullet4,2.47174,8.29088,0.8,0,1
68472,bullet5,15.7553,7.00799,0.8,0,1
68474,bullet6,6.57287,8.19141,0.8,0,1
68474,bullet2,1.95902,7.82446,0.8,0,1
68475,player,1.48939,7.75739,-0.0696308,-0.0670779,1
68475,flyer5,9,8.74837,-0.3,0,2
68476,flyer6,10.7948,3.87998,-0.228206,-0.194736,1
68476,bullet1,11.0877,7.69734,0.8,0,1
68476,bullet4,6.47174,8.29088,0.8,0,1
68477,bullet3,1.35458,8.20299,0.8,0,1
68479,bullet2,5.95902,7.82446,0.8,0,1
68480,player,0.4,9.13271,-0.0834997,0.501977,1
68481,flyer6,9.6538,2.9063,-0.228206,-0.194736,1
68481,bullet1,15.0877,7.69734,0.8,0,1
68482,bullet3,5.35458,8.20299,0.8,0,1
68484,flayer7,16.5,8.74837,-0.3,0,2
68484,bullet2,9.95902,7.82446,0.8,0,1
68484,bullet5,0.8,10.0843,0.8,0,1
68485,player,0.4,10.1243,0,0.0400176,1
68486,flyer6,8.51277,1.93262,-0.228206,-0.194736,1
68486,bullet6,0.8,10.1423,0.8,0,1
68487,bullet3,9.35458,8.20299,0.8,0,1
68489,flayer7,15,8.74837,-0.3,0,2
68489,bullet2,13.959,7.82446,0.8,0,1
68489,bullet5,4.8,10.0843,0.8,0,1
68490,player,0.7375,9.32958,0.3375,-0.488637,1
68491,flyer6,7.37174,0.958947,-0.228206,-0.194736,1
68491,bullet6,4.8,10.1423,0.8,0,1
68492,bullet4,0.557719,9.01074,-0.8,-6.99382e-08,1
68494,flayer7,13.5,8.74837,-0.3,0,1
68494,bullet5,8.8,10.0843,0.8,0,1
68495,player,0.450822,9.49487,-0.0621159,0.059327,1
68495,bullet1,0.850822,9.49487,0.8,0,1
68496,flyer6,6.23071,-0.0147308,-0.228206,-0.194736,1
68496,bullet6,8.8,10.1423,0.8,0,1
68499,flayer7,12,8.74837,-0.3,0,1
68499,bullet5,12.8,10.0843,0.8,0,1
68500,player,0.769193,10.4377,0.298765,0.406938,1
68500,bullet1,4.85082,9.49487,0.8,0,1
68501,bullet6,12.8,10.1423,0.8,0,1
68502,bullet3,1.36414,10.7033,0.8,0,1
68504,flayer7,10.5,8.74837,-0.3,0,1
68505,player,1.00913,10.7645,0.00551305,0.00750916,1
68505,bullet1,8.85082,9.49487,0.8,0,1
68505,bullet2,1.40913,10.7645,0.8,0,1
68507,bullet3,5.36414,10.7033,0.8,0,1
68510,player,0.411241,10.7706,-0.0137379,0.000138565,1
68510,bullet2,5.40913,10.7645,0.8,0,1
68510,bullet4,0.811241,10.7706,0.8,0,1
68512,flayer8,16.5,1.29463,-0.294114,0.0591333,2
68512,bullet3,9.36414,10.7033,0.8,0,1
68515,player,0.4,11.9169,0,0.099101,1
68515,bullet2,9.40913,10.7645,0.8,0,1
68515,bullet4,4.81124,10.7706,0.8,0,1
68515,bullet5,0.8,11.9169,0.8,0,1
68517,flayer8,15.0294,1.5903,-0.294114,0.0591333,2
68517,bullet3,13.3641,10.7033,0.8,0,1
68520,player,0.4,11.9965,0,0.00182869,1
68520,bullet2,13.4091,10.7645,0.8,0,1
68520,bullet4,8.81124,10.7706,0.8,0,1
68520,bullet5,4.8,11.9169,0.8,0,1
68521,bullet6,0.8,11.9973,0.8,0,1
68522,flayer8,13.5589,1.88597,-0.294114,0.0591333,2
68525,player,0.7375,12.8931,0.3375,0.405878,1
68525,bullet4,12.8112,10.7706,0.8,0,1
68525,bullet5,8.8,11.9169,0.8,0,1
68526,bullet6,4.8,11.9973,0.8,0,1
68526,bullet1,1.28938,13.0758,0.8,0,1
68527,flayer8,12.0883,2.18163,-0.294114,0.0591333,2
68530,player,0.450822,13.7768,-0.0621159,0.0758333,1
68530,bullet5,12.8,11.9169,0.8,0,1
68531,bullet6,8.8,11.9973,0.8,0,1
68531,bullet1,5.28938,13.0758,0.8,0,1
68532,flayer8,10.6177,2.4773,-0.294114,0.0591333,2
68534,bullet3,1.3598,12.6901,0.8,0,1
68535,player,0.989411,12.6469,0.0296085,-0.043195,1
68536,bullet6,12.8,11.9973,0.8,0,1
68536,bullet1,9.28938,13.0758,0.8,0,1
68537,flayer8,9.14715,2.77297,-0.294114,0.0591333,2
68539,bullet3,5.3598,12.6901,0.8,0,1
68540,player,1.08153,12.0545,-0.0829849,-0.0691408,1
68541,flyer2,16.5,8.74837,-0.215113,-0.209109,2
68541,bullet1,13.2894,13.0758,0.8,0,1
68542,flayer8,7.67657,3.06863,-0.294114,0.0591333,2
68544,bullet3,9.3598,12.6901,0.8,0,1
68544,bullet2,0.858702,11.9695,0.8,0,1
68545,player,0.763916,12.3227,0.305214,0.353139,1
68546,flyer2,15.4244,7.70283,-0.215113,-0.209109,2
68547,flayer8,6.206,3.3643,-0.294114,0.0591333,2
68548,bullet4,0.590881,12.5853,-0.8,-6.99382e-08,1
68549,bullet3,13.3598,12.6901,0.8,0,1
68549,bullet2,4.8587,11.9695,0.8,0,1
68550,player,1.00903,12.6063,0.00563206,0.00651641,1
68550,bullet5,1.40903,12.6063,0.8,0,1
68551,flyer2,14.3489,6.65728,-0.215113,-0.209109,2
68551,bullet6,1.41156,12.6092,0.8,0,1
68552,flayer8,4.73543,3.65997,-0.294114,0.0591333,2
68553,bullet1,1.41322,12.6111,0.8,0,1
68554,bullet2,8.8587,11.9695,0.8,0,1
68555,player,1.01355,12.6115,0.000103927,0.000120246,1
68555,bullet5,5.40903,12.6063,0.8,0,1
68556,flyer2,13.2733,5.61174,-0.215113,-0.209109,2
68556,bullet6,5.41156,12.6092,0.8,0,1
68557,flayer8,3.26486,3.95563,-0.294114,0.0591333,2
68558,bullet1,5.41322,12.6111,0.8,0,1
68559,bullet2,12.8587,11.9695,0.8,0,1
68560,player,1.60211,12.0231,0.0307566,-0.0307525,1
68560,bullet5,9.40903,12.6063,0.8,0,1
68561,flyer2,12.1977,4.56619,-0.215113,-0.209109,2
68561,bullet6,9.41156,12.6092,0.8,0,1
68562,flayer8,1.79428,4.2513,-0.294114,0.0591333,2
68563,bullet1,9.41322,12.6111,0.8,0,1
68565,player,2.18453,12.4878,0.0689113,0.151308,1
68565,bullet5,13.409,12.6063,0.8,0,1
68566,flyer2,11.1222,3.52065,-0.215113,-0.209109,2
68566,bullet6,13.4116,12.6092,0.8,0,1
68566,bullet4,2.61554,12.5559,0.8,0,1
68567,flayer8,0.323713,4.54696,-0.294114,0.0591333,2
68568,bullet1,13.4132,12.6111,0.8,0,1
68570,player,2.14077,13.6872,0.122392,0.185422,1
68570,bullet3,2.54077,13.6872,0.8,0,1
68571,flyer2,10.0466,2.47511,-0.215113,-0.209109,2
68571,bullet4,6.61554,12.5559,0.8,0,1
68572,flyer1,16.5,2.21216,-0.29809,-0.0337972,2
68574,bullet2,2.07908,14.3904,0.8,0,1
68575,player,1.65059,14.4245,-0.0284962,0.0341762,1
68575,bullet3,6.54077,13.6872,0.8,0,1
68576,flyer2,8.97106,1.42956,-0.215113,-0.209109,2
68576,bullet4,10.6155,12.5559,0.8,0,1
68576,bullet5,2.03776,14.4399,0.8,0,1
68577,flyer1,15.0096,2.04317,-0.29809,-0.0337972,2
68579,bullet2,6.07908,14.3904,0.8,0,1
68580,player,2.11708,14.452,0.151349,0.000630648,1
68580,bullet3,10.5408,13.6872,0.8,0,1
68581,flyer2,7.89549,0.38402,-0.215113,-0.209109,2
68581,bullet4,14.6155,12.5559,0.8,0,1
68581,bullet5,6.03777,14.4399,0.8,0,1
68582,flyer1,13.5191,1.87419,-0.29809,-0.0337972,2
68584,bullet2,10.0791,14.3904,0.8,0,1
68585,player,2.23862,14.4525,0.00279282,1.16372e-05,1
68585,bullet3,14.5408,13.6872,0.8,0,1
68585,bullet6,2.63862,14.4525,0.8,0,1
68586,bullet5,10.0378,14.4399,0.8,0,1
68587,flyer1,12.0287,1.7052,-0.29809,-0.0337972,2
68589,bullet2,14.0791,14.3904,0.8,0,1
68590,player,2.24087,14.4525,5.15353e-05,2.14739e-07,1
68590,bullet6,6.63862,14.4525,0.8,0,1
68590,bullet1,2.64087,14.4525,0.8,0,1
68591,bullet5,14.0378,14.4399,0.8,0,1
68592,flyer1,10.5382,1.53621,-0.29809,-0.0337972,2
68593,bullet4,3.13028,14.4525,0.8,0,1
68595,player,2.82938,14.4525,0.0307556,3.96255e-09,1
68595,bullet6,10.6386,14.4525,0.8,0,1
68595,bullet1,6.64087,14.4525,0.8,0,1
68597,flyer1,9.04775,1.36723,-0.29809,-0.0337972,2
68597,bullet3,3.24945,14.4525,0.8,0,1
68598,bullet4,7.13028,14.4525,0.8,0,1
68600,player,2.36471,14.3006,-0.151307,0.185625,1
68600,bullet6,14.6386,14.4525,0.8,0,1
68600,bullet1,10.6409,14.4525,0.8,0,1
68602,flyer1,7.5573,1.19824,-0.29809,-0.0337972,2
68602,bullet3,7.24945,14.4525,0.8,0,1
68603,bullet4,11.1303,14.4525,0.8,0,1
68605,player,2.14409,13.8612,0.118328,-0.0273294,1
68605,bullet1,14.6409,14.4525,0.8,0,1
68606,bullet2,2.59734,13.8489,0.8,0,1
68607,flyer1,6.06685,1.02925,-0.29809,-0.0337972,2
68607,bullet3,11.2495,14.4525,0.8,0,1
68608,bullet4,15.1303,14.4525,0.8,0,1
68610,player,2.391,14.1768,-0.183442,0.336996,1
68610,flyer4,16.5,2.21216,-0.3,0,2
68611,bullet2,6.59734,13.8489,0.8,0,1
68612,flyer1,4.5764,0.860268,-0.29809,-0.0337972,2
68612,bullet3,15.2495,14.4525,0.8,0,1
68614,flyer3,16.5,2.21216,-0.3,0,2
68615,player,1.3177,15.3734,-0.37164,0.374473,1
68615,flyer4,15,2.21216,-0.3,0,2
68616,bullet2,10.5973,13.8489,0.8,0,1
68616,bullet5,1.55047,15.5419,0.8,0,1
68617,flyer1,3.08595,0.691282,-0.29809,-0.0337972,2
68619,flyer3,15,2.21216,-0.3,0,2
68620,player,1.50862,15.0846,0.145017,-0.0631612,1
68620,flyer4,13.5,2.21216,-0.3,0,2
68621,bullet2,14.5973,13.8489,0.8,0,1
68621,bullet5,5.55047,15.5419,0.8,0,1
68622,flyer1,1.5955,0.522296,-0.29809,-0.0337972,2
68624,flyer3,13.5,2.21216,-0.3,0,2
68625,player,1.58049,15.0784,0.0571801,-0.0556696,1
68625,flyer4,12,2.21216,-0.3,0,2
68625,bullet6,1.98049,15.0784,0.8,0,1
68626,bullet5,9.55047,15.5419,0.8,0,1
68627,flyer1,0.105048,0.35331,-0.29809,-0.0337972,2
68628,bullet1,2.58073,15.5948,0.8,0,1
68629,flyer3,12,2.21216,-0.3,0,2
68629,bullet4,2.61383,15.6,0.8,0,1
68630,player,2.22872,15.6064,0.0148947,0.00640617,1
68630,flyer4,10.5,2.21216,-0.3,0,2
68630,bullet6,5.98049,15.0784,0.8,0,1
68631,bullet5,13.5505,15.5419,0.8,0,1
68633,bullet1,6.58073,15.5948,0.8,0,1
68634,flyer3,10.5,2.21216,-0.3,0,2
68634,bullet4,6.61383,15.6,0.8,0,1
68635,player,2.24068,15.113,0.00027485,-0.151786,1
68635,flyer4,9,2.21216,-0.3,0,2
68635,bullet6,9.98049,15.0784,0.8,0,1
68638,bullet1,10.5807,15.5948,0.8,0,1
68639,flyer3,9,2.21216,-0.3,0,2
68639,bullet4,10.6138,15.6,0.8,0,1
68640,player,2.2409,14.4334,5.07175e-06,-0.0711446,1
68640,flyer4,7.5,2.21216,-0.3,0,2
68640,bullet6,13.9805,15.0784,0.8,0,1
68641,bullet3,2.6409,14.4014,0.8,0,1
68643,bullet1,14.5807,15.5948,0.8,0,1
68644,flyer3,7.5,2.21216,-0.3,0,2
68644,bullet4,14.6138,15.6,0.8,0,1
68645,player,1.75153,14.8657,-0.151875,0.150562,1
68645,flyer4,5.99999,2.21216,-0.3,0,2
68645,bullet2,2.15153,14.8657,0.8,0,1
68646,bullet3,6.6409,14.4014,0.8,0,1
68649,flyer3,5.99999,2.21216,-0.3,0,2
68650,player,2.21804,15.5751,0.0279522,0.033533,1
68650,flyer4,4.49999,2.21216,-0.3,0,2
68650,bullet2,6.15153,14.8657,0.8,0,1
68651,bullet3,10.6409,14.4014,0.8,0,1
68654,flyer3,4.49999,2.21216,-0.3,0,2
68655,player,2.22664,15.1106,0.0174309,-0.151875,1
68655,flyer4,2.99999,2.21216,-0.3,0,2
68655,bullet2,10.1515,14.8657,0.8,0,1
68655,bullet5,2.62664,15.1106,0.8,0,1
68656,bullet3,14.6409,14.4014,0.8,0,1
68658,bullet6,3.12898,15.4871,0.8,0,1
68659,flyer3,2.99999,2.21216,-0.3,0,2
68660,player,3.16662,15.6,0.368576,0,1
68660,flyer4,1.49999,2.21216,-0.3,0,2
68660,bullet2,14.1515,14.8657,0.8,0,1
68660,bullet5,6.62665,15.1106,0.8,0,1
68663,bullet6,7.12898,15.4871,0.8,0,1
68664,flyer3,1.49999,2.21216,-0.3,0,2
68665,player,4.60881,15.6,0.1059,0,1
68665,flyer4,-6.4373e-06,2.21216,-0.3,0,2
68665,bullet5,10.6266,15.1106,0.8,0,1
68665,bullet1,5.00881,15.6,0.8,0,1
68666,bullet4,5.05646,15.6,0.8,0,1
68668,bullet6,11.129,15.4871,0.8,0,1
68669,flyer3,-6.4373e-06,2.21216,-0.3,0,2
68670,player,5.03135,15.6,0.339454,0,1
68670,bullet5,14.6266,15.1106,0.8,0,1
68670,bullet1,9.00881,15.6,0.8,0,1
68671,bullet4,9.05646,15.6,0.8,0,1
68673,flyer5,16.5,0.81119,-0.3,0,2
68673,bullet6,15.129,15.4871,0.8,0,1
68675,player,4.14393,15.6,-0.0759195,0,1
68675,flyer6,16.5,2.21216,-0.273562,-0.123142,2
68675,bullet1,13.0088,15.6,0.8,0,1
68676,bullet4,13.0565,15.6,0.8,0,1
68678,flyer5,15,0.81119,-0.3,0,2
68678,bullet3,5.04519,15.0423,0.8,0,1
68680,player,4.68527,14.9977,0.0124387,-0.0138396,1
68680,flyer6,15.1322,1.59645,-0.273562,-0.123142,2
68681,flayer7,16.5,14.862,-0.3,0,2
68683,flyer5,13.5,0.81119,-0.3,0,2
68683,bullet3,9.04519,15.0423,0.8,0,1
68683,bullet2,5.65224,14.9874,0.8,0,1
68685,player,5.78695,14.9866,0.165944,-0.00025538,1
68685,flyer6,13.7644,0.980739,-0.273562,-0.123142,2
68686,flayer7,15,14.862,-0.3,0,2
68688,flyer5,12,0.81119,-0.3,0,2
68688,bullet3,13.0452,15.0423,0.8,0,1
68688,bullet2,9.65224,14.9874,0.8,0,1
68689,bullet5,5.17097,15.0171,0.8,0,1
68690,player,4.72943,15.0002,-0.0415322,-0.0169198,1
68690,flyer6,12.3966,0.36503,-0.273562,-0.123142,2
68691,flayer7,13.5,14.862,-0.3,0,1
68691,bullet6,5.11074,14.9926,0.8,0,1
68693,flyer5,10.5,0.81119,-0.3,0,2
68694,bullet5,9.17097,15.0171,0.8,0,1
68695,player,5.2538,14.9866,0.0675774,-0.000312218,1
68695,flyer6,11.0288,-0.25068,-0.273562,-0.123142,2
68696,bullet6,9.11074,14.9926,0.8,0,1
68697,bullet1,5.69789,14.497,0.8,0,1
68698,flyer5,9,0.81119,-0.3,0,2
68699,bullet5,13.171,15.0171,0.8,0,1
68700,player,5.30807,14.8734,0.00124699,0.13803,1
68701,bullet6,13.1107,14.9926,0.8,0,1
68702,bullet1,9.6979,14.497,0.8,0,1
68702,bullet4,5.70888,14.9635,0.8,0,1
68703,flyer5,7.5,0.81119,-0.3,0,2
68705,player,5.30907,14.4949,2.30105e-05,-0.149328,1
68706,flayer8,16.5,14.862,-0.248104,-0.168655,2
68707,bullet1,13.6979,14.497,0.8,0,1
68707,bullet4,9.70889,14.9635,0.8,0,1
68707,bullet3,5.70909,14.3975,0.8,0,1
68708,flyer5,5.99999,0.81119,-0.3,0,2
68710,player,4.75137,14.9327,-0.0683433,0.0655882,1
68710,bullet2,5.15137,14.9327,0.8,0,1
68711,flayer8,15.2595,14.0187,-0.248104,-0.168655,1
68712,bullet4,13.7089,14.9635,0.8,0,1
68712,bullet3,9.70909,14.3975,0.8,0,1
68712,bullet5,4.30678,14.9755,-0.8,-6.99382e-08,1
68713,flyer5,4.49999,0.81119,-0.3,0,2
68715,player,5.03399,15.3229,0.336239,0.33871,1
68715,bullet2,9.15137,14.9327,0.8,0,1
68716,flayer8,14.019,13.1754,-0.248104,-0.168655,1
68716,bullet6,5.58529,15.4753,0.8,0,1
68717,bullet3,13.7091,14.3975,0.8,0,1
68717,bullet5,0.306777,14.9755,-0.8,-6.99382e-08,1
68718,flyer5,2.99999,0.81119,-0.3,0,2
68720,player,4.96652,15.2625,-0.331295,-0.3375,1
68720,bullet2,13.1514,14.9327,0.8,0,1
68721,flayer8,12.7784,12.3321,-0.248104,-0.168655,1
68721,bullet6,9.58529,15.4753,0.8,0,1
68723,flyer5,1.49999,0.81119,-0.3,0,2
68724,bullet1,5.69504,15.5862,0.8,0,1
68725,player,5.30277,15.5938,0.00772628,0.00761179,1
68726,flayer8,11.5379,11.4889,-0.248104,-0.168655,1
68726,bullet6,13.5853,15.4753,0.8,0,1
68727,bullet4,5.21844,15.5987,0.8,0,1
68728,flyer5,-6.4373e-06,0.81119,-0.3,0,2
68729,bullet1,9.69505,15.5862,0.8,0,1
68730,player,5.19604,15.6,0.138178,0,1
68731,flayer8,10.2974,10.6456,-0.248104,-0.168655,1
68731,flyer2,16.5,14.862,-0.23306,0.1889,2
68731,bullet5,5.65822,15.6,0.8,0,1
68732,bullet4,9.21844,15.5987,0.8,0,1
68734,bullet1,13.695,15.5862,0.8,0,1
68735,player,4.81763,15.0115,-0.149325,-0.0307547,1
68736,flayer8,9.05688,9.80231,-0.248104,-0.168655,1
68736,flyer2,15.3347,15.8065,-0.23306,0.1889,1
68736,bullet5,9.65822,15.6,0.8,0,1
68737,bullet4,13.2184,15.5987,0.8,0,1
68737,bullet3,5.60957,15.4808,0.8,0,1
68739,bullet2,5.68894,15.5759,0.8,0,1
68740,player,5.30003,15.5891,0.0110841,0.0132721,1
68740,bullet6,5.70003,15.5891,0.8,0,1
68741,flayer8,7.81636,8.95903,-0.248104,-0.168655,1
68741,bullet5,13.6582,15.6,0.8,0,1
68742,bullet3,9.60958,15.4808,0.8,0,1
68744,bullet2,9.68894,15.5759,0.8,0,1
68745,player,4.72045,15.5998,-0.0305502,0.000244908,1
68745,bullet6,9.70003,15.5891,0.8,0,1
68746,flayer8,6.57584,8.11576,-0.248104,-0.168655,1
68747,bullet3,13.6096,15.4808,0.8,0,1
68749,bullet2,13.6889,15.5759,0.8,0,1
68750,player,3.61807,15.6,-0.183193,0,1
68750,bullet6,13.7,15.5891,0.8,0,1
68751,flayer8,5.33532,7.27248,-0.248104,-0.168655,1
68751,flyer1,16.5,14.862,-0.287037,-0.0872353,2
68754,flyer4,16.5,14.862,-0.3,0,2
68755,player,4.02867,15.6,0.0649633,0,1
68755,bullet1,4.42867,15.6,0.8,0,1
68756,flayer8,4.0948,6.42921,-0.248104,-0.168655,1
68756,flyer1,15.0648,14.4258,-0.287037,-0.0872353,1
68758,bullet4,3.91926,15.6,0.8,0,1
68759,flyer4,15,14.862,-0.3,0,2
68760,player,3.47853,15.6,-0.0126409,0,1
68760,bullet1,8.42867,15.6,0.8,0,1
68760,bullet5,3.87853,15.6,0.8,0,1
68761,flayer8,2.85428,5.58593,-0.248104,-0.168655,1
68761,flyer1,13.6296,13.9896,-0.287037,-0.0872353,1
68763,bullet4,7.91926,15.6,0.8,0,1
68764,flyer4,13.5,14.862,-0.3,0,2
68765,player,3.46837,15.6,-0.000233259,0,1
68765,bullet5,7.87853,15.6,0.8,0,1
68765,bullet3,3.86837,15.6,0.8,0,1
68766,flayer8,1.61377,4.74266,-0.248104,-0.168655,1
68766,flyer1,12.1944,13.5534,-0.287037,-0.0872353,1
68766,bullet2,3.86827,15.6,0.8,0,1
68769,bullet6,3.86819,15.1106,0.8,0,1
68770,player,3.46819,15.0423,-4.30429e-06,-0.0683438,1
68770,bullet5,11.8785,15.6,0.8,0,1
68770,bullet3,7.86837,15.6,0.8,0,1
68771,flayer8,0.373248,3.89938,-0.248104,-0.168655,1
68771,flyer1,10.7593,13.1173,-0.287037,-0.0872353,1
68771,bullet2,7.86827,15.6,0.8,0,1
68774,bullet6,7.86819,15.1106,0.8,0,1
68775,player,2.86587,15.6,-0.0138397,0,1
68775,bullet5,15.8785,15.6,0.8,0,1
68775,bullet3,11.8684,15.6,0.8,0,1
68776,flyer1,9.32408,12.6811,-0.287037,-0.0872353,1
68776,bullet2,11.8683,15.6,0.8,0,1
68779,bullet6,11.8682,15.1106,0.8,0,1
68779,bullet1,3.15591,15.6,0.8,0,1
68780,player,2.81016,15.6,0.0542488,0,1
68780,bullet3,15.8684,15.6,0.8,0,1
68781,flyer1,7.88889,12.2449,-0.287037,-0.0872353,1
68781,bullet2,15.8683,15.6,0.8,0,1
68781,bullet4,3.23457,15.6,0.8,0,1
68784,bullet6,15.8682,15.1106,0.8,0,1
68784,bullet1,7.15591,15.6,0.8,0,1
68785,player,2.85373,14.8596,0.00100104,0.15487,1
68785,flyer3,16.5,0.585826,-0.3,0,2
68786,flyer1,6.45371,11.8087,-0.287037,-0.0872353,1
68786,bullet4,7.23457,15.6,0.8,0,1
68787,bullet5,2.45438,14.9607,-0.8,-6.99382e-08,1
68789,bullet1,11.1559,15.6,0.8,0,1
68790,player,2.85453,14.4946,1.8472e-05,-0.149017,1
68790,flyer3,15,0.585826,-0.3,0,2
68791,flyer1,5.01853,11.3726,-0.287037,-0.0872353,1
68791,bullet4,11.2346,15.6,0.8,0,1
68791,bullet3,3.25454,14.4276,0.8,0,1
68792,bullet2,3.25455,14.3974,0.8,0,1
68794,bullet1,15.1559,15.6,0.8,0,1
68795,player,2.51705,14.0375,-0.3375,-0.34025,1
68795,flyer3,13.5,0.585826,-0.3,0,2
68796,flyer1,3.58335,10.9364,-0.287037,-0.0872353,1
68796,bullet4,15.2346,15.6,0.8,0,1
68796,bullet3,7.25454,14.4276,0.8,0,1
68797,bullet2,7.25455,14.3974,0.8,0,1
68800,player,1.65753,12.618,-0.0369825,-0.105377,1
68800,flyer3,12,0.585826,-0.3,0,2
68800,bullet6,2.05753,12.618,0.8,0,1
68801,flyer1,2.14816,10.5002,-0.287037,-0.0872353,1
68801,bullet3,11.2545,14.4276,0.8,0,1
68801,bullet5,2.04089,12.5706,0.8,0,1
68802,bullet2,11.2545,14.3974,0.8,0,1
68805,player,1.62784,12.5334,-0.000682431,-0.0019445,1
68805,flyer3,10.5,0.585826,-0.3,0,2
68805,bullet6,6.05754,12.618,0.8,0,1
68806,flyer1,0.71298,10.064,-0.287037,-0.0872353,1
68806,bullet3,15.2545,14.4276,0.8,0,1
68806,bullet5,6.04089,12.5706,0.8,0,1
68807,bullet2,15.2545,14.3974,0.8,0,1
68808,bullet1,1.22733,12.532,-0.8,-6.99382e-08,1
68810,player,1.62729,12.5318,-1.25928e-05,-3.58815e-05,1
68810,flyer3,9,0.585826,-0.3,0,2
68810,bullet6,10.0575,12.618,0.8,0,1
68810,bullet4,2.02729,12.5318,0.8,0,1
68811,bullet5,10.0409,12.5706,0.8,0,1
68813,bullet3,1.46956,11.9741,0.8,0,1
68815,player,1.02496,11.9295,-0.0138398,-0.0138403,1
68815,flyer3,7.5,0.585826,-0.3,0,2
68815,bullet6,14.0575,12.618,0.8,0,1
68815,bullet4,6.02729,12.5318,0.8,0,1
68816,bullet5,14.0409,12.5706,0.8,0,1
68818,bullet3,5.46956,11.9741,0.8,0,1
68819,flayer7,16.5,4.02668,-0.225378,-0.198002,2
68820,player,1.23407,12.1386,-0.269412,-0.269412,1
68820,flyer3,5.99999,0.585826,-0.3,0,2
68820,bullet4,10.0273,12.5318,0.8,0,1
68823,bullet3,9.46956,11.9741,0.8,0,1
68824,flayer7,15.3731,3.03667,-0.225378,-0.198002,2
68824,bullet2,2.01115,11.8281,0.8,0,1
68825,player,1.62002,11.8776,0.00886821,0.0495327,1
68825,flyer3,4.49999,0.585826,-0.3,0,2
68825,bullet4,14.0273,12.5318,0.8,0,1
68827,bullet1,2.51518,11.91,0.8,0,1
68828,bullet3,13.4696,11.9741,0.8,0,1
68829,flayer7,14.2462,2.04666,-0.225378,-0.198002,2
68829,bullet2,6.01115,11.8281,0.8,0,1
68830,player,2.56696,11.9174,0.351503,0.000914018,1
68830,flyer3,2.99999,0.585826,-0.3,0,2
68832,bullet1,6.51518,11.91,0.8,0,1
68833,bullet6,2.67063,11.9181,0.8,0,1
68834,flayer7,13.1193,1.05665,-0.225378,-0.198002,2
68834,bullet2,10.0112,11.8281,0.8,0,1
68834,bullet5,2.65428,11.9181,0.8,0,1
68835,player,2.24693,11.9182,-0.00735339,1.68662e-05,1
68835,flyer3,1.49999,0.585826,-0.3,0,2
68837,bullet1,10.5152,11.91,0.8,0,1
68838,bullet6,6.67063,11.9181,0.8,0,1
68839,flayer7,11.9924,0.0666458,-0.225378,-0.198002,2
68839,bullet2,14.0112,11.8281,0.8,0,1
68839,bullet5,6.65429,11.9181,0.8,0,1
68840,player,2.24103,11.9182,-0.000135691,3.11229e-07,1
68840,flyer3,-6.4373e-06,0.585826,-0.3,0,2
68842,bullet1,14.5152,11.91,0.8,0,1
68843,bullet6,10.6706,11.9181,0.8,0,1
68844,flyer6,16.5,4.02668,-0.3,0,2
68844,bullet5,10.6543,11.9181,0.8,0,1
68845,player,3.28801,11.3604,0.220216,-0.0683437,1
68845,flyer5,16.5,4.02668,-0.221528,-0.2023,2
68847,bullet4,3.34233,11.8052,0.8,0,1
68848,bullet6,14.6706,11.9181,0.8,0,1
68849,flyer6,15,4.02668,-0.3,0,2
68849,bullet5,14.6543,11.9181,0.8,0,1
68849,bullet3,3.27232,11.8953,0.8,0,1
68850,player,3.20005,12.2454,0.327724,0.350078,1
68850,flyer5,15.3924,3.01518,-0.221528,-0.2023,2
68852,bullet4,7.34233,11.8052,0.8,0,1
68853,bullet2,3.84375,12.5057,0.8,0,1
68854,flyer6,13.5,4.02668,-0.3,0,2
68854,bullet3,7.27233,11.8953,0.8,0,1
68855,player,3.46324,12.5265,0.00604743,0.00645993,1
68855,flyer5,14.2847,2.00368,-0.221528,-0.2023,2
68857,bullet4,11.3423,11.8052,0.8,0,1
68857,bullet1,4.35656,12.5307,0.8,0,1
68858,bullet2,7.84375,12.5057,0.8,0,1
68859,flyer6,12,4.02668,-0.3,0,2
68859,bullet3,11.2723,11.8953,0.8,0,1
68860,player,3.58103,12.0423,-0.137924,-0.151756,1
68860,flyer5,13.1771,0.99218,-0.221528,-0.2023,2
68862,bullet4,15.3423,11.8052,0.8,0,1
68862,bullet1,8.35656,12.5307,0.8,0,1
68863,bullet2,11.8438,12.5057,0.8,0,1
68864,flyer6,10.5,4.02668,-0.3,0,2
68864,bullet3,15.2723,11.8953,0.8,0,1
68865,player,3.50102,12.1714,-0.0401341,-0.309546,1
68865,flyer5,12.0694,-0.0193199,-0.221528,-0.2023,2
68867,bullet1,12.3566,12.5307,0.8,0,1
68867,bullet6,3.87484,11.9694,0.8,0,1
68868,bullet2,15.8438,12.5057,0.8,0,1
68869,flyer6,9,4.02668,-0.3,0,2
68869,flyer2,16.5,4.02668,-0.3,0,2
68870,player,2.97942,12.4122,-0.152616,0.146163,1
68870,bullet5,3.37942,12.4122,0.8,0,1
68872,bullet1,16.3566,12.5307,0.8,0,1
68872,bullet6,7.87484,11.9694,0.8,0,1
68873,bullet4,2.9553,12.5209,-0.8,-6.99382e-08,1
68874,flyer6,7.5,4.02668,-0.3,0,2
68874,flyer2,15,4.02668,-0.3,0,2
68875,player,3.10783,12.8671,-0.309561,0.340197,1
68875,bullet5,7.37942,12.4122,0.8,0,1
68876,bullet3,3.36853,13.0202,0.8,0,1
68877,bullet6,11.8748,11.9694,0.8,0,1
68879,flyer6,5.99999,4.02668,-0.3,0,2
68879,flyer2,13.5,4.02668,-0.3,0,2
68880,player,2.70735,13.4778,0.179913,0.343778,1
68880,bullet5,11.3794,12.4122,0.8,0,1
68881,bullet3,7.36853,13.0202,0.8,0,1
68882,bullet6,15.8748,11.9694,0.8,0,1
68882,bullet2,3.22474,13.7021,0.8,0,1
68883,bullet1,3.24114,13.7334,0.8,0,1
68884,flyer6,4.49999,4.02668,-0.3,0,2
68884,flyer2,12,4.02668,-0.3,0,2
68885,player,2.85183,13.7539,0.0033199,0.00634366,1
68885,bullet5,15.3794,12.4122,0.8,0,1
68886,bullet3,11.3685,13.0202,0.8,0,1
68887,bullet2,7.22474,13.7021,0.8,0,1
68888,bullet1,7.24114,13.7334,0.8,0,1
68888,bullet4,3.2543,13.7586,0.8,0,1
68889,flyer6,2.99999,4.02668,-0.3,0,2
68889,flyer2,10.5,4.02668,-0.3,0,2
68890,player,2.8545,13.4215,6.12614e-05,-0.337383,1
68891,bullet3,15.3685,13.0202,0.8,0,1
68892,bullet2,11.2247,13.7021,0.8,0,1
68893,bullet1,11.2411,13.7334,0.8,0,1
68893,bullet4,7.2543,13.7586,0.8,0,1
68894,flyer6,1.49999,4.02668,-0.3,0,2
68894,flyer2,9,4.02668,-0.3,0,2
68895,player,1.95933,12.813,-0.405843,-0.343726,1
68897,bullet2,15.2247,13.7021,0.8,0,1
68898,bullet1,15.2411,13.7334,0.8,0,1
68898,bullet4,11.2543,13.7586,0.8,0,1
68899,flyer6,-6.4373e-06,4.02668,-0.3,0,2
68899,flyer2,7.5,4.02668,-0.3,0,2
68900,player,1.6334,11.377,-0.00748894,-0.0885261,1
68900,flyer4,16.5,4.02668,-0.224704,-0.198766,2
68901,flayer8,16.5,11.484,-0.282388,0.101277,2
68903,bullet4,15.2543,13.7586,0.8,0,1
68904,flyer2,5.99999,4.02668,-0.3,0,2
68905,player,1.52829,10.8027,0.120982,-0.136593,1
68905,flyer4,15.3765,3.03285,-0.224704,-0.198766,2
68905,flyer1,16.5,12.7572,-0.285812,-0.0911677,2
68906,flayer8,15.0881,11.9904,-0.282388,0.101277,2
68906,bullet6,1.98273,10.7412,0.8,0,1
68909,flyer2,4.49999,4.02668,-0.3,0,2
68909,bullet5,2.51259,11.1849,0.8,0,1
68910,player,2.18317,11.2507,0.0705762,0.0658232,1
68910,flyer4,14.253,2.03901,-0.224704,-0.198766,2
68910,flyer1,15.0709,12.3014,-0.285812,-0.0911677,2
68911,flayer8,13.6761,12.4968,-0.282388,0.101277,2
68911,bullet6,5.98274,10.7412,0.8,0,1
68912,bullet3,3.1186,11.2936,0.8,0,1
68914,flyer2,2.99999,4.02668,-0.3,0,2
68914,bullet5,6.51259,11.1849,0.8,0,1
68915,player,2.35279,11.7929,-0.136733,0.15309,1
68915,flyer4,13.1294,1.04518,-0.224704,-0.198766,2
68915,flyer1,13.6419,11.8456,-0.285812,-0.0911677,2
68915,bullet2,2.75279,11.7929,0.8,0,1
68916,flayer8,12.2642,13.0032,-0.282388,0.101277,2
68916,bullet6,9.98274,10.7412,0.8,0,1
68917,bullet3,7.1186,11.2936,0.8,0,1
68919,flyer2,1.49999,4.02668,-0.3,0,2
68919,bullet5,10.5126,11.1849,0.8,0,1
68920,player,1.7536,12.4052,-0.154398,0.1547,1
68920,flyer4,12.0059,0.0513514,-0.224704,-0.198766,2
68920,flyer1,12.2128,11.3897,-0.285812,-0.0911677,1
68920,bullet2,6.75279,11.7929,0.8,0,1
68921,flayer8,10.8522,13.5096,-0.282388,0.101277,2
68922,bullet3,11.1186,11.2936,0.8,0,1
68922,bullet1,2.05286,12.0168,0.8,0,1
68924,flyer2,-6.4373e-06,4.02668,-0.3,0,2
68924,bullet4,2.03246,11.9381,0.8,0,1
68925,player,1.96711,11.9272,0.334651,-0.010985,1
68925,bullet2,10.7528,11.7929,0.8,0,1
68926,flayer8,9.44031,14.016,-0.282388,0.101277,2
68927,bullet3,15.1186,11.2936,0.8,0,1
68927,bullet1,6.05286,12.0168,0.8,0,1
68929,bullet4,6.03246,11.9381,0.8,0,1
68930,player,2.57336,11.5808,0.343675,-0.337703,1
68930,bullet2,14.7528,11.7929,0.8,0,1
68931,flayer8,8.02837,14.5224,-0.282388,0.101277,2
68931,bullet6,3.12802,11.4289,0.8,0,1
68932,bullet1,10.0529,12.0168,0.8,0,1
68933,bullet5,3.22893,11.3297,0.8,0,1
68934,bullet4,10.0325,11.9381,0.8,0,1
68935,player,3.33874,10.8203,0.158217,-0.158107,1
68936,flayer8,6.61643,15.0287,-0.282388,0.101277,2
68936,bullet6,7.12802,11.4289,0.8,0,1
68937,bullet1,14.0529,12.0168,0.8,0,1
68938,bullet5,7.22893,11.3297,0.8,0,1
68939,bullet4,14.0325,11.9381,0.8,0,1
68940,player,3.4212,11.8533,0.0574237,0.0792659,1
68940,bullet3,3.8212,11.8533,0.8,0,1
68941,flayer8,5.20449,15.5351,-0.282388,0.101277,2
68941,bullet6,11.128,11.4289,0.8,0,1
68943,bullet5,11.2289,11.3297,0.8,0,1
68944,bullet2,3.76716,12.504,0.8,0,1
68945,player,3.42273,12.5193,0.0555638,0.0153023,1
68945,bullet3,7.82121,11.8533,0.8,0,1
68946,flayer8,3.79255,16.0415,-0.282388,0.101277,2
68946,bullet6,15.128,11.4289,0.8,0,1
68948,bullet5,15.2289,11.3297,0.8,0,1
68949,bullet2,7.76716,12.504,0.8,0,1
68949,bullet1,2.78848,12.0419,0.8,0,1
68950,player,2.30732,11.9739,-0.081158,-0.0680614,1
68950,bullet3,11.8212,11.8533,0.8,0,1
68951,flyer3,16.5,12.7572,-0.254268,0.15921,2
68954,bullet2,11.7672,12.504,0.8,0,1
68954,bullet1,6.78848,12.0419,0.8,0,1
68955,player,2.28674,12.5215,-0.0560017,0.0125837,1
68955,bullet3,15.8212,11.8533,0.8,0,1
68956,flyer3,15.2287,13.5533,-0.254268,0.15921,2
68956,flayer7,16.5,4.59839,-0.3,0,2
68959,bullet2,15.7672,12.504,0.8,0,1
68959,bullet1,10.7885,12.0419,0.8,0,1
68960,player,2.83023,12.4325,0.0297213,0.121353,1
68960,flyer5,16.5,4.59839,-0.3,0,2
68960,bullet4,3.23023,12.4325,0.8,0,1
68961,flyer3,13.9573,14.3493,-0.254268,0.15921,2
68961,flayer7,15,4.59839,-0.3,0,2
68964,bullet1,14.7885,12.0419,0.8,0,1
68964,bullet6,3.25355,13.0171,0.8,0,1
68965,player,2.8541,13.0877,0.000548442,0.070583,1
68965,flyer5,15,4.59839,-0.3,0,2
68965,bullet4,7.23024,12.4325,0.8,0,1
68966,flyer3,12.686,15.1454,-0.254268,0.15921,2
68966,flayer7,13.5,4.59839,-0.3,0,2
68966,bullet5,3.25435,13.1194,0.8,0,1
68967,bullet3,3.25446,13.1337,0.8,0,1
68969,bullet6,7.25356,13.0171,0.8,0,1
68970,player,2.51704,12.9925,-0.33749,0.186927,1
68970,flyer5,13.5,4.59839,-0.3,0,2
68970,bullet4,11.2302,12.4325,0.8,0,1
68971,flyer3,11.4146,15.9414,-0.254268,0.15921,2
68971,flayer7,12,4.59839,-0.3,0,2
68971,bullet5,7.25435,13.1194,0.8,0,1
68972,bullet3,7.25446,13.1337,0.8,0,1
68974,bullet6,11.2536,13.0171,0.8,0,1
68975,player,1.65754,12.8916,-0.0369823,0.310195,1
68975,flyer5,12,4.59839,-0.3,0,2
68975,bullet4,15.2302,12.4325,0.8,0,1
68976,flayer7,10.5,4.59839,-0.3,0,2
68976,bullet5,11.2544,13.1194,0.8,0,1
68977,bullet3,11.2545,13.1337,0.8,0,1
68979,bullet6,15.2536,13.0171,0.8,0,1
68980,player,0.4,13.7292,-0.260406,0.0364787,1
68980,flyer5,10.5,4.59839,-0.3,0,2
68981,flayer7,9,4.59839,-0.3,0,2
68981,bullet5,15.2544,13.1194,0.8,0,1
68982,bullet3,15.2545,13.1337,0.8,0,1
68983,flyer6,16.5,4.59839,-0.3,0,2
68983,bullet2,0.8,13.267,0.8,0,1
68985,player,0.4,13.5075,-0,0.307418,1
68985,flyer5,9,4.59839,-0.3,0,2
68986,flayer7,7.5,4.59839,-0.3,0,2
68988,flyer6,15,4.59839,-0.3,0,2
68988,bullet2,4.8,13.267,0.8,0,1
68989,bullet1,1.35772,13.191,0.8,0,1
68990,player,0.988474,13.166,0.0307547,-0.025082,1
68990,flyer5,7.5,4.59839,-0.3,0,2
68990,bullet4,1.38847,13.166,0.8,0,1
68991,flayer7,5.99999,4.59839,-0.3,0,2
68993,flyer6,13.5,4.59839,-0.3,0,2
68993,bullet2,8.8,13.267,0.8,0,1
68994,bullet1,5.35772,13.191,0.8,0,1
68995,player,0.4,12.5881,0,-0.0688066,1
68995,flyer5,5.99999,4.59839,-0.3,0,2
68995,bullet4,5.38847,13.166,0.8,0,1
68995,bullet6,0,12.5881,-0.8,-6.99382e-08,1
68996,flayer7,4.49999,4.59839,-0.3,0,2
68998,flyer6,12,4.59839,-0.3,0,2
68998,bullet2,12.8,13.267,0.8,0,1
68998,bullet5,0.8,12.5369,0.8,0,1
68999,bullet1,9.35772,13.191,0.8,0,1
69000,player,0.4,12.5328,0,-0.00126967,1
69000,flyer5,4.49999,4.59839,-0.3,0,2
69000,bullet4,9.38847,13.166,0.8,0,1
69001,flayer7,2.99999,4.59839,-0.3,0,2
69003,flyer6,10.5,4.59839,-0.3,0,2
69003,bullet5,4.8,12.5369,0.8,0,1
69003,bullet3,0.8,12.0425,0.8,0,1
69004,bullet1,13.3577,13.191,0.8,0,1
69005,player,0.4,11.9433,-0,-0.0307781,1
69005,flyer5,2.99999,4.59839,-0.3,0,2
69005,bullet4,13.3885,13.166,0.8,0,1
69006,flayer7,1.49999,4.59839,-0.3,0,2
69008,flyer6,9,4.59839,-0.3,0,2
69008,bullet5,8.8,12.5369,0.8,0,1
69008,bullet3,4.8,12.0425,0.8,0,1
69010,player,0.4,12.408,0,0.151307,1
69010,flyer5,1.49999,4.59839,-0.3,0,2
69011,flayer7,-6.4373e-06,4.59839,-0.3,0,2
69013,flyer6,7.5,4.59839,-0.3,0,2
69013,bullet5,12.8,12.5369,0.8,0,1
69013,bullet3,8.8,12.0425,0.8,0,1
69013,bullet6,0.8,13.0782,0.8,0,1
69015,player,0.4,13.1318,0,0.0166316,1
69015,flyer5,-6.4373e-06,4.59839,-0.3,0,2
69016,bullet2,0.8,13.1393,0.8,0,1
69018,flyer6,5.99999,4.59839,-0.3,0,2
69018,bullet3,12.8,12.0425,0.8,0,1
69018,bullet6,4.8,13.0782,0.8,0,1
69019,bullet1,0.8,13.6342,0.8,0,1
69020,player,0.4,13.7029,0,0.0686506,1
69021,bullet2,4.8,13.1393,0.8,0,1
69023,flyer6,4.49999,4.59839,-0.3,0,2
69023,bullet6,8.8,13.0782,0.8,0,1
69024,bullet1,4.8,13.6342,0.8,0,1
69025,player,0.988474,14.2474,0.0307547,0.153142,1
69025,bullet4,0.588474,14.2474,-0.8,-6.99382e-08,1
69026,bullet2,8.8,13.1393,0.8,0,1
69027,bullet5,1.40854,14.3473,0.8,0,1
69028,flyer6,2.99999,4.59839,-0.3,0,2
69028,bullet6,12.8,13.0782,0.8,0,1
69029,bullet1,8.8,13.6342,0.8,0,1
69030,player,1.50255,13.881,0.152442,-0.149049,1
69031,bullet2,12.8,13.1393,0.8,0,1
69032,bullet5,5.40854,14.3473,0.8,0,1
69033,flyer6,1.49999,4.59839,-0.3,0,2
69034,bullet1,12.8,13.6342,0.8,0,1
69035,player,1.12176,12.346,-0.132147,-0.52288,1
69036,flyer1,16.5,4.59839,-0.26222,-0.145741,2
69037,bullet5,9.40854,14.3473,0.8,0,1
69037,bullet3,1.43553,12.0048,0.8,0,1
69038,flyer6,-6.4373e-06,4.59839,-0.3,0,2
69040,player,0.457914,11.3683,-0.0707822,-0.0779924,1
69040,flyer4,16.5,4.59839,-0.3,0,2
69040,bullet4,0.857914,11.3683,0.8,0,1
69041,flyer1,15.1889,3.86969,-0.26222,-0.145741,2
69042,bullet5,13.4085,14.3473,0.8,0,1
69042,bullet3,5.43553,12.0048,0.8,0,1
69045,player,0.4,12.3835,0,0.181191,1
69045,flyer4,15,4.59839,-0.3,0,2
69045,bullet4,4.85791,11.3683,0.8,0,1
69045,bullet6,0.8,12.3835,0.8,0,1
69046,flyer1,13.8778,3.14098,-0.26222,-0.145741,2
69047,bullet3,9.43553,12.0048,0.8,0,1
69047,bullet2,0.8,12.5018,0.8,0,1
69050,player,0.4,12.529,0,0.00334347,1
69050,flyer4,13.5,4.59839,-0.3,0,2
69050,bullet4,8.85791,11.3683,0.8,0,1
69050,bullet6,4.8,12.3835,0.8,0,1
69051,flyer1,12.5667,2.41227,-0.26222,-0.145741,2
69052,bullet3,13.4355,12.0048,0.8,0,1
69052,bullet2,4.8,12.5018,0.8,0,1
69055,player,0.4,12.5317,0,6.16965e-05,1
69055,flyer4,12,4.59839,-0.3,0,2
69055,bullet4,12.8579,11.3683,0.8,0,1
69055,bullet6,8.8,12.3835,0.8,0,1
69056,flyer1,11.2556,1.68356,-0.26222,-0.145741,2
69057,bullet2,8.8,12.5018,0.8,0,1
69057,bullet1,0.8,12.5318,0.8,0,1
69060,player,0.4,12.8693,-0,0.337501,1
69060,flyer4,10.5,4.59839,-0.3,0,2
69060,bullet6,12.8,12.3835,0.8,0,1
69061,flyer1,9.94449,0.954857,-0.26222,-0.145741,2
69062,bullet2,12.8,12.5018,0.8,0,1
69062,bullet1,4.8,12.5318,0.8,0,1
69065,player,0.4,13.7288,0,0.0369825,1
69065,flyer4,9,4.59839,-0.3,0,2
69065,bullet5,0.8,13.7288,0.8,0,1
69066,flyer1,8.63339,0.22615,-0.26222,-0.145741,2
69067,bullet1,8.8,12.5318,0.8,0,1
69070,player,0.7375,14.096,0.3375,0.338182,1
69070,flyer4,7.5,4.59839,-0.3,0,2
69070,bullet5,4.8,13.7288,0.8,0,1
69071,flyer2,16.5,3.28786,-0.3,0,2
69071,bullet3,1.28938,14.2482,0.8,0,1
69072,bullet1,12.8,12.5318,0.8,0,1
69073,bullet4,1.38847,14.3475,0.8,0,1
69075,player,1.49792,13.8782,0.158103,-0.145635,1
69075,flyer4,5.99999,4.59839,-0.3,0,2
69075,bullet5,8.8,13.7288,0.8,0,1
69076,flyer2,15,3.28786,-0.3,0,2
69076,bullet3,5.28938,14.2482,0.8,0,1
69077,bullet6,2.00108,13.7832,0.8,0,1
69078,bullet4,5.38847,14.3475,0.8,0,1
69080,player,2.52011,13.9815,0.408761,-0.271844,1
69080,flyer4,4.49999,4.59839,-0.3,0,2
69080,bullet5,12.8,13.7288,0.8,0,1
69081,flyer2,13.5,3.28786,-0.3,0,2
69081,bullet3,9.28938,14.2482,0.8,0,1
69082,bullet6,6.00108,13.7832,0.8,0,1
69083,bullet4,9.38847,14.3475,0.8,0,1
69085,player,2.84838,13.7632,0.00754279,-0.00501628,1
69085,flyer4,2.99999,4.59839,-0.3,0,2
69085,bullet2,2.44838,13.7632,-0.8,-6.99382e-08,1
69086,flyer2,12,3.28786,-0.3,0,2
69086,bullet3,13.2894,14.2482,0.8,0,1
69087,bullet6,10.0011,13.7832,0.8,0,1
69088,bullet4,13.3885,14.3475,0.8,0,1
69090,player,4.00062,14.3168,0.0992376,0.0682512,1
69090,flyer4,1.49999,4.59839,-0.3,0,2
69090,bullet1,4.40062,14.3168,0.8,0,1
69091,flyer2,10.5,3.28786,-0.3,0,2
69092,bullet6,14.0011,13.7832,0.8,0,1
69095,player,2.92029,14.9294,-0.0803521,0.0696032,1
69095,flyer4,-6.4373e-06,4.59839,-0.3,0,2
69095,flayer8,16.5,3.28786,-0.3,0,2
69095,bullet1,8.40063,14.3168,0.8,0,1
69095,bullet5,2.52029,14.9294,-0.8,-6.99382e-08,1
69096,flyer2,9,3.28786,-0.3,0,2
69098,bullet2,3.74991,14.9811,0.8,0,1
69100,player,3.44423,14.9853,0.029272,0.00128437,1
69100,flayer8,15,3.28786,-0.3,0,2
69100,bullet1,12.4006,14.3168,0.8,0,1
69101,flyer2,7.5,3.28786,-0.3,0,2
69103,bullet2,7.74991,14.9811,0.8,0,1
69105,player,2.91002,14.9417,-0.0678036,0.0545278,1
69105,flayer8,13.5,3.28786,-0.3,0,2
69105,flyer3,16.5,3.28786,-0.247628,0.169353,2
69106,flyer2,5.99999,3.28786,-0.3,0,2
69107,bullet3,3.75516,15.4667,0.8,0,1
69108,bullet2,11.7499,14.9811,0.8,0,1
69110,player,3.45788,15.5878,0.0125884,0.0148458,1
69110,flayer8,12,3.28786,-0.3,0,2
69110,flyer3,15.2619,4.13462,-0.247628,0.169353,2
69110,bullet4,3.85788,15.5878,0.8,0,1
69111,flyer2,4.49999,3.28786,-0.3,0,2
69111,bullet6,3.86355,15.5945,0.8,0,1
69112,bullet3,7.75516,15.4667,0.8,0,1
69113,bullet2,15.7499,14.9811,0.8,0,1
69115,player,2.91028,15.1104,-0.0681115,-0.151601,1
69115,flayer8,10.5,3.28786,-0.3,0,2
69115,flyer3,14.0237,4.98139,-0.247628,0.169353,2
69115,bullet4,7.85789,15.5878,0.8,0,1
69116,flyer2,2.99999,3.28786,-0.3,0,2
69116,bullet6,7.86355,15.5945,0.8,0,1
69117,bullet3,11.7552,15.4667,0.8,0,1
69117,bullet5,2.77646,14.5221,0.8,0,1
69120,player,2.25326,14.3863,-0.0150965,-0.0166371,1
69120,flayer8,9,3.28786,-0.3,0,2
69120,flyer3,12.7856,5.82815,-0.247628,0.169353,2
69120,bullet4,11.8579,15.5878,0.8,0,1
69121,flyer2,1.49999,3.28786,-0.3,0,2
69121,bullet6,11.8636,15.5945,0.8,0,1
69122,bullet3,15.7552,15.4667,0.8,0,1
69122,bullet5,6.77646,14.5221,0.8,0,1
69124,bullet1,2.0837,14.931,0.8,0,1
69125,player,1.65267,14.9614,-0.0310333,0.0304477,1
69125,flayer8,7.5,3.28786,-0.3,0,2
69125,flyer3,11.5474,6.67491,-0.247628,0.169353,2
69125,bullet4,15.8579,15.5878,0.8,0,1
69126,flyer2,-6.4373e-06,3.28786,-0.3,0,2
69126,bullet6,15.8636,15.5945,0.8,0,1
69126,bullet2,2.0387,14.9751,0.8,0,1
69127,bullet5,10.7765,14.5221,0.8,0,1
69127,bullet3,2.03242,14.9813,0.8,0,1
69129,bullet1,6.0837,14.931,0.8,0,1
69130,player,0.800869,14.159,-0.489948,-0.488813,1
69130,flayer8,5.99999,3.28786,-0.3,0,2
69130,flyer3,10.3093,7.52167,-0.247628,0.169353,2
69131,bullet2,6.0387,14.9751,0.8,0,1
69132,bullet5,14.7765,14.5221,0.8,0,1
69132,bullet3,6.03242,14.9813,0.8,0,1
69134,bullet1,10.0837,14.931,0.8,0,1
69135,player,0.4,13.7664,0,-0.00901998,1
69135,flayer8,4.49999,3.28786,-0.3,0,2
69135,flyer3,9.07116,8.36844,-0.247628,0.169353,2
69135,bullet4,0.8,13.7664,0.8,0,1
69136,bullet2,10.0387,14.9751,0.8,0,1
69137,bullet3,10.0324,14.9813,0.8,0,1
69139,bullet1,14.0837,14.931,0.8,0,1
69140,player,0.7375,13.7592,0.3375,-0.000166444,1
69140,flayer8,2.99999,3.28786,-0.3,0,2
69140,flyer3,7.83301,9.2152,-0.247628,0.169353,2
69140,bullet4,4.8,13.7664,0.8,0,1
69141,bullet2,14.0387,14.9751,0.8,0,1
69142,bullet3,14.0324,14.9813,0.8,0,1
69145,player,1.0393,14.3168,-0.0313612,0.0683407,1
69145,flayer8,1.49999,3.28786,-0.3,0,2
69145,flyer3,6.59487,10.062,-0.247628,0.169353,2
69145,flayer7,16.5,14.8442,-0.299735,-0.012616,2
69145,bullet4,8.8,13.7664,0.8,0,1
69145,bullet6,1.4393,14.3168,0.8,0,1
69148,bullet5,1.41597,14.3676,0.8,0,1
69149,bullet1,1.41469,14.3704,0.8,0,1
69150,player,1.01411,14.3717,-0.000578703,0.00126108,1
69150,flayer8,-6.4373e-06,3.28786,-0.3,0,2
69150,flyer3,5.35673,10.9087,-0.247628,0.169353,2
69150,flayer7,15.0013,14.7811,-0.299735,-0.012616,2
69150,bullet4,12.8,13.7664,0.8,0,1
69150,bullet6,5.4393,14.3168,0.8,0,1
69153,bullet5,5.41598,14.3676,0.8,0,1
69154,bullet1,5.41469,14.3704,0.8,0,1
69155,player,1.01365,14.3727,-1.06787e-05,2.32704e-05,1
69155,flyer3,4.11859,11.7555,-0.247628,0.169353,2
69155,flayer7,13.5027,14.718,-0.299735,-0.012616,2
69155,bullet6,9.4393,14.3168,0.8,0,1
69156,bullet2,1.41364,14.3727,0.8,0,1
69158,bullet5,9.41598,14.3676,0.8,0,1
69158,bullet3,1.41364,14.3727,0.8,0,1
69159,bullet1,9.41469,14.3704,0.8,0,1
69160,player,1.50301,14.8621,0.151875,0.151875,1
69160,flyer3,2.88045,12.6023,-0.247628,0.169353,2
69160,flayer7,12.004,14.6549,-0.299735,-0.012616,1
69161,bullet2,5.41364,14.3727,0.8,0,1
69163,bullet3,5.41364,14.3727,0.8,0,1
69165,player,0.533291,14.4947,-0.162912,-0.149072,1
69165,flyer3,1.64231,13.449,-0.247628,0.169353,2
69165,bullet4,0.933291,14.4947,0.8,0,1
69166,bullet2,9.41364,14.3727,0.8,0,1
69167,bullet6,0.0269912,14.3974,-0.8,-6.99382e-08,1
