17851,player,14.4282,11.4925,0,0,1
17856,player,13.533,11.2723,-0.405844,0.269156,1
17857,bullet1,12.9504,11.3934,-0.8,-6.99382e-08,1
17859,bullet2,13.6312,11.4724,0.8,0,1
17861,player,13.2071,11.4884,-0.00748896,0.00496669,1
17861,bullet3,13.6071,11.4884,0.8,0,1
17862,bullet1,8.95036,11.3934,-0.8,-6.99382e-08,1
17864,bullet4,13.1121,11.0027,0.8,0,1
17865,flyer1,16.5,3.43326,-0.27264,0.125169,2
17866,player,12.6126,10.9039,-0.0308929,-0.030663,1
17866,bullet5,13.0126,10.9039,0.8,0,1
17867,bullet1,4.95036,11.3934,-0.8,-6.99382e-08,1
17867,bullet6,12.9987,10.8901,0.8,0,1
17870,flyer1,15.1368,4.05911,-0.27264,0.125169,2
17871,player,13.0771,10.3899,0.151305,-0.152441,1
17871,flyer2,16.5,3.43326,-0.3,0,2
17872,bullet1,0.950356,11.3934,-0.8,-6.99382e-08,1
17872,bullet2,13.5452,10.3213,0.8,0,1
17875,flyer1,13.7736,4.68495,-0.27264,0.125169,2
17875,flyer3,16.5,3.43326,-0.2939,0.060191,2
17875,bullet3,13.1065,10.7597,0.8,0,1
17876,player,12.6409,10.8252,-0.0655518,0.0655308,1
17876,flyer2,15,3.43326,-0.3,0,2
17878,bullet4,13.4875,11.3574,0.8,0,1
17880,flyer1,12.4104,5.3108,-0.27264,0.125169,2
17880,flyer3,15.0305,3.73422,-0.2939,0.060191,2
17881,player,12.7012,11.4802,-0.139245,0.0150488,1
17881,flyer2,13.5,3.43326,-0.3,0,2
17882,flyer4,16.5,3.43326,-0.29798,-0.0347549,2
17882,bullet5,13.0386,11.4869,0.8,0,1
17885,flyer1,11.0472,5.93665,-0.27264,0.125169,2
17885,flyer3,13.561,4.03517,-0.2939,0.060191,2
17885,bullet6,12.992,10.9343,0.8,0,1
17886,player,12.5894,10.9038,-0.00256946,-0.030477,1
17886,flyer2,12,3.43326,-0.3,0,2
17886,bullet1,12.9894,10.9038,0.8,0,1
17887,flyer4,15.0101,3.25949,-0.29798,-0.0347549,2
17890,flyer1,9.68399,6.56249,-0.27264,0.125169,2
17890,flyer3,12.0915,4.33613,-0.2939,0.060191,2
17891,player,11.9989,10.5418,-0.0308021,-0.338062,1
17891,flyer2,10.5,3.43326,-0.3,0,2
17892,flyer4,13.5202,3.08571,-0.29798,-0.0347549,2
17893,bullet2,12.3788,10.3212,0.8,0,1
17894,bullet3,12.376,10.2904,0.8,0,1
17895,flyer1,8.32079,7.18834,-0.27264,0.125169,2
17895,flyer3,10.622,4.63708,-0.2939,0.060191,2
17896,player,11.9741,10.2703,-0.000568385,-0.0062382,1
17896,flyer2,9,3.43326,-0.3,0,2
17896,bullet4,12.3741,10.2703,0.8,0,1
17897,flyer4,12.0303,2.91194,-0.29798,-0.0347549,2
17898,bullet2,16.3788,10.3212,0.8,0,1
17899,bullet3,16.376,10.2904,0.8,0,1
17900,flyer1,6.95759,7.81418,-0.27264,0.125169,2
17900,flyer3,9.15251,4.93804,-0.2939,0.060191,2
17901,player,11.9429,10.8538,0.0375786,0.0306396,1
17901,flyer2,7.5,3.43326,-0.3,0,2
17901,bullet4,16.3741,10.2703,0.8,0,1
17901,bullet5,12.3429,10.8538,0.8,0,1
17902,flyer4,10.5404,2.73816,-0.29798,-0.0347549,2
17902,bullet6,12.3598,10.8676,0.8,0,1
17905,flyer1,5.59439,8.44003,-0.27264,0.125169,2
17905,flyer3,7.68301,5.23899,-0.2939,0.060191,2
17906,player,11.9731,11.4361,0.00069343,0.0689091,1
17906,flyer2,5.99999,3.43326,-0.3,0,2
17906,bullet5,16.3429,10.8538,0.8,0,1
17906,bullet1,12.3731,11.4361,0.8,0,1
17907,flyer4,9.05049,2.56439,-0.29798,-0.0347549,2
17907,bullet6,16.3598,10.8676,0.8,0,1
17910,flyer1,4.23119,9.06587,-0.27264,0.125169,2
17910,flyer3,6.21352,5.53995,-0.2939,0.060191,2
17911,player,10.8136,12.6515,-0.0821706,0.0834549,1
17911,flyer2,4.49999,3.43326,-0.3,0,2
17911,bullet1,16.3731,11.4361,0.8,0,1
17911,bullet2,11.2136,12.6515,0.8,0,1
17912,flyer4,7.56059,2.39061,-0.29798,-0.0347549,2
17912,bullet3,11.1766,12.689,0.8,0,1
17915,flyer1,2.86799,9.69172,-0.27264,0.125169,2
17915,flyer3,4.74402,5.8409,-0.2939,0.060191,2
17916,player,10.1899,12.7868,-0.06986,-0.0819913,1
17916,flyer2,2.99999,3.43326,-0.3,0,2
17916,bullet2,15.2136,12.6515,0.8,0,1
17917,flyer4,6.07069,2.21684,-0.29798,-0.0347549,2
17917,bullet3,15.1766,12.689,0.8,0,1
17920,flyer1,1.50479,10.3176,-0.27264,0.125169,2
17920,flyer3,3.27452,6.14186,-0.2939,0.060191,2
17920,bullet4,8.58891,12.7225,-0.8,-6.99382e-08,1
17921,player,8.60553,13.0585,-0.383383,0.335987,1
17921,flyer2,1.49999,3.43326,-0.3,0,2
17922,flyer4,4.58079,2.04306,-0.29798,-0.0347549,2
17925,flyer1,0.141586,10.9434,-0.27264,0.125169,2
17925,flyer3,1.80502,6.44282,-0.2939,0.060191,2
17925,bullet4,4.58891,12.7225,-0.8,-6.99382e-08,1
17926,player,7.70916,13.3283,-0.0378292,0.00619991,1
17926,flyer2,-6.4373e-06,3.43326,-0.3,0,2
17927,flyer4,3.09089,1.86929,-0.29798,-0.0347549,2
17929,flyer5,16.5,3.7712,-0.3,0,2
17930,flyer3,0.335522,6.74377,-0.2939,0.060191,2
17930,bullet4,0.58891,12.7225,-0.8,-6.99382e-08,1
17931,player,7.09031,12.8829,-0.0314527,-0.19935,1
17932,flyer4,1.60099,1.69551,-0.29798,-0.0347549,2
17932,flyer6,16.5,3.43326,-0.29207,0.0685196,2
17933,flayer7,16.5,3.7712,-0.3,0,2
17934,flyer5,15,3.7712,-0.3,0,2
17936,player,7.0958,11.7968,-0.0381695,-0.371933,1
17937,flyer4,0.111094,1.52174,-0.29798,-0.0347549,2
17937,flyer6,15.0396,3.77586,-0.29207,0.0685196,2
17938,flayer7,15,3.7712,-0.3,0,2
17939,flyer5,13.5,3.7712,-0.3,0,2
17939,bullet5,6.9097,10.9625,0.8,0,1
17941,player,6.46284,10.8958,-0.0145439,-0.0207028,1
17941,bullet6,6.86284,10.8958,0.8,0,1
17942,flyer6,13.5793,4.11846,-0.29207,0.0685196,2
17943,flayer7,13.5,3.7712,-0.3,0,2
17944,flyer5,12,3.7712,-0.3,0,2
17944,bullet5,10.9097,10.9625,0.8,0,1
17946,player,7.00888,10.8484,0.0680754,0.037207,1
17946,bullet6,10.8628,10.8958,0.8,0,1
17946,bullet1,7.40888,10.8484,0.8,0,1
17947,flyer6,12.1189,4.46105,-0.29207,0.0685196,2
17947,bullet2,7.43951,10.8651,0.8,0,1
17948,flayer7,12,3.7712,-0.3,0,2
17949,flyer5,10.5,3.7712,-0.3,0,2
17949,bullet5,14.9097,10.9625,0.8,0,1
17951,player,7.06355,10.8783,0.00125618,0.000686574,1
17951,bullet6,14.8628,10.8958,0.8,0,1
17951,bullet1,11.4089,10.8484,0.8,0,1
17951,bullet3,7.46355,10.8783,0.8,0,1
17952,flyer6,10.6586,4.80365,-0.29207,0.0685196,2
17952,bullet2,11.4395,10.8651,0.8,0,1
17953,flayer7,10.5,3.7712,-0.3,0,2
17954,flyer5,9,3.7712,-0.3,0,2
17954,bullet4,6.90676,11.4365,0.8,0,1
17956,player,6.46224,11.4811,-0.0138164,0.0138523,1
17956,bullet1,15.4089,10.8484,0.8,0,1
17956,bullet3,11.4635,10.8783,0.8,0,1
17957,flyer6,9.19824,5.14625,-0.29207,0.0685196,2
17957,bullet2,15.4395,10.8651,0.8,0,1
17958,flayer7,9,3.7712,-0.3,0,2
17959,flyer5,7.5,3.7712,-0.3,0,2
17959,bullet4,10.9068,11.4365,0.8,0,1
17959,bullet5,6.85197,12.0492,0.8,0,1
17961,player,6.94052,12.0946,0.15162,0.0140952,1
17961,bullet3,15.4636,10.8783,0.8,0,1
17962,flyer6,7.73789,5.48885,-0.29207,0.0685196,2
17963,flayer7,7.5,3.7712,-0.3,0,2
17963,bullet6,7.43946,12.5932,0.8,0,1
17964,flyer5,5.99999,3.7712,-0.3,0,2
17964,bullet4,14.9068,11.4365,0.8,0,1
17964,bullet5,10.852,12.0492,0.8,0,1
17965,bullet1,6.65949,12.6941,-0.8,-6.99382e-08,1
17966,player,7.06229,12.7082,0.00279782,0.0140997,1
17966,bullet2,7.46229,12.7082,0.8,0,1
17967,flyer6,6.27754,5.83145,-0.29207,0.0685196,2
17968,flayer7,5.99999,3.7712,-0.3,0,2
17968,bullet6,11.4395,12.5932,0.8,0,1
17969,flyer5,4.49999,3.7712,-0.3,0,2
17969,bullet5,14.852,12.0492,0.8,0,1
17970,bullet1,2.65949,12.6941,-0.8,-6.99382e-08,1
17971,player,6.13856,12.5677,-0.368203,0.185885,1
17971,bullet2,11.4623,12.7082,0.8,0,1
17972,flyer6,4.81718,6.17404,-0.29207,0.0685196,2
17973,flayer7,4.49999,3.7712,-0.3,0,2
17973,bullet6,15.4395,12.5932,0.8,0,1
17974,flyer5,2.99999,3.7712,-0.3,0,2
17976,player,4.35917,12.1285,-0.443393,-0.0273246,1
17976,bullet2,15.4623,12.7082,0.8,0,1
17977,flyer6,3.35683,6.51664,-0.29207,0.0685196,2
17978,flayer7,2.99999,3.7712,-0.3,0,2
17978,flayer8,16.5,3.7712,-0.3,0,2
17979,flyer5,1.49999,3.7712,-0.3,0,2
17979,bullet3,4.98717,12.6659,0.8,0,1
17981,player,4.9429,13.0463,0.343158,0.350835,1
17982,flyer6,1.89648,6.85924,-0.29207,0.0685196,2
17983,flayer7,1.49999,3.7712,-0.3,0,2
17983,flayer8,15,3.7712,-0.3,0,2
17984,flyer5,-6.4373e-06,3.7712,-0.3,0,2
17984,bullet3,8.98717,12.6659,0.8,0,1
17984,bullet4,5.10871,12.8179,0.8,0,1
17986,player,4.96751,12.7396,0.313078,-0.0242808,1
17987,flyer6,0.436129,7.20184,-0.29207,0.0685196,2
17987,bullet5,5.5084,12.7287,0.8,0,1
17988,flayer7,-6.4373e-06,3.7712,-0.3,0,2
17988,flayer8,13.5,3.7712,-0.3,0,2
17989,bullet3,12.9872,12.6659,0.8,0,1
17989,bullet4,9.10871,12.8179,0.8,0,1
17989,bullet1,5.60033,12.7216,0.8,0,1
17991,player,5.21894,12.7201,0.00577716,-0.000448049,1
17992,bullet5,9.5084,12.7287,0.8,0,1
17993,flayer8,12,3.7712,-0.3,0,2
17994,bullet4,13.1087,12.8179,0.8,0,1
17994,bullet1,9.60033,12.7216,0.8,0,1
17994,bullet6,6.18096,12.7198,0.8,0,1
17996,player,5.33652,12.2304,-0.137929,-0.151883,1
17997,bullet5,13.5084,12.7287,0.8,0,1
17998,flayer8,10.5,3.7712,-0.3,0,2
17999,bullet1,13.6003,12.7216,0.8,0,1
17999,bullet6,10.181,12.7198,0.8,0,1
17999,bullet2,5.63395,12.1174,0.8,0,1
18001,player,5.22575,12.1084,-0.00254517,-0.00280267,1
18002,bullet3,5.62461,12.1071,0.8,0,1
18003,flayer8,9,3.7712,-0.3,0,2
18003,bullet4,5.62409,12.1066,0.8,0,1
18004,bullet6,14.181,12.7198,0.8,0,1
18004,bullet2,9.63395,12.1174,0.8,0,1
18006,player,4.88621,11.7687,-0.337547,-0.337552,1
18007,bullet3,9.62461,12.1071,0.8,0,1
18008,flayer8,7.5,3.7712,-0.3,0,2
18008,bullet4,9.62409,12.1066,0.8,0,1
18008,bullet5,4.26596,11.5484,-0.8,-6.99382e-08,1
18009,bullet2,13.634,12.1174,0.8,0,1
18011,player,4.61513,11.9869,-0.00622869,0.145646,1
18012,bullet3,13.6246,12.1071,0.8,0,1
18013,flayer8,5.99999,3.7712,-0.3,0,2
18013,bullet4,13.6241,12.1066,0.8,0,1
18013,bullet5,0.265958,11.5484,-0.8,-6.99382e-08,1
18014,flyer1,16.5,14.6871,-0.282764,-0.100222,2
18016,player,4.10691,13.1956,-0.135075,0.168402,1
18016,flyer2,16.5,14.6871,-0.254434,0.158944,2
18017,flyer3,16.5,14.6871,-0.297034,0.0420817,2
18018,flayer8,4.49999,3.7712,-0.3,0,2
18018,bullet1,4.41877,12.8161,0.8,0,1
18019,flyer1,15.0862,14.186,-0.282764,-0.100222,2
18021,player,4.48781,12.7285,0.149382,-0.0107321,1
18021,flyer2,15.2278,15.4818,-0.254434,0.158944,2
18021,bullet6,4.08781,12.7285,-0.8,-6.99382e-08,1
18022,flyer3,15.0148,14.8975,-0.297034,0.0420817,2
18023,flayer8,2.99999,3.7712,-0.3,0,2
18023,bullet1,8.41877,12.8161,0.8,0,1
18023,bullet2,4.98528,12.7215,0.8,0,1
18024,flyer1,13.6724,13.6849,-0.282764,-0.100222,2
18026,player,4.05006,12.1622,-0.0655872,-0.0685418,1
18026,flyer2,13.9557,16.2765,-0.254434,0.158944,2
18026,bullet6,0.0878083,12.7285,-0.8,-6.99382e-08,1
18026,bullet5,4.45006,12.1622,0.8,0,1
18027,flyer3,13.5297,15.1079,-0.297034,0.0420817,2
18028,flayer8,1.49999,3.7712,-0.3,0,2
18028,bullet1,12.4188,12.8161,0.8,0,1
18028,bullet2,8.98528,12.7215,0.8,0,1
18028,bullet3,4.40726,12.1175,0.8,0,1
18029,flyer1,12.2585,13.1838,-0.282764,-0.100222,1
18030,bullet4,4.3986,12.1084,0.8,0,1
18031,player,3.99739,12.1071,-0.00121027,-0.00126479,1
18031,bullet5,8.45006,12.1622,0.8,0,1
18032,flyer3,12.0445,15.3183,-0.297034,0.0420817,2
18033,flayer8,-6.4373e-06,3.7712,-0.3,0,2
18033,bullet3,8.40726,12.1175,0.8,0,1
18035,bullet4,8.3986,12.1084,0.8,0,1
18036,player,2.85022,12.0754,-0.0991208,0.0375657,1
18036,bullet5,12.4501,12.1622,0.8,0,1
18037,flyer3,10.5593,15.5287,-0.297034,0.0420817,2
18037,bullet6,3.20562,12.0923,0.8,0,1
18038,bullet3,12.4073,12.1175,0.8,0,1
18040,bullet4,12.3986,12.1084,0.8,0,1
18041,player,1.72353,13.1526,-0.222048,0.220912,1
18042,flyer3,9.07414,15.7392,-0.297034,0.0420817,2
18042,bullet6,7.20562,12.0923,0.8,0,1
18043,flyer4,16.5,14.6871,-0.283249,-0.0988437,2
18043,bullet1,1.97864,13.2968,0.8,0,1
18044,bullet2,1.9584,13.3169,0.8,0,1
18045,bullet4,16.3986,12.1084,0.8,0,1
18046,player,1.2077,13.3301,-0.341597,0.00407645,1
18047,flyer3,7.58897,15.9496,-0.297034,0.0420817,2
18047,bullet6,11.2056,12.0923,0.8,0,1
18047,bullet5,0.653983,13.3319,-0.8,-6.99382e-08,1
18048,flyer4,15.0838,14.1929,-0.283249,-0.0988437,2
18048,bullet1,5.97864,13.2968,0.8,0,1
18049,bullet2,5.95841,13.3169,0.8,0,1
18051,player,0.865026,13.8227,0.0772278,0.15195,1
18052,flyer3,6.10381,16.16,-0.297034,0.0420817,2
18052,bullet6,15.2056,12.0923,0.8,0,1
18053,flyer4,13.6675,13.6987,-0.283249,-0.0988437,2
18053,bullet1,9.97864,13.2968,0.8,0,1
18054,bullet2,9.95841,13.3169,0.8,0,1
18055,bullet3,0.8,15.0881,0.8,0,1
18056,player,0.396334,15.1355,-0.0109986,0.0473982,1
18057,flyer3,4.61864,16.3704,-0.297034,0.0420817,2
18057,bullet4,0,15.1568,-0.8,-6.99382e-08,1
18058,bullet5,0.79833,15.1664,0.8,0,1
18060,bullet3,4.8,15.0881,0.8,0,1
18060,bullet6,0.79724,15.1727,0.8,0,1
18061,player,0.397087,15.1736,-0.000152216,0.00087463,1
18061,bullet1,0.797087,15.1736,0.8,0,1
18063,bullet5,4.79833,15.1664,0.8,0,1
18065,bullet3,8.8,15.0881,0.8,0,1
18065,bullet6,4.79724,15.1727,0.8,0,1
18066,player,0.396965,14.8368,-2.80882e-06,-0.337484,1
18066,bullet1,4.79709,15.1736,0.8,0,1
18068,bullet5,8.79833,15.1664,0.8,0,1
18070,bullet3,12.8,15.0881,0.8,0,1
18070,bullet6,8.79724,15.1727,0.8,0,1
18071,player,0.396963,14.5657,-5.18307e-08,-0.00622753,1
18071,bullet1,8.79709,15.1736,0.8,0,1
18073,bullet5,12.7983,15.1664,0.8,0,1
18075,flyer5,16.5,2.06974,-0.289108,-0.0801034,2
18075,bullet6,12.7972,15.1727,0.8,0,1
18076,player,0.999276,14.5607,0.0138396,-0.000114915,1
18076,bullet1,12.7971,15.1736,0.8,0,1
18076,bullet2,0.599276,14.5607,-0.8,-6.99382e-08,1
18078,flayer7,16.5,2.06974,-0.254828,-0.158312,2
18080,flyer5,15.0545,1.66922,-0.289108,-0.0801034,2
18080,flyer6,16.5,2.06974,-0.288593,-0.0819412,2
18081,player,0.408077,14.0029,-0.0135842,-0.0683459,1
18081,flyer2,16.5,6.62427,-0.299436,0.0183803,2
18081,bullet4,0.808077,14.0029,0.8,0,1
18083,flayer7,15.2259,1.27818,-0.254828,-0.158312,2
18085,flyer5,13.6089,1.2687,-0.289108,-0.0801034,2
18085,flyer6,15.057,1.66003,-0.288593,-0.0819412,2
18085,bullet3,0.8,13.3608,0.8,0,1
18086,player,0.4,13.3457,0,-0.0151008,1
18086,flyer2,15.0028,6.71617,-0.299436,0.0183803,2
18086,bullet4,4.80808,14.0029,0.8,0,1
18088,flayer7,13.9517,0.48662,-0.254828,-0.158312,2
18088,bullet5,0.8,12.8465,0.8,0,1
18090,flyer5,12.1634,0.868186,-0.289108,-0.0801034,2
18090,flyer6,13.6141,1.25033,-0.288593,-0.0819412,2
18090,bullet3,4.8,13.3608,0.8,0,1
18090,bullet2,0.8,12.7454,0.8,0,1
18091,player,0.4,12.7313,0,-0.0141183,1
18091,flyer2,13.5056,6.80807,-0.299436,0.0183803,2
18091,bullet4,8.80808,14.0029,0.8,0,1
18093,flayer7,12.6776,-0.304939,-0.254828,-0.158312,2
18093,bullet5,4.8,12.8465,0.8,0,1
18095,flyer5,10.7178,0.467669,-0.289108,-0.0801034,2
18095,flyer6,12.1711,0.84062,-0.288593,-0.0819412,2
18095,bullet3,8.8,13.3608,0.8,0,1
18095,bullet2,4.8,12.7454,0.8,0,1
18096,player,0.4,12.1622,0,-0.0686043,1
18096,flyer2,12.0085,6.89997,-0.299436,0.0183803,2
18096,bullet4,12.8081,14.0029,0.8,0,1
18098,bullet5,8.8,12.8465,0.8,0,1
18100,flyer5,9.27229,0.067152,-0.289108,-0.0801034,2
18100,flyer6,10.7282,0.430914,-0.288593,-0.0819412,2
18100,bullet3,12.8,13.3608,0.8,0,1
18100,bullet2,8.8,12.7454,0.8,0,1
18101,player,0.4,12.4446,-0,0.336234,1
18101,flyer2,10.5113,6.99187,-0.299436,0.0183803,2
18103,bullet5,12.8,12.8465,0.8,0,1
18103,bullet6,0.8,12.664,0.8,0,1
18105,flyer5,7.82675,-0.333365,-0.289108,-0.0801034,2
18105,flyer6,9.28519,0.0212081,-0.288593,-0.0819412,2
18105,bullet2,12.8,12.7454,0.8,0,1
18106,player,0.7375,13.6099,0.3375,0.412048,1
18106,flyer2,9.01409,7.08378,-0.299436,0.0183803,2
18108,bullet6,4.8,12.664,0.8,0,1
18110,flyer6,7.84223,-0.388498,-0.288593,-0.0819412,2
18110,flyer1,16.5,6.62427,-0.294297,0.0582174,2
18111,player,2.15473,12.7946,0.105326,-0.091495,1
18111,flyer2,7.5169,7.17568,-0.299436,0.0183803,2
18111,bullet1,2.55473,12.7946,0.8,0,1
18112,bullet4,2.60213,12.7534,0.8,0,1
18113,bullet6,8.8,12.664,0.8,0,1
18115,flyer1,15.0285,6.91536,-0.294297,0.0582174,2
18116,player,2.0191,11.8259,0.2711,-0.407532,1
18116,flyer2,6.01972,7.26758,-0.299436,0.0183803,2
18116,bullet1,6.55473,12.7946,0.8,0,1
18117,bullet4,6.60213,12.7534,0.8,0,1
18118,bullet6,12.8,12.664,0.8,0,1
18119,bullet3,3.17842,10.9651,0.8,0,1
18120,flyer1,13.557,7.20645,-0.294297,0.0582174,2
18121,player,3.32851,10.4069,0.170717,-0.173235,1
18121,flyer2,4.52254,7.35948,-0.299436,0.0183803,2
18121,bullet1,10.5547,12.7946,0.8,0,1
18122,bullet4,10.6021,12.7534,0.8,0,1
18123,bullet5,3.8399,10.2939,0.8,0,1
18124,bullet3,7.17842,10.9651,0.8,0,1
18125,flyer1,12.0855,7.49753,-0.294297,0.0582174,2
18126,player,3.46561,10.2678,0.00315021,-0.00319667,1
18126,flyer2,3.02536,7.45138,-0.299436,0.0183803,2
18126,bullet1,14.5547,12.7946,0.8,0,1
18127,bullet4,14.6021,12.7534,0.8,0,1
18128,bullet5,7.8399,10.2939,0.8,0,1
18129,bullet3,11.1784,10.9651,0.8,0,1
18130,flyer1,10.6141,7.78862,-0.294297,0.0582174,2
18130,bullet2,3.86808,9.77593,0.8,0,1
18131,player,3.46813,9.70753,5.81303e-05,-0.0684027,1
18131,flyer2,1.52817,7.54328,-0.299436,0.0183803,2
18133,bullet5,11.8399,10.2939,0.8,0,1
18134,bullet3,15.1784,10.9651,0.8,0,1
18135,flyer1,9.14257,8.07971,-0.294297,0.0582174,2
18135,bullet2,7.86808,9.77593,0.8,0,1
18135,bullet6,3.83742,10.2423,0.8,0,1
18136,player,3.45434,10.2549,0.0169162,0.0125774,1
18136,flyer2,0.0309913,7.63518,-0.299436,0.0183803,2
18136,bullet1,3.85434,10.2549,0.8,0,1
18138,bullet5,15.8399,10.2939,0.8,0,1
18140,flyer1,7.67108,8.37079,-0.294297,0.0582174,2
18140,bullet2,11.8681,9.77593,0.8,0,1
18140,bullet6,7.83743,10.2423,0.8,0,1
18141,player,3.46793,10.8535,0.000312151,0.0309868,1
18141,bullet1,7.85434,10.2549,0.8,0,1
18142,bullet4,3.86807,10.8674,0.8,0,1
18145,flyer1,6.1996,8.66188,-0.294297,0.0582174,2
18145,bullet2,15.8681,9.77593,0.8,0,1
18145,bullet6,11.8374,10.2423,0.8,0,1
18146,player,2.9788,11.3677,-0.151869,0.152447,1
18146,bullet1,11.8543,10.2549,0.8,0,1
18146,bullet3,3.3788,11.3677,0.8,0,1
18147,bullet4,7.86807,10.8674,0.8,0,1
18150,flyer1,4.72811,8.95296,-0.294297,0.0582174,2
18150,bullet6,15.8374,10.2423,0.8,0,1
18151,player,2.85684,11.1527,-0.00280241,-0.334687,1
18151,bullet1,15.8543,10.2549,0.8,0,1
18151,bullet3,7.3788,11.3677,0.8,0,1
18152,flayer8,16.5,6.62427,-0.223356,-0.20028,2
18152,bullet4,11.8681,10.8674,0.8,0,1
18155,flyer1,3.25663,9.24405,-0.294297,0.0582174,2
18155,bullet5,2.66616,11.4785,0.8,0,1
18156,player,1.91477,11.4862,-0.351391,0.00766369,1
18156,bullet3,11.3788,11.3677,0.8,0,1
18157,flayer8,15.3832,5.62287,-0.223356,-0.20028,2
18157,bullet4,15.8681,10.8674,0.8,0,1
18159,bullet2,2.54285,11.9813,0.8,0,1
18160,flyer1,1.78514,9.53513,-0.294297,0.0582174,2
18160,bullet5,6.66617,11.4785,0.8,0,1
18161,player,2.22105,12.0808,0.0242705,0.0308961,1
18161,bullet3,15.3788,11.3677,0.8,0,1
18161,bullet6,2.62105,12.0808,0.8,0,1
18162,flayer8,14.2664,4.62147,-0.223356,-0.20028,2
18164,bullet2,6.54285,11.9813,0.8,0,1
18165,flyer1,0.313657,9.82622,-0.294297,0.0582174,2
18165,bullet5,10.6662,11.4785,0.8,0,1
18166,player,1.19345,10.4562,-0.219771,-0.233488,1
18166,bullet6,6.62105,12.0808,0.8,0,1
18167,flayer8,13.1497,3.62008,-0.223356,-0.20028,2
18168,bullet1,1.45005,10.3039,0.8,0,1
18169,bullet2,10.5428,11.9813,0.8,0,1
18170,bullet5,14.6662,11.4785,0.8,0,1
18171,player,1.01695,10.6062,-0.00405539,0.333191,1
18171,bullet6,10.6211,12.0808,0.8,0,1
18172,flayer8,12.0329,2.61868,-0.223356,-0.20028,2
18173,bullet1,5.45005,10.3039,0.8,0,1
18174,bullet2,14.5428,11.9813,0.8,0,1
18175,bullet4,0.924397,10.3783,0.8,0,1
18176,player,0.455978,10.3161,-0.0684186,-0.0621954,1
18176,bullet6,14.6211,12.0808,0.8,0,1
18177,flayer8,10.9161,1.61728,-0.223356,-0.20028,2
18177,bullet3,0.82519,10.2881,0.8,0,1
18178,bullet1,9.45005,10.3039,0.8,0,1
18180,bullet4,4.9244,10.3783,0.8,0,1
18181,player,0.401032,10.2661,-0.00126252,-0.00114768,1
18181,bullet5,0.801032,10.2661,0.8,0,1
18182,flayer8,9.79931,0.61588,-0.223356,-0.20028,2
18182,bullet3,4.82519,10.2881,0.8,0,1
18183,bullet1,13.45,10.3039,0.8,0,1
18185,bullet4,8.9244,10.3783,0.8,0,1
18186,player,0.889375,10.7546,0.151875,0.151854,1
18186,bullet5,4.80103,10.2661,0.8,0,1
18187,flayer8,8.68253,-0.385519,-0.223356,-0.20028,2
18187,bullet3,8.82519,10.2881,0.8,0,1
18188,flyer4,16.5,3.83239,-0.251963,-0.162834,2
18190,bullet4,12.9244,10.3783,0.8,0,1
18191,player,0.76037,11.4788,0.309548,0.0166417,1
18191,bullet5,8.80103,10.2661,0.8,0,1
18192,bullet3,12.8252,10.2881,0.8,0,1
18193,flyer4,15.2402,3.01822,-0.251963,-0.162834,2
18193,bullet2,1.36235,11.4897,0.8,0,1
18196,player,0.451244,10.9345,-0.0626317,-0.0680367,1
18196,bullet5,12.801,10.2661,0.8,0,1
18197,flyer3,16.5,3.83239,-0.273609,0.123036,2
18197,bullet6,0.82306,10.9039,0.8,0,1
18198,flyer4,13.9804,2.20405,-0.251963,-0.162834,2
18198,bullet2,5.36235,11.4897,0.8,0,1
18198,bullet1,0.810377,10.8901,0.8,0,1
18201,player,0.400946,10.8799,-0.00115573,-0.00125547,1
18201,bullet4,0.800946,10.8799,0.8,0,1
18202,flyer3,15.132,4.44757,-0.273609,0.123036,2
18202,bullet6,4.82306,10.9039,0.8,0,1
18203,flyer4,12.7206,1.38989,-0.251963,-0.162834,2
18203,bullet2,9.36235,11.4897,0.8,0,1
18203,bullet1,4.81038,10.8901,0.8,0,1
18206,player,0.988491,10.5413,0.0307334,-0.337523,1
18206,bullet4,4.80095,10.8799,0.8,0,1
18207,flyer3,13.7639,5.06276,-0.273609,0.123036,2
18207,bullet6,8.82306,10.9039,0.8,0,1
18208,flyer4,11.4607,0.575717,-0.251963,-0.162834,2
18208,bullet2,13.3624,11.4897,0.8,0,1
18208,bullet1,8.81038,10.8901,0.8,0,1
18211,player,1.01317,10.2703,0.000567117,-0.00622825,1
18211,bullet4,8.80095,10.8799,0.8,0,1
18212,flyer3,12.3959,5.67794,-0.273609,0.123036,2
18212,bullet6,12.8231,10.9039,0.8,0,1
18213,flyer4,10.2009,-0.238452,-0.251963,-0.162834,2
18213,bullet1,12.8104,10.8901,0.8,0,1
18214,bullet3,1.90297,9.77628,0.8,0,1
18216,player,1.9396,10.0143,0.368265,0.30663,1
18216,bullet4,12.8009,10.8799,0.8,0,1
18217,flyer3,11.0278,6.29312,-0.273609,0.123036,2
18218,flayer7,16.5,3.83239,-0.3,0,2
18219,bullet3,5.90297,9.77628,0.8,0,1
18219,bullet5,2.05573,10.2423,0.8,0,1
18220,bullet2,2.04008,10.2549,0.8,0,1
18221,player,1.63304,10.2606,-0.00704408,0.00565819,1
18222,flyer3,9.65977,6.9083,-0.273609,0.123036,2
18223,flayer7,15,3.83239,-0.3,0,2
18224,bullet3,9.90297,9.77628,0.8,0,1
18224,bullet5,6.05573,10.2423,0.8,0,1
18225,bullet2,6.04008,10.2549,0.8,0,1
18225,bullet6,2.61598,9.11881,0.8,0,1
18226,player,2.22969,9.07432,0.0137096,-0.0444899,1
18227,flyer3,8.29173,7.52348,-0.273609,0.123036,2
18228,flayer7,13.5,3.83239,-0.3,0,2
18229,bullet3,13.903,9.77628,0.8,0,1
18229,bullet5,10.0557,10.2423,0.8,0,1
18230,bullet2,10.0401,10.2549,0.8,0,1
18230,bullet6,6.61598,9.11881,0.8,0,1
18231,player,1.63839,9.03859,-0.0135866,-0.000820964,1
18232,flyer3,6.92368,8.13867,-0.273609,0.123036,2
18233,flayer7,12,3.83239,-0.3,0,2
18234,bullet5,14.0557,10.2423,0.8,0,1
18235,bullet2,14.0401,10.2549,0.8,0,1
18235,bullet6,10.616,9.11881,0.8,0,1
18235,bullet1,2.6162,10.1841,0.8,0,1
18236,player,1.89229,10.5662,-0.323911,0.382079,1
18237,flyer3,5.55563,8.75385,-0.273609,0.123036,2
18238,flayer7,10.5,3.83239,-0.3,0,2
18239,bullet4,2.5408,11.3397,0.8,0,1
18240,bullet6,14.616,9.11881,0.8,0,1
18240,bullet1,6.6162,10.1841,0.8,0,1
18241,player,1.88314,11.799,-0.312722,0.375305,1
18242,flyer3,4.18759,9.36903,-0.273609,0.123036,2
18242,bullet3,2.14241,11.9679,0.8,0,1
18243,flayer7,9,3.83239,-0.3,0,2
18244,bullet4,6.5408,11.3397,0.8,0,1
18245,bullet1,10.6162,10.1841,0.8,0,1
18246,player,1.63199,12.1004,-0.00577061,0.00692544,1
18246,bullet5,2.03199,12.1004,0.8,0,1
18247,flyer3,2.81954,9.98421,-0.273609,0.123036,2
18247,bullet3,6.14241,11.9679,0.8,0,1
18248,flayer7,7.5,3.83239,-0.3,0,2
18249,bullet4,10.5408,11.3397,0.8,0,1
18250,bullet1,14.6162,10.1841,0.8,0,1
18251,player,1.28986,12.106,-0.337606,0.000127794,1
18251,bullet5,6.03199,12.1004,0.8,0,1
18252,flyer3,1.45149,10.5994,-0.273609,0.123036,2
18252,bullet3,10.1424,11.9679,0.8,0,1
18253,flayer7,5.99999,3.83239,-0.3,0,2
18254,bullet4,14.5408,11.3397,0.8,0,1
18255,bullet2,1.42496,12.6638,0.8,0,1
18256,player,1.01873,12.6946,-0.00622979,0.030757,1
18256,bullet5,10.032,12.1004,0.8,0,1
18257,flyer3,0.0834476,11.2146,-0.273609,0.123036,2
18257,bullet3,14.1424,11.9679,0.8,0,1
18258,flayer7,4.49999,3.83239,-0.3,0,2
18260,bullet2,5.42496,12.6638,0.8,0,1
18261,player,1.23395,13.3077,-0.269271,0.0313222,1
18261,flyer5,16.5,3.83239,-0.3,0,2
18261,bullet5,14.032,12.1004,0.8,0,1
18263,flayer7,2.99999,3.83239,-0.3,0,2
18264,flyer6,16.5,2.4759,-0.3,0,2
18265,bullet2,9.42496,12.6638,0.8,0,1
18266,player,1.60617,13.4848,0.0257859,-0.185047,1
18266,flyer5,15,3.83239,-0.3,0,2
18268,flayer7,1.49999,3.83239,-0.3,0,2
18268,bullet6,2.023,13.364,0.8,0,1
18269,flyer6,15,2.4759,-0.3,0,2
18270,bullet2,13.425,12.6638,0.8,0,1
18271,player,1.06916,14.2314,-0.0678679,0.402429,1
18271,flyer5,13.5,3.83239,-0.3,0,2
18273,flayer7,-6.4373e-06,3.83239,-0.3,0,2
18273,bullet6,6.023,13.364,0.8,0,1
18274,flyer6,13.5,2.4759,-0.3,0,2
18275,flyer2,16.5,2.4759,-0.3,0,2
18276,player,0.426188,13.0709,-0.032007,-0.429172,1
18276,flyer5,12,3.83239,-0.3,0,2
18278,bullet6,10.023,13.364,0.8,0,1
18278,bullet1,0.805303,12.7908,0.8,0,1
18279,flyer6,12,2.4759,-0.3,0,2
18279,bullet4,0.802387,12.7517,0.8,0,1
18280,flyer2,15,2.4759,-0.3,0,2
18281,player,0.400484,12.7262,-0.00059062,-0.00791944,1
18281,flyer5,10.5,3.83239,-0.3,0,2
18281,bullet3,0.800484,12.7262,0.8,0,1
18283,bullet6,14.023,13.364,0.8,0,1
18283,bullet1,4.8053,12.7908,0.8,0,1
18284,flyer6,10.5,2.4759,-0.3,0,2
18284,bullet4,4.80239,12.7517,0.8,0,1
18285,flyer2,13.5,2.4759,-0.3,0,2
18286,player,0.40001,12.7199,-1.08986e-05,-0.000146136,1
18286,flyer5,9,3.83239,-0.3,0,2
18286,bullet3,4.80048,12.7262,0.8,0,1
18287,bullet5,0.800005,12.7198,0.8,0,1
18288,bullet1,8.8053,12.7908,0.8,0,1
18289,flyer6,9,2.4759,-0.3,0,2
18289,bullet4,8.80239,12.7517,0.8,0,1
18290,flyer2,12,2.4759,-0.3,0,2
18291,player,0.400001,12.7197,-2.0111e-07,-2.69662e-06,1
18291,flyer5,7.5,3.83239,-0.3,0,2
18291,bullet3,8.80048,12.7262,0.8,0,1
18292,bullet5,4.8,12.7198,0.8,0,1
18293,bullet1,12.8053,12.7908,0.8,0,1
18294,flyer6,7.5,2.4759,-0.3,0,2
18294,bullet4,12.8024,12.7517,0.8,0,1
18295,flyer2,10.5,2.4759,-0.3,0,2
18296,player,0.4,13.2091,0,0.151875,1
18296,flyer5,5.99999,3.83239,-0.3,0,2
18296,bullet3,12.8005,12.7262,0.8,0,1
18297,bullet5,8.80001,12.7198,0.8,0,1
18298,bullet2,0.8,13.3082,0.8,0,1
18299,flyer6,5.99999,2.4759,-0.3,0,2
18300,flyer2,9,2.4759,-0.3,0,2
18300,bullet6,0.8,13.3283,0.8,0,1
18301,player,0.4,12.9936,0,-0.334697,1
18301,flyer5,4.49999,3.83239,-0.3,0,2
18302,bullet5,12.8,12.7198,0.8,0,1
18303,bullet2,4.8,13.3082,0.8,0,1
18304,flyer6,4.49999,2.4759,-0.3,0,2
18305,flyer2,7.5,2.4759,-0.3,0,2
18305,bullet6,4.8,13.3283,0.8,0,1
18305,bullet1,0.8,12.731,0.8,0,1
18306,player,0.4,12.7248,0,-0.00617611,1
18306,flyer5,2.99999,3.83239,-0.3,0,2
18307,bullet4,0.8,12.722,0.8,0,1
18308,bullet2,8.8,13.3082,0.8,0,1
18309,flyer6,2.99999,2.4759,-0.3,0,2
18310,flyer2,5.99999,2.4759,-0.3,0,2
18310,bullet6,8.8,13.3283,0.8,0,1
18310,bullet1,4.8,12.731,0.8,0,1
18311,player,0.4,12.1314,0,-0.0308687,1
18311,flyer5,1.49999,3.83239,-0.3,0,2
18312,bullet4,4.8,12.722,0.8,0,1
18313,bullet2,12.8,13.3082,0.8,0,1
18314,flyer6,1.49999,2.4759,-0.3,0,2
18315,flyer2,4.49999,2.4759,-0.3,0,2
18315,bullet6,12.8,13.3283,0.8,0,1
18315,bullet1,8.8,12.731,0.8,0,1
18316,player,0.4,11.7691,-0,-0.33807,1
18316,flyer5,-6.4373e-06,3.83239,-0.3,0,2
18317,bullet4,8.8,12.722,0.8,0,1
18318,bullet3,0.8,11.5485,0.8,0,1
18319,flyer6,-6.4373e-06,2.4759,-0.3,0,2
18320,flyer2,2.99999,2.4759,-0.3,0,2
18320,bullet1,12.8,12.731,0.8,0,1
18321,player,0.4,12.3244,-0,0.483137,1
18322,bullet4,12.8,12.722,0.8,0,1
18323,bullet3,4.8,11.5485,0.8,0,1
18323,bullet5,0.8,12.6397,0.8,0,1
18325,flyer2,1.49999,2.4759,-0.3,0,2
18326,player,0.4,12.7124,0,0.00891523,1
18326,bullet2,0,12.7124,-0.8,-6.99382e-08,1
18327,flyer1,16.5,2.4759,-0.291149,0.0723348,2
18327,bullet6,0.8,12.7165,0.8,0,1
18328,bullet3,8.8,11.5485,0.8,0,1
18328,bullet5,4.8,12.6397,0.8,0,1
18330,flyer2,-6.4373e-06,2.4759,-0.3,0,2
18330,bullet1,0.8,12.2301,0.8,0,1
18331,player,0.4,12.1619,0,-0.0681792,1
18332,flyer1,15.0443,2.83758,-0.291149,0.0723348,2
18332,bullet6,4.8,12.7165,0.8,0,1
18333,bullet3,12.8,11.5485,0.8,0,1
18333,bullet5,8.8,12.6397,0.8,0,1
18335,bullet1,4.8,12.2301,0.8,0,1
18336,player,0.4,12.5965,0,0.150617,1
18337,flyer1,13.5885,3.19925,-0.291149,0.0723348,2
18337,bullet6,8.8,12.7165,0.8,0,1
18338,bullet5,12.8,12.6397,0.8,0,1
18340,bullet1,8.8,12.2301,0.8,0,1
18341,player,0.4,13.1622,-0,0.209158,1
18342,flyer1,12.1328,3.56093,-0.291149,0.0723348,2
18342,bullet6,12.8,12.7165,0.8,0,1
18342,bullet4,0.8,13.2564,0.8,0,1
18345,bullet1,12.8,12.2301,0.8,0,1
18345,bullet2,0.8,12.7686,0.8,0,1
18346,player,0.4,12.7417,0,-0.0268951,1
18347,flyer1,10.677,3.9226,-0.291149,0.0723348,2
18347,bullet4,4.8,13.2564,0.8,0,1
18350,flayer8,16.5,13.9519,-0.3,0,2
18350,bullet2,4.8,12.7686,0.8,0,1
18351,player,0.430755,12.1317,-0.0375891,-0.031251,1
18351,bullet3,0.830755,12.1317,0.8,0,1
18352,flyer1,9.22127,4.28427,-0.291149,0.0723348,2
18352,bullet4,8.8,13.2564,0.8,0,1
18353,bullet5,0.806228,12.1113,0.8,0,1
18355,flayer8,15,13.9519,-0.3,0,2
18355,bullet2,8.8,12.7686,0.8,0,1
18356,player,0.4,12.1066,-0,-0.000576668,1
18356,bullet3,4.83075,12.1317,0.8,0,1
18357,flyer1,7.76553,4.64595,-0.291149,0.0723348,2
18357,bullet4,12.8,13.2564,0.8,0,1
18358,bullet5,4.80623,12.1113,0.8,0,1
18358,bullet6,0.8,12.1062,0.8,0,1
18360,flayer8,13.5,13.9519,-0.3,0,1
18360,bullet2,12.8,12.7686,0.8,0,1
18361,player,0.4,12.1061,-0,-1.06412e-05,1
18361,bullet3,8.83076,12.1317,0.8,0,1
18362,flyer1,6.30978,5.00762,-0.291149,0.0723348,2
18363,bullet5,8.80623,12.1113,0.8,0,1
18363,bullet6,4.8,12.1062,0.8,0,1
18365,flayer8,12,13.9519,-0.3,0,1
18366,player,0.988474,11.1801,0.0307547,-0.368255,1
18366,bullet3,12.8308,12.1317,0.8,0,1
18367,flyer1,4.85403,5.3693,-0.291149,0.0723348,2
18367,bullet1,1.40231,11.0144,0.8,0,1
18368,bullet5,12.8062,12.1113,0.8,0,1
18368,bullet6,8.8,12.1062,0.8,0,1
18370,flayer8,10.5,13.9519,-0.3,0,1
18371,player,1.01317,10.8844,0.00056751,-0.00679534,1
18372,flyer1,3.39829,5.73097,-0.291149,0.0723348,2
18372,bullet1,5.40231,11.0144,0.8,0,1
18373,bullet6,12.8,12.1062,0.8,0,1
18375,flayer8,9,13.9519,-0.3,0,1
18376,player,1.57135,10.2766,0.0683542,-0.013965,1
18376,bullet4,1.97135,10.2766,0.8,0,1
18377,flyer1,1.94254,6.09264,-0.291149,0.0723348,2
18377,bullet1,9.40231,11.0144,0.8,0,1
18379,bullet2,2.02218,10.8239,0.8,0,1
18380,flayer8,7.5,13.9519,-0.3,0,1
18381,player,1.13687,11.3571,-0.150614,0.165457,1
18381,bullet4,5.97135,10.2766,0.8,0,1
18382,flyer1,0.4868,6.45432,-0.291149,0.0723348,2
18382,bullet1,13.4023,11.0144,0.8,0,1
18384,bullet2,6.02218,10.8239,0.8,0,1
18385,flayer8,5.99999,13.9519,-0.3,0,1
18386,player,0.4,10.8876,0,-0.0107865,1
18386,bullet4,9.97135,10.2766,0.8,0,1
18386,bullet3,0.8,10.8876,0.8,0,1
18389,bullet2,10.0222,10.8239,0.8,0,1
18389,bullet5,0.8,10.3219,0.8,0,1
18390,flayer8,4.49999,13.9519,-0.3,0,1
18391,player,0.4,10.766,0,0.137836,1
18391,bullet4,13.9713,10.2766,0.8,0,1
18391,bullet3,4.8,10.8876,0.8,0,1
18394,bullet2,14.0222,10.8239,0.8,0,1
18394,bullet5,4.8,10.3219,0.8,0,1
18395,flayer8,2.99999,13.9519,-0.3,0,1
18396,player,0.4,11.7036,-0,0.491918,1
18396,bullet3,8.8,10.8876,0.8,0,1
18397,flyer4,16.5,13.9519,-0.273531,-0.123211,2
18398,bullet6,0.8,12.0246,0.8,0,1
18399,bullet5,8.8,10.3219,0.8,0,1
18400,flayer8,1.49999,13.9519,-0.3,0,1
18401,player,0.4,11.6093,0,-0.142798,1
18401,bullet3,12.8,10.8876,0.8,0,1
18402,flyer4,15.1323,13.3359,-0.273531,-0.123211,2
18402,bullet1,0.8,11.545,0.8,0,1
18403,bullet6,4.8,12.0246,0.8,0,1
18404,bullet5,12.8,10.3219,0.8,0,1
18405,flayer8,-6.4373e-06,13.9519,-0.3,0,1
18406,player,0.7375,11.2436,0.3375,0.30411,1
18407,flyer4,13.7647,12.7198,-0.273531,-0.123211,2
18407,bullet1,4.8,11.545,0.8,0,1
18408,bullet6,8.8,12.0246,0.8,0,1
18408,bullet4,1.35772,11.4421,0.8,0,1
18409,bullet2,1.38847,11.4698,0.8,0,1
18411,player,1.00854,11.4879,0.00622782,0.00561169,1
18412,flyer4,12.397,12.1038,-0.273531,-0.123211,1
18412,bullet1,8.8,11.545,0.8,0,1
18413,bullet4,5.35772,11.4421,0.8,0,1
18414,bullet2,5.38847,11.4698,0.8,0,1
18416,player,1.01354,12.0947,0.000114921,0.0139432,1
18416,bullet3,1.41354,12.0947,0.8,0,1
18417,bullet5,1.41359,12.101,0.8,0,1
18418,bullet4,9.35772,11.4421,0.8,0,1
18419,bullet2,9.38847,11.4698,0.8,0,1
18421,player,0.455916,11.5482,-0.0683416,-0.0680865,1
18421,bullet3,5.41354,12.0947,0.8,0,1
18422,bullet5,5.41359,12.101,0.8,0,1
18423,bullet4,13.3577,11.4421,0.8,0,1
18424,bullet2,13.3885,11.4698,0.8,0,1
18426,player,0.4,11.3806,0,0.136779,1
18426,bullet3,9.41354,12.0947,0.8,0,1
18427,flyer3,16.5,3.5307,-0.26835,0.134121,2
18427,bullet5,9.4136,12.101,0.8,0,1
18428,flayer7,16.5,3.5307,-0.3,0,2
18431,player,0.4,11.3913,0,0.123644,1
18431,bullet3,13.4135,12.0947,0.8,0,1
18431,bullet6,0.8,11.3913,0.8,0,1
18432,flyer3,15.1583,4.20131,-0.26835,0.134121,2
18432,bullet5,13.4136,12.101,0.8,0,1
18433,flayer7,15,3.5307,-0.3,0,2
18434,bullet1,0.8,11.4832,0.8,0,1
18435,bullet4,0.8,11.4883,0.8,0,1
18436,player,0.4,11.4906,0,0.00228158,1
18436,bullet6,4.8,11.3913,0.8,0,1
18437,flyer3,13.8165,4.87191,-0.26835,0.134121,2
18438,flayer7,13.5,3.5307,-0.3,0,2
18439,bullet1,4.8,11.4832,0.8,0,1
18440,bullet4,4.8,11.4883,0.8,0,1
18441,player,1.59079,11.9818,0.0445943,0.151917,1
18441,bullet6,8.8,11.3913,0.8,0,1
18441,bullet2,1.99079,11.9818,0.8,0,1
18442,flyer3,12.4748,5.54251,-0.26835,0.134121,2
18443,flayer7,12,3.5307,-0.3,0,2
18444,bullet1,8.8,11.4832,0.8,0,1
18445,bullet4,8.8,11.4883,0.8,0,1
18446,player,1.5275,11.026,0.121943,-0.179826,1
18446,bullet6,12.8,11.3913,0.8,0,1
18446,bullet2,5.99079,11.9818,0.8,0,1
18447,flyer3,11.133,6.21312,-0.26835,0.134121,2
18448,flayer7,10.5,3.5307,-0.3,0,2
18449,bullet1,12.8,11.4832,0.8,0,1
18450,bullet4,12.8,11.4883,0.8,0,1
18451,player,1.13606,10.8815,-0.149625,-0.0033183,1
18451,bullet2,9.99079,11.9818,0.8,0,1
18451,bullet3,1.53606,10.8815,0.8,0,1
18452,flyer3,9.79126,6.88372,-0.26835,0.134121,2
18453,flayer7,9,3.5307,-0.3,0,2
18455,bullet5,1.41866,10.8789,0.8,0,1
18456,player,1.01589,10.8789,-0.002761,-6.1232e-05,1
18456,bullet2,13.9908,11.9818,0.8,0,1
18456,bullet3,5.53606,10.8815,0.8,0,1
18457,flyer3,8.44951,7.55433,-0.26835,0.134121,2
18458,flayer7,7.5,3.5307,-0.3,0,2
18458,bullet6,0.614092,11.3682,-0.8,-6.99382e-08,1
18460,bullet5,5.41866,10.8789,0.8,0,1
18460,bullet1,1.41373,11.4673,0.8,0,1
18461,player,1.01368,11.4811,-5.09482e-05,0.0138385,1
18461,bullet3,9.53606,10.8815,0.8,0,1
18461,bullet4,1.41368,11.4811,0.8,0,1
18462,flyer3,7.10776,8.22493,-0.26835,0.134121,2
18463,flayer7,5.99999,3.5307,-0.3,0,2
18465,bullet5,9.41866,10.8789,0.8,0,1
18465,bullet1,5.41373,11.4673,0.8,0,1
18466,player,1.01364,11.4923,-9.40137e-07,0.000255359,1
18466,bullet3,13.5361,10.8815,0.8,0,1
18466,bullet4,5.41368,11.4811,0.8,0,1
18467,flyer3,5.76601,8.89554,-0.26835,0.134121,2
18468,flayer7,4.49999,3.5307,-0.3,0,2
18470,bullet5,13.4187,10.8789,0.8,0,1
18470,bullet1,9.41373,11.4673,0.8,0,1
18470,bullet2,1.41364,11.4925,0.8,0,1
18471,player,1.01364,11.4925,-1.73482e-08,4.71209e-06,1
18471,bullet4,9.41368,11.4811,0.8,0,1
18472,flyer3,4.42426,9.56614,-0.26835,0.134121,2
18473,flayer7,2.99999,3.5307,-0.3,0,2
18474,bullet6,1.41364,10.9348,0.8,0,1
18475,bullet1,13.4137,11.4673,0.8,0,1
18475,bullet2,5.41364,11.4925,0.8,0,1
18476,player,1.35114,10.5527,0.3375,-0.35134,1
18476,bullet4,13.4137,11.4811,0.8,0,1
18477,flyer3,3.08252,10.2367,-0.26835,0.134121,1
18478,flayer7,1.49999,3.5307,-0.3,0,2
18480,bullet2,9.41364,11.4925,0.8,0,1
18480,bullet3,1.91685,10.7664,0.8,0,1
