176335,player,10.4572,12.852,0,0,1
176339,bullet1,10.2688,13.4097,0.8,0,1
176340,player,9.85491,13.4404,-0.0138396,0.0307547,1
176343,bullet2,9.6869,14.021,0.8,0,1
176344,bullet1,14.2688,13.4097,0.8,0,1
176345,player,9.24148,14.5568,-0.014095,0.166282,1
176348,bullet2,13.6869,14.021,0.8,0,1
176350,player,8.62785,15.606,-0.0140997,0.00595783,1
176352,bullet3,9.01865,15.6009,0.8,0,1
176354,bullet4,9.01679,15.6015,0.8,0,1
176355,player,8.61653,15.6016,-0.000260179,8.24541e-05,1
176356,bullet5,9.01641,15.6016,0.8,0,1
176357,flyer1,16.5,5.17689,-0.298712,0.0277675,2
176357,bullet3,13.0187,15.6009,0.8,0,1
176359,bullet4,13.0168,15.6015,0.8,0,1
176360,player,8.71542,15.6,-0.121125,0,1
176360,bullet6,9.11542,15.6,0.8,0,1
176361,bullet5,13.0164,15.6016,0.8,0,1
176362,flyer1,15.0064,5.31573,-0.298712,0.0277675,2
176362,bullet1,9.03639,15.6,0.8,0,1
176365,player,8.06043,15.6,-0.0705789,0,1
176365,bullet6,13.1154,15.6,0.8,0,1
176365,bullet2,8.46043,15.6,0.8,0,1
176366,bullet3,8.42867,15.6,0.8,0,1
176367,flyer1,13.5129,5.45457,-0.298712,0.0277675,2
176367,bullet1,13.0364,15.6,0.8,0,1
176370,player,8.00375,15.6,-0.00130238,0,1
176370,bullet2,12.4604,15.6,0.8,0,1
176371,bullet3,12.4287,15.6,0.8,0,1
176372,flyer1,12.0193,5.59341,-0.298712,0.0277675,2
176372,flyer2,16.5,5.17689,-0.254762,-0.158419,2
176372,bullet4,8.40289,15.6,0.8,0,1
176375,player,8.0027,15.6,-2.40325e-05,0,1
176375,bullet5,8.4027,15.6,0.8,0,1
176376,bullet6,8.40269,15.6,0.8,0,1
176377,flyer1,10.5258,5.73225,-0.298712,0.0277675,2
176377,flyer2,15.2262,4.3848,-0.254762,-0.158419,2
176377,bullet4,12.4029,15.6,0.8,0,1
176378,bullet1,8.40268,15.6,0.8,0,1
176380,player,8.49205,15.6,0.151875,0,1
176380,bullet5,12.4027,15.6,0.8,0,1
176381,bullet6,12.4027,15.6,0.8,0,1
176382,flyer1,9.03221,5.87108,-0.298712,0.0277675,2
176382,flyer2,13.9524,3.5927,-0.254762,-0.158419,2
176383,bullet1,12.4027,15.6,0.8,0,1
176383,bullet2,8.44727,15.0423,0.8,0,1
176385,player,8.3492,14.6602,0.326463,-0.35134,1
176386,bullet3,8.89611,14.5021,0.8,0,1
176387,flyer1,7.53865,6.00992,-0.298712,0.0277675,2
176387,flyer2,12.6786,2.80061,-0.254762,-0.158419,2
176388,bullet2,12.4473,15.0423,0.8,0,1
176388,bullet4,8.99197,14.3989,0.8,0,1
176389,bullet5,9.00536,14.3845,0.8,0,1
176390,player,8.61138,14.378,0.00602416,-0.0064832,1
176391,bullet3,12.8961,14.5021,0.8,0,1
176392,flyer1,6.04508,6.14876,-0.298712,0.0277675,2
176392,flyer2,11.4048,2.00851,-0.254762,-0.158419,2
176393,bullet4,12.992,14.3989,0.8,0,1
176394,bullet5,13.0054,14.3845,0.8,0,1
176395,player,8.61622,13.8151,0.000111163,-0.0684634,1
176395,bullet6,9.01622,13.8151,0.8,0,1
176397,flyer1,4.55152,6.2876,-0.298712,0.0277675,2
176397,flyer2,10.131,1.21642,-0.254762,-0.158419,2
176398,bullet1,8.45859,14.3219,0.8,0,1
176400,player,8.50338,14.3624,0.138037,0.0125763,1
176400,bullet6,13.0162,13.8151,0.8,0,1
176402,flyer1,3.05796,6.42644,-0.298712,0.0277675,2
176402,flyer2,8.85715,0.424324,-0.254762,-0.158419,2
176403,bullet1,12.4586,14.3219,0.8,0,1
176403,bullet2,8.44831,14.3718,0.8,0,1
176405,player,8.01192,14.3725,-0.0112924,0.000232067,1
176405,bullet3,8.41192,14.3725,0.8,0,1
176406,bullet4,8.40684,14.3726,0.8,0,1
176407,flyer1,1.5644,6.56528,-0.298712,0.0277675,2
176407,flyer2,7.58334,-0.367771,-0.254762,-0.158419,2
176408,bullet1,16.4586,14.3219,0.8,0,1
176408,bullet2,12.4483,14.3718,0.8,0,1
176409,bullet5,8.40307,14.3727,0.8,0,1
176410,player,8.00286,14.3727,-0.000208377,4.2823e-06,1
176410,bullet3,12.4119,14.3725,0.8,0,1
176411,bullet4,12.4068,14.3726,0.8,0,1
176412,flyer1,0.0708396,6.70411,-0.298712,0.0277675,2
176414,flyer3,16.5,5.17689,-0.249664,-0.166336,2
176414,bullet5,12.4031,14.3727,0.8,0,1
176415,player,7.51331,14.3727,-0.151879,7.90205e-08,1
176415,flyer4,16.5,5.17689,-0.299989,0.00259982,2
176415,bullet6,7.91331,14.3727,0.8,0,1
176418,bullet1,7.00037,13.8833,-0.8,-6.99382e-08,1
176419,flyer3,15.2517,4.34521,-0.249664,-0.166336,2
176420,player,7.39134,13.7842,-0.00280259,-0.0307547,1
176420,flyer4,15.0001,5.18989,-0.299989,0.00259982,2
176420,bullet6,11.9133,14.3727,0.8,0,1
176421,bullet2,7.79008,13.7704,0.8,0,1
176423,bullet1,3.00037,13.8833,-0.8,-6.99382e-08,1
176424,flyer3,14.0034,3.51353,-0.249664,-0.166336,2
176425,player,6.80062,13.1711,-0.0308064,-0.0313222,1
176425,flyer4,13.5001,5.20289,-0.299989,0.00259982,2
176425,bullet6,15.9133,14.3727,0.8,0,1
176425,bullet3,7.20062,13.1711,0.8,0,1
176426,bullet2,11.7901,13.7704,0.8,0,1
176427,bullet4,7.18052,13.1506,0.8,0,1
176429,flyer3,12.755,2.68185,-0.249664,-0.166336,2
176429,bullet5,7.17645,13.1465,0.8,0,1
176430,player,6.43838,12.8084,-0.338068,-0.338078,1
176430,flyer4,12.0002,5.21589,-0.299989,0.00259982,2
176430,bullet3,11.2006,13.1711,0.8,0,1
176431,bullet2,15.7901,13.7704,0.8,0,1
176432,bullet4,11.1805,13.1506,0.8,0,1
176432,bullet6,6.61779,12.5878,0.8,0,1
176434,flyer3,11.5067,1.85017,-0.249664,-0.166336,2
176434,bullet5,11.1764,13.1465,0.8,0,1
176435,player,6.16688,12.0475,-0.00623831,-0.158113,1
176435,flyer4,10.5002,5.22889,-0.299989,0.00259982,2
176435,bullet3,15.2006,13.1711,0.8,0,1
176437,bullet4,15.1805,13.1506,0.8,0,1
176437,bullet6,10.6178,12.5878,0.8,0,1
176438,bullet1,6.56224,11.4406,0.8,0,1
176439,flyer3,10.2584,1.01849,-0.249664,-0.166336,2
176439,bullet5,15.1764,13.1465,0.8,0,1
176440,player,6.49937,11.3321,0.337385,-0.0336723,1
176440,flyer4,9.00028,5.24189,-0.299989,0.00259982,2
176442,bullet6,14.6178,12.5878,0.8,0,1
176443,bullet1,10.5622,11.4406,0.8,0,1
176444,flyer3,9.01007,0.186809,-0.249664,-0.166336,2
176445,player,6.53192,10.9675,-0.452395,-0.338121,1
176445,flyer4,7.50034,5.25488,-0.299989,0.00259982,2
176445,flyer5,16.5,8.29933,-0.231576,-0.190716,2
176448,bullet1,14.5622,11.4406,0.8,0,1
176448,bullet2,6.10613,10.7161,0.8,0,1
176450,player,5.91764,11.0335,0.298397,0.331261,1
176450,flyer4,6.00039,5.26788,-0.299989,0.00259982,2
176450,flyer5,15.3421,7.34575,-0.231576,-0.190716,2
176451,flyer6,16.5,5.17689,-0.270702,-0.129307,2
176453,bullet2,10.1061,10.7161,0.8,0,1
176455,player,6.75959,10.2078,0.0193459,-0.159602,1
176455,flyer4,4.50045,5.28088,-0.299989,0.00259982,2
176455,flyer5,14.1842,6.39217,-0.231576,-0.190716,2
176456,flyer6,15.1465,4.53036,-0.270702,-0.129307,2
176457,bullet3,7.17221,10.1037,0.8,0,1
176458,bullet2,14.1061,10.7161,0.8,0,1
176460,player,7.33284,10.6374,0.0687007,0.0653987,1
176460,flyer4,3.00051,5.29388,-0.299989,0.00259982,2
176460,flyer5,13.0264,5.43858,-0.231576,-0.190716,2
176461,flyer6,13.793,3.88382,-0.270702,-0.129307,2
176461,bullet4,7.76376,10.6668,0.8,0,1
176462,bullet3,11.1722,10.1037,0.8,0,1
176465,player,7.45636,11.1793,-0.0822635,0.153082,1
176465,flyer4,1.50056,5.30688,-0.299989,0.00259982,2
176465,flyer5,11.8685,4.485,-0.231576,-0.190716,2
176466,flyer6,12.4395,3.23729,-0.270702,-0.129307,2
176466,bullet4,11.7638,10.6668,0.8,0,1
176467,bullet3,15.1722,10.1037,0.8,0,1
176470,player,7.64127,12.8305,-0.308263,0.384919,1
176470,flyer4,0.000619888,5.31988,-0.299989,0.00259982,2
176470,flyer5,10.7106,3.53142,-0.231576,-0.190716,2
176471,flyer6,11.086,2.59076,-0.270702,-0.129307,2
176471,bullet4,15.7638,10.6668,0.8,0,1
176472,flayer7,16.5,6.04779,-0.3,0,2
176472,flayer8,16.5,6.04779,-0.299606,0.0153786,2
176473,bullet5,7.81203,13.1167,0.8,0,1
176474,bullet6,7.79939,13.1325,0.8,0,1
176475,player,7.39371,13.1396,-0.00568833,0.00710284,1
176475,flyer5,9.55272,2.57784,-0.231576,-0.190716,2
176476,flyer6,9.73244,1.94422,-0.270702,-0.129307,2
176476,bullet1,7.79115,13.1428,0.8,0,1
176477,flayer7,15,6.04779,-0.3,0,2
176477,flayer8,15.002,6.12468,-0.299606,0.0153786,2
176478,bullet5,11.812,13.1167,0.8,0,1
176479,bullet6,11.7994,13.1325,0.8,0,1
176480,player,7.87851,13.1453,0.15177,0.000131067,1
176480,flyer5,8.39484,1.62426,-0.231576,-0.190716,2
176481,flyer6,8.37893,1.29769,-0.270702,-0.129307,2
176481,bullet1,11.7911,13.1428,0.8,0,1
176482,flayer7,13.5,6.04779,-0.3,0,2
176482,flayer8,13.5039,6.20158,-0.299606,0.0153786,2
176483,bullet5,15.812,13.1167,0.8,0,1
176483,bullet2,7.83365,13.7032,0.8,0,1
176484,bullet6,15.7994,13.1325,0.8,0,1
176485,player,7.88746,13.7478,0.140836,0.013842,1
176485,flyer5,7.23696,0.670678,-0.231576,-0.190716,2
176486,flyer6,7.02542,0.651155,-0.270702,-0.129307,2
176486,bullet1,15.7911,13.1428,0.8,0,1
176486,bullet3,8.35083,13.754,0.8,0,1
176487,flayer7,12,6.04779,-0.3,0,2
176487,flayer8,12.0059,6.27847,-0.299606,0.0153786,2
176487,bullet4,8.37935,13.7568,0.8,0,1
176488,bullet2,11.8337,13.7032,0.8,0,1
176489,bullet5,8.39796,13.7586,0.8,0,1
176490,player,8.00056,13.7589,0.00259882,0.000255424,1
176490,flyer5,6.07908,-0.282903,-0.231576,-0.190716,2
176491,flyer6,5.67191,0.004621,-0.270702,-0.129307,2
176491,bullet3,12.3508,13.754,0.8,0,1
176492,flayer7,10.5,6.04779,-0.3,0,2
176492,flayer8,10.5079,6.35536,-0.299606,0.0153786,2
176492,bullet4,12.3794,13.7568,0.8,0,1
176493,bullet2,15.8337,13.7032,0.8,0,1
176494,bullet5,12.398,13.7586,0.8,0,1
176495,player,8.10175,14.586,-0.121072,0.48938,1
176496,bullet3,16.3508,13.754,0.8,0,1
176497,flayer7,9,6.04779,-0.3,0,2
176497,flayer8,9.00986,6.43225,-0.299606,0.0153786,2
176497,bullet4,16.3794,13.7568,0.8,0,1
176498,flyer2,16.5,6.04779,-0.3,0,2
176499,bullet5,16.398,13.7586,0.8,0,1
176500,player,8.03528,14.6722,-0.0398232,-0.366059,1
176500,flyer1,16.5,6.71056,-0.3,0,2
176502,flayer7,7.5,6.04779,-0.3,0,2
176502,flayer8,7.51184,6.50915,-0.299606,0.0153786,2
176502,bullet6,8.40929,14.4334,0.8,0,1
176503,flyer2,15,6.04779,-0.3,0,2
176505,player,8.49267,13.8889,0.15114,-0.15863,1
176505,flyer1,15,6.71056,-0.3,0,2
176505,bullet1,8.89267,13.8889,0.8,0,1
176507,flayer7,5.99999,6.04779,-0.3,0,2
176507,flayer8,6.01381,6.58604,-0.299606,0.0153786,2
176507,bullet6,12.4093,14.4334,0.8,0,1
176508,flyer2,13.5,6.04779,-0.3,0,2
176510,player,8.6448,13.7307,-0.0348001,0.0346619,1
176510,flyer1,13.5,6.71056,-0.3,0,2
176510,bullet1,12.8927,13.8889,0.8,0,1
176510,bullet2,9.0448,13.7307,0.8,0,1
176512,flayer7,4.49999,6.04779,-0.3,0,2
176512,flayer8,4.51578,6.66293,-0.299606,0.0153786,2
176513,flyer2,12,6.04779,-0.3,0,2
176513,bullet3,9.57664,13.7565,0.8,0,1
176514,bullet4,9.60597,13.7579,0.8,0,1
176515,player,9.21917,13.7586,0.0131974,0.00063961,1
176515,flyer1,12,6.71056,-0.3,0,2
176515,bullet2,13.0448,13.7307,0.8,0,1
176516,bullet5,9.62511,13.7589,0.8,0,1
176517,flayer7,2.99999,6.04779,-0.3,0,2
176517,flayer8,3.01776,6.73982,-0.299606,0.0153786,2
176518,flyer2,10.5,6.04779,-0.3,0,2
176518,bullet3,13.5766,13.7565,0.8,0,1
176519,bullet4,13.606,13.7579,0.8,0,1
176520,player,8.89227,12.8639,-0.337256,-0.405832,1
176520,flyer1,10.5,6.71056,-0.3,0,2
176521,bullet5,13.6251,13.7589,0.8,0,1
176521,bullet6,9.1405,12.6812,0.8,0,1
176522,flayer7,1.49999,6.04779,-0.3,0,2
176522,flayer8,1.51973,6.81672,-0.299606,0.0153786,2
176523,flyer2,9,6.04779,-0.3,0,2
176523,bullet1,9.04148,12.5621,0.8,0,1
176524,bullet2,9.02765,12.5454,0.8,0,1
176525,player,8.62143,12.5379,-0.00622333,-0.00748874,1
176525,flyer1,9,6.71056,-0.3,0,2
176526,bullet6,13.1405,12.6812,0.8,0,1
176526,bullet3,9.01863,12.5346,0.8,0,1
176527,flayer7,-6.4373e-06,6.04779,-0.3,0,2
176527,flayer8,0.0217004,6.89361,-0.299606,0.0153786,2
176528,flyer2,7.5,6.04779,-0.3,0,2
176528,bullet1,13.0415,12.5621,0.8,0,1
176529,bullet2,13.0277,12.5454,0.8,0,1
176530,player,8.61643,12.5319,-0.000114838,-0.000138188,1
176530,flyer1,7.5,6.71056,-0.3,0,2
176531,bullet3,13.0186,12.5346,0.8,0,1
176533,flyer2,5.99999,6.04779,-0.3,0,2
176534,flyer3,16.5,6.71056,-0.3,0,2
176535,player,8.05862,11.4847,-0.0683459,-0.220221,1
176535,flyer1,5.99999,6.71056,-0.3,0,2
176536,flyer4,16.5,0.584825,-0.3,0,2
176536,bullet4,8.42787,11.3856,0.8,0,1
176538,flyer2,4.49999,6.04779,-0.3,0,2
176538,bullet5,8.4078,11.321,0.8,0,1
176539,flyer3,15,6.71056,-0.3,0,2
176540,player,7.51436,11.3079,-0.153136,-0.0040637,1
176540,flyer1,4.49999,6.71056,-0.3,0,2
176541,flyer4,15,0.584825,-0.3,0,2
176541,bullet4,12.4279,11.3856,0.8,0,1
176541,bullet6,7.84545,11.306,0.8,0,1
176542,bullet1,7.81444,11.3052,0.8,0,1
176543,flyer2,2.99999,6.04779,-0.3,0,2
176543,bullet5,12.4078,11.321,0.8,0,1
176544,flyer3,13.5,6.71056,-0.3,0,2
176545,player,7.39138,11.3046,-0.00282579,-7.49867e-05,1
176545,flyer1,2.99999,6.71056,-0.3,0,2
176546,flyer4,13.5,0.584825,-0.3,0,2
176546,bullet6,11.8455,11.306,0.8,0,1
176547,bullet1,11.8144,11.3052,0.8,0,1
176548,flyer2,1.49999,6.04779,-0.3,0,2
176548,bullet2,7.78928,11.8623,0.8,0,1
176549,flyer3,12,6.71056,-0.3,0,2
176549,bullet3,7.78916,11.893,0.8,0,1
176550,player,7.38911,11.9069,-5.21438e-05,0.0138382,1
176550,flyer1,1.49999,6.71056,-0.3,0,2
176551,flyer4,12,0.584825,-0.3,0,2
176551,bullet6,15.8455,11.306,0.8,0,1
176552,bullet1,15.8144,11.3052,0.8,0,1
176553,flyer2,-6.4373e-06,6.04779,-0.3,0,2
176553,bullet2,11.7893,11.8623,0.8,0,1
176554,flyer3,10.5,6.71056,-0.3,0,2
176554,bullet3,11.7892,11.893,0.8,0,1
176554,bullet4,6.64288,12.5062,0.8,0,1
176555,player,6.19828,12.5203,-0.0445953,0.014095,1
176555,flyer1,-6.4373e-06,6.71056,-0.3,0,2
176556,flyer4,10.5,0.584825,-0.3,0,2
176556,bullet5,6.57821,12.5266,0.8,0,1
176558,bullet2,15.7893,11.8623,0.8,0,1
176559,flyer3,9,6.71056,-0.3,0,2
176559,bullet3,15.7892,11.893,0.8,0,1
176559,bullet4,10.6429,12.5062,0.8,0,1
176559,bullet6,6.56329,12.042,0.8,0,1
176560,player,6.16247,11.9739,-0.000822908,-0.0680837,1
176561,flyer4,9,0.584825,-0.3,0,2
176561,bullet5,10.5782,12.5266,0.8,0,1
176562,bullet1,6.56193,11.4401,0.8,0,1
176564,flyer3,7.5,6.71056,-0.3,0,2
176564,bullet4,14.6429,12.5062,0.8,0,1
176564,bullet6,10.5633,12.042,0.8,0,1
176565,player,6.00993,11.165,0.18561,0.170529,1
176566,flyer4,7.5,0.584825,-0.3,0,2
176566,bullet5,14.5782,12.5266,0.8,0,1
176567,bullet1,10.5619,11.4401,0.8,0,1
176568,bullet2,6.23733,11.7812,-0.8,-6.99382e-08,1
176569,flyer3,5.99999,6.71056,-0.3,0,2
176569,bullet6,14.5633,12.042,0.8,0,1
176570,player,6.40997,11.8904,-0.30332,0.0339014,1
176571,flyer4,5.99999,0.584825,-0.3,0,2
176572,bullet1,14.5619,11.4401,0.8,0,1
176573,bullet2,2.23733,11.7812,-0.8,-6.99382e-08,1
176574,flyer3,4.49999,6.71056,-0.3,0,2
176575,player,7.09235,12.1686,0.362658,-0.30612,1
176575,flyer5,16.5,0.584825,-0.299263,-0.0210207,2
176576,flyer4,4.49999,0.584825,-0.3,0,2
176577,flyer6,16.5,0.584825,-0.283597,-0.0978398,2
176577,bullet3,7.72898,11.9689,0.8,0,1
176578,bullet4,7.76203,11.941,0.8,0,1
176579,flyer3,2.99999,6.71056,-0.3,0,2
176580,player,7.3836,11.5853,0.00669205,-0.343149,1
176580,flyer5,15.0037,0.479722,-0.299263,-0.0210207,2
176581,flyer4,2.99999,0.584825,-0.3,0,2
176582,flyer6,15.082,0.0956258,-0.283597,-0.0978398,2
176582,bullet3,11.729,11.9689,0.8,0,1
176583,bullet4,11.762,11.941,0.8,0,1
176583,bullet5,7.23085,10.7724,0.8,0,1
176584,flyer3,1.49999,6.71056,-0.3,0,2
176585,player,6.78666,10.7074,-0.0137161,-0.0201717,1
176585,flyer5,13.5074,0.374618,-0.299263,-0.0210207,2
176586,flyer4,1.49999,0.584825,-0.3,0,2
176587,flyer6,13.664,-0.393573,-0.283597,-0.0978398,2
176587,bullet3,15.729,11.9689,0.8,0,1
176588,bullet4,15.762,11.941,0.8,0,1
176588,bullet5,11.2309,10.7724,0.8,0,1
176589,flyer3,-6.4373e-06,6.71056,-0.3,0,2
176590,player,7.92183,11.6172,0.0988453,0.367882,1
176590,flyer5,12.0111,0.269515,-0.299263,-0.0210207,2
176591,flyer4,-6.4373e-06,0.584825,-0.3,0,2
176591,flayer7,16.5,5.39944,-0.3,0,2
176593,flayer8,16.5,5.39944,-0.283149,-0.0991301,2
176593,bullet5,15.2309,10.7724,0.8,0,1
176593,bullet6,7.83762,12.4485,0.8,0,1
176594,bullet1,7.81092,12.4943,0.8,0,1
176595,player,7.3989,12.5149,-0.0120156,0.0206281,1
176595,flyer5,10.5147,0.164412,-0.299263,-0.0210207,2
176596,flayer7,15,5.39944,-0.3,0,2
176596,bullet2,7.79349,12.5242,0.8,0,1
176597,bullet3,7.79106,12.5284,0.8,0,1
176598,flayer8,15.0843,4.90379,-0.283149,-0.0991301,2
176598,bullet6,11.8376,12.4485,0.8,0,1
176599,bullet1,11.8109,12.4943,0.8,0,1
176600,player,7.38925,12.5315,-0.000221722,0.000380646,1
176600,flyer5,9.01842,0.0593085,-0.299263,-0.0210207,2
176601,flayer7,13.5,5.39944,-0.3,0,2
176601,bullet2,11.7935,12.5242,0.8,0,1
176602,bullet3,11.7911,12.5284,0.8,0,1
176603,flayer8,13.6685,4.40814,-0.283149,-0.0991301,2
176603,bullet6,15.8376,12.4485,0.8,0,1
176604,bullet1,15.8109,12.4943,0.8,0,1
176605,player,6.8997,13.0212,-0.151879,0.151882,1
176605,flyer5,7.52211,-0.0457948,-0.299263,-0.0210207,2
176606,flayer7,12,5.39944,-0.3,0,2
176606,bullet2,15.7935,12.5242,0.8,0,1
176607,bullet3,15.7911,12.5284,0.8,0,1
176607,bullet4,7.2006,12.6309,0.8,0,1
176608,flayer8,12.2528,3.91249,-0.283149,-0.0991301,2
176610,player,7.2671,12.5408,0.149072,-0.011037,1
176610,flyer5,6.0258,-0.150898,-0.299263,-0.0210207,2
176610,bullet5,7.6671,12.5408,0.8,0,1
176611,flayer7,10.5,5.39944,-0.3,0,2
176612,bullet4,11.2006,12.6309,0.8,0,1
176613,flayer8,10.837,3.41684,-0.283149,-0.0991301,2
176614,bullet6,6.98407,11.9745,-0.8,-6.99382e-08,1
176615,player,7.38682,11.9435,0.00275081,-0.0309584,1
176615,flyer5,4.52949,-0.256001,-0.299263,-0.0210207,2
176615,bullet5,11.6671,12.5408,0.8,0,1
176615,bullet1,7.78682,11.9435,0.8,0,1
176616,flayer7,9,5.39944,-0.3,0,2
176617,bullet4,15.2006,12.6309,0.8,0,1
176618,flayer8,9.42128,2.92119,-0.283149,-0.0991301,2
176619,bullet6,2.98407,11.9745,-0.8,-6.99382e-08,1
176620,player,7.38903,12.0705,5.07601e-05,-0.186196,1
176620,flyer5,3.03317,-0.361105,-0.299263,-0.0210207,2
176620,bullet5,15.6671,12.5408,0.8,0,1
176620,bullet1,11.7868,11.9435,0.8,0,1
176621,flayer7,7.5,5.39944,-0.3,0,2
176622,bullet2,7.78906,11.949,0.8,0,1
176623,flayer8,8.00554,2.42553,-0.283149,-0.0991301,2
176623,bullet3,7.78907,11.9321,0.8,0,1
176625,player,7.72657,12.2585,0.337501,0.334064,1
176625,flyer5,1.53686,-0.466208,-0.299263,-0.0210207,2
176625,bullet1,15.7868,11.9435,0.8,0,1
176626,flayer7,5.99999,5.39944,-0.3,0,2
176627,bullet2,11.7891,11.949,0.8,0,1
176627,bullet4,8.34679,12.4765,0.8,0,1
176628,flayer8,6.58979,1.92988,-0.283149,-0.0991301,2
176628,bullet3,11.7891,11.9321,0.8,0,1
176630,player,7.50823,12.5268,-0.145647,0.00616442,1
176631,flayer7,4.49999,5.39944,-0.3,0,2
176632,bullet2,15.7891,11.949,0.8,0,1
176632,bullet4,12.3468,12.4765,0.8,0,1
176632,bullet5,7.8132,12.5308,0.8,0,1
176633,flayer8,5.17405,1.43423,-0.283149,-0.0991301,2
176633,bullet3,15.7891,11.9321,0.8,0,1
176633,bullet6,7.79993,12.5314,0.8,0,1
176635,player,7.39127,12.1942,-0.0026876,-0.337386,1
176636,flayer7,2.99999,5.39944,-0.3,0,2
176637,bullet4,16.3468,12.4765,0.8,0,1
176637,bullet5,11.8132,12.5308,0.8,0,1
176638,flayer8,3.7583,0.938582,-0.283149,-0.0991301,2
176638,bullet6,11.7999,12.5314,0.8,0,1
176640,player,7.16455,11.0964,-0.475585,-0.495601,1
176641,flayer7,1.49999,5.39944,-0.3,0,2
176642,bullet5,15.8132,12.5308,0.8,0,1
176642,bullet1,7.25423,10.773,0.8,0,1
176643,flayer8,2.34256,0.442932,-0.283149,-0.0991301,2
176643,bullet6,15.7999,12.5314,0.8,0,1
176643,bullet2,7.21089,10.7279,0.8,0,1
176645,player,6.78261,10.3609,-0.00877588,-0.346645,1
176646,flayer7,-6.4373e-06,5.39944,-0.3,0,2
176646,bullet3,7.17866,10.2049,0.8,0,1
176647,bullet1,11.2542,10.773,0.8,0,1
176648,flayer8,0.926817,-0.0527191,-0.283149,-0.0991301,2
176648,bullet2,11.2109,10.7279,0.8,0,1
176650,player,7.33329,9.745,0.0681818,-0.343897,1
176651,bullet3,11.1787,10.2049,0.8,0,1
176652,bullet1,15.2542,10.773,0.8,0,1
176652,bullet4,7.77777,9.52061,0.8,0,1
176653,bullet2,15.2109,10.7279,0.8,0,1
176654,flyer2,16.5,10.4693,-0.3,0,2
176655,player,7.38804,9.46882,0.00125815,-0.00634586,1
176655,flyer1,16.5,10.4693,-0.3,0,2
176655,bullet5,7.78804,9.46882,0.8,0,1
176657,bullet4,11.7778,9.52061,0.8,0,1
176660,player,6.94427,9.9531,-0.206356,0.151758,1
176660,flyer1,15,10.4693,-0.3,0,2
176660,bullet5,11.788,9.46882,0.8,0,1
176661,bullet6,7.25141,10.0214,0.8,0,1
176662,bullet4,15.7778,9.52061,0.8,0,1
176663,flyer6,16.5,10.4693,-0.266012,0.138699,2
176665,player,6.87765,10.6634,-0.124928,0.033555,1
176665,flyer1,13.5,10.4693,-0.3,0,2
176665,bullet5,15.788,9.46882,0.8,0,1
176665,bullet1,7.27765,10.6634,0.8,0,1
176666,bullet6,11.2514,10.0214,0.8,0,1
176667,bullet2,7.19614,10.6853,0.8,0,1
176668,flyer6,15.1699,11.1628,-0.266012,0.138699,2
176670,player,6.77732,10.6904,-0.00230528,0.000619185,1
176670,flyer1,12,10.4693,-0.3,0,0
176672,bullet2,11.1961,10.6853,0.8,0,1
176673,flyer6,13.8399,11.8562,-0.266012,0.138699,2
176675,player,7.251,11.1941,0.168748,0.134971,1
176675,flyer3,16.5,8.24985,-0.3,0,2
176676,flyer4,16.5,3.3784,-0.3,0,2
176677,bullet2,15.1961,10.6853,0.8,0,1
176677,bullet3,7.76111,11.2822,0.8,0,1
176678,flyer6,12.5098,12.5497,-0.266012,0.138699,2
176680,player,6.89715,11.7919,-0.148761,0.154366,1
176680,flyer3,15,8.24985,-0.3,0,2
176681,flyer4,15,3.3784,-0.3,0,2
176681,bullet4,7.23021,11.8613,0.8,0,1
176682,bullet3,11.7611,11.2822,0.8,0,1
176683,flyer6,11.1798,13.2432,-0.266012,0.138699,2
176684,bullet5,6.62271,12.4707,0.8,0,1
176685,player,6.18921,12.5043,-0.0334997,0.0336032,1
176685,flyer3,13.5,8.24985,-0.3,0,2
176685,bullet6,6.58921,12.5043,0.8,0,1
176686,flyer4,13.5,3.3784,-0.3,0,2
176686,bullet4,11.2302,11.8613,0.8,0,1
176687,bullet3,15.7611,11.2822,0.8,0,1
176688,flyer6,9.8497,13.9367,-0.266012,0.138699,2
176689,bullet5,10.6227,12.4707,0.8,0,1
176689,bullet1,6.0052,12.5307,0.8,0,1
176690,player,5.91133,12.5313,0.306127,0.000620073,1
176690,flyer3,12,8.24985,-0.3,0,2
176690,bullet6,10.5892,12.5043,0.8,0,1
176691,flyer4,12,3.3784,-0.3,0,2
176691,bullet4,15.2302,11.8613,0.8,0,1
176693,flyer6,8.51963,14.6302,-0.266012,0.138699,2
176694,bullet5,14.6227,12.4707,0.8,0,1
176694,bullet1,10.0052,12.5307,0.8,0,1
176695,player,5.59946,12.5318,-0.0626948,1.14421e-05,1
176695,flyer3,10.5,8.24985,-0.3,0,2
176695,bullet6,14.5892,12.5043,0.8,0,1
176696,flyer4,10.5,3.3784,-0.3,0,2
176696,bullet2,5.97124,12.5318,0.8,0,1
176698,flyer6,7.18957,15.3237,-0.266012,0.138699,2
176699,bullet1,14.0052,12.5307,0.8,0,1
176700,player,5.54911,11.9433,-0.0011569,-0.0307545,1
176700,flyer3,9,8.24985,-0.3,0,2
176700,bullet3,5.14911,11.9433,-0.8,-6.99382e-08,1
176701,flyer4,9,3.3784,-0.3,0,2
176701,bullet2,9.97124,12.5318,0.8,0,1
176702,bullet4,5.94835,11.9233,0.8,0,1
176703,flyer6,5.85951,16.0172,-0.266012,0.138699,2
176705,player,5.54818,11.9186,-2.1348e-05,-0.000567507,1
176705,flyer3,7.5,8.24985,-0.3,0,2
176705,bullet3,1.14911,11.9433,-0.8,-6.99382e-08,1
176706,flyer4,7.5,3.3784,-0.3,0,2
176706,bullet2,13.9712,12.5318,0.8,0,1
176706,bullet5,5.94817,11.9184,0.8,0,1
176707,bullet4,9.94835,11.9233,0.8,0,1
176707,bullet6,5.94816,11.9183,0.8,0,1
176710,player,5.05879,11.0913,-0.151875,-0.489385,1
176710,flyer3,5.99999,8.24985,-0.3,0,2
176711,flyer4,5.99999,3.3784,-0.3,0,2
176711,bullet5,9.94817,11.9184,0.8,0,1
176712,bullet4,13.9484,11.9233,0.8,0,1
176712,bullet6,9.94816,11.9183,0.8,0,1
176712,bullet1,5.35969,10.772,0.8,0,1
176715,player,4.3791,11.256,-0.0711463,0.0593132,1
176715,flyer3,4.49999,8.24985,-0.3,0,2
176716,flyer4,4.49999,3.3784,-0.3,0,2
176716,bullet5,13.9482,11.9184,0.8,0,1
176717,bullet6,13.9482,11.9183,0.8,0,1
176717,bullet1,9.35969,10.772,0.8,0,1
176720,player,4.20903,10.2119,0.136723,-0.16462,1
176720,flyer3,2.99999,8.24985,-0.3,0,2
176720,bullet3,4.60903,10.2119,0.8,0,1
176721,flyer4,2.99999,3.3784,-0.3,0,2
176722,bullet1,13.3597,10.772,0.8,0,1
176723,bullet2,5.20007,9.60016,0.8,0,1
176725,player,4.9073,9.15377,0.0332776,-0.371292,1
176725,flyer3,1.49999,8.24985,-0.3,0,2
176725,bullet3,8.60903,10.2119,0.8,0,1
176726,flyer4,1.49999,3.3784,-0.3,0,2
176728,bullet2,9.20007,9.60016,0.8,0,1
176729,bullet4,5.33341,8.27397,0.8,0,1
176730,player,4.93402,8.25328,0.000614065,-0.020691,1
176730,flyer3,-6.4373e-06,8.24985,-0.3,0,2
176730,bullet3,12.609,10.2119,0.8,0,1
176730,bullet5,5.33402,8.25328,0.8,0,1
176731,flyer4,-6.4373e-06,3.3784,-0.3,0,2
176733,bullet2,13.2001,9.60016,0.8,0,1
176734,bullet4,9.33341,8.27397,0.8,0,1
176735,player,4.93451,8.57417,1.13312e-05,0.337118,1
176735,flyer5,16.5,3.3784,-0.3,0,2
176735,bullet5,9.33402,8.25328,0.8,0,1
176736,bullet6,5.33452,8.72587,0.8,0,1
176739,bullet4,13.3334,8.27397,0.8,0,1
176740,player,5.27202,9.74013,0.3375,0.412065,1
176740,flyer5,15,3.3784,-0.3,0,2
176740,bullet5,13.334,8.25328,0.8,0,1
176741,bullet6,9.33452,8.72587,0.8,0,1
176741,bullet1,5.8239,9.92555,0.8,0,1
176743,bullet3,5.923,10.0465,0.8,0,1
176745,player,5.88056,10.4085,0.343728,0.345104,1
176745,flyer5,13.5,3.3784,-0.3,0,2
176746,bullet6,13.3345,8.72587,0.8,0,1
176746,bullet1,9.8239,9.92555,0.8,0,1
176748,bullet3,9.923,10.0465,0.8,0,1
176749,bullet2,5.16179,10.19,-0.8,-6.99382e-08,1
176750,player,5.55429,10.128,-0.00749686,-0.0619756,1
176750,flyer5,12,3.3784,-0.3,0,2
176751,bullet1,13.8239,9.92555,0.8,0,1
176753,bullet3,13.923,10.0465,0.8,0,1
176753,bullet4,6.50643,10.6396,0.8,0,1
176754,bullet2,1.16179,10.19,-0.8,-6.99382e-08,1
176755,player,5.81308,10.343,-0.323799,-0.324804,1
176755,flyer5,10.5,3.3784,-0.3,0,2
176756,flayer7,16.5,5.62563,-0.3,0,2
176757,flayer8,16.5,5.62563,-0.3,0,2
176758,bullet4,10.5064,10.6396,0.8,0,1
176758,bullet5,6.53002,10.6592,0.8,0,1
176759,bullet6,6.54749,10.6766,0.8,0,1
176760,player,6.15536,10.6845,0.00786461,0.00784606,1
176760,flyer5,9,3.3784,-0.3,0,2
176761,flayer7,15,5.62563,-0.3,0,2
176762,flayer8,15,5.62563,-0.3,0,2
176763,bullet4,14.5064,10.6396,0.8,0,1
176763,bullet5,10.53,10.6592,0.8,0,1
176764,bullet6,10.5475,10.6766,0.8,0,1
176765,player,5.6723,9.5,-0.15173,-0.0444495,1
176765,flyer5,7.5,3.3784,-0.3,0,2
176765,bullet1,6.0723,9.5,0.8,0,1
176766,flayer7,13.5,5.62563,-0.3,0,2
176767,flayer8,13.5,5.62563,-0.3,0,2
176768,bullet5,14.53,10.6592,0.8,0,1
176769,bullet6,14.5475,10.6766,0.8,0,1
176769,bullet2,5.39553,10.0228,0.8,0,1
176770,player,4.96197,10.0528,-0.0335545,0.0299345,1
176770,flyer5,5.99999,3.3784,-0.3,0,2
176770,bullet1,10.0723,9.5,0.8,0,1
176771,flayer7,12,5.62563,-0.3,0,2
176772,flayer8,12,5.62563,-0.3,0,2
176774,bullet2,9.39553,10.0228,0.8,0,1
176774,bullet3,5.92412,10.0763,0.8,0,1
176775,player,5.19984,9.73932,-0.32428,-0.336948,1
176775,flyer5,4.49999,3.3784,-0.3,0,2
176775,bullet1,14.0723,9.5,0.8,0,1
176776,flayer7,10.5,5.62563,-0.3,0,2
176777,flayer8,10.5,5.62563,-0.3,0,2
176779,bullet2,13.3955,10.0228,0.8,0,1
176779,bullet3,9.92412,10.0763,0.8,0,1
176779,bullet4,5.3454,9.47494,0.8,0,1
176780,player,4.93942,9.46872,-0.00598387,-0.00621763,1
176780,flyer5,2.99999,3.3784,-0.3,0,2
176781,flayer7,9,5.62563,-0.3,0,2
176782,flayer8,9,5.62563,-0.3,0,2
176784,bullet3,13.9241,10.0763,0.8,0,1
176784,bullet4,9.3454,9.47494,0.8,0,1
176784,bullet5,5.33472,9.49459,0.8,0,1
176785,player,4.93461,9.47756,-0.000110419,-0.0170298,1
176785,flyer5,1.49999,3.3784,-0.3,0,2
176786,flayer7,7.5,5.62563,-0.3,0,2
176787,flayer8,7.5,5.62563,-0.3,0,2
176787,bullet6,5.33454,9.46645,0.8,0,1
176789,bullet4,13.3454,9.47494,0.8,0,1
176789,bullet5,9.33472,9.49459,0.8,0,1
176790,player,4.3768,9.46388,-0.0683458,-0.000314248,1
176790,flyer5,-6.4373e-06,3.3784,-0.3,0,2
176791,flayer7,5.99999,5.62563,-0.3,0,2
176791,bullet1,4.74605,9.46374,0.8,0,1
176792,flayer8,5.99999,5.62563,-0.3,0,2
176792,bullet6,9.33454,9.46645,0.8,0,1
176794,bullet5,13.3347,9.49459,0.8,0,1
176795,player,4.81129,9.80113,0.150614,0.337494,1
176796,flayer7,4.49999,5.62563,-0.3,0,2
176796,bullet1,8.74605,9.46374,0.8,0,1
176797,flayer8,4.49999,5.62563,-0.3,0,2
176797,bullet6,13.3345,9.46645,0.8,0,1
176797,bullet2,5.30956,10.0213,0.8,0,1
176798,bullet3,5.32329,10.0521,0.8,0,1
176800,player,5.26974,10.4097,0.340279,0.343728,1
176801,flayer7,2.99999,5.62563,-0.3,0,2
176801,bullet1,12.746,9.46374,0.8,0,1
176801,bullet4,5.82287,10.5643,0.8,0,1
176802,flayer8,2.99999,5.62563,-0.3,0,2
176802,bullet2,9.30956,10.0213,0.8,0,1
176803,bullet3,9.32329,10.0521,0.8,0,1
176805,player,5.54302,11.2434,0.00627911,0.0746865,1
176806,flayer7,1.49999,5.62563,-0.3,0,2
176806,bullet4,9.82287,10.5643,0.8,0,1
176807,flayer8,1.49999,5.62563,-0.3,0,2
176807,bullet2,13.3096,10.0213,0.8,0,1
176807,bullet5,5.94711,11.2922,0.8,0,1
176808,bullet3,13.3233,10.0521,0.8,0,1
176810,player,5.88556,10.9659,0.337616,-0.336122,1
176811,flayer7,-6.4373e-06,5.62563,-0.3,0,2
176811,bullet4,13.8229,10.5643,0.8,0,1
176811,bullet6,6.43749,10.8147,0.8,0,1
176812,flayer8,-6.4373e-06,5.62563,-0.3,0,2
176812,bullet5,9.94711,11.2922,0.8,0,1
176813,bullet1,6.53662,10.716,0.8,0,1
176815,player,6.15669,10.2066,0.00622996,-0.158077,1
176815,flyer2,16.5,5.62563,-0.3,0,2
176816,bullet6,10.4375,10.8147,0.8,0,1
176817,bullet5,13.9471,11.2922,0.8,0,1
176818,bullet1,10.5366,10.716,0.8,0,1
176820,player,4.51229,9.59027,-0.233943,-0.154792,1
176820,flyer2,15,5.62563,-0.3,0,2
176821,flyer1,16.5,5.62563,-0.3,0,2
176821,bullet6,14.4375,10.8147,0.8,0,1
176823,bullet1,14.5366,10.716,0.8,0,1
176824,flyer6,16.5,8.83817,-0.281693,0.103195,2
176825,player,3.83504,9.51056,-0.156192,-0.0573605,1
176825,flyer2,13.5,5.62563,-0.3,0,2
176826,flyer1,15,5.62563,-0.3,0,2
176826,flyer3,16.5,8.83817,-0.3,0,2
176829,flyer6,15.0915,9.35415,-0.281693,0.103195,2
176830,player,2.78363,9.95387,-0.371137,0.150817,1
176830,flyer2,12,5.62563,-0.3,0,2
176831,flyer1,13.5,5.62563,-0.3,0,2
176831,flyer3,15,8.83817,-0.3,0,2
176832,bullet2,2.94146,10.0523,0.8,0,1
176833,bullet3,2.90764,10.066,0.8,0,1
176834,flyer6,13.6831,9.87013,-0.281693,0.103195,2
176835,player,2.48558,10.075,-0.00684852,0.00278299,1
176835,flyer2,10.5,5.62563,-0.3,0,2
176836,flyer1,12,5.62563,-0.3,0,2
176836,flyer3,13.5,8.83817,-0.3,0,2
176836,bullet4,2.88249,10.0762,0.8,0,1
176837,bullet2,6.94146,10.0523,0.8,0,1
176837,bullet5,2.88111,10.0768,0.8,0,1
176838,bullet3,6.90764,10.066,0.8,0,1
176839,flyer6,12.2746,10.3861,-0.281693,0.103195,2
176840,player,2.96945,9.58784,0.151749,-0.151824,1
176840,flyer2,9,5.62563,-0.3,0,2
176841,flyer1,10.5,5.62563,-0.3,0,2
176841,flyer3,12,8.83817,-0.3,0,2
176841,bullet4,6.88249,10.0762,0.8,0,1
176842,bullet5,6.88111,10.0768,0.8,0,1
176843,bullet6,2.99292,9.96432,0.8,0,1
176845,player,2.50284,9.71689,-0.0279545,-0.309547,1
176845,flyer2,7.5,5.62563,-0.3,0,2
176846,flyer1,9,5.62563,-0.3,0,2
176846,flyer3,10.5,8.83817,-0.3,0,2
176846,bullet4,10.8825,10.0762,0.8,0,1
176847,bullet5,10.8811,10.0768,0.8,0,1
176848,bullet6,6.99292,9.96432,0.8,0,1
176850,player,2.96977,9.36919,0.151359,0.115408,1
176850,flyer2,5.99999,5.62563,-0.3,0,2
176850,bullet1,3.36977,9.36919,0.8,0,1
176851,flyer1,7.5,5.62563,-0.3,0,2
176851,flyer3,9,8.83817,-0.3,0,2
176851,bullet4,14.8825,10.0762,0.8,0,1
176852,bullet5,14.8811,10.0768,0.8,0,1
176853,bullet6,10.9929,9.96432,0.8,0,1
176853,bullet2,3.48232,9.45501,0.8,0,1
176855,player,3.09132,9.12438,0.002793,-0.33537,1
176855,flyer2,4.49999,5.62563,-0.3,0,2
176856,flyer1,5.99999,5.62563,-0.3,0,2
176856,flyer3,7.5,8.83817,-0.3,0,1
176858,bullet6,14.9929,9.96432,0.8,0,1
176858,bullet3,3.4934,8.87499,0.8,0,1
176859,bullet4,3.49351,8.86123,0.8,0,1
176860,player,3.09357,8.85505,5.15387e-05,-0.00618853,1
176860,flyer2,2.99999,5.62563,-0.3,0,2
176861,flyer1,4.49999,5.62563,-0.3,0,2
176861,bullet5,3.49359,8.85226,0.8,0,1
176863,bullet3,7.4934,8.87499,0.8,0,1
176864,bullet4,7.49352,8.86123,0.8,0,1
176865,player,3.98883,9.7453,0.405845,0.40573,1
176865,flyer2,1.49999,5.62563,-0.3,0,2
176866,flyer1,2.99999,5.62563,-0.3,0,2
176866,bullet5,7.49359,8.85226,0.8,0,1
176866,bullet1,4.57146,9.92788,0.8,0,1
176868,bullet3,11.4934,8.87499,0.8,0,1
176869,bullet4,11.4935,8.86123,0.8,0,1
176870,player,4.31475,10.6289,0.00748898,0.0758306,1
176870,flyer2,-6.4373e-06,5.62563,-0.3,0,2
176871,flyer1,1.49999,5.62563,-0.3,0,2
176871,bullet5,11.4936,8.85226,0.8,0,1
176871,bullet1,8.57146,9.92788,0.8,0,1
176873,bullet3,15.4934,8.87499,0.8,0,1
176874,bullet4,15.4935,8.86123,0.8,0,1
176875,player,3.73229,11.2782,-0.0306165,0.032154,1
176876,flyer1,-6.4373e-06,5.62563,-0.3,0,2
176876,flyer4,16.5,8.83817,-0.298873,0.025974,2
176876,bullet5,15.4936,8.85226,0.8,0,1
176876,bullet1,12.5715,9.92788,0.8,0,1
176876,bullet2,4.11852,11.2927,0.8,0,1
176878,flyer5,16.5,2.12694,-0.299888,-0.00819418,2
176880,player,4.19708,9.8887,0.15131,-0.519536,1
176881,flyer4,15.0056,8.96805,-0.298873,0.025974,1
176881,flayer7,16.5,2.12694,-0.3,0,2
176881,bullet2,8.11852,11.2927,0.8,0,1
176883,flyer5,15.0006,2.08596,-0.299888,-0.00819418,2
176884,bullet6,5.27352,10.0388,0.8,0,1
176885,player,4.56957,9.72244,-0.303953,-0.316332,1
176886,flyer4,13.5113,9.09792,-0.298873,0.025974,1
176886,flayer7,15,2.12694,-0.3,0,2
176886,bullet2,12.1185,11.2927,0.8,0,1
176887,bullet3,4.77124,9.51604,0.8,0,1
176888,flyer5,13.5011,2.04499,-0.299888,-0.00819418,2
176889,bullet6,9.27353,10.0388,0.8,0,1
176890,player,4.88319,9.8059,0.062735,0.331663,1
176891,flyer4,12.0169,9.22779,-0.298873,0.025974,1
176891,flayer7,13.5,2.12694,-0.3,0,2
176891,bullet2,16.1185,11.2927,0.8,0,1
176892,bullet3,8.77124,9.51604,0.8,0,1
176892,bullet4,5.32412,10.0223,0.8,0,1
176893,flyer5,12.0017,2.00402,-0.299888,-0.00819418,2
176894,bullet5,5.33241,10.0661,0.8,0,1
176895,player,4.93357,9.73476,0.00115764,-0.33138,1
176896,flayer7,12,2.12694,-0.3,0,2
176897,bullet3,12.7712,9.51604,0.8,0,1
176897,bullet4,9.32413,10.0223,0.8,0,1
176897,bullet1,5.33433,9.51853,0.8,0,1
176898,flyer5,10.5022,1.96305,-0.299888,-0.00819418,2
176899,bullet5,9.33241,10.0661,0.8,0,1
176900,player,5.272,9.46863,0.337521,-0.00611489,1
176901,flayer7,10.5,2.12694,-0.3,0,2
176902,bullet4,13.3241,10.0223,0.8,0,1
176902,bullet1,9.33433,9.51853,0.8,0,1
176903,flyer5,9.00281,1.92208,-0.299888,-0.00819418,2
176903,bullet2,6.48071,10.0218,0.8,0,1
176904,bullet5,13.3324,10.0661,0.8,0,1
176905,player,5.80787,9.72854,-0.317432,-0.323773,1
176906,flayer7,9,2.12694,-0.3,0,2
176907,bullet1,13.3343,9.51853,0.8,0,1
176908,flyer5,7.50337,1.88111,-0.299888,-0.00819418,2
176908,bullet2,10.4807,10.0218,0.8,0,1
176910,player,4.05541,9.85061,-0.425541,0.277021,1
176911,flayer7,7.5,2.12694,-0.3,0,2
176911,flayer8,16.5,2.12694,-0.3,0,2
176913,flyer5,6.00393,1.84014,-0.299888,-0.00819418,2
176913,bullet2,14.4807,10.0218,0.8,0,1
176913,bullet6,4.13897,10.0566,0.8,0,1
176915,player,3.71367,10.5625,-0.00785243,0.156987,1
176916,flayer7,5.99999,2.12694,-0.3,0,2
176916,flayer8,15,2.12694,-0.3,0,2
176918,flyer5,4.50449,1.79917,-0.299888,-0.00819418,2
176918,bullet6,8.13897,10.0566,0.8,0,1
176919,bullet3,4.66523,10.6856,0.8,0,1
176920,player,4.29584,10.6885,0.0306098,0.00289685,1
176921,flayer7,4.49999,2.12694,-0.3,0,2
176921,flayer8,13.5,2.12694,-0.3,0,2
176921,bullet4,4.70961,10.6898,0.8,0,1
176923,flyer5,3.00505,1.7582,-0.299888,-0.00819418,2
176923,bullet6,12.139,10.0566,0.8,0,1
176923,bullet5,4.7186,10.6907,0.8,0,1
176924,bullet3,8.66523,10.6856,0.8,0,1
176925,player,4.32042,11.1802,0.000564837,0.151928,1
176926,flayer7,2.99999,2.12694,-0.3,0,2
176926,flayer8,12,2.12694,-0.3,0,2
176926,bullet4,8.70961,10.6898,0.8,0,1
176928,flyer5,1.50561,1.71723,-0.299888,-0.00819418,2
176928,bullet6,16.139,10.0566,0.8,0,1
176928,bullet5,8.7186,10.6907,0.8,0,1
176929,bullet3,12.6652,10.6856,0.8,0,1
176929,bullet1,4.72086,11.2994,0.8,0,1
176930,player,3.98337,11.6397,-0.33749,0.340304,1
176931,flayer7,1.49999,2.12694,-0.3,0,2
176931,flayer8,10.5,2.12694,-0.3,0,2
176931,bullet4,12.7096,10.6898,0.8,0,1
176933,flyer5,0.00616527,1.67625,-0.299888,-0.00819418,2
176933,bullet5,12.7186,10.6907,0.8,0,1
176934,bullet1,8.72086,11.2994,0.8,0,1
176935,player,3.22296,11.913,-0.158103,0.00627956,1
176936,flayer7,-6.4373e-06,2.12694,-0.3,0,2
176936,flayer8,9,2.12694,-0.3,0,2
176938,flyer6,16.5,4.30711,-0.299995,-0.00173089,2
176938,bullet5,16.7186,10.6907,0.8,0,1
176939,flyer3,16.5,2.12694,-0.299759,-0.012022,2
176939,bullet1,12.7209,11.2994,0.8,0,1
176939,bullet2,2.94119,11.8872,0.8,0,1
176940,player,2.17002,12.2417,-0.371172,0.354531,1
176941,flayer8,7.5,2.12694,-0.3,0,2
176943,flyer6,15,4.29845,-0.299995,-0.00173089,2
176943,bullet6,2.29401,12.9948,0.8,0,1
176944,flyer3,15.0012,2.06683,-0.299759,-0.012022,2
176944,bullet2,6.94119,11.8872,0.8,0,1
176945,player,1.87194,12.7774,-0.00684917,-0.300203,1
176946,flayer8,5.99999,2.12694,-0.3,0,2
176948,flyer6,13.5,4.2898,-0.299995,-0.00173089,2
176948,bullet6,6.29401,12.9948,0.8,0,1
176949,flyer3,13.5024,2.00672,-0.299759,-0.012022,2
176949,bullet2,10.9412,11.8872,0.8,0,1
176949,bullet3,1.70884,13.0996,0.8,0,1
176950,player,1.27796,13.4623,-0.0308811,0.362715,1
176951,flayer8,4.49999,2.12694,-0.3,0,2
176953,flyer6,12.0001,4.28114,-0.299995,-0.00173089,2
176953,bullet6,10.294,12.9948,0.8,0,1
176953,bullet4,1.16562,13.2427,0.8,0,1
176954,flyer3,12.0036,1.94661,-0.299759,-0.012022,2
176954,bullet2,14.9412,11.8872,0.8,0,1
176954,bullet3,5.70884,13.0996,0.8,0,1
176955,player,0.664689,13.5026,-0.0313245,0.313438,1
176956,flayer8,2.99999,2.12694,-0.3,0,2
176956,bullet5,1.05059,13.6437,0.8,0,1
176958,flyer6,10.5001,4.27249,-0.299995,-0.00173089,2
176958,bullet6,14.294,12.9948,0.8,0,1
176958,bullet4,5.16562,13.2427,0.8,0,1
176959,flyer3,10.5048,1.8865,-0.299759,-0.012022,2
176959,bullet3,9.70885,13.0996,0.8,0,1
176960,player,0.639533,13.7544,-0.000578026,0.00578382,1
176961,flayer8,1.49999,2.12694,-0.3,0,2
176961,bullet5,5.05059,13.6437,0.8,0,1
176963,flyer6,9.00011,4.26383,-0.299995,-0.00173089,2
176963,bullet4,9.16562,13.2427,0.8,0,1
176964,flyer3,9.00603,1.82639,-0.299759,-0.012022,2
176964,bullet3,13.7088,13.0996,0.8,0,1
176965,player,0.7375,14.6988,0.3375,0.351446,1
176966,flayer8,-6.4373e-06,2.12694,-0.3,0,2
176966,bullet5,9.05059,13.6437,0.8,0,1
176968,flyer6,7.50014,4.25518,-0.299995,-0.00173089,2
176968,bullet4,13.1656,13.2427,0.8,0,1
176968,bullet1,0.830755,15.5179,0.8,0,1
176969,flyer3,7.50723,1.76628,-0.299759,-0.012022,2
176970,player,0.406228,15.5834,-0.00761179,0.0203248,1
176971,bullet5,13.0506,13.6437,0.8,0,1
176971,bullet2,0.802803,15.5925,0.8,0,1
176973,flyer6,6.00016,4.24652,-0.299995,-0.00173089,2
176973,bullet1,4.83075,15.5179,0.8,0,1
176974,flyer3,6.00844,1.70617,-0.299759,-0.012022,2
176975,player,0.651088,15.5997,-0.306886,0.000375049,1
176976,bullet2,4.8028,15.5925,0.8,0,1
176977,bullet6,0.0508452,15.5999,-0.8,-6.99382e-08,1
176978,flyer6,4.50019,4.23787,-0.299995,-0.00173089,2
176978,bullet1,8.83076,15.5179,0.8,0,1
176979,flyer3,4.50964,1.64606,-0.299759,-0.012022,2
176980,player,0.4,15.6,0,0,1
176981,bullet2,8.8028,15.5925,0.8,0,1
176983,flyer6,3.00021,4.22921,-0.299995,-0.00173089,2
176983,bullet1,12.8308,15.5179,0.8,0,1
176984,flyer3,3.01085,1.58595,-0.299759,-0.012022,2
176985,player,0.4,15.6,0,0,1
176985,bullet3,0.8,15.6,0.8,0,1
176986,bullet2,12.8028,15.5925,0.8,0,1
176987,bullet4,0.8,15.6,0.8,0,1
176988,flyer6,1.50024,4.22056,-0.299995,-0.00173089,2
176989,flyer3,1.51205,1.52584,-0.299759,-0.012022,2
176990,player,0.551875,15.4481,-0.185625,0.185625,1
176990,bullet3,4.8,15.6,0.8,0,1
176992,bullet4,4.8,15.6,0.8,0,1
176992,bullet5,0.830755,15.5692,0.8,0,1
176993,flyer6,0.00026387,4.21191,-0.299995,-0.00173089,2
176994,flyer3,0.0132591,1.46572,-0.299759,-0.012022,2
176995,player,0.4,15.6,-0,0,1
176995,bullet3,8.8,15.6,0.8,0,1
176996,flyer2,16.5,2.12694,-0.3,0,2
176997,bullet4,8.8,15.6,0.8,0,1
176997,bullet5,4.83075,15.5692,0.8,0,1
176997,bullet6,0.8,15.6,0.8,0,1
177000,player,0.957719,15.6,0.0683438,0,1
177000,bullet3,12.8,15.6,0.8,0,1
177001,flyer2,15,2.12694,-0.3,0,2
177002,bullet4,12.8,15.6,0.8,0,1
177002,bullet5,8.83076,15.5692,0.8,0,1
177002,bullet6,4.8,15.6,0.8,0,1
177005,player,1.0126,15.6,0.00126113,0,1
177005,bullet1,1.4126,15.6,0.8,0,1
177006,flyer2,13.5,2.12694,-0.3,0,2
177007,bullet5,12.8308,15.5692,0.8,0,1
177007,bullet6,8.8,15.6,0.8,0,1
177007,bullet2,1.41343,15.6,0.8,0,1
177010,player,1.01362,15.6,2.32715e-05,0,1
177010,bullet1,5.4126,15.6,0.8,0,1
177011,flyer2,12,2.12694,-0.3,0,2
177012,bullet6,12.8,15.6,0.8,0,1
177012,bullet2,5.41343,15.6,0.8,0,1
177013,bullet3,0.855916,15.6,0.8,0,1
177015,player,0.4,15.1106,0,-0.151875,1
177015,bullet1,9.41261,15.6,0.8,0,1
177016,flyer2,10.5,2.12694,-0.3,0,2
177017,bullet2,9.41343,15.6,0.8,0,1
177018,bullet3,4.85592,15.6,0.8,0,1
177020,player,0.988474,13.8425,0.0307547,-0.101901,1
177020,bullet1,13.4126,15.6,0.8,0,1
177020,bullet4,1.38847,13.8425,0.8,0,1
177021,flyer2,9,2.12694,-0.3,0,2
177022,bullet2,13.4134,15.6,0.8,0,1
177023,bullet3,8.85592,15.6,0.8,0,1
177025,player,1.01317,12.6689,0.00056751,-0.167595,1
177025,bullet4,5.38847,13.8425,0.8,0,1
177026,flyer2,7.5,2.12694,-0.3,0,2
177026,flyer1,16.5,3.117,-0.3,0,2
177028,bullet3,12.8559,15.6,0.8,0,1
177030,player,0.4,13.0921,0,0.0652511,1
177030,bullet4,9.38847,13.8425,0.8,0,1
177030,bullet5,0.8,13.0921,0.8,0,1
177031,flyer2,5.99999,2.12694,-0.3,0,2
177031,flyer1,15,3.117,-0.3,0,2
177031,bullet6,0.8,13.1214,0.8,0,1
177035,player,0.4,12.0974,0,-0.219015,1
177035,bullet4,13.3885,13.8425,0.8,0,1
177035,bullet5,4.8,13.0921,0.8,0,1
177036,flyer2,4.49999,2.12694,-0.3,0,2
177036,flyer1,13.5,3.117,-0.3,0,2
177036,bullet6,4.8,13.1214,0.8,0,1
177036,bullet1,0.8,11.9988,0.8,0,1
177040,player,0.4,11.9215,0,-0.00404144,1
177040,bullet5,8.8,13.0921,0.8,0,1
177040,bullet2,0.8,11.9215,0.8,0,1
177041,flyer2,2.99999,2.12694,-0.3,0,2
177041,flyer1,12,3.117,-0.3,0,2
177041,bullet6,8.8,13.1214,0.8,0,1
177041,bullet1,4.8,11.9988,0.8,0,1
177045,player,0.4,11.9182,0,-7.45759e-05,1
177045,bullet5,12.8,13.0921,0.8,0,1
177045,bullet2,4.8,11.9215,0.8,0,1
177046,flyer2,1.49999,2.12694,-0.3,0,2
177046,flyer1,10.5,3.117,-0.3,0,2
177046,bullet6,12.8,13.1214,0.8,0,1
177046,bullet1,8.8,11.9988,0.8,0,1
177050,player,0.988474,11.3297,0.0307547,-0.0307561,1
177050,bullet2,8.8,11.9215,0.8,0,1
177051,flyer2,-6.4373e-06,2.12694,-0.3,0,2
177051,flyer1,9,3.117,-0.3,0,2
177051,bullet1,12.8,11.9988,0.8,0,1
177051,bullet3,1.40231,11.3159,0.8,0,1
177055,player,1.60165,10.7165,0.0313222,-0.0313222,1
177055,bullet2,12.8,11.9215,0.8,0,1
177056,flyer1,7.5,3.117,-0.3,0,2
177056,flyer4,16.5,3.117,-0.21965,-0.204338,2
177056,bullet3,5.40231,11.3159,0.8,0,1
177056,bullet4,2.01574,10.7024,0.8,0,1
177060,player,2.21527,9.8645,0.0313327,-0.489953,1
177061,flyer1,5.99999,3.117,-0.3,0,2
177061,flyer4,15.4017,2.09531,-0.21965,-0.204338,2
177061,bullet3,9.40231,11.3159,0.8,0,1
177061,bullet4,6.01574,10.7024,0.8,0,1
177062,bullet5,2.63572,9.54481,0.8,0,1
177065,player,1.68272,8.91331,-0.0677656,-0.0773848,1
177066,flyer1,4.49999,3.117,-0.3,0,2
177066,flyer4,14.3035,1.07363,-0.21965,-0.204338,2
177066,bullet3,13.4023,11.3159,0.8,0,1
177066,bullet4,10.0157,10.7024,0.8,0,1
177067,bullet5,6.63572,9.54481,0.8,0,1
177068,bullet6,2.03232,8.36638,0.8,0,1
177070,player,1.9658,8.60018,0.33625,0.305317,1
177071,flyer1,2.99999,3.117,-0.3,0,2
177071,flyer4,13.2052,0.0519364,-0.21965,-0.204338,2
177071,bullet4,14.0157,10.7024,0.8,0,1
177072,bullet5,10.6357,9.54481,0.8,0,1
177073,bullet6,6.03233,8.36638,0.8,0,1
177075,player,2.23583,8.81462,0.00620475,0.043223,1
177075,flyer5,16.5,3.117,-0.274952,0.120006,2
177075,bullet1,2.63583,8.81462,0.8,0,1
177076,flyer1,1.49999,3.117,-0.3,0,2
177077,bullet5,14.6357,9.54481,0.8,0,1
177078,bullet6,10.0323,8.36638,0.8,0,1
177080,player,2.12788,9.33871,0.13815,0.152673,1
177080,flyer5,15.1252,3.71703,-0.274952,0.120006,2
177080,bullet1,6.63583,8.81462,0.8,0,1
177080,bullet2,2.52788,9.33871,0.8,0,1
177081,flyer1,-6.4373e-06,3.117,-0.3,0,2
177083,bullet6,14.0323,8.36638,0.8,0,1
177085,player,3.38501,10.019,0.101648,0.071161,1
177085,flyer5,13.7505,4.31706,-0.274952,0.120006,2
177085,bullet1,10.6358,8.81462,0.8,0,1
177085,bullet2,6.52788,9.33871,0.8,0,1
177085,bullet3,2.98501,10.019,-0.8,-6.99382e-08,1
177086,bullet4,3.83075,10.0511,0.8,0,1
177090,player,3.46665,10.0762,0.00187569,0.00131312,1
177090,flyer5,12.3757,4.91709,-0.274952,0.120006,2
177090,bullet1,14.6358,8.81462,0.8,0,1
177090,bullet2,10.5279,9.33871,0.8,0,1
177091,bullet4,7.83075,10.0511,0.8,0,1
177093,flayer7,16.5,3.117,-0.294962,0.0547478,2
177095,player,3.80565,9.18202,0.337535,-0.40582,1
177095,flyer5,11.001,5.51712,-0.274952,0.120006,2
177095,bullet2,14.5279,9.33871,0.8,0,1
177096,bullet4,11.8308,10.0511,0.8,0,1
177096,bullet5,4.35754,8.9994,0.8,0,1
177098,flayer7,15.0252,3.39074,-0.294962,0.0547478,2
177099,bullet6,4.47049,9.35298,0.8,0,1
177100,player,4.07672,9.41383,0.00622846,0.0608552,1
177100,flyer5,9.6262,6.11715,-0.274952,0.120006,2
177101,bullet4,15.8308,10.0511,0.8,0,1
177101,bullet5,8.35754,8.9994,0.8,0,1
177101,bullet3,4.47952,9.44122,0.8,0,1
177103,flayer7,13.5504,3.66448,-0.294962,0.0547478,2
177104,bullet6,8.47049,9.35298,0.8,0,1
177105,player,4.6702,9.5618,0.0308696,-0.119997,1
177105,flyer5,8.25144,6.71717,-0.274952,0.120006,2
177106,bullet5,12.3575,8.9994,0.8,0,1
177106,bullet3,8.47952,9.44122,0.8,0,1
177106,bullet1,5.08409,9.5078,0.8,0,1
177108,flayer7,12.0756,3.93822,-0.294962,0.0547478,2
177109,bullet6,12.4705,9.35298,0.8,0,1
177110,player,4.20561,9.39709,-0.151305,0.081317,1
177110,flyer5,6.87668,7.3172,-0.274952,0.120006,2
177111,bullet5,16.3575,8.9994,0.8,0,1
177111,bullet3,12.4795,9.44122,0.8,0,1
177111,bullet1,9.08409,9.5078,0.8,0,1
177112,bullet2,4.50689,9.45016,0.8,0,1
177113,flayer7,10.6008,4.21196,-0.294962,0.0547478,2
177115,player,3.25723,9.31053,-0.492167,0.187126,1
177115,flyer5,5.50192,7.91723,-0.274952,0.120006,2
177116,bullet1,13.0841,9.5078,0.8,0,1
177117,bullet2,8.50689,9.45016,0.8,0,1
177118,flayer7,9.12595,4.4857,-0.294962,0.0547478,2
177120,player,3.45045,8.90308,0.0216728,-0.0648908,1
177120,flyer5,4.12716,8.51726,-0.274952,0.120006,2
