108941,player,4.23836,7.07992,0.3375,0,1
108942,bullet1,3.99023,7.07992,-0.8,-6.99382e-08,1
108945,bullet2,4.03483,7.63764,-0.8,-6.99382e-08,1
108946,player,4.47864,7.66839,0.0438169,0.0307547,1
108946,bullet3,4.87864,7.66839,0.8,0,1
108947,bullet1,-0.00976789,7.07992,-0.8,-6.99382e-08,1
108947,bullet4,4.89836,7.68223,0.8,0,1
108950,bullet2,0.0348259,7.63764,-0.8,-6.99382e-08,1
108951,player,5.43981,7.03627,0.369063,0.0533441,1
108951,bullet3,8.87864,7.66839,0.8,0,1
108952,flyer1,16.5,2.11614,-0.239306,-0.180921,2
108952,bullet4,8.89836,7.68223,0.8,0,1
108952,bullet5,6.00588,7.06028,0.8,0,1
108954,bullet6,6.60363,7.07594,0.8,0,1
108956,player,6.32467,7.07911,0.0375649,0.000984348,1
108956,bullet3,12.8786,7.66839,0.8,0,1
108957,flyer1,15.3035,1.21154,-0.239306,-0.180921,2
108957,bullet4,12.8984,7.68223,0.8,0,1
108957,bullet5,10.0059,7.06028,0.8,0,1
108959,bullet6,10.6036,7.07594,0.8,0,1
108961,player,6.69234,6.59053,0.338193,-0.151857,1
108962,flyer1,14.1069,0.306931,-0.239306,-0.180921,2
108962,flyer2,16.5,2.11614,-0.274211,0.12169,2
108962,bullet5,14.0059,7.06028,0.8,0,1
108962,bullet1,7.24453,6.52219,0.8,0,1
108963,bullet2,7.31301,6.49144,0.8,0,1
108964,bullet6,14.6036,7.07594,0.8,0,1
108966,player,7.30144,6.13107,0.343741,-0.340302,1
108967,flyer2,15.1289,2.72459,-0.274211,0.12169,2
108967,bullet1,11.2445,6.52219,0.8,0,1
108968,flyer3,16.5,0.802765,-0.215257,-0.20896,2
108968,bullet2,11.313,6.49144,0.8,0,1
108969,bullet3,6.90995,6.92511,0.8,0,1
108970,bullet4,6.82495,7.01025,0.8,0,1
108971,player,6.3867,7.04857,-0.0382513,0.0383148,1
108972,flyer2,13.7579,3.33304,-0.274211,0.12169,2
108972,bullet1,15.2445,6.52219,0.8,0,1
108973,flyer3,15.4237,-0.242035,-0.215257,-0.20896,2
108973,bullet2,15.313,6.49144,0.8,0,1
108974,bullet3,10.91,6.92511,0.8,0,1
108975,bullet4,10.825,7.01025,0.8,0,1
108975,bullet5,6.26731,6.58926,0.8,0,1
108976,player,5.46076,6.18412,-0.40655,-0.405137,1
108977,flyer2,12.3868,3.9415,-0.274211,0.12169,2
108977,bullet6,5.67781,6.00181,0.8,0,1
108979,bullet3,14.91,6.92511,0.8,0,1
108980,bullet4,14.825,7.01025,0.8,0,1
108980,bullet5,10.2673,6.58926,0.8,0,1
108981,player,4.23905,6.22701,-0.413346,0.292435,1
108982,flyer2,11.0158,4.54995,-0.274211,0.12169,2
108982,bullet6,9.67781,6.00181,0.8,0,1
108982,bullet1,4.45304,6.35861,0.8,0,1
108983,bullet2,4.36934,6.41783,0.8,0,1
108985,bullet5,14.2673,6.58926,0.8,0,1
108986,player,3.9071,6.46186,-0.00762739,0.00539625,1
108987,flyer2,9.64473,5.1584,-0.274211,0.12169,2
108987,bullet6,13.6778,6.00181,0.8,0,1
108987,bullet1,8.45304,6.35861,0.8,0,1
108988,bullet2,8.36934,6.41783,0.8,0,1
108990,bullet3,3.81174,6.95547,0.8,0,1
108991,player,3.34325,7.02391,-0.0684845,0.0684433,1
108991,bullet4,3.74325,7.02391,0.8,0,1
108992,flyer2,8.27367,5.76685,-0.274211,0.12169,2
108992,bullet1,12.453,6.35861,0.8,0,1
108993,bullet2,12.3693,6.41783,0.8,0,1
108995,bullet5,3.0327,7.63534,0.8,0,1
108996,player,2.65519,7.32985,0.0224857,-0.305482,1
108998,bullet2,16.3693,6.41783,0.8,0,1
108998,bullet6,2.58048,7.6199,0.8,0,1
109000,bullet5,7.0327,7.63534,0.8,0,1
109001,player,1.58156,6.85996,-0.1653,-0.481172,1
109001,flyer4,16.5,2.99102,-0.258228,0.152703,2
109002,flyer5,16.5,2.99102,-0.290702,-0.0741113,2
109003,bullet6,6.58049,7.6199,0.8,0,1
109004,bullet3,1.36926,6.01278,0.8,0,1
109005,bullet5,11.0327,7.63534,0.8,0,1
109006,player,0.860335,5.39569,-0.0338049,-0.191509,1
109006,flyer4,15.2089,3.75453,-0.258228,0.152703,2
109006,bullet4,1.26034,5.39569,0.8,0,1
109007,flyer5,15.0465,2.62046,-0.290702,-0.0741113,2
109008,bullet6,10.5805,7.6199,0.8,0,1
109009,bullet3,5.36926,6.01278,0.8,0,1
109010,bullet5,15.0327,7.63534,0.8,0,1
109011,player,1.4355,5.22806,0.0132158,0.0133812,1
109011,flyer4,13.9177,4.51805,-0.258228,0.152703,2
109011,bullet4,5.26034,5.39569,0.8,0,1
109012,flyer5,13.593,2.2499,-0.290702,-0.0741113,2
109012,bullet1,1.84145,5.23408,0.8,0,1
109013,bullet6,14.5805,7.6199,0.8,0,1
109014,bullet3,9.36926,6.01278,0.8,0,1
109016,player,2.83071,5.08693,0.557963,0.185872,1
109016,flyer4,12.6266,5.28157,-0.258228,0.152703,2
109016,bullet4,9.26034,5.39569,0.8,0,1
109017,flyer5,12.1395,1.87935,-0.290702,-0.0741113,2
109017,bullet1,5.84145,5.23408,0.8,0,1
109017,bullet2,3.48179,5.17057,0.8,0,1
109021,player,2.2317,5.30454,-0.209923,-0.0801014,1
109022,flyer5,10.686,1.50879,-0.290702,-0.0741113,2
109022,bullet1,9.84145,5.23408,0.8,0,1
109022,bullet2,7.48179,5.17057,0.8,0,1
109023,bullet5,2.49473,5.74165,0.8,0,1
109026,player,2.06312,5.84253,-0.00387367,0.0123615,1
109027,flyer5,9.23245,1.13823,-0.290702,-0.0741113,2
109027,bullet1,13.8414,5.23408,0.8,0,1
109027,bullet2,11.4818,5.17057,0.8,0,1
109028,bullet5,6.49473,5.74165,0.8,0,1
109030,bullet6,2.36098,5.85222,0.8,0,1
109031,player,2.01541,5.85245,0.0544327,0.000228105,1
109032,flyer5,7.77894,0.767677,-0.290702,-0.0741113,2
109032,bullet2,15.4818,5.17057,0.8,0,1
109033,bullet5,10.4947,5.74165,0.8,0,1
109034,flyer6,16.5,6.17526,-0.298893,-0.0257472,2
109035,bullet6,6.36098,5.85222,0.8,0,1
109036,player,1.35772,6.10361,0.108285,-0.306741,1
109037,flyer5,6.32544,0.39712,-0.290702,-0.0741113,2
109039,flyer6,15.0055,6.04652,-0.298893,-0.0257472,1
109039,bullet3,1.83824,5.38614,0.8,0,1
109040,bullet6,10.361,5.85222,0.8,0,1
109041,player,1.44468,5.2688,0.00199817,-0.0364149,1
109042,flyer5,4.87193,0.0265638,-0.290702,-0.0741113,2
109042,bullet4,1.84558,5.25241,0.8,0,1
109044,flyer6,13.5111,5.91778,-0.298893,-0.0257472,0
109044,bullet3,5.83824,5.38614,0.8,0,1
109045,bullet1,1.84625,4.68251,0.8,0,1
109046,player,1.44628,4.65108,3.68718e-05,-0.0314266,1
109046,bullet2,1.84628,4.65108,0.8,0,1
109047,flyer5,3.41842,-0.343993,-0.290702,-0.0741113,2
109047,bullet4,5.84558,5.25241,0.8,0,1
109049,bullet3,9.83824,5.38614,0.8,0,1
109050,bullet1,5.84625,4.68251,0.8,0,1
109051,player,1.44631,4.28834,6.80388e-07,-0.33808,1
109051,bullet2,5.84628,4.65108,0.8,0,1
109052,bullet4,9.84558,5.25241,0.8,0,1
109054,bullet3,13.8382,5.38614,0.8,0,1
109055,bullet1,9.84625,4.68251,0.8,0,1
109056,player,0.4,4.68749,-0,-0.0759302,1
109056,bullet2,9.84628,4.65108,0.8,0,1
109057,bullet4,13.8456,5.25241,0.8,0,1
109058,flayer7,16.5,3.56594,-0.294401,-0.0576892,2
109060,bullet1,13.8462,4.68251,0.8,0,1
109061,player,0.957719,4.28902,0.0683438,-0.338901,1
109061,flayer8,16.5,3.56594,-0.3,0,2
109061,bullet2,13.8463,4.65108,0.8,0,1
109062,bullet5,1.38847,4.13651,0.8,0,1
109063,flayer7,15.028,3.2775,-0.294401,-0.0576892,2
109065,flyer1,16.5,3.56594,-0.3,0,2
109066,player,0.52323,3.45913,-0.150614,-0.0745974,1
109066,flayer8,15,3.56594,-0.3,0,2
109067,bullet5,5.38847,4.13651,0.8,0,1
109067,bullet6,0.855454,3.42556,0.8,0,1
109068,flayer7,13.556,2.98905,-0.294401,-0.0576892,2
109070,flyer1,15,3.56594,-0.3,0,2
109071,player,0.4,3.6502,-0,-0.308122,1
109071,flayer8,13.5,3.56594,-0.3,0,2
109072,bullet5,9.38847,4.13651,0.8,0,1
109072,bullet6,4.85545,3.42556,0.8,0,1
109073,flayer7,12.084,2.70061,-0.294401,-0.0576892,2
109075,flyer1,13.5,3.56594,-0.3,0,2
109076,player,0.4,4.54894,0,0.0934127,1
109076,flayer8,12,3.56594,-0.3,0,1
109077,bullet6,8.85545,3.42556,0.8,0,1
109078,flayer7,10.612,2.41216,-0.294401,-0.0576892,2
109080,flyer1,12,3.56594,-0.3,0,2
109081,player,0.4,4.7369,0,-0.136312,1
109081,bullet3,0.8,4.7369,0.8,0,1
109083,flayer7,9.13997,2.12371,-0.294401,-0.0576892,2
109084,bullet4,0.8,5.12491,0.8,0,1
109085,flyer1,10.5,3.56594,-0.3,0,2
109086,player,0.7375,5.2159,0.3375,0.0282394,1
109086,bullet3,4.8,4.7369,0.8,0,1
109088,flayer7,7.66796,1.83527,-0.294401,-0.0576892,2
109089,bullet4,4.8,5.12491,0.8,0,1
109090,flyer1,9,3.56594,-0.3,0,2
109090,bullet1,1.40231,5.79578,0.8,0,1
109091,player,0.671041,6.16455,-0.331272,0.368776,1
109091,bullet3,8.8,4.7369,0.8,0,1
109093,flayer7,6.19596,1.54682,-0.294401,-0.0576892,2
109094,bullet4,8.8,5.12491,0.8,0,1
109095,flyer1,7.5,3.56594,-0.3,0,2
109095,bullet1,5.40231,5.79578,0.8,0,1
109096,player,0.405002,6.46071,-0.0061129,0.00680495,1
109096,bullet3,12.8,4.7369,0.8,0,1
109096,bullet2,0.805002,6.46071,0.8,0,1
109098,flayer7,4.72395,1.25838,-0.294401,-0.0576892,2
109099,bullet4,12.8,5.12491,0.8,0,1
109100,flyer1,5.99999,3.56594,-0.3,0,2
109100,bullet1,9.40231,5.79578,0.8,0,1
109101,player,0.4,6.71715,-0,-0.30662,1
109101,bullet2,4.805,6.46071,0.8,0,1
109103,flayer7,3.25195,0.969931,-0.294401,-0.0576892,2
109104,bullet5,0.8,6.48914,0.8,0,1
109105,flyer1,4.49999,3.56594,-0.3,0,2
109105,bullet1,13.4023,5.79578,0.8,0,1
109106,player,0.4,6.47091,0,-0.005658,1
109106,bullet2,8.805,6.46071,0.8,0,1
109106,bullet6,0,6.47091,-0.8,-6.99382e-08,1
109108,flayer7,1.77994,0.681485,-0.294401,-0.0576892,2
109109,bullet5,4.8,6.48914,0.8,0,1
109110,flyer1,2.99999,3.56594,-0.3,0,2
109111,player,0.4,7.02408,0,0.0682393,1
109111,bullet2,12.805,6.46071,0.8,0,1
109111,bullet3,0.8,7.02408,0.8,0,1
109112,bullet4,0.8,7.05479,0.8,0,1
109113,flayer7,0.307938,0.393039,-0.294401,-0.0576892,2
109114,bullet5,8.8,6.48914,0.8,0,1
109115,flyer1,1.49999,3.56594,-0.3,0,2
109116,player,0.889375,7.07888,0.151875,0.00125921,1
109116,bullet2,16.805,6.46071,0.8,0,1
109116,bullet3,4.8,7.02408,0.8,0,1
109117,bullet4,4.8,7.05479,0.8,0,1
109119,bullet5,12.8,6.48914,0.8,0,1
109119,bullet6,0.844594,7.07982,0.8,0,1
109120,flyer1,-6.4373e-06,3.56594,-0.3,0,2
109121,player,0.409031,7.56927,-0.0110371,0.151898,1
109121,bullet3,8.8,7.02408,0.8,0,1
109122,bullet4,8.8,7.05479,0.8,0,1
109124,flyer3,16.5,6.04742,-0.3,0,2
109124,bullet6,4.84459,7.07982,0.8,0,1
109125,bullet1,0.80037,8.27693,0.8,0,1
109126,player,0.400167,8.29357,-0.000203665,0.0166426,1
109126,bullet3,12.8,7.02408,0.8,0,1
109127,bullet4,12.8,7.05479,0.8,0,1
109129,flyer3,15,6.04742,-0.3,0,2
109129,bullet6,8.84459,7.07982,0.8,0,1
109130,bullet1,4.80037,8.27693,0.8,0,1
109131,player,0.4,9.83522,0,0.382401,1
109132,flyer2,16.5,3.56594,-0.3,0,2
109133,bullet2,0.8,10.0847,0.8,0,1
109134,flyer3,13.5,6.04742,-0.3,0,2
109134,bullet6,12.8446,7.07982,0.8,0,1
109135,bullet1,8.80037,8.27693,0.8,0,1
109135,bullet5,0.8,10.1353,0.8,0,1
109136,player,0.4,10.1423,0,0.00705638,1
109137,flyer2,15,3.56594,-0.3,0,2
109138,bullet2,4.8,10.0847,0.8,0,1
109139,flyer3,12,6.04742,-0.3,0,2
109140,bullet1,12.8004,8.27693,0.8,0,1
109140,bullet5,4.8,10.1353,0.8,0,1
109141,player,0.889375,10.5984,0.151875,0.199595,1
109142,flyer2,13.5,3.56594,-0.3,0,2
109143,bullet2,8.8,10.0847,0.8,0,1
109144,flyer3,10.5,6.04742,-0.3,0,2
109144,bullet3,1.89169,11.2362,0.8,0,1
109145,bullet5,8.8,10.1353,0.8,0,1
109146,player,1.59982,11.3472,0.0335572,0.0344378,1
109147,flyer2,12,3.56594,-0.3,0,2
109148,bullet2,12.8,10.0847,0.8,0,1
109149,flyer3,9,6.04742,-0.3,0,2
109149,bullet3,5.89169,11.2362,0.8,0,1
109150,bullet5,12.8,10.1353,0.8,0,1
109150,bullet4,2.0569,11.9627,0.8,0,1
109151,player,1.97811,11.9772,0.321204,0.0144751,1
109152,flyer2,10.5,3.56594,-0.3,0,2
109154,flyer3,7.5,6.04742,-0.3,0,2
109154,bullet3,9.89169,11.2362,0.8,0,1
109155,bullet4,6.0569,11.9627,0.8,0,1
109156,player,2.26681,11.958,-0.0316619,0.0378562,1
109157,flyer2,9,3.56594,-0.3,0,2
109158,bullet6,3.13553,12.4721,0.8,0,1
109159,flyer3,5.99999,6.04742,-0.3,0,2
109159,bullet3,13.8917,11.2362,0.8,0,1
109160,bullet4,10.0569,11.9627,0.8,0,1
109161,player,2.99558,12.5907,-0.17237,0.0145382,1
109162,flyer2,7.5,3.56594,-0.3,0,2
109163,bullet6,7.13553,12.4721,0.8,0,1
109164,flyer3,4.49999,6.04742,-0.3,0,2
109165,bullet4,14.0569,11.9627,0.8,0,1
109166,player,2.04846,12.8226,0.235221,-0.268888,1
109167,flyer2,5.99999,3.56594,-0.3,0,2
109168,flyer4,16.5,6.04742,-0.3,0,2
109168,bullet6,11.1355,12.4721,0.8,0,1
109169,flyer3,2.99999,6.04742,-0.3,0,2
109171,player,2.19276,12.6513,0.0588446,-0.0594659,1
109172,flyer2,4.49999,3.56594,-0.3,0,2
109173,flyer4,15,6.04742,-0.3,0,2
109173,bullet6,15.1355,12.4721,0.8,0,1
109174,flyer3,1.49999,6.04742,-0.3,0,2
109174,bullet1,2.63652,13.1648,0.8,0,1
109176,player,2.24002,13.2059,0.00108585,0.0127423,1
109176,bullet2,2.64002,13.2059,0.8,0,1
109177,flyer2,2.99999,3.56594,-0.3,0,2
109177,bullet5,2.64051,13.2116,0.8,0,1
109178,flyer4,13.5,6.04742,-0.3,0,2
109179,flyer3,-6.4373e-06,6.04742,-0.3,0,2
109179,bullet1,6.63652,13.1648,0.8,0,1
109181,player,1.68317,12.7267,-0.0683237,-0.15164,1
109181,bullet2,6.64002,13.2059,0.8,0,1
109182,flyer2,1.49999,3.56594,-0.3,0,2
109182,bullet5,6.64051,13.2116,0.8,0,1
109183,flyer4,12,6.04742,-0.3,0,2
109184,bullet1,10.6365,13.1648,0.8,0,1
109186,player,2.18602,11.1074,0.067083,-0.422482,1
109186,bullet2,10.64,13.2059,0.8,0,1
109187,flyer2,-6.4373e-06,3.56594,-0.3,0,2
109187,bullet5,10.6405,13.2116,0.8,0,1
109187,bullet3,2.61621,10.9173,0.8,0,1
109188,flyer4,10.5,6.04742,-0.3,0,2
109189,bullet1,14.6365,13.1648,0.8,0,1
109191,player,1.1928,10.6998,-0.218981,0.0757353,1
109191,bullet2,14.64,13.2059,0.8,0,1
109192,bullet5,14.6405,13.2116,0.8,0,1
109192,bullet3,6.61621,10.9173,0.8,0,1
109192,bullet4,1.49426,10.7338,0.8,0,1
109193,flyer4,9,6.04742,-0.3,0,2
109195,flyer6,16.5,3.56594,-0.3,0,2
109195,bullet6,1.42098,10.7592,0.8,0,1
109196,player,1.01694,10.7606,-0.00404081,0.00139753,1
109197,bullet3,10.6162,10.9173,0.8,0,1
109197,bullet4,5.49426,10.7338,0.8,0,1
109198,flyer4,7.5,6.04742,-0.3,0,2
109200,flyer6,15,3.56594,-0.3,0,2
109200,bullet6,5.42099,10.7592,0.8,0,1
109201,player,2.66311,11.9217,0.233984,0.0822091,1
109202,bullet3,14.6162,10.9173,0.8,0,1
109202,bullet4,9.49426,10.7338,0.8,0,1
109203,flyer4,5.99999,6.04742,-0.3,0,2
109205,flyer6,13.5,3.56594,-0.3,0,2
109205,bullet6,9.42099,10.7592,0.8,0,1
109206,player,1.92504,11.7368,-0.363937,0.308262,1
109207,bullet4,13.4943,10.7338,0.8,0,1
109208,flyer4,4.49999,6.04742,-0.3,0,2
109208,bullet1,2.08757,11.9379,0.8,0,1
109210,flyer6,12,3.56594,-0.3,0,2
109210,bullet6,13.421,10.7592,0.8,0,1
109211,player,1.07505,11.9843,-0.0750594,0.00568831,1
109211,bullet2,1.47505,11.9843,0.8,0,1
109212,bullet5,1.44127,11.9869,0.8,0,1
109213,flyer4,2.99999,6.04742,-0.3,0,2
109213,bullet1,6.08757,11.9379,0.8,0,1
109214,bullet3,1.41923,11.9886,0.8,0,1
109215,flyer6,10.5,3.56594,-0.3,0,2
109216,player,0.677271,12.3264,-0.338885,0.337605,1
109216,bullet2,5.47505,11.9843,0.8,0,1
109217,bullet5,5.44127,11.9869,0.8,0,1
109218,flyer4,1.49999,6.04742,-0.3,0,2
109218,bullet1,10.0876,11.9379,0.8,0,1
109219,bullet3,5.41923,11.9886,0.8,0,1
109220,flyer6,9,3.56594,-0.3,0,2
109221,player,0.742618,12.26,0.331247,-0.33127,1
109221,bullet2,9.47505,11.9843,0.8,0,1
109222,bullet5,9.44127,11.9869,0.8,0,1
109223,flyer4,-6.4373e-06,6.04742,-0.3,0,2
109223,bullet1,14.0876,11.9379,0.8,0,1
109224,bullet3,9.41924,11.9886,0.8,0,1
109225,flyer6,7.5,3.56594,-0.3,0,2
109226,player,0.406324,11.5492,-0.00772718,-0.212492,1
109226,bullet2,13.4751,11.9843,0.8,0,1
109227,bullet5,13.4413,11.9869,0.8,0,1
109228,bullet4,1.29066,10.9212,0.8,0,1
109229,bullet3,13.4192,11.9886,0.8,0,1
109230,flyer6,5.99999,3.56594,-0.3,0,2
109230,bullet6,1.38873,10.794,0.8,0,1
109231,player,1.00243,10.7763,0.013697,-0.0177607,1
109233,flyer5,16.5,6.04742,-0.3,0,2
109233,bullet4,5.29066,10.9212,0.8,0,1
109235,flyer6,4.49999,3.56594,-0.3,0,2
109235,bullet6,5.38873,10.794,0.8,0,1
109236,player,1.08177,11.3197,-0.0832785,0.068016,1
109238,flyer5,15,6.04742,-0.3,0,2
109238,bullet4,9.29066,10.9212,0.8,0,1
109238,bullet1,0.93806,11.3641,0.8,0,1
109240,flyer6,2.99999,3.56594,-0.3,0,2
109240,bullet6,9.38873,10.794,0.8,0,1
109240,bullet2,0.827958,11.3731,0.8,0,1
109241,player,0.412581,11.3743,-0.0153763,0.00125509,1
109243,flyer5,13.5,6.04742,-0.3,0,2
109243,bullet4,13.2907,10.9212,0.8,0,1
109243,bullet1,4.93806,11.3641,0.8,0,1
109245,flyer6,1.49999,3.56594,-0.3,0,2
109245,bullet6,13.3887,10.794,0.8,0,1
109245,bullet2,4.82796,11.3731,0.8,0,1
109246,player,1.00255,11.3753,0.0135559,2.31599e-05,1
109247,bullet5,0.608646,11.3753,-0.8,-6.99382e-08,1
109248,flyer5,12,6.04742,-0.3,0,2
109248,bullet1,8.93806,11.3641,0.8,0,1
109250,flyer6,-6.4373e-06,3.56594,-0.3,0,2
109250,bullet2,8.82796,11.3731,0.8,0,1
109251,player,1.01343,11.8647,0.000250144,0.151875,1
109251,bullet3,1.41343,11.8647,0.8,0,1
109253,flyer5,10.5,6.04742,-0.3,0,2
109253,bullet1,12.9381,11.3641,0.8,0,1
109253,bullet4,1.4136,11.9638,0.8,0,1
109255,bullet2,12.828,11.3731,0.8,0,1
109256,player,1.01363,11.9867,4.61586e-06,0.00280253,1
109256,bullet3,5.41343,11.8647,0.8,0,1
109258,flyer5,9,6.04742,-0.3,0,2
109258,bullet4,5.4136,11.9638,0.8,0,1
109258,bullet6,0.924262,12.4779,0.8,0,1
109260,bullet5,0.825165,12.5774,0.8,0,1
109261,player,0.4,12.9288,-0,0.351391,1
109261,bullet3,9.41343,11.8647,0.8,0,1
109263,flyer5,7.5,6.04742,-0.3,0,2
109263,bullet4,9.4136,11.9638,0.8,0,1
109263,bullet6,4.92426,12.4779,0.8,0,1
109265,bullet5,4.82516,12.5774,0.8,0,1
109266,player,0.957719,12.6532,0.0683438,-0.0618596,1
109266,bullet3,13.4134,11.8647,0.8,0,1
109268,flyer5,5.99999,6.04742,-0.3,0,2
109268,bullet4,13.4136,11.9638,0.8,0,1
109268,bullet6,8.92426,12.4779,0.8,0,1
109270,bullet5,8.82517,12.5774,0.8,0,1
109271,player,0.63051,12.8965,-0.281735,0.390863,1
109272,flayer8,16.5,14.941,-0.3,0,2
109273,flyer5,4.49999,6.04742,-0.3,0,2
109273,bullet6,12.9243,12.4779,0.8,0,1
109275,bullet5,12.8252,12.5774,0.8,0,1
109276,player,0.884369,13.7681,0.0593554,0.0755563,1
109276,bullet1,1.28437,13.7681,0.8,0,1
109277,flayer8,15,14.941,-0.3,0,2
109277,bullet2,1.31108,13.8021,0.8,0,1
109278,flyer5,2.99999,6.04742,-0.3,0,2
109279,bullet3,1.32851,13.8243,0.8,0,1
109280,bullet4,1.33094,13.8274,0.8,0,1
109281,player,0.932037,13.8288,0.00109527,0.00139423,1
109281,bullet1,5.28437,13.7681,0.8,0,1
109282,flayer8,13.5,14.941,-0.3,0,2
109282,bullet2,5.31108,13.8021,0.8,0,1
109283,flyer5,1.49999,6.04742,-0.3,0,2
109284,bullet3,5.32851,13.8243,0.8,0,1
109285,bullet4,5.33094,13.8274,0.8,0,1
109286,player,0.4,14.7251,-0.0512427,0.405869,1
109286,bullet1,9.28437,13.7681,0.8,0,1
109287,flayer8,12,14.941,-0.3,0,2
109287,bullet2,9.31108,13.8021,0.8,0,1
109288,flyer5,-6.4373e-06,6.04742,-0.3,0,2
109289,bullet3,9.32851,13.8243,0.8,0,1
109290,bullet4,9.33094,13.8274,0.8,0,1
109291,player,0.39912,15.051,-0.000354589,0.00748943,1
109291,bullet1,13.2844,13.7681,0.8,0,1
109292,flayer8,10.5,14.941,-0.3,0,2
109292,bullet2,13.3111,13.8021,0.8,0,1
109294,bullet3,13.3285,13.8243,0.8,0,1
109295,bullet4,13.3309,13.8274,0.8,0,1
109296,player,0.398835,15.0571,-6.54317e-06,0.000138201,1
109296,flayer7,16.5,6.04742,-0.299486,0.0175619,2
109296,bullet6,-0.00116473,15.0571,-0.8,-6.99382e-08,1
109297,flayer8,9,14.941,-0.3,0,2
109297,bullet5,0.798832,15.0571,0.8,0,1
109299,flyer1,16.5,6.04742,-0.284106,-0.0963523,2
109299,bullet1,0.79883,15.0571,0.8,0,1
109300,bullet2,-0.00116986,15.0572,-0.8,-6.99382e-08,1
109301,player,0.39883,15.0572,-1.2074e-07,2.5502e-06,1
109301,flayer7,15.0026,6.13523,-0.299486,0.0175619,2
109302,flayer8,7.5,14.941,-0.3,0,2
109302,bullet5,4.79883,15.0571,0.8,0,1
109303,bullet6,-0.00116998,15.0572,-0.8,-6.99382e-08,1
109304,flyer1,15.0795,5.56566,-0.284106,-0.0963523,2
109304,bullet1,4.79883,15.0571,0.8,0,1
109306,player,0.4,14.4994,-0,-0.0683437,1
109306,flayer7,13.5051,6.22304,-0.299486,0.0175619,2
109309,flyer1,13.6589,5.0839,-0.284106,-0.0963523,2
109311,player,0.4,14.3762,0,0.0822701,1
109311,flayer7,12.0077,6.31085,-0.299486,0.0175619,2
109311,flyer3,16.5,5.62703,-0.21506,-0.209163,2
109312,flyer2,16.5,5.62703,-0.3,0,2
109312,bullet3,0.8,14.4132,0.8,0,1
109314,flyer1,12.2384,4.60214,-0.284106,-0.0963523,2
109316,player,0.4,13.3952,0,-0.218701,1
109316,flayer7,10.5103,6.39866,-0.299486,0.0175619,2
109316,flyer3,15.4247,4.58122,-0.21506,-0.209163,2
109317,flyer2,15,5.62703,-0.3,0,2
109317,bullet3,4.8,14.4132,0.8,0,1
109317,bullet4,0.8,13.2968,0.8,0,1
109319,flyer1,10.8179,4.12038,-0.284106,-0.0963523,2
109320,bullet2,0.489375,13.713,-0.8,-6.99382e-08,1
109321,player,0.957719,13.7773,0.0683438,0.0643081,1
109321,flayer7,9.01287,6.48647,-0.299486,0.0175619,2
109321,flyer3,14.3494,3.5354,-0.21506,-0.209163,2
109322,flyer2,13.5,5.62703,-0.3,0,2
109322,bullet3,8.8,14.4132,0.8,0,1
109322,bullet4,4.8,13.2968,0.8,0,1
109324,flyer1,9.39734,3.63862,-0.284106,-0.0963523,2
109325,bullet5,2.55754,13.8585,0.8,0,1
109326,player,1.86589,14.1803,-0.291645,0.321772,1
109326,flayer7,7.51544,6.57428,-0.299486,0.0175619,2
109326,flyer3,13.2741,2.48959,-0.21506,-0.209163,2
109327,flyer2,12,5.62703,-0.3,0,2
109327,bullet3,12.8,14.4132,0.8,0,1
109327,bullet4,8.8,13.2968,0.8,0,1
109329,flyer1,7.97681,3.15685,-0.284106,-0.0963523,2
109330,bullet5,6.55754,13.8585,0.8,0,1
109331,player,1.63168,13.8502,-0.00538166,-0.0248171,1
109331,flayer7,6.01801,6.66209,-0.299486,0.0175619,2
109331,flyer3,12.1988,1.44378,-0.21506,-0.209163,2
109332,flyer2,10.5,5.62703,-0.3,0,2
109332,bullet4,12.8,13.2968,0.8,0,1
109333,bullet6,2.02817,14.3234,0.8,0,1
109334,flyer1,6.55628,2.67509,-0.284106,-0.0963523,2
109335,bullet5,10.5575,13.8585,0.8,0,1
109335,bullet1,2.02745,14.4192,0.8,0,1
109336,player,1.28985,14.4326,-0.337599,0.0133817,1
109336,flayer7,4.52059,6.7499,-0.299486,0.0175619,2
109336,flyer3,11.1235,0.397963,-0.21506,-0.209163,2
109337,flyer2,9,5.62703,-0.3,0,2
109338,bullet6,6.02817,14.3234,0.8,0,1
109338,bullet2,0.669571,14.4413,-0.8,-6.99382e-08,1
109339,flyer1,5.13575,2.19333,-0.284106,-0.0963523,2
109340,bullet5,14.5575,13.8585,0.8,0,1
109340,bullet1,6.02745,14.4192,0.8,0,1
109341,player,1.23895,14.6635,-0.275386,-0.268909,1
109341,flayer7,3.02316,6.83771,-0.299486,0.0175619,2
109342,flyer2,7.5,5.62703,-0.3,0,2
109343,bullet6,10.0282,14.3234,0.8,0,1
109344,flyer1,3.71522,1.71157,-0.284106,-0.0963523,2
109345,bullet1,10.0275,14.4192,0.8,0,1
109346,player,0.429322,14.9369,-0.0358363,0.146913,1
109346,flayer7,1.52573,6.92552,-0.299486,0.0175619,2
109346,bullet3,0.829322,14.9369,0.8,0,1
109347,flyer2,5.99999,5.62703,-0.3,0,2
109348,bullet6,14.0282,14.3234,0.8,0,1
109349,flyer1,2.29469,1.22981,-0.284106,-0.0963523,2
109350,bullet1,14.0275,14.4192,0.8,0,1
109351,player,0.957719,15.6,0.0683438,0.053291,1
109351,flayer7,0.0283024,7.01333,-0.299486,0.0175619,2
109351,bullet3,4.82932,14.9369,0.8,0,1
109351,bullet4,1.35772,15.6,0.8,0,1
109352,flyer2,4.49999,5.62703,-0.3,0,2
109354,flyer1,0.87416,0.748048,-0.284106,-0.0963523,2
109354,bullet2,1.40854,15.6,0.8,0,1
109356,player,1.0126,15.1106,0.00126113,-0.151875,1
109356,bullet3,8.82932,14.9369,0.8,0,1
109356,bullet4,5.35772,15.6,0.8,0,1
109357,flyer2,2.99999,5.62703,-0.3,0,2
109357,bullet5,1.41317,15.0423,0.8,0,1
109359,bullet2,5.40854,15.6,0.8,0,1
109361,player,1.01362,14.9887,2.32715e-05,-0.00280252,1
109361,bullet3,12.8293,14.9369,0.8,0,1
109361,bullet4,9.35772,15.6,0.8,0,1
109362,flyer2,1.49999,5.62703,-0.3,0,2
109362,bullet5,5.41317,15.0423,0.8,0,1
109364,bullet2,9.40854,15.6,0.8,0,1
109366,player,0.455918,14.4287,-0.0683433,-0.0683955,1
109366,bullet4,13.3577,15.6,0.8,0,1
109367,flyer2,-6.4373e-06,5.62703,-0.3,0,2
109367,bullet5,9.41317,15.0423,0.8,0,1
109368,bullet6,0.8,14.8734,0.8,0,1
109369,bullet2,13.4085,15.6,0.8,0,1
109370,flyer4,16.5,5.62703,-0.3,0,2
109370,bullet1,0.8,14.9635,0.8,0,1
109371,player,0.7375,14.6386,0.3375,-0.324922,1
109372,bullet5,13.4132,15.0423,0.8,0,1
109373,bullet6,4.8,14.8734,0.8,0,1
109375,flyer4,15,5.62703,-0.3,0,2
109375,bullet1,4.8,14.9635,0.8,0,1
109376,player,0.4,14.867,-0,0.145879,1
109376,flyer6,16.5,5.62703,-0.3,0,2
109378,bullet6,8.8,14.8734,0.8,0,1
109380,flyer4,13.5,5.62703,-0.3,0,2
109380,bullet1,8.8,14.9635,0.8,0,1
109380,bullet3,0.8,14.4237,0.8,0,1
109381,player,0.4,14.3957,0,-0.0280628,1
109381,flyer6,15,5.62703,-0.3,0,2
109381,bullet4,0.8,14.3957,0.8,0,1
109383,bullet6,12.8,14.8734,0.8,0,1
109385,flyer4,12,5.62703,-0.3,0,2
109385,bullet1,12.8,14.9635,0.8,0,1
109385,bullet3,4.8,14.4237,0.8,0,1
109386,player,0.4,14.3731,0,-0.000517838,1
109386,flyer6,13.5,5.62703,-0.3,0,2
109386,bullet4,4.8,14.3957,0.8,0,1
109390,flyer4,10.5,5.62703,-0.3,0,2
109390,bullet3,8.8,14.4237,0.8,0,1
109390,bullet2,0.557719,14.9305,-0.8,-6.99382e-08,1
109391,player,0.988474,14.9612,0.0307547,0.0307451,1
109391,flyer6,12,5.62703,-0.3,0,2
109391,bullet4,8.8,14.3957,0.8,0,1
109391,bullet5,1.38847,14.9612,0.8,0,1
109395,flyer4,9,5.62703,-0.3,0,2
109395,bullet3,12.8,14.4237,0.8,0,1
109396,player,0.424699,15.5744,-0.0301872,0.031322,1
109396,flyer6,10.5,5.62703,-0.3,0,2
109396,bullet4,12.8,14.3957,0.8,0,1
109396,bullet5,5.38847,14.9612,0.8,0,1
109397,bullet6,0.811115,15.5885,0.8,0,1
109400,flyer4,7.5,5.62703,-0.3,0,2
109400,bullet1,0.801013,15.599,0.8,0,1
109401,player,0.4,15.262,-0,-0.336922,1
109401,flyer6,9,5.62703,-0.3,0,2
109401,bullet5,9.38847,14.9612,0.8,0,1
109402,bullet6,4.81111,15.5885,0.8,0,1
109405,flyer4,5.99999,5.62703,-0.3,0,2
109405,bullet1,4.80101,15.599,0.8,0,1
109406,player,0.4,15.5799,0,0.0245375,1
109406,flyer6,7.5,5.62703,-0.3,0,2
109406,bullet5,13.3885,14.9612,0.8,0,1
109406,bullet2,0.8,15.5799,0.8,0,1
109407,bullet6,8.81112,15.5885,0.8,0,1
109410,flyer4,4.49999,5.62703,-0.3,0,2
109410,bullet1,8.80101,15.599,0.8,0,1
109410,bullet3,0.8,15.5992,0.8,0,1
109411,player,0.4,15.5996,0,0.000452786,1
109411,flyer6,5.99999,5.62703,-0.3,0,2
109411,bullet2,4.8,15.5799,0.8,0,1
109412,bullet6,12.8111,15.5885,0.8,0,1
109415,flyer4,2.99999,5.62703,-0.3,0,2
109415,bullet1,12.801,15.599,0.8,0,1
109415,bullet3,4.8,15.5992,0.8,0,1
109416,player,0.957719,15.6,0.0683438,0,1
109416,flyer6,4.49999,5.62703,-0.3,0,2
109416,bullet2,8.8,15.5799,0.8,0,1
109417,bullet4,1.38847,15.6,0.8,0,1
109420,flyer4,1.49999,5.62703,-0.3,0,2
109420,bullet3,8.8,15.5992,0.8,0,1
109421,player,0.52323,14.5529,-0.150614,-0.220219,1
109421,flyer6,2.99999,5.62703,-0.3,0,2
109421,bullet2,12.8,15.5799,0.8,0,1
109422,bullet4,5.38847,15.6,0.8,0,1
109422,bullet5,0.855454,14.4538,0.8,0,1
109425,flyer4,-6.4373e-06,5.62703,-0.3,0,2
109425,bullet3,12.8,15.5992,0.8,0,1
109426,player,0.990748,14.9645,0.0279754,0.026691,1
109426,flyer6,1.49999,5.62703,-0.3,0,2
109427,bullet4,9.38847,15.6,0.8,0,1
109427,bullet5,4.85545,14.4538,0.8,0,1
109430,flyer5,16.5,5.62703,-0.297769,0.036515,2
109431,player,1.54718,15.4307,0.0978871,0.206872,1
109431,flyer6,-6.4373e-06,5.62703,-0.3,0,2
109432,bullet4,13.3885,15.6,0.8,0,1
109432,bullet5,8.85545,14.4538,0.8,0,1
109432,bullet6,1.99123,15.5238,0.8,0,1
109435,flyer5,15.0112,5.8096,-0.297769,0.036515,2
109435,bullet1,2.02399,15.5931,0.8,0,1
109436,player,1.6258,15.5969,0.00180629,0.00381736,1
109437,bullet5,12.8555,14.4538,0.8,0,1
109437,bullet6,5.99123,15.5238,0.8,0,1
109437,bullet2,2.02661,15.5986,0.8,0,1
109440,flyer5,13.5223,5.99218,-0.297769,0.036515,2
109440,bullet1,6.02399,15.5931,0.8,0,1
109441,player,1.06953,15.5999,-0.0683104,7.04411e-05,1
109442,bullet6,9.99123,15.5238,0.8,0,1
109442,bullet2,6.02661,15.5986,0.8,0,1
109445,flyer5,12.0335,6.17475,-0.297769,0.036515,2
109445,bullet1,10.024,15.5931,0.8,0,1
109445,bullet3,1.44668,15.6,0.8,0,1
109446,player,1.02851,15.6,-0.0181756,1.29984e-06,1
109447,bullet6,13.9912,15.5238,0.8,0,1
109447,bullet2,10.0266,15.5986,0.8,0,1
109450,flyer5,10.5446,6.35733,-0.297769,0.036515,2
109450,bullet1,14.024,15.5931,0.8,0,1
109450,bullet3,5.44668,15.6,0.8,0,1
109451,player,1.08226,15.1106,-0.0838666,-0.151875,1
109452,bullet2,14.0266,15.5986,0.8,0,1
109453,flayer8,16.5,8.13077,-0.3,0,2
109455,flyer5,9.05576,6.5399,-0.297769,0.036515,2
109455,flyer3,16.5,4.21403,-0.3,0,2
109455,bullet3,9.44668,15.6,0.8,0,1
109455,bullet4,2.56264,14.9607,0.8,0,1
109456,player,2.20569,15.3123,0.0430467,0.351613,1
109458,flayer8,15,8.13077,-0.3,0,2
109460,flyer5,7.56691,6.72247,-0.297769,0.036515,2
109460,flyer3,15,4.21403,-0.3,0,2
109460,bullet3,13.4467,15.6,0.8,0,1
109460,bullet4,6.56264,14.9607,0.8,0,1
109460,bullet5,2.63947,15.6,0.8,0,1
109461,player,2.24026,15.6,0.000794333,0,1
109462,bullet6,2.64062,15.6,0.8,0,1
109463,flayer8,13.5,8.13077,-0.3,0,2
109465,flyer5,6.07807,6.90505,-0.297769,0.036515,2
109465,flyer3,13.5,4.21403,-0.3,0,2
109465,bullet4,10.5626,14.9607,0.8,0,1
109465,bullet5,6.63947,15.6,0.8,0,1
109466,player,1.8043,14.7731,-0.216365,-0.489375,1
109467,bullet6,6.64062,15.6,0.8,0,1
109468,flayer8,12,8.13077,-0.3,0,2
109469,bullet1,2.53278,13.9198,0.8,0,1
109470,flyer5,4.58922,7.08762,-0.297769,0.036515,2
109470,flyer3,12,4.21403,-0.3,0,2
109470,bullet4,14.5626,14.9607,0.8,0,1
109470,bullet5,10.6395,15.6,0.8,0,1
109471,player,1.88151,13.7916,-0.310738,-0.039785,1
109472,bullet6,10.6406,15.6,0.8,0,1
109473,flayer8,10.5,8.13077,-0.3,0,2
109474,bullet1,6.53278,13.9198,0.8,0,1
109475,flyer5,3.10037,7.2702,-0.297769,0.036515,2
109475,flyer3,10.5,4.21403,-0.3,0,2
109475,bullet5,14.6395,15.6,0.8,0,1
109475,bullet2,1.44922,14.3489,0.8,0,1
109476,player,1.02965,14.6995,-0.0195736,0.350605,1
109477,bullet6,14.6406,15.6,0.8,0,1
109478,flayer8,9,8.13077,-0.3,0,2
109478,bullet3,1.41688,14.9283,0.8,0,1
109479,bullet1,10.5328,13.9198,0.8,0,1
109480,flyer5,1.61152,7.45277,-0.297769,0.036515,2
109480,flyer3,9,4.21403,-0.3,0,2
109480,bullet2,5.44922,14.3489,0.8,0,1
109481,player,0.676432,15.5388,-0.337861,0.0748134,1
109483,flayer8,7.5,8.13077,-0.3,0,2
109483,bullet3,5.41688,14.9283,0.8,0,1
109484,bullet1,14.5328,13.9198,0.8,0,1
109484,bullet4,1.38291,15.0367,0.8,0,1
109485,flyer5,0.122675,7.63534,-0.297769,0.036515,2
109485,flyer3,7.5,4.21403,-0.3,0,2
109485,bullet2,9.44923,14.3489,0.8,0,1
109486,player,0.518039,14.9966,-0.14427,-0.0124591,1
109488,flayer8,5.99999,8.13077,-0.3,0,2
109488,bullet3,9.41688,14.9283,0.8,0,1
109488,bullet5,0.823903,14.9884,0.8,0,1
109489,bullet4,5.38291,15.0367,0.8,0,1
109490,flyer3,5.99999,4.21403,-0.3,0,2
109490,bullet2,13.4492,14.3489,0.8,0,1
109491,player,0.7375,15.5443,0.3375,0.0681138,1
109493,flayer8,4.49999,8.13077,-0.3,0,2
109493,bullet3,13.4169,14.9283,0.8,0,1
109493,bullet5,4.8239,14.9884,0.8,0,1
109494,bullet4,9.38291,15.0367,0.8,0,1
109494,bullet6,1.94619,15.0372,0.8,0,1
109495,flyer3,4.49999,4.21403,-0.3,0,2
109496,player,1.61085,14.9967,0.0200674,-0.0125827,1
109498,flayer8,2.99999,8.13077,-0.3,0,2
109498,bullet5,8.8239,14.9884,0.8,0,1
109498,bullet1,2.02395,14.9885,0.8,0,1
109499,bullet4,13.3829,15.0367,0.8,0,1
109499,bullet6,5.94619,15.0372,0.8,0,1
109500,flyer3,2.99999,4.21403,-0.3,0,2
109501,player,1.28947,14.9866,-0.33713,-0.000232187,1
109503,flayer8,1.49999,8.13077,-0.3,0,2
109503,bullet5,12.8239,14.9884,0.8,0,1
109503,bullet1,6.02395,14.9885,0.8,0,1
109504,bullet6,9.94619,15.0372,0.8,0,1
109505,flyer3,1.49999,4.21403,-0.3,0,2
109506,player,2.06582,13.8263,0.213998,-0.0821876,1
109508,flayer8,-6.4373e-06,8.13077,-0.3,0,2
109508,bullet1,10.0239,14.9885,0.8,0,1
109509,bullet6,13.9462,15.0372,0.8,0,1
109510,flyer3,-6.4373e-06,4.21403,-0.3,0,2
109510,flayer7,16.5,4.21403,-0.3,0,2
109511,player,1.85558,13.8049,-0.279047,-0.0560207,1
109512,flyer1,16.5,4.21403,-0.3,0,2
109512,bullet2,2.13001,13.7797,0.8,0,1
109513,bullet1,14.0239,14.9885,0.8,0,1
109514,bullet3,2.04808,13.7633,0.8,0,1
109515,flayer7,15,4.21403,-0.3,0,2
109515,bullet4,2.03663,13.761,0.8,0,1
109516,player,1.63148,13.7599,-0.0051492,-0.00103374,1
109517,flyer1,15,4.21403,-0.3,0,2
109517,bullet2,6.13001,13.7797,0.8,0,1
109517,bullet5,2.02917,13.7595,0.8,0,1
109519,bullet3,6.04808,13.7633,0.8,0,1
109520,flayer7,13.5,4.21403,-0.3,0,2
109520,bullet4,6.03663,13.761,0.8,0,1
109521,player,1.62735,13.1706,-9.50173e-05,-0.0307738,1
109522,flyer1,13.5,4.21403,-0.3,0,2
109522,bullet2,10.13,13.7797,0.8,0,1
109522,bullet5,6.02917,13.7595,0.8,0,1
109524,bullet3,10.0481,13.7633,0.8,0,1
109525,flayer7,12,4.21403,-0.3,0,2
109525,bullet4,10.0366,13.761,0.8,0,1
109526,player,1.62727,13.0468,-1.75334e-06,0.120552,1
109527,flyer1,12,4.21403,-0.3,0,2
109527,bullet2,14.13,13.7797,0.8,0,1
109527,bullet5,10.0292,13.7595,0.8,0,1
109529,bullet3,14.0481,13.7633,0.8,0,1
109530,flayer7,10.5,4.21403,-0.3,0,2
109530,bullet4,14.0366,13.761,0.8,0,1
109531,player,1.0388,12.3306,-0.0307547,-0.504066,1
109532,flyer1,10.5,4.21403,-0.3,0,2
109532,bullet5,14.0292,13.7595,0.8,0,1
109533,flyer2,16.5,12.3048,-0.3,0,2
109533,bullet6,1.41873,12.0017,0.8,0,1
109535,flayer7,9,4.21403,-0.3,0,2
109536,player,1.0141,11.9258,-0.000567511,-0.00930143,1
109536,bullet1,1.4141,11.9258,0.8,0,1
109537,flyer1,9,4.21403,-0.3,0,2
109538,flyer2,15,12.3048,-0.3,0,2
109538,bullet6,5.41873,12.0017,0.8,0,1
109540,flayer7,7.5,4.21403,-0.3,0,2
109540,bullet2,2.00213,12.507,0.8,0,1
109541,player,1.61596,12.5206,0.0138291,0.013668,1
109541,bullet1,5.4141,11.9258,0.8,0,1
109541,bullet3,2.01596,12.5206,0.8,0,1
109542,flyer1,7.5,4.21403,-0.3,0,2
109543,flyer2,13.5,12.3048,-0.3,0,2
109543,bullet6,9.41873,12.0017,0.8,0,1
109545,flayer7,5.99999,4.21403,-0.3,0,2
109545,bullet2,6.00213,12.507,0.8,0,1
109546,player,1.62706,13.1201,0.000255186,0.0310069,1
109546,bullet1,9.4141,11.9258,0.8,0,1
109546,bullet3,6.01596,12.5206,0.8,0,1
109546,bullet4,2.02706,13.1201,0.8,0,1
109547,flyer1,5.99999,4.21403,-0.3,0,2
109548,flyer2,12,12.3048,-0.3,0,1
109550,flayer7,4.49999,4.21403,-0.3,0,2
109550,bullet2,10.0021,12.507,0.8,0,1
109551,player,1.06955,13.1004,-0.068339,0.0550763,1
109551,bullet3,10.016,12.5206,0.8,0,1
109551,bullet4,6.02706,13.1201,0.8,0,1
109551,bullet5,1.46955,13.1004,0.8,0,1
109552,flyer1,4.49999,4.21403,-0.3,0,2
109555,flayer7,2.99999,4.21403,-0.3,0,2
109555,bullet2,14.0021,12.507,0.8,0,1
109556,player,0.677167,13.4821,-0.338761,0.338516,1
109556,bullet3,14.016,12.5206,0.8,0,1
109556,bullet4,10.0271,13.1201,0.8,0,1
109556,bullet5,5.46955,13.1004,0.8,0,1
109557,flyer1,2.99999,4.21403,-0.3,0,2
109559,bullet6,0.825256,13.7339,0.8,0,1
109560,flayer7,1.49999,4.21403,-0.3,0,2
109561,player,0.405113,13.754,-0.00625109,0.00624658,1
109561,bullet4,14.0271,13.1201,0.8,0,1
109561,bullet5,9.46955,13.1004,0.8,0,1
109561,bullet1,0.805113,13.754,0.8,0,1
109562,flyer1,1.49999,4.21403,-0.3,0,2
109564,bullet6,4.82526,13.7339,0.8,0,1
109564,bullet2,0.800465,13.7586,0.8,0,1
109565,flayer7,-6.4373e-06,4.21403,-0.3,0,2
109566,player,0.737593,14.0965,0.337385,0.337615,1
109566,bullet5,13.4696,13.1004,0.8,0,1
109566,bullet1,4.80511,13.754,0.8,0,1
109566,finish,18.9485,8,-0.2,0,1
109567,flyer1,-6.4373e-06,4.21403,-0.3,0,2
109569,bullet6,8.82526,13.7339,0.8,0,1
109569,bullet2,4.80046,13.7586,0.8,0,1
109571,player,1.00854,13.276,0.0062257,-0.159485,1
109571,bullet1,8.80511,13.754,0.8,0,1
109571,finish,17.9485,8,-0.2,0,1
109573,bullet3,1.4126,12.6825,0.8,0,1
109574,bullet6,12.8253,13.7339,0.8,0,1
109574,bullet2,8.80047,13.7586,0.8,0,1
109576,player,1.01354,12.5456,0.000114882,-0.0167826,1
109576,bullet1,12.8051,13.754,0.8,0,1
109576,finish,16.9485,8,-0.2,0,1
109578,bullet3,5.4126,12.6825,0.8,0,1
109579,bullet2,12.8005,13.7586,0.8,0,1
109579,bullet4,1.41363,12.5331,0.8,0,1
109581,player,1.01363,12.5321,2.11989e-06,-0.000309685,1
109581,finish,15.9485,8,-0.2,0,1
109582,bullet5,1.41363,12.5319,0.8,0,1
109583,bullet3,9.4126,12.6825,0.8,0,1
109584,bullet4,5.41363,12.5331,0.8,0,1
109585,bullet6,1.41363,12.5318,0.8,0,1
109586,player,1.01363,12.1943,3.91179e-08,-0.337506,1
109586,finish,14.9485,8,-0.2,0,1
109587,bullet5,5.41363,12.5319,0.8,0,1
109588,bullet3,13.4126,12.6825,0.8,0,1
109589,bullet4,9.41363,12.5331,0.8,0,1
109590,bullet6,5.41363,12.5318,0.8,0,1
109591,player,1.01363,11.9233,7.21835e-10,-0.00622793,1
109591,finish,13.9485,8,-0.2,0,1
109592,bullet5,9.41363,12.5319,0.8,0,1
109592,bullet1,1.41363,11.9205,0.8,0,1
109594,bullet4,13.4136,12.5331,0.8,0,1
109595,bullet6,9.41364,12.5318,0.8,0,1
109596,player,0.524259,11.9183,-0.151875,-0.000114923,1
109596,finish,12.9485,8,-0.2,0,1
109597,bullet5,13.4136,12.5319,0.8,0,1
109597,bullet1,5.41363,11.9205,0.8,0,1
109600,bullet6,13.4136,12.5318,0.8,0,1
109601,player,0.4,12.4076,0,0.151873,1
109601,flyer4,16.5,4.21403,-0.3,0,2
109601,finish,11.9485,8,-0.2,0,1
109602,bullet1,9.41364,11.9205,0.8,0,1
109604,flyer6,16.5,4.21403,-0.3,0,2
109606,player,0.41384,13.2309,-0.0169151,-0.104478,1
109606,flyer4,15,4.21403,-0.3,0,2
109606,finish,10.9485,8,-0.2,0,1
109607,bullet1,13.4136,11.9205,0.8,0,1
109609,flyer6,15,4.21403,-0.3,0,2
109611,player,0.4,14.2932,0,0.0971705,1
109611,flyer4,13.5,4.21403,-0.3,0,2
109611,flyer5,16.5,4.53739,-0.298355,-0.0313738,2
109611,finish,9.9485,8,-0.2,0,1
109611,bullet2,0.8,14.2932,0.8,0,1
109613,bullet3,0.8,14.3566,0.8,0,1
109614,flyer6,13.5,4.21403,-0.3,0,2
109615,bullet4,0.8,14.3695,0.8,0,1
109616,player,0.4,14.3713,0,0.00179307,1
109616,flyer4,12,4.21403,-0.3,0,2
109616,flyer5,15.0082,4.38052,-0.298355,-0.0313738,2
109616,finish,8.94851,8,-0.2,0,1
109616,bullet2,4.8,14.2932,0.8,0,1
109616,bullet5,0.8,14.3713,0.8,0,1
109618,bullet3,4.8,14.3566,0.8,0,1
109619,flyer6,12,4.21403,-0.3,0,2
109620,bullet4,4.8,14.3695,0.8,0,1
109621,player,0.957719,13.815,0.0683438,-0.0683107,1
109621,flyer4,10.5,4.21403,-0.3,0,2
109621,flyer5,13.5164,4.22365,-0.298355,-0.0313738,2
109621,finish,7.94851,8,-0.2,0,1
109621,bullet2,8.8,14.2932,0.8,0,1
109621,bullet5,4.8,14.3713,0.8,0,1
109623,bullet3,8.8,14.3566,0.8,0,1
109624,flyer6,10.5,4.21403,-0.3,0,2
109625,bullet4,8.8,14.3695,0.8,0,1
109626,player,1.50198,13.7601,0.153136,-0.00126052,1
109626,flyer4,9,4.21403,-0.3,0,2
109626,flyer5,12.0247,4.06678,-0.298355,-0.0313738,2
109626,finish,6.94851,8,-0.2,0,1
109626,bullet2,12.8,14.2932,0.8,0,1
109626,bullet5,8.8,14.3713,0.8,0,1
109628,bullet3,12.8,14.3566,0.8,0,1
109629,flyer6,9,4.21403,-0.3,0,2
109630,bullet4,12.8,14.3695,0.8,0,1
109631,player,2.18268,13.1568,0.0711695,-0.0138629,1
109631,flyer4,7.5,4.21403,-0.3,0,2
109631,flyer5,10.5329,3.90991,-0.298355,-0.0313738,2
109631,finish,5.94851,8,-0.2,0,1
109631,bullet5,12.8,14.3713,0.8,0,1
109631,bullet6,2.58268,13.1568,0.8,0,1
