336825,player,11.3612,8.63811,0,0,1
336829,bullet1,11.2719,9.12748,0.8,0,1
336830,player,10.8035,9.19583,-0.0683438,0.0683438,1
336831,bullet2,10.3728,9.22658,-0.8,-6.99382e-08,1
336832,bullet3,11.1589,9.24042,0.8,0,1
336834,bullet1,15.2719,9.12748,0.8,0,1
336835,player,10.2593,9.74009,-0.153136,0.153136,1
336836,bullet2,6.37277,9.22658,-0.8,-6.99382e-08,1
336837,bullet3,15.1589,9.24042,0.8,0,1
336839,bullet4,9.98139,9.86024,0.8,0,1
336840,player,9.54781,9.86307,-0.0335805,0.00282579,1
336841,bullet2,2.37277,9.22658,-0.8,-6.99382e-08,1
336843,flyer1,16.5,4.19392,-0.3,0,2
336844,bullet4,13.9814,9.86024,0.8,0,1
336844,bullet5,8.56375,8.71909,-0.8,-6.99382e-08,1
336845,player,8.93237,8.67455,-0.0313743,-0.0445422,1
336847,bullet6,9.3119,8.64549,0.8,0,1
336848,flyer1,15,4.19392,-0.3,0,2
336848,flyer2,16.5,4.19392,-0.299904,0.00760677,2
336848,bullet1,9.30904,8.64143,0.8,0,1
336849,bullet5,4.56375,8.71909,-0.8,-6.99382e-08,1
336850,player,8.90718,8.63879,-0.000578945,-0.000821928,1
336852,bullet6,13.3119,8.64549,0.8,0,1
336852,bullet3,9.79617,8.14887,0.8,0,1
336853,flyer1,13.5,4.19392,-0.3,0,2
336853,flyer2,15.0005,4.23196,-0.299904,0.00760677,2
336853,bullet1,13.309,8.64143,0.8,0,1
336854,bullet5,0.563746,8.71909,-0.8,-6.99382e-08,1
336855,player,9.50902,8.03581,0.0138289,-0.0138548,1
336857,bullet3,13.7962,8.14887,0.8,0,1
336858,flyer1,12,4.19392,-0.3,0,2
336858,flyer2,13.501,4.26999,-0.299904,0.00760677,2
336858,flyer3,16.5,4.19392,-0.291638,0.0703362,2
336860,player,9.52013,7.53531,0.000255183,-0.152131,1
336861,flyer4,16.5,4.19392,-0.287881,0.0844078,2
336861,bullet2,9.92024,7.46685,0.8,0,1
336863,flyer1,10.5,4.19392,-0.3,0,2
336863,flyer2,12.0014,4.30803,-0.299904,0.00760677,2
336863,flyer3,15.0418,4.5456,-0.291638,0.0703362,2
336865,player,9.95693,8.24002,0.216384,0.486568,1
336866,flyer4,15.0606,4.61596,-0.287881,0.0844078,2
336866,bullet2,13.9202,7.46685,0.8,0,1
336868,flyer1,9,4.19392,-0.3,0,2
336868,flyer2,10.5019,4.34606,-0.299904,0.00760677,2
336868,flyer3,13.5836,4.89729,-0.291638,0.0703362,2
336869,bullet4,10.0373,8.62179,0.8,0,1
336870,player,9.57299,8.63077,-0.0643509,0.00897854,1
336871,flyer4,13.6212,5.038,-0.287881,0.0844078,2
336872,bullet5,9.44162,8.14726,0.8,0,1
336873,flyer1,7.5,4.19392,-0.3,0,2
336873,flyer2,9.0024,4.3841,-0.299904,0.00760677,2
336873,flyer3,12.1254,5.24897,-0.291638,0.0703362,2
336874,bullet4,14.0373,8.62179,0.8,0,1
336874,bullet6,9.33402,8.04935,0.8,0,1
336875,player,8.919,8.03567,-0.0150271,-0.0136739,1
336876,flyer4,12.1818,5.46004,-0.287881,0.0844078,2
336877,bullet5,13.4416,8.14726,0.8,0,1
336877,bullet1,8.81982,8.51612,0.8,0,1
336878,flyer1,5.99999,4.19392,-0.3,0,2
336878,flyer2,7.50288,4.42213,-0.299904,0.00760677,2
336878,flyer3,10.6672,5.60065,-0.291638,0.0703362,2
336879,bullet6,13.334,8.04935,0.8,0,1
336880,player,8.79399,9.11638,0.137758,0.165462,1
336881,flyer4,10.7424,5.88208,-0.287881,0.0844078,2
336881,bullet3,9.25598,9.19084,0.8,0,1
336882,bullet1,12.8198,8.51612,0.8,0,1
336883,flyer1,4.49999,4.19392,-0.3,0,2
336883,flyer2,6.00337,4.46017,-0.299904,0.00760677,2
336883,flyer3,9.20904,5.95233,-0.291638,0.0703362,2
336885,player,7.82677,10.3271,-0.180088,0.185683,1
336886,flyer4,9.30298,6.30412,-0.287881,0.0844078,2
336886,bullet3,13.256,9.19084,0.8,0,1
336886,bullet2,8.14573,10.4107,0.8,0,1
336887,bullet4,8.10926,10.4483,0.8,0,1
336888,flyer1,2.99999,4.19392,-0.3,0,2
336888,flyer2,4.50385,4.4982,-0.299904,0.00760677,2
336888,flyer3,7.75085,6.30401,-0.291638,0.0703362,2
336890,player,7.19277,9.98685,-0.155198,-0.148449,1
336891,flyer4,7.86357,6.72616,-0.287881,0.0844078,2
336891,bullet2,12.1457,10.4107,0.8,0,1
336891,bullet5,7.52293,9.92005,0.8,0,1
336892,bullet4,12.1093,10.4483,0.8,0,1
336893,flyer1,1.49999,4.19392,-0.3,0,2
336893,flyer2,3.00433,4.53624,-0.299904,0.00760677,2
336893,flyer3,6.29266,6.65569,-0.291638,0.0703362,2
336895,player,6.57876,9.93598,-0.154739,-0.0862705,1
336896,flyer4,6.42417,7.1482,-0.287881,0.0844078,2
336896,bullet2,16.1457,10.4107,0.8,0,1
336896,bullet5,11.5229,9.92005,0.8,0,1
336897,bullet4,16.1093,10.4483,0.8,0,1
336898,flyer1,-6.4373e-06,4.19392,-0.3,0,2
336898,flyer2,1.50481,4.57427,-0.299904,0.00760677,2
336898,flyer3,4.83447,7.00738,-0.291638,0.0703362,2
336898,bullet6,7.42141,9.87182,0.8,0,1
336900,player,7.0568,9.8667,0.0109842,-0.00159193,1
336901,flyer4,4.98477,7.57024,-0.287881,0.0844078,2
336901,bullet5,15.5229,9.92005,0.8,0,1
336903,flyer2,0.00529695,4.61231,-0.299904,0.00760677,2
336903,flyer3,3.37627,7.35906,-0.291638,0.0703362,2
336903,bullet6,11.4214,9.87182,0.8,0,1
336905,player,6.84541,11.363,0.269359,0.419654,1
336905,flyer5,16.5,4.19392,-0.3,0,2
336906,flyer4,3.54536,7.99227,-0.287881,0.0844078,2
336908,flyer3,1.91808,7.71074,-0.291638,0.0703362,2
336908,bullet6,15.4214,9.87182,0.8,0,1
336910,player,7.06172,12.3023,0.00497043,0.0215834,1
336910,flyer5,15,4.19392,-0.3,0,2
336910,flyer6,16.5,2.0308,-0.3,0,2
336910,bullet1,6.66172,12.3023,-0.8,-6.99382e-08,1
336911,flyer4,2.10596,8.41431,-0.287881,0.0844078,2
336913,flyer3,0.459893,8.06242,-0.291638,0.0703362,2
336915,player,6.4634,12.3642,-0.0137479,-0.0541059,1
336915,flyer5,13.5,4.19392,-0.3,0,2
336915,flyer6,15,2.0308,-0.3,0,2
336915,bullet1,2.66172,12.3023,-0.8,-6.99382e-08,1
336916,flyer4,0.666554,8.83635,-0.287881,0.0844078,2
336919,flayer7,16.5,2.0308,-0.3,0,2
336920,player,5.29233,12.9231,-0.082437,0.0128412,1
336920,flyer5,12,4.19392,-0.3,0,2
336920,flyer6,13.5,2.0308,-0.3,0,2
336920,bullet3,5.69233,12.9231,0.8,0,1
336924,flayer7,15,2.0308,-0.3,0,2
336924,bullet2,5.13827,12.4438,0.8,0,1
336925,player,4.66841,12.3757,-0.0698649,-0.0681068,1
336925,flyer5,10.5,4.19392,-0.3,0,2
336925,flyer6,12,2.0308,-0.3,0,2
336925,bullet3,9.69233,12.9231,0.8,0,1
336929,flayer7,13.5,2.0308,-0.3,0,2
336929,bullet2,9.13827,12.4438,0.8,0,1
336930,player,4.56771,12.0562,0.0532149,0.322404,1
336930,flyer5,9,4.19392,-0.3,0,2
336930,flyer6,10.5,2.0308,-0.3,0,2
336930,bullet3,13.6923,12.9231,0.8,0,1
336931,bullet4,4.99165,12.2012,0.8,0,1
336933,bullet5,5.00728,12.2959,0.8,0,1
336934,flayer7,12,2.0308,-0.3,0,2
336934,bullet2,13.1383,12.4438,0.8,0,1
336934,bullet6,5.00946,12.3091,0.8,0,1
336935,player,4.61044,12.3151,0.000981965,0.00594925,1
336935,flyer5,7.5,4.19392,-0.3,0,2
336935,flyer6,9,2.0308,-0.3,0,2
336936,bullet4,8.99165,12.2012,0.8,0,1
336938,bullet5,9.00728,12.2959,0.8,0,1
336939,flayer7,10.5,2.0308,-0.3,0,2
336939,bullet6,9.00946,12.3091,0.8,0,1
336940,player,4.56663,11.7621,0.0545223,-0.068234,1
336940,flyer5,5.99999,4.19392,-0.3,0,2
336940,flyer6,7.5,2.0308,-0.3,0,2
336940,bullet1,4.16663,11.7621,-0.8,-6.99382e-08,1
336941,bullet4,12.9917,12.2012,0.8,0,1
336943,bullet5,13.0073,12.2959,0.8,0,1
336944,flayer7,9,2.0308,-0.3,0,2
336944,bullet6,13.0095,12.3091,0.8,0,1
336945,player,4.61042,11.7073,0.00100609,-0.00125911,1
336945,flyer5,4.49999,4.19392,-0.3,0,2
336945,flyer6,5.99999,2.0308,-0.3,0,2
336945,bullet1,0.166634,11.7621,-0.8,-6.99382e-08,1
336947,bullet3,5.01108,11.7065,0.8,0,1
336948,bullet2,5.01117,11.7064,0.8,0,1
336949,flayer7,7.5,2.0308,-0.3,0,2
336950,player,4.61123,11.3688,1.85652e-05,-0.337523,1
336950,flyer5,2.99999,4.19392,-0.3,0,2
336950,flyer6,4.49999,2.0308,-0.3,0,2
336952,bullet3,9.01108,11.7065,0.8,0,1
336953,bullet2,9.01117,11.7064,0.8,0,1
336954,flayer7,5.99999,2.0308,-0.3,0,2
336955,player,5.35159,11.6862,-0.15487,0.0245264,1
336955,flyer5,1.49999,4.19392,-0.3,0,2
336955,flyer6,2.99999,2.0308,-0.3,0,2
336957,bullet3,13.0111,11.7065,0.8,0,1
336958,bullet2,13.0112,11.7064,0.8,0,1
336959,flayer7,4.49999,2.0308,-0.3,0,2
336960,player,4.6695,11.7743,-0.0712015,-0.0830787,1
336960,flyer5,-6.4373e-06,4.19392,-0.3,0,2
336960,flyer6,1.49999,2.0308,-0.3,0,2
336961,bullet4,5.03746,11.7369,0.8,0,1
336962,bullet1,5.02304,11.7201,0.8,0,1
336964,flayer7,2.99999,2.0308,-0.3,0,2
336964,bullet5,5.01363,11.7091,0.8,0,1
336965,player,4.61232,11.7076,-0.00131387,-0.00153303,1
336965,flyer6,-6.4373e-06,2.0308,-0.3,0,2
336966,bullet4,9.03746,11.7369,0.8,0,1
336966,bullet6,5.01173,11.7069,0.8,0,1
336967,bullet1,9.02304,11.7201,0.8,0,1
336969,flayer7,1.49999,2.0308,-0.3,0,2
336969,bullet5,9.01363,11.7091,0.8,0,1
336970,player,4.12189,12.1957,-0.151899,0.151847,1
336971,bullet4,13.0375,11.7369,0.8,0,1
336971,bullet6,9.01173,11.7069,0.8,0,1
336972,bullet1,13.023,11.7201,0.8,0,1
336974,flayer7,-6.4373e-06,2.0308,-0.3,0,2
336974,bullet5,13.0136,11.7091,0.8,0,1
336975,player,3.9999,11.8283,-0.00280297,-0.149073,1
336976,bullet4,17.0375,11.7369,0.8,0,1
336976,bullet6,13.0117,11.7069,0.8,0,1
336977,flayer8,16.5,13.9499,-0.3,0,2
336977,bullet1,17.023,11.7201,0.8,0,1
336978,flyer1,16.5,13.9499,-0.298761,0.0272364,2
336978,bullet3,4.39781,11.7174,0.8,0,1
336980,player,3.50827,12.1979,-0.151927,0.149124,1
336981,flyer2,16.5,13.9499,-0.3,0,2
336982,flayer8,15,13.9499,-0.3,0,2
336983,flyer1,15.0062,14.0861,-0.298761,0.0272364,2
336983,bullet3,8.39781,11.7174,0.8,0,1
336983,bullet2,4.35301,12.3088,0.8,0,1
336985,player,3.98857,12.3177,0.0110361,0.00275176,1
336985,bullet4,4.38857,12.3177,0.8,0,1
336986,flyer2,15,13.9499,-0.3,0,2
336987,flayer8,13.5,13.9499,-0.3,0,2
336988,flyer1,13.5124,14.2223,-0.298761,0.0272364,2
336988,bullet3,12.3978,11.7174,0.8,0,1
336988,bullet2,8.35301,12.3088,0.8,0,1
336988,bullet1,3.83906,12.3197,0.8,0,1
336990,player,3.39512,12.3199,-0.013636,5.07777e-05,1
336990,bullet4,8.38857,12.3177,0.8,0,1
336991,flyer2,13.5,13.9499,-0.3,0,2
336992,flayer8,12,13.9499,-0.3,0,2
336993,flyer1,12.0186,14.3585,-0.298761,0.0272364,2
336993,bullet3,16.3978,11.7174,0.8,0,1
336993,bullet2,12.353,12.3088,0.8,0,1
336993,bullet1,7.83906,12.3197,0.8,0,1
336995,player,3.38417,11.7622,-0.000251622,-0.0683428,1
336995,bullet4,12.3886,12.3177,0.8,0,1
336995,bullet5,3.78417,11.7622,0.8,0,1
336996,flyer2,12,13.9499,-0.3,0,2
336997,flayer8,10.5,13.9499,-0.3,0,2
336998,flyer1,10.5248,14.4946,-0.298761,0.0272364,2
336998,bullet2,16.353,12.3088,0.8,0,1
336998,bullet1,11.8391,12.3197,0.8,0,1
337000,player,3.38397,11.7073,-4.64313e-06,-0.00126112,1
337000,bullet4,16.3886,12.3177,0.8,0,1
337000,bullet5,7.78418,11.7622,0.8,0,1
337000,bullet6,3.78397,11.7073,0.8,0,1
337001,flyer2,10.5,13.9499,-0.3,0,2
337002,flayer8,9,13.9499,-0.3,0,2
337002,bullet3,3.78397,11.7065,0.8,0,1
337003,flyer1,9.03097,14.6308,-0.298761,0.0272364,2
337003,bullet1,15.8391,12.3197,0.8,0,1
337005,player,3.38397,11.7063,-8.56788e-08,-2.32712e-05,1
337005,bullet5,11.7842,11.7622,0.8,0,1
337005,bullet6,7.78397,11.7073,0.8,0,1
337005,bullet2,3.78397,11.7063,0.8,0,1
337006,flyer2,9,13.9499,-0.3,0,2
337007,flayer8,7.5,13.9499,-0.3,0,2
337007,bullet3,7.78397,11.7065,0.8,0,1
337008,flyer1,7.53716,14.767,-0.298761,0.0272364,2
337010,player,2.78166,12.798,-0.0138396,0.165714,1
337010,bullet5,15.7842,11.7622,0.8,0,1
337010,bullet6,11.784,11.7073,0.8,0,1
337010,bullet2,7.78397,11.7063,0.8,0,1
337011,flyer2,7.5,13.9499,-0.3,0,2
337012,flayer8,5.99999,13.9499,-0.3,0,2
337012,bullet3,11.784,11.7065,0.8,0,1
337013,flyer1,6.04336,14.9032,-0.298761,0.0272364,2
337015,player,2.21282,11.7849,-0.0685991,-0.0960405,1
337015,bullet6,15.784,11.7073,0.8,0,1
337015,bullet2,11.784,11.7063,0.8,0,1
337016,flyer2,5.99999,13.9499,-0.3,0,2
337016,bullet4,2.58195,11.7417,0.8,0,1
337017,flayer8,4.49999,13.9499,-0.3,0,2
337017,bullet3,15.784,11.7065,0.8,0,1
337018,flyer1,4.54955,15.0394,-0.298761,0.0272364,2
337020,player,2.39613,11.9587,0.457354,-0.308518,1
337020,bullet2,15.784,11.7063,0.8,0,1
337021,flyer2,4.49999,13.9499,-0.3,0,2
337021,bullet4,6.58195,11.7417,0.8,0,1
337022,flayer8,2.99999,13.9499,-0.3,0,2
337022,bullet1,3.09456,11.7574,0.8,0,1
337023,flyer1,3.05575,15.1755,-0.298761,0.0272364,2
337023,bullet5,3.13623,11.7293,0.8,0,1
337025,player,2.76343,11.3735,0.00843948,-0.343193,1
337026,flyer2,2.99999,13.9499,-0.3,0,2
337026,bullet4,10.582,11.7417,0.8,0,1
337027,flayer8,1.49999,13.9499,-0.3,0,2
337027,bullet1,7.09456,11.7574,0.8,0,1
337028,flyer1,1.56194,15.3117,-0.298761,0.0272364,2
337028,bullet5,7.13624,11.7293,0.8,0,1
337030,player,1.69236,10.5094,-0.182474,-0.0370876,1
337030,bullet6,2.09236,10.5094,0.8,0,1
337031,flyer2,1.49999,13.9499,-0.3,0,2
337031,bullet4,14.582,11.7417,0.8,0,1
337032,flayer8,-6.4373e-06,13.9499,-0.3,0,2
337032,bullet1,11.0946,11.7574,0.8,0,1
337033,flyer1,0.0681345,15.4479,-0.298761,0.0272364,2
337033,bullet5,11.1362,11.7293,0.8,0,1
337035,player,0.988096,11.0373,-0.0717109,0.0676594,1
337035,bullet6,6.09236,10.5094,0.8,0,1
337036,flyer2,-6.4373e-06,13.9499,-0.3,0,2
337036,bullet3,1.35583,11.0678,0.8,0,1
337037,bullet1,15.0946,11.7574,0.8,0,1
337038,bullet5,15.1362,11.7293,0.8,0,1
337039,flyer3,16.5,11.6397,-0.286836,0.0878932,2
337039,bullet2,0,11.0904,-0.8,-6.99382e-08,1
337040,player,0.4,10.7541,-0,-0.336251,1
337040,bullet6,10.0924,10.5094,0.8,0,1
337041,flyer4,16.5,13.9499,-0.223999,0.19956,2
337041,bullet3,5.35583,11.0678,0.8,0,1
337044,flyer3,15.0658,12.0792,-0.286836,0.0878932,1
337044,bullet4,1.28938,10.0009,0.8,0,1
337045,player,0.957719,9.92638,0.0683438,-0.0745485,1
337045,bullet6,14.0924,10.5094,0.8,0,1
337046,flyer4,15.38,14.9477,-0.223999,0.19956,2
337046,bullet3,9.35583,11.0678,0.8,0,1
337046,bullet1,1.38847,9.89284,0.8,0,1
337049,flyer3,13.6316,12.5187,-0.286836,0.0878932,1
337049,bullet4,5.28938,10.0009,0.8,0,1
337050,player,1.0126,9.86651,0.00126113,-0.00137563,1
337050,bullet5,1.4126,9.86651,0.8,0,1
337051,flyer4,14.26,15.9455,-0.223999,0.19956,2
337051,bullet3,13.3558,11.0678,0.8,0,1
337051,bullet1,5.38847,9.89284,0.8,0,1
337054,flyer3,12.1975,12.9581,-0.286836,0.0878932,1
337054,bullet4,9.28938,10.0009,0.8,0,1
337055,player,1.01362,9.86541,2.32715e-05,-2.53842e-05,1
337055,bullet5,5.4126,9.86651,0.8,0,1
337056,bullet1,9.38847,9.89284,0.8,0,1
337057,bullet2,1.41363,9.37602,0.8,0,1
337059,flyer3,10.7633,13.3976,-0.286836,0.0878932,1
337059,bullet4,13.2894,10.0009,0.8,0,1
337060,player,1.01364,9.26307,4.29424e-07,-0.0138401,1
337060,bullet5,9.41261,9.86651,0.8,0,1
337061,bullet1,13.3885,9.89284,0.8,0,1
337062,bullet2,5.41363,9.37602,0.8,0,1
337063,bullet6,1.41364,9.25278,0.8,0,1
337064,flyer3,9.32911,13.8371,-0.286836,0.0878932,1
337065,player,1.01364,9.25196,7.92408e-09,-0.000255388,1
337065,bullet5,13.4126,9.86651,0.8,0,1
337067,bullet2,9.41363,9.37602,0.8,0,1
337068,bullet6,5.41364,9.25278,0.8,0,1
337069,flyer3,7.89493,14.2765,-0.286836,0.0878932,1
337069,flyer5,16.5,8.00951,-0.3,0,2
337070,player,1.11273,10.3434,-0.12112,0.16571,1
337071,bullet3,1.45823,10.418,0.8,0,1
337072,bullet2,13.4136,9.37602,0.8,0,1
337073,bullet6,9.41364,9.25278,0.8,0,1
337074,flyer3,6.46075,14.716,-0.286836,0.0878932,1
337074,flyer5,15,8.00951,-0.3,0,2
337075,player,0.457746,9.9188,-0.0705788,-0.0652859,1
337076,bullet3,5.45823,10.418,0.8,0,1
337076,bullet4,0.825985,9.88943,0.8,0,1
337078,bullet6,13.4136,9.25278,0.8,0,1
337078,bullet1,0.805262,9.87025,0.8,0,1
337079,flyer3,5.02657,15.1555,-0.286836,0.0878932,1
337079,flyer5,13.5,8.00951,-0.3,0,2
337080,player,0.4,9.52887,-0,-0.338705,1
337081,bullet3,9.45823,10.418,0.8,0,1
337081,bullet4,4.82599,9.88943,0.8,0,1
337083,bullet1,4.80526,9.87025,0.8,0,1
337084,flyer3,3.59239,15.5949,-0.286836,0.0878932,1
337084,flyer5,12,8.00951,-0.3,0,2
337084,bullet5,1.28938,8.77374,0.8,0,1
337085,player,0.957719,8.69914,0.0683438,-0.0745938,1
337086,bullet3,13.4582,10.418,0.8,0,1
337086,bullet4,8.82599,9.88943,0.8,0,1
337088,bullet1,8.80526,9.87025,0.8,0,1
337089,flyer3,2.15821,16.0344,-0.286836,0.0878932,1
337089,flyer5,10.5,8.00951,-0.3,0,2
337089,bullet5,5.28938,8.77374,0.8,0,1
337090,player,0.675105,8.63924,-0.336239,-0.00137647,1
337091,bullet4,12.826,9.88943,0.8,0,1
337093,bullet1,12.8053,9.87025,0.8,0,1
337094,flyer3,0.724035,16.4739,-0.286836,0.0878932,1
337094,flyer5,9,8.00951,-0.3,0,1
337095,player,0.4,9.12751,0,0.15185,1
337095,bullet2,0.8,9.12751,0.8,0,1
337098,flyer6,16.5,8.00951,-0.227239,0.195864,2
337098,bullet6,0.8,9.24043,0.8,0,1
337099,flyer5,7.5,8.00951,-0.3,0,1
337100,player,0.4,8.91195,-0,-0.334698,1
337100,bullet2,4.8,9.12751,0.8,0,1
337101,bullet3,0.8,8.76134,0.8,0,1
337103,flyer6,15.3638,8.98883,-0.227239,0.195864,2
337103,bullet6,4.8,9.24043,0.8,0,1
337104,flyer5,5.99999,8.00951,-0.3,0,1
337105,player,0.4,8.64316,0,-0.00617612,1
337105,bullet2,8.8,9.12751,0.8,0,1
337105,bullet5,0.8,8.64316,0.8,0,1
337108,flyer6,14.2276,9.96815,-0.227239,0.195864,2
337108,bullet6,8.8,9.24043,0.8,0,1
337110,player,0.4,8.38723,-0,0.306631,1
337110,bullet2,12.8,9.12751,0.8,0,1
337110,bullet5,4.8,8.64316,0.8,0,1
337113,flyer6,13.0914,10.9475,-0.227239,0.195864,2
337113,bullet6,12.8,9.24043,0.8,0,1
337115,player,0.4,8.73258,0,-0.115462,1
337115,flayer7,16.5,8.00951,-0.251821,-0.163053,2
337115,bullet5,8.8,8.64316,0.8,0,1
337115,bullet4,0.8,8.73258,0.8,0,1
337118,flyer6,11.9552,11.9268,-0.227239,0.195864,2
337118,bullet1,0.8,9.1361,0.8,0,1
337120,player,0.4,9.22833,0,0.0286241,1
337120,flayer7,15.2409,7.19425,-0.251821,-0.163053,2
337120,bullet5,12.8,8.64316,0.8,0,1
337120,bullet4,4.8,8.73258,0.8,0,1
337120,bullet3,0.8,9.22833,0.8,0,1
337123,flyer6,10.819,12.9061,-0.227239,0.195864,2
337123,bullet1,4.8,9.1361,0.8,0,1
337125,player,1.00231,9.85363,0.0138396,0.0143678,1
337125,flayer7,13.9818,6.37898,-0.251821,-0.163053,2
337125,bullet4,8.8,8.73258,0.8,0,1
337125,bullet3,4.8,9.22833,0.8,0,1
337125,bullet2,1.40231,9.85363,0.8,0,1
337128,flyer6,9.68284,13.8854,-0.227239,0.195864,2
337128,bullet1,8.8,9.1361,0.8,0,1
337130,player,0.524053,10.3545,-0.15162,0.15214,1
337130,flayer7,12.7227,5.56372,-0.251821,-0.163053,2
337130,bullet4,12.8,8.73258,0.8,0,1
337130,bullet3,8.8,9.22833,0.8,0,1
337130,bullet2,5.40231,9.85363,0.8,0,1
337133,flyer6,8.54665,14.8647,-0.227239,0.195864,2
337133,bullet1,12.8,9.1361,0.8,0,1
337135,player,0.4,10.4767,0,0.00280741,1
337135,flayer7,11.4636,4.74845,-0.251821,-0.163053,2
337135,bullet3,12.8,9.22833,0.8,0,1
337135,bullet2,9.40231,9.85363,0.8,0,1
337135,bullet6,0.8,10.4767,0.8,0,1
337138,flyer6,7.41046,15.8441,-0.227239,0.195864,2
337139,bullet5,0.8,10.4789,0.8,0,1
337140,player,0.4,10.479,0,5.18047e-05,1
337140,flayer7,10.2045,3.93319,-0.251821,-0.163053,2
337140,bullet2,13.4023,9.85363,0.8,0,1
337140,bullet6,4.8,10.4767,0.8,0,1
337142,bullet4,0.8,10.9684,0.8,0,1
337144,bullet5,4.8,10.4789,0.8,0,1
337144,bullet1,0.8,11.0675,0.8,0,1
337145,player,0.4,11.0813,0,0.0138406,1
337145,flayer7,8.94538,3.11792,-0.251821,-0.163053,2
337145,bullet6,8.8,10.4767,0.8,0,1
337147,bullet4,4.8,10.9684,0.8,0,1
337149,bullet5,8.8,10.4789,0.8,0,1
337149,bullet1,4.8,11.0675,0.8,0,1
337150,player,0.957719,11.6502,0.0683438,0.0685991,1
337150,flayer7,7.68628,2.30266,-0.251821,-0.163053,2
337150,bullet6,12.8,10.4767,0.8,0,1
337152,bullet4,8.8,10.9684,0.8,0,1
337154,bullet5,12.8,10.4789,0.8,0,1
337154,bullet1,8.8,11.0675,0.8,0,1
337155,player,0.410292,11.7053,-0.0125785,0.00126585,1
337155,flayer7,6.42718,1.48739,-0.251821,-0.163053,2
337155,bullet3,0.810292,11.7053,0.8,0,1
337157,bullet4,12.8,10.9684,0.8,0,1
337159,bullet1,12.8,11.0675,0.8,0,1
337159,bullet2,0.800422,11.7063,0.8,0,1
337160,player,0.40019,11.7063,-0.000232108,2.33584e-05,1
337160,flayer7,5.16807,0.672123,-0.251821,-0.163053,2
337160,bullet3,4.81029,11.7053,0.8,0,1
337164,flayer8,16.5,5.81678,-0.3,0,2
337164,bullet2,4.80042,11.7063,0.8,0,1
337164,bullet6,0.800008,11.7063,0.8,0,1
337165,player,0.400004,11.7063,-4.28305e-06,4.31029e-07,1
337165,flayer7,3.90897,-0.143143,-0.251821,-0.163053,2
337165,bullet3,8.81029,11.7053,0.8,0,1
337169,flayer8,15,5.81678,-0.3,0,2
337169,bullet2,8.80042,11.7063,0.8,0,1
337169,bullet6,4.80001,11.7063,0.8,0,1
337169,bullet5,0.899099,11.1178,0.8,0,1
337170,player,0.444595,11.104,-0.0545042,-0.0138396,1
337170,bullet3,12.8103,11.7053,0.8,0,1
337174,flayer8,13.5,5.81678,-0.3,0,2
337174,bullet2,12.8004,11.7063,0.8,0,1
337174,bullet6,8.80001,11.7063,0.8,0,1
337174,bullet5,4.8991,11.1178,0.8,0,1
337175,player,0.890198,10.9799,0.150869,0.13778,1
337179,flayer8,12,5.81678,-0.3,0,2
337179,flyer1,16.5,5.81678,-0.242179,0.177057,2
337179,bullet6,12.8,11.7063,0.8,0,1
337179,bullet5,8.8991,11.1178,0.8,0,1
337180,player,0.4,12.5059,-0,0.522672,1
337183,bullet4,0.8,12.8946,0.8,0,1
337184,flayer8,10.5,5.81678,-0.3,0,2
337184,flyer1,15.2891,6.70206,-0.242179,0.177057,2
337184,bullet5,12.8991,11.1178,0.8,0,1
337184,bullet1,0.8,12.916,0.8,0,1
337185,player,0.4,12.9257,0,0.00964477,1
337186,bullet3,0.8,12.93,0.8,0,1
337188,bullet4,4.8,12.8946,0.8,0,1
337189,flayer8,9,5.81678,-0.3,0,2
337189,flyer1,14.0782,7.58735,-0.242179,0.177057,2
337189,bullet1,4.8,12.916,0.8,0,1
337190,player,0.889375,12.9334,0.151875,0.000177973,1
337191,bullet3,4.8,12.93,0.8,0,1
337192,bullet2,1.38847,12.9335,0.8,0,1
337193,bullet4,8.8,12.8946,0.8,0,1
337194,flayer8,7.5,5.81678,-0.3,0,2
337194,flyer1,12.8673,8.47263,-0.242179,0.177057,2
337194,bullet1,8.8,12.916,0.8,0,1
337195,player,1.01134,12.9336,0.00280252,3.2841e-06,1
337196,bullet3,8.8,12.93,0.8,0,1
337197,bullet2,5.38847,12.9335,0.8,0,1
337198,bullet4,12.8,12.8946,0.8,0,1
337199,flayer8,5.99999,5.81678,-0.3,0,2
337199,flyer1,11.6564,9.35792,-0.242179,0.177057,2
337199,bullet1,12.8,12.916,0.8,0,1
337200,player,0.676094,12.5961,-0.337448,-0.3375,1
337201,bullet3,12.8,12.93,0.8,0,1
337202,bullet2,9.38847,12.9335,0.8,0,1
337204,flayer8,4.49999,5.81678,-0.3,0,2
337204,flyer1,10.4455,10.2432,-0.242179,0.177057,2
337204,bullet6,0.8,12.8206,0.8,0,1
337205,player,0.4,12.8827,0,0.0621159,1
337207,bullet2,13.3885,12.9335,0.8,0,1
337207,bullet5,0.8,12.9233,0.8,0,1
337209,flayer8,2.99999,5.81678,-0.3,0,2
337209,flyer1,9.2346,11.1285,-0.242179,0.177057,2
337209,bullet6,4.8,12.8206,0.8,0,1
337209,bullet4,0.8,12.9315,0.8,0,1
337210,player,0.4,12.9326,0,0.00114621,1
337212,bullet5,4.8,12.9233,0.8,0,1
337214,flayer8,1.49999,5.81678,-0.3,0,2
337214,flyer1,8.0237,12.0138,-0.242179,0.177057,1
337214,bullet4,4.8,12.9315,0.8,0,1
337215,player,0.889375,14.0114,0.151875,0.182651,1
337216,bullet1,1.35772,14.0936,0.8,0,1
337219,flayer8,-6.4373e-06,5.81678,-0.3,0,2
337219,bullet4,8.8,12.9315,0.8,0,1
337220,player,1.83822,14.0062,0.492178,0.188995,1
337221,flyer2,16.5,5.81678,-0.272999,-0.124384,2
337221,bullet1,5.35772,14.0936,0.8,0,1
337222,flyer4,16.5,1.05129,-0.3,0,2
337222,bullet3,2.55936,14.1295,0.8,0,1
337224,bullet4,12.8,12.9315,0.8,0,1
337224,bullet2,2.6244,14.1545,0.8,0,1
337225,player,2.23348,14.158,0.00908206,0.0034875,1
337226,flyer2,15.135,5.19486,-0.272999,-0.124384,2
337226,bullet1,9.35772,14.0936,0.8,0,1
337227,flyer4,15,1.05129,-0.3,0,2
337227,bullet3,6.55936,14.1295,0.8,0,1
337229,bullet2,6.6244,14.1545,0.8,0,1
337230,player,1.16292,14.1608,-0.182462,6.43541e-05,1
337231,flyer2,13.77,4.57294,-0.272999,-0.124384,2
337231,bullet1,13.3577,14.0936,0.8,0,1
337231,bullet6,1.48081,14.1608,0.8,0,1
337232,flyer4,13.5,1.05129,-0.3,0,2
337232,bullet3,10.5594,14.1295,0.8,0,1
337234,bullet2,10.6244,14.1545,0.8,0,1
337235,player,1.01639,14.1608,-0.00336694,1.18751e-06,1
337236,flyer2,12.405,3.95102,-0.272999,-0.124384,2
337236,bullet6,5.48081,14.1608,0.8,0,1
337236,bullet5,1.41488,14.1608,0.8,0,1
337237,flyer4,12,1.05129,-0.3,0,2
337237,bullet3,14.5594,14.1295,0.8,0,1
337239,bullet2,14.6244,14.1545,0.8,0,1
337240,player,1.01369,14.1608,-6.21295e-05,2.1913e-08,1
337241,flyer2,11.04,3.3291,-0.272999,-0.124384,2
337241,bullet6,9.48082,14.1608,0.8,0,1
337241,bullet5,5.41488,14.1608,0.8,0,1
337241,bullet4,1.41366,14.1608,0.8,0,1
337242,flyer4,10.5,1.05129,-0.3,0,2
337243,bullet1,0.61364,14.1608,-0.8,-6.99382e-08,1
337245,player,1.01364,14.1608,-1.14646e-06,4.04356e-10,1
337246,flyer2,9.67501,2.70718,-0.272999,-0.124384,2
337246,bullet6,13.4808,14.1608,0.8,0,1
337246,bullet5,9.41488,14.1608,0.8,0,1
337246,bullet4,5.41366,14.1608,0.8,0,1
337247,flyer4,9,1.05129,-0.3,0,2
337250,player,0.425163,13.6714,-0.0307547,-0.151875,1
337251,flyer2,8.31001,2.08527,-0.272999,-0.124384,2
337251,bullet5,13.4149,14.1608,0.8,0,1
337251,bullet4,9.41366,14.1608,0.8,0,1
337252,flyer4,7.5,1.05129,-0.3,0,2
337254,bullet3,0.8,13.5523,0.8,0,1
337255,player,0.4,13.5495,0,-0.00280252,1
337256,flyer2,6.94501,1.46335,-0.272999,-0.124384,2
337256,bullet4,13.4137,14.1608,0.8,0,1
337257,flyer4,5.99999,1.05129,-0.3,0,2
337257,bullet2,0.8,14.037,0.8,0,1
337259,bullet3,4.8,13.5523,0.8,0,1
337259,bullet1,0.8,14.1358,0.8,0,1
337260,player,0.7375,13.812,0.3375,-0.323712,1
337261,flyer2,5.58001,0.841428,-0.272999,-0.124384,2
337262,flyer4,4.49999,1.05129,-0.3,0,2
337262,bullet2,4.8,14.037,0.8,0,1
337262,bullet6,1.35772,13.6008,0.8,0,1
337264,bullet3,8.8,13.5523,0.8,0,1
337264,bullet1,4.8,14.1358,0.8,0,1
337265,player,0.519166,13.5521,-0.145647,-0.0059734,1
337266,flyer2,4.21502,0.219509,-0.272999,-0.124384,2
337267,flyer4,2.99999,1.05129,-0.3,0,2
337267,bullet2,8.8,14.037,0.8,0,1
337267,bullet6,5.35772,13.6008,0.8,0,1
337269,bullet3,12.8,13.5523,0.8,0,1
337269,bullet1,8.8,14.1358,0.8,0,1
337270,player,1.00451,12.945,0.011152,-0.0139498,1
337271,flyer2,2.85002,-0.40241,-0.272999,-0.124384,2
337272,flyer4,1.49999,1.05129,-0.3,0,2
337272,bullet2,12.8,14.037,0.8,0,1
337272,bullet6,9.35772,13.6008,0.8,0,1
337274,bullet1,12.8,14.1358,0.8,0,1
337275,player,0.524092,12.8208,-0.151669,0.137778,1
337277,flyer4,-6.4373e-06,1.05129,-0.3,0,2
337277,flyer3,16.5,1.05129,-0.3,0,2
337277,bullet6,13.3577,13.6008,0.8,0,1
337277,bullet5,0.825128,12.9107,0.8,0,1
337278,bullet4,0.811307,12.9233,0.8,0,1
337279,bullet1,16.8,14.1358,0.8,0,1
337280,player,0.402289,12.594,-0.00279872,-0.334958,1
337281,flyer5,16.5,1.05129,-0.290888,-0.0733754,2
337282,flyer3,15,1.05129,-0.3,0,2
337282,bullet5,4.82513,12.9107,0.8,0,1
337282,bullet3,0.800463,12.3754,0.8,0,1
337283,bullet4,4.81131,12.9233,0.8,0,1
337285,player,0.4,11.9875,0,-0.343681,1
337286,flyer5,15.0456,0.684413,-0.290888,-0.0733754,2
337287,flyer3,13.5,1.05129,-0.3,0,2
337287,bullet5,8.82513,12.9107,0.8,0,1
337287,bullet3,4.80046,12.3754,0.8,0,1
337287,bullet2,0.8,11.7632,0.8,0,1
337288,bullet4,8.81131,12.9233,0.8,0,1
337290,player,0.4,11.7115,0,-0.00634188,1
337291,flyer5,13.5911,0.317536,-0.290888,-0.0733754,2
337292,flyer3,12,1.05129,-0.3,0,2
337292,bullet5,12.8251,12.9107,0.8,0,1
337292,bullet3,8.80046,12.3754,0.8,0,1
337292,bullet2,4.8,11.7632,0.8,0,1
337293,bullet4,12.8113,12.9233,0.8,0,1
337295,player,0.4,11.7064,0,-0.000117026,1
337296,flyer5,12.1367,-0.0493408,-0.290888,-0.0733754,2
337297,flyer3,10.5,1.05129,-0.3,0,2
337297,bullet3,12.8005,12.3754,0.8,0,1
337297,bullet2,8.8,11.7632,0.8,0,1
337297,bullet1,0.8,11.7063,0.8,0,1
337298,bullet6,0.8,11.7063,0.8,0,1
337300,player,0.4,11.7063,0,-2.15945e-06,1
337301,flyer5,10.6822,-0.416218,-0.290888,-0.0733754,2
337302,flyer3,9,1.05129,-0.3,0,2
337302,bullet2,12.8,11.7632,0.8,0,1
337302,bullet1,4.8,11.7063,0.8,0,1
337302,bullet5,0.8,11.2169,0.8,0,1
337303,bullet6,4.8,11.7063,0.8,0,1
337305,player,0.889375,11.104,0.151875,-0.0138396,1
337307,flyer3,7.5,1.05129,-0.3,0,2
337307,bullet1,8.8,11.7063,0.8,0,1
337307,bullet5,4.8,11.2169,0.8,0,1
337308,bullet6,8.8,11.7063,0.8,0,1
337310,player,0.42287,9.94666,-0.0279522,-0.0993538,1
337310,bullet4,0.02287,9.94666,-0.8,-6.99382e-08,1
337312,flyer3,5.99999,1.05129,-0.3,0,2
337312,bullet1,12.8,11.7063,0.8,0,1
337312,bullet5,8.8,11.2169,0.8,0,1
337313,bullet6,12.8,11.7063,0.8,0,1
337313,bullet3,0.802084,9.3834,0.8,0,1
337315,player,0.4,8.9409,-0,-0.370088,1
337317,flyer3,4.49999,1.05129,-0.3,0,2
337317,bullet5,12.8,11.2169,0.8,0,1
337317,bullet2,0.8,8.69942,0.8,0,1
337318,bullet3,4.80208,9.3834,0.8,0,1
337319,bullet4,0.8,8.65051,0.8,0,1
337320,player,0.4,8.98118,-0,0.330671,1
337322,flyer3,2.99999,1.05129,-0.3,0,2
337322,bullet2,4.8,8.69942,0.8,0,1
337323,bullet3,8.80208,9.3834,0.8,0,1
337323,bullet1,0.8,9.71646,0.8,0,1
337324,bullet4,4.8,8.65051,0.8,0,1
337325,player,0.4,9.83521,0,0.0368565,1
337327,flyer3,1.49999,1.05129,-0.3,0,2
337327,bullet2,8.8,8.69942,0.8,0,1
337328,bullet3,12.8021,9.3834,0.8,0,1
337328,bullet1,4.8,9.71646,0.8,0,1
337329,bullet4,8.8,8.65051,0.8,0,1
337330,player,0.889375,8.78697,0.151875,-0.18195,1
337332,flyer3,-6.4373e-06,1.05129,-0.3,0,2
337332,bullet2,12.8,8.69942,0.8,0,1
337333,bullet1,8.8,9.71646,0.8,0,1
337333,bullet6,1.40231,8.65166,0.8,0,1
337334,bullet4,12.8,8.65051,0.8,0,1
337335,player,1.01134,8.64084,0.00280252,-0.00335748,1
337337,flyer6,16.5,13.4393,-0.3,0,2
337338,bullet1,12.8,9.71646,0.8,0,1
337338,bullet6,5.40231,8.65166,0.8,0,1
337338,bullet5,1.97115,8.08063,0.8,0,1
337340,player,1.61591,7.69834,0.0138913,-0.351402,1
337341,bullet3,2.02216,7.54021,0.8,0,1
337342,flyer6,15,13.4393,-0.3,0,2
337343,bullet6,9.40231,8.65166,0.8,0,1
337343,bullet5,5.97115,8.08063,0.8,0,1
337344,bullet2,1.53743,7.91199,0.8,0,1
337345,player,1.06934,7.97385,-0.0680874,0.0618594,1
337346,bullet3,6.02216,7.54021,0.8,0,1
337347,flyer6,13.5,13.4393,-0.3,0,2
337348,bullet6,13.4023,8.65166,0.8,0,1
337348,bullet5,9.97115,8.08063,0.8,0,1
337349,bullet2,5.53743,7.91199,0.8,0,1
337350,player,1.35216,7.68603,0.336244,-0.336359,1
337351,bullet3,10.0222,7.54021,0.8,0,1
337352,flyer6,12,13.4393,-0.3,0,2
337353,bullet5,13.9711,8.08063,0.8,0,1
337354,bullet2,9.53743,7.91199,0.8,0,1
337354,bullet4,2.11509,7.42211,0.8,0,1
337355,player,1.66679,7.4159,-0.0482995,-0.00620676,1
337356,bullet3,14.0222,7.54021,0.8,0,1
337357,flyer6,10.5,13.4393,-0.3,0,2
337357,bullet1,2.03528,6.92248,0.8,0,1
337359,bullet2,13.5374,7.91199,0.8,0,1
337359,bullet4,6.11509,7.42211,0.8,0,1
337359,bullet6,1.22889,6.82256,-0.8,-6.99382e-08,1
337360,player,1.628,6.80861,-0.000891262,-0.0139541,1
337362,flyer6,9,13.4393,-0.3,0,2
337362,bullet1,6.03528,6.92248,0.8,0,1
337363,flayer7,16.5,13.4393,-0.298646,-0.0284677,2
337364,bullet4,10.1151,7.42211,0.8,0,1
337365,player,2.185,6.72906,0.0683273,0.0832738,1
337367,flyer6,7.5,13.4393,-0.3,0,2
337367,bullet1,10.0353,6.92248,0.8,0,1
337368,flayer7,15.0068,13.297,-0.298646,-0.0284677,2
337369,bullet4,14.1151,7.42211,0.8,0,1
337370,player,1.3139,5.26764,-0.366994,-0.380558,1
337372,flyer6,5.99999,13.4393,-0.3,0,2
337372,flyer1,16.5,7.35381,-0.3,0,2
337372,bullet1,14.0353,6.92248,0.8,0,1
337373,flayer7,13.5135,13.1546,-0.298646,-0.0284677,2
337374,bullet5,2.01442,4.96905,0.8,0,1
337375,player,1.28399,4.62453,-0.330432,-0.344522,1
337377,flyer6,4.49999,13.4393,-0.3,0,2
337377,flyer1,15,7.35381,-0.3,0,1
337378,flayer7,12.0203,13.0123,-0.298646,-0.0284677,2
337379,bullet5,6.01442,4.96905,0.8,0,1
337380,player,1.6071,3.79013,0.0246573,-0.0747012,1
337380,bullet3,2.0071,3.79013,0.8,0,1
337382,flyer6,2.99999,13.4393,-0.3,0,2
337382,flyer1,13.5,7.35381,-0.3,0,1
337383,flayer7,10.5271,12.87,-0.298646,-0.0284677,2
337384,bullet5,10.0144,4.96905,0.8,0,1
337384,bullet6,1.43797,3.14304,0.8,0,1
337385,player,0.687087,3.46532,-0.350885,0.322282,1
337385,bullet3,6.0071,3.79013,0.8,0,1
337387,flyer6,1.49999,13.4393,-0.3,0,2
337387,flyer1,12,7.35381,-0.3,0,1
337387,bullet2,0.858135,3.67561,0.8,0,1
337388,flayer7,9.03385,12.7276,-0.298646,-0.0284677,2
337389,bullet5,14.0144,4.96905,0.8,0,1
337389,bullet6,5.43797,3.14304,0.8,0,1
337390,player,0.405297,3.72414,-0.00647481,0.00594701,1
337390,bullet3,10.0071,3.79013,0.8,0,1
337392,flyer6,-6.4373e-06,13.4393,-0.3,0,2
337392,flyer1,10.5,7.35381,-0.3,0,1
337392,bullet2,4.85814,3.67561,0.8,0,1
337393,flayer7,7.54062,12.5853,-0.298646,-0.0284677,2
337394,bullet6,9.43797,3.14304,0.8,0,1
337394,bullet4,0.830972,3.75956,0.8,0,1
337395,player,0.413937,3.74276,-0.0170346,-0.0168053,1
337395,bullet3,14.0071,3.79013,0.8,0,1
337397,flyer1,9,7.35381,-0.3,0,1
337397,bullet2,8.85814,3.67561,0.8,0,1
337398,flayer7,6.04739,12.4429,-0.298646,-0.0284677,2
337398,bullet1,0.8,3.73026,0.8,0,1
337399,bullet6,13.438,3.14304,0.8,0,1
337399,bullet4,4.83097,3.75956,0.8,0,1
337400,player,0.4,3.39176,0,-0.33781,1
337402,flyer1,7.5,7.35381,-0.3,0,1
337402,bullet2,12.8581,3.67561,0.8,0,1
337403,flayer7,4.55415,12.3006,-0.298646,-0.0284677,2
337403,bullet1,4.8,3.73026,0.8,0,1
337404,bullet4,8.83097,3.75956,0.8,0,1
337405,player,0.4,2.2936,-0,-0.495609,1
337407,flyer1,5.99999,7.35381,-0.3,0,1
337408,flayer7,3.06092,12.1583,-0.298646,-0.0284677,2
337408,bullet1,8.8,3.73026,0.8,0,1
337409,bullet4,12.831,3.75956,0.8,0,1
337410,player,0.4,1.89558,0,-0.00914537,1
337411,bullet5,0.8,1.89147,0.8,0,1
337412,flyer1,4.49999,7.35381,-0.3,0,1
337412,bullet3,0.8,1.88961,0.8,0,1
337413,flayer7,1.56769,12.0159,-0.298646,-0.0284677,2
337413,bullet1,12.8,3.73026,0.8,0,1
337415,player,0.4,2.37761,0,0.151706,1
337415,bullet6,0.8,2.37761,0.8,0,1
337416,bullet5,4.8,1.89147,0.8,0,1
337417,flyer1,2.99999,7.35381,-0.3,0,1
337417,bullet3,4.8,1.88961,0.8,0,1
337418,flayer7,0.0744607,11.8736,-0.298646,-0.0284677,2
337418,bullet2,0.8,2.49043,0.8,0,1
337420,player,0.4,2.49945,0,0.00279941,1
337420,bullet6,4.8,2.37761,0.8,0,1
337421,bullet5,8.8,1.89147,0.8,0,1
337422,flyer1,1.49999,7.35381,-0.3,0,1
337422,bullet3,8.8,1.88961,0.8,0,1
337423,bullet2,4.8,2.49043,0.8,0,1
337425,player,0.988474,3.09017,0.0307547,0.0308063,1
337425,bullet6,8.8,2.37761,0.8,0,1
337426,bullet5,12.8,1.89147,0.8,0,1
337427,flyer1,-6.4373e-06,7.35381,-0.3,0,1
337427,bullet3,12.8,1.88961,0.8,0,1
337428,bullet2,8.8,2.49043,0.8,0,1
337430,player,1.01317,2.62553,0.00056751,-0.151307,1
337430,bullet6,12.8,2.37761,0.8,0,1
337431,flayer8,16.5,7.35381,-0.289929,-0.0770796,2
337431,bullet4,1.41343,2.55744,0.8,0,1
337432,bullet1,1.41354,2.52681,0.8,0,1
337433,bullet2,12.8,2.49043,0.8,0,1
337435,player,0.524253,2.9934,-0.151865,0.149083,1
337435,bullet5,0.924253,2.9934,0.8,0,1
337436,flayer8,15.0504,6.96841,-0.289929,-0.0770796,2
337436,bullet4,5.41343,2.55744,0.8,0,1
337437,bullet1,5.41354,2.52681,0.8,0,1
337440,player,0.4,3.04478,0,0.0862822,1
337440,bullet5,4.92425,2.9934,0.8,0,1
337441,flayer8,13.6007,6.58301,-0.289929,-0.0770796,2
337441,bullet4,9.41343,2.55744,0.8,0,1
337441,bullet3,0.8,3.0836,0.8,0,1
337442,bullet1,9.41354,2.52681,0.8,0,1
337445,player,0.4,2.5256,0,-0.0291625,1
337445,bullet5,8.92425,2.9934,0.8,0,1
337446,flayer8,12.1511,6.19761,-0.289929,-0.0770796,2
337446,bullet4,13.4134,2.55744,0.8,0,1
337446,bullet3,4.8,3.0836,0.8,0,1
337447,bullet1,13.4135,2.52681,0.8,0,1
337450,player,0.957719,1.34214,0.0683438,-0.0827215,1
337450,bullet5,12.9243,2.9934,0.8,0,1
337451,flayer8,10.7014,5.81221,-0.289929,-0.0770796,2
337451,flyer2,16.5,7.35381,-0.3,0,2
337451,bullet3,8.8,3.0836,0.8,0,1
337451,bullet6,1.38847,1.30492,0.8,0,1
337452,bullet2,1.40231,1.28817,0.8,0,1
337455,player,0.675105,1.61321,-0.336239,0.335974,1
337456,flayer8,9.25179,5.42682,-0.289929,-0.0770796,2
337456,flyer2,15,7.35381,-0.3,0,2
337456,bullet3,12.8,3.0836,0.8,0,1
337456,bullet6,5.38847,1.30492,0.8,0,1
337457,bullet2,5.40231,1.28817,0.8,0,1
337458,bullet4,0.825069,1.86305,0.8,0,1
337460,player,0.4,1.39365,0,-0.145675,1
337461,flayer8,7.80215,5.04142,-0.289929,-0.0770796,2
337461,flyer2,13.5,7.35381,-0.3,0,2
337461,bullet6,9.38847,1.30492,0.8,0,1
337462,bullet2,9.40231,1.28817,0.8,0,1
337463,bullet4,4.82507,1.86305,0.8,0,1
337465,player,0.4,1.23207,0,0.051816,1
337465,bullet1,0.8,1.23207,0.8,0,1
337466,flayer8,6.3525,4.65602,-0.289929,-0.0770796,2
337466,flyer2,12,7.35381,-0.3,0,2
337466,bullet6,13.3885,1.30492,0.8,0,1
337467,bullet2,13.4023,1.28817,0.8,0,1
337468,bullet4,8.82507,1.86305,0.8,0,1
337470,player,0.4,0.93618,0,-0.336544,1
337470,bullet1,4.8,1.23207,0.8,0,1
337471,flayer8,4.90286,4.27062,-0.289929,-0.0770796,2
337471,flyer2,10.5,7.35381,-0.3,0,2
337473,bullet4,12.8251,1.86305,0.8,0,1
337473,bullet5,0.8,0.685917,0.8,0,1
337475,player,0.4,1.00341,-0,0.33129,1
337475,bullet1,8.8,1.23207,0.8,0,1
337476,flayer8,3.45321,3.88522,-0.289929,-0.0770796,2
337476,flyer2,9,7.35381,-0.3,0,2
337478,bullet5,4.8,0.685917,0.8,0,1
337480,player,0.4,0.4,0,0,1
337480,bullet1,12.8,1.23207,0.8,0,1
337480,bullet3,0.8,0.4,0.8,0,1
337481,flayer8,2.00357,3.49982,-0.289929,-0.0770796,2
337481,flyer2,7.5,7.35381,-0.3,0,2
337483,bullet5,8.8,0.685917,0.8,0,1
337485,player,0.620219,0.4,-0.269156,-0,1
337485,bullet3,4.8,0.4,0.8,0,1
337486,flayer8,0.553924,3.11443,-0.289929,-0.0770796,2
337486,flyer2,5.99999,7.35381,-0.3,0,2
337487,bullet6,0.844594,0.4,0.8,0,1
337488,bullet5,12.8,0.685917,0.8,0,1
337490,player,1.23094,0.889375,0.484408,0.151875,1
337490,bullet3,8.8,0.4,0.8,0,1
337491,flyer2,4.49999,7.35381,-0.3,0,2
337492,bullet6,4.84459,0.4,0.8,0,1
337493,flyer4,16.5,6.68971,-0.290004,-0.0767956,2
337493,bullet2,1.99116,0.512938,0.8,0,1
337495,player,1.61996,0.76037,0.0089387,0.309548,1
337495,bullet3,12.8,0.4,0.8,0,1
337496,flyer2,2.99999,7.35381,-0.3,0,2
337497,bullet6,8.84459,0.4,0.8,0,1
337498,flyer4,15.05,6.30573,-0.290004,-0.0767956,2
337498,bullet2,5.99116,0.512938,0.8,0,1
337499,bullet4,1.4385,1.59172,0.8,0,1
337500,player,1.02482,1.61128,-0.0136747,0.0195516,1
337500,bullet1,1.42482,1.61128,0.8,0,1
337501,flyer2,1.49999,7.35381,-0.3,0,2
337502,bullet6,12.8446,0.4,0.8,0,1
337503,flyer4,13.6,5.92176,-0.290004,-0.0767956,2
337503,bullet2,9.99116,0.512938,0.8,0,1
337504,bullet4,5.4385,1.59172,0.8,0,1
337505,player,1.57156,1.06926,0.0680914,-0.067983,1
337505,bullet1,5.42482,1.61128,0.8,0,1
337506,flyer2,-6.4373e-06,7.35381,-0.3,0,2
337508,flyer4,12.1499,5.53778,-0.290004,-0.0767956,2
337508,bullet2,13.9912,0.512938,0.8,0,1
337509,bullet4,9.4385,1.59172,0.8,0,1
337510,player,2.21472,0.42619,0.0320112,-0.0320092,1
337510,bullet1,9.42483,1.61128,0.8,0,1
337510,bullet5,2.61472,0.42619,0.8,0,1
337513,flyer4,10.6999,5.1538,-0.290004,-0.0767956,2
337514,bullet4,13.4385,1.59172,0.8,0,1
337514,bullet3,2.63983,0.401074,0.8,0,1
337515,player,2.24042,0.400483,0.000590696,-0.000590659,1
337515,bullet1,13.4248,1.61128,0.8,0,1
337515,bullet5,6.61472,0.42619,0.8,0,1
337518,flyer4,9.2499,4.76982,-0.290004,-0.0767956,2
337519,flyer5,16.5,6.68971,-0.3,0,2
337519,bullet3,6.63984,0.401074,0.8,0,1
337519,bullet6,2.08317,1.54621,0.8,0,1
337520,player,1.65243,1.5908,-0.0307438,0.0445834,1
337520,bullet5,10.6147,0.42619,0.8,0,1
337520,bullet2,2.05243,1.5908,0.8,0,1
337523,flyer4,7.79989,4.38585,-0.290004,-0.0767956,2
337524,flyer5,15,6.68971,-0.3,0,2
337524,bullet3,10.6398,0.401074,0.8,0,1
337524,bullet6,6.08317,1.54621,0.8,0,1
337525,player,2.11711,1.13722,0.151308,-0.151052,1
337525,bullet5,14.6147,0.42619,0.8,0,1
337525,bullet2,6.05243,1.5908,0.8,0,1
337528,flyer4,6.34986,4.00187,-0.290004,-0.0767956,2
337529,flyer5,13.5,6.68971,-0.3,0,2
337529,bullet3,14.6398,0.401074,0.8,0,1
337529,bullet6,10.0832,1.54621,0.8,0,1
337530,player,1.29881,1.16779,-0.348548,-0.188412,1
337530,bullet2,10.0524,1.5908,0.8,0,1
337532,bullet4,1.47138,1.04485,0.8,0,1
337533,flyer4,4.89984,3.61789,-0.290004,-0.0767956,2
337534,flyer5,12,6.68971,-0.3,0,2
337534,bullet6,14.0832,1.54621,0.8,0,1
337534,bullet1,1.42533,1.01996,0.8,0,1
337535,player,1.0189,1.01648,-0.00643168,-0.00347674,1
337535,bullet2,14.0524,1.5908,0.8,0,1
337537,bullet4,5.47139,1.04485,0.8,0,1
337538,flyer4,3.44982,3.23391,-0.290004,-0.0767956,2
337539,flyer5,10.5,6.68971,-0.3,0,2
337539,bullet1,5.42533,1.01996,0.8,0,1
337540,player,1.50311,1.50306,0.151756,0.151811,1
337542,bullet4,9.47139,1.04485,0.8,0,1
337542,bullet5,2.49151,1.60212,0.8,0,1
337543,flyer4,1.9998,2.84993,-0.290004,-0.0767956,2
337544,flyer5,9,6.68971,-0.3,0,2
337544,bullet1,9.42533,1.01996,0.8,0,1
337545,player,1.73792,1.62498,-0.135235,0.00280134,1
