523169,player,0.737302,5.45878,0,0,1
523169,bullet1,1.1373,5.45878,0.8,0,1
523173,bullet2,1.62668,5.94815,0.8,0,1
523174,player,1.29502,6.0165,0.0683438,0.0683438,1
523174,bullet1,5.1373,5.45878,0.8,0,1
523175,bullet3,1.72577,6.04725,0.8,0,1
523178,bullet2,5.62668,5.94815,0.8,0,1
523179,player,0.860532,6.56076,-0.150614,0.153136,1
523179,bullet1,9.1373,5.45878,0.8,0,1
523180,bullet3,5.72578,6.04725,0.8,0,1
523183,bullet2,9.62668,5.94815,0.8,0,1
523183,bullet4,1.73083,7.75876,0.8,0,1
523184,player,1.34189,7.84377,0.0110604,0.0850092,1
523184,bullet1,13.1373,5.45878,0.8,0,1
523185,bullet3,9.72578,6.04725,0.8,0,1
523188,bullet2,13.6267,5.94815,0.8,0,1
523188,bullet4,5.73083,7.75876,0.8,0,1
523189,player,2.29058,7.64723,0.351544,0.325229,1
523190,bullet3,13.7258,6.04725,0.8,0,1
523193,flyer1,16.5,3.73698,-0.3,0,2
523193,bullet4,9.73083,7.75876,0.8,0,1
523193,bullet5,3.45579,8.39179,0.8,0,1
523194,player,3.13062,8.46613,0.0748307,0.0743451,1
523196,bullet6,4.06882,8.51464,0.8,0,1
523198,flyer1,15,3.73698,-0.3,0,2
523198,bullet4,13.7308,7.75876,0.8,0,1
523198,bullet5,7.45579,8.39179,0.8,0,1
523198,bullet1,4.17781,8.52446,0.8,0,1
523199,player,3.79303,8.52584,0.0152204,0.00137188,1
523201,bullet6,8.06882,8.51464,0.8,0,1
523203,flyer1,13.5,3.73698,-0.3,0,2
523203,bullet5,11.4558,8.39179,0.8,0,1
523203,bullet1,8.17781,8.52446,0.8,0,1
523204,player,4.36297,8.59528,0.0686246,-0.0835059,1
523205,bullet2,4.79385,8.5577,0.8,0,1
523206,bullet6,12.0688,8.51464,0.8,0,1
523208,flyer1,12,3.73698,-0.3,0,2
523208,bullet5,15.4558,8.39179,0.8,0,1
523208,bullet1,12.1778,8.52446,0.8,0,1
523209,player,3.59121,9.01759,-0.488109,0.150334,1
523210,bullet2,8.79385,8.5577,0.8,0,1
523211,bullet6,16.0688,8.51464,0.8,0,1
523212,flyer2,16.5,3.73698,-0.3,0,2
523213,flyer1,10.5,3.73698,-0.3,0,2
523213,bullet1,16.1778,8.52446,0.8,0,1
523213,bullet3,3.11885,9.62492,0.8,0,1
523214,player,2.6415,9.69604,-0.0773507,0.0711178,1
523215,bullet2,12.7939,8.5577,0.8,0,1
523215,bullet4,3.00669,9.72804,0.8,0,1
523216,bullet5,2.99103,9.74244,0.8,0,1
523217,flyer2,15,3.73698,-0.3,0,2
523218,flyer1,9,3.73698,-0.3,0,2
523218,bullet3,7.11885,9.62492,0.8,0,1
523219,player,2.57938,9.75315,-0.00142734,0.00131232,1
523220,bullet4,7.00669,9.72804,0.8,0,1
523220,bullet6,2.97874,9.75374,0.8,0,1
523221,bullet5,6.99103,9.74244,0.8,0,1
523222,flyer2,13.5,3.73698,-0.3,0,2
523223,flyer1,7.5,3.73698,-0.3,0,2
523223,bullet3,11.1189,9.62492,0.8,0,1
523224,player,3.13595,9.7542,0.0683174,2.42161e-05,1
523225,bullet4,11.0067,9.72804,0.8,0,1
523225,bullet6,6.97874,9.75374,0.8,0,1
523226,bullet5,10.991,9.74244,0.8,0,1
523227,flyer2,12,3.73698,-0.3,0,2
523228,flyer1,5.99999,3.73698,-0.3,0,2
523228,bullet3,15.1189,9.62492,0.8,0,1
523229,player,2.60234,9.16575,-0.029494,-0.0307542,1
523230,bullet4,15.0067,9.72804,0.8,0,1
523230,bullet6,10.9787,9.75374,0.8,0,1
523230,bullet1,2.18907,9.15191,-0.8,-6.99382e-08,1
523231,bullet5,14.991,9.74244,0.8,0,1
523232,flyer2,10.5,3.73698,-0.3,0,2
523233,flyer1,4.49999,3.73698,-0.3,0,2
523233,bullet2,2.9792,8.65224,0.8,0,1
523234,player,2.57866,8.58333,-0.000544248,-0.0689112,1
523235,bullet6,14.9787,9.75374,0.8,0,1
523235,bullet3,2.97841,8.55232,0.8,0,1
523237,flyer2,9,3.73698,-0.3,0,2
523238,flyer1,2.99999,3.73698,-0.3,0,2
523238,bullet2,6.9792,8.65224,0.8,0,1
523239,player,2.91572,7.97027,0.33749,-0.0696154,1
523240,bullet3,6.97841,8.55232,0.8,0,1
523240,bullet4,3.46759,7.93894,0.8,0,1
523242,flyer2,7.5,3.73698,-0.3,0,2
523242,bullet5,3.56669,7.9185,0.8,0,1
523243,flyer1,1.49999,3.73698,-0.3,0,2
523243,bullet2,10.9792,8.65224,0.8,0,1
523244,player,3.18675,7.91436,0.00622764,-0.0012846,1
523245,bullet3,10.9784,8.55232,0.8,0,1
523245,bullet4,7.46759,7.93894,0.8,0,1
523247,flyer2,5.99999,3.73698,-0.3,0,2
523247,bullet5,7.56669,7.9185,0.8,0,1
523248,flyer1,-6.4373e-06,3.73698,-0.3,0,2
523248,bullet2,14.9792,8.65224,0.8,0,1
523249,player,2.85425,8.25083,-0.337385,0.337476,1
523250,bullet3,14.9784,8.55232,0.8,0,1
523250,bullet4,11.4676,7.93894,0.8,0,1
523252,flyer2,4.49999,3.73698,-0.3,0,2
523252,flyer3,16.5,13.1947,-0.3,0,2
523252,bullet5,11.5667,7.9185,0.8,0,1
523252,bullet1,2.44565,8.50179,0.8,0,1
523253,bullet6,1.60106,8.51563,-0.8,-6.99382e-08,1
523254,player,1.98099,8.52185,-0.0200653,0.00622739,1
523255,bullet4,15.4676,7.93894,0.8,0,1
523256,bullet2,2.85727,9.01529,0.8,0,1
523257,flyer2,2.99999,3.73698,-0.3,0,2
523257,flyer3,15,13.1947,-0.3,0,2
523257,bullet5,15.5667,7.9185,0.8,0,1
523257,bullet1,6.44565,8.50179,0.8,0,1
523259,player,2.56719,9.12917,0.0134693,0.0139545,1
523259,bullet3,2.96719,9.12917,0.8,0,1
523261,bullet2,6.85727,9.01529,0.8,0,1
523262,flyer2,1.49999,3.73698,-0.3,0,2
523262,flyer3,13.5,13.1947,-0.3,0,2
523262,bullet1,10.4456,8.50179,0.8,0,1
523264,player,2.64635,8.04868,-0.0832827,-0.165457,1
523264,bullet3,6.96719,9.12917,0.8,0,1
523266,bullet2,10.8573,9.01529,0.8,0,1
523266,bullet6,2.99201,7.94072,0.8,0,1
523267,flyer2,-6.4373e-06,3.73698,-0.3,0,2
523267,flyer3,12,13.1947,-0.3,0,2
523267,bullet1,14.4456,8.50179,0.8,0,1
523269,player,2.57947,7.91581,-0.0015368,-0.00305315,1
523269,bullet3,10.9672,9.12917,0.8,0,1
523271,bullet2,14.8573,9.01529,0.8,0,1
523271,bullet6,6.99201,7.94072,0.8,0,1
523272,flyer3,10.5,13.1947,-0.3,0,2
523273,flyer4,16.5,13.1947,-0.3,0,2
523274,player,1.53114,8.35814,-0.220247,0.206323,1
523274,bullet3,14.9672,9.12917,0.8,0,1
523275,bullet4,1.83203,8.45098,0.8,0,1
523276,bullet6,10.992,7.94072,0.8,0,1
523277,flyer3,9,13.1947,-0.3,0,2
523278,flyer4,15,13.1947,-0.3,0,2
523279,player,1.35426,7.96611,-0.00406418,-0.0645365,1
523279,bullet5,1.75426,7.96611,0.8,0,1
523280,bullet4,5.83203,8.45098,0.8,0,1
523281,bullet6,14.992,7.94072,0.8,0,1
523282,flyer3,7.5,13.1947,-0.3,0,2
523282,bullet1,2.30896,7.91812,0.8,0,1
523283,flyer4,13.5,13.1947,-0.3,0,2
523283,bullet2,2.33955,7.91547,0.8,0,1
523284,player,1.95331,7.91428,0.0137646,-0.00119088,1
523284,bullet5,5.75426,7.96611,0.8,0,1
523285,bullet4,9.83203,8.45098,0.8,0,1
523287,flyer3,5.99999,13.1947,-0.3,0,2
523287,bullet1,6.30896,7.91812,0.8,0,1
523288,flyer4,12,13.1947,-0.3,0,2
523288,bullet2,6.33955,7.91547,0.8,0,1
523289,player,1.15567,8.22007,0.238656,0.375067,1
523289,bullet5,9.75426,7.96611,0.8,0,1
523290,bullet4,13.832,8.45098,0.8,0,1
523292,flyer3,4.49999,13.1947,-0.3,0,2
523292,bullet1,10.309,7.91812,0.8,0,1
523293,flyer4,10.5,13.1947,-0.3,0,2
523293,bullet2,10.3395,7.91547,0.8,0,1
523294,player,1.34734,6.87188,0.00440387,-0.227137,1
523294,bullet5,13.7543,7.96611,0.8,0,1
523296,bullet3,1.75021,6.72367,0.8,0,1
523297,flyer3,2.99999,13.1947,-0.3,0,2
523297,bullet1,14.309,7.91812,0.8,0,1
523298,flyer4,9,13.1947,-0.3,0,2
523298,bullet2,14.3396,7.91547,0.8,0,1
523299,player,1.35087,6.35197,8.12637e-05,-0.341691,1
523300,bullet6,1.75091,6.19821,0.8,0,1
523301,bullet3,5.75021,6.72367,0.8,0,1
523302,flyer3,1.49999,13.1947,-0.3,0,2
523303,flyer4,7.5,13.1947,-0.3,0,2
523304,player,0.861563,5.51984,-0.151873,-0.0746489,1
523305,bullet6,5.75091,6.19821,0.8,0,1
523305,bullet4,1.19322,5.48625,0.8,0,1
523306,bullet3,9.75021,6.72367,0.8,0,1
523307,flyer3,-6.4373e-06,13.1947,-0.3,0,2
523307,bullet5,1.14863,5.46433,0.8,0,1
523308,flyer4,5.99999,13.1947,-0.3,0,2
523309,player,0.402096,5.45989,-0.340302,-0.00137748,1
523310,bullet6,9.75091,6.19821,0.8,0,1
523310,bullet4,5.19322,5.48625,0.8,0,1
523311,bullet3,13.7502,6.72367,0.8,0,1
523312,bullet5,5.14863,5.46433,0.8,0,1
523313,flyer4,4.49999,13.1947,-0.3,0,2
523314,player,0.4,5.90357,0,0.206354,1
523315,bullet6,13.7509,6.19821,0.8,0,1
523315,bullet4,9.19322,5.48625,0.8,0,1
523317,bullet5,9.14863,5.46433,0.8,0,1
523318,flyer4,2.99999,13.1947,-0.3,0,2
523319,player,0.957719,4.90926,0.0683438,-0.0783755,1
523319,flyer5,16.5,13.1947,-0.3,0,2
523319,bullet1,1.35772,4.90926,0.8,0,1
523320,bullet4,13.1932,5.48625,0.8,0,1
523322,bullet5,13.1486,5.46433,0.8,0,1
523323,flyer4,1.49999,13.1947,-0.3,0,2
523324,player,1.0572,3.79922,-0.053243,-0.221665,1
523324,flyer5,15,13.1947,-0.3,0,2
523324,bullet1,5.35772,4.90926,0.8,0,1
523327,flyer6,16.5,9.14843,-0.297384,-0.0395287,2
523327,bullet2,1.41761,3.14501,0.8,0,1
523328,flyer4,-6.4373e-06,13.1947,-0.3,0,2
523329,player,1.35194,3.03273,0.336518,-0.034845,1
523329,flyer5,13.5,13.1947,-0.3,0,2
523329,bullet1,9.35772,4.90926,0.8,0,1
523332,flyer6,15.0131,8.95079,-0.297384,-0.0395287,2
523332,bullet2,5.41761,3.14501,0.8,0,1
523334,player,1.73513,2.51538,-0.131826,-0.152518,1
523334,flyer5,12,13.1947,-0.3,0,2
523334,bullet1,13.3577,4.90926,0.8,0,1
523334,bullet3,2.13513,2.51538,0.8,0,1
523337,flyer6,13.5262,8.75314,-0.297384,-0.0395287,2
523337,bullet2,9.41761,3.14501,0.8,0,1
523339,player,0.734044,2.39289,-0.408276,-0.00281439,1
523339,flyer5,10.5,13.1947,-0.3,0,2
523339,bullet3,6.13513,2.51538,0.8,0,1
523341,bullet6,0.867644,2.39105,0.8,0,1
523342,flyer6,12.0392,8.5555,-0.297384,-0.0395287,2
523342,bullet2,13.4176,3.14501,0.8,0,1
523342,bullet4,0.83044,2.3908,0.8,0,1
523344,player,0.406164,2.39063,-0.00753385,-5.19333e-05,1
523344,flyer5,9,13.1947,-0.3,0,2
523344,bullet3,10.1351,2.51538,0.8,0,1
523346,bullet6,4.86764,2.39105,0.8,0,1
523347,flyer6,10.5523,8.35786,-0.297384,-0.0395287,2
523347,bullet4,4.83044,2.3908,0.8,0,1
523347,bullet5,0.489937,2.87997,-0.8,-6.99382e-08,1
523349,player,0.651087,2.97906,-0.306884,0.0307537,1
523349,flyer5,7.5,13.1947,-0.3,0,2
523349,bullet3,14.1351,2.51538,0.8,0,1
523351,bullet6,8.86764,2.39105,0.8,0,1
523351,bullet1,0.850845,2.99913,0.8,0,1
523352,flyer6,9.06539,8.16021,-0.297384,-0.0395287,2
523352,bullet4,8.83044,2.3908,0.8,0,1
523354,player,0.962352,3.00376,0.0626809,0.000567493,1
523354,flyer5,5.99999,13.1947,-0.3,0,2
523354,bullet2,1.36235,3.00376,0.8,0,1
523356,bullet6,12.8676,2.39105,0.8,0,1
523356,bullet1,4.85085,2.99913,0.8,0,1
523357,flyer6,7.57847,7.96257,-0.297384,-0.0395287,2
523357,bullet4,12.8304,2.3908,0.8,0,1
523359,player,1.50206,3.49359,0.153032,0.151885,1
523359,flyer5,4.49999,13.1947,-0.3,0,2
523359,bullet2,5.36235,3.00376,0.8,0,1
523361,bullet1,8.85085,2.99913,0.8,0,1
523362,flyer6,6.09155,7.76492,-0.297384,-0.0395287,2
523363,bullet5,2.02214,3.05504,0.8,0,1
523364,player,1.62496,3.02709,0.00282386,-0.027952,1
523364,flyer5,2.99999,13.1947,-0.3,0,2
523364,bullet2,9.36235,3.00376,0.8,0,1
523364,bullet3,2.02496,3.02709,0.8,0,1
523366,bullet1,12.8508,2.99913,0.8,0,1
523367,flyer6,4.60463,7.56728,-0.297384,-0.0395287,2
523368,bullet5,6.02214,3.05504,0.8,0,1
523369,player,1.62723,3.00464,5.21082e-05,-0.000515793,1
523369,flyer5,1.49999,13.1947,-0.3,0,2
523369,bullet2,13.3624,3.00376,0.8,0,1
523369,bullet3,6.02496,3.02709,0.8,0,1
523372,flyer6,3.11771,7.36963,-0.297384,-0.0395287,2
523373,bullet5,10.0221,3.05504,0.8,0,1
523373,bullet6,2.02727,3.00424,0.8,0,1
523374,player,1.62727,3.00423,9.61544e-07,-9.51782e-06,1
523374,flyer5,-6.4373e-06,13.1947,-0.3,0,2
523374,bullet3,10.025,3.02709,0.8,0,1
523377,flyer6,1.63079,7.17199,-0.297384,-0.0395287,2
523378,bullet5,14.0221,3.05504,0.8,0,1
523378,bullet6,6.02727,3.00424,0.8,0,1
523379,player,1.64111,2.50101,-0.0169151,-0.13496,1
523379,bullet3,14.025,3.02709,0.8,0,1
523381,flayer7,16.5,13.1947,-0.273905,0.122378,2
523382,flyer6,0.143863,6.97435,-0.297384,-0.0395287,2
523382,flayer8,16.5,9.14843,-0.298819,-0.0265953,2
523383,bullet6,10.0273,3.00424,0.8,0,1
523383,bullet4,2.58556,2.42587,0.8,0,1
523384,player,2.216,2.40646,0.0304426,-0.0194055,1
523386,flayer7,15.1305,13.8066,-0.273905,0.122378,2
523386,bullet1,2.14649,2.88318,0.8,0,1
523387,flayer8,15.0059,9.01546,-0.298819,-0.0265953,2
523388,bullet6,14.0273,3.00424,0.8,0,1
523388,bullet4,6.58556,2.42587,0.8,0,1
523389,player,1.14876,2.50382,-0.165153,-0.138393,1
523390,bullet2,1.47444,2.44154,0.8,0,1
523391,flayer7,13.761,14.4185,-0.273905,0.122378,2
523391,bullet1,6.14649,2.88318,0.8,0,1
523392,flayer8,13.5118,8.88248,-0.298819,-0.0265953,2
523393,bullet4,10.5856,2.42587,0.8,0,1
523393,bullet5,0.1298,2.39523,-0.8,-6.99382e-08,1
523394,player,0.458409,2.39267,-0.0713913,-0.00255375,1
523395,bullet2,5.47444,2.44154,0.8,0,1
523396,flayer7,12.3914,15.0304,-0.273905,0.122378,2
523396,bullet1,10.1465,2.88318,0.8,0,1
523396,bullet3,1.3012,2.39101,0.8,0,1
523397,flayer8,12.0177,8.74951,-0.298819,-0.0265953,2
523398,bullet4,14.5856,2.42587,0.8,0,1
523399,player,0.514014,2.23875,-0.139353,0.185578,1
523400,bullet2,9.47444,2.44154,0.8,0,1
523401,flayer7,11.0219,15.6423,-0.273905,0.122378,2
523401,bullet1,14.1465,2.88318,0.8,0,1
523401,bullet3,5.3012,2.39101,0.8,0,1
523402,flayer8,10.5236,8.61653,-0.298819,-0.0265953,2
523403,bullet6,1.36239,1.82664,0.8,0,1
523404,player,0.990575,1.79931,0.0281832,-0.0273303,1
523405,bullet2,13.4744,2.44154,0.8,0,1
523406,flayer7,9.65238,16.2542,-0.273905,0.122378,2
523406,bullet3,9.3012,2.39101,0.8,0,1
523406,bullet5,1.40896,2.27085,0.8,0,1
523407,flayer8,9.02954,8.48355,-0.298819,-0.0265953,2
523408,bullet6,5.36239,1.82664,0.8,0,1
523409,player,0.523834,2.37968,-0.151355,0.0133353,1
523411,bullet3,13.3012,2.39101,0.8,0,1
523411,bullet5,5.40897,2.27085,0.8,0,1
523411,bullet4,0.825075,2.38838,0.8,0,1
523412,flayer8,7.53544,8.35058,-0.298819,-0.0265953,2
523413,bullet6,9.36239,1.82664,0.8,0,1
523414,player,0.402283,1.90101,-0.00279292,-0.151629,1
523416,bullet5,9.40897,2.27085,0.8,0,1
523416,bullet4,4.82507,2.38838,0.8,0,1
523417,flayer8,6.04135,8.2176,-0.298819,-0.0265953,2
523418,bullet6,13.3624,1.82664,0.8,0,1
523419,player,0.4,2.61995,-0,0.469662,1
523421,bullet5,13.409,2.27085,0.8,0,1
523421,bullet4,8.82508,2.38838,0.8,0,1
523422,flayer8,4.54726,8.08463,-0.298819,-0.0265953,2
523422,flyer1,16.5,9.14843,-0.3,0,2
523423,bullet1,0.8,2.49909,0.8,0,1
523424,player,0.4,2.43941,0,-0.0596772,1
523426,bullet4,12.8251,2.38838,0.8,0,1
523427,flayer8,3.05316,7.95165,-0.298819,-0.0265953,2
523427,flyer1,15,9.14843,-0.3,0,2
523428,bullet1,4.8,2.49909,0.8,0,1
523428,bullet2,1.35772,3.53878,0.8,0,1
523429,player,0.988474,3.24477,0.0307547,-0.294007,1
523432,flayer8,1.55907,7.81868,-0.298819,-0.0265953,2
523432,flyer1,13.5,9.14843,-0.3,0,2
523433,bullet1,8.8,2.49909,0.8,0,1
523433,bullet2,5.35772,3.53878,0.8,0,1
523433,bullet3,1.4126,2.45637,0.8,0,1
523434,player,1.01317,2.42019,0.00056751,-0.0361799,1
523435,bullet6,1.41343,2.40391,0.8,0,1
523437,flayer8,0.0649743,7.6857,-0.298819,-0.0265953,2
523437,flyer1,12,9.14843,-0.3,0,2
523438,bullet1,12.8,2.49909,0.8,0,1
523438,bullet2,9.35772,3.53878,0.8,0,1
523438,bullet3,5.4126,2.45637,0.8,0,1
523439,player,1.01363,2.39113,1.04722e-05,-0.000667622,1
523440,bullet6,5.41343,2.40391,0.8,0,1
523442,flyer1,10.5,9.14843,-0.3,0,2
523443,bullet2,13.3577,3.53878,0.8,0,1
523443,bullet3,9.41261,2.45637,0.8,0,1
523444,player,0.4,2.97907,-0,0.0307424,1
523445,bullet6,9.41343,2.40391,0.8,0,1
523446,bullet5,0.8,3.4885,0.8,0,1
523447,flyer1,9,9.14843,-0.3,0,2
523448,bullet3,13.4126,2.45637,0.8,0,1
523449,player,0.889375,3.60607,0.151875,0.0144069,1
523449,bullet4,1.28938,3.60607,0.8,0,1
523450,bullet6,13.4134,2.40391,0.8,0,1
523451,bullet5,4.8,3.4885,0.8,0,1
523452,flyer1,7.5,9.14843,-0.3,0,2
523454,player,1.01134,3.5493,0.00280252,0.0837971,1
523454,flyer2,16.5,10.2809,-0.290968,0.0730599,2
523454,bullet4,5.28938,3.60607,0.8,0,1
523455,bullet1,1.4126,3.587,0.8,0,1
523456,bullet5,8.8,3.4885,0.8,0,1
523457,flyer1,5.99999,9.14843,-0.3,0,2
523459,player,1.93957,3.02812,0.368306,-0.0292084,1
523459,flyer2,15.0452,10.6462,-0.290968,0.0730599,2
523459,bullet4,9.28938,3.60607,0.8,0,1
523460,bullet1,5.4126,3.587,0.8,0,1
523460,bullet2,2.50531,3.01498,0.8,0,1
523461,bullet5,12.8,3.4885,0.8,0,1
523462,flyer1,4.49999,9.14843,-0.3,0,2
523464,player,3.28244,3.49404,0.227015,0.151336,1
523464,flyer2,13.5903,11.0115,-0.290968,0.0730599,2
523464,bullet4,13.2894,3.60607,0.8,0,1
523465,bullet1,9.41261,3.587,0.8,0,1
523465,bullet2,6.50531,3.01498,0.8,0,1
523467,flyer1,2.99999,9.14843,-0.3,0,2
523467,bullet3,3.85126,3.60657,0.8,0,1
523469,player,3.12726,3.95307,-0.333311,0.340293,1
523469,flyer2,12.1355,11.3768,-0.290968,0.0730599,2
523470,bullet1,13.4126,3.587,0.8,0,1
523470,bullet2,10.5053,3.01498,0.8,0,1
523470,bullet6,3.37727,4.1062,0.8,0,1
523472,flyer1,1.49999,9.14843,-0.3,0,2
523472,bullet3,7.85126,3.60657,0.8,0,1
523474,player,2.85958,4.22635,-0.00615052,0.00627935,1
523474,flyer2,10.6806,11.7421,-0.290968,0.0730599,2
523475,bullet2,14.5053,3.01498,0.8,0,1
523475,bullet6,7.37727,4.1062,0.8,0,1
523477,flyer1,-6.4373e-06,9.14843,-0.3,0,2
523477,bullet3,11.8513,3.60657,0.8,0,1
523479,player,3.44311,4.2314,0.0306412,0.000115872,1
523479,flyer2,9.2258,12.1074,-0.290968,0.0730599,2
523479,flyer3,16.5,3.00979,-0.3,0,2
523479,bullet5,3.84311,4.2314,0.8,0,1
523480,bullet6,11.3773,4.1062,0.8,0,1
523484,player,4.02544,4.90215,0.0689092,-0.0696895,1
523484,flyer2,7.77096,12.4727,-0.290968,0.0730599,2
523484,flyer3,15,3.00979,-0.3,0,1
523484,bullet5,7.84311,4.2314,0.8,0,1
523485,bullet6,15.3773,4.1062,0.8,0,1
523487,flyer4,16.5,3.00979,-0.3,0,2
523489,player,5.24081,4.24387,0.0834549,-0.0151256,1
523489,flyer2,6.31612,12.838,-0.290968,0.0730599,2
523489,flyer3,13.5,3.00979,-0.3,0,1
523489,bullet5,11.8431,4.2314,0.8,0,1
523489,bullet4,5.64081,4.24387,0.8,0,1
523490,bullet1,5.67836,4.23706,0.8,0,1
523492,flyer4,15,3.00979,-0.3,0,2
523492,bullet2,5.70287,4.23262,0.8,0,1
523494,player,5.30783,3.74235,0.00153998,-0.152154,1
523494,flyer2,4.86128,13.2033,-0.290968,0.0730599,2
523494,flyer3,12,3.00979,-0.3,0,1
523494,bullet5,15.8431,4.2314,0.8,0,1
523494,bullet4,9.64081,4.24387,0.8,0,1
523495,bullet1,9.67836,4.23706,0.8,0,1
523496,bullet3,5.70883,4.13244,0.8,0,1
523497,flyer4,13.5,3.00979,-0.3,0,2
523497,bullet2,9.70287,4.23262,0.8,0,1
523499,player,5.30906,3.73309,2.84169e-05,-0.140843,1
523499,flyer2,3.40644,13.5686,-0.290968,0.0730599,2
523499,flyer3,10.5,3.00979,-0.3,0,1
523499,bullet4,13.6408,4.24387,0.8,0,1
523500,bullet1,13.6784,4.23706,0.8,0,1
523501,bullet3,9.70883,4.13244,0.8,0,1
523502,flyer4,12,3.00979,-0.3,0,2
523502,bullet2,13.7029,4.23262,0.8,0,1
523503,bullet6,5.70909,3.03411,0.8,0,1
523504,player,5.30909,3.01767,5.24372e-07,-0.0164386,1
523504,flyer2,1.9516,13.9339,-0.290968,0.0730599,2
523504,flyer3,9,3.00979,-0.3,0,1
523506,bullet3,13.7088,4.13244,0.8,0,1
523507,flyer4,10.5,3.00979,-0.3,0,2
523509,player,5.30909,2.44675,9.67614e-09,-0.0686471,1
523509,flyer2,0.496766,14.2992,-0.290968,0.0730599,2
523509,bullet5,5.70909,2.44675,0.8,0,1
523510,bullet4,5.70909,2.41586,0.8,0,1
523512,flyer4,9,3.00979,-0.3,0,1
523513,bullet1,5.21971,2.88226,0.8,0,1
523514,player,4.75137,2.94934,-0.0683438,0.067077,1
523514,bullet5,9.70909,2.44675,0.8,0,1
523517,flyer5,16.5,3.00979,-0.3,0,2
523517,bullet2,4.54283,3.55694,0.8,0,1
523518,bullet1,9.21971,2.88226,0.8,0,1
523519,player,4.09417,3.60552,-0.0151007,0.0150774,1
523519,flyer6,16.5,3.00979,-0.3,0,2
523519,bullet6,4.49417,3.60552,0.8,0,1
523522,flyer5,15,3.00979,-0.3,0,2
523522,bullet2,8.54283,3.55694,0.8,0,1
523522,bullet3,4.48294,3.05901,0.8,0,1
523523,bullet1,13.2197,2.88226,0.8,0,1
523524,player,4.08204,3.01532,-0.000278651,-0.0135614,1
523524,flyer6,15,3.00979,-0.3,0,2
523524,bullet6,8.49417,3.60552,0.8,0,1
523527,flyer5,13.5,3.00979,-0.3,0,1
523527,bullet2,12.5428,3.55694,0.8,0,1
523527,bullet3,8.48294,3.05901,0.8,0,1
523527,bullet4,5.03955,3.00523,0.8,0,1
523529,player,4.68413,2.66693,0.0138345,-0.33775,1
523529,flyer6,13.5,3.00979,-0.3,0,1
523532,bullet4,9.03955,3.00523,0.8,0,1
523532,bullet5,3.7367,2.97348,-0.8,-6.99382e-08,1
523534,player,4.09293,3.3355,-0.0135843,0.345107,1
523535,bullet1,4.48681,3.4908,0.8,0,1
523537,bullet4,13.0396,3.00523,0.8,0,1
523537,bullet5,-0.263302,2.97348,-0.8,-6.99382e-08,1
523538,flayer7,16.5,3.00979,-0.3,0,2
523539,player,3.5243,4.17037,-0.0685944,0.0747119,1
523539,flayer8,16.5,11.1955,-0.3,0,2
523539,bullet2,3.9243,4.17037,0.8,0,1
523540,bullet1,8.48681,3.4908,0.8,0,1
523542,bullet6,3.56266,4.7153,-0.8,-6.99382e-08,1
523543,flayer7,15,3.00979,-0.3,0,1
523544,player,4.05769,4.48134,0.0294889,-0.305367,1
523544,flayer8,15,11.1955,-0.3,0,2
523544,bullet2,7.9243,4.17037,0.8,0,1
523545,bullet1,12.4868,3.4908,0.8,0,1
523545,bullet3,4.47095,4.34393,0.8,0,1
523547,bullet5,4.47961,4.25426,0.8,0,1
523548,bullet4,4.48082,4.24174,0.8,0,1
523549,player,4.08137,4.23611,0.000544154,-0.00563487,1
523549,flayer8,13.5,11.1955,-0.3,0,2
523549,bullet2,11.9243,4.17037,0.8,0,1
523550,bullet3,8.47096,4.34393,0.8,0,1
523552,bullet5,8.47962,4.25426,0.8,0,1
523553,bullet4,8.48082,4.24174,0.8,0,1
523554,player,3.52409,4.7893,-0.0683337,0.0682398,1
523554,flayer8,12,11.1955,-0.3,0,2
523554,bullet2,15.9243,4.17037,0.8,0,1
523555,bullet3,12.471,4.34393,0.8,0,1
523555,bullet1,3.89334,4.82001,0.8,0,1
523557,bullet5,12.4796,4.25426,0.8,0,1
523558,bullet4,12.4808,4.24174,0.8,0,1
523559,player,3.31733,4.01723,0.184364,-0.488116,1
523559,flayer8,10.5,11.1955,-0.3,0,2
523560,bullet1,7.89334,4.82001,0.8,0,1
523561,bullet6,3.83763,3.69873,0.8,0,1
523562,bullet2,3.85443,3.65425,0.8,0,1
523564,player,3.12789,3.62523,-0.334098,-0.00900711,1
523564,flayer8,9,11.1955,-0.3,0,2
523565,bullet1,11.8933,4.82001,0.8,0,1
523566,bullet6,7.83763,3.69873,0.8,0,1
523567,bullet2,7.85443,3.65425,0.8,0,1
523569,player,4.01961,3.88281,0.0760183,-0.323827,1
523569,flayer8,7.5,11.1955,-0.3,0,2
523570,bullet1,15.8933,4.82001,0.8,0,1
523571,flyer1,16.5,7.02679,-0.236824,-0.184159,2
523571,bullet6,11.8376,3.69873,0.8,0,1
523572,bullet2,11.8544,3.65425,0.8,0,1
523574,player,3.77392,3.96025,-0.373686,0.331524,1
523574,flayer8,5.99999,11.1955,-0.3,0,2
523576,flyer1,15.3159,6.10599,-0.236824,-0.184159,2
523576,bullet6,15.8376,3.69873,0.8,0,1
523577,flyer3,16.5,6.16287,-0.3,0,2
523577,bullet2,15.8544,3.65425,0.8,0,1
523578,flyer2,16.5,5.30385,-0.3,0,2
523578,bullet3,4.37009,4.22037,0.8,0,1
523579,player,4.03154,4.22649,0.0614482,0.00611756,1
523579,flayer8,4.49999,11.1955,-0.3,0,2
523580,bullet5,4.45919,4.22924,0.8,0,1
523581,flyer1,14.1318,5.1852,-0.236824,-0.184159,2
523581,bullet4,4.47163,4.23048,0.8,0,1
523582,flyer3,15,6.16287,-0.3,0,2
523583,flyer2,15,5.30385,-0.3,0,2
523583,bullet3,8.37009,4.22037,0.8,0,1
523584,player,4.08088,3.8939,0.00113389,-0.337387,1
523584,flayer8,2.99999,11.1955,-0.3,0,2
523585,bullet5,8.45919,4.22924,0.8,0,1
523586,flyer1,12.9476,4.26441,-0.236824,-0.184159,2
523586,bullet4,8.47163,4.23048,0.8,0,1
523587,flyer3,13.5,6.16287,-0.3,0,2
523588,flyer2,13.5,5.30385,-0.3,0,2
523589,player,3.52408,4.06773,-0.0683228,0.200153,1
523589,flayer8,1.49999,11.1955,-0.3,0,2
523591,bullet4,12.4716,4.23048,0.8,0,1
523591,bullet1,3.0795,4.19833,-0.8,-6.99382e-08,1
523592,flyer3,12,6.16287,-0.3,0,2
523592,bullet6,3.87327,4.21657,0.8,0,1
523593,flyer2,12,5.30385,-0.3,0,2
523594,player,3.13171,4.22847,-0.338761,0.00369339,1
523594,flayer8,-6.4373e-06,11.1955,-0.3,0,2
523595,bullet2,3.37927,4.23013,0.8,0,1
523596,bullet1,-0.920505,4.19833,-0.8,-6.99382e-08,1
523597,flyer3,10.5,6.16287,-0.3,0,2
523597,bullet6,7.87327,4.21657,0.8,0,1
523598,flyer2,10.5,5.30385,-0.3,0,2
523599,player,3.34903,4.23143,0.145624,6.81535e-05,1
523599,bullet3,3.74903,4.23143,0.8,0,1
523600,bullet2,7.37927,4.23013,0.8,0,1
523602,flyer3,9,6.16287,-0.3,0,2
523602,bullet6,11.8733,4.21657,0.8,0,1
523602,bullet5,3.85732,3.74211,0.8,0,1
523603,flyer2,9,5.30385,-0.3,0,2
523604,player,3.46598,3.64302,0.00268717,-0.0307534,1
523604,bullet3,7.74903,4.23143,0.8,0,1
523605,bullet2,11.3793,4.23013,0.8,0,1
523607,flyer3,7.5,6.16287,-0.3,0,2
523607,bullet6,15.8733,4.21657,0.8,0,1
523607,bullet5,7.85732,3.74211,0.8,0,1
523608,flyer2,7.5,5.30385,-0.3,0,2
523608,bullet4,3.86809,4.1766,0.8,0,1
523609,player,3.46814,4.20679,4.95858e-05,0.0301872,1
523609,bullet3,11.749,4.23143,0.8,0,1
523610,bullet2,15.3793,4.23013,0.8,0,1
523612,flyer3,5.99999,6.16287,-0.3,0,2
523612,bullet5,11.8573,3.74211,0.8,0,1
523613,flyer2,5.99999,5.30385,-0.3,0,2
523613,bullet4,7.86809,4.1766,0.8,0,1
523614,player,3.46818,4.72041,9.14998e-07,0.152432,1
523614,bullet3,15.749,4.23143,0.8,0,1
523617,flyer3,4.49999,6.16287,-0.3,0,2
523617,bullet5,15.8573,3.74211,0.8,0,1
523618,flyer2,4.49999,5.30385,-0.3,0,2
523618,flyer4,16.5,5.30385,-0.3,0,2
523618,bullet4,11.8681,4.1766,0.8,0,1
523619,player,3.36908,5.31836,0.12112,0.171603,1
523619,bullet1,3.76908,5.31836,0.8,0,1
