101068,player,13.7752,11.9646,0,0,1
101068,bullet1,14.1752,11.9646,0.8,0,1
101069,bullet2,14.1752,11.9646,0.8,0,1
101070,bullet3,13.3752,11.9646,-0.8,-6.99382e-08,1
101073,player,14.4848,12.5223,-0.117281,0.0683438,1
101075,bullet3,9.37516,11.9646,-0.8,-6.99382e-08,1
101075,bullet4,14.3189,12.5669,0.8,0,1
101077,bullet5,14.2043,12.0866,0.8,0,1
101078,player,13.7883,12.0195,-0.0160038,-0.0670826,1
101078,bullet6,14.1883,12.0195,0.8,0,1
101080,bullet3,5.37516,11.9646,-0.8,-6.99382e-08,1
101081,bullet1,13.687,11.4803,0.8,0,1
101082,bullet2,13.618,11.4092,0.8,0,1
101083,player,12.8494,11.3772,-0.36855,-0.0319926,1
101085,bullet3,1.37516,11.9646,-0.8,-6.99382e-08,1
101086,bullet4,11.9283,10.864,0.8,0,1
101088,player,10.8733,11.2524,-0.20327,0.12053,1
101088,flyer1,16.5,11.1979,-0.3,0,2
101088,bullet5,11.2733,11.2524,0.8,0,1
101091,bullet6,10.075,11.342,0.8,0,1
101092,bullet1,9.16761,11.3469,-0.8,-6.99382e-08,1
101093,player,9.51927,11.3492,-0.0483452,0.00222412,1
101093,bullet2,9.91926,11.3492,0.8,0,1
101094,bullet3,9.89751,11.3502,0.8,0,1
101096,bullet6,14.075,11.342,0.8,0,1
101097,bullet1,5.16761,11.3469,-0.8,-6.99382e-08,1
101098,player,8.89196,11.3202,-0.0316468,0.0376301,1
101098,bullet2,13.9193,11.3492,0.8,0,1
101099,flyer2,16.5,11.1979,-0.3,0,2
101099,bullet3,13.8975,11.3502,0.8,0,1
101102,bullet1,1.16761,11.3469,-0.8,-6.99382e-08,1
101103,player,8.05351,11.2959,-0.506874,0.0673105,1
101104,flyer3,16.5,11.1979,-0.3,0,2
101105,flyer4,16.5,11.1979,-0.2871,-0.087028,2
101108,player,7.69104,11.3192,-0.0638574,0.0388311,1
101108,flyer5,16.5,11.1979,-0.3,0,2
101108,bullet4,8.09104,11.3192,0.8,0,1
101109,flyer3,15,11.1979,-0.3,0,2
101109,bullet5,8.06231,11.3367,0.8,0,1
101110,flyer4,15.0645,10.7627,-0.2871,-0.087028,2
101110,bullet6,8.04937,11.3446,0.8,0,1
101111,bullet2,8.04356,11.3481,0.8,0,1
101113,player,7.15038,10.861,-0.153053,-0.151158,1
101113,flyer5,15,11.1979,-0.3,0,2
101113,bullet4,12.091,11.3192,0.8,0,1
101114,flyer3,13.5,11.1979,-0.3,0,1
101114,bullet5,12.0623,11.3367,0.8,0,1
101114,bullet3,6.68151,10.793,-0.8,-6.99382e-08,1
101115,flyer4,13.629,10.3276,-0.2871,-0.087028,2
101115,bullet6,12.0494,11.3446,0.8,0,1
101116,bullet2,12.0436,11.3481,0.8,0,1
101116,bullet1,6.94719,11.238,0.8,0,1
101117,bullet4,6.87258,11.3001,0.8,0,1
101118,player,6.439,11.3281,-0.033579,0.0279654,1
101118,flyer5,13.5,11.1979,-0.3,0,0
101118,bullet5,6.839,11.3281,0.8,0,1
101119,bullet3,2.68151,10.793,-0.8,-6.99382e-08,1
101120,flyer4,12.1935,9.89246,-0.2871,-0.087028,2
101121,bullet1,10.9472,11.238,0.8,0,1
101122,bullet4,10.8726,11.3001,0.8,0,1
101123,player,6.41203,11.9529,-0.000619626,0.0143556,1
101123,bullet5,10.839,11.3281,0.8,0,1
101123,bullet6,6.81203,11.9529,0.8,0,1
101125,flyer4,10.758,9.45732,-0.2871,-0.087028,2
101126,bullet1,14.9472,11.238,0.8,0,1
101127,bullet4,14.8726,11.3001,0.8,0,1
101128,player,5.55825,12.2881,0.292894,0.35468,1
101128,bullet5,14.839,11.3281,0.8,0,1
101128,bullet6,10.812,11.9529,0.8,0,1
101129,flyer6,16.5,4.43914,-0.285593,-0.0918508,2
101130,flyer4,9.3225,9.02219,-0.2871,-0.087028,2
101130,bullet2,6.14936,12.0301,0.8,0,1
101132,bullet3,5.87743,12.4673,-0.8,-6.99382e-08,1
101133,player,6.35118,12.5283,0.0737485,0.061049,1
101133,bullet6,14.812,11.9529,0.8,0,1
101133,bullet1,6.75118,12.5283,0.8,0,1
101134,flyer6,15.072,3.97988,-0.285593,-0.0918508,2
101135,flyer4,7.88701,8.58705,-0.2871,-0.087028,2
101135,bullet2,10.1494,12.0301,0.8,0,1
101137,bullet3,1.87743,12.4673,-0.8,-6.99382e-08,1
101138,player,5.92103,12.4952,-0.150514,0.101573,1
101138,bullet1,10.7512,12.5283,0.8,0,1
101139,flyer6,13.6441,3.52063,-0.285593,-0.0918508,2
101139,bullet4,6.2533,12.5409,0.8,0,1
101140,flyer4,6.45151,8.15191,-0.2871,-0.087028,2
101140,bullet2,14.1494,12.0301,0.8,0,1
101143,player,5.21168,13.6546,-0.0335321,0.184504,1
101143,bullet1,14.7512,12.5283,0.8,0,1
101144,flyer6,12.2161,3.06137,-0.285593,-0.0918508,2
101144,bullet4,10.2533,12.5409,0.8,0,1
101144,bullet5,5.59659,13.7376,0.8,0,1
101145,flyer4,5.01601,7.71677,-0.2871,-0.087028,2
101145,bullet6,5.5898,13.775,0.8,0,1
101148,player,4.69538,13.9546,-0.152494,-0.18222,1
101149,flyer6,10.7881,2.60212,-0.285593,-0.0918508,2
101149,bullet4,14.2533,12.5409,0.8,0,1
101149,bullet5,9.59659,13.7376,0.8,0,1
101150,flyer4,3.58051,7.28163,-0.2871,-0.087028,2
101150,bullet6,9.5898,13.775,0.8,0,1
101151,bullet3,4.98198,13.8191,0.8,0,1
101152,bullet2,4.97573,13.8116,0.8,0,1
101153,player,4.57291,13.8083,-0.00281394,-0.00336248,1
101154,flyer6,9.36017,2.14287,-0.285593,-0.0918508,2
101154,bullet5,13.5966,13.7376,0.8,0,1
101155,flyer4,2.14502,6.84649,-0.2871,-0.087028,2
101155,bullet6,13.5898,13.775,0.8,0,1
101156,bullet3,8.98198,13.8191,0.8,0,1
101157,bullet2,8.97573,13.8116,0.8,0,1
101158,player,3.37987,13.8056,-0.0446462,-6.20472e-05,1
101158,bullet1,3.77987,13.8056,0.8,0,1
101159,flyer6,7.93221,1.68361,-0.285593,-0.0918508,2
101160,flyer4,0.709519,6.41135,-0.2871,-0.087028,2
101161,bullet3,12.982,13.8191,0.8,0,1
101162,bullet2,12.9757,13.8116,0.8,0,1
101163,player,3.24492,14.8834,0.120296,0.182629,1
101163,bullet1,7.77987,13.8056,0.8,0,1
101164,flyer6,6.50424,1.22436,-0.285593,-0.0918508,2
101164,bullet4,3.69905,14.9656,0.8,0,1
101167,flayer7,16.5,14.7089,-0.28128,-0.104315,2
101167,bullet5,4.29702,14.469,0.8,0,1
101168,player,3.93,14.7791,0.0329745,0.310115,1
101168,bullet1,11.7799,13.8056,0.8,0,1
101169,flyer6,5.07628,0.765103,-0.285593,-0.0918508,2
101169,bullet4,7.69905,14.9656,0.8,0,1
101171,bullet6,4.35452,14.5203,0.8,0,1
101172,flayer7,15.0936,14.1873,-0.28128,-0.104315,1
101172,bullet5,8.29702,14.469,0.8,0,1
101173,player,4.29398,14.1022,0.338108,-0.362532,1
101174,flyer6,3.64831,0.305849,-0.285593,-0.0918508,2
101174,bullet4,11.699,14.9656,0.8,0,1
101174,bullet3,4.84613,13.939,0.8,0,1
101176,bullet6,8.35452,14.5203,0.8,0,1
101177,flayer7,13.6872,13.6657,-0.28128,-0.104315,1
101177,bullet5,12.297,14.469,0.8,0,1
101178,player,4.56551,13.811,0.00623905,-0.00668974,1
101179,flyer6,2.22035,-0.153405,-0.285593,-0.0918508,2
101179,bullet4,15.6991,14.9656,0.8,0,1
101179,bullet3,8.84613,13.939,0.8,0,1
101181,bullet6,12.3545,14.5203,0.8,0,1
101181,bullet2,4.41243,13.2483,0.8,0,1
101182,flayer7,12.2808,13.1442,-0.28128,-0.104315,1
101182,bullet5,16.297,14.469,0.8,0,1
101183,player,3.6307,12.8658,-0.351224,-0.351463,1
101184,bullet1,3.07265,12.7077,-0.8,-6.99382e-08,1
101186,bullet6,16.3545,14.5203,0.8,0,1
101186,bullet2,8.41243,13.2483,0.8,0,1
101186,bullet4,3.76952,12.6045,0.8,0,1
101187,bullet3,3.75512,12.5901,0.8,0,1
101188,player,3.34864,12.5836,-0.00648108,-0.00648548,1
101189,bullet1,-0.927348,12.7077,-0.8,-6.99382e-08,1
101190,flayer8,16.5,14.7089,-0.3,0,2
101191,bullet2,12.4124,13.2483,0.8,0,1
101191,bullet4,7.76953,12.6045,0.8,0,1
101192,bullet3,7.75512,12.5901,0.8,0,1
101193,player,4.23865,13.4736,0.405724,0.405724,1
101194,bullet5,4.82123,13.6562,0.8,0,1
101195,flayer8,15,14.7089,-0.3,0,2
101196,bullet4,11.7695,12.6045,0.8,0,1
101196,bullet6,4.94036,13.7753,0.8,0,1
101197,bullet3,11.7551,12.5901,0.8,0,1
101198,player,4.56449,14.2888,0.00748675,0.159362,1
101199,bullet5,8.82123,13.6562,0.8,0,1
101200,flayer8,13.5,14.7089,-0.3,0,2
101201,bullet4,15.7695,12.6045,0.8,0,1
101201,bullet6,8.94036,13.7753,0.8,0,1
101202,bullet3,15.7551,12.5901,0.8,0,1
101203,player,4.5705,13.9274,0.000138152,-0.148934,1
101203,flyer1,16.5,14.7089,-0.292722,-0.0656781,2
101204,bullet5,12.8212,13.6562,0.8,0,1
101205,flayer8,12,14.7089,-0.3,0,2
101205,bullet1,4.17059,13.3408,-0.8,-6.99382e-08,1
101206,bullet6,12.9404,13.7753,0.8,0,1
101207,bullet2,4.97061,13.2221,0.8,0,1
101208,player,4.90811,12.868,0.337503,-0.354088,1
101208,flyer1,15.0364,14.3805,-0.292722,-0.0656781,0
101210,flayer8,10.5,14.7089,-0.3,0,2
101210,bullet1,0.170589,13.3408,-0.8,-6.99382e-08,1
101212,bullet2,8.97061,13.2221,0.8,0,1
101213,player,4.10131,11.5058,-0.176402,-0.189164,1
101213,flyer2,16.5,2.47831,-0.3,0,2
101213,bullet4,4.50131,11.5058,0.8,0,1
101215,flayer8,9,14.7089,-0.3,0,2
101217,bullet2,12.9706,13.2221,0.8,0,1
101218,player,5.10584,10.7654,0.0958433,-0.0342453,1
101218,flyer2,15,2.47831,-0.3,0,2
101218,bullet4,8.50131,11.5058,0.8,0,1
101218,bullet3,5.50584,10.7654,0.8,0,1
101220,flayer8,7.5,14.7089,-0.3,0,2
101221,bullet5,5.57711,10.2505,0.8,0,1
101223,player,5.18281,10.1494,0.00176858,-0.0313866,1
101223,flyer2,13.5,2.47831,-0.3,0,2
101223,bullet4,12.5013,11.5058,0.8,0,1
101223,bullet3,9.50584,10.7654,0.8,0,1
101223,bullet6,5.58281,10.1494,0.8,0,1
101225,flayer8,5.99999,14.7089,-0.3,0,2
101226,bullet5,9.57711,10.2505,0.8,0,1
101228,player,4.84673,9.56648,-0.337467,-0.0689229,1
101228,flyer2,12,2.47831,-0.3,0,2
101228,bullet3,13.5058,10.7654,0.8,0,1
101228,bullet6,9.58281,10.1494,0.8,0,1
101229,bullet1,4.29487,9.53547,-0.8,-6.99382e-08,1
101230,flayer8,4.49999,14.7089,-0.3,0,2
101231,bullet5,13.5771,10.2505,0.8,0,1
101233,player,4.57571,9.51113,-0.00622722,-0.00127182,1
101233,flyer2,10.5,2.47831,-0.3,0,2
101233,bullet6,13.5828,10.1494,0.8,0,1
101233,bullet2,4.97571,9.51113,0.8,0,1
101234,bullet1,0.294866,9.53547,-0.8,-6.99382e-08,1
101235,flayer8,2.99999,14.7089,-0.3,0,2
101237,flyer3,16.5,9.58006,-0.26862,-0.133579,2
101238,player,4.08134,9.57845,-0.15199,-0.0835547,1
101238,flyer2,9,2.47831,-0.3,0,2
101238,bullet2,8.97571,9.51113,0.8,0,1
101240,flayer8,1.49999,14.7089,-0.3,0,2
101240,bullet4,4.38216,9.52393,0.8,0,1
101241,bullet3,4.36831,9.51632,0.8,0,1
101242,flyer3,15.1569,8.91216,-0.26862,-0.133579,2
101243,player,3.95928,9.51135,-0.00280464,-0.00154182,1
101243,flyer2,7.5,2.47831,-0.3,0,2
101243,bullet2,12.9757,9.51113,0.8,0,1
101243,bullet5,4.35928,9.51135,0.8,0,1
101244,bullet1,4.35801,9.51066,0.8,0,1
101245,flayer8,-6.4373e-06,14.7089,-0.3,0,2
101245,bullet4,8.38216,9.52393,0.8,0,1
101246,bullet3,8.36831,9.51632,0.8,0,1
101247,flyer3,13.8138,8.24426,-0.26862,-0.133579,1
101248,player,4.4464,9.99949,0.151823,0.151847,1
101248,flyer2,5.99999,2.47831,-0.3,0,2
101248,bullet5,8.35928,9.51135,0.8,0,1
101249,bullet1,8.35801,9.51066,0.8,0,1
101250,bullet4,12.3822,9.52393,0.8,0,1
101251,bullet3,12.3683,9.51632,0.8,0,1
101252,flyer3,12.4707,7.57637,-0.26862,-0.133579,1
101253,player,4.07895,9.78394,-0.149073,-0.334698,1
101253,flyer2,4.49999,2.47831,-0.3,0,2
101253,bullet5,12.3593,9.51135,0.8,0,1
101254,bullet1,12.358,9.51066,0.8,0,1
101255,bullet4,16.3822,9.52393,0.8,0,1
101256,bullet3,16.3683,9.51632,0.8,0,1
101257,flyer3,11.1276,6.90847,-0.26862,-0.133579,1
101258,player,3.40151,9.4468,-0.0710946,0.0773551,1
101258,flyer2,2.99999,2.47831,-0.3,0,2
101258,bullet5,16.3593,9.51135,0.8,0,1
101259,flyer5,16.5,9.58006,-0.3,0,2
101259,bullet1,16.358,9.51066,0.8,0,1
101260,flyer4,16.5,9.58006,-0.288445,-0.0824585,2
101262,flyer3,9.78451,6.24058,-0.26862,-0.133579,1
101263,player,2.85504,9.98446,-0.153187,0.170217,1
101263,flyer2,1.49999,2.47831,-0.3,0,2
101264,flyer5,15,9.58006,-0.3,0,2
101265,flyer4,15.0578,9.16776,-0.288445,-0.0824585,2
101266,bullet6,2.65175,10.111,0.8,0,1
101267,flyer3,8.44141,5.57268,-0.26862,-0.133579,1
101268,player,2.14355,10.1212,-0.0335814,0.00314099,1
101268,flyer2,-6.4373e-06,2.47831,-0.3,0,2
101268,bullet2,2.54355,10.1212,0.8,0,1
101269,flyer5,13.5,9.58006,-0.3,0,2
101270,flyer4,13.6155,8.75547,-0.288445,-0.0824585,2
101271,bullet6,6.65175,10.111,0.8,0,1
101272,flyer3,7.09831,4.90478,-0.26862,-0.133579,1
101272,bullet4,1.95948,10.1236,0.8,0,1
101273,player,1.1906,10.4612,-0.368874,0.337558,1
101273,bullet2,6.54355,10.1212,0.8,0,1
101274,flyer5,12,9.58006,-0.3,0,2
101275,flyer4,12.1733,8.34318,-0.288445,-0.0824585,2
101277,flyer3,5.75521,4.23689,-0.26862,-0.133579,1
101277,bullet4,5.95948,10.1236,0.8,0,1
101278,player,1.48284,9.58608,0.0239479,-0.0928695,1
101278,bullet3,1.88284,9.58608,0.8,0,1
101279,bullet5,1.89362,9.54429,0.8,0,1
101280,flyer4,10.7311,7.93089,-0.288445,-0.0824585,2
101282,flyer3,4.41211,3.56899,-0.26862,-0.133579,1
101282,bullet4,9.95948,10.1236,0.8,0,1
101283,player,1.0127,9.02213,-0.151433,-0.153589,1
101283,bullet3,5.88284,9.58608,0.8,0,1
101283,bullet1,1.4127,9.02213,0.8,0,1
101284,bullet5,5.89362,9.54429,0.8,0,1
101285,flyer4,9.28886,7.51859,-0.288445,-0.0824585,2
101287,flyer3,3.06902,2.90109,-0.26862,-0.133579,1
101287,bullet4,13.9595,10.1236,0.8,0,1
101288,player,1.81706,9.48726,0.36546,0.0279205,1
101288,bullet3,9.88284,9.58608,0.8,0,1
101288,bullet1,5.4127,9.02213,0.8,0,1
101289,bullet5,9.89362,9.54429,0.8,0,1
101290,flyer4,7.84664,7.1063,-0.288445,-0.0824585,2
101292,flyer3,1.72592,2.2332,-0.26862,-0.133579,1
101293,player,2.11055,9.28946,0.00674377,0.269671,1
101293,bullet3,13.8828,9.58608,0.8,0,1
101293,bullet1,9.4127,9.02213,0.8,0,1
101294,bullet5,13.8936,9.54429,0.8,0,1
101295,flyer4,6.40441,6.69401,-0.288445,-0.0824585,2
101296,bullet6,3.07329,8.93227,0.8,0,1
101297,flyer3,0.382817,1.5653,-0.26862,-0.133579,1
101298,player,2.71828,8.56622,0.0139641,-0.346363,1
101298,bullet1,13.4127,9.02213,0.8,0,1
101300,flyer4,4.96219,6.28172,-0.288445,-0.0824585,2
101301,flyer6,16.5,9.58006,-0.298589,-0.029065,2
101301,bullet6,7.07329,8.93227,0.8,0,1
101302,flayer7,16.5,14.7522,-0.3,0,2
101303,player,3.31797,7.69958,0.0310124,-0.0371461,1
101304,bullet2,3.73193,7.68287,0.8,0,1
101305,flyer4,3.51996,5.86942,-0.288445,-0.0824585,2
101306,flyer6,15.0071,9.43473,-0.298589,-0.029065,1
101306,bullet6,11.0733,8.93227,0.8,0,1
101306,bullet4,3.74103,7.67196,0.8,0,1
101307,flayer7,15,14.7522,-0.3,0,2
101308,player,2.8535,7.18037,-0.151303,-0.15256,1
101309,bullet2,7.73193,7.68287,0.8,0,1
101309,bullet3,3.18541,7.11172,0.8,0,1
101310,flyer4,2.07774,5.45713,-0.288445,-0.0824585,2
101311,bullet4,7.74103,7.67196,0.8,0,1
101311,bullet5,3.14099,7.06693,0.8,0,1
101312,flayer7,13.5,14.7522,-0.3,0,2
101313,player,3.06949,7.05785,0.334708,-0.00281517,1
101314,bullet2,11.7319,7.68287,0.8,0,1
101314,bullet3,7.18541,7.11172,0.8,0,1
101315,flyer4,0.63551,5.04484,-0.288445,-0.0824585,2
101316,bullet4,11.741,7.67196,0.8,0,1
101316,bullet5,7.14099,7.06693,0.8,0,1
101317,flayer7,12,14.7522,-0.3,0,2
101318,player,2.73598,6.45328,-0.0076633,-0.0138916,1
101319,bullet2,15.7319,7.68287,0.8,0,1
101319,bullet3,11.1854,7.11172,0.8,0,1
101320,bullet1,2.6416,5.95484,0.8,0,1
101321,bullet4,15.741,7.67196,0.8,0,1
101321,bullet5,11.141,7.06693,0.8,0,1
101322,flayer7,10.5,14.7522,-0.3,0,2
101322,bullet6,2.54149,5.85391,0.8,0,1
101323,player,2.12751,5.83981,-0.013981,-0.0140959,1
101324,bullet3,15.1854,7.11172,0.8,0,1
101325,bullet1,6.6416,5.95484,0.8,0,1
101326,bullet5,15.141,7.06693,0.8,0,1
101327,flayer7,9,14.7522,-0.3,0,2
101327,bullet6,6.54149,5.85391,0.8,0,1
101327,bullet2,2.51654,5.82875,0.8,0,1
101328,player,2.11628,5.82849,-0.000257989,-0.00026011,1
101329,bullet4,2.51616,5.82838,0.8,0,1
101330,bullet1,10.6416,5.95484,0.8,0,1
101332,flayer7,7.5,14.7522,-0.3,0,2
101332,bullet6,10.5415,5.85391,0.8,0,1
101332,bullet2,6.51654,5.82875,0.8,0,1
101333,player,1.1901,5.82828,-0.368259,-4.79976e-06,1
101334,bullet4,6.51616,5.82838,0.8,0,1
101335,bullet1,14.6416,5.95484,0.8,0,1
101337,flayer7,5.99999,14.7522,-0.3,0,2
101337,bullet6,14.5415,5.85391,0.8,0,1
101337,bullet2,10.5165,5.82875,0.8,0,1
101338,player,0.4,5.82828,-0,-8.85691e-08,1
101339,bullet4,10.5162,5.82838,0.8,0,1
101340,flyer1,16.5,9.58006,-0.3,0,2
101340,bullet3,0.8,5.82828,0.8,0,1
101342,flayer7,4.49999,14.7522,-0.3,0,2
101342,bullet2,14.5165,5.82875,0.8,0,1
101343,player,0.4,5.82828,0,-1.63435e-09,1
101343,bullet5,0.8,5.82828,0.8,0,1
101344,bullet4,14.5162,5.82838,0.8,0,1
101345,flyer1,15,9.58006,-0.3,0,2
101345,bullet3,4.8,5.82828,0.8,0,1
101346,bullet1,1.28938,6.31765,0.8,0,1
101347,flayer7,2.99999,14.7522,-0.3,0,2
101348,player,0.988474,6.41675,0.0307547,0.0307547,1
101348,bullet5,4.8,5.82828,0.8,0,1
101348,bullet6,1.38847,6.41675,0.8,0,1
101350,flyer1,13.5,9.58006,-0.3,0,2
101350,bullet3,8.8,5.82828,0.8,0,1
101351,bullet1,5.28938,6.31765,0.8,0,1
101352,flayer7,1.49999,14.7522,-0.3,0,2
101353,player,0.455454,6.44145,-0.0677762,0.00056751,1
101353,bullet5,8.8,5.82828,0.8,0,1
101353,bullet6,5.38847,6.41675,0.8,0,1
101355,flyer1,12,9.58006,-0.3,0,2
101355,bullet3,12.8,5.82828,0.8,0,1
101356,bullet1,9.28938,6.31765,0.8,0,1
101357,flayer7,-6.4373e-06,14.7522,-0.3,0,2
101358,player,0.4,5.54669,0,-0.405833,1
101358,bullet5,12.8,5.82828,0.8,0,1
101358,bullet6,9.38847,6.41675,0.8,0,1
101360,flyer1,10.5,9.58006,-0.3,0,2
101361,bullet1,13.2894,6.31765,0.8,0,1
101361,bullet2,0.8,4.68718,0.8,0,1
101363,player,0.4,4.12908,0,-0.173203,1
101363,bullet6,13.3885,6.41675,0.8,0,1
101365,flyer1,9,9.58006,-0.3,0,2
101365,flayer8,16.5,4.10001,-0.3,0,2
101365,bullet4,0.8,4.01606,0.8,0,1
101366,bullet2,4.8,4.68718,0.8,0,1
101368,player,0.4,3.65248,-0,-0.340696,1
101369,bullet3,0.8,3.49917,0.8,0,1
101370,flyer1,7.5,9.58006,-0.3,0,2
101370,flayer8,15,4.10001,-0.3,0,2
101370,bullet4,4.8,4.01606,0.8,0,1
101371,bullet2,8.8,4.68718,0.8,0,1
101371,bullet5,0.8,3.39913,0.8,0,1
101373,player,0.4,2.8895,0,-0.158162,1
101374,bullet3,4.8,3.49917,0.8,0,1
101375,flyer1,5.99999,9.58006,-0.3,0,2
101375,flayer8,13.5,4.10001,-0.3,0,2
101375,bullet4,8.8,4.01606,0.8,0,1
101376,bullet5,4.8,3.39913,0.8,0,1
101378,player,0.988474,2.76248,0.0307547,-0.00291853,1
101378,bullet1,1.38847,2.76248,0.8,0,1
101379,bullet3,8.8,3.49917,0.8,0,1
101379,bullet6,1.40231,2.76117,0.8,0,1
101380,flyer1,4.49999,9.58006,-0.3,0,2
101381,bullet5,8.8,3.39913,0.8,0,1
101383,player,1.01317,2.76014,0.00056751,-5.38551e-05,1
101383,bullet1,5.38847,2.76248,0.8,0,1
101384,bullet3,12.8,3.49917,0.8,0,1
101384,bullet6,5.40231,2.76117,0.8,0,1
101385,flyer1,2.99999,9.58006,-0.3,0,2
101386,bullet5,12.8,3.39913,0.8,0,1
101388,player,0.676128,2.7601,-0.33749,-9.93778e-07,1
101388,bullet1,9.38847,2.76248,0.8,0,1
101389,bullet6,9.40231,2.76117,0.8,0,1
101390,flyer1,1.49999,9.58006,-0.3,0,2
101391,flyer2,16.5,4.10001,-0.289934,-0.0770617,2
101392,bullet2,0.8,2.7601,0.8,0,1
101393,player,0.4,2.7601,0,-1.8338e-08,1
101393,bullet1,13.3885,2.76248,0.8,0,1
101394,bullet6,13.4023,2.76117,0.8,0,1
101394,bullet4,0.8,2.7601,0.8,0,1
101395,flyer1,-6.4373e-06,9.58006,-0.3,0,2
101396,flyer2,15.0503,3.7147,-0.289934,-0.0770617,2
101397,bullet2,4.8,2.7601,0.8,0,1
101398,player,0.4,3.0976,-0,0.3375,1
101399,flyer5,16.5,4.10001,-0.3,0,2
101399,bullet4,4.8,2.7601,0.8,0,1
101401,flyer2,13.6007,3.32939,-0.289934,-0.0770617,2
101401,bullet3,0.8,3.34857,0.8,0,1
101402,bullet2,8.8,2.7601,0.8,0,1
101402,bullet5,0.8,3.36241,0.8,0,1
101403,player,0.4,3.36864,0,0.00622782,1
101404,flyer5,15,4.10001,-0.3,0,2
101404,bullet4,8.8,2.7601,0.8,0,1
101406,flyer2,12.151,2.94409,-0.289934,-0.0770617,1
101406,bullet3,4.8,3.34857,0.8,0,1
101407,bullet5,4.8,3.36241,0.8,0,1
101408,player,1.22688,2.88426,0.489375,-0.15176,1
101409,flyer5,13.5,4.10001,-0.3,0,2
101410,bullet1,1.94619,2.78524,0.8,0,1
101411,bullet3,8.8,3.34857,0.8,0,1
101412,bullet5,8.8,3.36241,0.8,0,1
101413,player,2.10926,2.76239,0.160905,-0.0028004,1
101414,flyer5,12,4.10001,-0.3,0,1
101415,bullet1,5.94619,2.78524,0.8,0,1
101415,bullet6,2.61425,2.27118,0.8,0,1
101417,bullet2,2.63551,2.17172,0.8,0,1
101418,player,2.57598,1.82033,0.340469,-0.351391,1
101420,bullet1,9.94619,2.78524,0.8,0,1
101420,bullet6,6.61425,2.27118,0.8,0,1
101420,bullet4,3.19814,1.59104,0.8,0,1
101422,bullet2,6.63551,2.17172,0.8,0,1
101423,player,3.74463,2.43335,0.412126,0.39936,1
101425,bullet1,13.9462,2.78524,0.8,0,1
101425,bullet6,10.6143,2.27118,0.8,0,1
101425,bullet4,7.19814,1.59104,0.8,0,1
101427,bullet2,10.6355,2.17172,0.8,0,1
101428,player,4.0756,3.09157,0.00760489,0.344869,1
101429,flyer3,16.5,4.10001,-0.3,0,2
101430,bullet6,14.6143,2.27118,0.8,0,1
101430,bullet4,11.1981,1.59104,0.8,0,1
101431,bullet3,4.48125,3.34802,0.8,0,1
101432,bullet2,14.6355,2.17172,0.8,0,1
101433,player,3.7442,3.36853,-0.33736,0.00636381,1
101434,flyer3,15,4.10001,-0.3,0,2
101434,bullet5,3.99239,3.37139,0.8,0,1
101435,bullet4,15.1981,1.59104,0.8,0,1
101436,bullet3,8.48125,3.34802,0.8,0,1
101437,flyer6,16.5,13.7234,-0.3,0,2
101438,player,3.96265,2.88426,0.14565,-0.151758,1
101438,bullet1,4.36265,2.88426,0.8,0,1
101439,flyer3,13.5,4.10001,-0.3,0,2
101439,bullet5,7.99239,3.37139,0.8,0,1
101441,bullet6,4.96034,2.77141,0.8,0,1
101442,flyer6,15,13.7234,-0.3,0,2
101443,player,4.66809,2.76239,0.0334423,-0.00280035,1
101443,bullet1,8.36265,2.88426,0.8,0,1
101443,bullet2,5.06809,2.76239,0.8,0,1
101444,flyer3,12,4.10001,-0.3,0,0
101444,bullet4,5.08314,2.76113,0.8,0,1
101446,bullet6,8.96034,2.77141,0.8,0,1
101447,flyer6,13.5,13.7234,-0.3,0,2
101448,player,4.20558,2.27076,-0.151258,-0.151927,1
101448,bullet1,12.3627,2.88426,0.8,0,1
101448,bullet2,9.06809,2.76239,0.8,0,1
101449,bullet4,9.08314,2.76113,0.8,0,1
101451,bullet6,12.9603,2.77141,0.8,0,1
101452,flyer6,12,13.7234,-0.3,0,2
101453,player,5.1312,1.10166,0.217428,-0.223022,1
101453,bullet1,16.3627,2.88426,0.8,0,1
101453,bullet2,13.0681,2.76239,0.8,0,1
101454,bullet4,13.0831,2.76113,0.8,0,1
101456,flyer4,16.5,13.7234,-0.278226,0.112206,2
101456,bullet3,5.13516,1.49353,0.8,0,1
101457,flyer6,10.5,13.7234,-0.3,0,2
101457,bullet5,5.11333,1.51514,0.8,0,1
101458,player,4.7035,1.52487,-0.00982746,0.00972422,1
101460,bullet1,4.60771,1.04184,0.8,0,1
101461,flyer4,15.1089,14.2844,-0.278226,0.112206,2
101461,bullet3,9.13517,1.49353,0.8,0,1
101462,flyer6,9,13.7234,-0.3,0,2
101462,bullet5,9.11333,1.51514,0.8,0,1
101463,player,4.58267,0.930364,0.137854,-0.0136602,1
101463,bullet6,4.98267,0.930364,0.8,0,1
101465,bullet1,8.60771,1.04184,0.8,0,1
101466,flyer4,13.7177,14.8455,-0.278226,0.112206,2
101466,bullet3,13.1352,1.49353,0.8,0,1
101467,flyer6,7.5,13.7234,-0.3,0,2
101467,bullet5,13.1133,1.51514,0.8,0,1
101468,player,4.69338,1.50787,0.0025438,0.0305026,1
101468,bullet6,8.98267,0.930364,0.8,0,1
101470,bullet1,12.6077,1.04184,0.8,0,1
101471,flyer4,12.3266,15.4065,-0.278226,0.112206,2
101472,flyer6,5.99999,13.7234,-0.3,0,2
101472,bullet2,5.09538,1.5318,0.8,0,1
101473,player,4.69542,1.53236,4.69402e-05,0.000562859,1
101473,bullet6,12.9827,0.930364,0.8,0,1
101473,bullet4,5.09542,1.53236,0.8,0,1
101476,flyer4,10.9355,15.9675,-0.278226,0.112206,2
101477,flyer6,4.49999,13.7234,-0.3,0,2
101477,bullet2,9.09538,1.5318,0.8,0,1
101478,player,4.66471,2.42803,0.0375899,0.405854,1
101478,bullet4,9.09542,1.53236,0.8,0,1
101479,bullet3,5.08162,2.61067,0.8,0,1
101481,bullet5,5.09266,2.72984,0.8,0,1
101482,flyer6,2.99999,13.7234,-0.3,0,2
101482,bullet2,13.0954,1.5318,0.8,0,1
101483,player,5.03239,2.75397,0.338194,0.00748915,1
101483,bullet4,13.0954,1.53236,0.8,0,1
101484,bullet3,9.08162,2.61067,0.8,0,1
101486,bullet5,9.09266,2.72984,0.8,0,1
101487,flyer6,1.49999,13.7234,-0.3,0,2
101488,player,5.86171,2.75998,0.0745844,0.000138196,1
101488,flayer7,16.5,13.7234,-0.276859,0.115539,2
101488,bullet1,6.26171,2.75998,0.8,0,1
101489,bullet3,13.0816,2.61067,0.8,0,1
101491,bullet5,13.0927,2.72984,0.8,0,1
101492,flyer6,-6.4373e-06,13.7234,-0.3,0,2
101493,player,5.36389,3.92013,-0.0669675,0.0821859,1
101493,flayer7,15.1157,14.3011,-0.276859,0.115539,2
101493,bullet1,10.2617,2.75998,0.8,0,1
101494,bullet3,17.0816,2.61067,0.8,0,1
101494,bullet6,5.73375,3.95711,0.8,0,1
101495,bullet2,5.72019,3.97375,0.8,0,1
101498,player,5.31011,3.98613,-0.00123574,0.00151656,1
101498,flayer7,13.7314,14.8788,-0.276859,0.115539,2
101498,bullet1,14.2617,2.75998,0.8,0,1
101499,bullet6,9.73375,3.95711,0.8,0,1
101500,bullet2,9.72019,3.97375,0.8,0,1
101501,flayer8,16.5,10.727,-0.293678,0.0612618,2
101502,bullet4,4.63129,5.06517,0.8,0,1
101503,player,4.14908,5.14738,-0.0822062,0.0822113,1
101503,flayer7,12.3471,15.4565,-0.276859,0.115539,2
101504,bullet6,13.7338,3.95711,0.8,0,1
101505,bullet2,13.7202,3.97375,0.8,0,1
101506,flayer8,15.0316,11.0333,-0.293678,0.0612618,2
101507,bullet4,8.63129,5.06517,0.8,0,1
101508,player,5.00904,4.76296,0.366738,-0.197948,1
101508,flayer7,10.9628,16.0342,-0.276859,0.115539,2
101509,flyer1,16.5,10.727,-0.3,0,2
101511,flayer8,13.5632,11.3396,-0.293678,0.0612618,2
101511,bullet3,5.68175,4.61576,0.8,0,1
101512,bullet4,12.6313,5.06517,0.8,0,1
101512,bullet5,5.69679,4.60764,0.8,0,1
101513,player,5.30356,4.60399,0.00676734,-0.00365269,1
101514,flyer1,15,10.727,-0.3,0,2
101516,flayer8,12.0948,11.6459,-0.293678,0.0612618,2
101516,bullet3,9.68175,4.61576,0.8,0,1
101517,bullet5,9.69679,4.60764,0.8,0,1
101517,bullet1,5.1204,5.1896,0.8,0,1
101518,player,4.70668,5.54087,-0.0137147,0.351272,1
101519,flyer1,13.5,10.727,-0.3,0,2
101521,flayer8,10.6264,11.9522,-0.293678,0.0612618,2
101521,bullet3,13.6818,4.61576,0.8,0,1
101522,bullet5,13.6968,4.60764,0.8,0,1
101522,bullet1,9.1204,5.1896,0.8,0,1
101522,bullet6,5.65364,5.81649,0.8,0,1
101523,player,5.28414,5.82297,0.0305016,0.00648196,1
101524,flyer1,12,10.727,-0.3,0,2
101525,bullet2,5.21467,6.31657,0.8,0,1
101526,flayer8,9.15804,12.2585,-0.293678,0.0612618,2
101527,bullet1,13.1204,5.1896,0.8,0,1
101527,bullet6,9.65364,5.81649,0.8,0,1
101527,bullet4,5.1196,6.41653,0.8,0,1
101528,player,4.70632,6.76799,-0.0132768,0.351459,1
101529,flyer1,10.5,10.727,-0.3,0,2
101530,bullet2,9.21467,6.31657,0.8,0,1
101531,flayer8,7.68965,12.5648,-0.293678,0.0612618,2
101532,bullet6,13.6536,5.81649,0.8,0,1
101532,bullet4,9.1196,6.41653,0.8,0,1
101533,player,5.13226,7.05024,0.216135,0.00648541,1
101534,flyer1,9,10.727,-0.3,0,2
101535,bullet2,13.2147,6.31657,0.8,0,1
101536,flayer8,6.22126,12.8711,-0.293678,0.0612618,2
101537,bullet4,13.1196,6.41653,0.8,0,1
101538,player,5.20674,7.05545,0.125109,0.000119674,1
101539,flyer1,7.5,10.727,-0.3,0,2
101539,flyer2,16.5,5.29948,-0.3,0,2
101541,flayer8,4.75287,13.1774,-0.293678,0.0612618,2
101541,bullet3,5.21039,7.05554,0.8,0,1
101543,player,5.05623,6.71804,0.309054,-0.337498,1
101544,flyer1,5.99999,10.727,-0.3,0,2
101544,flyer2,15,5.29948,-0.3,0,2
101546,flayer8,3.28448,13.4838,-0.293678,0.0612618,2
101546,bullet3,9.21039,7.05554,0.8,0,1
101548,player,5.52899,6.71182,0.481238,-0.329888,1
101549,flyer1,4.49999,10.727,-0.3,0,2
101549,flyer2,13.5,5.29948,-0.3,0,2
101551,flayer8,1.81609,13.7901,-0.293678,0.0612618,2
101551,bullet3,13.2104,7.05554,0.8,0,1
101551,bullet5,5.79747,6.4665,0.8,0,1
101553,player,5.32699,6.44689,-0.0218745,-0.00608737,1
101553,bullet1,5.72699,6.44689,0.8,0,1
101554,flyer1,2.99999,10.727,-0.3,0,2
101554,flyer2,12,5.29948,-0.3,0,2
101554,bullet6,5.71714,6.44415,0.8,0,1
101556,flayer8,0.347694,14.0964,-0.293678,0.0612618,2
101556,bullet5,9.79747,6.4665,0.8,0,1
101557,bullet2,5.70983,6.44211,0.8,0,1
101558,player,5.30942,6.442,-0.000403646,-0.000112329,1
101558,bullet1,9.72699,6.44689,0.8,0,1
101559,flyer1,1.49999,10.727,-0.3,0,2
101559,flyer2,10.5,5.29948,-0.3,0,2
101559,bullet6,9.71714,6.44415,0.8,0,1
101561,bullet5,13.7975,6.4665,0.8,0,1
101562,bullet2,9.70983,6.44211,0.8,0,1
101563,player,4.9716,6.77941,-0.337507,0.337498,1
101563,bullet1,13.727,6.44689,0.8,0,1
101564,flyer1,-6.4373e-06,10.727,-0.3,0,2
101564,flyer2,9,5.29948,-0.3,0,2
101564,bullet6,13.7171,6.44415,0.8,0,1
101567,flyer5,16.5,5.29948,-0.286141,0.090131,2
101567,bullet2,13.7098,6.44211,0.8,0,1
101568,player,4.70055,7.60817,-0.00622796,0.0745715,1
101568,flyer3,16.5,5.29948,-0.29999,0.00244419,2
101568,bullet4,5.10055,7.60817,0.8,0,1
101569,flyer2,7.5,5.29948,-0.3,0,2
101570,bullet3,5.09649,7.65683,0.8,0,1
101571,bullet5,5.09592,7.66362,0.8,0,1
101572,flyer5,15.0693,5.75013,-0.286141,0.090131,1
101573,player,4.69555,7.66806,-0.000114923,0.00137605,1
101573,flyer3,15.0001,5.3117,-0.29999,0.00244419,2
101573,bullet4,9.10055,7.60817,0.8,0,1
101573,bullet1,5.09555,7.66806,0.8,0,1
101574,flyer2,5.99999,5.29948,-0.3,0,2
101575,bullet3,9.09649,7.65683,0.8,0,1
101576,bullet5,9.09592,7.66362,0.8,0,1
101577,flyer5,13.6386,6.20079,-0.286141,0.090131,1
101578,player,5.25318,7.11144,0.0683416,-0.0683184,1
101578,flyer3,13.5001,5.32392,-0.29999,0.00244419,2
101578,bullet4,13.1006,7.60817,0.8,0,1
101578,bullet1,9.09555,7.66806,0.8,0,1
101579,flyer2,4.49999,5.29948,-0.3,0,2
101580,bullet3,13.0965,7.65683,0.8,0,1
101581,bullet5,13.0959,7.66362,0.8,0,1
101582,flyer5,12.2079,6.65144,-0.286141,0.090131,1
101583,player,5.55903,7.98255,-0.305484,0.366994,1
101583,flyer3,12.0002,5.33614,-0.29999,0.00244419,2
101583,bullet1,13.0956,7.66806,0.8,0,1
101584,flyer2,2.99999,5.29948,-0.3,0,2
101584,bullet6,5.82157,8.1477,0.8,0,1
101586,bullet2,5.73187,8.25546,0.8,0,1
101587,flyer5,10.7772,7.10209,-0.286141,0.090131,1
101587,bullet4,5.71934,8.27051,0.8,0,1
101588,player,5.3137,8.27728,-0.00563704,0.00677207,1
101588,flyer3,10.5002,5.34836,-0.29999,0.00244419,2
101589,flyer2,1.49999,5.29948,-0.3,0,2
101591,bullet2,9.73187,8.25546,0.8,0,1
101592,bullet4,9.71934,8.27051,0.8,0,1
101593,player,3.87999,6.94006,-0.503319,0.141156,1
101593,flyer3,9.00026,5.36058,-0.29999,0.00244419,2
101594,flyer2,-6.4373e-06,5.29948,-0.3,0,2
101596,flyer4,16.5,5.29948,-0.286007,-0.0905526,2
101596,bullet2,13.7319,8.25546,0.8,0,1
101597,bullet4,13.7193,8.27051,0.8,0,1
101598,player,3.37668,7.15251,0.111833,-0.118516,1
101598,flyer3,7.50031,5.37281,-0.29999,0.00244419,2
101600,flyer6,16.5,10.1487,-0.274205,0.121703,2
101600,bullet3,3.84965,7.56456,0.8,0,1
101601,flyer4,15.07,4.84671,-0.286007,-0.0905526,2
101602,bullet5,3.86443,7.648,0.8,0,1
101603,player,3.46649,7.65965,0.00206363,0.0116527,1
101603,flyer3,6.00036,5.38503,-0.29999,0.00244419,2
101603,bullet1,3.86649,7.65965,0.8,0,1
101605,flyer6,15.129,10.7573,-0.274205,0.121703,2
101605,bullet3,7.84965,7.56456,0.8,0,1
101606,flyer4,13.6399,4.39395,-0.286007,-0.0905526,2
101607,bullet5,7.86443,7.648,0.8,0,1
101608,player,2.32196,6.77379,-0.0990604,-0.405629,1
101608,flyer3,4.50041,5.39725,-0.29999,0.00244419,2
101608,bullet1,7.86649,7.65965,0.8,0,1
101610,flyer6,13.7579,11.3658,-0.274205,0.121703,2
101610,bullet3,11.8497,7.56456,0.8,0,1
101610,bullet6,2.65732,6.50912,0.8,0,1
101611,flyer4,12.2099,3.94119,-0.286007,-0.0905526,2
101612,bullet5,11.8644,7.648,0.8,0,1
101613,player,3.06928,7.27491,0.487547,0.48189,1
101613,flyer3,3.00046,5.40947,-0.29999,0.00244419,2
101613,bullet1,11.8665,7.65965,0.8,0,1
101615,flyer6,12.3869,11.9743,-0.274205,0.121703,2
101615,bullet3,15.8497,7.56456,0.8,0,1
101615,bullet6,6.65732,6.50912,0.8,0,1
101616,flyer4,10.7799,3.48842,-0.286007,-0.0905526,2
101616,bullet2,3.83183,7.63326,0.8,0,1
101617,bullet5,15.8644,7.648,0.8,0,1
101618,player,3.79832,7.99941,0.346497,0.346392,1
101618,flyer3,1.5005,5.42169,-0.29999,0.00244419,2
101618,bullet1,15.8665,7.65965,0.8,0,1
101620,flyer6,11.0159,12.5828,-0.274205,0.121703,2
101620,bullet6,10.6573,6.50912,0.8,0,1
101621,flyer4,9.34983,3.03566,-0.286007,-0.0905526,2
101621,bullet2,7.83183,7.63326,0.8,0,1
101623,player,4.61056,6.62818,0.103765,-0.227666,1
101623,flyer3,0.000554442,5.43391,-0.29999,0.00244419,2
101625,flyer6,9.64487,13.1913,-0.274205,0.121703,2
101625,bullet6,14.6573,6.50912,0.8,0,1
101625,bullet4,5.56764,6.47963,0.8,0,1
101626,flyer4,7.91979,2.5829,-0.286007,-0.0905526,2
101626,bullet2,11.8318,7.63326,0.8,0,1
101627,bullet3,5.68045,6.44955,0.8,0,1
101628,player,5.2962,6.44535,0.0157544,-0.00420109,1
101629,bullet5,5.70329,6.44346,0.8,0,1
101630,flyer6,8.27384,13.7998,-0.274205,0.121703,2
101630,bullet4,9.56764,6.47963,0.8,0,1
101631,flyer4,6.48975,2.13013,-0.286007,-0.0905526,2
101631,bullet2,15.8318,7.63326,0.8,0,1
101632,bullet3,9.68045,6.44955,0.8,0,1
101632,bullet1,5.70857,6.44205,0.8,0,1
101633,player,5.30886,6.44197,0.000290712,-7.75219e-05,1
101634,bullet5,9.70329,6.44346,0.8,0,1
101635,flyer6,6.90282,14.4084,-0.274205,0.121703,2
101635,bullet4,13.5676,6.47963,0.8,0,1
101636,flyer4,5.05972,1.67737,-0.286007,-0.0905526,2
101637,bullet3,13.6805,6.44955,0.8,0,1
101637,bullet1,9.70857,6.44205,0.8,0,1
101638,player,4.97159,6.93128,-0.337495,0.151874,1
101639,bullet5,13.7033,6.44346,0.8,0,1
101640,flyer6,5.5318,15.0169,-0.274205,0.121703,2
101641,flyer4,3.62968,1.22461,-0.286007,-0.0905526,2
101641,bullet6,4.63125,6.55485,0.8,0,1
101642,bullet1,13.7086,6.44205,0.8,0,1
101643,player,4.11208,6.46478,-0.0369824,-0.0279522,1
101644,bullet2,4.49544,6.4522,0.8,0,1
101645,flyer6,4.16077,15.6254,-0.274205,0.121703,2
101646,flyer4,2.19964,0.771845,-0.286007,-0.0905526,2
101646,bullet6,8.63125,6.55485,0.8,0,1
101648,player,4.32079,7.85768,0.457938,0.519614,1
101649,bullet2,8.49544,6.4522,0.8,0,1
101650,flyer6,2.78975,16.2339,-0.274205,0.121703,2
101650,bullet4,5.01959,8.19672,0.8,0,1
101651,flyer4,0.769607,0.319082,-0.286007,-0.0905526,2
101651,bullet6,12.6313,6.55485,0.8,0,1
101653,player,4.68855,8.76434,0.00845024,0.161463,1
101653,bullet3,5.08855,8.76434,0.8,0,1
101654,bullet2,12.4954,6.4522,0.8,0,1
101655,bullet4,9.01959,8.19672,0.8,0,1
101656,bullet6,16.6313,6.55485,0.8,0,1
101657,flayer7,16.5,13.4618,-0.285912,-0.0908529,2
101657,bullet5,5.09518,8.33332,0.8,0,1
101658,player,4.35783,7.96804,-0.337344,-0.365275,1
101658,bullet3,9.08855,8.76434,0.8,0,1
101660,bullet4,13.0196,8.19672,0.8,0,1
101660,bullet1,4.53772,7.7297,0.8,0,1
101662,flayer7,15.0704,13.0076,-0.285912,-0.0908529,2
101662,bullet5,9.09518,8.33332,0.8,0,1
101663,player,4.08692,7.6747,-0.00622495,-0.00674036,1
101663,bullet3,13.0885,8.76434,0.8,0,1
101665,bullet1,8.53772,7.7297,0.8,0,1
101666,bullet6,3.92457,8.2274,0.8,0,1
101667,flayer7,13.6409,12.5533,-0.285912,-0.0908529,2
101667,bullet5,13.0952,8.33332,0.8,0,1
101668,player,3.47961,8.27159,-0.0139545,0.0137152,1
101670,bullet1,12.5377,7.7297,0.8,0,1
101670,bullet2,3.8705,8.28054,0.8,0,1
101671,bullet6,7.92457,8.2274,0.8,0,1
101672,flayer7,12.2113,12.099,-0.285912,-0.0908529,2
101673,player,3.1309,8.62011,-0.337757,0.337753,1
101675,flayer8,16.5,7.78044,-0.3,0,2
101675,bullet2,7.8705,8.28054,0.8,0,1
101676,bullet6,11.9246,8.2274,0.8,0,1
101676,bullet4,2.72202,8.87127,0.8,0,1
101677,flayer7,10.7818,11.6448,-0.285912,-0.0908529,2
101678,player,2.25734,8.40198,-0.0200722,-0.145643,1
101679,bullet3,2.64831,8.33644,0.8,0,1
101680,flayer8,15,7.78044,-0.3,0,1
101680,bullet2,11.8705,8.28054,0.8,0,1
101681,bullet4,6.72202,8.87127,0.8,0,1
101681,bullet5,2.64241,8.29367,0.8,0,1
101682,flayer7,9.35219,11.1905,-0.285912,-0.0908529,2
101683,player,1.75185,8.28501,-0.152245,-0.00268751,1
101684,bullet3,6.64831,8.33644,0.8,0,1
101684,bullet1,2.08333,8.2838,0.8,0,1
101686,bullet4,10.722,8.87127,0.8,0,1
101686,bullet5,6.64241,8.29367,0.8,0,1
101687,flayer7,7.92263,10.7362,-0.285912,-0.0908529,2
101688,player,1.62958,8.28285,-0.00280936,-4.95922e-05,1
101689,bullet3,10.6483,8.33644,0.8,0,1
101689,bullet1,6.08333,8.2838,0.8,0,1
101691,bullet4,14.722,8.87127,0.8,0,1
101691,bullet5,10.6424,8.29367,0.8,0,1
101692,flayer7,6.49307,10.282,-0.285912,-0.0908529,2
101693,player,1.03885,8.28281,-0.0308065,-9.15115e-07,1
101694,bullet3,14.6483,8.33644,0.8,0,1
101694,bullet1,10.0833,8.2838,0.8,0,1
101694,bullet6,0.624986,8.28281,-0.8,-6.99382e-08,1
101696,bullet5,14.6424,8.29367,0.8,0,1
101697,flayer7,5.06351,9.82771,-0.285912,-0.0908529,2
101697,flyer1,16.5,6.00793,-0.223579,0.200031,2
101698,player,1.16598,9.10969,-0.186193,0.489375,1
101699,flyer5,16.5,3.94039,-0.277635,-0.11366,2
101699,bullet1,14.0833,8.2838,0.8,0,1
101700,bullet2,1.44449,9.429,0.8,0,1
101702,flayer7,3.63395,9.37345,-0.285912,-0.0908529,1
101702,flyer1,15.3821,7.00809,-0.223579,0.200031,2
101703,player,0.458736,10.0604,-0.0717795,0.0773741,1
101704,flyer5,15.1118,3.37209,-0.277635,-0.11366,2
101707,flayer7,2.20439,8.91919,-0.285912,-0.0908529,1
101707,flyer1,14.2642,8.00825,-0.223579,0.200031,2
101707,flyer2,16.5,3.94039,-0.3,0,2
101708,player,0.401091,10.0235,-0.00132453,0.122548,1
101708,bullet4,0.801091,10.0235,0.8,0,1
101709,flyer5,13.7236,2.80379,-0.277635,-0.11366,2
101711,bullet6,1.28948,9.62521,0.8,0,1
101712,flayer7,0.774825,8.46492,-0.285912,-0.0908529,1
101712,flyer1,13.1463,9.0084,-0.223579,0.200031,2
101712,flyer2,15,3.94039,-0.3,0,2
101713,player,0.988501,9.53339,0.0307302,-0.0284933,1
101713,bullet4,4.80109,10.0235,0.8,0,1
101713,bullet3,1.3885,9.53339,0.8,0,1
101714,flyer5,12.3355,2.23549,-0.277635,-0.11366,2
101716,bullet6,5.28948,9.62521,0.8,0,1
101717,flyer1,12.0284,10.0086,-0.223579,0.200031,2
101717,flyer2,13.5,3.94039,-0.3,0,2
101718,player,0.774778,8.77016,-0.458053,0.154345,1
101718,bullet4,8.80109,10.0235,0.8,0,1
101718,bullet3,5.3885,9.53339,0.8,0,1
101719,flyer5,10.9473,1.66719,-0.277635,-0.11366,2
101720,bullet5,0.875898,8.87087,0.8,0,1
101721,bullet6,9.28948,9.62521,0.8,0,1
101722,flyer1,10.9105,11.0087,-0.223579,0.200031,1
101722,flyer2,12,3.94039,-0.3,0,2
101723,player,0.4,9.45183,0,0.0711918,1
101723,bullet3,9.3885,9.53339,0.8,0,1
101723,bullet1,0.8,9.45183,0.8,0,1
101724,flyer5,9.55911,1.09889,-0.277635,-0.11366,2
101725,bullet5,4.8759,8.87087,0.8,0,1
101726,bullet6,13.2895,9.62521,0.8,0,1
101727,flyer1,9.79262,12.0089,-0.223579,0.200031,1
101727,flyer2,10.5,3.94039,-0.3,0,2
101728,player,0.4,9.509,0,0.00131369,1
101728,bullet3,13.3885,9.53339,0.8,0,1
101728,bullet1,4.8,9.45183,0.8,0,1
101729,flyer5,8.17093,0.530595,-0.277635,-0.11366,2
101730,bullet5,8.8759,8.87087,0.8,0,1
101732,flyer1,8.67472,13.009,-0.223579,0.200031,1
101732,flyer2,9,3.94039,-0.3,0,2
101733,player,0.4,9.73028,0,-0.269132,1
101733,bullet1,8.8,9.45183,0.8,0,1
101734,flyer5,6.78275,-0.0377051,-0.277635,-0.11366,2
101735,bullet5,12.8759,8.87087,0.8,0,1
101737,flyer1,7.55682,14.0092,-0.223579,0.200031,1
101737,flyer2,7.5,3.94039,-0.3,0,2
101737,bullet2,1.87785,8.93063,0.8,0,1
101738,player,1.56003,8.91183,0.0821834,-0.0188059,1
101738,bullet1,12.8,9.45183,0.8,0,1
101742,flyer1,6.43893,15.0093,-0.223579,0.200031,1
101742,flyer2,5.99999,3.94039,-0.3,0,2
101742,bullet2,5.87785,8.93063,0.8,0,1
101743,player,1.02372,9.49904,-0.0123231,0.0134926,1
101743,flyer3,16.5,2.60285,-0.237454,0.183346,2
101743,bullet4,1.42372,9.49904,0.8,0,1
101746,bullet6,0.856836,9.50907,0.8,0,1
101747,flyer1,5.32104,16.0095,-0.223579,0.200031,1
101747,flyer2,4.49999,3.94039,-0.3,0,2
101747,bullet2,9.87785,8.93063,0.8,0,1
101747,bullet3,0.825576,9.50962,0.8,0,1
101748,player,0.411509,9.50987,-0.014067,0.000248976,1
101748,flyer3,15.3127,3.51958,-0.237454,0.183346,2
101748,bullet4,5.42372,9.49904,0.8,0,1
101751,bullet6,4.85684,9.50907,0.8,0,1
101752,flyer2,2.99999,3.94039,-0.3,0,2
101752,bullet2,13.8779,8.93063,0.8,0,1
101752,bullet3,4.82558,9.50962,0.8,0,1
101753,player,0.4,9.77489,-0,-0.323656,1
101753,flyer3,14.1255,4.43631,-0.237454,0.183346,2
101753,bullet4,9.42372,9.49904,0.8,0,1
101756,bullet6,8.85684,9.50907,0.8,0,1
101757,flyer2,1.49999,3.94039,-0.3,0,2
101757,bullet3,8.82558,9.50962,0.8,0,1
101757,bullet5,0.899099,10.0103,0.8,0,1
101758,player,0.444594,10.0727,-0.0545041,0.0623714,1
101758,flyer3,12.9382,5.35304,-0.237454,0.183346,2
101758,bullet4,13.4237,9.49904,0.8,0,1
101761,bullet6,12.8568,9.50907,0.8,0,1
101762,flyer2,-6.4373e-06,3.94039,-0.3,0,2
101762,bullet3,12.8256,9.50962,0.8,0,1
101762,bullet5,4.8991,10.0103,0.8,0,1
101763,player,0.890198,9.52046,0.150869,-0.0126887,1
101763,flyer3,11.7509,6.26977,-0.237454,0.183346,2
101766,flyer6,16.5,2.60285,-0.280819,-0.10555,2
101767,flyer4,16.5,2.60285,-0.299765,-0.0118622,2
101767,bullet5,8.8991,10.0103,0.8,0,1
101768,player,1.34886,9.17277,0.340284,-0.337734,1
101768,flyer3,10.5637,7.1865,-0.237454,0.183346,2
101770,bullet1,1.97089,8.9524,0.8,0,1
101771,flyer6,15.0959,2.0751,-0.280819,-0.10555,2
101772,flyer4,15.0012,2.54354,-0.299765,-0.0118622,2
101772,bullet5,12.8991,10.0103,0.8,0,1
101773,player,2.11151,8.90154,0.158154,-0.00623214,1
101773,flyer3,9.3764,8.10324,-0.237454,0.183346,2
101773,bullet2,2.51151,8.90154,0.8,0,1
101775,bullet1,5.97089,8.9524,0.8,0,1
101775,bullet4,2.61471,8.89747,0.8,0,1
101776,flyer6,13.6918,1.54735,-0.280819,-0.10555,2
101777,flyer4,13.5023,2.48423,-0.299765,-0.0118622,2
101778,player,2.57602,8.55903,0.340418,-0.337615,1
101778,flyer3,8.18913,9.01997,-0.237454,0.183346,1
101778,bullet2,6.51151,8.90154,0.8,0,1
101779,bullet6,2.32921,8.4071,-0.8,-6.99382e-08,1
101780,bullet4,6.61471,8.89747,0.8,0,1
101781,flyer6,12.2877,1.0196,-0.280819,-0.10555,2
101782,flyer4,12.0035,2.42492,-0.299765,-0.0118622,2
101783,player,3.40713,8.35624,0.0746254,-0.0897612,1
101784,bullet3,3.84071,8.31585,0.8,0,1
101785,bullet4,10.6147,8.89747,0.8,0,1
101786,flyer6,10.8836,0.491857,-0.280819,-0.10555,2
101787,flyer4,10.5047,2.3656,-0.299765,-0.0118622,2
101788,player,3.71803,9.21013,-0.305368,0.366598,1
101789,bullet3,7.84071,8.31585,0.8,0,1
101790,bullet4,14.6147,8.89747,0.8,0,1
101791,flyer6,9.47953,-0.0358914,-0.280819,-0.10555,2
101791,bullet5,3.33323,9.48275,0.8,0,1
101792,flyer4,9.00586,2.30629,-0.299765,-0.0118622,2
101793,player,2.38111,9.99391,-0.17135,0.15864,1
101794,bullet3,11.8407,8.31585,0.8,0,1
101794,bullet1,2.704,10.0653,0.8,0,1
101795,bullet2,1.8693,10.0974,-0.8,-6.99382e-08,1
101796,bullet5,7.33323,9.48275,0.8,0,1
101797,flyer4,7.50703,2.24698,-0.299765,-0.0118622,2
101798,player,2.2435,9.63194,-0.00316188,-0.148948,1
101799,bullet3,15.8407,8.31585,0.8,0,1
101799,bullet1,6.704,10.0653,0.8,0,1
101799,bullet6,2.64207,9.56491,0.8,0,1
101801,bullet5,11.3332,9.48275,0.8,0,1
101802,flyer4,6.00821,2.18767,-0.299765,-0.0118622,2
101803,player,1.68324,10.07,-0.0684021,0.0655952,1
101804,bullet1,10.704,10.0653,0.8,0,1
101804,bullet6,6.64207,9.56491,0.8,0,1
101806,bullet5,15.3332,9.48275,0.8,0,1
101807,flyer4,4.50938,2.12836,-0.299765,-0.0118622,2
101807,bullet4,1.44109,8.97531,0.8,0,1
101808,player,1.02599,8.93193,-0.0151018,-0.0433839,1
101808,bullet2,1.42599,8.93193,0.8,0,1
101809,bullet1,14.704,10.0653,0.8,0,1
101809,bullet6,10.6421,9.56491,0.8,0,1
101812,flyer4,3.01055,2.06905,-0.299765,-0.0118622,2
101812,bullet4,5.44109,8.97531,0.8,0,1
101812,bullet3,0.856424,8.34017,0.8,0,1
101813,player,0.425391,8.30862,-0.0310334,-0.0315552,1
101813,bullet2,5.42599,8.93193,0.8,0,1
101814,bullet6,14.6421,9.56491,0.8,0,1
101817,flyer4,1.51172,2.00974,-0.299765,-0.0118622,2
101817,bullet4,9.4411,8.97531,0.8,0,1
101817,bullet3,4.85642,8.34017,0.8,0,1
101817,bullet5,0.8,8.87233,0.8,0,1
101818,player,0.4,8.88558,0,0.0132573,1
101818,bullet2,9.42599,8.93193,0.8,0,1
101822,flyer4,0.0128968,1.95043,-0.299765,-0.0118622,2
101822,bullet4,13.4411,8.97531,0.8,0,1
101822,bullet3,8.85643,8.34017,0.8,0,1
101822,bullet5,4.8,8.87233,0.8,0,1
101823,player,0.4,9.4847,0,0.0309993,1
101823,bullet2,13.426,8.93193,0.8,0,1
101826,flayer8,16.5,2.60285,-0.26144,-0.147137,2
101826,bullet1,0.8,9.50776,0.8,0,1
101827,bullet3,12.8564,8.34017,0.8,0,1
101827,bullet5,8.8,8.87233,0.8,0,1
101827,bullet6,0.8,9.50903,0.8,0,1
101828,player,0.4,9.5096,0,0.000572025,1
101831,flayer8,15.1928,1.86717,-0.26144,-0.147137,2
101831,bullet1,4.8,9.50776,0.8,0,1
101832,bullet5,12.8,8.87233,0.8,0,1
101832,bullet6,4.8,9.50903,0.8,0,1
101833,player,0.4,9.51006,0,1.05555e-05,1
101836,flayer8,13.8856,1.13148,-0.26144,-0.147137,2
101836,bullet1,8.8,9.50776,0.8,0,1
101836,bullet4,1.35772,8.95235,0.8,0,1
101837,bullet6,8.8,9.50903,0.8,0,1
101838,player,1.00231,9.39713,0.0138396,0.138036,1
101840,bullet2,1.41134,9.4872,0.8,0,1
101841,flayer8,12.5784,0.395796,-0.26144,-0.147137,2
101841,bullet1,12.8,9.50776,0.8,0,1
101841,bullet4,5.35772,8.95235,0.8,0,1
101842,bullet6,12.8,9.50903,0.8,0,1
101843,player,1.01343,10.0657,0.00025538,0.0708909,1
101845,bullet2,5.41134,9.4872,0.8,0,1
101846,flayer8,11.2712,-0.339889,-0.26144,-0.147137,2
101846,bullet4,9.35772,8.95235,0.8,0,1
101847,flayer7,16.5,2.60285,-0.282639,0.100575,2
101847,bullet3,2.0021,10.1213,0.8,0,1
101848,player,1.61595,10.1226,0.0138443,0.00130814,1
101850,bullet2,9.41134,9.4872,0.8,0,1
101851,bullet4,13.3577,8.95235,0.8,0,1
101852,flayer7,15.0868,3.10572,-0.282639,0.100575,2
101852,bullet3,6.0021,10.1213,0.8,0,1
101853,player,1.02475,10.2366,-0.0135841,-0.138011,1
101855,flyer5,16.5,7.09211,-0.3,0,2
101855,bullet2,13.4113,9.4872,0.8,0,1
101856,bullet5,0.85693,10.6917,0.8,0,1
101857,flayer7,13.6736,3.6086,-0.282639,0.100575,2
101857,bullet3,10.0021,10.1213,0.8,0,1
101857,bullet1,0.825618,10.7168,0.8,0,1
101858,player,0.411528,10.7281,-0.0140903,0.0112929,1
101860,flyer5,15,7.09211,-0.3,0,2
101860,bullet6,1.29171,11.2248,0.8,0,1
101861,bullet5,4.85693,10.6917,0.8,0,1
101862,flayer7,12.2604,4.11147,-0.282639,0.100575,2
101862,bullet3,14.0021,10.1213,0.8,0,1
101862,bullet1,4.82562,10.7168,0.8,0,1
101863,player,1.00253,11.3395,0.0135796,0.014048,1
101865,flyer5,13.5,7.09211,-0.3,0,2
101865,bullet6,5.29171,11.2248,0.8,0,1
101866,bullet5,8.85693,10.6917,0.8,0,1
101866,bullet4,1.41262,11.3499,0.8,0,1
101867,flayer7,10.8472,4.61435,-0.282639,0.100575,2
101867,bullet1,8.82562,10.7168,0.8,0,1
101868,player,1.01343,10.8614,0.000250582,-0.151616,1
101870,flyer5,12,7.09211,-0.3,0,2
101870,bullet6,9.29171,11.2248,0.8,0,1
101871,bullet5,12.8569,10.6917,0.8,0,1
101871,bullet4,5.41262,11.3499,0.8,0,1
101872,flayer7,9.43404,5.11722,-0.282639,0.100575,2
101872,bullet1,12.8256,10.7168,0.8,0,1
101873,player,0.4,11.0771,-0,0.334702,1
101875,flyer5,10.5,7.09211,-0.3,0,2
101875,bullet6,13.2917,11.2248,0.8,0,1
101876,bullet4,9.41262,11.3499,0.8,0,1
101877,flayer7,8.02084,5.6201,-0.282639,0.100575,2
101877,bullet2,0.8,11.3398,0.8,0,1
101878,player,0.4,11.3459,0,0.0061762,1
101879,bullet3,0.8,11.3487,0.8,0,1
101880,flyer5,9,7.09211,-0.3,0,2
101880,bullet5,0.8,11.35,0.8,0,1
101881,bullet4,13.4126,11.3499,0.8,0,1
101882,flayer7,6.60765,6.12297,-0.282639,0.100575,2
101882,bullet2,4.8,11.3398,0.8,0,1
101883,player,0.4,11.8403,0,0.151989,1
101884,bullet3,4.8,11.3487,0.8,0,1
101885,flyer5,7.5,7.09211,-0.3,0,2
101885,bullet5,4.8,11.35,0.8,0,1
101885,bullet1,0.8,11.9394,0.8,0,1
101887,flayer7,5.19445,6.62585,-0.282639,0.100575,2
101887,bullet2,8.8,11.3398,0.8,0,1
101888,player,0.957719,11.4046,0.0683438,-0.0655391,1
101889,bullet3,8.8,11.3487,0.8,0,1
101890,flyer5,5.99999,7.09211,-0.3,0,2
101890,bullet5,8.8,11.35,0.8,0,1
101890,bullet1,4.8,11.9394,0.8,0,1
101892,flayer7,3.78126,7.12872,-0.282639,0.100575,2
101892,bullet2,12.8,11.3398,0.8,0,1
101893,player,0.4,12.4298,-0,0.18142,1
101894,bullet3,12.8,11.3487,0.8,0,1
101895,flyer5,4.49999,7.09211,-0.3,0,2
101895,bullet5,12.8,11.35,0.8,0,1
101895,bullet1,8.8,11.9394,0.8,0,1
101897,flayer7,2.36806,7.6316,-0.282639,0.100575,2
101898,player,0.4,12.5755,0,0.00334771,1
101898,bullet6,0.8,12.5755,0.8,0,1
101900,flyer5,2.99999,7.09211,-0.3,0,2
101900,bullet1,12.8,11.9394,0.8,0,1
101902,flayer7,0.95487,8.13447,-0.282639,0.100575,2
101903,player,0.4,12.3134,-0,0.323722,1
101903,bullet6,4.8,12.5755,0.8,0,1
101905,flyer5,1.49999,7.09211,-0.3,0,2
101905,flyer1,16.5,7.09211,-0.3,0,2
101907,flayer7,-0.458324,8.63734,-0.282639,0.100575,2
101908,player,0.4,13.1619,0,0.0367283,1
101908,flyer2,16.5,2.20877,-0.290761,-0.0738797,2
101908,bullet6,8.8,12.5755,0.8,0,1
101908,bullet4,0.8,13.1619,0.8,0,1
101910,flyer5,-6.4373e-06,7.09211,-0.3,0,2
101910,flyer1,15,7.09211,-0.3,0,2
101913,player,0.468344,12.0997,-0.0835313,-0.165037,1
101913,flyer2,15.0462,1.83937,-0.290761,-0.0738797,2
101913,bullet6,12.8,12.5755,0.8,0,1
101913,bullet4,4.8,13.1619,0.8,0,1
101915,flyer1,13.5,7.09211,-0.3,0,2
101916,bullet2,0.8,11.9769,0.8,0,1
101918,player,0.4,11.9671,0,-0.00304539,1
101918,flyer2,13.5924,1.46997,-0.290761,-0.0738797,2
101918,bullet4,8.8,13.1619,0.8,0,1
101918,bullet3,0.8,11.9671,0.8,0,1
101919,bullet5,0.8,11.9658,0.8,0,1
101920,flyer1,12,7.09211,-0.3,0,2
101921,bullet2,4.8,11.9769,0.8,0,1
101923,player,0.4,11.9647,0,-5.61961e-05,1
101923,flyer2,12.1386,1.10058,-0.290761,-0.0738797,2
101923,bullet4,12.8,13.1619,0.8,0,1
101923,bullet3,4.8,11.9671,0.8,0,1
101924,bullet5,4.8,11.9658,0.8,0,1
101925,flyer1,10.5,7.09211,-0.3,0,2
101926,bullet2,8.8,11.9769,0.8,0,1
101928,player,0.4,11.6271,0,-0.337501,1
101928,flyer2,10.6848,0.731178,-0.290761,-0.0738797,2
101928,bullet3,8.8,11.9671,0.8,0,1
101929,bullet5,8.8,11.9658,0.8,0,1
101930,flyer1,9,7.09211,-0.3,0,2
101931,bullet2,12.8,11.9769,0.8,0,1
101933,player,0.4,11.4552,0,-0.127348,1
101933,flyer2,9.23098,0.361779,-0.290761,-0.0738797,2
101933,bullet3,12.8,11.9671,0.8,0,1
101934,bullet5,12.8,11.9658,0.8,0,1
101934,bullet1,0.8,11.3979,0.8,0,1
101935,flyer1,7.5,7.09211,-0.3,0,2
101938,player,0.4,11.3529,0,-0.00234993,1
101938,flyer2,7.77717,-0.0076194,-0.290761,-0.0738797,2
101938,bullet6,0.8,11.3529,0.8,0,1
101939,bullet1,4.8,11.3979,0.8,0,1
101940,flyer1,5.99999,7.09211,-0.3,0,2
101940,bullet4,0.8,11.3514,0.8,0,1
101941,bullet2,0.8,11.3512,0.8,0,1
101943,player,0.4,11.0135,0,-0.337543,1
101943,flyer2,6.32337,-0.377018,-0.290761,-0.0738797,2
101943,bullet6,4.8,11.3529,0.8,0,1
101944,bullet1,8.8,11.3979,0.8,0,1
101945,flyer1,4.49999,7.09211,-0.3,0,2
101945,bullet4,4.8,11.3514,0.8,0,1
101946,bullet2,4.8,11.3512,0.8,0,1
101948,player,0.4,11.3448,0,0.00761098,1
101948,bullet6,8.8,11.3529,0.8,0,1
101949,bullet1,12.8,11.3979,0.8,0,1
101950,flyer1,2.99999,7.09211,-0.3,0,2
101950,bullet4,8.8,11.3514,0.8,0,1
101951,bullet2,8.8,11.3512,0.8,0,1
101953,player,0.957719,11.9394,0.0683438,0.0308951,1
101953,bullet6,12.8,11.3529,0.8,0,1
101955,flyer1,1.49999,7.09211,-0.3,0,2
101955,bullet4,12.8,11.3514,0.8,0,1
101956,bullet2,12.8,11.3512,0.8,0,1
101958,player,0.52323,12.4089,-0.150614,0.206949,1
101958,flyer3,16.5,8.98789,-0.3,0,2
101959,bullet3,0.855454,12.5021,0.8,0,1
101960,flyer1,-6.4373e-06,7.09211,-0.3,0,2
101961,flyer6,16.5,15.301,-0.3,0,2
101962,flyer4,16.5,1.64379,-0.263034,0.144268,2
101963,player,0.402274,13.653,-0.00277925,0.186448,1
101963,flyer3,15,8.98789,-0.3,0,2
101964,bullet3,4.85545,12.5021,0.8,0,1
101964,bullet5,0.801024,13.7369,0.8,0,1
101965,bullet1,0.800461,13.7746,0.8,0,1
101966,flyer6,15,15.301,-0.3,0,2
101967,flyer4,15.1848,2.36513,-0.263034,0.144268,2
101967,bullet6,9.37879e-05,13.7993,-0.8,-6.99382e-08,1
101968,player,0.400043,13.8027,-5.1285e-05,0.0034405,1
101968,flyer3,13.5,8.98789,-0.3,0,2
101969,bullet3,8.85545,12.5021,0.8,0,1
101969,bullet5,4.80102,13.7369,0.8,0,1
101970,bullet1,4.80046,13.7746,0.8,0,1
101971,flyer6,13.5,15.301,-0.3,0,2
101972,flyer4,13.8697,3.08646,-0.263034,0.144268,2
101972,bullet4,0.8,12.6592,0.8,0,1
101973,player,0.4,12.6147,-0,-0.0445308,1
101973,flyer3,12,8.98789,-0.3,0,2
101974,bullet3,12.8555,12.5021,0.8,0,1
101974,bullet5,8.80102,13.7369,0.8,0,1
101975,bullet1,8.80046,13.7746,0.8,0,1
101976,flyer6,12,15.301,-0.3,0,2
101977,flyer4,12.5545,3.8078,-0.263034,0.144268,2
101977,bullet4,4.8,12.6592,0.8,0,1
101978,player,0.4,12.5789,0,-0.000821719,1
101978,flyer3,10.5,8.98789,-0.3,0,2
101979,bullet5,12.801,13.7369,0.8,0,1
101980,bullet1,12.8005,13.7746,0.8,0,1
101981,flyer6,10.5,15.301,-0.3,0,2
101982,flyer4,11.2393,4.52914,-0.263034,0.144268,2
101982,bullet4,8.8,12.6592,0.8,0,1
101983,player,0.4,12.5783,0,-1.5163e-05,1
101983,flyer3,9,8.98789,-0.3,0,2
101983,bullet2,0.8,12.5783,0.8,0,1
101983,finish,18.6096,8,-0.2,0,1
101985,bullet6,0.8,12.5783,0.8,0,1
101986,flyer6,9,15.301,-0.3,0,2
101987,flyer4,9.92415,5.25048,-0.263034,0.144268,2
101987,bullet4,12.8,12.6592,0.8,0,1
101988,player,0.4,12.0889,0,-0.151875,1
101988,flyer3,7.5,8.98789,-0.3,0,2
101988,bullet2,4.8,12.5783,0.8,0,1
101988,finish,17.6096,8,-0.2,0,1
101988,bullet3,0.8,12.0889,0.8,0,1
101990,bullet6,4.8,12.5783,0.8,0,1
101991,flyer6,7.5,15.301,-0.3,0,2
101992,flyer4,8.60898,5.97182,-0.263034,0.144268,2
101993,player,0.4,11.4092,0,-0.0711463,1
101993,flyer3,5.99999,8.98789,-0.3,0,2
101993,bullet2,8.8,12.5783,0.8,0,1
101993,finish,16.6096,8,-0.2,0,1
101993,bullet3,4.8,12.0889,0.8,0,1
101993,bullet5,0.8,11.4092,0.8,0,1
101995,bullet6,8.8,12.5783,0.8,0,1
101996,flyer6,5.99999,15.301,-0.3,0,2
101997,flyer4,7.29382,6.69316,-0.263034,0.144268,2
101998,player,0.4,10.7636,0,-0.0320675,1
101998,flyer3,4.49999,8.98789,-0.3,0,2
101998,bullet2,12.8,12.5783,0.8,0,1
101998,finish,15.6096,8,-0.2,0,1
101998,bullet3,8.8,12.0889,0.8,0,1
101998,bullet5,4.8,11.4092,0.8,0,1
102000,bullet6,12.8,12.5783,0.8,0,1
102001,flyer6,4.49999,15.301,-0.3,0,2
102002,flyer4,5.97865,7.4145,-0.263034,0.144268,2
102003,player,0.4,10.7378,0,-0.000591736,1
102003,flyer3,2.99999,8.98789,-0.3,0,2
102003,finish,14.6096,8,-0.2,0,1
102003,bullet3,12.8,12.0889,0.8,0,1
102003,bullet5,8.8,11.4092,0.8,0,1
102003,bullet1,0.8,10.7378,0.8,0,1
102006,flyer6,2.99999,15.301,-0.3,0,2
102007,flyer4,4.66348,8.13584,-0.263034,0.144268,2
102007,bullet4,0.8,10.7374,0.8,0,1
102008,player,0.4,10.7374,0,-1.09192e-05,1
102008,flyer3,1.49999,8.98789,-0.3,0,2
102008,finish,13.6096,8,-0.2,0,1
102008,bullet5,12.8,11.4092,0.8,0,1
102008,bullet1,4.8,10.7378,0.8,0,1
102008,bullet2,0.8,10.7374,0.8,0,1
102011,flyer6,1.49999,15.301,-0.3,0,2
102012,flyer4,3.34831,8.85718,-0.263034,0.144268,2
102012,bullet4,4.8,10.7374,0.8,0,1
102013,player,0.4,10.7374,0,-2.0149e-07,1
102013,flyer3,-6.4373e-06,8.98789,-0.3,0,2
102013,finish,12.6096,8,-0.2,0,1
102013,bullet1,8.8,10.7378,0.8,0,1
102013,bullet2,4.8,10.7374,0.8,0,1
102013,bullet6,0.8,10.7374,0.8,0,1
102016,flyer6,-6.4373e-06,15.301,-0.3,0,2
102017,flyer4,2.03314,9.57852,-0.263034,0.144268,2
102017,bullet4,8.8,10.7374,0.8,0,1
102018,player,0.4,10.7374,0,-3.71806e-09,1
102018,finish,11.6096,8,-0.2,0,1
102018,bullet1,12.8,10.7378,0.8,0,1
102018,bullet2,8.8,10.7374,0.8,0,1
102018,bullet6,4.8,10.7374,0.8,0,1
