474906,player,8.19576,13.2166,0,0,1
474907,bullet1,8.59575,13.2166,0.8,0,1
474908,bullet2,8.59575,13.2166,0.8,0,1
474910,bullet3,8.59575,13.2166,0.8,0,1
474911,player,7.85825,12.8791,-0.3375,-0.3375,1
474912,bullet1,12.5958,13.2166,0.8,0,1
474913,bullet2,12.5958,13.2166,0.8,0,1
474913,bullet4,8.03804,12.6589,0.8,0,1
474915,bullet3,12.5958,13.2166,0.8,0,1
474916,player,7.58721,12.6081,-0.00622782,-0.00622782,1
474918,bullet4,12.038,12.6589,0.8,0,1
474921,player,8.52202,12.4512,0.351225,0.18551,1
474923,bullet4,16.038,12.6589,0.8,0,1
474926,player,8.77333,12.0117,0.0440701,-0.0273315,1
474927,bullet5,9.19316,11.9994,0.8,0,1
474931,player,9.2981,11.8907,0.152688,0.120616,1
474931,bullet6,9.6981,11.8907,0.8,0,1
474932,flyer1,16.5,15.107,-0.217543,0.206579,2
474932,bullet5,13.1932,11.9994,0.8,0,1
474934,bullet1,9.81164,11.9804,0.8,0,1
474935,bullet2,9.8179,11.9853,0.8,0,1
474936,player,9.42072,11.9875,0.00281753,0.0022257,1
474936,bullet6,13.6981,11.8907,0.8,0,1
474937,flyer1,15.4123,16.1399,-0.217543,0.206579,2
474937,bullet3,9.82198,11.9885,0.8,0,1
474939,bullet1,13.8116,11.9804,0.8,0,1
474940,flyer2,16.5,15.107,-0.3,0,2
474940,bullet2,13.8179,11.9853,0.8,0,1
474941,player,9.08548,11.6518,-0.337448,-0.337459,1
474942,bullet3,13.822,11.9885,0.8,0,1
474942,bullet4,9.33363,11.5,0.8,0,1
474944,flyer3,16.5,15.107,-0.250283,-0.165404,2
474944,bullet5,9.23454,11.4009,0.8,0,1
474945,flyer2,15,15.107,-0.3,0,2
474946,player,9.30385,11.8702,0.145648,0.145648,1
474947,bullet4,13.3336,11.5,0.8,0,1
474948,bullet6,10.2883,12.4546,0.8,0,1
474949,flyer3,15.2486,14.28,-0.250283,-0.165404,2
474949,bullet5,13.2345,11.4009,0.8,0,1
474950,flyer2,13.5,15.107,-0.3,0,2
474950,bullet1,10.4066,12.5729,0.8,0,1
474951,player,10.0231,12.5895,0.0165272,0.0165272,1
474952,bullet2,10.4306,12.5969,0.8,0,1
474953,bullet6,14.2883,12.4546,0.8,0,1
474954,flyer3,13.9972,13.453,-0.250283,-0.165404,1
474955,flyer2,12,15.107,-0.3,0,2
474956,player,9.47869,12.045,-0.0680388,-0.0680388,1
474957,bullet2,14.4306,12.5969,0.8,0,1
474959,flyer4,16.5,15.107,-0.229486,-0.193226,2
474960,flyer2,10.5,15.107,-0.3,0,2
474960,bullet3,9.82531,11.9609,0.8,0,1
474961,player,9.42406,11.9765,-0.00125551,0.0156596,1
474961,bullet4,9.82405,11.9765,0.8,0,1
474964,flyer4,15.3526,14.1409,-0.229486,-0.193226,2
474964,bullet5,9.82312,11.9882,0.8,0,1
474965,flyer2,9,15.107,-0.3,0,2
474965,bullet3,13.8253,11.9609,0.8,0,1
474966,player,9.91242,12.4785,0.151852,0.152164,1
474966,bullet4,13.8241,11.9765,0.8,0,1
474968,bullet1,10.4115,12.5778,0.8,0,1
474969,flyer4,14.2051,13.1747,-0.229486,-0.193226,2
474969,bullet5,13.8231,11.9882,0.8,0,1
474970,flyer2,7.5,15.107,-0.3,0,2
474971,player,10.3719,13.4276,0.340302,0.492183,1
474973,flyer5,16.5,15.107,-0.243079,-0.17582,2
474974,flyer4,13.0577,12.2086,-0.229486,-0.193226,1
474974,bullet6,11.0249,13.7936,0.8,0,1
474975,flyer2,5.99999,15.107,-0.3,0,2
474975,bullet2,11.0389,13.8137,0.8,0,1
474976,player,10.6452,13.8228,0.00627953,0.00908216,1
474977,bullet3,11.048,13.8269,0.8,0,1
474978,flyer5,15.2846,14.2279,-0.243079,-0.17582,2
474979,flyer4,11.9103,11.2425,-0.229486,-0.193226,1
474980,flyer2,4.49999,15.107,-0.3,0,2
474980,bullet2,15.0389,13.8137,0.8,0,1
474981,player,11.2387,13.8301,0.0308706,0.000167591,1
474982,bullet3,15.048,13.8269,0.8,0,1
474982,bullet4,10.8526,13.8302,-0.8,-6.99382e-08,1
474984,flyer4,10.7628,10.2763,-0.229486,-0.193226,1
474984,bullet1,11.6616,13.8302,0.8,0,1
474985,flyer2,2.99999,15.107,-0.3,0,2
474986,player,11.2635,13.3409,0.000569649,-0.151872,1
474987,bullet4,6.85257,13.8302,-0.8,-6.99382e-08,1
474987,bullet5,11.6637,13.2725,0.8,0,1
474989,flyer4,9.61541,9.31022,-0.229486,-0.193226,1
474989,bullet1,15.6616,13.8302,0.8,0,1
474990,flyer2,1.49999,15.107,-0.3,0,2
474991,player,11.4841,14.1141,-0.269146,0.403041,1
474992,bullet4,2.85257,13.8302,-0.8,-6.99382e-08,1
474992,bullet5,15.6637,13.2725,0.8,0,1
474993,flyer6,16.5,3.47147,-0.299682,0.0138067,2
474994,flyer4,8.46797,8.34409,-0.229486,-0.193226,1
474995,flyer2,-6.4373e-06,15.107,-0.3,0,2
474995,bullet6,11.0845,14.4304,0.8,0,1
474996,player,10.6657,14.4378,-0.0188061,0.00743724,1
474996,bullet2,11.0657,14.4378,0.8,0,1
474997,bullet4,-1.14743,13.8302,-0.8,-6.99382e-08,1
474998,flyer6,15.0016,3.5405,-0.299682,0.0138067,2
474999,flyer4,7.32054,7.37796,-0.229486,-0.193226,1
475000,bullet6,15.0845,14.4304,0.8,0,1
475001,player,10.9881,13.5178,0.337153,-0.368117,1
475001,bullet2,15.0657,14.4378,0.8,0,1
475002,flayer7,16.5,3.47147,-0.3,0,2
475003,flyer6,13.5032,3.60953,-0.299682,0.0138067,2
475003,flayer8,16.5,15.0682,-0.298481,0.0301534,2
475004,flyer4,6.17311,6.41183,-0.229486,-0.193226,1
475005,bullet3,10.5748,13.8175,0.8,0,1
475006,player,10.0988,13.8245,-0.0759619,0.00704681,1
475007,flayer7,15,3.47147,-0.3,0,2
475008,flyer6,12.0048,3.67857,-0.299682,0.0138067,2
475008,flayer8,15.0076,15.2189,-0.298481,0.0301534,2
475009,flyer4,5.02568,5.44571,-0.229486,-0.193226,1
475009,bullet1,9.95295,13.8297,0.8,0,1
475010,bullet3,14.5748,13.8175,0.8,0,1
475011,player,9.78684,13.8302,0.305344,0.000130033,1
475012,flayer7,13.5,3.47147,-0.3,0,2
475012,bullet5,10.3242,13.8302,0.8,0,1
475013,flyer6,10.5063,3.7476,-0.299682,0.0138067,2
475013,flayer8,13.5152,15.3697,-0.298481,0.0301534,2
475014,flyer4,3.87825,4.47958,-0.229486,-0.193226,1
475014,bullet1,13.953,13.8297,0.8,0,1
475016,player,10.0321,13.4928,0.00563445,-0.337498,1
475017,flayer7,12,3.47147,-0.3,0,2
475017,bullet5,14.3242,13.8302,0.8,0,1
475018,flyer6,9.00793,3.81664,-0.299682,0.0138067,2
475018,flayer8,12.0228,15.5205,-0.298481,0.0301534,2
475019,flyer4,2.73082,3.51345,-0.229486,-0.193226,1
475021,player,10.8591,12.3992,-0.255213,0.249089,1
475022,flayer7,10.5,3.47147,-0.3,0,2
475023,flyer6,7.50952,3.88567,-0.299682,0.0138067,2
475023,flayer8,10.5304,15.6712,-0.298481,0.0301534,2
475024,flyer4,1.58339,2.54732,-0.229486,-0.193226,1
475024,bullet4,11.627,12.0267,0.8,0,1
475026,player,11.7458,11.9969,0.161005,-0.00924322,1
475027,flayer7,9,3.47147,-0.3,0,2
475027,bullet6,12.2183,11.9928,0.8,0,1
475028,flyer6,6.01111,3.9547,-0.299682,0.0138067,2
475028,flayer8,9.03798,15.822,-0.298481,0.0301534,2
475029,flyer4,0.435962,1.5812,-0.229486,-0.193226,1
475029,bullet4,15.627,12.0267,0.8,0,1
475029,bullet2,12.2656,11.99,0.8,0,1
475031,player,12.2126,12.327,0.340471,0.337329,1
475032,flayer7,7.5,3.47147,-0.3,0,2
475032,bullet6,16.2183,11.9928,0.8,0,1
475033,flyer6,4.5127,4.02374,-0.299682,0.0138067,2
475033,flayer8,7.54557,15.9728,-0.298481,0.0301534,2
475034,bullet2,16.2656,11.99,0.8,0,1
475035,flyer1,16.5,15.0682,-0.3,0,2
475035,bullet3,12.8798,11.5138,0.8,0,1
475036,player,12.4861,11.4379,0.00628265,-0.0759587,1
475037,flayer7,5.99999,3.47147,-0.3,0,2
475038,flyer6,3.01429,4.09277,-0.299682,0.0138067,2
475038,flayer8,6.05317,16.1235,-0.298481,0.0301534,2
475038,bullet1,12.0902,11.3883,-0.8,-6.99382e-08,1
475039,bullet5,12.8907,11.3814,0.8,0,1
475040,flyer1,15,15.0682,-0.3,0,2
475041,player,12.4911,11.3769,0.000115933,-0.00140165,1
475041,bullet4,12.8911,11.3769,0.8,0,1
475042,flayer7,4.49999,3.47147,-0.3,0,2
475042,bullet6,12.8912,11.3762,0.8,0,1
475043,flyer6,1.51588,4.16181,-0.299682,0.0138067,2
475043,flayer8,4.56076,16.2743,-0.298481,0.0301534,2
475043,bullet1,8.09017,11.3883,-0.8,-6.99382e-08,1
475045,flyer1,13.5,15.0682,-0.3,0,2
475045,bullet2,12.8912,11.3758,0.8,0,1
475046,player,12.4912,11.3757,2.13928e-06,-2.58644e-05,1
475046,bullet3,12.8912,11.3757,0.8,0,1
475047,flayer7,2.99999,3.47147,-0.3,0,2
475048,flyer6,0.0174689,4.23084,-0.299682,0.0138067,2
475048,flayer8,3.06836,16.4251,-0.298481,0.0301534,2
475048,bullet1,4.09017,11.3883,-0.8,-6.99382e-08,1
475049,bullet5,12.8912,10.8864,0.8,0,1
475050,flyer1,12,15.0682,-0.3,0,2
475051,player,12.8287,10.4498,0.3375,-0.368255,1
475052,flayer7,1.49999,3.47147,-0.3,0,2
475053,bullet1,0.09017,11.3883,-0.8,-6.99382e-08,1
475054,flyer3,16.5,15.0682,-0.3,0,2
475054,bullet5,16.8912,10.8864,0.8,0,1
475054,bullet4,12.922,10.1759,0.8,0,1
475055,flyer1,10.5,15.0682,-0.3,0,2
475055,bullet6,12.9051,10.1608,0.8,0,1
475056,player,12.4974,10.154,-0.00761178,-0.00679534,1
475057,flayer7,-6.4373e-06,3.47147,-0.3,0,2
475059,flyer3,15,15.0682,-0.3,0,2
475059,flyer5,16.5,6.68956,-0.295416,0.0522422,2
475059,bullet2,12.3341,10.149,0.8,0,1
475060,flyer1,9,15.0682,-0.3,0,2
475061,player,11.5515,10.4861,-0.35148,0.337375,1
475064,flyer3,13.5,15.0682,-0.3,0,2
475064,flyer5,15.0229,6.95077,-0.295416,0.0522422,2
475064,bullet2,16.3341,10.149,0.8,0,1
475065,flyer1,7.5,15.0682,-0.3,0,2
475065,flyer2,16.5,5.59945,-0.3,0,2
475065,bullet3,11.7748,10.7508,0.8,0,1
475066,player,11.3138,10.757,-0.0609899,0.00622551,1
475067,bullet1,11.6864,10.7598,0.8,0,1
475069,flyer3,12,15.0682,-0.3,0,2
475069,flyer5,13.5458,7.21198,-0.295416,0.0522422,2
475070,flyer1,5.99999,15.0682,-0.3,0,2
475070,flyer2,15,5.59945,-0.3,0,2
475070,bullet3,15.7748,10.7508,0.8,0,1
475071,player,11.2649,11.0995,-0.00112544,0.337615,1
475072,bullet1,15.6864,10.7598,0.8,0,1
475074,flyer3,10.5,15.0682,-0.3,0,2
475074,flyer5,12.0688,7.47319,-0.295416,0.0522422,2
475074,bullet5,11.664,11.3506,0.8,0,1
475075,flyer1,4.49999,15.0682,-0.3,0,2
475075,flyer2,13.5,5.59945,-0.3,0,2
475076,player,10.7746,11.86,-0.151896,0.158105,1
475079,flyer3,9,15.0682,-0.3,0,2
475079,flyer5,10.5917,7.73441,-0.295416,0.0522422,2
475079,bullet5,15.664,11.3506,0.8,0,1
475080,flyer1,2.99999,15.0682,-0.3,0,2
475080,flyer2,12,5.59945,-0.3,0,2
475081,player,10.6526,11.736,-0.0028029,0.309663,1
475082,bullet4,11.0513,11.8753,0.8,0,1
475084,flyer3,7.5,15.0682,-0.3,0,2
475084,flyer5,9.1146,7.99562,-0.295416,0.0522422,2
475085,flyer1,1.49999,15.0682,-0.3,0,2
475085,flyer2,10.5,5.59945,-0.3,0,2
475086,player,10.8022,12.8116,-0.185677,0.495089,1
475087,bullet4,15.0513,11.8753,0.8,0,1
475088,bullet6,11.0811,13.1346,0.8,0,1
475089,flyer3,5.99999,15.0682,-0.3,0,2
475089,flyer5,7.63752,8.25683,-0.295416,0.0522422,2
475089,bullet2,11.0641,13.1797,0.8,0,1
475090,flyer1,-6.4373e-06,15.0682,-0.3,0,2
475090,flyer2,9,5.59945,-0.3,0,2
475091,player,10.6531,13.2092,-0.00342626,0.00913579,1
475092,bullet3,10.2516,13.2133,-0.8,-6.99382e-08,1
475093,bullet6,15.0811,13.1346,0.8,0,1
475094,flyer3,4.49999,15.0682,-0.3,0,2
475094,flyer5,6.16044,8.51804,-0.295416,0.0522422,2
475094,bullet2,15.0641,13.1797,0.8,0,1
475095,flyer2,7.5,5.59945,-0.3,0,2
475095,bullet1,10.4927,13.774,0.8,0,1
475096,player,10.0619,13.805,-0.0308179,0.0309233,1
475096,bullet5,10.4619,13.805,0.8,0,1
475097,bullet3,6.25156,13.2133,-0.8,-6.99382e-08,1
475098,bullet4,10.4418,13.8251,0.8,0,1
475099,flyer3,2.99999,15.0682,-0.3,0,2
475099,flyer5,4.68336,8.77925,-0.295416,0.0522422,2
475100,flyer2,5.99999,5.59945,-0.3,0,2
475100,bullet1,14.4927,13.774,0.8,0,1
475101,player,10.0371,14.3875,-0.000568677,0.0689144,1
475101,bullet5,14.4619,13.805,0.8,0,1
475102,bullet3,2.25156,13.2133,-0.8,-6.99382e-08,1
475103,bullet4,14.4418,13.8251,0.8,0,1
475103,bullet6,10.4368,14.4325,0.8,0,1
475104,flyer3,1.49999,15.0682,-0.3,0,2
475104,flyer5,3.20628,9.04046,-0.295416,0.0522422,2
475105,flyer2,4.49999,5.59945,-0.3,0,2
475105,bullet2,10.4367,14.4416,0.8,0,1
475106,player,10.0367,14.4429,-1.04937e-05,0.00127166,1
475106,bullet1,10.4367,14.4429,0.8,0,1
475108,bullet6,14.4368,14.4325,0.8,0,1
475108,bullet5,10.4367,14.4437,0.8,0,1
475109,flyer3,-6.4373e-06,15.0682,-0.3,0,2
475109,flyer5,1.7292,9.30167,-0.295416,0.0522422,2
475110,flyer2,2.99999,5.59945,-0.3,0,2
475110,bullet2,14.4367,14.4416,0.8,0,1
475111,player,9.69917,14.2237,-0.3375,0.26918,1
475111,bullet1,14.4367,14.4429,0.8,0,1
475113,bullet5,14.4367,14.4437,0.8,0,1
475114,flyer5,0.252115,9.56289,-0.295416,0.0522422,2
475114,flyer4,16.5,5.59945,-0.29152,-0.0708226,2
475115,flyer2,1.49999,5.59945,-0.3,0,2
475115,bullet3,9.24588,14.4349,0.8,0,1
475116,player,8.82581,14.4398,-0.0200674,0.00496712,1
475117,flyer6,16.5,11.7871,-0.3,0,2
475119,flyer4,15.0424,5.24534,-0.29152,-0.0708226,2
475119,bullet4,8.72152,14.9329,0.8,0,1
475120,flyer2,-6.4373e-06,5.59945,-0.3,0,2
475120,bullet3,13.2459,14.4349,0.8,0,1
475121,player,8.22122,15.0323,-0.031125,0.0308463,1
475122,flyer6,15,11.7871,-0.3,0,2
475123,bullet6,8.60091,15.0524,0.8,0,1
475124,flyer4,13.5848,4.89122,-0.29152,-0.0708226,2
475124,bullet4,12.7215,14.9329,0.8,0,1
475125,bullet2,8.5968,15.0565,0.8,0,1
475126,player,8.19622,15.0571,-0.000574344,0.000569202,1
475126,bullet1,8.59622,15.0571,0.8,0,1
475127,flyer6,13.5,11.7871,-0.3,0,2
475128,bullet6,12.6009,15.0524,0.8,0,1
475129,flyer4,12.1272,4.53711,-0.29152,-0.0708226,2
475130,bullet2,12.5968,15.0565,0.8,0,1
475131,player,7.11791,15.0575,-0.18264,1.05034e-05,1
475131,bullet1,12.5962,15.0571,0.8,0,1
475132,flyer6,12,11.7871,-0.3,0,2
475133,bullet5,6.90937,15.5469,0.8,0,1
475134,flyer4,10.6696,4.183,-0.29152,-0.0708226,2
475136,player,5.87955,15.6,-0.169085,0,1
475136,flayer8,16.5,11.7871,-0.295135,-0.053808,2
475136,bullet3,6.27955,15.6,0.8,0,1
475137,flyer6,10.5,11.7871,-0.3,0,2
475138,bullet5,10.9094,15.5469,0.8,0,1
475139,flyer4,9.212,3.82888,-0.29152,-0.0708226,2
475140,bullet4,5.65751,15.6,0.8,0,1
475141,player,5.18604,15.6,-0.0714638,0,1
475141,flayer8,15.0243,11.518,-0.295135,-0.053808,2
475141,bullet3,10.2795,15.6,0.8,0,1
475142,flyer6,9,11.7871,-0.3,0,2
475143,bullet5,14.9094,15.5469,0.8,0,1
475143,bullet6,5.05004,15.6,0.8,0,1
475144,flyer4,7.7544,3.47477,-0.29152,-0.0708226,2
475145,bullet4,9.65751,15.6,0.8,0,1
475146,player,4.18884,15.2625,-0.352658,-0.3375,1
475146,flayer8,13.5486,11.249,-0.295135,-0.053808,2
475146,bullet3,14.2796,15.6,0.8,0,1
475147,flyer6,7.5,11.7871,-0.3,0,2
475147,bullet2,4.43014,15.1106,0.8,0,1
475148,bullet6,9.05004,15.6,0.8,0,1
475149,flyer4,6.29679,3.12066,-0.29152,-0.0708226,2
475150,bullet4,13.6575,15.6,0.8,0,1
475150,bullet1,3.82276,14.5083,0.8,0,1
475151,player,3.3479,14.4337,-0.0748513,-0.0745716,1
475151,flayer8,12.073,10.98,-0.295135,-0.053808,2
475152,flyer6,5.99999,11.7871,-0.3,0,2
475152,bullet2,8.43014,15.1106,0.8,0,1
475153,bullet6,13.05,15.6,0.8,0,1
475154,flyer4,4.83919,2.76655,-0.29152,-0.0708226,2
475155,bullet1,7.82276,14.5083,0.8,0,1
475155,bullet5,3.68917,14.3752,0.8,0,1
475156,player,3.28779,14.0364,-0.00138122,-0.338876,1
475156,flayer8,10.5973,10.7109,-0.295135,-0.053808,2
475157,flyer6,4.49999,11.7871,-0.3,0,2
475157,bullet2,12.4301,15.1106,0.8,0,1
475159,flyer4,3.38159,2.41243,-0.29152,-0.0708226,2
475160,bullet1,11.8228,14.5083,0.8,0,1
475160,bullet5,7.68918,14.3752,0.8,0,1
475160,bullet3,3.19733,13.7705,0.8,0,1
475161,player,2.72897,13.7642,-0.0683692,-0.00625322,1
475161,flayer8,9.12161,10.4419,-0.295135,-0.053808,2
475162,flyer6,2.99999,11.7871,-0.3,0,2
475164,flyer4,1.92398,2.05832,-0.29152,-0.0708226,2
475165,bullet1,15.8228,14.5083,0.8,0,1
475165,bullet5,11.6892,14.3752,0.8,0,1
475165,bullet3,7.19734,13.7705,0.8,0,1
475165,bullet4,4.22151,14.3478,0.8,0,1
475166,player,4.20235,14.699,0.380833,0.351224,1
475166,flayer8,7.64594,10.1728,-0.295135,-0.053808,2
475167,flyer6,1.49999,11.7871,-0.3,0,2
475169,flyer4,0.466383,1.70421,-0.29152,-0.0708226,2
475169,bullet6,4.88554,14.9602,0.8,0,1
475170,bullet5,15.6892,14.3752,0.8,0,1
475170,bullet3,11.1973,13.7705,0.8,0,1
475170,bullet4,8.22151,14.3478,0.8,0,1
475171,player,4.50819,14.9811,0.00702743,0.00648107,1
475171,flayer8,6.17026,9.9038,-0.295135,-0.053808,2
475172,flyer6,-6.4373e-06,11.7871,-0.3,0,2
475174,bullet6,8.88554,14.9602,0.8,0,1
475174,bullet2,5.47113,14.9859,0.8,0,1
475175,bullet3,15.1973,13.7705,0.8,0,1
475175,bullet4,12.2215,14.3478,0.8,0,1
475176,player,5.11614,14.9863,0.0139693,0.000119594,1
475176,flayer8,4.69459,9.63476,-0.295135,-0.053808,2
475179,bullet6,12.8855,14.9602,0.8,0,1
475179,bullet2,9.47113,14.9859,0.8,0,1
475180,bullet4,16.2215,14.3478,0.8,0,1
475181,player,5.08277,14.9418,0.0547619,0.0545063,1
475181,flayer8,3.21891,9.36572,-0.295135,-0.053808,2
475181,flayer7,16.5,6.85914,-0.3,0,2
475184,flyer1,16.5,13.4658,-0.259091,-0.151234,2
475184,bullet2,13.4711,14.9859,0.8,0,1
475186,player,4.56903,14.4278,-0.0673332,-0.067338,1
475186,flayer8,1.74324,9.09667,-0.295135,-0.053808,2
475186,flayer7,15,6.85914,-0.3,0,2
475186,bullet1,4.96903,14.4278,0.8,0,1
475187,bullet5,4.93873,14.3975,0.8,0,1
475189,flyer1,15.2045,12.7096,-0.259091,-0.151234,2
475191,player,5.07267,14.9315,0.0671013,0.0671012,1
475191,flayer8,0.26756,8.82763,-0.295135,-0.053808,2
475191,flayer7,13.5,6.85914,-0.3,0,2
475191,bullet1,8.96903,14.4278,0.8,0,1
475191,bullet3,5.47267,14.9315,0.8,0,1
475192,bullet5,8.93873,14.3975,0.8,0,1
475192,bullet4,5.50287,14.9617,0.8,0,1
475194,flyer1,13.9091,11.9535,-0.259091,-0.151234,2
475196,player,5.12656,14.9853,0.00123821,0.00123821,1
475196,flayer7,12,6.85914,-0.3,0,2
475196,bullet1,12.969,14.4278,0.8,0,1
475196,bullet3,9.47267,14.9315,0.8,0,1
475197,bullet5,12.9387,14.3975,0.8,0,1
475197,bullet4,9.50287,14.9617,0.8,0,1
475199,flyer1,12.6136,11.1973,-0.259091,-0.151234,2
475201,player,5.12755,14.9863,2.28484e-05,2.28484e-05,1
475201,flayer7,10.5,6.85914,-0.3,0,2
475201,bullet3,13.4727,14.9315,0.8,0,1
475201,bullet6,5.52755,14.9863,0.8,0,1
475202,bullet4,13.5029,14.9617,0.8,0,1
475204,flyer1,11.3182,10.4411,-0.259091,-0.151234,2
475205,bullet2,5.62667,15.6,0.8,0,1
475206,player,5.17217,15.6,-0.0545037,0,1
475206,flayer7,9,6.85914,-0.3,0,2
475206,bullet6,9.52755,14.9863,0.8,0,1
475209,flyer1,10.0227,9.68497,-0.259091,-0.151234,2
475209,bullet1,5.53164,15.6,0.8,0,1
475210,bullet2,9.62667,15.6,0.8,0,1
475211,player,5.1284,15.6,-0.00100575,0,1
475211,flayer7,7.5,6.85914,-0.3,0,2
475211,bullet6,13.5276,14.9863,0.8,0,1
475211,bullet5,5.5284,15.6,0.8,0,1
475214,flyer1,8.72726,8.92881,-0.259091,-0.151234,2
475214,bullet1,9.53164,15.6,0.8,0,1
475215,bullet2,13.6267,15.6,0.8,0,1
475216,player,5.12759,15.6,-1.85589e-05,0,1
475216,flayer7,5.99999,6.85914,-0.3,0,2
475216,bullet5,9.5284,15.6,0.8,0,1
475216,bullet3,5.52759,15.6,0.8,0,1
475219,flyer1,7.4318,8.17264,-0.259091,-0.151234,2
475219,bullet1,13.5316,15.6,0.8,0,1
475219,bullet4,5.52757,15.6,0.8,0,1
475221,player,5.12757,15.6,-3.42463e-07,0,1
475221,flayer7,4.49999,6.85914,-0.3,0,2
475221,bullet5,13.5284,15.6,0.8,0,1
475221,bullet3,9.52759,15.6,0.8,0,1
475224,flyer1,6.13635,7.41647,-0.259091,-0.151234,2
475224,bullet4,9.52757,15.6,0.8,0,1
475224,bullet6,5.52757,15.6,0.8,0,1
475226,player,5.12757,15.6,-6.31941e-09,0,1
475226,flayer7,2.99999,6.85914,-0.3,0,2
475226,bullet3,13.5276,15.6,0.8,0,1
475226,bullet2,5.52757,15.6,0.8,0,1
475229,flyer1,4.84089,6.6603,-0.259091,-0.151234,2
475229,bullet4,13.5276,15.6,0.8,0,1
475229,bullet6,9.52757,15.6,0.8,0,1
475231,player,5.37855,15.6,-0.306745,0,1
475231,flayer7,1.49999,6.85914,-0.3,0,2
475231,bullet2,9.52757,15.6,0.8,0,1
475232,bullet1,5.64051,15.6,0.8,0,1
475234,flyer1,3.54543,5.90413,-0.259091,-0.151234,2
475234,bullet6,13.5276,15.6,0.8,0,1
475234,bullet5,5.55044,15.6,0.8,0,1
475236,player,4.64283,15.1106,-0.157535,-0.151875,1
475236,flayer7,-6.4373e-06,6.85914,-0.3,0,2
475236,bullet2,13.5276,15.6,0.8,0,1
475237,bullet1,9.64051,15.6,0.8,0,1
475239,flyer1,2.24998,5.14795,-0.259091,-0.151234,2
475239,bullet5,9.55044,15.6,0.8,0,1
475239,bullet3,4.92568,14.9977,0.8,0,1
475241,player,4.51632,14.9887,-0.00290697,-0.00280252,1
475241,bullet4,4.91632,14.9887,0.8,0,1
475242,bullet1,13.6405,15.6,0.8,0,1
475244,flyer1,0.954519,4.39178,-0.259091,-0.151234,2
475244,bullet5,13.5504,15.6,0.8,0,1
475244,bullet3,8.92568,14.9977,0.8,0,1
475246,player,4.51398,14.9864,-5.36418e-05,-5.17144e-05,1
475246,bullet4,8.91632,14.9887,0.8,0,1
475248,flyer3,16.5,13.4658,-0.3,0,2
475248,bullet6,4.91395,15.4757,0.8,0,1
475249,flyer1,-0.340937,3.63561,-0.259091,-0.151234,2
475249,bullet3,12.9257,14.9977,0.8,0,1
475251,player,4.17644,15.6,-0.337501,0,1
475251,bullet4,12.9163,14.9887,0.8,0,1
475252,bullet2,4.42456,15.6,0.8,0,1
475253,flyer3,15,13.4658,-0.3,0,2
475253,bullet6,8.91395,15.4757,0.8,0,1
475254,bullet1,4.32546,15.6,0.8,0,1
475256,player,4.39477,15.1106,0.145647,-0.151875,1
475257,bullet2,8.42456,15.6,0.8,0,1
475257,bullet5,4.86031,15.0423,0.8,0,1
475258,flyer3,13.5,13.4658,-0.3,0,2
475258,bullet6,12.9139,15.4757,0.8,0,1
475259,bullet1,8.32546,15.6,0.8,0,1
475261,player,4.51173,14.4309,0.0026876,-0.0711463,1
475262,bullet2,12.4246,15.6,0.8,0,1
475262,bullet5,8.86031,15.0423,0.8,0,1
475263,flyer3,12,13.4658,-0.3,0,2
475264,bullet1,12.3255,15.6,0.8,0,1
475266,player,4.85139,13.8844,0.33755,-0.153188,1
475267,flyer5,16.5,13.4658,-0.3,0,2
475267,bullet5,12.8603,15.0423,0.8,0,1
475268,flyer3,10.5,13.4658,-0.3,0,2
475268,bullet3,5.47164,13.7845,0.8,0,1
475269,bullet1,16.3255,15.6,0.8,0,1
475271,player,5.68019,14.3191,0.0745725,0.065517,1
475271,bullet4,6.08019,14.3191,0.8,0,1
475272,flyer5,15,13.4658,-0.3,0,2
475272,bullet6,6.11375,14.3486,0.8,0,1
475273,flyer3,9,13.4658,-0.3,0,1
475276,player,5.18236,13.814,-0.0669677,-0.0671348,1
475276,bullet2,5.58236,13.814,0.8,0,1
475277,flyer5,13.5,13.4658,-0.3,0,2
475277,bullet6,10.1137,14.3486,0.8,0,1
475281,player,5.12858,13.7293,-0.00123574,0.0363502,1
475281,flyer2,16.5,8.04021,-0.3,0,2
475281,bullet2,9.58236,13.814,0.8,0,1
475281,bullet1,5.52858,13.7293,0.8,0,1
475282,flyer5,12,13.4658,-0.3,0,1
475283,bullet5,5.52777,13.7531,0.8,0,1
475286,player,5.61696,13.2692,0.151852,-0.151204,1
475286,flyer2,15,8.04021,-0.3,0,2
475286,bullet1,9.52858,13.7293,0.8,0,1
475286,bullet3,6.01696,13.2692,0.8,0,1
475288,bullet5,9.52777,13.7531,0.8,0,1
475288,bullet4,6.11604,13.1705,0.8,0,1
475291,player,5.73891,12.59,0.0028021,-0.0711339,1
475291,flyer2,13.5,8.04021,-0.3,0,2
475291,bullet1,13.5286,13.7293,0.8,0,1
475291,bullet3,10.017,13.2692,0.8,0,1
475293,bullet5,13.5278,13.7531,0.8,0,1
475293,bullet4,10.116,13.1705,0.8,0,1
475296,player,5.74116,12.6848,5.17066e-05,-0.186938,1
475296,flyer2,12,8.04021,-0.3,0,2
475296,bullet3,14.017,13.2692,0.8,0,1
475297,flyer4,16.5,8.04021,-0.299967,0.00448131,2
475298,bullet4,14.116,13.1705,0.8,0,1
475298,bullet6,6.14119,12.5628,0.8,0,1
475299,bullet2,6.1412,12.5457,0.8,0,1
475301,player,5.7412,12.1971,9.54133e-07,-0.34095,1
475301,flyer2,10.5,8.04021,-0.3,0,2
475302,flyer4,15.0002,8.06262,-0.299967,0.00448131,2
475302,bullet1,6.1412,12.0437,0.8,0,1
475303,bullet6,10.1412,12.5628,0.8,0,1
475304,bullet2,10.1412,12.5457,0.8,0,1
475305,bullet5,6.63057,12.419,0.8,0,1
475306,player,6.29892,12.481,0.0683438,0.0620523,1
475306,flyer2,9,8.04021,-0.3,0,2
475307,flyer4,13.5003,8.08503,-0.299967,0.00448131,2
475307,bullet1,10.1412,12.0437,0.8,0,1
475308,bullet6,14.1412,12.5628,0.8,0,1
475309,bullet2,14.1412,12.5457,0.8,0,1
475310,bullet5,10.6306,12.419,0.8,0,1
475311,player,6.3538,11.3847,0.00126113,-0.0979534,1
475311,flyer2,7.5,8.04021,-0.3,0,2
475311,bullet3,6.7538,11.3847,0.8,0,1
475312,flyer4,12.0005,8.10743,-0.299967,0.00448131,2
475312,bullet1,14.1412,12.0437,0.8,0,1
475315,bullet5,14.6306,12.419,0.8,0,1
475315,bullet4,7.34326,10.7194,0.8,0,1
475316,player,6.95713,10.7037,0.0138629,-0.0156471,1
475316,flyer2,5.99999,8.04021,-0.3,0,2
475316,bullet3,10.7538,11.3847,0.8,0,1
475316,bullet6,7.35713,10.7037,0.8,0,1
475317,flyer4,10.5007,8.12984,-0.299967,0.00448131,2
475318,bullet2,7.36617,10.6935,0.8,0,1
475320,bullet4,11.3433,10.7194,0.8,0,1
475321,player,6.96826,10.6911,0.000255809,-0.000288733,1
475321,flyer2,4.49999,8.04021,-0.3,0,2
475321,bullet3,14.7538,11.3847,0.8,0,1
475321,bullet6,11.3571,10.7037,0.8,0,1
475322,flyer4,9.00083,8.15225,-0.299967,0.00448131,2
475323,bullet2,11.3662,10.6935,0.8,0,1
475325,bullet4,15.3433,10.7194,0.8,0,1
475325,bullet1,7.36846,10.6909,0.8,0,1
475326,player,7.30596,10.3534,0.337505,-0.337505,1
475326,flyer2,2.99999,8.04021,-0.3,0,2
475326,bullet6,15.3571,10.7037,0.8,0,1
475327,flyer4,7.501,8.17465,-0.299967,0.00448131,2
475328,bullet2,15.3662,10.6935,0.8,0,1
475330,flyer6,16.5,13.5066,-0.3,0,2
475330,bullet1,11.3685,10.6909,0.8,0,1
475331,player,6.52991,11.1294,-0.213991,0.213991,1
475331,flyer2,1.49999,8.04021,-0.3,0,2
475332,flyer4,6.00116,8.19706,-0.299967,0.00448131,2
475332,bullet5,6.83362,11.2257,0.8,0,1
475333,bullet3,6.79028,11.2691,0.8,0,1
475335,flyer6,15,13.5066,-0.3,0,2
475335,bullet1,15.3685,10.6909,0.8,0,1
475335,bullet4,6.76201,11.2974,0.8,0,1
475336,player,6.69556,10.9638,0.333551,-0.333551,1
475336,flyer2,-6.4373e-06,8.04021,-0.3,0,2
475337,flyer4,4.50133,8.21947,-0.299967,0.00448131,2
475337,bullet5,10.8336,11.2257,0.8,0,1
475338,bullet3,10.7903,11.2691,0.8,0,1
475340,flyer6,13.5,13.5066,-0.3,0,2
475340,bullet4,10.762,11.2974,0.8,0,1
475341,player,6.89508,10.6276,0.0896862,0.0773763,1
475342,flyer4,3.0015,8.24187,-0.299967,0.00448131,2
475342,bullet5,14.8336,11.2257,0.8,0,1
475343,bullet3,14.7903,11.2691,0.8,0,1
475343,bullet6,7.35361,11.1675,0.8,0,1
475345,flyer6,12,13.5066,-0.3,0,2
475345,bullet4,14.762,11.2974,0.8,0,1
475345,bullet2,7.36546,11.2768,0.8,0,1
475346,player,6.62961,11.6295,-0.335845,0.352767,1
475347,flyer4,1.50167,8.26428,-0.299967,0.00448131,2
475348,bullet6,11.3536,11.1675,0.8,0,1
475349,bullet1,6.77987,11.8919,0.8,0,1
475350,flyer6,10.5,13.5066,-0.3,0,2
475350,bullet2,11.3655,11.2768,0.8,0,1
475350,bullet5,6.7661,11.9063,0.8,0,1
475351,player,6.3599,11.9128,-0.00619729,0.00650955,1
475352,flyer4,0.00183493,8.28669,-0.299967,0.00448131,2
475353,bullet6,15.3536,11.1675,0.8,0,1
475354,bullet1,10.7799,11.8919,0.8,0,1
475355,flyer6,9,13.5066,-0.3,0,2
475355,bullet2,15.3655,11.2768,0.8,0,1
475355,bullet5,10.7661,11.9063,0.8,0,1
475356,player,5.76645,11.3296,-0.030869,-0.0306346,1
475356,bullet3,6.16645,11.3296,0.8,0,1
475358,bullet4,6.14631,11.3096,0.8,0,1
475359,bullet1,14.7799,11.8919,0.8,0,1
475360,flyer6,7.5,13.5066,-0.3,0,2
475360,bullet5,14.7661,11.9063,0.8,0,1
475361,player,5.74166,11.305,-0.000569621,-0.000565294,1
475361,bullet3,10.1665,11.3296,0.8,0,1
475362,bullet6,6.1414,11.3047,0.8,0,1
475363,bullet4,10.1463,11.3096,0.8,0,1
475363,bullet2,6.14129,11.3046,0.8,0,1
475365,flyer6,5.99999,13.5066,-0.3,0,2
475366,player,5.7412,11.642,-1.05111e-05,0.33749,1
475366,bullet3,14.1665,11.3296,0.8,0,1
475367,bullet6,10.1414,11.3047,0.8,0,1
475368,bullet4,14.1463,11.3096,0.8,0,1
475368,bullet2,10.1413,11.3046,0.8,0,1
475370,flyer6,4.49999,13.5066,-0.3,0,2
475371,player,5.71044,12.5016,0.0375889,0.0369823,1
475371,flayer8,16.5,13.5066,-0.3,0,2
475372,bullet6,14.1414,11.3047,0.8,0,1
475372,bullet1,6.12735,12.5182,0.8,0,1
475373,bullet2,14.1413,11.3046,0.8,0,1
475373,bullet5,6.13497,12.5257,0.8,0,1
475375,flyer6,2.99999,13.5066,-0.3,0,2
475375,bullet3,6.13993,12.5306,0.8,0,1
475376,player,5.74063,12.5313,0.00069362,0.000682428,1
475376,flayer8,15,13.5066,-0.3,0,2
475376,bullet4,6.14063,12.5313,0.8,0,1
475377,bullet1,10.1274,12.5182,0.8,0,1
475378,bullet5,10.135,12.5257,0.8,0,1
475380,flyer6,1.49999,13.5066,-0.3,0,2
475380,bullet3,10.1399,12.5306,0.8,0,1
475381,player,6.2989,11.9741,0.0683565,-0.0683312,1
475381,flayer8,13.5,13.5066,-0.3,0,2
475381,bullet4,10.1406,12.5313,0.8,0,1
475382,bullet1,14.1274,12.5182,0.8,0,1
475383,bullet5,14.135,12.5257,0.8,0,1
475385,flyer6,-6.4373e-06,13.5066,-0.3,0,2
475385,bullet3,14.1399,12.5306,0.8,0,1
475385,bullet6,7.31026,12.4782,0.8,0,1
475386,player,6.60477,12.8452,-0.305484,0.366994,1
475386,flayer8,12,13.5066,-0.3,0,2
475386,bullet4,14.1406,12.5313,0.8,0,1
475388,flayer7,16.5,13.5066,-0.240934,0.178748,2
475388,bullet2,6.80544,13.0846,0.8,0,1
475390,bullet6,11.3103,12.4782,0.8,0,1
475391,player,6.35944,13.6976,-0.00563704,0.0751158,1
475391,flayer8,10.5,13.5066,-0.3,0,2
475391,bullet1,6.75944,13.6976,0.8,0,1
475393,flayer7,15.2953,14.4004,-0.240934,0.178748,2
475393,bullet5,6.75576,13.7466,0.8,0,1
475394,bullet3,6.75525,13.7535,0.8,0,1
475395,bullet6,15.3103,12.4782,0.8,0,1
475396,player,6.35491,13.7579,-0.000104019,0.0013861,1
475396,bullet4,6.75491,13.7579,0.8,0,1
475398,flayer7,14.0907,15.2941,-0.240934,0.178748,2
475398,bullet5,10.7558,13.7466,0.8,0,1
475399,bullet3,10.7552,13.7535,0.8,0,1
475399,bullet2,6.26546,14.2483,0.8,0,1
475401,player,6.10386,14.3475,0.306743,0.0307803,1
475401,bullet4,10.7549,13.7579,0.8,0,1
475403,flayer7,12.886,16.1879,-0.240934,0.178748,2
475403,bullet5,14.7558,13.7466,0.8,0,1
475404,bullet3,14.7553,13.7535,0.8,0,1
475404,bullet2,10.2655,14.2483,0.8,0,1
475406,player,5.74788,13.4324,-0.00817933,-0.350772,1
475406,flyer1,16.5,13.5066,-0.3,0,2
475406,bullet4,14.7549,13.7579,0.8,0,1
475408,flyer3,16.5,10.9261,-0.3,0,2
475408,bullet1,6.14255,13.2036,0.8,0,1
475409,bullet2,14.2655,14.2483,0.8,0,1
475411,player,5.1836,13.7084,-0.0684947,0.061871,1
475411,bullet6,5.5836,13.7084,0.8,0,1
475413,flyer3,15,10.9261,-0.3,0,2
475413,bullet1,10.1425,13.2036,0.8,0,1
475415,bullet5,6.08757,13.757,0.8,0,1
475416,player,5.71706,13.4206,0.0294908,-0.336358,1
475416,bullet6,9.5836,13.7084,0.8,0,1
475418,flyer3,13.5,10.9261,-0.3,0,2
475418,bullet1,14.1425,13.2036,0.8,0,1
475420,bullet5,10.0876,13.757,0.8,0,1
475421,player,5.25137,12.6611,-0.151331,-0.158082,1
475421,flyer5,16.5,15.0066,-0.295655,0.0508716,2
475421,bullet6,13.5836,13.7084,0.8,0,1
475422,bullet3,5.58328,12.59,0.8,0,1
475423,flyer3,12,10.9261,-0.3,0,2
475423,bullet4,5.55263,12.558,0.8,0,1
475425,bullet5,14.0876,13.757,0.8,0,1
475425,bullet2,5.53264,12.5371,0.8,0,1
475426,player,5.12984,12.1967,-0.00279248,-0.340417,1
475426,flyer5,15.0217,15.261,-0.295655,0.0508716,2
475427,bullet3,9.58328,12.59,0.8,0,1
475428,flyer3,10.5,10.9261,-0.3,0,2
475428,bullet4,9.55263,12.558,0.8,0,1
475428,bullet1,5.52802,11.9746,0.8,0,1
475430,bullet2,9.53264,12.5371,0.8,0,1
475431,player,4.56988,11.3656,-0.0683953,-0.0746254,1
475431,flyer5,13.5434,15.5154,-0.295655,0.0508716,2
475432,bullet3,13.5833,12.59,0.8,0,1
475433,flyer3,9,10.9261,-0.3,0,2
475433,bullet4,13.5526,12.558,0.8,0,1
475433,bullet1,9.52802,11.9746,0.8,0,1
475435,bullet2,13.5326,12.5371,0.8,0,1
475436,player,4.51496,11.3057,-0.00126209,-0.00137705,1
475436,flyer5,12.0652,15.7697,-0.295655,0.0508716,2
475436,bullet6,4.91496,11.3057,0.8,0,1
475438,flyer3,7.5,10.9261,-0.3,0,2
475438,bullet1,13.528,11.9746,0.8,0,1
475438,bullet5,4.91413,11.3048,0.8,0,1
475441,player,4.51394,11.3046,-2.3289e-05,-2.54104e-05,1
475441,flyer5,10.5869,16.0241,-0.295655,0.0508716,2
475443,bullet3,5.4033,11.7939,0.8,0,1
475445,flyer2,16.5,15.0066,-0.3,0,2
475446,player,5.11624,11.4175,0.0138392,-0.138036,1
475446,flyer5,9.10862,16.2784,-0.295655,0.0508716,2
475446,flyer4,16.5,6.57035,-0.3,0,2
475446,bullet4,5.51624,11.4175,0.8,0,1
475448,bullet3,9.4033,11.7939,0.8,0,1
475450,flyer2,15,15.0066,-0.3,0,2
475451,player,3.98116,10.1604,-0.0988431,-0.101646,1
475451,flyer4,15,6.57035,-0.3,0,2
475451,bullet4,9.51624,11.4175,0.8,0,1
475451,bullet2,4.38116,10.1604,0.8,0,1
475453,bullet3,13.4033,11.7939,0.8,0,1
475455,flyer2,13.5,15.0066,-0.3,0,2
475455,bullet6,4.30361,10.0807,0.8,0,1
475456,player,3.90178,10.0788,-0.00182393,-0.00187565,1
475456,flyer4,13.5,6.57035,-0.3,0,2
475456,bullet4,13.5162,11.4175,0.8,0,1
475456,bullet2,8.38116,10.1604,0.8,0,1
475458,bullet5,4.30059,10.0776,0.8,0,1
475460,flyer2,12,15.0066,-0.3,0,2
475460,bullet6,8.30361,10.0807,0.8,0,1
475461,player,4.23782,9.73978,0.337466,-0.337535,1
475461,flyer4,12,6.57035,-0.3,0,2
475461,bullet2,12.3812,10.1604,0.8,0,1
475463,bullet5,8.30059,10.0776,0.8,0,1
475463,bullet1,4.85801,9.51954,0.8,0,1
475465,flyer2,10.5,15.0066,-0.3,0,2
475465,bullet6,12.3036,10.0807,0.8,0,1
475466,player,4.50883,9.46871,0.0062272,-0.00622846,1
475466,flyer4,10.5,6.57035,-0.3,0,2
475466,bullet2,16.3812,10.1604,0.8,0,1
475468,bullet5,12.3006,10.0776,0.8,0,1
475468,bullet1,8.85801,9.51954,0.8,0,1
475468,bullet3,4.91289,9.46465,0.8,0,1
475470,flyer2,9,15.0066,-0.3,0,2
475470,bullet6,16.3036,10.0807,0.8,0,1
475471,player,4.51383,8.90599,0.000114909,-0.0684587,1
475471,flyer4,9,6.57035,-0.3,0,2
475473,bullet5,16.3006,10.0776,0.8,0,1
475473,bullet1,12.858,9.51954,0.8,0,1
475473,bullet3,8.91289,9.46465,0.8,0,1
475473,bullet4,4.91391,8.37195,0.8,0,1
475475,flyer2,7.5,15.0066,-0.3,0,2
475475,bullet2,4.91392,8.26381,0.8,0,1
475476,player,4.51392,8.2487,2.1204e-06,-0.0151029,1
475476,flyer4,7.5,6.57035,-0.3,0,2
475478,bullet3,12.9129,9.46465,0.8,0,1
475478,bullet4,8.91391,8.37195,0.8,0,1
475478,bullet6,4.91392,8.23885,0.8,0,1
475480,flyer2,5.99999,15.0066,-0.3,0,2
475480,bullet2,8.91392,8.26381,0.8,0,1
475481,player,4.51392,8.23657,3.91274e-08,-0.00027869,1
475481,flyer4,5.99999,6.57035,-0.3,0,2
475483,bullet4,12.9139,8.37195,0.8,0,1
475483,bullet6,8.91392,8.23885,0.8,0,1
475483,bullet5,5.4033,8.72577,0.8,0,1
475485,flyer2,4.49999,15.0066,-0.3,0,2
475485,bullet2,12.9139,8.26381,0.8,0,1
475486,player,4.77874,9.66554,-0.32366,0.503209,1
475486,flyer4,4.49999,6.57035,-0.3,0,2
475488,bullet6,12.9139,8.23885,0.8,0,1
475488,bullet5,9.4033,8.72577,0.8,0,1
475490,flyer2,2.99999,15.0066,-0.3,0,2
475491,player,3.37262,10.6581,-0.105071,0.0400403,1
475491,flyer4,2.99999,6.57035,-0.3,0,2
475493,flyer6,16.5,10.6558,-0.3,0,2
475493,bullet5,13.4033,8.72577,0.8,0,1
475495,flyer2,1.49999,15.0066,-0.3,0,2
475496,player,1.80454,10.9105,-0.438537,-0.268417,1
475496,flyer4,1.49999,6.57035,-0.3,0,2
475497,flayer8,16.5,10.6558,-0.276981,-0.115245,2
475498,flyer6,15,10.6558,-0.3,0,2
475500,flyer2,-6.4373e-06,15.0066,-0.3,0,2
475500,bullet1,1.30273,10.6999,0.8,0,1
475501,player,0.863886,10.6949,-0.0388469,-0.00495306,1
475501,flyer4,-6.4373e-06,6.57035,-0.3,0,2
475501,bullet3,1.26389,10.6949,0.8,0,1
475502,flayer8,15.1151,10.0796,-0.276981,-0.115245,2
475503,flyer6,13.5,10.6558,-0.3,0,2
475505,bullet1,5.30273,10.6999,0.8,0,1
475505,bullet4,1.23341,10.6911,0.8,0,1
475506,player,0.832688,10.691,-0.000716835,-9.13978e-05,1
475506,bullet3,5.26389,10.6949,0.8,0,1
475507,flayer8,13.7302,9.50338,-0.276981,-0.115245,2
475508,flyer6,12,10.6558,-0.3,0,2
475508,bullet2,1.23222,10.2015,0.8,0,1
475510,bullet1,9.30273,10.6999,0.8,0,1
475510,bullet4,5.23341,10.6911,0.8,0,1
475511,player,0.832113,10.0886,-1.32276e-05,-0.0138413,1
475511,bullet3,9.26389,10.6949,0.8,0,1
475512,flayer8,12.3453,8.92716,-0.276981,-0.115245,2
475513,bullet2,5.23222,10.2015,0.8,0,1
475514,bullet6,1.2321,10.0783,0.8,0,1
475515,bullet4,9.23341,10.6911,0.8,0,1
475515,bullet5,1.2321,10.0777,0.8,0,1
475516,player,0.832102,10.0775,-2.44087e-07,-0.000255411,1
475517,flayer8,10.9604,8.35093,-0.276981,-0.115245,2
475518,bullet2,9.23222,10.2015,0.8,0,1
475519,bullet6,5.2321,10.0783,0.8,0,1
475520,bullet4,13.2334,10.6911,0.8,0,1
475520,bullet5,5.2321,10.0777,0.8,0,1
475521,player,1.32148,9.58789,0.151875,-0.15188,1
475522,flayer8,9.57547,7.77471,-0.276981,-0.115245,2
475523,bullet2,13.2322,10.2015,0.8,0,1
475524,bullet6,9.2321,10.0783,0.8,0,1
475525,bullet5,9.2321,10.0777,0.8,0,1
475525,bullet1,1.84064,9.46872,0.8,0,1
475526,player,1.44345,9.46592,0.00280252,-0.00280261,1
475527,flayer8,8.19056,7.19848,-0.276981,-0.115245,2
475529,bullet6,13.2321,10.0783,0.8,0,1
475530,bullet5,13.2321,10.0777,0.8,0,1
475530,bullet1,5.84064,9.46872,0.8,0,1
475531,player,1.3466,9.9392,0.121172,0.168738,1
475532,flayer8,6.80565,6.62226,-0.276981,-0.115245,2
475532,bullet3,1.80113,10.0151,0.8,0,1
475534,flayer7,16.5,10.6558,-0.264554,-0.141461,2
475535,bullet1,9.84064,9.46872,0.8,0,1
475536,player,1.37557,11.1218,0.0857672,0.223332,1
475537,flayer8,5.42075,6.04604,-0.276981,-0.115245,2
475537,bullet3,5.80113,10.0151,0.8,0,1
475538,bullet4,1.34215,11.2675,0.8,0,1
475539,flayer7,15.1772,9.94853,-0.264554,-0.141461,2
475540,bullet1,13.8406,9.46872,0.8,0,1
475541,player,1.33151,10.8118,0.139618,-0.147754,1
475542,flayer8,4.03584,5.46981,-0.276981,-0.115245,2
475542,bullet3,9.80113,10.0151,0.8,0,1
475543,bullet4,5.34215,11.2675,0.8,0,1
475544,flayer7,13.8545,9.24123,-0.264554,-0.141461,1
475545,bullet2,2.42953,10.1381,0.8,0,1
475546,player,2.04594,10.1046,0.016416,-0.0334812,1
475547,flayer8,2.65093,4.89359,-0.276981,-0.115245,2
475547,bullet3,13.8011,10.0151,0.8,0,1
475547,bullet6,2.45333,10.0896,0.8,0,1
475548,bullet4,9.34215,11.2675,0.8,0,1
475549,flayer7,12.5317,8.53392,-0.264554,-0.141461,1
475550,bullet2,6.42953,10.1381,0.8,0,1
475551,player,2.05913,10.0778,0.000302921,-0.000617822,1
475552,flayer8,1.26603,4.31736,-0.276981,-0.115245,2
475552,bullet6,6.45333,10.0896,0.8,0,1
475553,bullet4,13.3422,11.2675,0.8,0,1
475553,bullet5,2.45933,10.0774,0.8,0,1
475554,flayer7,11.2089,7.82662,-0.264554,-0.141461,1
475555,bullet2,10.4295,10.1381,0.8,0,1
475556,player,1.57,10.0773,-0.151869,-1.14005e-05,1
475557,flayer8,-0.118881,3.74114,-0.276981,-0.115245,2
475557,bullet6,10.4533,10.0896,0.8,0,1
475558,bullet5,6.45933,10.0774,0.8,0,1
475559,flayer7,9.88615,7.11932,-0.264554,-0.141461,1
475560,bullet2,14.4295,10.1381,0.8,0,1
475561,player,0.4,11.0171,-0,0.351339,1
475562,bullet6,14.4533,10.0896,0.8,0,1
475562,bullet1,0.8,11.1752,0.8,0,1
475563,bullet5,10.4593,10.0774,0.8,0,1
475564,flayer7,8.56338,6.41201,-0.264554,-0.141461,1
475565,flyer1,16.5,7.16722,-0.299771,0.0117091,2
475566,player,0.889375,12.3463,0.151875,0.226702,1
475567,bullet1,4.8,11.1752,0.8,0,1
475568,bullet5,14.4593,10.0774,0.8,0,1
475569,flayer7,7.24061,5.70471,-0.264554,-0.141461,1
475569,bullet3,1.40231,11.9572,0.8,0,1
475570,flyer1,15.0011,7.22576,-0.299771,0.0117091,2
475571,player,1.01134,11.9261,0.00280252,-0.00965632,1
475571,bullet4,1.41134,11.9261,0.8,0,1
475572,bullet1,8.8,11.1752,0.8,0,1
475574,flayer7,5.91784,4.9974,-0.264554,-0.141461,1
475574,bullet3,5.40231,11.9572,0.8,0,1
475575,flyer1,13.5023,7.28431,-0.299771,0.0117091,2
475576,player,1.95341,11.3606,0.351391,-0.0685219,1
475576,bullet4,5.41134,11.9261,0.8,0,1
475577,bullet1,12.8,11.1752,0.8,0,1
475579,flayer7,4.59507,4.2901,-0.264554,-0.141461,1
475579,bullet3,9.40231,11.9572,0.8,0,1
475579,bullet2,3.10409,11.3096,0.8,0,1
475580,flyer1,12.0034,7.34285,-0.299771,0.0117091,2
475581,player,3.16158,11.6431,0.374739,0.336236,1
475581,bullet4,9.41134,11.9261,0.8,0,1
475582,bullet6,3.73021,11.7944,0.8,0,1
475584,flayer7,3.2723,3.58279,-0.264554,-0.141461,1
475584,bullet3,13.4023,11.9572,0.8,0,1
475584,bullet2,7.10409,11.3096,0.8,0,1
475585,flyer1,10.5046,7.4014,-0.299771,0.0117091,2
475586,player,3.46252,11.9131,0.00691499,0.00620449,1
475586,bullet4,13.4113,11.9261,0.8,0,1
475587,bullet6,7.73021,11.7944,0.8,0,1
475589,flayer7,1.94953,2.87549,-0.264554,-0.141461,1
475589,bullet2,11.1041,11.3096,0.8,0,1
475590,flyer1,9.00572,7.45995,-0.299771,0.0117091,2
475591,player,3.46808,11.3158,0.000127601,-0.0137251,1
475592,bullet6,11.7302,11.7944,0.8,0,1
475593,bullet5,3.86816,11.3068,0.8,0,1
475594,flayer7,0.62676,2.16819,-0.264554,-0.141461,1
475594,bullet2,15.1041,11.3096,0.8,0,1
475595,flyer1,7.50686,7.51849,-0.299771,0.0117091,2
475596,player,4.3634,11.6422,0.405846,0.337247,1
475597,bullet6,15.7302,11.7944,0.8,0,1
475598,flyer3,16.5,10.6558,-0.256401,0.155752,2
475598,bullet5,7.86816,11.3068,0.8,0,1
475598,bullet1,5.02821,11.8623,0.8,0,1
475600,flyer1,6.008,7.57704,-0.299771,0.0117091,2
475601,player,4.53745,12.2506,0.193114,0.343723,1
475603,flyer3,15.218,11.4346,-0.256401,0.155752,2
475603,bullet5,11.8682,11.3068,0.8,0,1
475603,bullet1,9.02821,11.8623,0.8,0,1
475603,bullet3,5.06346,12.4748,0.8,0,1
475604,bullet4,5.08106,12.5062,0.8,0,1
475605,flyer1,4.50915,7.63558,-0.299771,0.0117091,2
475606,player,4.69254,12.5266,0.0035635,0.00634266,1
475608,flyer3,13.936,12.2134,-0.256401,0.155752,1
475608,bullet1,13.0282,11.8623,0.8,0,1
475608,bullet3,9.06346,12.4748,0.8,0,1
475609,bullet4,9.08106,12.5062,0.8,0,1
475610,flyer1,3.01029,7.69413,-0.299771,0.0117091,2
475610,bullet2,5.12609,11.9431,0.8,0,1
475611,player,4.70924,11.9294,-0.0168493,-0.0137226,1
475611,bullet6,4.30924,11.9294,-0.8,-6.99382e-08,1
475613,bullet3,13.0635,12.4748,0.8,0,1
475614,bullet4,13.0811,12.5062,0.8,0,1
475615,flyer1,1.51143,7.75268,-0.299771,0.0117091,2
475615,bullet2,9.12609,11.9431,0.8,0,1
475616,player,5.00245,12.8136,0.374778,0.405591,1
475616,bullet6,0.30924,11.9294,-0.8,-6.99382e-08,1
475618,flyer5,16.5,7.16722,-0.3,0,2
475618,bullet5,5.647,13.0782,0.8,0,1
475620,flyer1,0.0125762,7.81122,-0.299771,0.0117091,2
475620,bullet2,13.1261,11.9431,0.8,0,1
475620,bullet1,5.69652,13.1318,0.8,0,1
475621,player,5.30343,13.1393,0.00691571,0.00748429,1
475621,bullet6,5.70343,13.1393,0.8,0,1
475623,flyer5,15,7.16722,-0.3,0,2
475623,bullet5,9.647,13.0782,0.8,0,1
475625,bullet1,9.69652,13.1318,0.8,0,1
475626,player,5.30899,12.8078,0.000127614,-0.337362,1
475626,bullet6,9.70343,13.1393,0.8,0,1
475628,flyer5,13.5,7.16722,-0.3,0,2
475628,bullet5,13.647,13.0782,0.8,0,1
475630,bullet1,13.6965,13.1318,0.8,0,1
475631,player,5.30909,12.5369,2.35484e-06,-0.00622528,1
475631,bullet6,13.7034,13.1393,0.8,0,1
475631,bullet3,5.70909,12.5369,0.8,0,1
475633,flyer5,12,7.16722,-0.3,0,2
475634,flyer2,16.5,10.6558,-0.3,0,2
475634,bullet4,5.21972,12.0429,0.8,0,1
475636,player,5.05812,11.9434,0.306745,-0.0308696,1
475636,bullet3,9.70909,12.5369,0.8,0,1
475638,flyer5,10.5,7.16722,-0.3,0,2
475639,flyer2,15,10.6558,-0.3,0,2
475639,bullet4,9.21972,12.0429,0.8,0,1
475641,player,5.86218,11.9186,0.0740041,-0.00056963,1
475641,bullet3,13.7091,12.5369,0.8,0,1
475641,bullet2,6.26218,11.9186,0.8,0,1
475643,flyer5,9,7.16722,-0.3,0,2
475643,bullet5,6.31047,11.9183,0.8,0,1
475644,flyer2,13.5,10.6558,-0.3,0,2
475644,bullet4,13.2197,12.0429,0.8,0,1
475646,player,6.25911,11.5807,0.338866,-0.337511,1
475646,bullet2,10.2622,11.9186,0.8,0,1
475648,flyer5,7.5,7.16722,-0.3,0,2
475648,bullet5,10.3105,11.9183,0.8,0,1
475649,flyer2,12,10.6558,-0.3,0,2
475651,player,6.53125,11.3404,0.00625302,-0.0438171,1
475651,bullet2,14.2622,11.9186,0.8,0,1
475651,bullet1,6.93125,11.3404,0.8,0,1
475653,flyer5,5.99999,7.16722,-0.3,0,2
475653,bullet5,14.3105,11.9183,0.8,0,1
475654,flyer2,10.5,10.6558,-0.3,0,2
475655,bullet6,6.93615,10.7483,0.8,0,1
475656,player,6.53627,10.7167,0.000115386,-0.0315632,1
475656,bullet3,6.93627,10.7167,0.8,0,1
475658,flyer5,4.49999,7.16722,-0.3,0,2
475659,bullet4,6.93635,10.6932,0.8,0,1
475660,bullet2,6.93636,10.6919,0.8,0,1
475661,player,6.53636,10.6914,2.12919e-06,-0.00058243,1
475662,bullet1,6.93636,10.6911,0.8,0,1
475663,flyer5,2.99999,7.16722,-0.3,0,2
475664,bullet4,10.9364,10.6932,0.8,0,1
475665,bullet2,10.9364,10.6919,0.8,0,1
475665,bullet5,6.93636,10.6909,0.8,0,1
475666,player,6.87386,10.3534,0.3375,-0.337511,1
475667,bullet1,10.9364,10.6911,0.8,0,1
475668,flyer5,1.49999,7.16722,-0.3,0,2
475669,bullet4,14.9364,10.6932,0.8,0,1
475670,bullet2,14.9364,10.6919,0.8,0,1
475670,bullet5,10.9364,10.6909,0.8,0,1
475671,player,7.70262,9.52463,0.0745716,-0.0745718,1
475672,flyer4,16.5,7.16722,-0.297717,-0.0369367,2
475672,bullet1,14.9364,10.6911,0.8,0,1
475672,bullet6,8.13618,9.49107,0.8,0,1
475673,flyer5,-6.4373e-06,7.16722,-0.3,0,2
475673,bullet3,8.15128,9.47597,0.8,0,1
475675,bullet5,14.9364,10.6909,0.8,0,1
475676,player,7.61063,9.95411,0.187001,0.150499,1
475677,flyer4,15.0114,6.98253,-0.297717,-0.0369367,2
475677,flyer6,16.5,7.16722,-0.3,0,2
475677,bullet6,12.1362,9.49107,0.8,0,1
475678,bullet3,12.1513,9.47597,0.8,0,1
475681,player,8.25019,10.6635,0.155326,0.0335318,1
475682,flyer4,13.5228,6.79785,-0.297717,-0.0369367,2
475682,flyer6,15,7.16722,-0.3,0,2
475682,bullet6,16.1362,9.49107,0.8,0,1
475683,flayer8,16.5,6.4906,-0.3,0,2
475683,bullet3,16.1513,9.47597,0.8,0,1
475684,flayer7,16.5,7.16722,-0.269529,-0.131735,2
475686,player,9.79028,12.2187,0.522996,0.382713,1
475687,flyer4,12.0342,6.61316,-0.297717,-0.0369367,2
475687,flyer6,13.5,7.16722,-0.3,0,2
475688,flayer8,15,6.4906,-0.3,0,2
475689,flayer7,15.1524,6.50854,-0.269529,-0.131735,2
475691,player,10.2103,11.9683,0.00965074,-0.0612816,1
475691,bullet4,10.6103,11.9683,0.8,0,1
475692,flyer4,10.5457,6.42848,-0.297717,-0.0369367,2
475692,flyer6,12,7.16722,-0.3,0,2
475693,flayer8,13.5,6.4906,-0.3,0,2
475694,flayer7,13.8047,5.84986,-0.269529,-0.131735,2
475696,player,9.29206,12.1701,-0.368077,-0.307876,1
475696,bullet4,14.6103,11.9683,0.8,0,1
475697,flyer4,9.05707,6.2438,-0.297717,-0.0369367,2
475697,flyer6,10.5,7.16722,-0.3,0,2
475698,flayer8,12,6.4906,-0.3,0,2
475699,flayer7,12.4571,5.19119,-0.269529,-0.131735,2
475700,bullet2,8.91388,11.9285,0.8,0,1
475701,player,8.43875,11.9228,-0.0751358,-0.00568118,1
475702,flyer4,7.56849,6.05911,-0.297717,-0.0369367,2
475702,flyer6,9,7.16722,-0.3,0,2
475703,flayer8,10.5,6.4906,-0.3,0,2
475704,flayer7,11.1094,4.53251,-0.269529,-0.131735,2
475705,bullet2,12.9139,11.9285,0.8,0,1
475706,player,7.88903,11.8053,-0.153261,0.137931,1
475707,flyer4,6.0799,5.87443,-0.297717,-0.0369367,2
475707,flyer6,7.5,7.16722,-0.3,0,2
475707,bullet1,8.22007,11.8674,0.8,0,1
475708,flayer8,9,6.4906,-0.3,0,2
475709,flayer7,9.76177,3.87383,-0.269529,-0.131735,2
475709,bullet5,8.17506,11.9079,0.8,0,1
475710,bullet6,8.16878,11.9135,0.8,0,1
475711,player,7.76595,11.9161,-0.00282811,0.00254521,1
475712,flyer4,4.59131,5.68975,-0.297717,-0.0369367,2
475712,flyer6,5.99999,7.16722,-0.3,0,2
475712,bullet1,12.2201,11.8674,0.8,0,1
475713,flayer8,7.5,6.4906,-0.3,0,2
475714,flayer7,8.41412,3.21516,-0.269529,-0.131735,2
475714,bullet5,12.1751,11.9079,0.8,0,1
475715,bullet6,12.1688,11.9135,0.8,0,1
475716,player,8.3214,11.3296,0.0682916,-0.0307077,1
475716,bullet3,8.7214,11.3296,0.8,0,1
475717,flyer4,3.10272,5.50506,-0.297717,-0.0369367,2
475717,flyer6,4.49999,7.16722,-0.3,0,2
475717,bullet1,16.2201,11.8674,0.8,0,1
475718,flayer8,5.99999,6.4906,-0.3,0,2
475719,flayer7,7.06647,2.55648,-0.269529,-0.131735,2
475719,bullet5,16.1751,11.9079,0.8,0,1
475719,bullet4,8.77218,11.3068,0.8,0,1
475720,bullet6,16.1688,11.9135,0.8,0,1
475721,player,8.03874,11.6425,-0.33624,0.336933,1
475721,bullet3,12.7214,11.3296,0.8,0,1
475722,flyer4,1.61413,5.32038,-0.297717,-0.0369367,2
475722,flyer6,2.99999,7.16722,-0.3,0,2
475723,flayer8,4.49999,6.4906,-0.3,0,2
475724,flayer7,5.71883,1.8978,-0.269529,-0.131735,2
475724,bullet4,12.7722,11.3068,0.8,0,1
475724,bullet2,8.67808,11.4037,0.8,0,1
475726,player,8.69468,10.9871,0.36205,-0.362037,1
475727,flyer4,0.125547,5.13569,-0.297717,-0.0369367,2
475727,flyer6,1.49999,7.16722,-0.3,0,2
475728,flayer8,2.99999,6.4906,-0.3,0,2
475729,flayer7,4.37119,1.23913,-0.269529,-0.131735,2
475729,bullet2,12.6781,11.4037,0.8,0,1
475730,bullet1,9.47786,10.2137,0.8,0,1
475731,player,9.03003,10.1386,-0.0478233,-0.0750244,1
475732,flyer6,-6.4373e-06,7.16722,-0.3,0,2
475733,flayer8,1.49999,6.4906,-0.3,0,2
475733,bullet5,9.39883,10.0897,0.8,0,1
475734,flayer7,3.02354,0.58045,-0.269529,-0.131735,2
475734,bullet6,9.39447,10.0828,0.8,0,1
475735,bullet1,13.4779,10.2137,0.8,0,1
475736,player,8.65413,10.0784,-0.338382,-0.00138441,1
475738,flayer8,-6.4373e-06,6.4906,-0.3,0,2
475738,bullet5,13.3988,10.0897,0.8,0,1
475739,flayer7,1.6759,-0.0782266,-0.269529,-0.131735,2
475739,bullet6,13.3945,10.0828,0.8,0,1
475739,bullet3,8.8025,9.51964,0.8,0,1
475741,player,8.38238,9.47496,-0.00624411,-0.0138652,1
475741,bullet4,8.78238,9.47496,0.8,0,1
475743,flyer3,16.5,6.4906,-0.3,0,2
475743,bullet2,7.97831,9.46591,-0.8,-6.99382e-08,1
475744,bullet3,12.8025,9.51964,0.8,0,1
475746,player,8.59758,9.2436,-0.269271,0.2689,1
475746,bullet4,12.7824,9.47496,0.8,0,1
475747,bullet1,8.87641,9.36461,0.8,0,1
475748,flyer3,15,6.4906,-0.3,0,2
475748,bullet2,3.97831,9.46591,-0.8,-6.99382e-08,1
475751,player,8.87071,8.97018,0.146906,-0.146913,1
475751,flyer1,16.5,7.75856,-0.3,0,2
475751,bullet5,9.27071,8.97018,0.8,0,1
475752,bullet1,12.8764,9.36461,0.8,0,1
475753,flyer3,13.5,6.4906,-0.3,0,2
475753,bullet2,-0.0216924,9.46591,-0.8,-6.99382e-08,1
475753,bullet6,9.36657,8.87432,0.8,0,1
475756,player,9.54641,9.40991,0.0710546,0.0656328,1
475756,flyer1,15,7.75856,-0.3,0,2
475756,bullet5,13.2707,8.97018,0.8,0,1
475758,flyer3,12,6.4906,-0.3,0,2
475758,bullet6,13.3666,8.87432,0.8,0,1
475758,bullet3,9.99277,9.45273,0.8,0,1
475760,bullet4,10.0022,9.46141,0.8,0,1
475761,player,9.60347,9.46262,0.00131116,0.00121111,1
475761,flyer1,13.5,7.75856,-0.3,0,2
475761,bullet2,10.0035,9.46262,0.8,0,1
475763,flyer3,10.5,6.4906,-0.3,0,2
475763,bullet3,13.9928,9.45273,0.8,0,1
475763,bullet1,10.0043,9.46341,0.8,0,1
475765,bullet4,14.0022,9.46141,0.8,0,1
475766,player,9.60453,9.46359,2.41945e-05,2.23484e-05,1
475766,flyer1,12,7.75856,-0.3,0,2
475766,bullet2,14.0035,9.46262,0.8,0,1
475768,flyer3,9,6.4906,-0.3,0,2
475768,bullet1,14.0043,9.46341,0.8,0,1
475769,flyer2,16.5,12.8171,-0.292716,0.0657048,2
475771,player,9.11517,9.36451,-0.151875,0.121121,1
475771,flyer1,10.5,7.75856,-0.3,0,2
475771,flyer5,16.5,2.79107,-0.250811,0.164602,2
475771,bullet5,9.51517,9.36451,0.8,0,1
475773,flyer3,7.5,6.4906,-0.3,0,2
475774,flyer2,15.0364,13.1456,-0.292716,0.0657048,2
475774,bullet6,8.91286,9.94395,0.8,0,1
475776,player,8.06723,10.3878,-0.371057,0.37049,1
475776,flyer1,9,7.75856,-0.3,0,2
475776,flyer5,15.2459,3.61408,-0.250811,0.164602,2
475776,bullet5,13.5152,9.36451,0.8,0,1
475778,flyer3,5.99999,6.4906,-0.3,0,2
475779,flyer2,13.5728,13.4741,-0.292716,0.0657048,2
475779,bullet6,12.9129,9.94395,0.8,0,1
475781,player,8.35771,10.5862,0.0239076,0.127957,1
475781,flyer1,7.5,7.75856,-0.3,0,2
475781,flyer5,13.9919,4.43709,-0.250811,0.164602,2
475781,bullet3,8.75771,10.5862,0.8,0,1
475783,flyer3,4.49999,6.4906,-0.3,0,2
475783,bullet4,8.77331,10.6697,0.8,0,1
475784,flyer2,12.1093,13.8026,-0.292716,0.0657048,2
475786,player,7.88754,10.6889,-0.151434,0.00236116,1
475786,flyer1,5.99999,7.75856,-0.3,0,2
475786,flyer5,12.7378,5.2601,-0.250811,0.164602,2
475786,bullet3,12.7577,10.5862,0.8,0,1
475787,bullet2,8.21939,10.69,0.8,0,1
475788,flyer3,2.99999,6.4906,-0.3,0,2
475788,bullet4,12.7733,10.6697,0.8,0,1
475788,bullet1,8.18873,10.6905,0.8,0,1
475789,flyer2,10.6457,14.1312,-0.292716,0.0657048,2
475791,player,6.93905,11.1802,-0.492169,0.151919,1
475791,flyer1,4.49999,7.75856,-0.3,0,2
475791,flyer5,11.4838,6.08312,-0.250811,0.164602,2
475792,bullet2,12.2194,10.69,0.8,0,1
475793,flyer3,1.49999,6.4906,-0.3,0,2
475793,bullet1,12.1887,10.6905,0.8,0,1
475794,flyer2,9.1821,14.4597,-0.292716,0.0657048,2
475794,bullet5,6.97306,11.2932,0.8,0,1
475795,bullet6,6.95288,11.2994,0.8,0,1
475796,player,6.54379,11.3022,-0.00908191,0.00280333,1
475796,flyer1,2.99999,7.75856,-0.3,0,2
475796,flyer5,10.2297,6.90613,-0.250811,0.164602,2
475797,bullet2,16.2194,10.69,0.8,0,1
475798,flyer3,-6.4373e-06,6.4906,-0.3,0,2
475798,bullet1,16.1887,10.6905,0.8,0,1
475798,bullet3,6.93787,11.3041,0.8,0,1
475799,flyer2,7.71852,14.7882,-0.292716,0.0657048,2
475799,bullet5,10.9731,11.2932,0.8,0,1
475800,bullet6,10.9529,11.2994,0.8,0,1
475801,player,7.09422,11.8622,0.0681762,0.0683955,1
475801,flyer1,1.49999,7.75856,-0.3,0,2
475801,flyer5,8.97568,7.72914,-0.250811,0.164602,2
475802,bullet4,7.5249,11.893,0.8,0,1
475803,bullet3,10.9379,11.3041,0.8,0,1
475804,flyer2,6.25494,15.1167,-0.292716,0.0657048,2
475804,bullet5,14.9731,11.2932,0.8,0,1
475805,bullet6,14.9529,11.2994,0.8,0,1
475806,player,7.14897,11.9171,0.00125804,0.00126209,1
475806,flyer1,-6.4373e-06,7.75856,-0.3,0,2
475806,flyer5,7.72163,8.55215,-0.250811,0.164602,2
475806,bullet2,7.54897,11.9171,0.8,0,1
475807,bullet4,11.5249,11.893,0.8,0,1
475808,bullet3,14.9379,11.3041,0.8,0,1
475808,bullet1,6.74979,11.9179,-0.8,-6.99382e-08,1
475809,flyer2,4.79135,15.4452,-0.292716,0.0657048,2
475811,player,7.7077,11.3604,0.068367,-0.0683205,1
475811,flyer5,6.46758,9.37516,-0.250811,0.164602,2
475811,bullet2,11.549,11.9171,0.8,0,1
475811,bullet5,8.1077,11.3604,0.8,0,1
475812,bullet4,15.5249,11.893,0.8,0,1
475813,bullet1,2.74979,11.9179,-0.8,-6.99382e-08,1
475814,flyer2,3.32777,15.7738,-0.292716,0.0657048,2
475816,player,7.17413,11.7949,-0.0294931,0.150614,1
475816,flyer5,5.21352,10.1982,-0.250811,0.164602,2
475816,bullet2,15.549,11.9171,0.8,0,1
475816,bullet5,12.1077,11.3604,0.8,0,1
475818,flyer4,16.5,10.6401,-0.281634,-0.103355,2
475818,bullet6,7.55489,11.8932,0.8,0,1
475819,flyer2,1.86419,16.1023,-0.292716,0.0657048,2
475821,player,7.70816,11.9159,0.0677995,0.00277926,1
475821,flyer5,3.95947,11.0212,-0.250811,0.164602,2
475821,bullet5,16.1077,11.3604,0.8,0,1
475821,bullet3,8.10816,11.9159,0.8,0,1
475823,flyer4,15.0918,10.1234,-0.281634,-0.103355,2
475823,bullet6,11.5549,11.8932,0.8,0,1
475823,bullet4,8.1524,11.9177,0.8,0,1
475824,flyer2,0.400606,16.4308,-0.292716,0.0657048,2
475825,bullet1,8.16136,11.9181,0.8,0,1
475826,player,7.76261,11.9181,0.00125109,5.12851e-05,1
475826,flyer5,2.70541,11.8442,-0.250811,0.164602,2
475826,bullet3,12.1082,11.9159,0.8,0,1
475828,flyer4,13.6837,9.60658,-0.281634,-0.103355,2
475828,bullet6,15.5549,11.8932,0.8,0,1
475828,bullet4,12.1524,11.9177,0.8,0,1
475830,bullet1,12.1614,11.9181,0.8,0,1
475831,player,7.76362,11.9182,2.30862e-05,9.46355e-07,1
475831,flyer5,1.45136,12.6672,-0.250811,0.164602,2
475831,bullet3,16.1082,11.9159,0.8,0,1
475833,flyer4,12.2755,9.08981,-0.281634,-0.103355,2
475833,bullet4,16.1524,11.9177,0.8,0,1
475834,flyer6,16.5,10.6401,-0.3,0,2
475835,bullet1,16.1614,11.9181,0.8,0,1
475835,bullet2,7.01744,11.9489,0.8,0,1
475836,player,6.57285,11.932,-0.0445939,-0.0169151,1
475836,flyer5,0.197306,13.4902,-0.250811,0.164602,2
475836,bullet5,6.97285,11.932,0.8,0,1
475838,flyer4,10.8673,8.57303,-0.281634,-0.103355,2
475839,flyer6,15,10.6401,-0.3,0,2
475840,bullet2,11.0174,11.9489,0.8,0,1
475840,bullet6,6.44848,11.9187,0.8,0,1
475841,player,5.97932,11.9184,-0.0691666,-0.00031213,1
475841,bullet5,10.9728,11.932,0.8,0,1
475842,bullet3,5.54819,11.9183,-0.8,-6.99382e-08,1
475843,flyer4,9.45914,8.05625,-0.281634,-0.103355,2
475844,flyer6,13.5,10.6401,-0.3,0,2
475845,bullet2,15.0174,11.9489,0.8,0,1
475845,bullet6,10.4485,11.9187,0.8,0,1
475846,player,6.51225,11.9182,0.0294784,-5.75968e-06,1
475846,bullet5,14.9728,11.932,0.8,0,1
475847,bullet3,1.54819,11.9183,-0.8,-6.99382e-08,1
475848,flyer4,8.05097,7.53948,-0.281634,-0.103355,2
475849,flyer6,12,10.6401,-0.3,0,2
475850,flayer8,16.5,10.6401,-0.3,0,2
475850,bullet6,14.4485,11.9187,0.8,0,1
475851,player,7.62761,10.2688,0.166259,-0.234058,1
475853,flyer4,6.6428,7.0227,-0.281634,-0.103355,2
475853,flayer7,16.5,10.6401,-0.286657,0.0884751,2
475854,flyer6,10.5,10.6401,-0.3,0,2
475855,flayer8,15,10.6401,-0.3,0,2
475856,player,9.24482,10.0808,0.439666,-0.00431904,1
