468337,player,5.2412,5.91198,0,0,1
468337,bullet1,5.6412,5.91198,0.8,0,1
468339,bullet2,6.13058,5.91198,0.8,0,1
468342,player,5.2858,5.42261,-0.0545041,-0.151875,1
468342,bullet1,9.6412,5.91198,0.8,0,1
468344,bullet2,10.1306,5.91198,0.8,0,1
468347,player,4.75265,4.74292,-0.152881,-0.0711463,1
468347,bullet1,13.6412,5.91198,0.8,0,1
468348,bullet3,5.08385,4.7109,0.8,0,1
468349,bullet2,14.1306,5.91198,0.8,0,1
468351,bullet4,5.03269,4.12938,0.8,0,1
468352,player,4.29237,3.75981,-0.340321,-0.369568,1
468353,bullet3,9.08385,4.7109,0.8,0,1
468354,flyer1,16.5,7.60904,-0.290298,-0.0756784,2
468355,bullet5,4.4393,3.48499,0.8,0,1
468356,bullet4,9.0327,4.12938,0.8,0,1
468357,player,3.52969,2.97364,-0.158155,-0.158695,1
468358,bullet3,13.0839,4.7109,0.8,0,1
468359,flyer1,15.0485,7.23065,-0.290298,-0.0756784,2
468360,bullet5,8.4393,3.48499,0.8,0,1
468361,bullet4,13.0327,4.12938,0.8,0,1
468362,player,3.38884,2.4096,0.0139967,-0.219308,1
468364,flyer1,13.597,6.85226,-0.290298,-0.0756784,2
468365,bullet5,12.4393,3.48499,0.8,0,1
468366,bullet6,4.35754,1.6798,0.8,0,1
468367,player,3.98856,1.645,0.031013,-0.0348015,1
468369,flyer1,12.1455,6.47387,-0.290298,-0.0756784,2
468371,bullet6,8.35754,1.6798,0.8,0,1
468371,bullet1,3.92352,1.02922,0.8,0,1
468372,player,3.45574,1.01474,-0.0677715,-0.0144818,1
468374,flyer1,10.694,6.09548,-0.290298,-0.0756784,2
468376,bullet6,12.3575,1.6798,0.8,0,1
468376,bullet1,7.92352,1.02922,0.8,0,1
468377,player,2.47534,0.66561,-0.369505,-0.337767,1
468379,flyer1,9.24256,5.71708,-0.290298,-0.0756784,2
468381,flyer2,16.5,3.18556,-0.3,0,2
468381,bullet6,16.3575,1.6798,0.8,0,1
468381,bullet1,11.9235,1.02922,0.8,0,1
468382,player,1.08691,1.44709,-0.172533,0.220219,1
468384,flyer1,7.79107,5.33869,-0.290298,-0.0756784,2
468386,flyer2,15,3.18556,-0.3,0,2
468386,bullet1,15.9235,1.02922,0.8,0,1
468387,player,0.4,3.30411,0,0.200533,1
468389,flyer1,6.33958,4.9603,-0.290298,-0.0756784,2
468390,bullet2,1.35772,3.45323,0.8,0,1
468391,flyer2,13.5,3.18556,-0.3,0,2
468392,player,0.512938,3.46515,-0.138035,0.0037004,1
468393,bullet3,0.850822,3.46682,0.8,0,1
468394,flyer1,4.88809,4.58191,-0.290298,-0.0756784,2
468395,bullet2,5.35772,3.45323,0.8,0,1
468395,bullet4,0.810292,3.46791,0.8,0,1
468396,flyer2,12,3.18556,-0.3,0,2
468397,player,0.739584,3.13063,0.334953,-0.337432,1
468398,bullet5,1.29031,2.97878,0.8,0,1
468400,bullet2,9.35772,3.45323,0.8,0,1
468400,bullet6,1.38866,2.8797,0.8,0,1
468401,flyer2,10.5,3.18556,-0.3,0,1
468401,bullet1,1.4024,2.86587,0.8,0,1
468402,player,1.00858,2.85964,0.00618082,-0.00622656,1
468403,bullet5,5.29031,2.97878,0.8,0,1
468405,bullet6,5.38866,2.8797,0.8,0,1
468406,flyer2,9,3.18556,-0.3,0,1
468406,bullet1,5.4024,2.86587,0.8,0,1
468407,player,1.23376,4.35217,-0.269042,0.419568,1
468410,bullet6,9.38866,2.8797,0.8,0,1
468411,bullet1,9.4024,2.86587,0.8,0,1
468412,player,0.819173,6.33853,0.130088,0.241801,1
468412,flyer3,16.5,11.6756,-0.3,0,2
468413,flyer4,16.5,11.6756,-0.272487,-0.125502,2
468415,bullet6,13.3887,2.8797,0.8,0,1
468416,bullet1,13.4024,2.86587,0.8,0,1
468417,player,0.4,6.56347,0,-0.0331272,1
468417,flyer3,15,11.6756,-0.3,0,2
468417,bullet3,0.8,6.56347,0.8,0,1
468418,flyer4,15.1376,11.0481,-0.272487,-0.125502,2
468420,flyer5,16.5,11.6756,-0.25348,-0.160461,2
468421,bullet4,1.07785,7.02685,-0.8,-6.99382e-08,1
468422,player,1.56003,7.09458,0.0821834,0.0677325,1
468422,flyer3,13.5,11.6756,-0.3,0,2
468422,bullet3,4.8,6.56347,0.8,0,1
468423,flyer4,13.7751,10.4206,-0.272487,-0.125502,2
468423,bullet2,1.99701,7.12506,0.8,0,1
468425,flyer5,15.2326,10.8733,-0.25348,-0.160461,2
468425,bullet5,2.02115,7.14495,0.8,0,1
468427,player,1.62603,7.14897,0.00151651,0.00124985,1
468427,flyer3,12,11.6756,-0.3,0,2
468427,bullet3,8.8,6.56347,0.8,0,1
468427,bullet6,2.02603,7.14897,0.8,0,1
468428,flyer4,12.4127,9.79308,-0.272487,-0.125502,2
468428,bullet2,5.99701,7.12506,0.8,0,1
468430,flyer5,13.9652,10.071,-0.25348,-0.160461,2
468430,bullet5,6.02115,7.14495,0.8,0,1
468432,player,1.13787,6.66061,-0.151847,-0.151852,1
468432,flyer3,10.5,11.6756,-0.3,0,2
468432,bullet3,12.8,6.56347,0.8,0,1
468432,bullet6,6.02603,7.14897,0.8,0,1
468433,flyer4,11.0502,9.16557,-0.272487,-0.125502,2
468433,bullet2,9.99701,7.12506,0.8,0,1
468435,flyer5,12.6978,9.26868,-0.25348,-0.160461,2
468435,bullet5,10.0211,7.14495,0.8,0,1
468437,player,0.678429,6.20116,-0.340302,-0.340302,1
468437,flyer3,9,11.6756,-0.3,0,2
468437,bullet6,10.026,7.14897,0.8,0,1
468438,flyer4,9.68781,8.53806,-0.272487,-0.125502,2
468438,bullet2,13.997,7.12506,0.8,0,1
468438,bullet1,0.925293,6.04802,0.8,0,1
468440,flyer5,11.4304,8.46638,-0.25348,-0.160461,2
468440,bullet5,14.0211,7.14495,0.8,0,1
468442,player,0.4,6.26537,-0,0.33122,1
468442,flyer3,7.5,11.6756,-0.3,0,2
468442,bullet6,14.026,7.14897,0.8,0,1
468443,flyer4,8.32537,7.91056,-0.272487,-0.125502,2
468443,bullet1,4.92529,6.04802,0.8,0,1
468445,flyer5,10.163,7.66407,-0.25348,-0.160461,2
468447,player,0.4,6.31115,-0,0.275268,1
468447,flyer3,5.99999,11.6756,-0.3,0,2
468448,flyer4,6.96293,7.28305,-0.272487,-0.125502,2
468448,bullet1,8.92529,6.04802,0.8,0,1
468448,bullet4,0.8,6.43502,0.8,0,1
468450,flyer5,8.8956,6.86177,-0.25348,-0.160461,2
468452,player,0.4,6.60055,0,-0.0784518,1
468452,flyer3,4.49999,11.6756,-0.3,0,2
468453,flyer4,5.6005,6.65554,-0.272487,-0.125502,1
468453,bullet1,12.9253,6.04802,0.8,0,1
468455,flyer5,7.6282,6.05946,-0.25348,-0.160461,2
468457,player,0.4,6.53755,0,-0.00144766,1
468457,flyer3,2.99999,11.6756,-0.3,0,2
468457,bullet3,0.8,6.53755,0.8,0,1
468458,flyer4,4.23806,6.02803,-0.272487,-0.125502,1
468460,flyer5,6.3608,5.25716,-0.25348,-0.160461,2
468460,bullet2,1.35772,5.97876,0.8,0,1
468462,player,1.00231,5.93408,0.0138396,-0.0138663,1
468462,flyer3,1.49999,11.6756,-0.3,0,2
468462,bullet5,1.40231,5.93408,0.8,0,1
468464,bullet6,1.41134,5.92503,0.8,0,1
468465,flyer5,5.0934,4.45485,-0.25348,-0.160461,2
468465,bullet2,5.35772,5.97876,0.8,0,1
468467,player,0.455709,5.58544,-0.0680884,-0.337756,1
468467,flyer3,-6.4373e-06,11.6756,-0.3,0,2
468467,bullet5,5.40231,5.93408,0.8,0,1
468468,bullet4,0.825069,5.43345,0.8,0,1
468469,bullet6,5.41134,5.92503,0.8,0,1
468470,flyer5,3.82599,3.65255,-0.25348,-0.160461,2
468470,bullet2,9.35772,5.97876,0.8,0,1
468472,player,0.401028,5.3142,-0.00125642,-0.00623255,1
468472,bullet5,9.40231,5.93408,0.8,0,1
468473,bullet4,4.82507,5.43345,0.8,0,1
468474,bullet6,9.41134,5.92503,0.8,0,1
468475,flyer5,2.55859,2.85024,-0.25348,-0.160461,2
468475,bullet2,13.3577,5.97876,0.8,0,1
468477,player,0.620238,6.20441,-0.269179,0.405729,1
468477,bullet5,13.4023,5.93408,0.8,0,1
468478,bullet4,8.82507,5.43345,0.8,0,1
468479,bullet6,13.4113,5.92503,0.8,0,1
468480,flyer5,1.29119,2.04793,-0.25348,-0.160461,2
468480,bullet1,0.820069,6.50612,0.8,0,1
468482,player,0.404064,6.53024,-0.00496712,0.00748684,1
468482,bullet3,0.804064,6.53024,0.8,0,1
468483,bullet4,12.8251,5.43345,0.8,0,1
468485,flyer5,0.0237901,1.24563,-0.25348,-0.160461,2
468485,bullet1,4.82007,6.50612,0.8,0,1
468485,bullet2,0.8,7.02518,0.8,0,1
468487,player,0.4,6.78723,0,-0.306607,1
468487,bullet3,4.80406,6.53024,0.8,0,1
468488,bullet4,16.8251,5.43345,0.8,0,1
468489,flyer6,16.5,11.6756,-0.3,0,2
468490,bullet1,8.82007,6.50612,0.8,0,1
468490,bullet2,4.8,7.02518,0.8,0,1
468490,bullet5,1.35772,7.11695,0.8,0,1
468492,player,1.00231,7.14331,0.0138396,0.00818185,1
468492,bullet3,8.80406,6.53024,0.8,0,1
468494,flyer6,15,11.6756,-0.3,0,2
468495,bullet1,12.8201,6.50612,0.8,0,1
468495,bullet2,8.8,7.02518,0.8,0,1
468495,bullet5,5.35772,7.11695,0.8,0,1
468497,player,1.01343,6.56141,0.00025538,-0.0306037,1
468497,bullet3,12.8041,6.53024,0.8,0,1
468499,flyer6,13.5,11.6756,-0.3,0,2
468500,bullet2,12.8,7.02518,0.8,0,1
468500,bullet5,9.35772,7.11695,0.8,0,1
468500,bullet6,1.41362,6.53865,0.8,0,1
468502,player,0.524258,7.02621,-0.15187,0.15131,1
468504,flyer6,12,11.6756,-0.3,0,2
468505,flayer7,16.5,11.6756,-0.3,0,2
468505,bullet5,13.3577,7.11695,0.8,0,1
468505,bullet6,5.41362,6.53865,0.8,0,1
468507,player,0.4,7.19232,0,-0.051712,1
468507,bullet4,0.8,7.19232,0.8,0,1
468509,flyer6,10.5,11.6756,-0.3,0,2
468510,flayer7,15,11.6756,-0.3,0,2
468510,bullet6,9.41362,6.53865,0.8,0,1
468512,player,0.4,7.15079,0,-0.000954233,1
468512,bullet4,4.8,7.19232,0.8,0,1
468514,flyer6,9,11.6756,-0.3,0,2
468515,flayer7,13.5,11.6756,-0.3,0,2
468515,bullet6,13.4136,6.53865,0.8,0,1
468515,bullet1,0.8,6.59236,0.8,0,1
468517,player,0.4,6.54771,0,-0.0138572,1
468517,bullet4,8.8,7.19232,0.8,0,1
468517,bullet3,0.8,6.54771,0.8,0,1
468519,flyer6,7.5,11.6756,-0.3,0,2
468520,flayer7,12,11.6756,-0.3,0,2
468520,bullet1,4.8,6.59236,0.8,0,1
468520,bullet2,1.28938,6.53741,0.8,0,1
468522,player,0.650973,6.53658,-0.306745,-0.000255705,1
468522,bullet4,12.8,7.19232,0.8,0,1
468522,bullet3,4.8,6.54771,0.8,0,1
468524,flyer6,5.99999,11.6756,-0.3,0,2
468525,flayer7,10.5,11.6756,-0.3,0,2
468525,bullet1,8.8,6.59236,0.8,0,1
468525,bullet2,5.28938,6.53741,0.8,0,1
468527,player,0.894006,6.53638,0.146215,-4.71847e-06,1
468527,bullet3,8.8,6.54771,0.8,0,1
468527,bullet5,1.29401,6.53638,0.8,0,1
468529,flyer6,4.49999,11.6756,-0.3,0,2
468530,flayer7,9,11.6756,-0.3,0,2
468530,bullet1,12.8,6.59236,0.8,0,1
468530,bullet2,9.28938,6.53741,0.8,0,1
468532,player,1.01143,5.9479,0.00269807,-0.0307548,1
468532,bullet3,12.8,6.54771,0.8,0,1
468532,bullet5,5.29401,6.53638,0.8,0,1
468534,flyer6,2.99999,11.6756,-0.3,0,2
468535,flayer7,7.5,11.6756,-0.3,0,2
468535,bullet2,13.2894,6.53741,0.8,0,1
468537,player,0.524221,5.41999,-0.151825,-0.135527,1
468537,bullet5,9.29401,6.53638,0.8,0,1
468537,bullet6,0.924221,5.41999,0.8,0,1
468539,flyer6,1.49999,11.6756,-0.3,0,2
468540,flayer7,5.99999,11.6756,-0.3,0,2
468542,player,0.889375,4.82178,0.151875,-0.154376,1
468542,bullet5,13.294,6.53638,0.8,0,1
468542,bullet6,4.92422,5.41999,0.8,0,1
468544,flyer6,-6.4373e-06,11.6756,-0.3,0,2
468545,flayer7,4.49999,11.6756,-0.3,0,2
468546,flayer8,16.5,12.9875,-0.3,0,2
468547,player,0.4,5.88859,0,0.0417456,1
468547,flyer1,16.5,6.50668,-0.3,0,2
468547,bullet6,8.92422,5.41999,0.8,0,1
468547,bullet4,0.8,5.88859,0.8,0,1
468550,flayer7,2.99999,11.6756,-0.3,0,2
468551,flayer8,15,12.9875,-0.3,0,2
468552,player,0.4,5.92211,0,0.000770324,1
468552,flyer1,15,6.50668,-0.3,0,2
468552,bullet6,12.9242,5.41999,0.8,0,1
468552,bullet4,4.8,5.88859,0.8,0,1
468555,flayer7,1.49999,11.6756,-0.3,0,2
468556,flayer8,13.5,12.9875,-0.3,0,2
468556,bullet1,1.38847,4.77652,0.8,0,1
468557,player,1.00231,4.73194,0.0138396,-0.0445801,1
468557,flyer1,13.5,6.50668,-0.3,0,2
468557,bullet4,8.8,5.88859,0.8,0,1
468557,bullet3,1.40231,4.73194,0.8,0,1
468560,flayer7,-6.4373e-06,11.6756,-0.3,0,2
468560,bullet2,1.4126,4.69879,0.8,0,1
468561,flayer8,12,12.9875,-0.3,0,2
468561,bullet1,5.38847,4.77652,0.8,0,1
468561,bullet5,1.41317,4.69696,0.8,0,1
468562,player,1.01343,4.69614,0.00025538,-0.000822628,1
468562,flyer1,12,6.50668,-0.3,0,1
468562,bullet3,5.40231,4.73194,0.8,0,1
468565,bullet2,5.4126,4.69879,0.8,0,1
468566,flayer8,10.5,12.9875,-0.3,0,2
468566,bullet1,9.38847,4.77652,0.8,0,1
468566,bullet5,5.41317,4.69696,0.8,0,1
468567,player,1.35113,3.76951,0.337505,-0.36827,1
468567,flyer1,10.5,6.50668,-0.3,0,1
468567,bullet3,9.40231,4.73194,0.8,0,1
468570,bullet2,9.41261,4.69879,0.8,0,1
468571,flayer8,9,12.9875,-0.3,0,2
468571,bullet1,13.3885,4.77652,0.8,0,1
468571,bullet5,9.41317,4.69696,0.8,0,1
468572,player,2.5174,3.13625,0.412072,-0.344296,1
468572,flyer1,9,6.50668,-0.3,0,1
468572,bullet3,13.4023,4.73194,0.8,0,1
468575,bullet2,13.4126,4.69879,0.8,0,1
468576,flayer8,7.5,12.9875,-0.3,0,2
468576,bullet5,13.4132,4.69696,0.8,0,1
468577,player,2.35895,3.34913,-0.144271,0.145522,1
468577,flyer1,7.5,6.50668,-0.3,0,1
468577,bullet6,2.75895,3.34913,0.8,0,1
468580,flyer2,16.5,13.6977,-0.3,0,2
468580,bullet4,2.16229,3.45735,0.8,0,1
468581,flayer8,5.99999,12.9875,-0.3,0,2
468582,player,1.65461,3.466,-0.0334169,0.00268529,1
468582,flyer1,5.99999,6.50668,-0.3,0,1
468582,bullet6,6.75895,3.34913,0.8,0,1
468585,flyer2,15,13.6977,-0.3,0,2
468585,bullet4,6.16229,3.45735,0.8,0,1
468586,flayer8,4.49999,12.9875,-0.3,0,2
468586,bullet1,2.02839,3.4681,0.8,0,1
468587,player,1.29028,3.80565,-0.338117,0.33755,1
468587,flyer1,4.49999,6.50668,-0.3,0,1
468587,bullet6,10.759,3.34913,0.8,0,1
468589,bullet3,1.46966,4.02591,0.8,0,1
468590,flyer2,13.5,13.6977,-0.3,0,2
468590,bullet4,10.1623,3.45735,0.8,0,1
468591,flayer8,2.99999,12.9875,-0.3,0,2
468591,bullet1,6.02839,3.4681,0.8,0,1
468592,player,1.35624,4.07674,0.331261,0.00622874,1
468592,flyer1,2.99999,6.50668,-0.3,0,1
468592,bullet6,14.759,3.34913,0.8,0,1
468594,bullet3,5.46966,4.02591,0.8,0,1
468595,flyer2,12,13.6977,-0.3,0,2
468595,bullet4,14.1623,3.45735,0.8,0,1
468596,flayer8,1.49999,12.9875,-0.3,0,2
468596,bullet1,10.0284,3.4681,0.8,0,1
468597,player,0.544423,3.00389,-0.176517,-0.182515,1
468597,flyer1,1.49999,6.50668,-0.3,0,1
468597,bullet2,0.944423,3.00389,0.8,0,1
468599,bullet3,9.46966,4.02591,0.8,0,1
468600,flyer2,10.5,13.6977,-0.3,0,2
468601,flayer8,-6.4373e-06,12.9875,-0.3,0,2
468601,bullet1,14.0284,3.4681,0.8,0,1
468602,player,0.889375,2.75822,0.151875,0.117752,1
468602,flyer1,-6.4373e-06,6.50668,-0.3,0,1
468602,bullet2,4.94442,3.00389,0.8,0,1
468604,bullet3,13.4697,4.02591,0.8,0,1
468605,flyer2,9,13.6977,-0.3,0,2
468605,flyer4,16.5,13.6977,-0.299654,-0.0144027,2
468606,bullet5,2.55473,3.40833,0.8,0,1
468607,player,2.20213,3.44126,0.0473968,0.0329276,1
468607,bullet2,8.94442,3.00389,0.8,0,1
468610,flyer2,7.5,13.6977,-0.3,0,2
468610,flyer4,15.0017,13.6256,-0.299654,-0.0144027,2
468611,bullet5,6.55473,3.40833,0.8,0,1
468611,bullet6,1.56147,4.05557,0.8,0,1
468612,player,1.08016,4.07001,-0.0813088,0.0144472,1
468612,bullet2,12.9444,3.00389,0.8,0,1
468613,bullet4,1.44357,4.07652,0.8,0,1
468615,flyer2,5.99999,13.6977,-0.3,0,2
468615,flyer4,13.5035,13.5536,-0.299654,-0.0144027,2
468616,bullet5,10.5547,3.40833,0.8,0,1
468616,bullet6,5.56147,4.05557,0.8,0,1
468617,player,1.35236,3.74412,0.336,-0.337233,1
468618,bullet4,5.44357,4.07652,0.8,0,1
468620,flyer2,4.49999,13.6977,-0.3,0,2
468620,flyer4,12.0052,13.4816,-0.299654,-0.0144027,2
468620,bullet1,2.55994,2.93562,0.8,0,1
468621,bullet5,14.5547,3.40833,0.8,0,1
468621,bullet6,9.56147,4.05557,0.8,0,1
468622,player,2.22451,2.87098,0.0200397,-0.0200625,1
468623,bullet4,9.44357,4.07652,0.8,0,1
468625,flyer2,2.99999,13.6977,-0.3,0,2
468625,flyer4,10.5069,13.4096,-0.299654,-0.0144027,2
468625,bullet1,6.55994,2.93562,0.8,0,1
468626,bullet6,13.5615,4.05557,0.8,0,1
468627,player,1.68289,4.00106,-0.067974,0.0987282,1
468627,bullet3,2.08289,4.00106,0.8,0,1
468628,bullet4,13.4436,4.07652,0.8,0,1
468630,flyer2,1.49999,13.6977,-0.3,0,2
468630,flyer4,9.00865,13.3376,-0.299654,-0.0144027,2
468630,bullet1,10.5599,2.93562,0.8,0,1
468631,bullet2,2.02955,4.07852,0.8,0,1
468632,player,1.6283,3.74285,-0.00125431,-0.335678,1
468632,bullet3,6.08289,4.00106,0.8,0,1
468635,flyer2,-6.4373e-06,13.6977,-0.3,0,2
468635,flyer4,7.51038,13.2656,-0.299654,-0.0144027,2
468635,bullet1,14.5599,2.93562,0.8,0,1
468636,bullet2,6.02955,4.07852,0.8,0,1
468637,player,0.4,3.2223,-0.109155,0.300551,1
468637,bullet3,10.0829,4.00106,0.8,0,1
468638,flyer3,16.5,13.6977,-0.293428,-0.0624494,2
468639,bullet5,0.8,3.41841,0.8,0,1
468640,flyer4,6.01211,13.1936,-0.299654,-0.0144027,2
468641,bullet2,10.0296,4.07852,0.8,0,1
468642,player,0.4,4.29054,-0,0.494921,1
468642,bullet3,14.0829,4.00106,0.8,0,1
468643,flyer3,15.0329,13.3854,-0.293428,-0.0624494,2
468644,bullet5,4.8,3.41841,0.8,0,1
468645,flyer4,4.51384,13.1216,-0.299654,-0.0144027,2
468646,bullet2,14.0296,4.07852,0.8,0,1
468647,player,0.957719,5.24572,0.0683438,0.0774764,1
468647,bullet6,1.35772,5.24572,0.8,0,1
468648,flyer3,13.5657,13.0732,-0.293428,-0.0624494,2
468649,bullet5,8.8,3.41841,0.8,0,1
468650,flyer4,3.01557,13.0495,-0.299654,-0.0144027,2
468652,player,1.27742,5.60085,-0.322399,0.393434,1
468652,bullet6,5.35772,5.24572,0.8,0,1
468653,flyer3,12.0986,12.7609,-0.293428,-0.0624494,2
468654,bullet5,12.8,3.41841,0.8,0,1
468654,bullet4,1.46705,5.85756,0.8,0,1
468655,flyer4,1.5173,12.9775,-0.299654,-0.0144027,2
468657,player,1.91372,5.35909,0.399895,-0.0610838,1
468657,bullet6,9.35772,5.24572,0.8,0,1
468658,flyer3,10.6314,12.4487,-0.293428,-0.0624494,2
468659,bullet4,5.46705,5.85756,0.8,0,1
468660,flyer4,0.0190294,12.9055,-0.299654,-0.0144027,2
468662,player,1.7455,6.13691,-0.144496,0.488248,1
468662,flyer5,16.5,13.6977,-0.248816,0.167603,2
468662,bullet6,13.3577,5.24572,0.8,0,1
468663,flyer3,9.16429,12.1364,-0.293428,-0.0624494,2
468664,bullet4,9.46705,5.85756,0.8,0,1
468664,bullet1,2.05121,6.45549,0.8,0,1
468665,bullet3,2.03805,6.49998,0.8,0,1
468667,player,1.62945,6.19151,-0.00266635,-0.32849,1
468667,flyer5,15.2559,14.5357,-0.248816,0.167603,2
468668,flyer3,7.69715,11.8242,-0.293428,-0.0624494,2
468669,bullet4,13.4671,5.85756,0.8,0,1
468669,bullet1,6.05121,6.45549,0.8,0,1
468670,bullet3,6.03805,6.49998,0.8,0,1
468672,player,2.45419,5.17352,0.489326,0.165724,1
468672,flyer5,14.0118,15.3737,-0.248816,0.167603,2
468673,flyer3,6.23001,11.5119,-0.293428,-0.0624494,2
468674,bullet1,10.0512,6.45549,0.8,0,1
468675,bullet3,10.038,6.49998,0.8,0,1
468677,player,2.84716,4.96911,0.00902944,-0.334442,1
468677,flyer5,12.7678,16.2117,-0.248816,0.167603,2
468678,flyer3,4.76287,11.1997,-0.293428,-0.0624494,2
468679,flyer6,16.5,13.6977,-0.298331,0.0316042,2
468679,bullet1,14.0512,6.45549,0.8,0,1
468679,bullet2,3.25305,4.75088,0.8,0,1
468680,bullet3,14.038,6.49998,0.8,0,1
468681,bullet5,3.25424,4.7067,0.8,0,1
468682,player,2.85441,4.70052,0.000166619,-0.00617139,1
468682,bullet6,3.25441,4.70052,0.8,0,1
468683,flyer3,3.29573,10.8874,-0.293428,-0.0624494,2
468684,flyer6,15.0083,13.8557,-0.298331,0.0316042,2
468684,bullet2,7.25305,4.75088,0.8,0,1
468685,bullet4,3.25453,4.69593,0.8,0,1
468686,bullet5,7.25424,4.7067,0.8,0,1
468687,player,2.85454,4.69557,3.07458e-06,-0.00011388,1
468687,bullet6,7.25441,4.70052,0.8,0,1
468688,flyer3,1.82859,10.5752,-0.293428,-0.0624494,2
468689,flyer6,13.5167,14.0137,-0.298331,0.0316042,2
468689,bullet2,11.2531,4.75088,0.8,0,1
468690,bullet4,7.25454,4.69593,0.8,0,1
468691,bullet5,11.2542,4.7067,0.8,0,1
468692,player,2.85455,4.69548,5.67346e-08,-2.1014e-06,1
468692,bullet6,11.2544,4.70052,0.8,0,1
468693,flyer3,0.361447,10.2629,-0.293428,-0.0624494,2
468694,flyer6,12.025,14.1717,-0.298331,0.0316042,2
468694,bullet2,15.2531,4.75088,0.8,0,1
468695,bullet4,11.2545,4.69593,0.8,0,1
468696,bullet5,15.2542,4.7067,0.8,0,1
468697,player,2.85455,4.69548,1.04691e-09,-3.87767e-08,1
468697,bullet6,15.2544,4.70052,0.8,0,1
468698,flayer7,16.5,4.01904,-0.284201,0.0960727,2
468698,bullet1,3.25455,4.69548,0.8,0,1
468699,flyer6,10.5334,14.3297,-0.298331,0.0316042,2
468702,player,2.36517,5.13207,-0.151875,0.21638,1
468703,bullet1,7.25455,4.69548,0.8,0,1
468704,flyer6,9.04174,14.4877,-0.298331,0.0316042,2
468704,bullet3,2.66607,5.27326,0.8,0,1
468705,bullet2,2.65223,5.29298,0.8,0,1
468707,player,2.2432,5.30584,-0.00280252,0.00399281,1
468707,bullet5,2.6432,5.30584,0.8,0,1
468708,bullet1,11.2545,4.69548,0.8,0,1
468709,flyer6,7.55009,14.6458,-0.298331,0.0316042,2
468709,bullet3,6.66607,5.27326,0.8,0,1
468710,bullet2,6.65223,5.29298,0.8,0,1
468712,player,2.24095,4.97155,-5.17144e-05,-0.337426,1
468712,bullet5,6.6432,5.30584,0.8,0,1
468713,bullet1,15.2545,4.69548,0.8,0,1
468714,flyer6,6.05844,14.8038,-0.298331,0.0316042,2
468714,bullet3,10.6661,5.27326,0.8,0,1
468715,bullet2,10.6522,5.29298,0.8,0,1
468717,player,2.24091,4.14285,-9.54276e-07,-0.0745702,1
468717,bullet5,10.6432,5.30584,0.8,0,1
468718,bullet6,2.64091,4.10929,0.8,0,1
468719,flyer6,4.56678,14.9618,-0.298331,0.0316042,2
468719,bullet3,14.6661,5.27326,0.8,0,1
468720,bullet2,14.6522,5.29298,0.8,0,1
468722,player,2.08904,4.90984,0.185625,0.487999,1
468722,bullet5,14.6432,5.30584,0.8,0,1
468723,flayer8,16.5,4.01904,-0.3,0,2
468723,bullet6,6.64091,4.10929,0.8,0,1
468724,flyer6,3.07513,15.1198,-0.298331,0.0316042,2
468725,flyer1,16.5,8.77641,-0.264049,0.142402,2
468725,bullet4,2.62707,5.27273,0.8,0,1
468726,bullet1,2.63468,5.29274,0.8,0,1
468727,player,2.23811,5.30174,0.0034253,0.00900495,1
468728,flayer8,15,4.01904,-0.3,0,2
468728,bullet6,10.6409,4.10929,0.8,0,1
468728,bullet3,2.63965,5.3058,0.8,0,1
468729,flyer6,1.58347,15.2778,-0.298331,0.0316042,2
468730,flyer1,15.1798,9.48842,-0.264049,0.142402,2
468730,bullet4,6.62707,5.27273,0.8,0,1
468731,bullet1,6.63468,5.29274,0.8,0,1
468732,player,2.24086,5.30898,6.32065e-05,0.000166167,1
468732,bullet2,2.64086,5.30898,0.8,0,1
468733,flayer8,13.5,4.01904,-0.3,0,1
468733,bullet3,6.63965,5.3058,0.8,0,1
468734,flyer6,0.0918211,15.4359,-0.298331,0.0316042,2
468735,flyer1,13.8595,10.2004,-0.264049,0.142402,2
468735,bullet4,10.6271,5.27273,0.8,0,1
468736,bullet1,10.6347,5.29274,0.8,0,1
468737,player,2.73028,5.30911,0.151876,3.06624e-06,1
468737,bullet2,6.64086,5.30898,0.8,0,1
468738,flayer8,12,4.01904,-0.3,0,1
468738,bullet3,10.6397,5.3058,0.8,0,1
468740,flyer1,12.5393,10.9124,-0.264049,0.142402,2
468740,bullet4,14.6271,5.27273,0.8,0,1
468741,bullet1,14.6347,5.29274,0.8,0,1
468742,player,3.11707,4.3693,-0.320858,-0.35134,1
468742,bullet2,10.6409,5.30898,0.8,0,1
468743,flayer8,10.5,4.01904,-0.3,0,1
468743,bullet3,14.6397,5.3058,0.8,0,1
468745,flyer1,11.219,11.6244,-0.264049,0.142402,2
468745,bullet5,3.27847,4.10804,0.8,0,1
468746,bullet6,2.46531,4.09363,-0.8,-6.99382e-08,1
468747,player,2.85939,4.08715,-0.00592073,-0.0064832,1
468747,bullet2,14.6409,5.30898,0.8,0,1
468748,flayer8,9,4.01904,-0.3,0,1
468748,bullet4,3.25673,4.08423,0.8,0,1
468750,flyer1,9.89878,12.3365,-0.264049,0.142402,2
468750,bullet5,7.27847,4.10804,0.8,0,1
468751,bullet6,-1.53469,4.09363,-0.8,-6.99382e-08,1
468752,player,2.85464,4.08194,-0.000109254,-0.000119633,1
468752,bullet1,2.45464,4.08194,-0.8,-6.99382e-08,1
468753,bullet4,7.25673,4.08423,0.8,0,1
468755,flyer1,8.57854,13.0485,-0.264049,0.142402,2
468756,bullet3,3.35365,3.98275,0.8,0,1
468757,player,2.89914,4.03725,-0.0545062,0.0545019,1
468757,bullet1,-1.54536,4.08194,-0.8,-6.99382e-08,1
468758,flyer2,16.5,8.77641,-0.3,0,2
468758,bullet4,11.2567,4.08423,0.8,0,1
468758,bullet2,3.27461,4.06178,0.8,0,1
468760,flyer1,7.2583,13.7605,-0.264049,0.142402,2
468761,bullet3,7.35365,3.98275,0.8,0,1
468762,player,2.63515,4.63874,0.26815,0.0693495,1
468763,flyer2,15,8.77641,-0.3,0,2
468763,bullet4,15.2567,4.08423,0.8,0,1
468763,bullet2,7.27462,4.06178,0.8,0,1
468763,bullet5,3.15582,4.66995,0.8,0,1
468765,flyer1,5.93806,14.4725,-0.264049,0.142402,2
468766,bullet3,11.3537,3.98275,0.8,0,1
468767,player,2.36112,4.62609,-0.146927,0.0848109,1
468768,flyer2,13.5,8.77641,-0.3,0,2
468768,bullet2,11.2746,4.06178,0.8,0,1
468768,bullet5,7.15582,4.66995,0.8,0,1
468770,flyer1,4.61781,15.1845,-0.264049,0.142402,2
468771,bullet3,15.3537,3.98275,0.8,0,1
468772,player,2.24313,4.09189,-0.00271121,-0.0122746,1
468772,bullet6,2.64313,4.09189,0.8,0,1
468773,flyer2,12,8.77641,-0.3,0,2
468773,bullet2,15.2746,4.06178,0.8,0,1
468773,bullet5,11.1558,4.66995,0.8,0,1
468775,flyer1,3.29757,15.8965,-0.264049,0.142402,2
468777,player,2.77492,3.96909,0.0973208,0.137809,1
468777,bullet6,6.64313,4.09189,0.8,0,1
468778,flyer2,10.5,8.77641,-0.3,0,2
468778,bullet5,15.1558,4.66995,0.8,0,1
468780,flyer4,16.5,8.77641,-0.3,0,2
468781,flyer5,16.5,8.77641,-0.299387,0.0191745,2
468782,player,1.95786,4.37267,-0.404048,0.394547,1
468782,bullet6,10.6431,4.09189,0.8,0,1
468783,flyer2,9,8.77641,-0.3,0,2
468783,bullet1,1.37604,4.55021,-0.8,-6.99382e-08,1
468785,flyer4,15,8.77641,-0.3,0,2
468785,bullet4,2.0574,4.66606,0.8,0,1
468786,flyer5,15.0031,8.87228,-0.299387,0.0191745,2
468787,player,2.12275,4.20015,0.144419,-0.144594,1
468787,bullet6,14.6431,4.09189,0.8,0,1
468788,flyer2,7.5,8.77641,-0.3,0,2
468790,flyer4,13.5,8.77641,-0.3,0,2
468790,bullet4,6.0574,4.66606,0.8,0,1
468790,bullet3,1.83014,3.60325,-0.8,-6.99382e-08,1
468791,flyer5,13.5061,8.96815,-0.299387,0.0191745,2
468792,player,2.57623,3.49555,0.340165,-0.0334229,1
468793,flyer2,5.99999,8.77641,-0.3,0,2
468793,bullet2,3.1293,3.48051,0.8,0,1
468795,flyer4,12,8.77641,-0.3,0,2
468795,bullet4,10.0574,4.66606,0.8,0,1
468796,flyer5,12.0092,9.06403,-0.299387,0.0191745,2
468796,bullet5,3.24313,3.46933,0.8,0,1
468797,player,2.84941,3.46871,0.006277,-0.000616746,1
468798,flyer2,4.49999,8.77641,-0.3,0,2
468798,bullet2,7.1293,3.48051,0.8,0,1
468800,flyer4,10.5,8.77641,-0.3,0,2
468800,bullet4,14.0574,4.66606,0.8,0,1
468801,flyer5,10.5123,9.1599,-0.299387,0.0191745,2
468801,bullet5,7.24313,3.46933,0.8,0,1
468802,player,3.67698,2.30818,-0.255201,-0.0821947,1
468803,flyer2,2.99999,8.77641,-0.3,0,2
468803,bullet2,11.1293,3.48051,0.8,0,1
468804,bullet1,3.91046,2.25455,0.8,0,1
468805,flyer4,9,8.77641,-0.3,0,2
468805,bullet6,3.88721,2.24706,0.8,0,1
468806,flyer5,9.01533,9.25577,-0.299387,0.0191745,2
468806,bullet5,11.2431,3.46933,0.8,0,1
468807,player,3.47203,2.24217,-0.00470917,-0.00151672,1
468808,flyer2,1.49999,8.77641,-0.3,0,2
468808,bullet2,15.1293,3.48051,0.8,0,1
468809,bullet1,7.91046,2.25455,0.8,0,1
468810,flyer4,7.5,8.77641,-0.3,0,2
468810,bullet6,7.88721,2.24706,0.8,0,1
468811,flyer5,7.51839,9.35165,-0.299387,0.0191745,2
468811,bullet5,15.2431,3.46933,0.8,0,1
468812,player,3.49901,2.82943,-0.037676,0.0307267,1
468812,bullet3,3.89901,2.82943,0.8,0,1
468813,flyer2,-6.4373e-06,8.77641,-0.3,0,2
468814,bullet1,11.9105,2.25455,0.8,0,1
468814,bullet4,3.87442,2.84948,0.8,0,1
468815,flyer4,5.99999,8.77641,-0.3,0,2
468815,bullet6,11.8872,2.24706,0.8,0,1
468816,flyer5,6.02146,9.44752,-0.299387,0.0191745,2
468817,player,3.46875,2.85411,-0.000695227,0.000566994,1
468817,bullet3,7.89901,2.82943,0.8,0,1
468819,bullet1,15.9105,2.25455,0.8,0,1
468819,bullet4,7.87442,2.84948,0.8,0,1
468820,flyer4,4.49999,8.77641,-0.3,0,2
468820,bullet6,15.8872,2.24706,0.8,0,1
468821,flyer5,4.52453,9.54339,-0.299387,0.0191745,2
468822,player,2.97882,3.34394,-0.151888,0.151885,1
468822,bullet3,11.899,2.82943,0.8,0,1
468824,bullet4,11.8744,2.84948,0.8,0,1
468824,bullet2,3.76908,3.44304,0.8,0,1
468825,flyer4,2.99999,8.77641,-0.3,0,2
468826,flyer5,3.02759,9.63926,-0.299387,0.0191745,2
468827,player,3.94853,2.97654,0.162912,-0.149072,1
468827,bullet3,15.899,2.82943,0.8,0,1
468829,bullet4,15.8744,2.84948,0.8,0,1
468829,bullet2,7.76909,3.44304,0.8,0,1
468830,flyer4,1.49999,8.77641,-0.3,0,2
468830,flyer3,16.5,6.97134,-0.29917,0.0222953,2
468831,flyer5,1.53066,9.73514,-0.299387,0.0191745,2
468832,player,4.0932,2.25451,-0.0139089,-0.0165904,1
468833,bullet5,4.48694,2.24704,0.8,0,1
468834,bullet2,11.7691,3.44304,0.8,0,1
468835,flyer4,-6.4373e-06,8.77641,-0.3,0,2
468835,flyer3,15.0041,7.08281,-0.29917,0.0222953,2
468836,flyer5,0.0337282,9.83101,-0.299387,0.0191745,2
468837,player,4.08202,2.34028,-0.000256658,-0.121426,1
468838,flayer7,16.5,6.97134,-0.3,0,2
468838,bullet5,8.48694,2.24704,0.8,0,1
468838,bullet1,4.48191,2.28564,0.8,0,1
468839,bullet2,15.7691,3.44304,0.8,0,1
468840,flyer3,13.5083,7.19429,-0.29917,0.0222953,2
468841,bullet6,3.99245,1.75563,0.8,0,1
468842,player,3.5241,1.68505,-0.0683485,-0.0705844,1
468843,flayer7,15,6.97134,-0.3,0,2
468843,bullet5,12.4869,2.24704,0.8,0,1
468843,bullet1,8.48191,2.28564,0.8,0,1
468845,flyer3,12.0124,7.30577,-0.29917,0.0222953,2
468846,bullet6,7.99245,1.75563,0.8,0,1
468847,player,2.91149,1.84858,-0.069605,-0.270459,1
468848,flayer7,13.5,6.97134,-0.3,0,2
468848,bullet1,12.4819,2.28564,0.8,0,1
468850,flyer3,10.5166,7.41724,-0.29917,0.0222953,2
468851,bullet6,11.9924,1.75563,0.8,0,1
468852,player,1.69556,2.23369,-0.0834678,0.00884889,1
468852,bullet3,2.09556,2.23369,0.8,0,1
468853,flayer7,12,6.97134,-0.3,0,2
468855,flyer3,9.02074,7.52872,-0.29917,0.0222953,2
468856,bullet6,15.9924,1.75563,0.8,0,1
468857,player,1.65928,1.68308,-0.0391293,-0.0681805,1
468857,flyer6,16.5,6.97134,-0.3,0,2
468857,bullet3,6.09556,2.23369,0.8,0,1
468857,bullet4,2.05928,1.68308,0.8,0,1
468858,flayer7,10.5,6.97134,-0.3,0,2
468860,flyer3,7.52489,7.6402,-0.29917,0.0222953,2
468862,player,2.18558,2.18604,0.0676217,0.0670856,1
468862,flyer6,15,6.97134,-0.3,0,2
468862,bullet3,10.0956,2.23369,0.8,0,1
468862,bullet4,6.05928,1.68308,0.8,0,1
468862,bullet2,2.58558,2.18604,0.8,0,1
468863,flayer7,9,6.97134,-0.3,0,2
468865,flyer3,6.02903,7.75168,-0.29917,0.0222953,2
468867,player,2.20913,2.27067,0.0388369,-0.0363511,1
468867,flyer6,13.5,6.97134,-0.3,0,2
468867,bullet3,14.0956,2.23369,0.8,0,1
468867,bullet4,10.0593,1.68308,0.8,0,1
468867,bullet2,6.58558,2.18604,0.8,0,1
468867,bullet5,2.60913,2.27067,0.8,0,1
468868,flayer7,7.5,6.97134,-0.3,0,2
468870,flyer3,4.53318,7.86315,-0.29917,0.0222953,2
468872,player,1.90282,1.34626,-0.336783,-0.406515,1
468872,flyer6,12,6.97134,-0.3,0,2
468872,bullet4,14.0593,1.68308,0.8,0,1
468872,bullet2,10.5856,2.18604,0.8,0,1
468872,bullet5,6.60913,2.27067,0.8,0,1
468873,flayer7,5.99999,6.97134,-0.3,0,2
468875,flyer3,3.03733,7.97463,-0.29917,0.0222953,2
468875,bullet1,1.25238,1.53334,-0.8,-6.99382e-08,1
468877,player,1.63235,1.60827,-0.0062146,0.0232534,1
468877,flyer6,10.5,6.97134,-0.3,0,2
468877,bullet2,14.5856,2.18604,0.8,0,1
468877,bullet5,10.6091,2.27067,0.8,0,1
468877,bullet6,2.03235,1.60827,0.8,0,1
468878,flayer7,4.49999,6.97134,-0.3,0,2
468878,bullet3,2.02955,1.61873,0.8,0,1
468880,flyer3,1.54148,8.08611,-0.29917,0.0222953,2
468882,player,1.13799,2.67404,-0.15199,0.220648,1
468882,flyer6,9,6.97134,-0.3,0,2
468882,bullet5,14.6091,2.27067,0.8,0,1
468882,bullet6,6.03235,1.60827,0.8,0,1
468883,flayer7,2.99999,6.97134,-0.3,0,2
468883,bullet3,6.02955,1.61873,0.8,0,1
468885,flyer3,0.0456246,8.19758,-0.29917,0.0222953,2
468885,bullet4,0.935587,3.32749,0.8,0,1
468887,player,0.764952,3.10221,0.303941,-0.302674,1
468887,flyer6,7.5,6.97134,-0.3,0,2
468887,bullet6,10.0324,1.60827,0.8,0,1
468888,flayer7,1.49999,6.97134,-0.3,0,2
468888,bullet3,10.0296,1.61873,0.8,0,1
468890,bullet4,4.93559,3.32749,0.8,0,1
468892,player,0.671542,3.68601,-0.331891,0.48379,1
468892,flyer6,5.99999,6.97134,-0.3,0,2
468892,bullet6,14.0324,1.60827,0.8,0,1
468893,flayer7,-6.4373e-06,6.97134,-0.3,0,2
468893,bullet3,14.0296,1.61873,0.8,0,1
468895,bullet4,8.93559,3.32749,0.8,0,1
468896,flayer8,16.5,6.97134,-0.264263,0.142003,2
468897,player,0.993479,4.07454,0.0246304,0.00892728,1
468897,flyer6,4.49999,6.97134,-0.3,0,2
468897,flyer1,16.5,6.97134,-0.3,0,2
468897,bullet1,1.39348,4.07454,0.8,0,1
468898,bullet2,1.40456,4.07855,0.8,0,1
468900,bullet4,12.9356,3.32749,0.8,0,1
468900,bullet5,1.41179,4.08118,0.8,0,1
468901,flayer8,15.1787,7.68135,-0.264263,0.142003,2
468902,player,1.01326,4.08171,0.000454499,0.000164733,1
468902,flyer6,2.99999,6.97134,-0.3,0,2
468902,flyer1,15,6.97134,-0.3,0,2
468902,bullet1,5.39348,4.07454,0.8,0,1
468903,bullet2,5.40456,4.07855,0.8,0,1
468905,bullet5,5.41179,4.08118,0.8,0,1
468905,bullet6,1.4136,4.08183,0.8,0,1
468906,flayer8,13.8574,8.39137,-0.264263,0.142003,2
468907,player,1.01362,4.08184,8.38679e-06,3.0398e-06,1
468907,flyer6,1.49999,6.97134,-0.3,0,2
468907,flyer1,13.5,6.97134,-0.3,0,2
468907,bullet1,9.39348,4.07454,0.8,0,1
468908,bullet2,9.40456,4.07855,0.8,0,1
468910,bullet5,9.4118,4.08118,0.8,0,1
468910,bullet6,5.4136,4.08183,0.8,0,1
468911,flayer8,12.5361,9.10138,-0.264263,0.142003,2
468912,player,1.01363,4.08184,1.5476e-07,5.60928e-08,1
468912,flyer6,-6.4373e-06,6.97134,-0.3,0,2
468912,flyer1,12,6.97134,-0.3,0,2
468912,bullet1,13.3935,4.07454,0.8,0,1
468913,bullet2,13.4046,4.07855,0.8,0,1
468915,bullet5,13.4118,4.08118,0.8,0,1
468915,bullet6,9.4136,4.08183,0.8,0,1
468916,flayer8,11.2147,9.8114,-0.264263,0.142003,2
468917,player,0.676131,4.41934,-0.3375,0.3375,1
468917,flyer1,10.5,6.97134,-0.3,0,2
468919,flyer2,16.5,13.2123,-0.275954,-0.117683,2
468920,bullet6,13.4136,4.08183,0.8,0,1
468920,bullet3,0.8,5.22803,0.8,0,1
468921,flayer8,9.89342,10.5214,-0.264263,0.142003,2
468921,bullet4,0.8,5.27263,0.8,0,1
468922,player,0.4,5.29269,0,0.0200674,1
468922,flyer1,9,6.97134,-0.3,0,2
468923,bullet1,0.8,5.30172,0.8,0,1
468924,flyer2,15.1202,12.6239,-0.275954,-0.117683,2
468925,bullet3,4.8,5.22803,0.8,0,1
468926,flayer8,8.57211,11.2314,-0.264263,0.142003,2
468926,bullet4,4.8,5.27263,0.8,0,1
468927,player,0.4,6.3559,0,0.220589,1
468927,flyer1,7.5,6.97134,-0.3,0,2
468928,bullet1,4.8,5.30172,0.8,0,1
468929,flyer2,13.7405,12.0355,-0.275954,-0.117683,2
468930,bullet3,8.8,5.22803,0.8,0,1
468930,bullet2,0.8,5.96222,0.8,0,1
468931,flayer8,7.25079,11.9414,-0.264263,0.142003,2
468931,bullet4,8.8,5.27263,0.8,0,1
468932,player,0.7375,5.93074,0.3375,-0.00976912,1
468932,flyer1,5.99999,6.97134,-0.3,0,2
468933,bullet1,8.8,5.30172,0.8,0,1
468934,flyer2,12.3607,11.447,-0.275954,-0.117683,2
468935,bullet3,12.8,5.22803,0.8,0,1
468935,bullet2,4.8,5.96222,0.8,0,1
468936,flayer8,5.92947,12.6515,-0.264263,0.142003,2
468936,bullet4,12.8,5.27263,0.8,0,1
468937,player,0.671041,5.92289,-0.331272,-0.000180268,1
468937,flyer1,4.49999,6.97134,-0.3,0,2
468938,bullet1,12.8,5.30172,0.8,0,1
468939,flyer2,10.9809,10.8586,-0.275954,-0.117683,2
468940,bullet2,8.8,5.96222,0.8,0,1
468941,flayer8,4.60816,13.3615,-0.264263,0.142003,2
468942,player,0.4,5.92275,0,-3.32645e-06,1
468942,flyer1,2.99999,6.97134,-0.3,0,2
468944,flyer2,9.60114,10.2702,-0.275954,-0.117683,2
468945,bullet2,12.8,5.96222,0.8,0,1
468946,flayer8,3.28684,14.0715,-0.264263,0.142003,2
468946,bullet5,0.8,5.36503,0.8,0,1
468947,player,0.4,5.33427,0,-0.0307547,1
468947,flyer1,1.49999,6.97134,-0.3,0,2
468949,flyer2,8.22137,9.68179,-0.275954,-0.117683,2
468949,bullet6,0.8,5.80358,0.8,0,1
468951,flayer8,1.96552,14.7815,-0.264263,0.142003,2
468951,bullet5,4.8,5.36503,0.8,0,1
