492779,player,1.68252,7.63709,0,0,1
492781,bullet1,2.08252,7.63709,0.8,0,1
492782,bullet2,2.08252,7.63709,0.8,0,1
492784,player,1.68252,7.63709,0,0,1
492784,bullet3,1.28252,7.63709,-0.8,-6.99382e-08,1
492785,bullet4,1.28252,7.63709,-0.8,-6.99382e-08,1
492786,bullet1,6.08252,7.63709,0.8,0,1
492787,bullet2,6.08252,7.63709,0.8,0,1
492789,player,0.855649,7.78897,-0.489375,-0.185625,1
492791,bullet1,10.0825,7.63709,0.8,0,1
492791,bullet5,0.136332,7.66785,-0.8,-6.99382e-08,1
492792,bullet2,10.0825,7.63709,0.8,0,1
492794,player,0.682859,8.53512,-0.278187,0.402418,1
492795,flyer1,16.5,2.09973,-0.274176,0.121768,2
492795,bullet6,0.957675,8.7162,0.8,0,1
492796,bullet1,14.0825,7.63709,0.8,0,1
492797,bullet2,14.0825,7.63709,0.8,0,1
492798,bullet3,0.864585,8.85087,0.8,0,1
492799,player,0.459452,8.85829,-0.00513332,0.00742575,1
492800,flyer1,15.1291,2.70857,-0.274176,0.121768,2
492800,flyer2,16.5,2.09973,-0.275711,0.118253,2
492800,bullet6,4.95767,8.7162,0.8,0,1
492802,bullet4,0.855634,8.86381,0.8,0,1
492803,bullet3,4.86458,8.85087,0.8,0,1
492804,player,0.455329,8.52676,-9.47243e-05,-0.337363,1
492805,flyer1,13.7582,3.31741,-0.274176,0.121768,2
492805,flyer2,15.1214,2.69099,-0.275711,0.118253,2
492805,bullet6,8.95768,8.7162,0.8,0,1
492805,bullet5,0.855286,8.37494,0.8,0,1
492807,bullet4,4.85563,8.86381,0.8,0,1
492808,bullet3,8.86459,8.85087,0.8,0,1
492809,player,0.4,8.59333,-0,0.331275,1
492810,flyer1,12.3874,3.92625,-0.274176,0.121768,2
492810,flyer2,13.7429,3.28225,-0.275711,0.118253,2
492810,bullet6,12.9577,8.7162,0.8,0,1
492810,bullet5,4.85529,8.37494,0.8,0,1
492812,bullet4,8.85564,8.86381,0.8,0,1
492813,bullet3,12.8646,8.85087,0.8,0,1
492814,player,0.4,8.85936,0,0.00611295,1
492815,flyer1,11.0165,4.53509,-0.274176,0.121768,2
492815,flyer2,12.3643,3.87352,-0.275711,0.118253,2
492815,bullet5,8.85529,8.37494,0.8,0,1
492817,bullet4,12.8556,8.86381,0.8,0,1
492817,bullet1,0.8,9.42163,0.8,0,1
492818,bullet2,0.8,9.45264,0.8,0,1
492819,player,0.4,9.46659,0,0.0139524,1
492820,flyer1,9.64561,5.14393,-0.274176,0.121768,2
492820,flyer2,10.9858,4.46478,-0.275711,0.118253,2
492820,bullet5,12.8553,8.37494,0.8,0,1
492822,bullet1,4.8,9.42163,0.8,0,1
492823,bullet2,4.8,9.45264,0.8,0,1
492824,player,0.957719,10.0355,0.0683438,0.0686012,1
492825,flyer1,8.27473,5.75277,-0.274176,0.121768,2
492825,flyer2,9.60722,5.05604,-0.275711,0.118253,2
492827,bullet1,8.8,9.42163,0.8,0,1
492827,bullet6,1.40854,10.6442,0.8,0,1
492828,bullet2,8.8,9.45264,0.8,0,1
492829,player,1.0126,10.2035,0.00126113,-0.13677,1
492830,flyer1,6.90385,6.36161,-0.274176,0.121768,2
492830,flyer2,8.22867,5.64731,-0.275711,0.118253,2
492830,bullet3,1.41317,10.142,0.8,0,1
492832,bullet1,12.8,9.42163,0.8,0,1
492832,bullet6,5.40854,10.6442,0.8,0,1
492833,bullet2,12.8,9.45264,0.8,0,1
492834,player,0.676118,10.6514,-0.337477,0.06582,1
492835,flyer1,5.53297,6.97045,-0.274176,0.121768,2
492835,flyer2,6.85012,6.23857,-0.275711,0.118253,2
492835,bullet3,5.41317,10.142,0.8,0,1
492837,bullet6,9.40854,10.6442,0.8,0,1
492839,player,0.4,10.2149,0,-0.15066,1
492840,flyer1,4.16209,7.57929,-0.274176,0.121768,2
492840,flyer2,5.47156,6.82984,-0.275711,0.118253,2
492840,bullet3,9.41317,10.142,0.8,0,1
492840,bullet4,0.8,10.1471,0.8,0,1
492842,bullet6,13.4085,10.6442,0.8,0,1
492844,player,0.650973,10.0939,-0.306745,-0.00278011,1
492845,flyer1,2.79121,8.18813,-0.274176,0.121768,2
492845,flyer2,4.09301,7.4211,-0.275711,0.118253,2
492845,bullet3,13.4132,10.142,0.8,0,1
492845,bullet4,4.8,10.1471,0.8,0,1
492845,bullet5,0.912938,10.0927,0.8,0,1
492849,player,0.4,10.6494,0,0.0682924,1
492849,bullet1,0.8,10.6494,0.8,0,1
492850,flyer1,1.42033,8.79697,-0.274176,0.121768,2
492850,flyer2,2.71446,8.01236,-0.275711,0.118253,2
492850,bullet4,8.8,10.1471,0.8,0,1
492850,bullet5,4.91294,10.0927,0.8,0,1
492851,bullet2,0.8,10.6939,0.8,0,1
492854,player,0.4,11.0417,-0,0.33876,1
492854,bullet1,4.8,10.6494,0.8,0,1
492855,flyer1,0.0494476,9.40581,-0.274176,0.121768,2
492855,flyer2,1.3359,8.60363,-0.275711,0.118253,2
492855,bullet4,12.8,10.1471,0.8,0,1
492855,bullet5,8.91294,10.0927,0.8,0,1
492856,bullet2,4.8,10.6939,0.8,0,1
492859,player,0.957719,10.9763,0.0683438,-0.331249,1
492859,bullet1,8.8,10.6494,0.8,0,1
492860,flyer2,-0.0426493,9.19489,-0.275711,0.118253,2
492860,bullet5,12.9129,10.0927,0.8,0,1
492861,bullet2,8.8,10.6939,0.8,0,1
492862,flyer3,16.5,2.09973,-0.3,0,2
492862,bullet6,1.40854,10.73,0.8,0,1
492864,player,1.0126,10.7103,0.00126113,-0.00611247,1
492864,bullet1,12.8,10.6494,0.8,0,1
492865,bullet3,1.41317,10.7075,0.8,0,1
492866,bullet2,12.8,10.6939,0.8,0,1
492867,flyer3,15,2.09973,-0.3,0,2
492867,bullet6,5.40854,10.73,0.8,0,1
492869,player,1.01362,10.7054,2.32715e-05,-0.000112792,1
492870,bullet3,5.41317,10.7075,0.8,0,1
492870,bullet4,1.41363,10.7053,0.8,0,1
492872,flyer3,13.5,2.09973,-0.3,0,2
492872,bullet6,9.40854,10.73,0.8,0,1
492872,bullet5,1.41363,10.7053,0.8,0,1
492874,player,1.01364,10.7053,4.29424e-07,-2.08134e-06,1
492875,bullet3,9.41317,10.7075,0.8,0,1
492875,bullet4,5.41363,10.7053,0.8,0,1
492877,flyer3,12,2.09973,-0.3,0,2
492877,bullet6,13.4085,10.73,0.8,0,1
492877,bullet5,5.41363,10.7053,0.8,0,1
492879,player,0.411323,10.5923,-0.0138396,0.138035,1
492880,bullet3,13.4132,10.7075,0.8,0,1
492880,bullet4,9.41363,10.7053,0.8,0,1
492882,flyer3,10.5,2.09973,-0.3,0,2
492882,bullet5,9.41364,10.7053,0.8,0,1
492884,player,0.988474,11.0545,0.0307547,0.323132,1
492884,flyer4,16.5,2.09973,-0.238122,0.182477,2
492885,bullet4,13.4136,10.7053,0.8,0,1
492885,bullet1,1.40231,11.1999,0.8,0,1
492887,flyer3,9,2.09973,-0.3,0,2
492887,bullet5,13.4136,10.7053,0.8,0,1
492887,bullet2,1.41134,11.2948,0.8,0,1
492889,player,0.523797,11.8034,-0.151307,0.157838,1
492889,flyer4,15.3094,3.01212,-0.238122,0.182477,2
492890,bullet1,5.40231,11.1999,0.8,0,1
492891,bullet6,0.825069,11.9064,0.8,0,1
492892,flyer3,7.5,2.09973,-0.3,0,2
492892,bullet2,5.41134,11.2948,0.8,0,1
492894,player,0.960003,11.5926,0.0655517,-0.334587,1
492894,flyer4,14.1188,3.9245,-0.238122,0.182477,2
492895,bullet1,9.40231,11.1999,0.8,0,1
492896,bullet6,4.82507,11.9064,0.8,0,1
492897,flyer3,5.99999,2.09973,-0.3,0,2
492897,bullet2,9.41134,11.2948,0.8,0,1
492898,bullet3,0.922062,10.7416,0.8,0,1
492899,player,0.454928,10.7216,-0.0671341,-0.0200137,1
492899,flyer4,12.9282,4.83689,-0.238122,0.182477,2
492900,bullet1,13.4023,11.1999,0.8,0,1
492901,bullet6,8.82507,11.9064,0.8,0,1
492902,flyer3,4.49999,2.09973,-0.3,0,2
492902,bullet2,13.4113,11.2948,0.8,0,1
492903,bullet3,4.92206,10.7416,0.8,0,1
492904,player,0.4,10.9258,0,-0.269526,1
492904,flyer4,11.7376,5.74928,-0.238122,0.182477,2
492905,bullet4,0.8,10.8045,0.8,0,1
492906,bullet6,12.8251,11.9064,0.8,0,1
492907,flyer3,2.99999,2.09973,-0.3,0,2
492907,bullet5,0.8,10.7254,0.8,0,1
492908,bullet3,8.92206,10.7416,0.8,0,1
492909,player,0.4,10.7093,0,-0.0049735,1
492909,flyer4,10.547,6.66166,-0.238122,0.182477,2
492910,bullet4,4.8,10.8045,0.8,0,1
492912,flyer3,1.49999,2.09973,-0.3,0,2
492912,bullet5,4.8,10.7254,0.8,0,1
492913,bullet3,12.9221,10.7416,0.8,0,1
492914,player,0.4,10.7192,0,-0.0170069,1
492914,flyer4,9.35634,7.57405,-0.238122,0.182477,2
492914,bullet1,0.8,10.7192,0.8,0,1
492915,bullet4,8.8,10.8045,0.8,0,1
492917,flyer3,-6.4373e-06,2.09973,-0.3,0,2
492917,bullet5,8.8,10.7254,0.8,0,1
492919,player,0.889375,11.2632,0.151875,0.0680299,1
492919,flyer4,8.16573,8.48644,-0.238122,0.182477,2
492919,bullet1,4.8,10.7192,0.8,0,1
492920,bullet4,12.8,10.8045,0.8,0,1
492922,bullet5,12.8,10.7254,0.8,0,1
492922,bullet2,1.40231,11.3138,0.8,0,1
492924,player,1.01134,11.6554,0.00280252,0.338755,1
492924,flyer4,6.97512,9.39882,-0.238122,0.182477,2
492924,bullet1,8.8,10.7192,0.8,0,1
492925,bullet6,1.4126,11.8078,0.8,0,1
492927,bullet2,5.40231,11.3138,0.8,0,1
492927,bullet3,1.41343,11.9073,0.8,0,1
492929,player,1.01359,12.2649,5.17144e-05,0.343751,1
492929,flyer4,5.78451,10.3112,-0.238122,0.182477,2
492929,bullet1,12.8,10.7192,0.8,0,1
492930,bullet6,5.4126,11.8078,0.8,0,1
492932,bullet2,9.40231,11.3138,0.8,0,1
492932,bullet3,5.41343,11.9073,0.8,0,1
492934,player,0.676136,11.9833,-0.337499,-0.0620006,1
492934,flyer4,4.5939,11.2236,-0.238122,0.182477,2
492935,bullet6,9.41261,11.8078,0.8,0,1
492935,bullet4,0.924261,11.9554,0.8,0,1
492937,bullet2,13.4023,11.3138,0.8,0,1
492937,bullet3,9.41343,11.9073,0.8,0,1
492939,player,0.405096,11.3758,-0.00622781,-0.0694878,1
492939,flyer4,3.40329,12.136,-0.238122,0.182477,1
492939,bullet5,0.805096,11.3758,0.8,0,1
492940,bullet6,13.4126,11.8078,0.8,0,1
492941,bullet1,0.801032,11.3304,0.8,0,1
492942,bullet3,13.4134,11.9073,0.8,0,1
492944,player,0.620313,11.0997,-0.269271,0.267874,1
492944,flyer4,2.21268,13.0484,-0.238122,0.182477,1
492944,bullet5,4.8051,11.3758,0.8,0,1
492946,flyer5,16.5,5.47451,-0.297587,-0.0379716,2
492946,bullet1,4.80103,11.3304,0.8,0,1
492948,bullet4,0.809034,11.8984,0.8,0,1
492949,player,0.404066,12.2547,-0.00496881,0.356283,1
492949,flyer4,1.02207,13.9607,-0.238122,0.182477,1
492949,bullet5,8.8051,11.3758,0.8,0,1
492951,flyer5,15.0121,5.28465,-0.297587,-0.0379716,2
492951,bullet1,8.80103,11.3304,0.8,0,1
492951,bullet2,0.800824,12.4871,0.8,0,1
492953,bullet4,4.80903,11.8984,0.8,0,1
492954,player,0.737575,12.2033,0.337408,-0.330926,1
492954,flyer4,-0.168536,14.8731,-0.238122,0.182477,1
492954,bullet5,12.8051,11.3758,0.8,0,1
492956,flyer5,13.5241,5.09479,-0.297587,-0.0379716,2
492956,bullet1,12.801,11.3304,0.8,0,1
492956,bullet2,4.80082,12.4871,0.8,0,1
492958,bullet4,8.80904,11.8984,0.8,0,1
492959,player,1.59702,11.9375,0.0369808,-0.00610651,1
492959,bullet6,1.99702,11.9375,0.8,0,1
492961,flyer5,12.0362,4.90493,-0.297587,-0.0379716,2
492961,bullet2,8.80082,12.4871,0.8,0,1
492961,bullet3,2.02115,11.9335,0.8,0,1
492963,bullet4,12.809,11.8984,0.8,0,1
492964,player,1.62671,11.3749,0.0006824,-0.0684564,1
492964,bullet6,5.99702,11.9375,0.8,0,1
492966,flyer5,10.5483,4.71508,-0.297587,-0.0379716,2
492966,bullet2,12.8008,12.4871,0.8,0,1
492966,bullet3,6.02115,11.9335,0.8,0,1
492969,player,2.11664,10.2421,0.151888,-0.183893,1
492969,bullet6,9.99702,11.9375,0.8,0,1
492969,bullet5,2.51664,10.2421,0.8,0,1
492971,flyer5,9.06032,4.52522,-0.297587,-0.0379716,2
492971,bullet3,10.0211,11.9335,0.8,0,1
492971,bullet1,2.61574,10.1221,0.8,0,1
492974,player,1.90112,9.75691,-0.334697,-0.340893,1
492974,bullet6,13.997,11.9375,0.8,0,1
492974,bullet5,6.51664,10.2421,0.8,0,1
492976,flyer5,7.57238,4.33536,-0.297587,-0.0379716,2
492976,bullet3,14.0211,11.9335,0.8,0,1
492976,bullet1,6.61575,10.1221,0.8,0,1
492978,bullet4,1.48078,8.93172,0.8,0,1
492979,player,0.706352,8.55717,-0.374431,-0.374545,1
492979,bullet5,10.5166,10.2421,0.8,0,1
492981,flyer5,6.08444,4.1455,-0.297587,-0.0379716,2
492981,bullet1,10.6157,10.1221,0.8,0,1
492983,bullet4,5.48078,8.93172,0.8,0,1
492983,bullet2,0.8,8.26329,0.8,0,1
492984,player,0.4,8.25638,0,-0.00691141,1
492984,bullet5,14.5166,10.2421,0.8,0,1
492986,flyer5,4.59651,3.95565,-0.297587,-0.0379716,2
492986,bullet1,14.6157,10.1221,0.8,0,1
492988,bullet4,9.48078,8.93172,0.8,0,1
492988,bullet2,4.8,8.26329,0.8,0,1
492989,player,0.4,8.18249,0,0.0834037,1
492989,flyer6,16.5,2.09973,-0.3,0,2
492991,flyer5,3.10857,3.76579,-0.297587,-0.0379716,2
492991,bullet6,0.8,8.23691,0.8,0,1
492993,bullet4,13.4808,8.93172,0.8,0,1
492993,bullet2,8.8,8.26329,0.8,0,1
492993,bullet3,0.8,8.24793,0.8,0,1
492994,player,0.4,8.24947,0,0.00153903,1
492994,flyer6,15,2.09973,-0.3,0,2
492996,flyer5,1.62063,3.57593,-0.297587,-0.0379716,2
492996,bullet6,4.8,8.23691,0.8,0,1
492997,bullet5,0.8,8.25061,0.8,0,1
492998,bullet2,12.8,8.26329,0.8,0,1
492998,bullet3,4.8,8.24793,0.8,0,1
492999,player,0.4,8.74008,0,0.151903,1
492999,flyer6,13.5,2.09973,-0.3,0,2
493001,flyer5,0.132697,3.38607,-0.297587,-0.0379716,2
493001,bullet6,8.8,8.23691,0.8,0,1
493002,bullet5,4.8,8.25061,0.8,0,1
493003,bullet3,8.8,8.24793,0.8,0,1
493004,player,0.4,7.43289,0,-0.500412,1
493004,flyer6,12,2.09973,-0.3,0,2
493006,bullet6,12.8,8.23691,0.8,0,1
493006,bullet1,0.8,7.10637,0.8,0,1
493007,bullet5,8.8,8.25061,0.8,0,1
493008,bullet3,12.8,8.24793,0.8,0,1
493009,player,0.4,7.52039,0,0.142641,1
493009,flyer6,10.5,2.09973,-0.3,0,2
493011,bullet1,4.8,7.10637,0.8,0,1
493011,bullet4,1.28938,7.61346,0.8,0,1
493012,bullet5,12.8,8.25061,0.8,0,1
493014,player,1.00231,7.14557,0.0138396,-0.149243,1
493014,flyer6,9,2.09973,-0.3,0,2
493015,bullet2,1.40854,7.07841,0.8,0,1
493016,bullet1,8.8,7.10637,0.8,0,1
493016,bullet4,5.28938,7.61346,0.8,0,1
493018,bullet6,1.90255,7.02847,0.8,0,1
493019,player,1.57115,7.02571,0.0685991,-0.00275395,1
493019,flyer6,7.5,2.09973,-0.3,0,2
493020,bullet2,5.40854,7.07841,0.8,0,1
493021,bullet1,12.8,7.10637,0.8,0,1
493021,bullet4,9.28938,7.61346,0.8,0,1
493023,bullet6,5.90255,7.02847,0.8,0,1
493024,player,1.2749,6.77252,-0.319319,0.306694,1
493024,flyer6,5.99999,2.09973,-0.3,0,2
493025,bullet2,9.40854,7.07841,0.8,0,1
493026,bullet4,13.2894,7.61346,0.8,0,1
493027,bullet3,1.43744,7.00059,0.8,0,1
493028,bullet6,9.90255,7.02847,0.8,0,1
493029,player,1.01846,7.01883,-0.00589234,0.00565938,1
493029,flyer6,4.49999,2.09973,-0.3,0,2
493030,bullet2,13.4085,7.07841,0.8,0,1
493032,bullet3,5.43744,7.00059,0.8,0,1
493033,bullet6,13.9025,7.02847,0.8,0,1
493034,player,0.456007,7.02337,-0.0684525,0.000104431,1
493034,flyer6,2.99999,2.09973,-0.3,0,2
493034,flayer7,16.5,5.47451,-0.299371,-0.0194125,2
493034,bullet5,0.856007,7.02337,0.8,0,1
493037,bullet3,9.43744,7.00059,0.8,0,1
493039,player,0.445628,7.62577,-0.0557673,0.0138415,1
493039,flyer6,1.49999,2.09973,-0.3,0,2
493039,flayer7,15.0031,5.37744,-0.299371,-0.0194125,2
493039,bullet5,4.85601,7.02337,0.8,0,1
493039,bullet1,0.845628,7.62577,0.8,0,1
493041,bullet4,0.80924,7.6348,0.8,0,1
493042,bullet3,13.4374,7.00059,0.8,0,1
493044,player,0.738342,7.97439,0.336471,0.337755,1
493044,flyer6,-6.4373e-06,2.09973,-0.3,0,2
493044,flayer7,13.5063,5.28038,-0.299371,-0.0194125,2
493044,bullet5,8.85601,7.02337,0.8,0,1
493044,bullet1,4.84563,7.62577,0.8,0,1
493046,bullet4,4.80924,7.6348,0.8,0,1
493049,player,1.00856,7.64332,0.00620884,-0.00760707,1
493049,flayer7,12.0094,5.18332,-0.299371,-0.0194125,2
493049,bullet5,12.856,7.02337,0.8,0,1
493049,bullet1,8.84563,7.62577,0.8,0,1
493049,bullet2,1.40856,7.64332,0.8,0,1
493051,bullet4,8.80924,7.6348,0.8,0,1
493054,player,1.60202,7.63721,0.0308693,-0.000140372,1
493054,flayer7,10.5126,5.08626,-0.299371,-0.0194125,2
493054,bullet1,12.8456,7.62577,0.8,0,1
493054,bullet2,5.40856,7.64332,0.8,0,1
493054,bullet6,2.00202,7.63721,0.8,0,1
493056,bullet4,12.8092,7.6348,0.8,0,1
493059,player,1.62681,7.85732,0.000569625,-0.269159,1
493059,flayer7,9.01571,4.98919,-0.299371,-0.0194125,2
493059,bullet2,9.40856,7.64332,0.8,0,1
493059,bullet6,6.00202,7.63721,0.8,0,1
493061,flayer8,16.5,5.47451,-0.3,0,2
493064,player,0.4,7.08344,-0.104918,-0.0733105,1
493064,flayer7,7.51885,4.89213,-0.299371,-0.0194125,2
493064,bullet2,13.4086,7.64332,0.8,0,1
493064,bullet6,10.002,7.63721,0.8,0,1
493066,flayer8,15,5.47451,-0.3,0,2
493066,bullet3,0.8,7.0356,0.8,0,1
493067,bullet5,0.8,7.02893,0.8,0,1
493069,player,0.4,7.02457,0,-0.00135278,1
493069,flayer7,6.02199,4.79507,-0.299371,-0.0194125,2
493069,bullet6,14.002,7.63721,0.8,0,1
493070,bullet1,0.8,7.02396,0.8,0,1
493071,flayer8,13.5,5.47451,-0.3,0,2
493071,bullet3,4.8,7.0356,0.8,0,1
493072,bullet5,4.8,7.02893,0.8,0,1
493073,bullet4,0.8,7.58123,0.8,0,1
493074,player,0.4,7.61196,-0,0.0307297,1
493074,flayer7,4.52514,4.69801,-0.299371,-0.0194125,2
493075,bullet1,4.8,7.02396,0.8,0,1
493076,flayer8,12,5.47451,-0.3,0,2
493076,bullet3,8.8,7.0356,0.8,0,1
493077,bullet5,8.8,7.02893,0.8,0,1
493078,bullet4,4.8,7.58123,0.8,0,1
493079,player,0.4,8.22511,0,0.0313217,1
493079,flayer7,3.02828,4.60094,-0.299371,-0.0194125,2
493080,bullet1,8.8,7.02396,0.8,0,1
493081,flayer8,10.5,5.47451,-0.3,0,2
493081,bullet3,12.8,7.0356,0.8,0,1
493082,bullet5,12.8,7.02893,0.8,0,1
493083,bullet4,8.8,7.58123,0.8,0,1
493084,player,0.7375,8.7258,0.3375,0.169368,1
493084,flayer7,1.53142,4.50388,-0.299371,-0.0194125,2
493085,bullet1,12.8,7.02396,0.8,0,1
493086,flayer8,9,5.47451,-0.3,0,2
493088,bullet4,12.8,7.58123,0.8,0,1
493089,player,1.07688,8.37244,-0.0773034,-0.14875,1
493089,flayer7,0.0345683,4.40682,-0.299371,-0.0194125,2
493090,flyer1,16.5,14.1081,-0.296323,-0.0468248,2
493091,flayer8,7.5,5.47451,-0.3,0,2
493091,flyer2,16.5,14.1081,-0.3,0,2
493093,flyer3,16.5,14.1081,-0.290947,-0.0731414,2
493094,player,0.889375,8.85529,0.151875,0.0110948,1
493094,bullet2,1.28938,8.85529,0.8,0,1
493095,flyer1,15.0184,13.874,-0.296323,-0.0468248,2
493096,flayer8,5.99999,5.47451,-0.3,0,2
493096,flyer2,15,14.1081,-0.3,0,2
493096,bullet6,1.38847,8.86253,0.8,0,1
493097,bullet3,1.40231,8.86354,0.8,0,1
493098,flyer3,15.0453,13.7424,-0.290947,-0.0731414,2
493099,player,1.01134,8.8642,0.00280252,0.000204729,1
493099,bullet2,5.28938,8.85529,0.8,0,1
493100,flyer1,13.5368,13.6399,-0.296323,-0.0468248,2
493101,flayer8,4.49999,5.47451,-0.3,0,2
493101,flyer2,13.5,14.1081,-0.3,0,2
493101,bullet6,5.38847,8.86253,0.8,0,1
493102,bullet3,5.40231,8.86354,0.8,0,1
493103,flyer3,13.5905,13.3767,-0.290947,-0.0731414,2
493104,player,1.01359,8.76527,5.17144e-05,0.121124,1
493104,bullet2,9.28938,8.85529,0.8,0,1
493104,bullet5,1.41359,8.76527,0.8,0,1
493105,flyer1,12.0552,13.4058,-0.296323,-0.0468248,2
493106,flayer8,2.99999,5.47451,-0.3,0,2
493106,flyer2,12,14.1081,-0.3,0,2
493106,bullet6,9.38847,8.86253,0.8,0,1
493107,bullet3,9.40231,8.86354,0.8,0,1
493108,flyer3,12.1358,13.011,-0.290947,-0.0731414,2
493109,player,0.4,8.71066,-0.244687,0.18786,1
493109,bullet2,13.2894,8.85529,0.8,0,1
493109,bullet5,5.41359,8.76527,0.8,0,1
493110,flyer1,10.5735,13.1717,-0.296323,-0.0468248,2
493111,flayer8,1.49999,5.47451,-0.3,0,2
493111,flyer2,10.5,14.1081,-0.3,0,2
493111,bullet6,13.3885,8.86253,0.8,0,1
493112,bullet3,13.4023,8.86354,0.8,0,1
493113,flyer3,10.6811,12.6453,-0.290947,-0.0731414,2
493113,bullet1,0.8,8.85806,0.8,0,1
493114,player,0.4,8.86153,0,0.00346655,1
493114,bullet5,9.4136,8.76527,0.8,0,1
493115,flyer1,9.09193,12.9375,-0.296323,-0.0468248,2
493115,bullet4,0,8.86309,-0.8,-6.99382e-08,1
493116,flayer8,-6.4373e-06,5.47451,-0.3,0,2
493116,flyer2,9,14.1081,-0.3,0,2
493116,bullet2,0.8,8.86379,0.8,0,1
493118,flyer3,9.22633,12.2796,-0.290947,-0.0731414,2
493118,bullet1,4.8,8.85806,0.8,0,1
493119,player,0.4,8.37494,0,-0.151811,1
493119,bullet5,13.4136,8.76527,0.8,0,1
493120,flyer1,7.61031,12.7034,-0.296323,-0.0468248,2
493120,bullet6,0.8,8.30663,0.8,0,1
493121,flyer2,7.5,14.1081,-0.3,0,2
493121,bullet2,4.8,8.86379,0.8,0,1
493123,flyer3,7.77159,11.9139,-0.290947,-0.0731414,2
493123,bullet1,8.8,8.85806,0.8,0,1
493124,player,0.4,8.7424,0,0.149074,1
493125,flyer1,6.1287,12.4693,-0.296323,-0.0468248,2
493125,bullet6,4.8,8.30663,0.8,0,1
493125,bullet3,0.8,8.80948,0.8,0,1
493126,flyer2,5.99999,14.1081,-0.3,0,2
493126,bullet2,8.8,8.86379,0.8,0,1
493128,flyer3,6.31685,11.5482,-0.290947,-0.0731414,2
493128,bullet1,12.8,8.85806,0.8,0,1
493129,player,0.988474,8.86211,0.0307547,0.00275083,1
493130,flyer1,4.64708,12.2352,-0.296323,-0.0468248,2
493130,bullet6,8.8,8.30663,0.8,0,1
493130,bullet3,4.8,8.80948,0.8,0,1
493131,flyer2,4.49999,14.1081,-0.3,0,2
493131,bullet2,12.8,8.86379,0.8,0,1
493133,flyer3,4.86212,11.1825,-0.290947,-0.0731414,2
493133,bullet4,1.4126,8.30656,0.8,0,1
493134,player,1.01317,8.27585,0.00056751,-0.0307039,1
493135,flyer1,3.16546,12.001,-0.296323,-0.0468248,2
493135,bullet6,12.8,8.30663,0.8,0,1
493135,bullet3,8.8,8.80948,0.8,0,1
493136,flyer2,2.99999,14.1081,-0.3,0,2
493136,bullet5,1.41354,8.25582,0.8,0,1
493138,flyer3,3.40738,10.8168,-0.290947,-0.0731414,2
493138,bullet4,5.4126,8.30656,0.8,0,1
493139,player,1.01363,8.74057,1.04722e-05,0.151308,1
493140,flyer1,1.68385,11.7669,-0.296323,-0.0468248,2
493140,bullet3,12.8,8.80948,0.8,0,1
493141,flyer2,1.49999,14.1081,-0.3,0,2
493141,bullet5,5.41354,8.25582,0.8,0,1
493141,bullet1,1.41363,8.8393,0.8,0,1
493143,flyer3,1.95264,10.4511,-0.290947,-0.0731414,2
493143,bullet4,9.41261,8.30656,0.8,0,1
493144,player,1.01364,8.86208,1.93241e-07,0.00279207,1
493145,flyer1,0.202232,11.5328,-0.296323,-0.0468248,2
493145,bullet2,1.41364,8.86334,0.8,0,1
493146,flyer2,-6.4373e-06,14.1081,-0.3,0,2
493146,bullet5,9.41354,8.25582,0.8,0,1
493146,bullet1,5.41363,8.8393,0.8,0,1
493148,flyer3,0.497905,10.0854,-0.290947,-0.0731414,2
493148,bullet4,13.4126,8.30656,0.8,0,1
493149,player,1.01364,8.37495,3.56584e-09,-0.151823,1
493150,bullet2,5.41364,8.86334,0.8,0,1
493151,bullet5,13.4135,8.25582,0.8,0,1
493151,bullet1,9.41364,8.8393,0.8,0,1
493153,flyer4,16.5,14.1081,-0.3,0,2
493154,player,0.425163,7.66455,-0.0307547,-0.0335563,1
493155,flyer5,16.5,9.86744,-0.243785,0.17484,2
493155,bullet2,9.41364,8.86334,0.8,0,1
493155,bullet6,0.811323,7.64944,0.8,0,1
493156,bullet1,13.4136,8.8393,0.8,0,1
493158,flyer4,15,14.1081,-0.3,0,2
493159,player,0.4,7.7367,0,-0.12174,1
493160,flyer5,15.2811,10.7416,-0.243785,0.17484,2
493160,bullet2,13.4136,8.86334,0.8,0,1
493160,bullet6,4.81132,7.64944,0.8,0,1
493163,flyer4,13.5,14.1081,-0.3,0,2
493164,player,0.4,8.1283,0,0.149629,1
493164,flyer6,16.5,9.86744,-0.249335,-0.16683,2
493165,flyer5,14.0622,11.6158,-0.243785,0.17484,2
493165,bullet6,8.81132,7.64944,0.8,0,1
493168,flyer4,12,14.1081,-0.3,0,2
493168,bullet3,0,7.09952,-0.8,-6.99382e-08,1
493169,player,0.4,7.05768,-0,-0.0418332,1
493169,flyer6,15.2533,9.03329,-0.249335,-0.16683,2
493170,flyer5,12.8432,12.49,-0.243785,0.17484,2
493170,bullet6,12.8113,7.64944,0.8,0,1
493173,flyer4,10.5,14.1081,-0.3,0,2
493174,player,0.4,8.07118,0,0.219447,1
493174,flyer6,14.0067,8.19914,-0.249335,-0.16683,1
493175,flyer5,11.6243,13.3642,-0.243785,0.17484,2
493175,bullet4,0.8,8.16993,0.8,0,1
493178,flyer4,9,14.1081,-0.3,0,2
493179,player,0.4,8.83589,0,0.0348041,1
493179,flyer6,12.76,7.36499,-0.249335,-0.16683,1
493180,flyer5,10.4054,14.2384,-0.243785,0.17484,2
493180,bullet4,4.8,8.16993,0.8,0,1
493180,bullet5,0.8,8.85155,0.8,0,1
493182,bullet1,0.8,8.86177,0.8,0,1
493183,flyer4,7.5,14.1081,-0.3,0,2
493183,bullet2,0.8,8.8632,0.8,0,1
493184,player,0.4,8.86384,0,0.000642234,1
493184,flyer6,11.5133,6.53084,-0.249335,-0.16683,1
493185,flyer5,9.18645,15.1126,-0.243785,0.17484,2
493185,bullet4,8.8,8.16993,0.8,0,1
493185,bullet5,4.8,8.85155,0.8,0,1
493187,bullet1,4.8,8.86177,0.8,0,1
493188,flyer4,5.99999,14.1081,-0.3,0,2
493188,bullet2,4.8,8.8632,0.8,0,1
493189,player,0.889375,8.97729,0.151875,-0.138024,1
493189,flyer6,10.2666,5.69669,-0.249335,-0.16683,1
493190,flyer5,7.96753,15.9868,-0.243785,0.17484,2
493190,bullet4,12.8,8.16993,0.8,0,1
493190,bullet5,8.8,8.85155,0.8,0,1
493192,bullet1,8.8,8.86177,0.8,0,1
493193,flyer4,4.49999,14.1081,-0.3,0,2
493193,bullet2,8.8,8.8632,0.8,0,1
493194,player,0.409031,9.46876,-0.0110371,0.0112927,1
493194,flyer6,9.01997,4.86254,-0.249335,-0.16683,1
493195,bullet5,12.8,8.85155,0.8,0,1
493195,bullet3,0.804064,9.47384,0.8,0,1
493197,bullet1,12.8,8.86177,0.8,0,1
493198,flyer4,2.99999,14.1081,-0.3,0,2
493198,bullet2,12.8,8.8632,0.8,0,1
493199,player,0.400167,9.47782,-0.000203665,0.000208382,1
493199,flyer6,7.7733,4.02839,-0.249335,-0.16683,1
493200,bullet3,4.80406,9.47384,0.8,0,1
493200,bullet6,0.800075,9.47792,0.8,0,1
493203,flyer4,1.49999,14.1081,-0.3,0,2
493204,player,0.4,8.4309,0,-0.220215,1
493204,flyer6,6.52663,3.19423,-0.249335,-0.16683,1
493205,bullet3,8.80406,9.47384,0.8,0,1
493205,bullet6,4.80008,9.47792,0.8,0,1
493206,bullet4,0.8,7.79784,0.8,0,1
493208,flyer4,-6.4373e-06,14.1081,-0.3,0,2
493209,player,0.4,7.65174,0,-0.0179032,1
493209,flyer6,5.27995,2.36008,-0.249335,-0.16683,1
493209,bullet5,0.8,7.65174,0.8,0,1
493210,bullet3,12.8041,9.47384,0.8,0,1
493210,bullet6,8.80008,9.47792,0.8,0,1
493211,bullet4,4.8,7.79784,0.8,0,1
493214,player,0.4,8.79739,0,0.081853,1
493214,flyer6,4.03328,1.52593,-0.249335,-0.16683,1
493214,bullet5,4.8,7.65174,0.8,0,1
493215,bullet6,12.8001,9.47792,0.8,0,1
493216,bullet4,8.8,7.79784,0.8,0,1
493217,bullet1,0.8,8.85826,0.8,0,1
493219,player,0.4,8.86313,0,0.00151042,1
493219,flyer6,2.78661,0.691783,-0.249335,-0.16683,1
493219,bullet5,8.8,7.65174,0.8,0,1
493220,bullet2,0.8,8.8638,0.8,0,1
493221,bullet4,12.8,7.79784,0.8,0,1
493222,bullet1,4.8,8.85826,0.8,0,1
493224,player,0.4,8.86434,0,2.78715e-05,1
493224,flyer6,1.53994,-0.142368,-0.249335,-0.16683,1
493224,bullet5,12.8,7.65174,0.8,0,1
493225,bullet2,4.8,8.8638,0.8,0,1
493227,flayer7,16.5,9.86744,-0.254707,0.158507,2
493227,bullet1,8.8,8.85826,0.8,0,1
493229,player,0.4,9.11533,-0,-0.306745,1
493229,flayer8,16.5,10.3646,-0.23695,-0.183997,2
493230,bullet2,8.8,8.8638,0.8,0,1
493230,bullet3,0.8,8.9773,0.8,0,1
493232,flayer7,15.2265,10.66,-0.254707,0.158507,2
493232,bullet1,12.8,8.85826,0.8,0,1
493234,player,0.4,8.86899,0,-0.0056603,1
493234,flayer8,15.3153,9.44458,-0.23695,-0.183997,2
493234,bullet6,0.8,8.86899,0.8,0,1
493235,bullet2,12.8,8.8638,0.8,0,1
493235,bullet3,4.8,8.9773,0.8,0,1
493237,flayer7,13.9529,11.4525,-0.254707,0.158507,2
493237,bullet4,1.28938,8.86479,0.8,0,1
493239,player,0.650973,8.52695,-0.306745,-0.337604,1
493239,bullet6,4.8,8.86899,0.8,0,1
493240,bullet3,8.8,8.9773,0.8,0,1
493240,bullet5,0.912938,8.37503,0.8,0,1
493242,flayer7,12.6794,12.245,-0.254707,0.158507,2
493242,bullet4,5.28938,8.86479,0.8,0,1
493244,player,0.404631,8.25583,-0.00566031,-0.00622975,1
493244,bullet6,8.8,8.86899,0.8,0,1
493245,bullet3,12.8,8.9773,0.8,0,1
493245,bullet5,4.91294,8.37503,0.8,0,1
493247,flayer7,11.4059,13.0376,-0.254707,0.158507,2
493247,bullet4,9.28938,8.86479,0.8,0,1
493249,player,0.4,7.6931,-0,-0.0684587,1
493249,bullet6,12.8,8.86899,0.8,0,1
493250,bullet5,8.91294,8.37503,0.8,0,1
493251,bullet1,0.8,7.64844,0.8,0,1
493252,flayer7,10.1323,13.8301,-0.254707,0.158507,2
493252,bullet4,13.2894,8.86479,0.8,0,1
493254,player,1.22688,7.63813,0.489375,-0.00126326,1
493255,bullet5,12.9129,8.37503,0.8,0,1
493256,flyer1,16.5,9.86744,-0.3,0,2
493256,bullet1,4.8,7.64844,0.8,0,1
493256,bullet2,1.94619,7.6373,0.8,0,1
493257,flayer7,8.85878,14.6226,-0.254707,0.158507,2
493259,player,2.10926,8.12649,0.160905,0.151852,1
493261,flyer1,15,9.86744,-0.3,0,2
493261,bullet1,8.8,7.64844,0.8,0,1
493261,bullet2,5.94619,7.6373,0.8,0,1
493261,bullet3,3.10362,8.22557,0.8,0,1
493262,flayer7,7.58524,15.4152,-0.254707,0.158507,2
493263,bullet6,3.22398,8.24563,0.8,0,1
493264,player,2.84079,8.58593,0.0168088,0.340302,1
493266,flyer1,13.5,9.86744,-0.3,0,2
493266,bullet1,12.8,7.64844,0.8,0,1
493266,bullet2,9.94619,7.6373,0.8,0,1
493266,bullet3,7.10363,8.22557,0.8,0,1
493267,flayer7,6.31171,16.2077,-0.254707,0.158507,2
493268,bullet6,7.22398,8.24563,0.8,0,1
493269,player,2.36491,8.36985,-0.151565,-0.145595,1
493271,flyer1,12,9.86744,-0.3,0,2
493271,bullet2,13.9462,7.6373,0.8,0,1
493271,bullet3,11.1036,8.22557,0.8,0,1
493273,bullet6,11.224,8.24563,0.8,0,1
493274,player,1.87928,8.35202,0.441984,-0.123807,1
493275,flyer2,16.5,2.31555,-0.3,0,2
493276,flyer1,10.5,9.86744,-0.3,0,2
493276,bullet3,15.1036,8.22557,0.8,0,1
493276,bullet4,2.56768,8.27124,0.8,0,1
493278,bullet6,15.224,8.24563,0.8,0,1
493279,player,2.23423,7.69488,0.00815585,-0.0706283,1
493279,bullet5,1.83423,7.69488,-0.8,-6.99382e-08,1
493280,flyer2,15,2.31555,-0.3,0,2
493281,flyer1,9,9.86744,-0.3,0,2
493281,bullet4,6.56768,8.27124,0.8,0,1
493281,bullet1,2.63955,7.64879,0.8,0,1
493282,bullet2,2.6403,7.64236,0.8,0,1
493284,player,2.24078,7.63816,0.000150498,-0.00130329,1
493284,bullet3,2.64078,7.63816,0.8,0,1
493285,flyer2,13.5,2.31555,-0.3,0,2
493286,flyer1,7.5,9.86744,-0.3,0,2
493286,bullet4,10.5677,8.27124,0.8,0,1
493286,bullet1,6.63955,7.64879,0.8,0,1
493287,bullet2,6.6403,7.64236,0.8,0,1
493289,player,1.68318,7.29962,-0.068341,-0.337524,1
493289,bullet3,6.64078,7.63816,0.8,0,1
493290,flyer2,12,2.31555,-0.3,0,2
493291,flyer1,5.99999,9.86744,-0.3,0,2
493291,bullet4,14.5677,8.27124,0.8,0,1
493291,bullet1,10.6396,7.64879,0.8,0,1
493292,bullet2,10.6403,7.64236,0.8,0,1
493294,player,0.536613,7.51793,-0.166976,0.145647,1
493294,bullet3,10.6408,7.63816,0.8,0,1
493295,flyer2,10.5,2.31555,-0.3,0,2
493295,bullet6,0.861474,7.58347,0.8,0,1
493296,flyer1,4.49999,9.86744,-0.3,0,2
493296,bullet1,14.6396,7.64879,0.8,0,1
493297,bullet2,14.6403,7.64236,0.8,0,1
493299,player,0.402518,7.6349,-0.00308117,0.00268759,1
493299,bullet3,14.6408,7.63816,0.8,0,1
493299,bullet5,0.802518,7.6349,0.8,0,1
493300,flyer2,9,2.31555,-0.3,0,2
493300,bullet6,4.86147,7.58347,0.8,0,1
493301,flyer1,2.99999,9.86744,-0.3,0,2
493302,bullet4,0.8,8.19461,0.8,0,1
493303,bullet1,0.8,8.22548,0.8,0,1
493304,player,0.4,8.23937,0,0.0138892,1
493304,bullet5,4.80252,7.6349,0.8,0,1
493305,flyer2,7.5,2.31555,-0.3,0,2
493305,bullet6,8.86147,7.58347,0.8,0,1
493306,flyer1,1.49999,9.86744,-0.3,0,2
493307,bullet4,4.8,8.19461,0.8,0,1
493308,bullet1,4.8,8.22548,0.8,0,1
493309,player,0.4,8.85283,0,0.0140959,1
493309,bullet5,8.80252,7.6349,0.8,0,1
493310,flyer2,5.99999,2.31555,-0.3,0,2
493310,bullet6,12.8615,7.58347,0.8,0,1
493311,flyer1,-6.4373e-06,9.86744,-0.3,0,2
493312,bullet4,8.8,8.19461,0.8,0,1
493313,bullet1,8.8,8.22548,0.8,0,1
493314,player,0.4,8.86415,0,0.000260109,1
493314,bullet5,12.8025,7.6349,0.8,0,1
493315,flyer2,4.49999,2.31555,-0.3,0,2
493317,bullet4,12.8,8.19461,0.8,0,1
493318,bullet1,12.8,8.22548,0.8,0,1
493319,player,0.7375,9.71765,0.3375,-0.292901,1
493319,flyer3,16.5,2.31555,-0.3,0,2
493320,flyer2,2.99999,2.31555,-0.3,0,2
493320,bullet2,1.28938,9.58585,0.8,0,1
493323,flyer5,16.5,2.31555,-0.272422,-0.125643,2
493324,player,0.450822,8.92471,-0.0621159,-0.0737486,1
493324,flyer3,15,2.31555,-0.3,0,2
493325,flyer2,1.49999,2.31555,-0.3,0,2
493325,bullet2,5.28938,9.58585,0.8,0,1
493325,bullet3,0.82287,8.89152,0.8,0,1
493328,flyer5,15.1379,1.68733,-0.272422,-0.125643,2
493329,player,0.400938,8.86548,-0.00114621,-0.00136087,1
493329,flyer3,13.5,2.31555,-0.3,0,2
493329,bullet6,0.800938,8.86548,0.8,0,1
493330,flyer2,-6.4373e-06,2.31555,-0.3,0,2
493330,bullet2,9.28938,9.58585,0.8,0,1
493330,bullet3,4.82287,8.89152,0.8,0,1
493332,bullet5,0.8,8.86446,0.8,0,1
493333,flyer5,13.7758,1.05912,-0.272422,-0.125643,2
493334,player,0.4,8.86438,0,-2.51119e-05,1
493334,flyer3,12,2.31555,-0.3,0,2
493334,bullet6,4.80094,8.86548,0.8,0,1
493335,bullet2,13.2894,9.58585,0.8,0,1
493335,bullet3,8.82287,8.89152,0.8,0,1
493337,bullet5,4.8,8.86446,0.8,0,1
493338,flyer5,12.4137,0.430908,-0.272422,-0.125643,2
493339,player,0.4,8.37498,0,-0.151875,1
493339,flyer3,10.5,2.31555,-0.3,0,2
493339,bullet6,8.80094,8.86548,0.8,0,1
493340,bullet3,12.8229,8.89152,0.8,0,1
493340,bullet4,0.8,8.30664,0.8,0,1
493342,bullet5,8.8,8.86446,0.8,0,1
493343,flyer5,11.0515,-0.197305,-0.272422,-0.125643,2
493344,player,1.44709,7.6953,0.220219,-0.0711463,1
493344,flyer3,9,2.31555,-0.3,0,2
493344,bullet6,12.8009,8.86548,0.8,0,1
493345,bullet4,4.8,8.30664,0.8,0,1
493345,bullet1,1.94619,7.66328,0.8,0,1
493347,bullet5,12.8,8.86446,0.8,0,1
493349,player,1.62395,7.63816,0.00406366,-0.00131285,1
493349,flyer3,7.5,2.31555,-0.3,0,2
493350,bullet4,8.8,8.30664,0.8,0,1
493350,bullet1,5.94619,7.66328,0.8,0,1
493350,bullet2,2.02578,7.63757,0.8,0,1
493352,bullet3,2.02697,7.63718,0.8,0,1
493354,player,1.62721,7.63711,7.49859e-05,-2.42258e-05,1
493354,flyer3,5.99999,2.31555,-0.3,0,2
493355,bullet4,12.8,8.30664,0.8,0,1
493355,bullet1,9.94619,7.66328,0.8,0,1
493355,bullet2,6.02578,7.63757,0.8,0,1
493357,bullet3,6.02697,7.63718,0.8,0,1
493359,player,2.70512,8.12646,0.182631,0.151875,1
493359,flyer3,4.49999,2.31555,-0.3,0,2
493360,bullet1,13.9462,7.66328,0.8,0,1
493360,bullet2,10.0258,7.63757,0.8,0,1
493362,bullet3,10.027,7.63718,0.8,0,1
493362,bullet6,2.68321,8.2394,0.8,0,1
493364,player,2.24948,7.75906,-0.0104696,-0.149072,1
493364,flyer3,2.99999,2.31555,-0.3,0,2
493365,bullet2,14.0258,7.63757,0.8,0,1
493365,bullet5,1.84476,7.69197,-0.8,-6.99382e-08,1
493367,bullet3,14.027,7.63718,0.8,0,1
493367,bullet6,6.68321,8.2394,0.8,0,1
493368,flyer4,16.5,12.099,-0.221523,0.202306,2
493369,player,2.24107,7.63934,-0.000193193,-0.00275081,1
493369,flyer3,1.49999,2.31555,-0.3,0,2
493369,bullet4,2.64107,7.63934,0.8,0,1
493372,bullet6,10.6832,8.2394,0.8,0,1
493373,flyer4,15.3924,13.1105,-0.221523,0.202306,2
493374,player,2.30926,8.19485,-0.0835348,0.068293,1
493374,flyer3,-6.4373e-06,2.31555,-0.3,0,2
493374,bullet4,6.64107,7.63934,0.8,0,1
493375,bullet1,2.67167,8.22558,0.8,0,1
493377,bullet6,14.6832,8.2394,0.8,0,1
493378,flyer4,14.2848,14.122,-0.221523,0.202306,2
493378,bullet2,2.64371,7.69072,0.8,0,1
493379,player,2.24217,7.66122,-0.00154145,-0.0294945,1
493379,bullet4,10.6411,7.63934,0.8,0,1
493380,bullet1,6.67167,8.22558,0.8,0,1
493382,bullet5,2.08331,8.197,0.8,0,1
493383,flyer4,13.1772,15.1336,-0.221523,0.202306,2
493383,bullet2,6.64371,7.69072,0.8,0,1
493384,player,1.63862,8.23984,-0.0138681,0.0132954,1
493384,bullet4,14.6411,7.63934,0.8,0,1
493385,bullet1,10.6717,8.22558,0.8,0,1
493387,bullet5,6.08331,8.197,0.8,0,1
493388,flyer4,12.0695,16.1451,-0.221523,0.202306,2
493388,bullet2,10.6437,7.69072,0.8,0,1
493389,player,2.11686,7.76115,0.151619,-0.15163,1
493389,bullet3,2.51686,7.76115,0.8,0,1
493390,bullet1,14.6717,8.22558,0.8,0,1
493392,bullet5,10.0833,8.197,0.8,0,1
493393,flyer6,16.5,14.1006,-0.250852,0.164539,2
493393,bullet2,14.6437,7.69072,0.8,0,1
493394,player,2.20787,7.0509,0.0403869,-0.0335527,1
493394,bullet3,6.51686,7.76115,0.8,0,1
493394,bullet6,1.80787,7.0509,-0.8,-6.99382e-08,1
493395,finish,18.6096,8,-0.2,0,1
493397,bullet5,14.0833,8.197,0.8,0,1
493398,flyer6,15.2457,14.9233,-0.250852,0.164539,2
493399,player,2.3394,8.10181,-0.120375,0.182011,1
493399,bullet3,10.5169,7.76115,0.8,0,1
493399,bullet4,2.7394,8.10181,0.8,0,1
493400,finish,17.6096,8,-0.2,0,1
493401,bullet1,2.66085,8.22057,0.8,0,1
493403,flyer6,13.9915,15.746,-0.250852,0.164539,2
493404,player,2.24273,7.69026,-0.00222126,-0.0649851,1
493404,bullet3,14.5169,7.76115,0.8,0,1
493404,bullet4,6.7394,8.10181,0.8,0,1
493405,finish,16.6096,8,-0.2,0,1
493406,bullet1,6.66085,8.22057,0.8,0,1
493406,bullet2,2.1519,7.15848,0.8,0,1
493409,player,1.63863,7.52513,-0.0138806,0.136836,1
493409,bullet4,10.7394,8.10181,0.8,0,1
493409,bullet6,2.03863,7.52513,0.8,0,1
493410,finish,15.6096,8,-0.2,0,1
493411,bullet1,10.6609,8.22057,0.8,0,1
493411,bullet2,6.1519,7.15848,0.8,0,1
493414,player,1.62748,8.19274,-0.000256136,0.0708688,1
493414,bullet4,14.7394,8.10181,0.8,0,1
493414,bullet6,6.03863,7.52513,0.8,0,1
493415,finish,14.6096,8,-0.2,0,1
493416,bullet1,14.6609,8.22057,0.8,0,1
493416,bullet2,10.1519,7.15848,0.8,0,1
493419,player,1.1379,8.73903,-0.15188,0.153183,1
493419,flayer8,16.5,14.1006,-0.251379,-0.163733,2
493419,bullet6,10.0386,7.52513,0.8,0,1
493420,finish,13.6096,8,-0.2,0,1
493421,bullet2,14.1519,7.15848,0.8,0,1
493422,bullet5,1.42496,8.85294,0.8,0,1
493423,bullet3,1.41873,8.85922,0.8,0,1
493424,player,1.01593,8.86205,-0.00280261,0.00282665,1
493424,flayer8,15.2431,13.282,-0.251379,-0.163733,2
493424,bullet6,14.0386,7.52513,0.8,0,1
493425,finish,12.6096,8,-0.2,0,1
493426,bullet4,1.90348,8.86389,0.8,0,1
493427,bullet5,5.42496,8.85294,0.8,0,1
493428,bullet3,5.41873,8.85922,0.8,0,1
493429,player,0.789117,9.20182,-0.475587,0.337552,1
493429,flayer8,13.9862,12.4633,-0.251379,-0.163733,2
493430,finish,11.6096,8,-0.2,0,1
493431,bullet4,5.90348,8.86389,0.8,0,1
493432,bullet5,9.42496,8.85294,0.8,0,1
493433,bullet3,9.41873,8.85922,0.8,0,1
493433,bullet1,1.37368,10.0244,0.8,0,1
493434,player,0.995654,10.0614,0.0219788,0.0369835,1
493434,flayer8,12.7293,11.6446,-0.251379,-0.163733,2
493435,finish,10.6096,8,-0.2,0,1
493436,bullet4,9.90348,8.86389,0.8,0,1
493437,bullet5,13.425,8.85294,0.8,0,1
493438,bullet3,13.4187,8.85922,0.8,0,1
493438,bullet1,5.37368,10.0244,0.8,0,1
493439,player,1.01331,10.0911,0.00040557,0.000682449,1
493439,flayer8,11.4724,10.826,-0.251379,-0.163733,2
493440,finish,9.60962,8,-0.2,0,1
493441,bullet4,13.9035,8.86389,0.8,0,1
493443,bullet1,9.37368,10.0244,0.8,0,1
493444,player,0.425158,10.6801,-0.0307472,0.0307673,1
493444,flayer8,10.2155,10.0073,-0.251379,-0.163733,1
493445,flayer7,16.5,14.1006,-0.290588,0.0745548,2
493445,finish,8.60962,8,-0.2,0,1
493445,bullet2,0.811322,10.6939,0.8,0,1
493446,bullet6,0.805095,10.7002,0.8,0,1
493448,bullet5,0.801033,10.7042,0.8,0,1
493449,player,0.400465,10.7048,-0.000567372,0.000567743,1
493449,flayer8,8.95863,9.18863,-0.251379,-0.163733,1
493450,flayer7,15.0471,14.4734,-0.290588,0.0745548,2
493450,finish,7.60962,8,-0.2,0,1
493450,bullet2,4.81132,10.6939,0.8,0,1
493451,bullet6,4.8051,10.7002,0.8,0,1
493453,bullet5,4.80103,10.7042,0.8,0,1
493454,player,1.4471,11.263,0.220208,0.0683542,1
493454,flayer8,7.70173,8.36996,-0.251379,-0.163733,1
493455,flayer7,13.5941,14.8462,-0.290588,0.0745548,2
493455,finish,6.60962,8,-0.2,0,1
493455,bullet2,8.81132,10.6939,0.8,0,1
493456,bullet6,8.8051,10.7002,0.8,0,1
493458,bullet5,8.80103,10.7042,0.8,0,1
493459,player,0.697976,12.2438,-0.364191,0.369516,1
493459,flayer8,6.44484,7.55129,-0.251379,-0.163733,1
493460,flayer7,12.1412,15.2189,-0.290588,0.0745548,2
493460,finish,5.60962,8,-0.2,0,1
493460,bullet2,12.8113,10.6939,0.8,0,1
493461,bullet6,12.8051,10.7002,0.8,0,1
493463,bullet5,12.801,10.7042,0.8,0,1
493464,player,0.4,13.03,0,0.158694,1
493464,flayer8,5.18794,6.73262,-0.251379,-0.163733,1
493465,flayer7,10.6882,15.5917,-0.290588,0.0745548,2
493465,finish,4.60963,8,-0.2,0,1
493468,flyer1,16.5,7.09889,-0.3,0,2
493469,player,0.7375,13.4084,0.3375,-0.303817,1
493469,flayer8,3.93105,5.91396,-0.251379,-0.163733,1
493470,flayer7,9.23529,15.9645,-0.290588,0.0745548,2
493470,finish,3.60963,8,-0.2,0,1
493470,bullet3,1.28938,13.2717,0.8,0,1
