568845,player,1.25126,14.2145,0,0,1
568846,bullet1,1.65126,14.2145,0.8,0,1
568847,bullet2,1.65126,14.2145,0.8,0,1
568850,player,1.25126,13.7252,0,-0.151875,1
568851,bullet1,5.65126,14.2145,0.8,0,1
568851,bullet3,1.65126,13.6568,0.8,0,1
568852,bullet2,5.65126,14.2145,0.8,0,1
568853,bullet4,1.65126,13.6122,0.8,0,1
568855,player,1.74063,14.0926,0.151875,0.149072,1
568856,bullet1,9.65126,14.2145,0.8,0,1
568856,bullet3,5.65126,13.6568,0.8,0,1
568857,bullet2,9.65126,14.2145,0.8,0,1
568858,bullet4,5.65126,13.6122,0.8,0,1
568860,player,1.5251,14.8146,-0.334697,0.0165904,1
568861,bullet1,13.6513,14.2145,0.8,0,1
568861,bullet3,9.65126,13.6568,0.8,0,1
568862,bullet2,13.6513,14.2145,0.8,0,1
568863,bullet4,9.65126,13.6122,0.8,0,1
568865,player,1.14337,14.715,0.131859,0.138342,1
568866,bullet3,13.6513,13.6568,0.8,0,1
568866,bullet5,1.60271,14.7772,0.8,0,1
568868,bullet4,13.6513,13.6122,0.8,0,1
568868,bullet6,1.64143,14.8179,0.8,0,1
568870,player,1.24927,14.8261,0.00243317,0.00255279,1
568870,bullet1,1.64927,14.8261,0.8,0,1
568871,bullet5,5.60271,14.7772,0.8,0,1
568873,flyer1,16.5,9.24484,-0.3,0,2
568873,bullet6,5.64143,14.8179,0.8,0,1
568875,player,1.18288,14.8965,0.0835762,-0.0834841,1
568875,bullet1,5.64927,14.8261,0.8,0,1
568876,bullet5,9.60271,14.7772,0.8,0,1
568877,bullet2,1.63741,14.3526,0.8,0,1
568878,flyer1,15,9.24484,-0.3,0,2
568878,bullet6,9.64143,14.8179,0.8,0,1
568880,player,0.760621,13.7377,-0.150333,-0.167255,1
568880,bullet1,9.64927,14.8261,0.8,0,1
568881,bullet5,13.6027,14.7772,0.8,0,1
568882,bullet2,5.63741,14.3526,0.8,0,1
568883,flyer1,13.5,9.24484,-0.3,0,2
568883,bullet6,13.6414,14.8179,0.8,0,1
568885,player,0.639891,14.0928,-0.00277406,0.148789,1
568885,bullet1,13.6493,14.8261,0.8,0,1
568886,bullet3,1.03864,14.1598,0.8,0,1
568887,bullet2,9.63741,14.3526,0.8,0,1
568888,flyer1,12,9.24484,-0.3,0,2
568889,flyer2,16.5,9.24484,-0.3,0,2
568890,player,1.22614,13.6238,0.0307035,-0.0280091,1
568890,bullet4,1.62614,13.6238,0.8,0,1
568891,bullet3,5.03864,14.1598,0.8,0,1
568891,bullet5,1.63995,13.6112,0.8,0,1
568892,bullet2,13.6374,14.3526,0.8,0,1
568893,flyer1,10.5,9.24484,-0.3,0,2
568894,flyer2,15,9.24484,-0.3,0,2
568895,player,1.25079,13.6013,0.000566566,-0.000516847,1
568895,bullet4,5.62614,13.6238,0.8,0,1
568896,bullet3,9.03864,14.1598,0.8,0,1
568896,bullet5,5.63995,13.6112,0.8,0,1
568897,bullet6,1.65116,13.601,0.8,0,1
568898,flyer1,9,9.24484,-0.3,0,2
568899,flyer2,13.5,9.24484,-0.3,0,2
568900,player,0.913749,13.2634,-0.33749,-0.33751,1
568900,bullet4,9.62614,13.6238,0.8,0,1
568901,bullet3,13.0386,14.1598,0.8,0,1
568901,bullet5,9.63995,13.6112,0.8,0,1
568902,bullet6,5.65116,13.601,0.8,0,1
568903,flyer1,7.5,9.24484,-0.3,0,2
568904,flyer2,12,9.24484,-0.3,0,2
568905,player,0.642716,13.5947,-0.00622763,0.00761161,1
568905,bullet4,13.6261,13.6238,0.8,0,1
568906,bullet5,13.64,13.6112,0.8,0,1
568906,bullet1,1.03991,13.5981,0.8,0,1
568907,bullet6,9.65117,13.601,0.8,0,1
568908,flyer1,5.99999,9.24484,-0.3,0,2
568909,flyer2,10.5,9.24484,-0.3,0,2
568910,player,0.4,13.0431,-0.168807,-0.0682033,1
568911,bullet1,5.03991,13.5981,0.8,0,1
568911,bullet2,0.8,13.0124,0.8,0,1
568912,bullet6,13.6512,13.601,0.8,0,1
568913,flyer1,4.49999,9.24484,-0.3,0,2
568913,bullet3,0.8,12.9924,0.8,0,1
568914,flyer2,9,9.24484,-0.3,0,2
568915,player,0.4,12.9883,0,-0.00125854,1
568916,bullet1,9.03992,13.5981,0.8,0,1
568916,bullet2,4.8,13.0124,0.8,0,1
568917,bullet4,0.8,12.9875,0.8,0,1
568918,flyer1,2.99999,9.24484,-0.3,0,2
568918,bullet3,4.8,12.9924,0.8,0,1
568919,flyer2,7.5,9.24484,-0.3,0,2
568920,player,0.4,12.9873,0,-2.32236e-05,1
568921,bullet1,13.0399,13.5981,0.8,0,1
568921,bullet2,8.8,13.0124,0.8,0,1
568922,bullet4,4.8,12.9875,0.8,0,1
568923,flyer1,1.49999,9.24484,-0.3,0,2
568923,bullet3,8.8,12.9924,0.8,0,1
568924,flyer2,5.99999,9.24484,-0.3,0,2
568925,player,0.4,12.9873,0,-4.28542e-07,1
568926,bullet2,12.8,13.0124,0.8,0,1
568927,bullet4,8.8,12.9875,0.8,0,1
568927,bullet5,0.8,12.9873,0.8,0,1
568928,flyer1,-6.4373e-06,9.24484,-0.3,0,2
568928,bullet3,12.8,12.9924,0.8,0,1
568929,flyer2,4.49999,9.24484,-0.3,0,2
568930,player,0.957719,12.9873,0.0683438,-7.9078e-09,1
568932,bullet4,12.8,12.9875,0.8,0,1
568932,bullet5,4.8,12.9873,0.8,0,1
568932,bullet6,0.602313,12.9873,-0.8,-6.99382e-08,1
568934,flyer2,2.99999,9.24484,-0.3,0,2
568934,flyer3,16.5,9.24484,-0.264775,-0.141048,2
568934,bullet1,1.41134,12.9873,0.8,0,1
568935,player,0.675105,12.6498,-0.336239,-0.3375,1
568937,bullet5,8.8,12.9873,0.8,0,1
568938,bullet2,1.31444,12.3988,0.8,0,1
568939,flyer2,1.49999,9.24484,-0.3,0,2
568939,flyer3,15.1761,8.5396,-0.264775,-0.141048,2
568939,bullet1,5.41134,12.9873,0.8,0,1
568940,player,0.99355,12.3787,0.0245501,-0.00622782,1
568941,bullet3,1.4046,12.3759,0.8,0,1
568942,bullet5,12.8,12.9873,0.8,0,1
568943,bullet2,5.31444,12.3988,0.8,0,1
568944,flyer2,-6.4373e-06,9.24484,-0.3,0,2
568944,flyer3,13.8523,7.83436,-0.264775,-0.141048,2
568944,bullet1,9.41134,12.9873,0.8,0,1
568945,player,1.93924,12.7112,0.368708,0.337385,1
568946,bullet3,5.4046,12.3759,0.8,0,1
568947,bullet6,2.57982,12.9314,0.8,0,1
568948,bullet2,9.31444,12.3988,0.8,0,1
568949,flyer3,12.5284,7.12913,-0.264775,-0.141048,2
568949,bullet1,13.4113,12.9873,0.8,0,1
568950,player,2.23534,13.5399,0.00680369,0.0745694,1
568951,bullet3,9.4046,12.3759,0.8,0,1
568952,bullet6,6.57982,12.9314,0.8,0,1
568953,bullet2,13.3144,12.3988,0.8,0,1
568954,flyer3,11.2045,6.42389,-0.264775,-0.141048,2
568954,bullet4,2.05221,14.1869,0.8,0,1
568955,player,1.30099,13.8646,-0.351214,-0.322284,1
568956,bullet3,13.4046,12.3759,0.8,0,1
568957,bullet6,10.5798,12.9314,0.8,0,1
568959,flyer3,9.88064,5.71865,-0.264775,-0.141048,2
568959,bullet4,6.05221,14.1869,0.8,0,1
568960,player,0.4,14.752,0,0.0931514,1
568960,flyer4,16.5,12.0612,-0.3,0,2
568961,bullet5,0,14.7939,-0.8,-6.99382e-08,1
568962,bullet6,14.5798,12.9314,0.8,0,1
568964,flyer3,8.55677,5.01341,-0.264775,-0.141048,2
568964,bullet4,10.0522,14.1869,0.8,0,1
568964,bullet1,0.8,14.2673,0.8,0,1
568965,player,0.4,14.2383,0,-0.0290358,1
568965,flyer4,15,12.0612,-0.3,0,1
568965,bullet2,0,14.2383,-0.8,-6.99382e-08,1
568968,bullet3,1.28938,14.7061,0.8,0,1
568969,flyer3,7.2329,4.30818,-0.264775,-0.141048,2
568969,bullet4,14.0522,14.1869,0.8,0,1
568969,bullet1,4.8,14.2673,0.8,0,1
568970,player,0.650973,15.1409,-0.306745,0.367719,1
568970,flyer4,13.5,12.0612,-0.3,0,1
568973,bullet3,5.28938,14.7061,0.8,0,1
568974,flyer3,5.90902,3.60294,-0.264775,-0.141048,2
568974,bullet1,8.8,14.2673,0.8,0,1
568975,player,0.4,15.6,0,0.199395,1
568975,flyer4,12,12.0612,-0.3,0,1
568977,bullet5,0.8,15.6,0.8,0,1
568978,bullet3,9.28938,14.7061,0.8,0,1
568979,flyer3,4.58515,2.8977,-0.264775,-0.141048,2
568979,bullet1,12.8,14.2673,0.8,0,1
568980,player,0.957719,15.6,0.0683438,0,1
568980,flyer4,10.5,12.0612,-0.3,0,1
568982,bullet5,4.8,15.6,0.8,0,1
568983,bullet3,13.2894,14.7061,0.8,0,1
568984,flyer3,3.26128,2.19246,-0.264775,-0.141048,2
568985,player,1.37652,15.6,-0.44352,0,1
568985,flyer4,9,12.0612,-0.3,0,1
568987,flyer5,16.5,9.24484,-0.3,0,2
568987,bullet5,8.8,15.6,0.8,0,1
568989,flyer3,1.9374,1.48723,-0.264775,-0.141048,2
568990,player,0.462614,14.4538,-0.0765279,-0.0990984,1
568990,flyer4,7.5,12.0612,-0.3,0,1
568992,flyer5,15,9.24484,-0.3,0,2
568992,bullet5,12.8,15.6,0.8,0,1
568994,flyer3,0.61353,0.781989,-0.264775,-0.141048,2
568994,bullet6,0.833322,14.9645,0.8,0,1
568995,player,0.414995,14.9765,-0.0183272,0.012011,1
568995,flyer4,5.99999,12.0612,-0.3,0,1
568996,bullet2,0.806748,14.9819,0.8,0,1
568997,flyer5,13.5,9.24484,-0.3,0,2
568999,bullet6,4.83332,14.9645,0.8,0,1
569000,player,0.4,14.9178,0,0.0837529,1
569000,flyer4,4.49999,12.0612,-0.3,0,1
569001,bullet2,4.80675,14.9819,0.8,0,1
569001,bullet4,0.8,14.9555,0.8,0,1
569002,flyer5,12,9.24484,-0.3,0,2
569004,bullet6,8.83332,14.9645,0.8,0,1
569005,player,0.4,15.5428,0,0.0698892,1
569005,flyer4,2.99999,12.0612,-0.3,0,1
569005,bullet1,0.8,15.5428,0.8,0,1
569006,bullet2,8.80675,14.9819,0.8,0,1
569006,bullet4,4.8,14.9555,0.8,0,1
569007,flyer5,10.5,9.24484,-0.3,0,2
569009,bullet6,12.8333,14.9645,0.8,0,1
569010,player,0.4,15.6,0,0,1
569010,flyer4,1.49999,12.0612,-0.3,0,1
569010,bullet1,4.8,15.5428,0.8,0,1
569011,bullet2,12.8067,14.9819,0.8,0,1
569011,bullet4,8.8,14.9555,0.8,0,1
569012,flyer5,9,9.24484,-0.3,0,2
569015,player,0.7375,15.6,0.3375,0,1
569015,flyer4,-6.4373e-06,12.0612,-0.3,0,1
569015,bullet1,8.8,15.5428,0.8,0,1
569016,bullet4,12.8,14.9555,0.8,0,1
569017,flyer5,7.5,9.24484,-0.3,0,2
569017,flyer6,16.5,12.0612,-0.299544,0.0165413,2
569018,bullet3,1.38847,15.6,0.8,0,1
569020,player,1.00854,15.1106,0.00622782,-0.151875,1
569020,bullet1,12.8,15.5428,0.8,0,1
569022,flyer5,5.99999,9.24484,-0.3,0,2
569022,flyer6,15.0023,12.1439,-0.299544,0.0165413,2
569022,bullet5,1.4126,15.0115,0.8,0,1
569023,bullet3,5.38847,15.6,0.8,0,1
569025,player,1.01354,14.9887,0.000114921,-0.00280252,1
569025,bullet6,1.41354,14.9887,0.8,0,1
569027,flyer5,4.49999,9.24484,-0.3,0,2
569027,flyer6,13.5046,12.2266,-0.299544,0.0165413,2
569027,bullet5,5.4126,15.0115,0.8,0,1
569028,bullet3,9.38847,15.6,0.8,0,1
569029,bullet2,1.41363,14.398,0.8,0,1
569030,player,1.01363,14.3841,2.12061e-06,-0.0138913,1
569030,bullet6,5.41354,14.9887,0.8,0,1
569032,flyer5,2.99999,9.24484,-0.3,0,2
569032,flyer6,12.0068,12.3093,-0.299544,0.0165413,2
569032,bullet5,9.41261,15.0115,0.8,0,1
569033,bullet3,13.3885,15.6,0.8,0,1
569034,bullet2,5.41363,14.398,0.8,0,1
569035,player,0.455918,13.8152,-0.0683437,-0.0686001,1
569035,bullet6,9.41354,14.9887,0.8,0,1
569037,flyer5,1.49999,9.24484,-0.3,0,2
569037,flyer6,10.5091,12.392,-0.299544,0.0165413,2
569037,bullet5,13.4126,15.0115,0.8,0,1
569039,bullet2,9.41363,14.398,0.8,0,1
569040,player,0.4,13.9258,0,-0.203806,1
569040,bullet6,13.4135,14.9887,0.8,0,1
569042,flyer5,-6.4373e-06,9.24484,-0.3,0,2
569042,flyer6,9.01142,12.4747,-0.299544,0.0165413,2
569043,bullet4,1.28938,13.7743,0.8,0,1
569044,bullet2,13.4136,14.398,0.8,0,1
569045,player,0.988474,13.7622,0.0307547,-0.00376079,1
569045,flayer7,16.5,12.0612,-0.28475,0.0944316,2
569045,bullet1,1.38847,13.7622,0.8,0,1
569047,flyer6,7.5137,12.5574,-0.299544,0.0165413,2
569047,bullet3,1.40854,13.7597,0.8,0,1
569048,bullet4,5.28938,13.7743,0.8,0,1
569050,player,1.50255,14.586,0.152442,0.489306,1
569050,flayer7,15.0763,12.5333,-0.28475,0.0944316,2
569050,bullet1,5.38847,13.7622,0.8,0,1
569052,flyer6,6.01598,12.6401,-0.299544,0.0165413,2
569052,bullet3,5.40854,13.7597,0.8,0,1
569052,bullet5,2.00202,14.9053,0.8,0,1
569053,bullet4,9.28938,13.7743,0.8,0,1
569055,player,1.06725,15.5367,-0.0655308,0.0773728,1
569055,flayer7,13.6525,13.0055,-0.28475,0.0944316,2
569055,bullet1,9.38847,13.7622,0.8,0,1
569057,flyer6,4.51826,12.7228,-0.299544,0.0165413,2
569057,bullet3,9.40854,13.7597,0.8,0,1
569057,bullet5,6.00202,14.9053,0.8,0,1
569057,bullet6,1.42449,15.5872,0.8,0,1
569060,player,0.525251,15.6,-0.153084,0,1
569060,bullet2,0.925251,15.6,0.8,0,1
569062,flyer6,3.02054,12.8055,-0.299544,0.0165413,2
569062,bullet3,13.4085,13.7597,0.8,0,1
569062,bullet5,10.002,14.9053,0.8,0,1
569062,bullet6,5.42449,15.5872,0.8,0,1
569065,player,0.402312,15.6,-0.00282483,0,1
569065,bullet2,4.92525,15.6,0.8,0,1
569067,flyer6,1.52282,12.8882,-0.299544,0.0165413,2
569067,bullet5,14.002,14.9053,0.8,0,1
569067,bullet6,9.42449,15.5872,0.8,0,1
569070,player,0.4,15.5009,0,0.12112,1
569070,flayer8,16.5,12.0612,-0.283882,-0.0970092,2
569070,bullet2,8.92525,15.6,0.8,0,1
569070,bullet4,0.8,15.5009,0.8,0,1
569072,flyer6,0.0251045,12.9709,-0.299544,0.0165413,2
569072,bullet6,13.4245,15.5872,0.8,0,1
569073,bullet1,0.8,15.1016,0.8,0,1
569075,player,0.4,14.6722,0,-0.36602,1
569075,flayer8,15.0806,11.5761,-0.283882,-0.0970092,2
569075,bullet2,12.9253,15.6,0.8,0,1
569075,bullet4,4.8,15.5009,0.8,0,1
569078,bullet1,4.8,15.1016,0.8,0,1
569079,bullet3,0.8,13.8273,0.8,0,1
569080,player,0.4,13.4523,0,-0.375009,1
569080,flayer8,13.6612,11.0911,-0.283882,-0.0970092,2
569080,bullet4,8.8,15.5009,0.8,0,1
569082,bullet5,0.8,13.2076,0.8,0,1
569083,bullet1,8.8,15.1016,0.8,0,1
569084,bullet3,4.8,13.8273,0.8,0,1
569085,player,0.4,12.2559,-0,-0.412764,1
569085,flayer8,12.2418,10.606,-0.283882,-0.0970092,2
569085,bullet4,12.8,15.5009,0.8,0,1
569087,bullet5,4.8,13.2076,0.8,0,1
569088,bullet1,12.8,15.1016,0.8,0,1
569089,bullet3,8.8,13.8273,0.8,0,1
569090,player,0.4,10.9984,0,-0.375871,1
569090,flayer8,10.8224,10.121,-0.283882,-0.0970092,2
569092,bullet5,8.8,13.2076,0.8,0,1
569093,flyer1,16.5,3.21583,-0.299738,0.0125414,2
569094,bullet3,12.8,13.8273,0.8,0,1
569095,player,1.54619,10.1389,0.0990984,-0.0752796,1
569095,flayer8,9.40295,9.63593,-0.283882,-0.0970092,2
569096,bullet6,1.99079,10.105,0.8,0,1
569097,bullet5,12.8,13.2076,0.8,0,1
569098,flyer1,15.0013,3.27853,-0.299738,0.0125414,2
569099,bullet2,2.58167,9.52208,0.8,0,1
569100,player,2.21425,9.48994,0.0325833,-0.0321438,1
569100,flayer8,7.98354,9.15088,-0.283882,-0.0970092,2
569100,bullet4,2.61425,9.48994,0.8,0,1
569101,bullet6,5.99079,10.105,0.8,0,1
569102,bullet1,2.63551,9.46897,0.8,0,1
569103,flyer1,13.5026,3.34124,-0.299738,0.0125414,2
569105,player,2.24042,9.46412,0.000601254,-0.000593144,1
569105,flayer8,6.56412,8.66583,-0.283882,-0.0970092,0
569105,bullet3,2.64042,9.46412,0.8,0,1
569106,bullet6,9.99079,10.105,0.8,0,1
569107,bullet1,6.63551,9.46897,0.8,0,1
569108,flyer1,12.0039,3.40394,-0.299738,0.0125414,2
569110,player,2.21015,9.46365,0.0376002,-1.09452e-05,1
569110,bullet3,6.64042,9.46412,0.8,0,1
569111,bullet6,13.9908,10.105,0.8,0,1
569112,bullet1,10.6355,9.46897,0.8,0,1
569112,bullet5,2.63468,9.46364,0.8,0,1
569113,flyer1,10.5052,3.46665,-0.299738,0.0125414,2
569115,player,3.13556,8.56842,0.406538,-0.405844,1
569115,bullet3,10.6404,9.46412,0.8,0,1
569116,bullet2,3.7185,8.38579,0.8,0,1
569117,bullet1,14.6355,9.46897,0.8,0,1
569117,bullet5,6.63468,9.46364,0.8,0,1
569118,flyer1,9.00655,3.52936,-0.299738,0.0125414,2
569120,player,2.41495,8.80021,-0.212717,0.0608548,1
569120,bullet3,14.6404,9.46412,0.8,0,1
569121,bullet2,7.7185,8.38579,0.8,0,1
569122,bullet5,10.6347,9.46364,0.8,0,1
569123,flyer2,16.5,12.0612,-0.273285,0.123755,2
569123,flyer1,7.50786,3.59206,-0.299738,0.0125414,2
569123,bullet4,2.65677,8.84547,0.8,0,1
569125,player,2.24412,8.84908,-0.00392523,0.00112294,1
569125,bullet6,2.64412,8.84908,0.8,0,1
569126,bullet2,11.7185,8.38579,0.8,0,1
569127,bullet5,14.6347,9.46364,0.8,0,1
569128,flyer2,15.1336,12.6799,-0.273285,0.123755,2
569128,flyer1,6.00917,3.65477,-0.299738,0.0125414,2
569128,bullet4,6.65677,8.84547,0.8,0,1
569130,player,2.0891,9.00186,0.185553,-0.185604,1
569130,bullet6,6.64412,8.84908,0.8,0,1
569131,bullet2,15.7185,8.38579,0.8,0,1
569132,bullet1,2.61017,8.88075,0.8,0,1
569133,flyer2,13.7672,13.2987,-0.273285,0.123755,2
569133,flyer1,4.51048,3.71748,-0.299738,0.0125414,2
569133,bullet4,10.6568,8.84547,0.8,0,1
569133,bullet3,2.62708,8.86384,0.8,0,1
569135,player,1.90061,8.8528,-0.334076,-0.00342492,1
569135,bullet6,10.6441,8.84908,0.8,0,1
569137,bullet1,6.61017,8.88075,0.8,0,1
569138,flyer2,12.4007,13.9175,-0.273285,0.123755,2
569138,flyer1,3.01179,3.78018,-0.299738,0.0125414,2
569138,bullet4,14.6568,8.84547,0.8,0,1
569138,bullet3,6.62708,8.86384,0.8,0,1
569140,player,1.85254,10.3476,-0.275321,0.41962,1
569140,bullet6,14.6441,8.84908,0.8,0,1
569142,bullet1,10.6102,8.88075,0.8,0,1
569142,bullet5,2.07289,10.6214,0.8,0,1
569143,flyer2,11.0343,14.5363,-0.273285,0.123755,2
569143,flyer1,1.51311,3.84289,-0.299738,0.0125414,2
569143,bullet3,10.6271,8.86384,0.8,0,1
569145,player,1.63143,9.78935,-0.00508044,-0.398101,1
569146,bullet2,2.02915,9.61021,0.8,0,1
569147,bullet1,14.6102,8.88075,0.8,0,1
569147,bullet5,6.07289,10.6214,0.8,0,1
569148,flyer2,9.66788,15.1551,-0.273285,0.123755,2
569148,flyer1,0.0144169,3.9056,-0.299738,0.0125414,2
569148,bullet3,14.6271,8.86384,0.8,0,1
569150,player,1.96485,9.46964,0.337406,-0.00734608,1
569151,bullet2,6.02915,9.61021,0.8,0,1
569152,flyer3,16.5,3.21583,-0.249465,-0.166635,2
569152,bullet5,10.0729,10.6214,0.8,0,1
569153,flyer2,8.30145,15.7738,-0.273285,0.123755,2
569155,player,2.45604,9.46374,-0.26293,-0.000135556,1
569156,bullet2,10.0291,9.61021,0.8,0,1
569157,flyer3,15.2527,2.38265,-0.249465,-0.166635,2
569157,bullet5,14.0729,10.6214,0.8,0,1
569157,bullet4,2.68447,9.46366,0.8,0,1
569158,flyer2,6.93503,16.3926,-0.273285,0.123755,2
569160,player,2.73426,8.97426,0.147023,-0.151877,1
569160,flyer4,16.5,3.21583,-0.3,0,2
569160,bullet6,3.13426,8.97426,0.8,0,1
569161,bullet2,14.0291,9.61021,0.8,0,1
569162,flyer3,14.0054,1.54947,-0.249465,-0.166635,2
569162,bullet4,6.68447,9.46366,0.8,0,1
569163,bullet1,3.24359,8.86132,0.8,0,1
569165,player,2.51483,8.51479,-0.334787,-0.340303,1
569165,flyer4,15,3.21583,-0.3,0,2
569165,bullet6,7.13426,8.97426,0.8,0,1
569166,bullet3,2.76417,8.36165,0.8,0,1
569167,flyer3,12.758,0.716295,-0.249465,-0.166635,2
569167,bullet4,10.6845,9.46366,0.8,0,1
569168,bullet1,7.24359,8.86132,0.8,0,1
569170,player,1.68825,7.75212,-0.0745215,-0.158155,1
569170,flyer4,13.5,3.21583,-0.3,0,2
569170,bullet6,11.1343,8.97426,0.8,0,1
569171,bullet3,6.76417,8.36165,0.8,0,1
569172,flyer3,11.5107,-0.116881,-0.249465,-0.166635,2
569172,bullet4,14.6845,9.46366,0.8,0,1
569173,bullet1,11.2436,8.86132,0.8,0,1
569175,player,1.6284,7.62511,-0.00137513,-0.0029184,1
569175,flyer4,12,3.21583,-0.3,0,2
569175,bullet6,15.1343,8.97426,0.8,0,1
569176,bullet3,10.7642,8.36165,0.8,0,1
569176,bullet5,2.02778,7.6238,0.8,0,1
569178,bullet1,15.2436,8.86132,0.8,0,1
569180,player,1.13792,7.13339,-0.1519,-0.151929,1
569180,flyer4,10.5,3.21583,-0.3,0,2
569180,flyer5,16.5,7.39235,-0.3,0,2
569181,bullet3,14.7642,8.36165,0.8,0,1
569181,bullet5,6.02778,7.6238,0.8,0,1
569183,bullet2,1.91434,6.53104,0.8,0,1
569185,player,1.9419,6.08541,0.365452,-0.371058,1
569185,flyer4,9,3.21583,-0.3,0,2
569185,flyer5,15,7.39235,-0.3,0,2
569186,bullet5,10.0278,7.6238,0.8,0,1
569186,bullet4,2.50636,5.91843,0.8,0,1
569188,bullet2,5.91434,6.53104,0.8,0,1
569190,player,2.72477,5.78742,0.158619,-0.00684707,1
569190,flyer4,7.5,3.21583,-0.3,0,2
569190,flyer5,13.5,7.39235,-0.3,0,1
569190,bullet6,3.12477,5.78742,0.8,0,1
569191,bullet4,6.50636,5.91843,0.8,0,1
569193,bullet2,9.91434,6.53104,0.8,0,1
569195,player,2.26368,5.78192,-0.0278277,-0.000126348,1
569195,flyer4,5.99999,3.21583,-0.3,0,2
569195,flyer5,12,7.39235,-0.3,0,0
569195,bullet6,7.12477,5.78742,0.8,0,1
569195,bullet1,2.66368,5.78192,0.8,0,1
569196,bullet4,10.5064,5.91843,0.8,0,1
569196,bullet3,2.65116,5.78186,0.8,0,1
569200,player,1.68361,5.78182,-0.0688573,-2.33147e-06,1
569200,flyer4,4.49999,3.21583,-0.3,0,2
569200,bullet6,11.1248,5.78742,0.8,0,1
569200,bullet1,6.66368,5.78192,0.8,0,1
569201,bullet4,14.5064,5.91843,0.8,0,1
569201,bullet3,6.65116,5.78186,0.8,0,1
569205,player,1.62831,5.78182,-0.00127061,-4.30222e-08,1
569205,flyer4,2.99999,3.21583,-0.3,0,2
569205,bullet6,15.1248,5.78742,0.8,0,1
569205,bullet1,10.6637,5.78192,0.8,0,1
569205,bullet5,2.02831,5.78182,0.8,0,1
569206,bullet3,10.6512,5.78186,0.8,0,1
569210,player,2.18501,6.33953,0.0683203,0.0683438,1
569210,flyer4,1.49999,3.21583,-0.3,0,2
569210,bullet1,14.6637,5.78192,0.8,0,1
569210,bullet5,6.02832,5.78182,0.8,0,1
569210,bullet2,2.58501,6.33953,0.8,0,1
569211,bullet3,14.6512,5.78186,0.8,0,1
569213,bullet4,2.14644,6.39036,0.8,0,1
569215,player,1.65141,6.39442,-0.029494,0.00126113,1
569215,flyer4,-6.4373e-06,3.21583,-0.3,0,2
569215,bullet5,10.0283,5.78182,0.8,0,1
569215,bullet2,6.58501,6.33953,0.8,0,1
569215,bullet6,2.05141,6.39442,0.8,0,1
569218,bullet4,6.14644,6.39036,0.8,0,1
569220,player,2.23003,6.99774,0.0132954,0.0138629,1
569220,bullet5,14.0283,5.78182,0.8,0,1
569220,bullet2,10.585,6.33953,0.8,0,1
569220,bullet6,6.05141,6.39442,0.8,0,1
569223,flayer7,16.5,7.39235,-0.3,0,2
569223,bullet4,10.1464,6.39036,0.8,0,1
569225,player,2.27147,6.97812,-0.0373437,0.0378449,1
569225,bullet2,14.585,6.33953,0.8,0,1
569225,bullet6,10.0514,6.39442,0.8,0,1
569225,bullet1,2.67147,6.97812,0.8,0,1
569228,flayer7,15,7.39235,-0.3,0,2
569228,bullet4,14.1464,6.39036,0.8,0,1
569229,bullet3,2.64216,7.00782,0.8,0,1
569230,player,2.24148,7.00852,-0.000689097,0.000698344,1
569230,bullet6,14.0514,6.39442,0.8,0,1
569230,bullet1,6.67147,6.97812,0.8,0,1
569232,bullet5,2.64103,7.00897,0.8,0,1
569233,flayer7,13.5,7.39235,-0.3,0,2
569233,bullet2,2.64096,7.00903,0.8,0,1
569234,bullet3,6.64217,7.00782,0.8,0,1
569235,player,2.24092,6.67158,-1.27158e-05,-0.337487,1
569235,bullet1,10.6715,6.97812,0.8,0,1
569237,bullet5,6.64103,7.00897,0.8,0,1
569238,flayer7,12,7.39235,-0.3,0,1
569238,bullet2,6.64096,7.00903,0.8,0,1
569239,bullet3,10.6422,7.00782,0.8,0,1
569240,player,2.46547,6.28761,0.475535,0.131808,1
569242,bullet5,10.641,7.00897,0.8,0,1
569243,bullet2,10.641,7.00903,0.8,0,1
569243,bullet4,3.70847,6.38562,0.8,0,1
569245,player,3.77334,6.73096,0.37703,0.339932,1
569246,flyer6,16.5,7.39235,-0.216731,-0.207431,2
569247,bullet5,14.641,7.00897,0.8,0,1
569248,bullet2,14.641,7.00903,0.8,0,1
569248,bullet4,7.70847,6.38562,0.8,0,1
569248,bullet6,5.01143,6.98374,0.8,0,1
569250,player,5.01594,7.00395,0.358297,0.00627271,1
569253,bullet4,11.7085,6.38562,0.8,0,1
569253,bullet6,9.01143,6.98374,0.8,0,1
569253,bullet1,6.17176,6.51924,0.8,0,1
569255,player,5.89216,6.42052,0.0373663,-0.0306389,1
569255,flayer8,16.5,4.24888,-0.299409,-0.018814,2
569255,bullet3,6.29216,6.42052,0.8,0,1
569258,bullet4,15.7085,6.38562,0.8,0,1
569258,bullet6,13.0114,6.98374,0.8,0,1
569258,bullet1,10.1718,6.51924,0.8,0,1
569260,player,5.92217,6.99823,0.000689513,0.0132742,1
569260,flayer8,15.003,4.15481,-0.299409,-0.018814,2
569260,bullet3,10.2922,6.42052,0.8,0,1
569261,bullet5,6.32248,7.0042,0.8,0,1
569263,bullet1,14.1718,6.51924,0.8,0,1
569263,bullet2,6.32268,7.0081,0.8,0,1
569265,player,5.43335,7.00888,-0.151862,0.000244947,1
569265,flayer8,13.5059,4.06074,-0.299409,-0.018814,2
569265,bullet3,14.2922,6.42052,0.8,0,1
569266,bullet5,10.3225,7.0042,0.8,0,1
569268,flyer1,16.5,1.67091,-0.3,0,2
569268,bullet2,10.3227,7.0081,0.8,0,1
569268,bullet4,5.1627,6.45135,0.8,0,1
569270,player,4.70908,6.40677,-0.0166419,-0.0138351,1
569270,flayer8,12.0089,3.96667,-0.299409,-0.018814,2
569270,bullet6,5.10908,6.40677,0.8,0,1
569271,bullet5,14.3225,7.0042,0.8,0,1
569273,flyer1,15,1.67091,-0.3,0,2
569273,bullet2,14.3227,7.0081,0.8,0,1
569273,bullet4,9.1627,6.45135,0.8,0,1
569275,player,4.35821,6.17544,-0.337807,0.268901,1
569275,flayer8,10.5118,3.8726,-0.299409,-0.018814,2
569275,bullet6,9.10908,6.40677,0.8,0,1
569277,bullet1,4.5378,6.3509,0.8,0,1
569278,flyer1,13.5,1.67091,-0.3,0,2
569278,bullet4,13.1627,6.45135,0.8,0,1
569280,player,4.64465,5.83367,0.0621103,-0.0633818,1
569280,flayer8,9.01475,3.77853,-0.299409,-0.018814,2
569280,bullet6,13.1091,6.40677,0.8,0,1
569280,bullet3,5.04465,5.83367,0.8,0,1
569282,bullet1,8.5378,6.3509,0.8,0,1
569283,flyer1,12,1.67091,-0.3,0,2
569285,player,5.1839,5.2934,0.153021,-0.153045,1
569285,flayer8,7.5177,3.68446,-0.299409,-0.018814,2
569285,bullet3,9.04465,5.83367,0.8,0,1
569285,bullet5,5.5839,5.2934,0.8,0,1
569287,bullet1,12.5378,6.3509,0.8,0,1
569287,bullet2,5.68375,5.19354,0.8,0,1
569288,flyer1,10.5,1.67091,-0.3,0,2
569290,player,5.30679,5.17049,0.00282367,-0.0028241,1
569290,flayer8,6.02066,3.59039,-0.299409,-0.018814,2
569290,bullet3,13.0446,5.83367,0.8,0,1
569290,bullet5,9.5839,5.2934,0.8,0,1
569292,bullet2,9.68375,5.19354,0.8,0,1
569292,bullet4,5.70863,5.16865,0.8,0,1
569293,flyer1,9,1.67091,-0.3,0,2
569295,player,5.30906,5.50572,5.21047e-05,0.337448,1
569295,flayer8,4.52361,3.49632,-0.299409,-0.018814,2
569295,bullet5,13.5839,5.2934,0.8,0,1
569297,bullet2,13.6837,5.19354,0.8,0,1
569297,bullet4,9.70863,5.16865,0.8,0,1
569297,bullet6,5.70909,5.72591,0.8,0,1
569298,flyer1,7.5,1.67091,-0.3,0,2
569300,player,5.79847,5.28734,0.151876,-0.145648,1
569300,flayer8,3.02656,3.40225,-0.299409,-0.018814,2
569302,bullet4,13.7086,5.16865,0.8,0,1
569302,bullet6,9.70909,5.72591,0.8,0,1
569303,flyer1,5.99999,1.67091,-0.3,0,2
569305,player,6.62185,5.50788,-0.104478,0.334812,1
569305,flayer8,1.52952,3.30818,-0.299409,-0.018814,2
569306,flyer2,16.5,6.61261,-0.3,0,2
569307,bullet6,13.7091,5.72591,0.8,0,1
569307,bullet1,6.15368,5.72634,-0.8,-6.99382e-08,1
569308,flyer1,4.49999,1.67091,-0.3,0,2
569309,bullet3,6.93988,5.77058,0.8,0,1
569310,player,6.53795,5.77676,-0.00192792,0.00617823,1
569310,flayer8,0.0324695,3.21411,-0.299409,-0.018814,2
569311,flyer2,15,6.61261,-0.3,0,1
569311,bullet5,6.93708,5.77954,0.8,0,1
569312,bullet1,2.15368,5.72634,-0.8,-6.99382e-08,1
569313,flyer1,2.99999,1.67091,-0.3,0,2
569314,bullet3,10.9399,5.77058,0.8,0,1
569315,player,7.61425,5.68262,0.182594,0.121234,1
569315,bullet2,8.01425,5.68262,0.8,0,1
569316,flyer2,13.5,6.61261,-0.3,0,1
569316,bullet5,10.9371,5.77954,0.8,0,1
569318,flyer1,1.49999,1.67091,-0.3,0,2
569320,player,6.6147,5.22227,-0.0957291,-0.0661066,1
569320,bullet2,12.0143,5.68262,0.8,0,1
569321,bullet5,14.9371,5.77954,0.8,0,1
569323,flyer1,-6.4373e-06,1.67091,-0.3,0,2
569323,flyer3,16.5,6.61261,-0.3,0,2
569324,flyer5,16.5,4.42988,-0.3,0,2
569325,player,5.00953,6.26087,-0.383861,0.164495,1
569325,flyer4,16.5,0.557932,-0.3,0,2
569325,bullet2,16.0143,5.68262,0.8,0,1
569326,flayer7,16.5,0.557932,-0.3,0,2
569327,bullet4,5.15906,6.3682,0.8,0,1
569328,flyer3,15,6.61261,-0.3,0,2
569329,flyer5,15,4.42988,-0.3,0,2
569330,player,4.70126,5.90359,-0.00708331,-0.14884,1
569330,flyer4,15,0.557932,-0.3,0,2
569331,flayer7,15,0.557932,-0.3,0,2
569332,bullet4,9.15906,6.3682,0.8,0,1
569333,flyer3,13.5,6.61261,-0.3,0,2
569334,flyer5,13.5,4.42988,-0.3,0,2
569335,player,4.35807,5.78406,-0.337631,-0.00274651,1
569335,flyer4,13.5,0.557932,-0.3,0,2
569336,flayer7,13.5,0.557932,-0.3,0,2
569336,bullet6,4.60614,5.78283,0.8,0,1
569338,flyer3,12,6.61261,-0.3,0,1
569339,flyer5,12,4.42988,-0.3,0,2
569340,player,4.5763,6.27123,0.145645,0.151824,1
569340,flyer4,12,0.557932,-0.3,0,2
569341,flayer7,12,0.557932,-0.3,0,2
569341,bullet6,8.60614,5.78283,0.8,0,1
569342,bullet1,5.5607,5.88092,0.8,0,1
569343,flyer3,10.5,6.61261,-0.3,0,0
569344,flyer5,10.5,4.42988,-0.3,0,2
569344,bullet3,5.67905,5.80189,0.8,0,1
569345,player,5.29557,5.79085,0.0165272,-0.011038,1
569345,flyer4,10.5,0.557932,-0.3,0,2
569346,flayer7,10.5,0.557932,-0.3,0,2
569347,bullet1,9.56071,5.88092,0.8,0,1
569349,flyer5,9,4.42988,-0.3,0,2
569349,bullet3,9.67905,5.80189,0.8,0,1
569349,bullet5,6.19792,5.88129,0.8,0,1
569350,player,5.86657,5.82658,0.0686487,-0.0547078,1
569350,flyer4,9,0.557932,-0.3,0,2
569351,flayer7,9,0.557932,-0.3,0,2
569351,bullet2,6.29746,5.80196,0.8,0,1
569352,bullet1,13.5607,5.88092,0.8,0,1
569354,flyer5,7.5,4.42988,-0.3,0,2
569354,bullet3,13.679,5.80189,0.8,0,1
569354,bullet5,10.1979,5.88129,0.8,0,1
569355,player,5.9217,6.27202,0.00126676,0.150865,1
569355,flyer4,7.5,0.557932,-0.3,0,2
569356,flayer7,7.5,0.557932,-0.3,0,2
569356,bullet2,10.2975,5.80196,0.8,0,1
569358,bullet4,6.81202,6.38421,0.8,0,1
569359,flyer5,5.99999,4.42988,-0.3,0,2
569359,bullet5,14.1979,5.88129,0.8,0,1
569360,player,6.51119,6.39318,0.0307781,0.00278389,1
569360,flyer4,5.99999,0.557932,-0.3,0,2
569361,flayer7,5.99999,0.557932,-0.3,0,2
569361,bullet2,14.2975,5.80196,0.8,0,1
569361,bullet6,6.92504,6.39443,0.8,0,1
569363,bullet4,10.812,6.38421,0.8,0,1
569364,flyer5,4.49999,4.42988,-0.3,0,2
569365,player,6.43681,6.39541,0.121688,5.13706e-05,1
569365,flyer4,4.49999,0.557932,-0.3,0,2
569365,bullet1,6.83681,6.39541,0.8,0,1
569366,flayer7,4.49999,0.557932,-0.3,0,2
569366,bullet6,10.925,6.39443,0.8,0,1
569367,bullet3,6.91621,6.39545,0.8,0,1
569368,bullet4,14.812,6.38421,0.8,0,1
569369,flyer5,2.99999,4.42988,-0.3,0,2
569370,player,5.97681,5.83774,-0.0660983,-0.0683428,1
569370,flyer4,2.99999,0.557932,-0.3,0,2
569370,bullet1,10.8368,6.39541,0.8,0,1
569370,bullet5,6.37681,5.83774,0.8,0,1
569371,flayer7,2.99999,0.557932,-0.3,0,2
569371,bullet6,14.925,6.39443,0.8,0,1
569372,bullet3,10.9162,6.39545,0.8,0,1
569374,flyer5,1.49999,4.42988,-0.3,0,2
569375,player,6.52605,6.38516,0.0126199,0.0125785,1
569375,flyer4,1.49999,0.557932,-0.3,0,2
569375,bullet1,14.8368,6.39541,0.8,0,1
569375,bullet5,10.3768,5.83774,0.8,0,1
569375,bullet2,6.92605,6.38516,0.8,0,1
569376,flayer7,1.49999,0.557932,-0.3,0,2
569377,bullet3,14.9162,6.39545,0.8,0,1
569378,bullet4,7.4248,6.88389,0.8,0,1
569379,flyer5,-6.4373e-06,4.42988,-0.3,0,2
569380,player,7.12465,6.98374,0.0309876,0.0309868,1
569380,flyer4,-6.4373e-06,0.557932,-0.3,0,2
569380,bullet5,14.3768,5.83774,0.8,0,1
569380,bullet2,10.926,6.38516,0.8,0,1
569380,bullet6,6.72465,6.98374,-0.8,-6.99382e-08,1
569381,flayer7,-6.4373e-06,0.557932,-0.3,0,2
569383,bullet4,11.4248,6.88389,0.8,0,1
569384,flyer6,16.5,0.557932,-0.3,0,2
569384,bullet1,7.54896,7.00805,0.8,0,1
569385,player,7.14954,7.00862,0.000571808,0.000571793,1
569385,bullet2,14.926,6.38516,0.8,0,1
569385,bullet6,2.72465,6.98374,-0.8,-6.99382e-08,1
569388,bullet4,15.4248,6.88389,0.8,0,1
569388,bullet3,7.54996,7.00905,0.8,0,1
569389,flyer6,15,0.557932,-0.3,0,2
569389,bullet1,11.549,7.00805,0.8,0,1
569390,player,7.15,7.00908,1.05515e-05,1.05512e-05,1
569390,flayer8,16.5,13.9265,-0.3,0,2
569393,bullet3,11.55,7.00905,0.8,0,1
569394,flyer6,13.5,0.557932,-0.3,0,2
569394,bullet1,15.549,7.00805,0.8,0,1
569394,bullet5,7.51925,7.56681,0.8,0,1
569395,player,7.13616,7.59756,0.0169153,0.0307549,1
569395,flayer8,15,13.9265,-0.3,0,2
569395,bullet2,7.53616,7.59756,0.8,0,1
569398,bullet3,15.55,7.00905,0.8,0,1
569398,bullet6,8.03812,7.62043,0.8,0,1
569399,flyer6,12,0.557932,-0.3,0,2
569399,bullet5,11.5193,7.56681,0.8,0,1
569400,player,7.73822,7.62226,0.0310668,0.000567514,1
569400,flayer8,13.5,13.9265,-0.3,0,2
569400,bullet2,11.5362,7.59756,0.8,0,1
569400,bullet4,8.13822,7.62226,0.8,0,1
569403,bullet6,12.0381,7.62043,0.8,0,1
569404,flyer6,10.5,0.557932,-0.3,0,2
569404,bullet5,15.5193,7.56681,0.8,0,1
569405,player,7.1747,7.62272,-0.0301814,1.04722e-05,1
569405,flayer8,12,13.9265,-0.3,0,2
569405,bullet2,15.5362,7.59756,0.8,0,1
569405,bullet4,12.1382,7.62226,0.8,0,1
569407,bullet1,7.555,7.62272,0.8,0,1
569408,bullet6,16.0381,7.62043,0.8,0,1
569409,flyer6,9,0.557932,-0.3,0,2
569410,player,6.59274,7.4025,-0.0689007,0.269156,1
569410,flayer8,10.5,13.9265,-0.3,0,2
569410,bullet4,16.1382,7.62226,0.8,0,1
569411,flyer2,16.5,13.9265,-0.3,0,2
569411,bullet3,6.96173,7.52363,0.8,0,1
569412,bullet1,11.555,7.62272,0.8,0,1
569413,bullet5,6.9415,7.60266,0.8,0,1
569414,flyer6,7.5,0.557932,-0.3,0,2
569415,player,6.53741,7.95616,-0.00127141,0.342467,1
569415,flayer8,9,13.9265,-0.3,0,2
569416,flyer2,15,13.9265,-0.3,0,2
569416,bullet3,10.9617,7.52363,0.8,0,1
569417,bullet1,15.555,7.62272,0.8,0,1
569417,bullet2,6.93658,8.17962,0.8,0,1
569418,bullet5,10.9415,7.60266,0.8,0,1
569419,flyer6,5.99999,0.557932,-0.3,0,2
569420,player,7.0941,8.23119,0.0683203,0.00631947,1
569420,flayer8,7.5,13.9265,-0.3,0,2
569420,bullet6,7.4941,8.23119,0.8,0,1
569421,flyer2,13.5,13.9265,-0.3,0,2
569421,bullet3,14.9617,7.52363,0.8,0,1
569422,bullet2,10.9366,8.17962,0.8,0,1
569423,bullet5,14.9415,7.60266,0.8,0,1
569423,bullet4,7.54491,8.23589,0.8,0,1
569424,flyer6,4.49999,0.557932,-0.3,0,2
569425,player,7.63834,7.74689,0.153136,-0.151758,1
569425,flayer8,5.99999,13.9265,-0.3,0,2
569425,bullet6,11.4941,8.23119,0.8,0,1
569426,flyer2,12,13.9265,-0.3,0,2
569427,bullet2,14.9366,8.17962,0.8,0,1
569428,bullet4,11.5449,8.23589,0.8,0,1
569429,flyer6,2.99999,0.557932,-0.3,0,2
569430,player,7.80592,6.46498,-0.0516784,-0.0849837,1
569430,flayer8,4.49999,13.9265,-0.3,0,2
569430,bullet6,15.4941,8.23119,0.8,0,1
569431,flyer2,10.5,13.9265,-0.3,0,2
569431,bullet1,8.18266,6.42674,0.8,0,1
569433,bullet4,15.5449,8.23589,0.8,0,1
569434,flyer6,1.49999,0.557932,-0.3,0,2
569434,bullet3,8.16537,6.3983,0.8,0,1
569435,player,7.76442,6.39673,-0.000953611,-0.00156819,1
569435,flayer8,2.99999,13.9265,-0.3,0,2
569436,flyer2,9,13.9265,-0.3,0,2
569436,bullet1,12.1827,6.42674,0.8,0,1
569436,bullet5,7.36399,6.39603,-0.8,-6.99382e-08,1
569439,flyer6,-6.4373e-06,0.557932,-0.3,0,2
569439,bullet3,12.1654,6.3983,0.8,0,1
569440,player,8.65887,6.39548,0.405826,-2.89375e-05,1
569440,flayer8,1.49999,13.9265,-0.3,0,2
569441,flyer2,7.5,13.9265,-0.3,0,2
569441,bullet1,16.1827,6.42674,0.8,0,1
569441,bullet5,3.36399,6.39603,-0.8,-6.99382e-08,1
569441,bullet2,8.44149,6.39546,-0.8,-6.99382e-08,1
569444,bullet3,16.1654,6.3983,0.8,0,1
569445,player,9.5425,6.39545,0.0758324,-5.33978e-07,1
569445,flayer8,-6.4373e-06,13.9265,-0.3,0,2
569445,bullet6,9.9425,6.39545,0.8,0,1
569446,flyer2,5.99999,13.9265,-0.3,0,2
569446,bullet2,4.44149,6.39546,-0.8,-6.99382e-08,1
569447,flyer1,16.5,13.9265,-0.3,0,2
569447,bullet4,9.19198,6.39545,-0.8,-6.99382e-08,1
569448,bullet1,9.99889,6.39545,0.8,0,1
569450,player,9.6034,6.39545,0.00139932,-9.8534e-09,1
569450,bullet6,13.9425,6.39545,0.8,0,1
569451,flyer2,4.49999,13.9265,-0.3,0,2
569451,bullet2,0.44149,6.39546,-0.8,-6.99382e-08,1
569452,flyer1,15,13.9265,-0.3,0,2
569452,bullet4,5.19198,6.39545,-0.8,-6.99382e-08,1
569453,bullet1,13.9989,6.39545,0.8,0,1
569453,bullet3,10.0044,6.39545,0.8,0,1
569455,player,9.60452,5.90608,2.58214e-05,-0.151875,1
569456,flyer2,2.99999,13.9265,-0.3,0,2
569457,flyer1,13.5,13.9265,-0.3,0,2
569457,bullet4,1.19198,6.39545,-0.8,-6.99382e-08,1
569458,bullet3,14.0044,6.39545,0.8,0,1
569459,flyer3,16.5,13.9265,-0.297923,-0.0352417,2
569460,player,9.00223,5.78411,-0.0138391,-0.00280252,1
569460,bullet5,9.40223,5.78411,0.8,0,1
569461,flyer2,1.49999,13.9265,-0.3,0,2
569462,flyer1,12,13.9265,-0.3,0,2
569463,bullet2,9.39193,5.78203,0.8,0,1
569464,flyer3,15.0104,13.7503,-0.297923,-0.0352417,2
569465,player,8.65361,5.44436,-0.337755,-0.337552,1
569465,bullet5,13.4022,5.78411,0.8,0,1
569466,flyer2,-6.4373e-06,13.9265,-0.3,0,2
569467,flyer1,10.5,13.9265,-0.3,0,2
569468,bullet2,13.3919,5.78203,0.8,0,1
569469,flyer3,13.5208,13.5741,-0.297923,-0.0352417,2
569469,flyer5,16.5,5.82478,-0.29976,0.0120034,2
569470,player,7.57367,4.61556,0.232169,-0.0745725,1
569471,bullet6,8.07815,4.582,0.8,0,1
569472,flyer1,9,13.9265,-0.3,0,2
569474,flyer3,12.0312,13.3979,-0.297923,-0.0352417,2
569474,flyer5,15.0012,5.8848,-0.29976,0.0120034,1
569475,player,8.587,3.7288,0.493659,-0.490751,1
569476,bullet6,12.0781,4.582,0.8,0,1
569477,flyer1,7.5,13.9265,-0.3,0,2
569479,flyer3,10.5415,13.2217,-0.297923,-0.0352417,2
569479,flyer5,13.5024,5.94482,-0.29976,0.0120034,1
569480,player,9.90942,4.26066,0.377364,0.359199,1
569481,bullet6,16.0781,4.582,0.8,0,1
569482,flyer1,5.99999,13.9265,-0.3,0,2
569482,flyer4,16.5,4.14072,-0.3,0,2
569484,flyer3,9.05192,13.0455,-0.297923,-0.0352417,2
569484,flyer5,12.0036,6.00484,-0.29976,0.0120034,1
569485,player,10.801,3.47128,0.0377181,-0.176001,1
569485,bullet1,11.201,3.47128,0.8,0,1
569487,flyer1,4.49999,13.9265,-0.3,0,2
569487,flyer4,15,4.14072,-0.3,0,2
569487,bullet4,11.2256,3.35644,0.8,0,1
569488,bullet3,10.429,3.3404,-0.8,-6.99382e-08,1
569489,flyer3,7.56231,12.8693,-0.297923,-0.0352417,2
569489,flyer5,10.5048,6.06485,-0.29976,0.0120034,1
569490,player,10.8312,3.32993,0.000696005,-0.00324772,1
569492,flyer1,2.99999,13.9265,-0.3,0,2
569492,bullet5,10.7423,2.83844,0.8,0,1
569493,bullet3,6.429,3.3404,-0.8,-6.99382e-08,1
569494,flyer3,6.07269,12.693,-0.297923,-0.0352417,2
569494,flyer5,9.006,6.12487,-0.29976,0.0120034,1
569495,player,10.2295,3.21439,-0.0138268,0.137975,1
569495,bullet2,10.6295,3.21439,0.8,0,1
569497,flyer1,1.49999,13.9265,-0.3,0,2
569497,bullet5,14.7423,2.83844,0.8,0,1
569498,bullet3,2.429,3.3404,-0.8,-6.99382e-08,1
569498,bullet6,10.6192,3.80636,0.8,0,1
569499,flyer3,4.58308,12.5168,-0.297923,-0.0352417,2
569499,flyer5,7.50721,6.18489,-0.29976,0.0120034,1
569500,player,10.2184,4.25117,-0.000255143,0.370801,1
569500,bullet2,14.6295,3.21439,0.8,0,1
569502,flyer1,-6.4373e-06,13.9265,-0.3,0,2
569502,bullet1,10.6182,4.49311,0.8,0,1
569503,bullet6,14.6192,3.80636,0.8,0,1
569504,flyer3,3.09346,12.3406,-0.297923,-0.0352417,2
569504,flyer5,6.00841,6.2449,-0.29976,0.0120034,1
569504,bullet4,10.6182,4.54211,0.8,0,1
569505,player,10.2182,4.54895,-4.7081e-06,0.00684232,1
569505,bullet5,10.6182,4.54895,0.8,0,1
569507,bullet1,14.6182,4.49311,0.8,0,1
569507,bullet3,10.6182,4.55341,0.8,0,1
569509,flyer3,1.60385,12.1644,-0.297923,-0.0352417,2
569509,flyer5,4.50961,6.30492,-0.29976,0.0120034,1
569509,bullet4,14.6182,4.54211,0.8,0,1
569510,player,10.2182,4.55444,-8.68777e-08,0.00012626,1
569510,bullet5,14.6182,4.54895,0.8,0,1
569512,bullet3,14.6182,4.55341,0.8,0,1
569513,flayer7,16.5,4.14072,-0.3,0,2
569514,flyer3,0.114234,11.9882,-0.297923,-0.0352417,2
569514,flyer5,3.01081,6.36494,-0.29976,0.0120034,1
569515,player,10.232,4.45545,-0.0169151,0.121123,1
569515,bullet2,10.632,4.45545,0.8,0,1
569518,flayer7,15,4.14072,-0.3,0,1
569519,flyer5,1.51201,6.42496,-0.29976,0.0120034,1
569520,player,9.66071,4.52196,-0.0686559,0.0398241,1
569520,bullet2,14.632,4.45545,0.8,0,1
569521,flyer6,16.5,4.14072,-0.3,0,2
569524,flyer5,0.0132092,6.48497,-0.29976,0.0120034,1
569524,flayer8,16.5,4.14072,-0.249058,-0.167242,2
569525,player,10.6834,3.36315,0.181363,-0.0438594,1
569525,flyer2,16.5,15.4233,-0.242342,0.176834,2
569525,bullet6,11.0834,3.36315,0.8,0,1
569526,flyer6,15,4.14072,-0.3,0,2
569527,bullet1,11.2018,3.33454,0.8,0,1
569529,flayer8,15.2547,3.30451,-0.249058,-0.167242,2
569529,bullet4,11.2257,3.32874,0.8,0,1
569530,player,10.8291,3.32793,0.00334665,-0.00080933,1
569530,flyer2,15.2883,16.3074,-0.242342,0.176834,2
569531,bullet5,11.2306,3.32757,0.8,0,1
569534,flayer8,14.0094,2.4683,-0.249058,-0.167242,0
569534,bullet3,10.674,3.3273,0.8,0,1
569535,player,9.90578,3.66478,-0.368193,0.337485,1
569538,flyer4,16.5,4.81149,-0.3,0,2
569539,flyer1,16.5,4.81149,-0.3,0,2
569539,bullet3,14.674,3.3273,0.8,0,1
569540,player,8.12639,3.00984,-0.443393,-0.362027,1
569540,flyer3,16.5,13.6012,-0.3,0,2
569542,flayer7,16.5,13.6012,-0.3,0,2
569542,bullet2,8.23708,2.77361,0.8,0,1
569543,flyer4,15,4.81149,-0.3,0,2
569544,flyer1,15,4.81149,-0.3,0,2
569544,bullet6,8.17849,2.72578,0.8,0,1
569545,player,8.10781,2.3816,0.329318,-0.34418,1
569545,flyer3,15,13.6012,-0.3,0,2
569547,flayer7,15,13.6012,-0.3,0,2
569547,bullet2,12.2371,2.77361,0.8,0,1
569548,flyer4,13.5,4.81149,-0.3,0,2
569548,bullet1,7.9527,2.12566,-0.8,-6.99382e-08,1
569549,flyer1,13.5,4.81149,-0.3,0,2
569549,bullet6,12.1785,2.72578,0.8,0,1
569550,player,8.70978,2.10519,0.343577,-0.0063511,1
569550,flyer3,13.5,13.6012,-0.3,0,2
569552,flayer7,13.5,13.6012,-0.3,0,2
569552,bullet2,16.2371,2.77361,0.8,0,1
569553,flyer4,12,4.81149,-0.3,0,2
569553,bullet1,3.9527,2.12566,-0.8,-6.99382e-08,1
569553,bullet4,9.923,1.54275,0.8,0,1
569554,flyer1,12,4.81149,-0.3,0,2
569554,bullet6,16.1785,2.72578,0.8,0,1
569555,player,9.25052,1.83528,-0.31732,0.323543,1
569555,flyer3,12,13.6012,-0.3,0,2
569557,flayer7,12,13.6012,-0.3,0,2
569558,flyer4,10.5,4.81149,-0.3,0,2
569558,bullet1,-0.0472986,2.12566,-0.8,-6.99382e-08,1
569558,bullet4,13.923,1.54275,0.8,0,1
569558,bullet5,9.90392,2.07587,0.8,0,1
569559,flyer1,10.5,4.81149,-0.3,0,2
569560,player,9.58416,2.09511,0.0248992,0.00597028,1
569560,flyer3,10.5,13.6012,-0.3,0,2
569561,bullet3,9.19536,2.0978,-0.8,-6.99382e-08,1
569562,flayer7,10.5,13.6012,-0.3,0,2
569563,flyer4,9,4.81149,-0.3,0,2
569563,bullet5,13.9039,2.07587,0.8,0,1
569564,flyer1,9,4.81149,-0.3,0,2
569565,player,9.60415,2.58928,0.000459461,0.151985,1
569565,flyer3,9,13.6012,-0.3,0,2
569565,bullet2,9.20415,2.58928,-0.8,-6.99382e-08,1
569566,bullet3,5.19536,2.0978,-0.8,-6.99382e-08,1
569567,flayer7,9,13.6012,-0.3,0,2
569567,bullet6,10.0044,2.68845,0.8,0,1
569568,flyer4,7.5,4.81149,-0.3,0,2
569568,bullet1,10.0045,2.7023,0.8,0,1
569569,flyer1,7.5,4.81149,-0.3,0,2
569570,player,9.60452,2.71134,8.47835e-06,0.00280455,1
569570,flyer3,7.5,13.6012,-0.3,0,2
569570,bullet2,5.20415,2.58928,-0.8,-6.99382e-08,1
569571,bullet3,1.19536,2.0978,-0.8,-6.99382e-08,1
569572,flayer7,7.5,13.6012,-0.3,0,2
569572,bullet6,14.0044,2.68845,0.8,0,1
569573,flyer4,5.99999,4.81149,-0.3,0,2
569573,bullet1,14.0045,2.7023,0.8,0,1
569574,flyer1,5.99999,4.81149,-0.3,0,2
569575,player,9.60452,2.81269,1.56449e-07,-0.121069,1
569575,flyer3,5.99999,13.6012,-0.3,0,2
569575,bullet2,1.20415,2.58928,-0.8,-6.99382e-08,1
569575,bullet4,10.0045,2.81269,0.8,0,1
569577,flayer7,5.99999,13.6012,-0.3,0,2
569578,flyer4,4.49999,4.81149,-0.3,0,2
569579,flyer1,4.49999,4.81149,-0.3,0,2
569580,player,9.60452,2.71546,2.88693e-09,-0.00223406,1
569580,flyer3,4.49999,13.6012,-0.3,0,2
569580,bullet4,14.0045,2.81269,0.8,0,1
569581,bullet5,10.0045,2.71445,0.8,0,1
569582,flayer7,4.49999,13.6012,-0.3,0,2
569582,bullet3,10.0045,2.714,0.8,0,1
569583,flyer4,2.99999,4.81149,-0.3,0,2
569584,flyer1,2.99999,4.81149,-0.3,0,2
569584,bullet6,10.0045,2.71371,0.8,0,1
569585,player,9.60452,2.71367,5.3272e-11,-4.12246e-05,1
569585,flyer3,2.99999,13.6012,-0.3,0,2
569585,bullet1,10.0045,2.71367,0.8,0,1
569586,bullet5,14.0045,2.71445,0.8,0,1
569587,flayer7,2.99999,13.6012,-0.3,0,2
569587,bullet3,14.0045,2.714,0.8,0,1
569588,flyer4,1.49999,4.81149,-0.3,0,2
569589,flyer1,1.49999,4.81149,-0.3,0,2
569589,bullet6,14.0045,2.71371,0.8,0,1
569590,player,9.60452,2.71363,9.83018e-13,-7.6071e-07,1
569590,flyer3,1.49999,13.6012,-0.3,0,2
569590,bullet1,14.0045,2.71367,0.8,0,1
569590,bullet2,10.0045,2.71363,0.8,0,1
569592,flayer7,1.49999,13.6012,-0.3,0,2
569593,flyer4,-6.4373e-06,4.81149,-0.3,0,2
569594,flyer1,-6.4373e-06,4.81149,-0.3,0,2
569595,player,8.77764,3.45398,-0.489375,-0.15487,1
569595,flyer3,-6.4373e-06,13.6012,-0.3,0,2
569595,bullet2,14.0045,2.71363,0.8,0,1
569596,flyer5,16.5,13.6012,-0.291646,-0.0703052,2
569597,flayer7,-6.4373e-06,13.6012,-0.3,0,2
569597,flyer6,16.5,1.53987,-0.3,0,2
569598,flyer2,16.5,5.94242,-0.273884,-0.122424,2
569598,bullet4,9.30311,2.84944,0.8,0,1
569600,player,8.97311,2.74113,0.0217243,-0.0336125,1
569600,bullet5,9.37311,2.74113,0.8,0,1
569601,flyer5,15.0418,13.2496,-0.291646,-0.0703052,2
569602,flyer6,15,1.53987,-0.3,0,2
569603,flyer2,15.1306,5.3303,-0.273884,-0.122424,2
569603,bullet4,13.3031,2.84944,0.8,0,1
569603,bullet3,9.38926,3.20551,0.8,0,1
569605,player,8.99056,3.30261,0.000400875,0.0301344,1
569605,bullet5,13.3731,2.74113,0.8,0,1
569606,flyer5,13.5835,12.8981,-0.291646,-0.0703052,2
569606,bullet6,9.39074,3.31617,0.8,0,1
569607,flyer6,13.5,1.53987,-0.3,0,2
569607,bullet1,9.39082,3.32228,0.8,0,1
569608,flyer2,13.7612,4.71818,-0.273884,-0.122424,2
569608,bullet3,13.3893,3.20551,0.8,0,1
569610,player,8.50151,3.47869,-0.151868,-0.185069,1
569611,flyer5,12.1253,12.5466,-0.291646,-0.0703052,2
569611,bullet6,13.3907,3.31617,0.8,0,1
569612,flyer6,12,1.53987,-0.3,0,2
569612,bullet1,13.3908,3.32228,0.8,0,1
569613,flyer2,12.3917,4.10607,-0.273884,-0.122424,2
569614,bullet2,9.34006,2.77576,0.8,0,1
569615,player,8.96802,2.74159,0.0279523,-0.0341697,1
569616,flyer5,10.6671,12.1951,-0.291646,-0.0703052,2
569616,bullet4,9.38059,2.72621,0.8,0,1
569617,flyer6,10.5,1.53987,-0.3,0,2
569617,bullet5,9.38625,2.71929,0.8,0,1
569618,flyer2,11.0223,3.49395,-0.273884,-0.122424,-1
569620,player,9.47984,2.37665,0.152391,-0.338131,1
