270994,player,2.05927,7.02682,0,0,1
270995,bullet1,2.45927,7.02682,0.8,0,1
270998,bullet2,2.94865,7.02682,0.8,0,1
270999,player,2.61699,7.02682,0.0683438,0,1
271000,bullet1,6.45927,7.02682,0.8,0,1
271003,bullet2,6.94865,7.02682,0.8,0,1
271004,player,2.93669,8.5551,-0.322399,0.382094,1
271005,bullet1,10.4593,7.02682,0.8,0,1
271005,bullet3,3.19161,8.72705,0.8,0,1
271007,bullet4,3.09695,8.83924,0.8,0,1
271008,bullet2,10.9486,7.02682,0.8,0,1
271009,player,2.67778,8.86195,-0.00594917,0.00705071,1
271010,bullet1,14.4593,7.02682,0.8,0,1
271010,bullet3,7.19161,8.72705,0.8,0,1
271012,bullet4,7.09695,8.83924,0.8,0,1
271013,flyer1,16.5,12.0052,-0.3,0,2
271013,bullet2,14.9487,7.02682,0.8,0,1
271014,player,1.93265,8.76852,0.154761,0.12125,1
271015,bullet3,11.1916,8.72705,0.8,0,1
271016,flyer2,16.5,12.0052,-0.258099,-0.152921,2
271017,bullet4,11.0969,8.83924,0.8,0,1
271017,bullet5,2.44773,8.85868,0.8,0,1
271018,flyer1,15,12.0052,-0.3,0,2
271018,bullet6,2.45408,8.86365,0.8,0,1
271019,player,2.05693,8.86589,0.00285577,0.00223741,1
271020,bullet3,15.1916,8.72705,0.8,0,1
271021,flyer2,15.2095,11.2406,-0.258099,-0.152921,2
271022,bullet4,15.0969,8.83924,0.8,0,1
271022,bullet5,6.44773,8.85868,0.8,0,1
271023,flyer1,13.5,12.0052,-0.3,0,2
271023,bullet6,6.45408,8.86365,0.8,0,1
271024,player,2.05923,8.86768,5.26969e-05,4.12865e-05,1
271024,bullet1,2.45923,8.86768,0.8,0,1
271026,flyer2,13.919,10.476,-0.258099,-0.152921,2
271027,bullet5,10.4477,8.85868,0.8,0,1
271028,flyer1,12,12.0052,-0.3,0,2
271028,bullet6,10.4541,8.86365,0.8,0,1
271029,player,0.967582,9.47003,-0.165714,0.0138404,1
271029,bullet1,6.45923,8.86768,0.8,0,1
271029,bullet2,1.36758,9.47003,0.8,0,1
271031,flyer2,12.6285,9.71144,-0.258099,-0.152921,1
271031,bullet3,1.25945,9.47906,0.8,0,1
271032,bullet5,14.4477,8.85868,0.8,0,1
271033,flyer1,10.5,12.0052,-0.3,0,2
271034,player,0.497,9.48115,-0.340558,0.000255394,1
271034,bullet1,10.4592,8.86768,0.8,0,1
271034,bullet2,5.36758,9.47003,0.8,0,1
271036,bullet3,5.25945,9.47906,0.8,0,1
271038,flyer1,9,12.0052,-0.3,0,2
271039,player,0.4,9.38225,0,0.121125,1
271039,bullet2,9.36758,9.47003,0.8,0,1
271039,bullet4,0.8,9.38225,0.8,0,1
271041,bullet3,9.25945,9.47906,0.8,0,1
271043,flyer1,7.5,12.0052,-0.3,0,2
271044,player,1.54619,9.51028,0.0990984,-0.035354,1
271044,bullet2,13.3676,9.47003,0.8,0,1
271044,bullet4,4.8,9.38225,0.8,0,1
271045,bullet6,1.99079,9.49436,0.8,0,1
271046,bullet3,13.2595,9.47906,0.8,0,1
271048,flyer1,5.99999,12.0052,-0.3,0,2
271049,player,2.21425,9.58098,0.0325833,-0.121773,1
271049,bullet4,8.8,9.38225,0.8,0,1
271049,bullet5,2.61425,9.58098,0.8,0,1
271050,bullet6,5.99079,9.49436,0.8,0,1
271053,flyer1,4.49999,12.0052,-0.3,0,2
271054,player,2.24042,8.89471,0.000601254,-0.0330017,1
271054,bullet4,12.8,9.38225,0.8,0,1
271054,bullet5,6.61425,9.58098,0.8,0,1
271054,bullet1,2.64042,8.89471,0.8,0,1
271055,bullet6,9.99079,9.49436,0.8,0,1
271058,flyer1,2.99999,12.0052,-0.3,0,2
271059,player,2.2409,8.53071,1.10948e-05,-0.338109,1
271059,bullet5,10.6143,9.58098,0.8,0,1
271059,bullet1,6.64042,8.89471,0.8,0,1
271060,bullet6,13.9908,9.49436,0.8,0,1
271063,flyer1,1.49999,12.0052,-0.3,0,2
271064,player,2.27166,7.11299,-0.0375889,-0.105337,1
271064,flyer3,16.5,8.54029,-0.220131,-0.203819,2
271064,bullet5,14.6143,9.58098,0.8,0,1
271064,bullet1,10.6404,8.89471,0.8,0,1
271064,bullet2,2.67166,7.11299,0.8,0,1
271065,bullet3,1.85475,7.06559,-0.8,-6.99382e-08,1
271067,bullet4,2.64371,7.03466,0.8,0,1
271068,flyer1,-6.4373e-06,12.0052,-0.3,0,2
271069,player,2.24148,6.69089,-0.00069362,-0.339444,1
271069,flyer3,15.3993,7.52119,-0.220131,-0.203819,2
271069,bullet1,14.6404,8.89471,0.8,0,1
271069,bullet2,6.67166,7.11299,0.8,0,1
271072,flyer4,16.5,8.54029,-0.3,0,2
271072,bullet4,6.64371,7.03466,0.8,0,1
271074,player,2.24092,6.41829,-1.27992e-05,-0.00626369,1
271074,flyer3,14.2987,6.5021,-0.220131,-0.203819,2
271074,bullet2,10.6717,7.11299,0.8,0,1
271077,flyer4,15,8.54029,-0.3,0,2
271077,bullet4,10.6437,7.03466,0.8,0,1
271079,player,2.34001,6.41326,-0.121121,-0.000115583,1
271079,flyer3,13.198,5.483,-0.220131,-0.203819,2
271079,bullet2,14.6717,7.11299,0.8,0,1
271079,bullet6,2.74001,6.41326,0.8,0,1
271082,flyer4,13.5,8.54029,-0.3,0,2
271082,bullet4,14.6437,7.03466,0.8,0,1
271084,player,2.80046,5.85545,0.0661087,-0.0683459,1
271084,flyer3,12.0974,4.46391,-0.220131,-0.203819,2
271084,bullet6,6.74001,6.41326,0.8,0,1
271085,flyer5,16.5,0.794282,-0.286342,-0.0894902,2
271085,bullet5,3.23021,5.82469,0.8,0,1
271087,flyer4,12,8.54029,-0.3,0,2
271089,player,3.19105,4.38521,0.33872,-0.521391,1
271089,flyer3,10.9967,3.44481,-0.220131,-0.203819,2
271089,bullet6,10.74,6.41326,0.8,0,1
271090,flyer5,15.0683,0.346831,-0.286342,-0.0894902,2
271090,bullet5,7.23021,5.82469,0.8,0,1
271092,flyer4,10.5,8.54029,-0.3,0,2
271094,player,2.90535,3.40877,-0.0620934,-0.0779649,1
271094,flyer3,9.89607,2.42572,-0.220131,-0.203819,2
271094,bullet6,14.74,6.41326,0.8,0,1
271095,flyer5,13.6366,-0.10062,-0.286342,-0.0894902,2
271095,bullet5,11.2302,5.82469,0.8,0,1
271095,bullet3,3.27741,3.37369,0.8,0,1
271096,bullet1,3.26484,3.3579,0.8,0,1
271097,flyer4,9,8.54029,-0.3,0,2
271099,player,3.00736,4.17303,-0.186771,0.487936,1
271099,flyer3,8.79542,1.40662,-0.220131,-0.203819,2
271100,bullet5,15.2302,5.82469,0.8,0,1
271100,bullet3,7.27741,3.37369,0.8,0,1
271101,bullet1,7.26484,3.3579,0.8,0,1
271101,bullet2,2.48549,4.49141,-0.8,-6.99382e-08,1
271102,flyer4,7.5,8.54029,-0.3,0,2
271103,bullet4,3.26082,4.55588,0.8,0,1
271104,player,2.85737,4.56489,-0.00344645,0.0090038,1
271104,flyer3,7.69476,0.387528,-0.220131,-0.203819,2
271105,bullet3,11.2774,3.37369,0.8,0,1
271106,bullet1,11.2648,3.3579,0.8,0,1
271107,flyer4,5.99999,8.54029,-0.3,0,2
271108,bullet4,7.26082,4.55588,0.8,0,1
271109,player,3.33014,3.63231,0.168726,-0.351173,1
271110,bullet3,15.2774,3.37369,0.8,0,1
271111,bullet1,15.2648,3.3579,0.8,0,1
271112,flyer4,4.49999,8.54029,-0.3,0,2
271112,flyer6,16.5,0.794282,-0.3,0,2
271113,flayer7,16.5,6.82552,-0.3,0,2
271113,bullet4,11.2608,4.55588,0.8,0,1
271113,bullet6,3.86252,3.91448,0.8,0,1
271114,player,3.46564,3.93876,0.00311348,0.0242746,1
271115,bullet5,3.86704,3.94968,0.8,0,1
271116,bullet2,3.86767,3.9546,0.8,0,1
271117,flyer4,2.99999,8.54029,-0.3,0,2
271117,flyer6,15,0.794282,-0.3,0,2
271118,flayer7,15,6.82552,-0.3,0,2
271118,bullet4,15.2608,4.55588,0.8,0,1
271118,bullet6,7.86253,3.91448,0.8,0,1
271119,player,3.95751,3.62075,0.151932,-0.337052,1
271120,bullet5,7.86704,3.94968,0.8,0,1
271121,bullet2,7.86767,3.9546,0.8,0,1
271122,flyer4,1.49999,8.54029,-0.3,0,2
271122,flyer6,13.5,0.794282,-0.3,0,2
271122,bullet3,4.47049,3.37011,0.8,0,1
271123,flayer7,13.5,6.82552,-0.3,0,2
271123,bullet6,11.8625,3.91448,0.8,0,1
271124,player,3.59015,3.83945,-0.149071,0.145655,1
271125,bullet5,11.867,3.94968,0.8,0,1
271126,bullet2,11.8677,3.9546,0.8,0,1
271127,flyer4,-6.4373e-06,8.54029,-0.3,0,2
271127,flyer6,12,0.794282,-0.3,0,2
271127,bullet3,8.47049,3.37011,0.8,0,1
271128,flayer7,12,6.82552,-0.3,0,2
271128,bullet6,15.8625,3.91448,0.8,0,1
271129,player,3.73525,4.55873,-0.326411,0.0165274,1
271130,bullet5,15.867,3.94968,0.8,0,1
271131,bullet2,15.8677,3.9546,0.8,0,1
271132,flyer6,10.5,0.794282,-0.3,0,2
271132,flayer8,16.5,6.82552,-0.29736,-0.0397126,2
271132,bullet3,12.4705,3.37011,0.8,0,1
271133,flayer7,10.5,6.82552,-0.3,0,2
271133,bullet1,3.29066,4.08233,0.8,0,1
271134,player,2.8708,4.01429,-0.0198628,-0.0680388,1
271136,bullet4,3.74721,4.45927,0.8,0,1
271137,flyer6,9,0.794282,-0.3,0,2
271137,flayer8,15.0132,6.62696,-0.29736,-0.0397126,2
271138,flayer7,9,6.82552,-0.3,0,2
271138,bullet1,7.29066,4.08233,0.8,0,1
271138,bullet6,3.84369,4.54938,0.8,0,1
271139,player,3.45716,4.56196,0.0134731,0.0125841,1
271141,bullet4,7.74721,4.45927,0.8,0,1
271142,flyer6,7.5,0.794282,-0.3,0,2
271142,flayer8,13.5264,6.4284,-0.29736,-0.0397126,2
271142,bullet5,4.4249,4.57132,0.8,0,1
271143,flayer7,7.5,6.82552,-0.3,0,2
271143,bullet1,11.2907,4.08233,0.8,0,1
271143,bullet6,7.84369,4.54938,0.8,0,1
271144,player,3.58092,4.08269,-0.137787,-0.151643,1
271146,bullet4,11.7472,4.45927,0.8,0,1
271147,flyer6,5.99999,0.794282,-0.3,0,2
271147,flayer8,12.0396,6.22983,-0.29736,-0.0397126,2
271147,bullet5,8.4249,4.57132,0.8,0,1
271148,flayer7,5.99999,6.82552,-0.3,0,2
271148,bullet1,15.2907,4.08233,0.8,0,1
271148,bullet6,11.8437,4.54938,0.8,0,1
271149,player,3.21929,4.88688,0.304203,0.365456,1
271151,bullet4,15.7472,4.45927,0.8,0,1
271151,bullet2,3.01778,5.12534,-0.8,-6.99382e-08,1
271152,flyer6,4.49999,0.794282,-0.3,0,2
271152,flayer8,10.5528,6.03127,-0.29736,-0.0397126,2
271152,bullet5,12.4249,4.57132,0.8,0,1
271153,flayer7,4.49999,6.82552,-0.3,0,2
271153,bullet6,15.8437,4.54938,0.8,0,1
271154,player,2.97422,5.18038,-0.146262,0.0067437,1
271155,bullet3,3.3084,5.18341,0.8,0,1
271156,bullet1,3.27878,5.18478,0.8,0,1
271157,flyer6,2.99999,0.794282,-0.3,0,2
271157,flayer8,9.06601,5.83271,-0.29736,-0.0397126,2
271158,flayer7,2.99999,6.82552,-0.3,0,2
271159,player,2.51925,5.52329,-0.340199,0.337624,1
271160,bullet4,2.76617,5.67522,0.8,0,1
271162,flyer6,1.49999,0.794282,-0.3,0,2
271162,bullet6,2.66627,5.77436,0.8,0,1
271163,flayer7,1.49999,6.82552,-0.3,0,2
271164,player,2.73542,6.28381,0.145597,0.158105,1
271165,bullet4,6.76617,5.67522,0.8,0,1
271167,flyer6,-6.4373e-06,0.794282,-0.3,0,2
271167,bullet6,6.66627,5.77436,0.8,0,1
271168,flayer7,-6.4373e-06,6.82552,-0.3,0,2
271169,player,2.85235,5.26459,0.00268668,-0.096181,1
271169,flyer2,16.5,6.82552,-0.292538,0.0664959,2
271169,bullet2,3.25235,5.26459,0.8,0,1
271170,bullet4,10.7662,5.67522,0.8,0,1
271170,bullet5,3.25356,5.22131,0.8,0,1
271172,bullet6,10.6663,5.77436,0.8,0,1
271174,player,3.68138,5.18735,0.489425,-0.00177481,1
271174,flyer2,15.0373,7.158,-0.292538,0.0664959,2
271174,bullet2,7.25235,5.26459,0.8,0,1
271175,bullet4,14.7662,5.67522,0.8,0,1
271175,bullet5,7.25356,5.22131,0.8,0,1
271177,bullet6,14.6663,5.77436,0.8,0,1
271179,player,4.6629,5.18592,0.039786,-3.27502e-05,1
271179,flyer2,13.5746,7.49048,-0.292538,0.0664959,2
271179,bullet2,11.2523,5.26459,0.8,0,1
271180,flyer1,16.5,6.82552,-0.277831,0.11318,2
271180,bullet5,11.2536,5.22131,0.8,0,1
271180,bullet3,5.08081,5.18591,0.8,0,1
271184,player,5.62083,6.11187,0.368989,0.368254,1
271184,flyer2,12.1119,7.82296,-0.292538,0.0664959,2
271184,bullet2,15.2523,5.26459,0.8,0,1
271185,flyer1,15.1108,7.39142,-0.277831,0.11318,2
271185,bullet5,15.2536,5.22131,0.8,0,1
271185,bullet3,9.08081,5.18591,0.8,0,1
271187,flyer5,16.5,9.05277,-0.3,0,2
271188,bullet1,6.79972,6.89019,0.8,0,1
271189,player,6.47487,6.96533,0.0751526,0.0751391,1
271189,flyer2,10.6492,8.15544,-0.292538,0.0664959,2
271190,flyer1,13.7217,7.95733,-0.277831,0.11318,2
271190,bullet3,13.0808,5.18591,0.8,0,1
271190,bullet4,6.90869,6.99914,0.8,0,1
271192,flyer5,15,9.05277,-0.3,0,2
271193,bullet1,10.7997,6.89019,0.8,0,1
271193,bullet6,6.37612,7.02428,0.8,0,1
271194,player,5.94676,7.02567,-0.0293679,0.00138653,1
271194,flyer2,9.18656,8.48792,-0.292538,0.0664959,2
271195,flyer1,12.3325,8.52323,-0.277831,0.11318,2
271195,bullet4,10.9087,6.99914,0.8,0,1
271197,flyer5,13.5,9.05277,-0.3,0,2
271198,bullet1,14.7997,6.89019,0.8,0,1
271198,bullet6,10.3761,7.02428,0.8,0,1
271198,bullet2,5.76599,7.02676,0.8,0,1
271199,player,5.3347,7.02678,-0.0312966,2.55853e-05,1
271199,flyer2,7.72387,8.8204,-0.292538,0.0664959,2
271200,flyer1,10.9434,9.08913,-0.277831,0.11318,2
271200,bullet4,14.9087,6.99914,0.8,0,1
271202,flyer5,12,9.05277,-0.3,0,2
271203,bullet6,14.3761,7.02428,0.8,0,1
271203,bullet2,9.766,7.02676,0.8,0,1
271203,bullet5,4.91014,6.46908,-0.8,-6.99382e-08,1
271204,player,5.30956,6.43833,-0.00057751,-0.0307542,1
271204,flyer2,6.26118,9.15288,-0.292538,0.0664959,2
271205,flyer1,9.55422,9.65503,-0.277831,0.11318,2
271205,bullet3,5.7093,6.42449,0.8,0,1
271207,flyer5,10.5,9.05277,-0.3,0,2
271208,bullet2,13.766,7.02676,0.8,0,1
271208,bullet5,0.910141,6.46908,-0.8,-6.99382e-08,1
271209,player,4.72063,5.33578,-0.0307653,-0.183197,1
271209,flyer2,4.79849,9.48536,-0.292538,0.0664959,2
271210,flyer1,8.16507,10.2209,-0.277831,0.11318,2
271210,bullet3,9.7093,6.42449,0.8,0,1
271212,flyer5,9,9.05277,-0.3,0,2
271212,bullet1,5.65547,4.64183,0.8,0,1
271214,player,5.29823,4.09697,0.0132719,-0.169095,1
271214,flyer2,3.3358,9.81784,-0.292538,0.0664959,2
271215,flyer1,6.77591,10.7868,-0.277831,0.11318,2
271215,bullet3,13.7093,6.42449,0.8,0,1
271215,bullet4,5.7042,4.02088,0.8,0,1
271217,flyer5,7.5,9.05277,-0.3,0,2
271217,bullet1,9.65547,4.64183,0.8,0,1
271219,player,5.30889,3.96117,0.000244904,-0.00312028,1
271219,flyer2,1.87312,10.1503,-0.292538,0.0664959,2
271219,bullet6,5.70889,3.96117,0.8,0,1
271220,flyer1,5.38676,11.3527,-0.277831,0.11318,2
271220,bullet4,9.7042,4.02088,0.8,0,1
271220,bullet5,5.709,3.95977,0.8,0,1
271222,flyer5,5.99999,9.05277,-0.3,0,2
271222,bullet1,13.6555,4.64183,0.8,0,1
271224,player,5.30908,3.95867,4.51917e-06,-5.7578e-05,1
271224,flyer2,0.410427,10.4828,-0.292538,0.0664959,2
271224,bullet6,9.70889,3.96117,0.8,0,1
271225,flyer1,3.9976,11.9186,-0.277831,0.11318,2
271225,bullet4,13.7042,4.02088,0.8,0,1
271225,bullet5,9.709,3.95977,0.8,0,1
271226,bullet2,5.70909,3.95863,0.8,0,1
271227,flyer5,4.49999,9.05277,-0.3,0,2
271229,player,5.30909,3.95862,8.33913e-08,-1.06248e-06,1
271229,bullet6,13.7089,3.96117,0.8,0,1
271229,bullet3,5.70909,3.95862,0.8,0,1
271230,flyer1,2.60844,12.4845,-0.277831,0.11318,2
271230,bullet5,13.709,3.95977,0.8,0,1
271231,bullet2,9.70909,3.95863,0.8,0,1
271232,flyer5,2.99999,9.05277,-0.3,0,2
271233,bullet1,5.12061,3.95862,0.8,0,1
271234,player,4.70677,3.95862,-0.0138396,-1.96057e-08,1
271234,bullet3,9.70909,3.95862,0.8,0,1
271235,flyer1,1.21929,13.0504,-0.277831,0.11318,2
271236,bullet2,13.7091,3.95863,0.8,0,1
271237,flyer5,1.49999,9.05277,-0.3,0,2
271238,bullet1,9.12062,3.95862,0.8,0,1
271239,player,4.13794,4.51634,-0.0685991,0.0683438,1
271239,bullet3,13.7091,3.95862,0.8,0,1
271239,bullet4,4.53794,4.51634,0.8,0,1
271240,flyer1,-0.169869,13.6163,-0.277831,0.11318,2
271242,flyer5,-6.4373e-06,9.05277,-0.3,0,2
271243,flyer3,16.5,6.82552,-0.273786,0.122643,2
271243,bullet1,13.1206,3.95862,0.8,0,1
271243,bullet6,4.97349,5.05934,0.8,0,1
271244,player,4.64057,5.12894,0.0670779,0.0696049,1
271244,bullet4,8.53794,4.51634,0.8,0,1
271245,bullet5,5.07075,5.16027,0.8,0,1
271248,flyer3,15.1311,7.43874,-0.273786,0.122643,2
271248,bullet6,8.97349,5.05934,0.8,0,1
271249,player,5.18381,5.67422,0.153113,0.153159,1
271249,bullet4,12.5379,4.51634,0.8,0,1
271250,bullet5,9.07076,5.16027,0.8,0,1
271250,bullet2,5.65272,5.74314,0.8,0,1
271253,flyer3,13.7621,8.05195,-0.273786,0.122643,2
271253,bullet6,12.9735,5.05934,0.8,0,1
271254,player,5.30678,5.79722,0.00282536,0.00282622,1
271254,bullet3,5.70678,5.79722,0.8,0,1
271255,bullet5,13.0708,5.16027,0.8,0,1
271255,bullet2,9.65272,5.74314,0.8,0,1
271258,flyer3,12.3932,8.66517,-0.273786,0.122643,2
271259,player,4.26195,6.84658,-0.220167,0.220271,1
271259,bullet3,9.70678,5.79722,0.8,0,1
271260,flyer4,16.5,9.05277,-0.3,0,2
271260,bullet2,13.6527,5.74314,0.8,0,1
271260,bullet1,4.56288,6.9457,0.8,0,1
271263,flyer3,11.0243,9.27839,-0.273786,0.122643,2
271264,player,3.86492,6.68598,0.265094,-0.333435,1
271264,bullet3,13.7068,5.79722,0.8,0,1
271265,flyer4,15,9.05277,-0.3,0,2
271265,bullet1,8.56288,6.9457,0.8,0,1
271268,flyer3,9.65536,9.8916,-0.273786,0.122643,2
271268,flayer8,16.5,6.74134,-0.3,0,2
271269,player,2.98612,6.53114,-0.160823,-0.144188,1
271269,bullet4,3.38613,6.53114,0.8,0,1
271270,flyer4,13.5,9.05277,-0.3,0,2
271270,bullet1,12.5629,6.9457,0.8,0,1
271271,bullet6,3.28119,6.43706,0.8,0,1
271273,flyer3,8.28643,10.5048,-0.273786,0.122643,2
271273,flayer8,15,6.74134,-0.3,0,1
271274,player,2.85697,5.92597,-0.00296763,-0.154536,1
271274,bullet4,7.38613,6.53114,0.8,0,1
271274,bullet5,3.25697,5.92597,0.8,0,1
271275,flyer4,12,9.05277,-0.3,0,2
271276,bullet6,7.28119,6.43706,0.8,0,1
271276,bullet2,3.25503,5.82514,0.8,0,1
271278,flyer3,6.9175,11.118,-0.273786,0.122643,2
271278,flayer8,13.5,6.74134,-0.3,0,1
271279,player,2.85459,5.80187,-5.47612e-05,-0.00285162,1
271279,bullet4,11.3861,6.53114,0.8,0,1
271279,bullet5,7.25697,5.92597,0.8,0,1
271280,flyer4,10.5,9.05277,-0.3,0,2
271281,bullet6,11.2812,6.43706,0.8,0,1
271281,bullet2,7.25503,5.82514,0.8,0,1
271283,flyer3,5.54858,11.7313,-0.273786,0.122643,2
271283,bullet3,3.25454,5.24191,0.8,0,1
271284,player,3.19204,5.5486,0.337499,0.306693,1
271284,bullet5,11.257,5.92597,0.8,0,1
271285,flyer4,9,9.05277,-0.3,0,2
271286,bullet6,15.2812,6.43706,0.8,0,1
271286,bullet2,11.255,5.82514,0.8,0,1
271288,flyer3,4.17965,12.3445,-0.273786,0.122643,2
271288,bullet3,7.25454,5.24191,0.8,0,1
271288,bullet1,3.85685,5.78924,0.8,0,1
271289,player,3.46308,5.7949,0.00622781,0.00565934,1
271289,bullet5,15.257,5.92597,0.8,0,1
271290,flyer4,7.5,9.05277,-0.3,0,2
271291,bullet2,15.255,5.82514,0.8,0,1
271291,bullet4,3.86715,5.7986,0.8,0,1
271293,flyer3,2.81072,12.9577,-0.273786,0.122643,2
271293,bullet3,11.2545,5.24191,0.8,0,1
271293,bullet1,7.85686,5.78924,0.8,0,1
271293,bullet6,3.86797,5.79934,0.8,0,1
271294,player,3.46808,5.79945,0.000114921,0.000104431,1
271295,flyer4,5.99999,9.05277,-0.3,0,2
271296,bullet4,7.86715,5.7986,0.8,0,1
271298,flyer3,1.44179,13.5709,-0.273786,0.122643,2
271298,bullet3,15.2545,5.24191,0.8,0,1
271298,bullet1,11.8569,5.78924,0.8,0,1
271298,bullet6,7.86797,5.79934,0.8,0,1
271299,player,3.46818,5.79953,2.12061e-06,1.92704e-06,1
271300,flyer4,4.49999,9.05277,-0.3,0,2
271301,bullet4,11.8671,5.7986,0.8,0,1
271301,bullet5,3.3788,6.28891,0.8,0,1
271303,flyer3,0.0728601,14.1841,-0.273786,0.122643,2
271303,bullet1,15.8569,5.78924,0.8,0,1
271303,bullet6,11.868,5.79934,0.8,0,1
271304,player,3.20337,6.73935,0.32366,0.35134,1
271305,flyer4,2.99999,9.05277,-0.3,0,2
271306,bullet4,15.8671,5.7986,0.8,0,1
271306,bullet5,7.3788,6.28891,0.8,0,1
271307,flyer6,16.5,6.99577,-0.3,0,2
271307,bullet2,3.84405,7.00061,0.8,0,1
271308,bullet6,15.868,5.79934,0.8,0,1
271309,player,3.46329,7.51088,0.00597245,0.158358,1
271310,flyer4,1.49999,9.05277,-0.3,0,2
271311,bullet5,11.3788,6.28891,0.8,0,1
271312,flyer6,15,6.99577,-0.3,0,2
271312,bullet2,7.84405,7.00061,0.8,0,1
271314,player,3.95746,8.72974,0.151985,0.168637,1
271314,bullet3,4.35746,8.72974,0.8,0,1
271315,flyer4,-6.4373e-06,9.05277,-0.3,0,2
271317,flyer6,13.5,6.99577,-0.3,0,1
271317,bullet2,11.844,7.00061,0.8,0,1
271318,bullet1,5.03443,8.30434,0.8,0,1
271319,player,4.66799,8.2767,0.0335592,-0.0276429,1
271319,bullet3,8.35746,8.72974,0.8,0,1
271320,bullet4,5.0831,8.26426,0.8,0,1
271323,bullet1,9.03443,8.30434,0.8,0,1
271324,player,4.35744,7.17665,-0.336881,-0.18314,1
271324,flayer7,16.5,8.18632,-0.3,0,2
271324,bullet3,12.3575,8.72974,0.8,0,1
271325,bullet4,9.0831,8.26426,0.8,0,1
271327,bullet6,4.50693,7.04046,0.8,0,1
271328,bullet1,13.0344,8.30434,0.8,0,1
271329,player,4.0869,7.51894,-0.0062164,0.148496,1
271329,flayer7,15,8.18632,-0.3,0,1
271330,bullet4,13.0831,8.26426,0.8,0,1
271332,bullet6,8.50693,7.04046,0.8,0,1
271334,player,2.40174,8.14141,-0.196584,0.1377,1
271334,bullet5,2.80174,8.14141,0.8,0,1
271335,flyer2,16.5,8.18632,-0.3,0,2
271336,flyer1,16.5,8.18632,-0.3,0,2
271336,bullet2,2.67347,8.23126,0.8,0,1
271337,bullet6,12.5069,7.04046,0.8,0,1
271339,player,2.73325,8.252,0.148247,0.00254095,1
271339,bullet5,6.80174,8.14141,0.8,0,1
271340,flyer2,15,8.18632,-0.3,0,2
271341,flyer1,15,8.18632,-0.3,0,2
271341,bullet2,6.67347,8.23126,0.8,0,1
271341,bullet3,3.22998,8.25366,0.8,0,1
271343,bullet1,3.24956,8.25399,0.8,0,1
271344,player,2.5148,8.25404,-0.334764,4.68878e-05,1
271344,bullet5,10.8017,8.14141,0.8,0,1
271345,flyer2,13.5,8.18632,-0.3,0,2
271346,flyer1,13.5,8.18632,-0.3,0,2
271346,bullet2,10.6735,8.23126,0.8,0,1
271346,bullet3,7.22998,8.25366,0.8,0,1
271348,bullet1,7.24957,8.25399,0.8,0,1
271348,bullet4,2.16276,8.25408,0.8,0,1
271349,player,1.68824,8.25408,-0.0745211,8.65211e-07,1
271350,flyer2,12,8.18632,-0.3,0,1
271350,bullet6,2.0547,8.25408,0.8,0,1
271351,flyer1,12,8.18632,-0.3,0,0
271353,bullet4,6.16276,8.25408,0.8,0,1
271353,bullet5,1.47205,8.25408,0.8,0,1
271354,player,1.03992,8.25408,-0.0321298,1.59656e-08,1
271355,bullet6,6.0547,8.25408,0.8,0,1
271358,bullet4,10.1628,8.25408,0.8,0,1
271358,bullet5,5.47205,8.25408,0.8,0,1
271359,player,1.57183,7.69636,0.0677509,-0.0683438,1
271359,flyer5,16.5,8.18632,-0.3,0,2
271360,bullet6,10.0547,8.25408,0.8,0,1
271363,bullet4,14.1628,8.25408,0.8,0,1
271363,bullet5,9.47205,8.25408,0.8,0,1
271364,player,2.56606,7.65531,0.35259,-0.0181762,1
271364,flyer5,15,8.18632,-0.3,0,1
271368,bullet5,13.472,8.25408,0.8,0,1
271368,bullet2,3.24271,7.15167,0.8,0,1
271369,player,2.84921,7.08299,0.00650627,-0.0686792,1
271370,flayer8,16.5,13.1591,-0.3,0,2
271370,bullet3,3.25214,7.05209,0.8,0,1
271371,bullet1,2.45346,7.03818,-0.8,-6.99382e-08,1
271373,bullet2,7.24271,7.15167,0.8,0,1
271374,player,2.85444,6.53846,0.000120059,-0.153142,1
271375,flayer8,15,13.1591,-0.3,0,2
271375,flyer3,16.5,13.1591,-0.3,0,2
271375,bullet3,7.25214,7.05209,0.8,0,1
271375,bullet4,2.45449,6.46955,-0.8,-6.99382e-08,1
271377,bullet6,3.25453,6.42458,0.8,0,1
271378,bullet2,11.2427,7.15167,0.8,0,1
271379,player,3.34391,6.90485,0.151877,0.149049,1
271380,flayer8,13.5,13.1591,-0.3,0,2
271380,flyer3,15,13.1591,-0.3,0,2
271380,bullet3,11.2521,7.05209,0.8,0,1
271380,bullet5,3.81226,6.97192,0.8,0,1
271382,bullet6,7.25453,6.42458,0.8,0,1
271383,bullet2,15.2427,7.15167,0.8,0,1
271384,player,3.46588,7.36205,0.00280256,0.34025,1
271385,flayer8,12,13.1591,-0.3,0,2
271385,flyer3,13.5,13.1591,-0.3,0,2
271385,bullet3,15.2521,7.05209,0.8,0,1
271385,bullet5,7.81226,6.97192,0.8,0,1
271386,bullet1,3.86771,7.58406,0.8,0,1
271387,bullet6,11.2545,6.42458,0.8,0,1
271389,player,3.46813,7.14592,5.17151e-05,-0.145596,1
271390,flayer8,10.5,13.1591,-0.3,0,2
271390,flyer3,12,13.1591,-0.3,0,2
271390,bullet5,11.8123,6.97192,0.8,0,1
271391,bullet1,7.86771,7.58406,0.8,0,1
271391,bullet4,3.86817,6.56155,0.8,0,1
271392,bullet6,15.2545,6.42458,0.8,0,1
271394,player,3.46817,6.08918,9.5429e-07,-0.354026,1
271395,flayer8,9,13.1591,-0.3,0,2
271395,flyer3,10.5,13.1591,-0.3,0,2
271395,bullet5,15.8123,6.97192,0.8,0,1
271396,bullet1,11.8677,7.58406,0.8,0,1
271396,bullet4,7.86817,6.56155,0.8,0,1
271396,bullet2,3.86817,5.85818,0.8,0,1
271399,player,3.95755,5.80487,0.151875,-0.00653278,1
271400,flayer8,7.5,13.1591,-0.3,0,2
271400,flyer3,9,13.1591,-0.3,0,2
271400,bullet3,4.42589,5.80193,0.8,0,1
271401,bullet1,15.8677,7.58406,0.8,0,1
271401,bullet4,11.8682,6.56155,0.8,0,1
271401,bullet2,7.86817,5.85818,0.8,0,1
271403,bullet6,3.919,6.35746,0.8,0,1
271404,player,3.49104,6.3881,-0.0279522,0.0306341,1
271405,flayer8,5.99999,13.1591,-0.3,0,2
271405,flyer3,7.5,13.1591,-0.3,0,2
271405,bullet3,8.42589,5.80193,0.8,0,1
271406,bullet4,15.8682,6.56155,0.8,0,1
271406,bullet2,11.8682,5.85818,0.8,0,1
271408,bullet6,7.919,6.35746,0.8,0,1
271408,bullet5,3.31139,6.41214,0.8,0,1
271409,player,2.88012,6.4127,-0.0312705,0.000565286,1
271410,flayer8,4.49999,13.1591,-0.3,0,2
271410,flyer3,5.99999,13.1591,-0.3,0,2
271410,bullet3,12.4259,5.80193,0.8,0,1
271411,bullet2,15.8682,5.85818,0.8,0,1
271413,bullet6,11.919,6.35746,0.8,0,1
271413,bullet5,7.31139,6.41214,0.8,0,1
271414,player,2.70313,6.41315,0.185048,1.04311e-05,1
271415,flayer8,2.99999,13.1591,-0.3,0,2
271415,flyer3,4.49999,13.1591,-0.3,0,2
271418,bullet6,15.919,6.35746,0.8,0,1
271418,bullet5,11.3114,6.41214,0.8,0,1
271418,bullet1,2.75895,6.41316,0.8,0,1
271419,player,2.29402,6.41316,-0.0649291,1.92483e-07,1
271420,flayer8,1.49999,13.1591,-0.3,0,2
271420,flyer3,2.99999,13.1591,-0.3,0,2
271420,bullet4,2.66481,6.41316,0.8,0,1
271423,bullet5,15.3114,6.41214,0.8,0,1
271423,bullet1,6.75895,6.41316,0.8,0,1
271424,player,2.83035,5.33531,0.0295566,-0.18263,1
271425,flayer8,-6.4373e-06,13.1591,-0.3,0,2
271425,flyer3,1.49999,13.1591,-0.3,0,2
271425,bullet4,6.66481,6.41316,0.8,0,1
271427,flyer4,16.5,13.1591,-0.296761,0.0439674,2
271428,bullet1,10.759,6.41316,0.8,0,1
271429,player,3.34347,5.74636,0.15242,0.0649737,1
271430,flyer3,-6.4373e-06,13.1591,-0.3,0,2
271430,bullet4,10.6648,6.41316,0.8,0,1
271430,bullet2,3.81206,5.7756,0.8,0,1
271432,flyer4,15.0162,13.3789,-0.296761,0.0439674,2
271433,bullet1,14.759,6.41316,0.8,0,1
271433,bullet3,4.42078,5.23962,0.8,0,1
271434,player,4.05435,5.21007,0.0335673,-0.0295557,1
271435,bullet4,14.6648,6.41316,0.8,0,1
271435,bullet2,7.81206,5.7756,0.8,0,1
271437,flyer4,13.5324,13.5987,-0.296761,0.0439674,2
271438,flyer6,16.5,13.1591,-0.3,0,2
271438,bullet3,8.42078,5.23962,0.8,0,1
271439,player,5.15915,5.28543,0.183249,-0.121666,1
271440,bullet2,11.8121,5.7756,0.8,0,1
271440,bullet6,5.64161,5.23068,0.8,0,1
271442,flyer4,12.0486,13.8186,-0.296761,0.0439674,2
271443,flyer6,15,13.1591,-0.3,0,2
271443,bullet3,12.4208,5.23962,0.8,0,1
271443,bullet5,5.70294,5.18996,0.8,0,1
271444,player,5.30632,5.18772,0.00338146,-0.00224507,1
271445,bullet2,15.8121,5.7756,0.8,0,1
271445,bullet6,9.64162,5.23068,0.8,0,1
271447,flyer4,10.5648,14.0384,-0.296761,0.0439674,2
271448,flyer6,13.5,13.1591,-0.3,0,2
271448,bullet5,9.70294,5.18996,0.8,0,1
271449,player,4.72056,5.17208,-0.0306923,0.0168737,1
271450,bullet6,13.6416,5.23068,0.8,0,1
271450,bullet1,5.10675,5.17967,0.8,0,1
271452,flyer4,9.08099,14.2583,-0.296761,0.0439674,2
271453,flyer6,12,13.1591,-0.3,0,2
271453,bullet5,13.7029,5.18996,0.8,0,1
271453,bullet4,4.29648,5.67469,-0.8,-6.99382e-08,1
271454,player,4.69591,5.74335,-0.000566359,0.0686551,1
271455,bullet1,9.10675,5.17967,0.8,0,1
271455,bullet2,5.09566,5.77424,0.8,0,1
271457,flyer4,7.59718,14.4781,-0.296761,0.0439674,2
271458,flyer6,10.5,13.1591,-0.3,0,2
271458,bullet4,0.296477,5.67469,-0.8,-6.99382e-08,1
271459,player,4.69546,5.46098,-1.04509e-05,-0.336233,1
271460,bullet1,13.1068,5.17967,0.8,0,1
271460,bullet2,9.09566,5.77424,0.8,0,1
271462,flyer4,6.11338,14.6979,-0.296761,0.0439674,2
271463,flyer6,9,13.1591,-0.3,0,2
271464,player,5.25317,4.03092,0.0683435,-0.0883878,1
271464,bullet3,5.65317,4.03092,0.8,0,1
271465,bullet2,13.0957,5.77424,0.8,0,1
271466,bullet6,5.69776,3.97325,0.8,0,1
271467,flyer4,4.62958,14.9178,-0.296761,0.0439674,2
271467,bullet5,5.70399,3.9652,0.8,0,1
271468,flyer6,7.5,13.1591,-0.3,0,2
271469,player,5.30805,3.95994,0.00126113,-0.001631,1
271469,bullet3,9.65317,4.03092,0.8,0,1
271471,bullet6,9.69776,3.97325,0.8,0,1
271471,bullet4,4.90888,3.95888,-0.8,-6.99382e-08,1
271472,flyer4,3.14577,15.1376,-0.296761,0.0439674,2
271472,bullet5,9.70399,3.9652,0.8,0,1
271473,flyer6,5.99999,13.1591,-0.3,0,2
271474,player,5.64657,3.73841,0.337523,0.269126,1
271474,bullet3,13.6532,4.03092,0.8,0,1
271476,bullet6,13.6978,3.97325,0.8,0,1
271476,bullet4,0.908877,3.95888,-0.8,-6.99382e-08,1
271477,flyer4,1.66197,15.3574,-0.296761,0.0439674,2
271477,bullet5,13.704,3.9652,0.8,0,1
271478,flyer6,4.49999,13.1591,-0.3,0,2
271479,player,5.32915,3.36607,-0.0245264,-0.0257886,1
271480,flayer7,16.5,13.1591,-0.29882,-0.0265802,2
271480,bullet1,5.71811,3.35446,0.8,0,1
271482,flyer4,0.178168,15.5773,-0.296761,0.0439674,2
271482,bullet2,5.71091,3.34689,0.8,0,1
271483,flyer6,2.99999,13.1591,-0.3,0,2
271484,player,5.64696,3.34536,0.337047,-0.000475871,1
271485,flayer7,15.0059,13.0262,-0.29882,-0.0265802,2
271485,bullet1,9.71812,3.35446,0.8,0,1
271485,bullet3,6.19863,3.34514,0.8,0,1
271487,bullet2,9.71091,3.34689,0.8,0,1
271488,flyer6,1.49999,13.1591,-0.3,0,2
271489,player,6.47535,2.78726,0.0745632,-0.0683525,1
271490,flayer7,13.5118,12.8933,-0.29882,-0.0265802,2
271490,bullet1,13.7181,3.35446,0.8,0,1
271490,bullet3,10.1986,3.34514,0.8,0,1
271492,bullet2,13.7109,3.34689,0.8,0,1
271493,flyer6,-6.4373e-06,13.1591,-0.3,0,2
271494,player,6.56599,2.76312,-0.0362132,-0.0388504,1
271495,flayer7,12.0177,12.7604,-0.29882,-0.0265802,2
271495,flyer1,16.5,14.3873,-0.243777,0.174851,2
271495,bullet3,14.1986,3.34514,0.8,0,1
271496,flyer2,16.5,14.3873,-0.3,0,2
271497,bullet4,6.38134,2.73423,0.8,0,1
271499,player,5.93459,2.73192,-0.0145078,-0.000716898,1
271499,bullet6,6.33459,2.73192,0.8,0,1
271500,flayer7,10.5236,12.6275,-0.29882,-0.0265802,2
271500,flyer1,15.2811,15.2615,-0.243777,0.174851,2
271501,flyer2,15,14.3873,-0.3,0,2
271502,bullet4,10.3813,2.73423,0.8,0,1
271504,player,5.33447,3.31982,-0.0310224,0.0307415,1
271504,bullet6,10.3346,2.73192,0.8,0,1
271504,bullet5,5.73447,3.31982,0.8,0,1
271505,flayer7,9.02949,12.4946,-0.29882,-0.0265802,2
271505,flyer1,14.0622,16.1358,-0.243777,0.174851,2
271505,bullet1,5.72051,3.33365,0.8,0,1
271506,flyer2,13.5,14.3873,-0.3,0,2
271507,bullet4,14.3813,2.73423,0.8,0,1
271509,player,5.30955,2.51763,-0.000572451,-0.488808,1
271509,bullet6,14.3346,2.73192,0.8,0,1
271509,bullet5,9.73447,3.31982,0.8,0,1
271510,flayer7,7.53539,12.3617,-0.29882,-0.0265802,2
271510,bullet1,9.72051,3.33365,0.8,0,1
271511,flyer2,12,14.3873,-0.3,0,2
271511,bullet2,5.70918,2.19868,0.8,0,1
271512,bullet3,5.70913,2.15414,0.8,0,1
271514,player,5.30909,2.12508,-1.05633e-05,-0.00901988,1
271514,bullet5,13.7345,3.31982,0.8,0,1
271515,flayer7,6.04129,12.2288,-0.29882,-0.0265802,2
271515,bullet1,13.7205,3.33365,0.8,0,1
271516,flyer2,10.5,14.3873,-0.3,0,2
271516,bullet2,9.70918,2.19868,0.8,0,1
271517,bullet3,9.70913,2.15414,0.8,0,1
271519,player,5.79846,1.62846,0.151875,-0.152041,1
271519,bullet4,6.19846,1.62846,0.8,0,1
271520,flayer7,4.54719,12.0959,-0.29882,-0.0265802,2
271521,flyer2,9,14.3873,-0.3,0,2
271521,bullet2,13.7092,2.19868,0.8,0,1
271522,bullet3,13.7091,2.15414,0.8,0,1
271524,player,7.06662,2.31505,0.101901,-0.241207,1
271524,bullet4,10.1985,1.62846,0.8,0,1
271525,flayer7,3.05308,11.963,-0.29882,-0.0265802,2
271526,flyer2,7.5,14.3873,-0.3,0,2
271526,flyer5,16.5,14.3873,-0.3,0,2
271526,bullet6,7.53311,2.15766,0.8,0,1
271529,player,7.14845,1.63196,0.00188036,-0.156326,1
271529,bullet4,14.1985,1.62846,0.8,0,1
271529,bullet5,7.54845,1.63196,0.8,0,1
271530,flayer7,1.55898,11.8301,-0.29882,-0.0265802,2
271531,flyer2,5.99999,14.3873,-0.3,0,2
271531,flyer5,15,14.3873,-0.3,0,2
271531,bullet6,11.5331,2.15766,0.8,0,1
271533,bullet1,6.99221,2.06702,0.8,0,1
271534,player,6.56149,2.0949,-0.03072,0.02787,1
271534,bullet5,11.5485,1.63196,0.8,0,1
271535,flayer7,0.0648831,11.6972,-0.29882,-0.0265802,2
271536,flyer2,4.49999,14.3873,-0.3,0,2
271536,flyer5,13.5,14.3873,-0.3,0,2
271536,bullet6,15.5331,2.15766,0.8,0,1
271538,bullet1,10.9922,2.06702,0.8,0,1
271538,bullet2,7.49511,2.67448,0.8,0,1
271539,player,7.12529,2.70575,0.0301878,0.031269,1
271539,bullet5,15.5485,1.63196,0.8,0,1
271539,bullet3,7.52529,2.70575,0.8,0,1
271541,flyer2,2.99999,14.3873,-0.3,0,2
271541,flyer5,12,14.3873,-0.3,0,2
271542,bullet4,7.54774,2.729,0.8,0,1
271543,bullet1,14.9922,2.06702,0.8,0,1
271543,bullet2,11.4951,2.67448,0.8,0,1
271544,player,7.14954,2.73086,0.00055705,0.000577,1
271544,bullet3,11.5253,2.70575,0.8,0,1
271546,flyer2,1.49999,14.3873,-0.3,0,2
271546,flyer5,10.5,14.3873,-0.3,0,2
271547,bullet4,11.5477,2.729,0.8,0,1
271548,bullet2,15.4951,2.67448,0.8,0,1
271548,bullet6,6.74997,3.31979,-0.8,-6.99382e-08,1
271549,player,7.14998,3.33364,1.02791e-05,0.0138503,1
271549,bullet3,15.5253,2.70575,0.8,0,1
271551,flyer2,-6.4373e-06,14.3873,-0.3,0,2
271551,flyer5,9,14.3873,-0.3,0,2
271552,bullet4,15.5477,2.729,0.8,0,1
271552,bullet5,7.54999,3.34394,0.8,0,1
271553,bullet6,2.74997,3.31979,-0.8,-6.99382e-08,1
271554,player,7.14999,2.85539,1.89679e-07,-0.151619,1
271554,flayer8,16.5,11.8507,-0.274206,-0.1217,2
271556,flyer5,7.5,14.3873,-0.3,0,2
271557,flyer3,16.5,11.8507,-0.3,0,2
271557,bullet5,11.55,3.34394,0.8,0,1
271559,player,6.54768,2.40997,-0.0138396,-0.357213,1
271559,flayer8,15.129,11.2422,-0.274206,-0.1217,2
271561,flyer5,5.99999,14.3873,-0.3,0,2
271562,flyer3,15,11.8507,-0.3,0,2
271562,bullet5,15.55,3.34394,0.8,0,1
271562,bullet1,7.4951,2.14433,0.8,0,1
271563,bullet2,7.52529,2.12969,0.8,0,1
271564,player,7.13888,2.12309,0.0135842,-0.00659158,1
271564,flayer8,13.7579,10.6337,-0.274206,-0.1217,2
271565,bullet3,7.54499,2.12013,0.8,0,1
271566,flyer5,4.49999,14.3873,-0.3,0,2
271567,flyer3,13.5,11.8507,-0.3,0,2
271567,bullet1,11.4951,2.14433,0.8,0,1
271568,bullet2,11.5253,2.12969,0.8,0,1
271569,player,8.07576,1.7803,0.368505,-0.337622,1
271569,flayer8,12.3869,10.0252,-0.274206,-0.1217,2
271570,bullet3,11.545,2.12013,0.8,0,1
271571,flyer5,2.99999,14.3873,-0.3,0,2
271572,flyer3,12,11.8507,-0.3,0,2
271572,bullet1,15.4951,2.14433,0.8,0,1
271572,bullet4,8.74979,0.971517,0.8,0,1
271573,bullet2,15.5253,2.12969,0.8,0,1
271574,player,8.86108,0.906848,0.158675,-0.0200697,1
271574,flayer8,11.0159,9.41667,-0.274206,-0.1217,2
271575,bullet3,15.545,2.12013,0.8,0,1
271575,bullet6,9.33248,0.897817,0.8,0,1
271576,flyer5,1.49999,14.3873,-0.3,0,2
271577,flyer3,10.5,11.8507,-0.3,0,2
271577,bullet4,12.7498,0.971517,0.8,0,1
271578,bullet5,9.38558,0.891101,0.8,0,1
271579,player,8.98851,0.890731,0.002928,-0.000370342,1
271579,flayer8,9.64485,8.80817,-0.274206,-0.1217,2
271580,bullet6,13.3325,0.897817,0.8,0,1
271581,flyer5,-6.4373e-06,14.3873,-0.3,0,2
271582,flyer3,9,11.8507,-0.3,0,2
271583,bullet5,13.3856,0.891101,0.8,0,1
271583,bullet1,9.88018,1.37981,0.8,0,1
271584,player,9.54858,1.44815,0.0683978,0.0683369,1
271584,flayer8,8.27382,8.19967,-0.274206,-0.1217,2
271585,bullet2,9.97936,1.4789,0.8,0,1
271586,bullet3,9.99321,1.49274,0.8,0,1
271587,flyer3,7.5,11.8507,-0.3,0,2
271588,bullet1,13.8802,1.37981,0.8,0,1
271589,player,9.60351,1.50303,0.00126213,0.00126101,1
271589,flayer8,6.90278,7.59117,-0.274206,-0.1217,2
271590,bullet2,13.9794,1.4789,0.8,0,1
271591,bullet3,13.9932,1.49274,0.8,0,1
271592,flyer3,5.99999,11.8507,-0.3,0,2
271592,bullet4,10.0044,0.946252,0.8,0,1
271594,player,9.60452,0.901732,2.32899e-05,-0.0138163,1
271594,flayer8,5.53175,6.98266,-0.274206,-0.1217,2
271595,flyer4,16.5,11.8507,-0.28351,-0.0980929,2
271596,bullet6,9.51516,1.38209,0.8,0,1
271597,flyer3,4.49999,11.8507,-0.3,0,2
271597,bullet4,14.0044,0.946252,0.8,0,1
271599,player,9.00223,1.49295,-0.0138392,0.0135847,1
271599,flayer8,4.16072,6.37416,-0.274206,-0.1217,2
271599,bullet5,9.40223,1.49295,0.8,0,1
271600,flyer4,15.0824,11.3602,-0.28351,-0.0980929,2
271600,bullet1,9.396,1.49906,0.8,0,1
271601,bullet6,13.5152,1.38209,0.8,0,1
271602,flyer3,2.99999,11.8507,-0.3,0,2
271602,bullet2,8.59193,1.50305,-0.8,-6.99382e-08,1
271604,player,9.48048,1.01448,0.15162,-0.151624,1
271604,flayer8,2.78969,5.76566,-0.274206,-0.1217,2
271604,bullet5,13.4022,1.49295,0.8,0,1
271605,flyer4,13.6649,10.8697,-0.28351,-0.0980929,2
271605,bullet1,13.396,1.49906,0.8,0,1
271605,bullet3,9.94871,0.946253,0.8,0,1
271607,flyer3,1.49999,11.8507,-0.3,0,2
271607,bullet2,4.59193,1.50305,-0.8,-6.99382e-08,1
271609,player,9.93975,1.23022,0.340298,0.334702,1
271609,flayer8,1.41866,5.15716,-0.274206,-0.1217,2
271610,flyer4,12.2473,10.3793,-0.28351,-0.0980929,2
271610,bullet3,13.9487,0.946253,0.8,0,1
271610,bullet4,10.4929,1.38083,0.8,0,1
271612,flyer3,-6.4373e-06,11.8507,-0.3,0,2
271612,bullet2,0.591932,1.50305,-0.8,-6.99382e-08,1
271612,bullet6,10.5928,1.47911,0.8,0,1
271614,player,10.213,1.49901,0.00627945,0.00617619,1
271614,flayer8,0.0476304,4.54866,-0.274206,-0.1217,2
271615,flyer4,10.8298,9.88881,-0.28351,-0.0980929,2
271615,bullet4,14.4929,1.38083,0.8,0,1
271616,flyer6,16.5,11.2777,-0.3,0,2
271617,bullet6,14.5928,1.47911,0.8,0,1
271618,flyer1,16.5,11.8507,-0.292112,-0.0683398,2
271619,player,9.32286,0.577998,-0.405728,-0.368141,1
271620,flyer4,9.41224,9.39835,-0.28351,-0.0980929,2
271620,flayer7,16.5,11.2777,-0.3,0,2
271621,flyer6,15,11.2777,-0.3,0,2
271623,flyer1,15.0394,11.509,-0.292112,-0.0683398,2
271624,player,9.4418,1.44709,0.198892,0.220219,1
271625,flyer4,7.99469,8.90788,-0.28351,-0.0980929,2
271625,flayer7,15,11.2777,-0.3,0,2
271626,flyer6,13.5,11.2777,-0.3,0,2
271626,bullet5,9.97158,1.59079,0.8,0,1
271627,bullet1,9.9897,1.61085,0.8,0,1
271628,flyer1,13.5789,11.1673,-0.292112,-0.0683398,2
271629,player,9.60153,1.62395,0.00367012,0.00406366,1
271629,bullet3,10.0015,1.62395,0.8,0,1
271630,flyer4,6.57715,8.41742,-0.28351,-0.0980929,2
271630,flayer7,13.5,11.2777,-0.3,0,2
271631,flyer6,12,11.2777,-0.3,0,2
271631,bullet5,13.9716,1.59079,0.8,0,1
271632,bullet1,13.9897,1.61085,0.8,0,1
271632,bullet2,9.44654,2.18469,0.8,0,1
271633,flyer1,12.1183,10.8256,-0.292112,-0.0683398,2
271634,player,9.33966,2.22952,0.323728,0.0139146,1
271634,bullet3,14.0015,1.62395,0.8,0,1
271635,flyer4,5.1596,7.92695,-0.28351,-0.0980929,2
271635,flayer7,12,11.2777,-0.3,0,2
271636,flyer6,10.5,11.2777,-0.3,0,2
271636,bullet4,9.9509,2.2386,0.8,0,1
271637,bullet2,13.4465,2.18469,0.8,0,1
271638,flyer1,10.6578,10.4839,-0.292112,-0.0683398,2
271639,player,9.93715,1.68298,0.343474,-0.068087,1
271640,flyer4,3.74205,7.43649,-0.28351,-0.0980929,2
271640,flayer7,10.5,11.2777,-0.3,0,2
271641,flyer6,9,11.2777,-0.3,0,2
271641,bullet4,13.9509,2.2386,0.8,0,1
271642,bullet6,11.1503,1.07463,0.8,0,1
271643,flyer1,9.19719,10.1422,-0.292112,-0.0683398,2
271643,bullet5,11.1951,1.04108,0.8,0,1
271644,player,10.8153,1.02599,0.0201777,-0.015096,1
271645,flyer4,2.3245,6.94602,-0.28351,-0.0980929,2
271645,flayer7,9,11.2777,-0.3,0,2
271646,flyer6,7.5,11.2777,-0.3,0,2
271647,bullet6,15.1503,1.07463,0.8,0,1
271648,flyer1,7.73663,9.8005,-0.292112,-0.0683398,2
271648,bullet5,15.1951,1.04108,0.8,0,1
271649,player,10.7869,1.61618,0.0548765,0.013561,1
271649,bullet1,11.1869,1.61618,0.8,0,1
271650,flyer4,0.906951,6.45556,-0.28351,-0.0980929,2
271650,flayer7,7.5,11.2777,-0.3,0,2
271650,bullet3,11.2116,1.62228,0.8,0,1
271651,flyer6,5.99999,11.2777,-0.3,0,2
271652,bullet2,11.2277,1.62626,0.8,0,1
271653,flyer1,6.27607,9.4588,-0.292112,-0.0683398,2
271654,player,10.3416,2.11644,-0.150862,0.152125,1
271654,bullet1,15.1869,1.61618,0.8,0,1
271655,flayer7,5.99999,11.2777,-0.3,0,2
271655,bullet3,15.2116,1.62228,0.8,0,1
271655,bullet4,10.6737,2.1849,0.8,0,1
271656,flyer6,4.49999,11.2777,-0.3,0,2
271657,bullet2,15.2277,1.62626,0.8,0,1
271658,flyer1,4.81551,9.1171,-0.292112,-0.0683398,2
271659,player,10.8089,2.23861,0.0279709,0.00280714,1
271660,flayer7,4.49999,11.2777,-0.3,0,2
271660,bullet4,14.6737,2.1849,0.8,0,1
271660,bullet6,11.2215,2.23988,0.8,0,1
271661,flyer6,2.99999,11.2777,-0.3,0,2
271662,bullet5,11.2297,2.2407,0.8,0,1
271663,flyer1,3.35494,8.7754,-0.292112,-0.0683398,2
271663,bullet1,10.4309,2.24082,-0.8,-6.99382e-08,1
271664,player,10.8314,2.24087,0.000516141,5.17996e-05,1
271665,flayer7,2.99999,11.2777,-0.3,0,2
271665,bullet6,15.2215,2.23988,0.8,0,1
271665,bullet3,11.2316,2.24089,0.8,0,1
271666,flyer6,1.49999,11.2777,-0.3,0,2
271667,bullet5,15.2297,2.2407,0.8,0,1
271668,flyer1,1.89438,8.43371,-0.292112,-0.0683398,2
271668,bullet1,6.43086,2.24082,-0.8,-6.99382e-08,1
271669,player,10.3424,1.65244,-0.151865,-0.0307537,1
271670,flayer7,1.49999,11.2777,-0.3,0,2
271670,bullet3,15.2316,2.24089,0.8,0,1
271671,flyer6,-6.4373e-06,11.2777,-0.3,0,2
271673,flyer1,0.43382,8.09201,-0.292112,-0.0683398,2
271673,flyer2,16.5,11.8507,-0.2722,-0.126124,2
271673,bullet1,2.43086,2.24082,-0.8,-6.99382e-08,1
271673,bullet2,10.6233,1.03983,0.8,0,1
271674,player,10.2205,1.02542,-0.00280235,-0.0144071,1
271675,flayer7,-6.4373e-06,11.2777,-0.3,0,2
271678,flyer2,15.139,11.2201,-0.2722,-0.126124,2
271678,flyer5,16.5,12.2047,-0.3,0,2
271678,bullet1,-1.56914,2.24082,-0.8,-6.99382e-08,1
271678,bullet2,14.6233,1.03983,0.8,0,1
271679,player,9.12651,0.4,-0.165766,0,1
271679,flyer3,16.5,12.2047,-0.3,0,2
271680,bullet4,9.45191,0.4,0.8,0,1
271682,bullet6,9.40324,0.4,0.8,0,1
271683,flyer2,13.778,10.5894,-0.2722,-0.126124,2
271683,flyer5,15,12.2047,-0.3,0,2
271684,player,8.50401,0.4,-0.154934,0,1
271684,flyer3,15,12.2047,-0.3,0,2
271685,bullet4,13.4519,0.4,0.8,0,1
271687,bullet6,13.4032,0.4,0.8,0,1
271688,flyer2,12.417,9.95881,-0.2722,-0.126124,2
271688,flyer5,13.5,12.2047,-0.3,0,2
271689,player,8.41033,0.620219,-0.040448,-0.269156,1
271689,flyer3,13.5,12.2047,-0.3,0,2
271690,bullet5,8.79213,0.499099,0.8,0,1
271693,flyer2,11.056,9.32819,-0.2722,-0.126124,2
271693,flyer5,12,12.2047,-0.3,0,2
271693,bullet3,8.7786,0.409031,0.8,0,1
271694,player,8.04035,0.404064,-0.338246,-0.00496669,1
271694,flyer3,12,12.2047,-0.3,0,2
271695,bullet5,12.7921,0.499099,0.8,0,1
271696,bullet1,8.21965,0.400823,0.8,0,1
271697,bullet2,8.18882,0.40037,0.8,0,1
271698,flyer2,9.69501,8.69757,-0.2722,-0.126124,2
271698,flyer5,10.5,12.2047,-0.3,0,2
271698,bullet3,12.7786,0.409031,0.8,0,1
271699,player,8.10621,0.737575,0.331258,0.337408,1
271699,flyer3,10.5,12.2047,-0.3,0,2
271700,bullet4,8.65528,0.889409,0.8,0,1
271701,bullet1,12.2196,0.400823,0.8,0,1
271702,bullet2,12.1888,0.40037,0.8,0,1
271703,flyer2,8.33401,8.06694,-0.2722,-0.126124,2
271703,flyer5,9,12.2047,-0.3,0,2
271704,player,8.70974,1.00854,0.343613,0.00622613,1
271704,flyer3,9,12.2047,-0.3,0,2
271704,finish,18.9968,8,-0.2,0,1
271705,bullet4,12.6553,0.889409,0.8,0,1
271706,bullet1,16.2196,0.400823,0.8,0,1
271707,bullet2,16.1888,0.40037,0.8,0,1
271708,flyer2,6.97301,7.43632,-0.2722,-0.126124,2
271708,flyer5,7.5,12.2047,-0.3,0,2
271709,player,8.39722,0.425069,-0.0244141,-0.0306398,1
271709,flyer3,7.5,12.2047,-0.3,0,2
271709,finish,17.9968,8,-0.2,0,1
271709,bullet6,8.79722,0.425069,0.8,0,1
271710,bullet5,8.78623,0.411281,0.8,0,1
271713,flyer2,5.61201,6.8057,-0.2722,-0.126124,2
271713,flyer5,5.99999,12.2047,-0.3,0,2
271714,player,8.04012,0.4,-0.33795,-0,1
271714,flyer3,5.99999,12.2047,-0.3,0,2
271714,finish,16.9968,8,-0.2,0,1
271714,bullet6,12.7972,0.425069,0.8,0,1
271715,bullet5,12.7862,0.411281,0.8,0,1
271717,bullet3,7.69943,0.4,0.8,0,1
271718,flyer2,4.25102,6.17508,-0.2722,-0.126124,2
271718,flyer5,4.49999,12.2047,-0.3,0,2
271719,player,7.18024,0.4,-0.0369908,0,1
271719,flyer3,4.49999,12.2047,-0.3,0,2
271719,finish,15.9968,8,-0.2,0,1
271719,bullet1,7.58024,0.4,0.8,0,1
271722,bullet3,11.6994,0.4,0.8,0,1
271722,bullet2,6.26336,0.889375,-0.8,-6.99382e-08,1
271723,flyer2,2.89002,5.54446,-0.2722,-0.126124,2
271723,flyer5,2.99999,12.2047,-0.3,0,2
271724,player,6.56206,0.988474,-0.0314373,0.0307547,1
271724,flyer3,2.99999,12.2047,-0.3,0,2
271724,finish,14.9968,8,-0.2,0,1
271724,bullet1,11.5802,0.4,0.8,0,1
271724,bullet4,6.96206,0.988474,0.8,0,1
271727,bullet3,15.6994,0.4,0.8,0,1
271727,bullet2,2.26336,0.889375,-0.8,-6.99382e-08,1
271728,flyer2,1.52902,4.91383,-0.2722,-0.126124,2
271728,flyer5,1.49999,12.2047,-0.3,0,2
271729,player,5.94834,1.01317,-0.0313348,0.00056751,1
271729,flyer3,1.49999,12.2047,-0.3,0,2
271729,finish,13.9968,8,-0.2,0,1
271729,bullet1,15.5802,0.4,0.8,0,1
271729,bullet4,10.9621,0.988474,0.8,0,1
271733,flyer2,0.168022,4.28321,-0.2722,-0.126124,2
271733,flyer5,-6.4373e-06,12.2047,-0.3,0,2
271734,player,4.98336,1.01363,-0.351918,1.04722e-05,1
271734,flyer3,-6.4373e-06,12.2047,-0.3,0,2
271734,finish,12.9968,8,-0.2,0,1
271734,bullet4,14.9621,0.988474,0.8,0,1
271736,flayer8,16.5,0.54614,-0.3,0,2
271736,flyer4,16.5,0.54614,-0.281224,-0.104467,2
271737,flyer6,16.5,0.54614,-0.2961,0.048213,2
271737,bullet6,5.12167,1.01364,0.8,0,1
271739,player,4.70074,1.01364,-0.00649387,1.93241e-07,1
271739,finish,11.9968,8,-0.2,0,1
271741,flayer8,15,0.54614,-0.3,0,2
271741,flyer4,15.0939,0.0238067,-0.281224,-0.104467,2
271741,bullet5,5.58588,1.50301,0.8,0,1
271742,flyer6,15.0195,0.787205,-0.2961,0.048213,2
271742,bullet6,9.12167,1.01364,0.8,0,1
271744,player,4.80847,1.27845,-0.138155,-0.32366,1
271744,finish,10.9968,8,-0.2,0,1
271746,flayer8,13.5,0.54614,-0.3,0,2
271746,flyer4,13.6878,-0.498527,-0.281224,-0.104467,2
271746,bullet5,9.58588,1.50301,0.8,0,1
271746,bullet3,5.11832,1.06726,0.8,0,1
271747,flyer6,13.539,1.02827,-0.2961,0.048213,1
271747,bullet6,13.1217,1.01364,0.8,0,1
271748,bullet1,5.10007,1.0245,0.8,0,1
271749,player,4.69752,1.01852,-0.00254935,-0.00597244,1
271749,finish,9.99682,8,-0.2,0,1
271751,flayer8,12,0.54614,-0.3,0,2
271751,bullet3,9.11832,1.06726,0.8,0,1
271751,bullet2,4.60648,1.01463,0.8,0,1
271753,bullet1,9.10007,1.0245,0.8,0,1
271754,player,4.58253,1.5031,0.137988,0.151765,1
271754,finish,8.99682,8,-0.2,0,1
271754,bullet4,4.18253,1.5031,-0.8,-6.99382e-08,1
271756,bullet2,8.60648,1.01463,0.8,0,1
271756,bullet6,5.07257,1.60213,0.8,0,1
