250791,player,10.0254,6.52532,0,0,1
250796,player,9.46765,5.93685,-0.0683438,-0.0307547,1
250796,bullet1,9.86765,5.93685,0.8,0,1
250797,bullet2,9.83689,5.92301,0.8,0,1
250801,player,8.58589,6.06402,-0.490636,-0.186192,1
250801,bullet1,13.8676,5.93685,0.8,0,1
250802,bullet2,13.8369,5.92301,0.8,0,1
250803,bullet3,8.66575,5.94253,0.8,0,1
250806,player,7.85437,5.01928,-0.346554,-0.40928,1
250808,flyer1,16.5,15.1543,-0.3,0,2
250808,bullet3,12.6657,5.94253,0.8,0,1
250811,player,7.81446,4.43962,0.452225,0.299193,1
250813,flyer1,15,15.1543,-0.3,0,2
250813,flyer2,16.5,15.1543,-0.299112,0.0230616,2
250813,bullet4,8.50953,4.63484,0.8,0,1
250816,player,7.95741,5.23761,0.277501,0.0738647,1
250818,flyer1,13.5,15.1543,-0.3,0,2
250818,flyer2,15.0044,15.2697,-0.299112,0.0230616,2
250818,flyer3,16.5,15.1543,-0.3,0,2
250818,bullet4,12.5095,4.63484,0.8,0,1
250818,bullet5,8.53848,5.28581,0.8,0,1
250821,player,8.51777,5.14506,0.342621,0.186988,1
250823,flyer1,12,15.1543,-0.3,0,2
250823,flyer2,13.5089,15.385,-0.299112,0.0230616,2
250823,flyer3,15,15.1543,-0.3,0,2
250823,bullet5,12.5385,5.28581,0.8,0,1
250823,bullet6,9.14133,5.26707,0.8,0,1
250824,bullet1,9.17255,5.28411,0.8,0,1
250826,player,8.79292,5.29522,0.00632231,0.00345045,1
250827,bullet2,9.19576,5.29678,0.8,0,1
250828,flyer1,10.5,15.1543,-0.3,0,2
250828,flyer2,12.0133,15.5003,-0.299112,0.0230616,2
250828,flyer3,13.5,15.1543,-0.3,0,2
250828,bullet6,13.1413,5.26707,0.8,0,1
250828,bullet3,9.19705,5.29747,0.8,0,1
250829,bullet1,13.1725,5.28411,0.8,0,1
250831,player,8.30862,5.29799,-0.151758,6.36706e-05,1
250832,bullet2,13.1958,5.29678,0.8,0,1
250833,flyer1,9,15.1543,-0.3,0,2
250833,flyer2,10.5178,15.6156,-0.299112,0.0230616,2
250833,flyer3,12,15.1543,-0.3,0,2
250833,bullet3,13.197,5.29747,0.8,0,1
250834,bullet4,8.59577,5.29804,0.8,0,1
250835,bullet5,8.58955,5.29804,0.8,0,1
250836,player,8.18675,5.29804,-0.00280037,1.1749e-06,1
250837,bullet6,8.58549,5.29804,0.8,0,1
250838,flyer1,7.5,15.1543,-0.3,0,2
250838,flyer2,9.02219,15.7309,-0.299112,0.0230616,2
250838,flyer3,10.5,15.1543,-0.3,0,2
250839,bullet4,12.5958,5.29804,0.8,0,1
250840,bullet5,12.5895,5.29804,0.8,0,1
250840,bullet1,8.02683,5.85576,0.8,0,1
250841,player,7.59603,5.88652,-0.0308064,0.0307547,1
250842,bullet6,12.5855,5.29804,0.8,0,1
250843,flyer1,5.99999,15.1543,-0.3,0,2
250843,flyer2,7.52663,15.8462,-0.299112,0.0230616,2
250843,flyer3,9,15.1543,-0.3,0,2
250845,bullet1,12.0268,5.85576,0.8,0,1
250846,player,8.06066,6.40059,0.151307,0.152443,1
250848,flyer1,4.49999,15.1543,-0.3,0,2
250848,flyer2,6.03107,15.9615,-0.299112,0.0230616,2
250848,flyer3,7.5,15.1543,-0.3,0,2
250850,bullet1,16.0268,5.85576,0.8,0,1
250850,bullet2,7.43319,5.96248,0.8,0,1
250851,player,6.99139,5.93454,-0.0418023,-0.0279417,1
250852,bullet3,7.37258,5.92197,0.8,0,1
250853,flyer1,2.99999,15.1543,-0.3,0,2
250853,flyer2,4.53551,16.0768,-0.299112,0.0230616,2
250853,flyer3,5.99999,15.1543,-0.3,0,2
250855,bullet2,11.4332,5.96248,0.8,0,1
250856,player,6.46844,5.84376,-0.152646,0.0830156,1
250857,bullet3,11.3726,5.92197,0.8,0,1
250858,flyer1,1.49999,15.1543,-0.3,0,2
250858,flyer2,3.03995,16.1921,-0.299112,0.0230616,2
250858,flyer3,4.49999,15.1543,-0.3,0,2
250858,bullet4,6.76884,5.40855,0.8,0,1
250860,bullet2,15.4332,5.96248,0.8,0,1
250860,bullet5,6.74867,5.32042,0.8,0,1
250861,player,6.34585,5.30811,-0.00281675,-0.0123077,1
250862,bullet3,15.3726,5.92197,0.8,0,1
250863,flyer1,-6.4373e-06,15.1543,-0.3,0,2
250863,flyer2,1.54438,16.3074,-0.299112,0.0230616,2
250863,flyer3,2.99999,15.1543,-0.3,0,2
250863,bullet4,10.7688,5.40855,0.8,0,1
250864,bullet6,7.30148,4.74124,0.8,0,1
250865,bullet5,10.7487,5.32042,0.8,0,1
250866,player,7.43528,4.69591,0.165663,-0.0140667,1
250868,flyer2,0.0488224,16.4227,-0.299112,0.0230616,2
250868,flyer3,1.49999,15.1543,-0.3,0,2
250868,bullet4,14.7688,5.40855,0.8,0,1
250869,bullet6,11.3015,4.74124,0.8,0,1
250869,bullet1,7.40075,4.12773,0.8,0,1
250870,bullet5,14.7487,5.32042,0.8,0,1
250871,player,6.96601,3.59293,-0.0107827,-0.165974,1
250873,flyer3,-6.4373e-06,15.1543,-0.3,0,2
250873,flyer4,16.5,14.2537,-0.269502,0.131791,2
250874,bullet6,15.3015,4.74124,0.8,0,1
250874,bullet1,11.4008,4.12773,0.8,0,1
250874,bullet2,7.91571,2.91179,0.8,0,1
250876,player,7.89716,2.85732,0.351141,-0.0169023,1
250876,flyer5,16.5,15.1543,-0.3,0,2
250878,flyer4,15.1525,14.9126,-0.269502,0.131791,2
250879,bullet1,15.4008,4.12773,0.8,0,1
250879,bullet2,11.9157,2.91179,0.8,0,1
250880,bullet3,8.0833,3.33344,0.8,0,1
250881,player,7.62144,3.40147,-0.0618642,0.0680318,1
250881,flyer5,15,15.1543,-0.3,0,2
250883,flyer4,13.805,15.5716,-0.269502,0.131791,2
250884,bullet2,15.9157,2.91179,0.8,0,1
250884,bullet4,6.61772,3.45206,-0.8,-6.99382e-08,1
250885,bullet3,12.0833,3.33344,0.8,0,1
250886,player,6.63194,3.1186,-0.352481,-0.336245,1
250886,flyer5,13.5,15.1543,-0.3,0,2
250887,bullet5,6.87333,2.96729,0.8,0,1
250888,flyer4,12.4575,16.2305,-0.269502,0.131791,2
250889,bullet4,2.61772,3.45206,-0.8,-6.99382e-08,1
250890,bullet3,16.0833,3.33344,0.8,0,1
250890,bullet6,6.266,2.3654,0.8,0,1
250891,player,5.79115,2.29085,-0.074848,-0.0745484,1
250891,flyer5,12,15.1543,-0.3,0,2
250892,bullet5,10.8733,2.96729,0.8,0,1
250893,flyer6,16.5,14.2537,-0.3,0,2
250894,bullet1,5.57778,2.79313,0.8,0,1
250895,bullet6,10.266,2.3654,0.8,0,1
250896,player,4.79123,3.1708,-0.352721,0.349964,1
250896,flyer5,10.5,15.1543,-0.3,0,2
250897,bullet5,14.8733,2.96729,0.8,0,1
250897,bullet2,5.03251,3.32828,0.8,0,1
250898,flyer6,15,14.2537,-0.3,0,2
250899,bullet1,9.57778,2.79313,0.8,0,1
250900,bullet6,14.266,2.3654,0.8,0,1
250900,bullet3,5.40385,2.95601,0.8,0,1
250901,player,5.06569,2.89413,0.0618351,-0.0618859,1
250901,flyer5,9,15.1543,-0.3,0,2
250902,bullet2,9.03251,3.32828,0.8,0,1
250903,flyer6,13.5,14.2537,-0.3,0,2
250903,bullet4,5.50603,2.85375,0.8,0,1
250904,bullet1,13.5778,2.79313,0.8,0,1
250905,bullet3,9.40385,2.95601,0.8,0,1
250906,player,4.77784,3.18193,-0.336359,0.336358,1
250906,flyer5,7.5,15.1543,-0.3,0,2
250907,bullet2,13.0325,3.32828,0.8,0,1
250908,flyer6,12,14.2537,-0.3,0,2
250908,bullet4,9.50603,2.85375,0.8,0,1
250910,bullet3,13.4039,2.95601,0.8,0,1
250911,player,4.99709,3.5204,0.145668,-0.0773245,1
250911,flyer5,5.99999,15.1543,-0.3,0,2
250913,flyer6,10.5,14.2537,-0.3,0,2
250913,bullet4,13.506,2.85375,0.8,0,1
250913,bullet5,5.00277,3.95932,0.8,0,1
250915,bullet6,4.92292,4.0482,0.8,0,1
250916,player,4.51176,4.06061,-0.0111516,0.0124128,1
250916,flyer5,4.49999,15.1543,-0.3,0,2
250917,bullet1,4.90674,4.0662,0.8,0,1
250918,flyer6,9,14.2537,-0.3,0,2
250918,bullet5,9.00277,3.95932,0.8,0,1
250919,bullet2,4.90347,4.06984,0.8,0,1
250920,bullet6,8.92292,4.0482,0.8,0,1
250921,player,4.99218,3.58121,0.151669,-0.151646,1
250921,flyer5,2.99999,15.1543,-0.3,0,2
250922,bullet1,8.90675,4.0662,0.8,0,1
250923,flyer6,7.5,14.2537,-0.3,0,2
250923,bullet5,13.0028,3.95932,0.8,0,1
250924,bullet2,8.90347,4.06984,0.8,0,1
250925,bullet6,12.9229,4.0482,0.8,0,1
250926,player,5.7163,1.93113,0.0166383,-0.384893,1
250926,flyer5,1.49999,15.1543,-0.3,0,2
250927,bullet1,12.9067,4.0662,0.8,0,1
250928,flyer6,5.99999,14.2537,-0.3,0,2
250929,bullet2,12.9035,4.06984,0.8,0,1
250930,bullet3,6.12935,1.13976,0.8,0,1
250931,player,5.72966,1.06431,0.000307024,-0.0754461,1
250931,flyer5,-6.4373e-06,15.1543,-0.3,0,2
250932,bullet4,6.12979,1.03036,0.8,0,1
250933,flyer6,4.49999,14.2537,-0.3,0,2
250934,flayer7,16.5,15.1543,-0.299155,-0.0224973,2
250935,bullet3,10.1294,1.13976,0.8,0,1
250936,player,5.6308,1.5922,0.121126,0.0293625,1
250937,bullet4,10.1298,1.03036,0.8,0,1
250937,bullet5,6.08531,1.60541,0.8,0,1
250938,flyer6,2.99999,14.2537,-0.3,0,2
250938,bullet6,6.10984,1.61136,0.8,0,1
250939,flayer7,15.0042,15.0419,-0.299155,-0.0224973,2
250940,bullet3,14.1294,1.13976,0.8,0,1
250941,player,5.2387,2.10515,-0.14964,0.152417,1
250942,bullet4,14.1298,1.03036,0.8,0,1
250942,bullet5,10.0853,1.60541,0.8,0,1
250943,flyer6,1.49999,14.2537,-0.3,0,2
250943,bullet6,10.1098,1.61136,0.8,0,1
250944,flayer7,13.5084,14.9294,-0.299155,-0.0224973,2
250946,player,5.70701,2.81603,0.0279934,0.0335672,1
250946,bullet1,6.10701,2.81603,0.8,0,1
250947,bullet5,14.0853,1.60541,0.8,0,1
250948,flyer6,-6.4373e-06,14.2537,-0.3,0,2
250948,bullet6,14.1098,1.61136,0.8,0,1
250949,flayer7,12.0127,14.8169,-0.299155,-0.0224973,2
250951,player,5.28471,3.28777,-0.205863,0.206999,1
250951,flayer8,16.5,14.2537,-0.258731,0.151849,2
250951,bullet1,10.107,2.81603,0.8,0,1
250952,flyer1,16.5,14.2537,-0.246143,0.171505,2
250954,flayer7,10.5169,14.7044,-0.299155,-0.0224973,2
250956,player,4.64385,4.04248,-0.172589,0.0345744,1
250956,flayer8,15.2063,15.0129,-0.258731,0.151849,2
250956,bullet1,14.107,2.81603,0.8,0,1
250957,flyer1,15.2693,15.1112,-0.246143,0.171505,2
250959,flayer7,9.02112,14.5919,-0.299155,-0.0224973,2
250959,flyer2,16.5,11.7209,-0.296709,-0.0443163,2
250961,player,4.06046,3.53628,-0.209564,-0.0967329,1
250961,flayer8,13.9127,15.7722,-0.258731,0.151849,2
250962,flyer1,14.0386,15.9687,-0.246143,0.171505,2
250964,flayer7,7.52534,14.4794,-0.299155,-0.0224973,2
250964,flyer2,15.0165,11.4993,-0.296709,-0.0443163,2
250965,bullet2,3.14984,4.60657,0.8,0,1
250966,player,2.70138,4.64938,-0.0484613,0.0428093,1
250966,bullet3,2.30138,4.64938,-0.8,-6.99382e-08,1
250969,flayer7,6.02957,14.3669,-0.299155,-0.0224973,2
250969,flyer2,13.5329,11.2777,-0.296709,-0.0443163,2
250970,flyer3,16.5,11.7209,-0.3,0,2
250970,bullet2,7.14984,4.60657,0.8,0,1
250970,bullet4,3.55273,4.68297,0.8,0,1
250971,player,3.22018,4.68376,0.0674495,0.000789952,1
250973,bullet5,3.17481,4.1949,0.8,0,1
250974,flayer7,4.53379,14.2545,-0.299155,-0.0224973,2
250974,flyer2,12.0494,11.0561,-0.296709,-0.0443163,2
250975,flyer3,15,11.7209,-0.3,0,2
250975,bullet2,11.1498,4.60657,0.8,0,1
250975,bullet4,7.55273,4.68297,0.8,0,1
250975,bullet6,3.08463,4.0959,0.8,0,1
250976,player,2.67203,3.74458,-0.012595,-0.351325,1
250978,bullet5,7.17481,4.1949,0.8,0,1
250979,flayer7,3.03801,14.142,-0.299155,-0.0224973,2
250979,flyer2,10.5658,10.8345,-0.296709,-0.0443163,2
250980,flyer3,13.5,11.7209,-0.3,0,2
250980,bullet2,15.1498,4.60657,0.8,0,1
250980,bullet4,11.5527,4.68297,0.8,0,1
250980,bullet6,7.08463,4.0959,0.8,0,1
250981,player,2.17254,3.95181,-0.152107,0.145392,1
250983,bullet5,11.1748,4.1949,0.8,0,1
250984,flayer7,1.54224,14.0295,-0.299155,-0.0224973,2
250984,flyer2,9.08227,10.613,-0.296709,-0.0443163,2
250985,flyer3,12,11.7209,-0.3,0,2
250985,bullet4,15.5527,4.68297,0.8,0,1
250985,bullet6,11.0846,4.0959,0.8,0,1
250986,player,2.16333,4.08241,-0.140842,-0.0142322,1
250988,bullet5,15.1748,4.1949,0.8,0,1
250989,flayer7,0.046461,13.917,-0.299155,-0.0224973,2
250989,flyer2,7.59873,10.3914,-0.296709,-0.0443163,2
250990,flyer3,10.5,11.7209,-0.3,0,2
250990,bullet6,15.0846,4.0959,0.8,0,1
250990,bullet1,1.37497,4.07124,0.8,0,1
250991,player,0.890187,4.07098,-0.0847823,-0.000262624,1
250992,flyer4,16.5,5.7126,-0.264742,0.141108,2
250992,bullet3,1.25204,4.07086,0.8,0,1
250994,flyer2,6.11519,10.1698,-0.296709,-0.0443163,2
250995,flyer3,9,11.7209,-0.3,0,2
250995,bullet1,5.37497,4.07124,0.8,0,1
250995,bullet2,1.22366,3.51305,0.8,0,1
250996,player,0.8221,3.48229,-0.00156447,-0.0307595,1
250997,flyer4,15.1763,6.41814,-0.264742,0.141108,2
250997,bullet3,5.25204,4.07086,0.8,0,1
250999,flyer2,4.63164,9.94821,-0.296709,-0.0443163,2
251000,flyer3,7.5,11.7209,-0.3,0,2
251000,bullet1,9.37497,4.07124,0.8,0,1
251000,bullet2,5.22366,3.51305,0.8,0,1
251000,bullet4,0.8,2.38031,0.8,0,1
251001,player,0.4,2.29756,-0,-0.082751,1
251002,flyer4,13.8526,7.12368,-0.264742,0.141108,2
251002,bullet3,9.25204,4.07086,0.8,0,1
251004,flyer2,3.1481,9.72663,-0.296709,-0.0443163,2
251005,flyer3,5.99999,11.7209,-0.3,0,2
251005,bullet1,13.375,4.07124,0.8,0,1
251005,bullet2,9.22367,3.51305,0.8,0,1
251005,bullet4,4.8,2.38031,0.8,0,1
251006,player,0.4,2.2311,0,-0.00152699,1
251007,flyer4,12.5289,7.82923,-0.264742,0.141108,2
251007,bullet3,13.252,4.07086,0.8,0,1
251009,flyer2,1.66456,9.50505,-0.296709,-0.0443163,2
251009,bullet5,0.8,2.78769,0.8,0,1
251010,flyer3,4.49999,11.7209,-0.3,0,2
251010,bullet2,13.2237,3.51305,0.8,0,1
251010,bullet4,8.8,2.38031,0.8,0,1
251011,player,0.4,2.83219,0,0.0138114,1
251012,flyer4,11.2052,8.53477,-0.264742,0.141108,2
251013,bullet6,0.8,2.8412,0.8,0,1
251014,flyer2,0.181012,9.28347,-0.296709,-0.0443163,2
251014,bullet5,4.8,2.78769,0.8,0,1
251015,flyer3,2.99999,11.7209,-0.3,0,2
251015,bullet4,12.8,2.38031,0.8,0,1
251015,bullet1,0.8,2.84303,0.8,0,1
251016,player,0.4,2.84328,0,0.00025486,1
251017,flyer4,9.88145,9.24031,-0.264742,0.141108,2
251018,bullet6,4.8,2.8412,0.8,0,1
251019,bullet5,8.8,2.78769,0.8,0,1
251020,flyer3,1.49999,11.7209,-0.3,0,2
251020,bullet1,4.8,2.84303,0.8,0,1
251020,bullet3,0.8,3.43196,0.8,0,1
251021,player,0.4,3.4458,0,0.0138443,1
251022,flyer4,8.55774,9.94585,-0.264742,0.141108,2
251023,bullet6,8.8,2.8412,0.8,0,1
251024,bullet5,12.8,2.78769,0.8,0,1
251025,flyer3,-6.4373e-06,11.7209,-0.3,0,2
251025,bullet1,8.8,2.84303,0.8,0,1
251025,bullet3,4.8,3.43196,0.8,0,1
251026,player,0.4,3.19211,0,0.323916,1
251027,flyer4,7.23403,10.6514,-0.264742,0.141108,2
251028,bullet6,12.8,2.8412,0.8,0,1
251029,bullet2,0.8,3.43298,0.8,0,1
251030,bullet1,12.8,2.84303,0.8,0,1
251030,bullet3,8.8,3.43196,0.8,0,1
251031,player,0.4,3.45224,0,0.00597716,1
251032,flyer4,5.91032,11.3569,-0.264742,0.141108,2
251034,bullet2,4.8,3.43298,0.8,0,1
251035,flyer5,16.5,14.6244,-0.215846,-0.208352,2
251035,bullet3,12.8,3.43196,0.8,0,1
251035,bullet4,0.8,2.89921,0.8,0,1
251036,player,0.4,2.86856,0,-0.0306444,1
251037,flyer4,4.58661,12.0625,-0.264742,0.141108,2
251037,bullet5,0.8,2.85477,0.8,0,1
251039,bullet2,8.8,3.43298,0.8,0,1
251040,flyer5,15.4208,13.5826,-0.215846,-0.208352,2
251040,bullet4,4.8,2.89921,0.8,0,1
251040,bullet6,0.8,3.33389,0.8,0,1
251041,player,0.4,3.40167,0,0.0677783,1
251042,flyer4,3.2629,12.768,-0.264742,0.141108,2
251042,bullet5,4.8,2.85477,0.8,0,1
251044,bullet2,12.8,3.43298,0.8,0,1
251045,flyer5,14.3415,12.5408,-0.215846,-0.208352,2
251045,bullet4,8.8,2.89921,0.8,0,1
251045,bullet6,4.8,3.33389,0.8,0,1
251046,player,0.4,4.04458,0,0.0320054,1
251047,flyer4,1.93919,13.4736,-0.264742,0.141108,2
251047,bullet5,8.8,2.85477,0.8,0,1
251050,flyer5,13.2623,11.4991,-0.215846,-0.208352,2
251050,bullet4,12.8,2.89921,0.8,0,1
251050,bullet6,8.8,3.33389,0.8,0,1
251050,bullet1,0.8,4.06969,0.8,0,1
251051,player,0.4,4.07028,0,0.000590589,1
251052,flyer4,0.615475,14.1791,-0.264742,0.141108,2
251052,bullet5,12.8,2.85477,0.8,0,1
251055,flyer5,12.1831,10.4573,-0.215846,-0.208352,2
251055,bullet6,12.8,3.33389,0.8,0,1
251055,bullet1,4.8,4.06969,0.8,0,1
251056,player,0.4,4.8111,-0,-0.154859,1
251057,bullet5,16.8,2.85477,0.8,0,1
251058,flyer6,16.5,14.6244,-0.3,0,2
251059,bullet3,0.8,5.18532,0.8,0,1
251060,flyer5,11.1038,9.41555,-0.215846,-0.208352,2
251060,bullet1,8.8,4.06969,0.8,0,1
251061,player,0.4,5.27521,0,0.0278971,1
251063,flyer6,15,14.6244,-0.3,0,2
251063,bullet2,0.8,5.78279,0.8,0,1
251064,bullet3,4.8,5.18532,0.8,0,1
251065,flyer5,10.0246,8.37379,-0.215846,-0.208352,2
251065,bullet1,12.8,4.06969,0.8,0,1
251066,player,0.889375,5.89993,0.151875,0.0143544,1
251066,bullet4,1.28938,5.89993,0.8,0,1
251068,flyer6,13.5,14.6244,-0.3,0,2
251068,bullet2,4.8,5.78279,0.8,0,1
251069,bullet3,8.8,5.18532,0.8,0,1
251070,flyer5,8.94539,7.33203,-0.215846,-0.208352,2
251071,player,1.59982,6.49993,0.0335572,0.0310196,1
251071,bullet4,5.28938,5.89993,0.8,0,1
251073,flyer6,12,14.6244,-0.3,0,2
251073,bullet2,8.8,5.78279,0.8,0,1
251074,bullet3,12.8,5.18532,0.8,0,1
251075,flyer5,7.86616,6.29028,-0.215846,-0.208352,1
251075,bullet5,3.17234,7.08199,0.8,0,1
251076,player,2.81755,7.45081,0.0452135,0.368827,1
251078,flyer6,10.5,14.6244,-0.3,0,2
251078,bullet2,12.8,5.78279,0.8,0,1
251080,flyer5,6.78693,5.24852,-0.215846,-0.208352,1
251080,bullet5,7.17234,7.08199,0.8,0,1
251081,player,1.70767,7.18929,-0.0982641,-0.0615379,1
251081,bullet6,2.10767,7.18929,0.8,0,1
251083,flyer6,9,14.6244,-0.3,0,2
251085,flyer5,5.7077,4.20676,-0.215846,-0.208352,1
251085,bullet5,11.1723,7.08199,0.8,0,1
251085,bullet1,2.03057,7.69873,0.8,0,1
251086,player,1.96626,7.72835,0.335687,0.0296191,1
251086,bullet6,6.10767,7.18929,0.8,0,1
251088,flyer6,7.5,14.6244,-0.3,0,2
251090,flyer5,4.62846,3.165,-0.215846,-0.208352,1
251090,bullet5,15.1723,7.08199,0.8,0,1
251090,bullet1,6.03057,7.69873,0.8,0,1
251091,player,3.38203,7.16366,0.105293,-0.0302081,1
251091,bullet6,10.1077,7.18929,0.8,0,1
251091,bullet4,3.78203,7.16366,0.8,0,1
251093,flyer6,5.99999,14.6244,-0.3,0,2
251093,bullet3,3.85074,7.14395,0.8,0,1
251095,flyer5,3.54923,2.12324,-0.215846,-0.208352,1
251095,bullet1,10.0306,7.69873,0.8,0,1
251096,player,3.95597,7.62877,0.153818,0.151318,1
251096,bullet6,14.1077,7.18929,0.8,0,1
251096,bullet4,7.78203,7.16366,0.8,0,1
251098,flyer6,4.49999,14.6244,-0.3,0,2
251098,bullet3,7.85074,7.14395,0.8,0,1
251100,flyer5,2.47,1.08148,-0.215846,-0.208352,1
251100,bullet1,14.0306,7.69873,0.8,0,1
251101,player,2.73683,9.09296,0.143869,-0.138238,1
251101,bullet4,11.782,7.16366,0.8,0,1
251103,flyer6,2.99999,14.6244,-0.3,0,2
251103,bullet3,11.8507,7.14395,0.8,0,1
251103,bullet2,3.23071,9.00276,0.8,0,1
251105,flyer5,1.39077,0.0397229,-0.215846,-0.208352,1
251105,bullet5,3.24972,8.9845,0.8,0,1
251106,player,2.85237,8.98194,0.00265479,-0.00255089,1
251106,bullet4,15.782,7.16366,0.8,0,1
251108,flyer6,1.49999,14.6244,-0.3,0,2
251108,bullet3,15.8507,7.14395,0.8,0,1
251108,bullet2,7.23071,9.00276,0.8,0,1
251109,flayer8,16.5,14.6244,-0.232895,-0.189103,2
251109,bullet6,2.76497,9.46942,0.8,0,1
251110,bullet5,7.24972,8.9845,0.8,0,1
251111,player,2.26603,9.56837,-0.0307057,0.0307076,1
251113,flyer6,-6.4373e-06,14.6244,-0.3,0,2
251113,bullet2,11.2307,9.00276,0.8,0,1
251114,flayer8,15.3355,13.6788,-0.232895,-0.189103,2
251114,bullet6,6.76497,9.46942,0.8,0,1
251115,bullet5,11.2497,8.9845,0.8,0,1
251116,player,3.09466,9.14259,-0.293472,-0.198898,1
251118,bullet2,15.2307,9.00276,0.8,0,1
251119,flayer8,14.1711,12.7333,-0.232895,-0.189103,2
251119,bullet6,10.765,9.46942,0.8,0,1
251119,bullet1,3.27643,8.99469,0.8,0,1
251120,bullet5,15.2497,8.9845,0.8,0,1
251120,bullet4,3.26439,8.98653,0.8,0,1
251121,player,2.85898,8.98286,-0.00541539,-0.00367023,1
251124,flayer8,13.0066,11.7878,-0.232895,-0.189103,2
251124,bullet6,14.765,9.46942,0.8,0,1
251124,bullet1,7.27643,8.99469,0.8,0,1
251125,bullet4,7.26439,8.98653,0.8,0,1
251126,player,3.20597,8.96607,0.320485,0.0168473,1
251127,flyer1,16.5,14.6244,-0.3,0,2
251129,flayer8,11.8421,10.8423,-0.232895,-0.189103,2
251129,bullet1,11.2764,8.99469,0.8,0,1
251129,bullet3,3.84429,8.9786,0.8,0,1
251130,bullet4,11.2644,8.98653,0.8,0,1
251131,player,3.46334,8.9796,0.00591385,0.000310881,1
251132,flyer1,15,14.6244,-0.3,0,2
251134,flayer8,10.6776,9.89678,-0.232895,-0.189103,2
251134,bullet1,15.2764,8.99469,0.8,0,1
251134,bullet3,7.84429,8.9786,0.8,0,1
251135,bullet4,15.2644,8.98653,0.8,0,1
251136,player,3.43734,9.0106,0.0376982,-0.0375833,1
251136,bullet2,3.83734,9.0106,0.8,0,1
251137,flyer1,13.5,14.6244,-0.3,0,2
251139,flayer8,9.51315,8.95126,-0.232895,-0.189103,1
251141,player,2.37593,9.58273,-0.165019,0.0131461,1
251141,flayer7,16.5,4.70657,-0.3,0,2
251141,bullet2,7.83734,9.0106,0.8,0,1
251142,flyer1,12,14.6244,-0.3,0,2
251143,bullet5,2.66825,9.59131,0.8,0,1
251146,player,2.5809,8.69807,0.334455,-0.405601,1
251146,flayer7,15,4.70657,-0.3,0,2
251147,flyer1,10.5,14.6244,-0.3,0,2
251148,flyer2,16.5,4.70657,-0.3,0,2
251148,bullet5,6.66825,9.59131,0.8,0,1
251148,bullet6,3.19913,8.43341,0.8,0,1
251151,player,3.33887,7.88296,0.158047,-0.159359,1
251151,flayer7,13.5,4.70657,-0.3,0,2
251152,flyer1,9,14.6244,-0.3,0,2
251153,flyer2,15,4.70657,-0.3,0,2
251153,bullet5,10.6683,9.59131,0.8,0,1
251153,bullet6,7.19913,8.43341,0.8,0,1
251154,bullet1,3.36702,8.25383,0.8,0,1
251156,player,2.87732,8.34345,-0.0278383,0.0278141,1
251156,flayer7,12,4.70657,-0.3,0,2
251156,bullet3,3.27732,8.34345,0.8,0,1
251157,flyer1,7.5,14.6244,-0.3,0,2
251158,flyer2,13.5,4.70657,-0.3,0,2
251158,bullet5,14.6683,9.59131,0.8,0,1
251158,bullet6,11.1991,8.43341,0.8,0,1
251159,bullet1,7.36702,8.25383,0.8,0,1
251161,player,2.85496,8.36579,-0.000513695,0.000513248,1
251161,flayer7,10.5,4.70657,-0.3,0,2
251161,bullet3,7.27732,8.34345,0.8,0,1
251161,bullet4,3.25496,8.36579,0.8,0,1
251162,flyer1,5.99999,14.6244,-0.3,0,2
251163,flyer2,12,4.70657,-0.3,0,2
251163,bullet6,15.1991,8.43341,0.8,0,1
251164,bullet1,11.367,8.25383,0.8,0,1
251166,player,2.88531,9.5124,-0.0375985,0.0991079,1
251166,flayer7,9,4.70657,-0.3,0,2
251166,bullet3,11.2773,8.34345,0.8,0,1
251166,bullet4,7.25497,8.36579,0.8,0,1
251166,bullet2,3.28531,9.5124,0.8,0,1
251167,flyer1,4.49999,14.6244,-0.3,0,2
251168,flyer2,10.5,4.70657,-0.3,0,2
251169,bullet1,15.367,8.25383,0.8,0,1
251171,player,3.45742,9.59198,0.0131458,0.00182882,1
251171,flayer7,7.5,4.70657,-0.3,0,2
251171,bullet3,15.2773,8.34345,0.8,0,1
251171,bullet4,11.255,8.36579,0.8,0,1
251171,bullet2,7.28531,9.5124,0.8,0,1
251171,bullet5,3.85742,9.59198,0.8,0,1
251172,flyer1,2.99999,14.6244,-0.3,0,2
251173,flyer2,9,4.70657,-0.3,0,2
251176,player,2.32179,9.5627,-0.0988559,0.0376228,1
251176,flayer7,5.99999,4.70657,-0.3,0,2
251176,bullet4,15.255,8.36579,0.8,0,1
251176,bullet2,11.2853,9.5124,0.8,0,1
251176,bullet5,7.85743,9.59198,0.8,0,1
251176,bullet6,2.72179,9.5627,0.8,0,1
251177,flyer1,1.49999,14.6244,-0.3,0,2
251178,flyer2,7.5,4.70657,-0.3,0,2
251181,player,2.2424,9.25541,-0.00182417,-0.336806,1
251181,flayer7,4.49999,4.70657,-0.3,0,2
251181,bullet2,15.2853,9.5124,0.8,0,1
251181,bullet5,11.8574,9.59198,0.8,0,1
251181,bullet6,6.72179,9.5627,0.8,0,1
251182,flyer1,-6.4373e-06,14.6244,-0.3,0,2
251183,flyer2,5.99999,4.70657,-0.3,0,2
251184,bullet1,2.15167,9.49433,0.8,0,1
251186,player,1.98996,9.5734,0.306712,0.0245397,1
251186,flayer7,2.99999,4.70657,-0.3,0,2
251186,bullet5,15.8574,9.59198,0.8,0,1
251186,bullet6,10.7218,9.5627,0.8,0,1
251188,flyer2,4.49999,4.70657,-0.3,0,2
251189,bullet1,6.15167,9.49433,0.8,0,1
251191,player,1.49593,9.34213,0.16053,0.307198,1
251191,flayer7,1.49999,4.70657,-0.3,0,2
251191,bullet6,14.7218,9.5627,0.8,0,1
251193,flyer2,2.99999,4.70657,-0.3,0,2
251193,bullet3,1.20067,9.54258,-0.8,-6.99382e-08,1
251194,bullet1,10.1517,9.49433,0.8,0,1
251195,bullet4,2.02188,9.58317,0.8,0,1
251196,player,1.62485,9.58884,0.00296223,0.00566867,1
251196,flayer7,-6.4373e-06,4.70657,-0.3,0,2
251197,bullet2,2.02618,9.59139,0.8,0,1
251198,flyer2,1.49999,4.70657,-0.3,0,2
251199,bullet1,14.1517,9.49433,0.8,0,1
251200,bullet4,6.02188,9.58317,0.8,0,1
251200,bullet5,2.02717,9.03557,0.8,0,1
251201,player,1.28973,9.00492,-0.337445,-0.0306501,1
251202,bullet2,6.02618,9.59139,0.8,0,1
251203,flyer2,-6.4373e-06,4.70657,-0.3,0,2
251203,bullet6,1.46954,8.98491,0.8,0,1
251205,bullet4,10.0219,9.58317,0.8,0,1
251205,bullet5,6.02717,9.03557,0.8,0,1
251206,player,1.01873,8.9803,-0.00622682,-0.00056558,1
251207,bullet2,10.0262,9.59139,0.8,0,1
251208,bullet6,5.46954,8.98491,0.8,0,1
251210,bullet4,14.0219,9.58317,0.8,0,1
251210,bullet5,10.0272,9.03557,0.8,0,1
251211,player,1.01373,9.56832,-0.000114902,0.0307443,1
251212,bullet2,14.0262,9.59139,0.8,0,1
251213,flyer3,16.5,6.62059,-0.299886,-0.00826647,2
251213,bullet6,9.46954,8.98491,0.8,0,1
251215,flyer4,16.5,4.21104,-0.3,0,2
251215,bullet5,14.0272,9.03557,0.8,0,1
251216,player,0.455918,10.6847,-0.0683459,0.166282,1
251217,bullet3,0.825162,10.7595,0.8,0,1
251218,flyer3,15.0006,6.57926,-0.299886,-0.00826647,2
251218,bullet6,13.4695,8.98491,0.8,0,1
251220,flyer4,15,4.21104,-0.3,0,2
251221,player,0.552905,10.6664,-0.186886,0.188693,1
251222,flyer5,16.5,10.5917,-0.26677,0.137235,2
251222,bullet3,4.82516,10.7595,0.8,0,1
251223,flyer3,13.5011,6.53792,-0.299886,-0.00826647,2
251224,bullet1,0.813932,10.8067,0.8,0,1
251225,flyer4,13.5,4.21104,-0.3,0,2
251225,bullet4,0.806268,10.8144,0.8,0,1
251226,player,0.40282,10.8179,-0.00344858,0.00348192,1
251227,flyer5,15.1661,11.2779,-0.26677,0.137235,2
251227,bullet3,8.82516,10.7595,0.8,0,1
251228,flyer3,12.0017,6.49659,-0.299886,-0.00826647,2
251228,bullet2,1.28994,10.3308,0.8,0,1
251229,bullet1,4.81393,10.8067,0.8,0,1
251230,flyer4,12,4.21104,-0.3,0,2
251230,bullet4,4.80627,10.8144,0.8,0,1
251231,player,1.33986,10.2184,0.351276,-0.0137754,1
251232,flyer5,13.8323,11.9641,-0.26677,0.137235,2
251232,bullet3,12.8252,10.7595,0.8,0,1
251233,flyer3,10.5023,6.45526,-0.299886,-0.00826647,2
251233,bullet2,5.28995,10.3308,0.8,0,1
251234,bullet1,8.81393,10.8067,0.8,0,1
251235,flyer4,10.5,4.21104,-0.3,0,2
251235,bullet4,8.80627,10.8144,0.8,0,1
251236,player,1.01965,9.605,-0.00735758,-0.0140938,1
251237,flyer5,12.4984,12.6503,-0.26677,0.137235,2
251238,flyer3,9.00286,6.41393,-0.299886,-0.00826647,2
251238,bullet2,9.28995,10.3308,0.8,0,1
251238,bullet5,1.41485,9.5958,0.8,0,1
251239,bullet1,12.8139,10.8067,0.8,0,1
251240,flyer4,9,4.21104,-0.3,0,2
251240,bullet4,12.8063,10.8144,0.8,0,1
251241,player,0.4,9.59368,-0.101495,-0.00026007,1
251242,flyer5,11.1646,13.3364,-0.26677,0.137235,2
251243,flyer3,7.50343,6.37259,-0.299886,-0.00826647,2
251243,bullet2,13.2899,10.3308,0.8,0,1
251243,bullet5,5.41485,9.5958,0.8,0,1
251245,flyer4,7.5,4.21104,-0.3,0,2
251245,bullet6,0.819462,10.1819,0.8,0,1
251246,player,0.4,10.1958,-0.0140943,0.0138348,1
251247,flyer5,9.83074,14.0226,-0.26677,0.137235,2
251247,bullet3,0.793658,10.202,0.8,0,1
251248,flyer3,6.00399,6.33126,-0.299886,-0.00826647,2
251248,bullet5,9.41486,9.5958,0.8,0,1
251249,bullet1,0.798323,10.2061,0.8,0,1
251250,flyer4,5.99999,4.21104,-0.3,0,2
251250,bullet6,4.81946,10.1819,0.8,0,1
251251,player,0.4,9.86939,-0,-0.337245,1
251252,flyer5,8.49689,14.7088,-0.26677,0.137235,2
251252,bullet3,4.79366,10.202,0.8,0,1
251253,flyer3,4.50456,6.28993,-0.299886,-0.00826647,2
251253,bullet5,13.4149,9.5958,0.8,0,1
251254,bullet1,4.79832,10.2061,0.8,0,1
251255,flyer4,4.49999,4.21104,-0.3,0,2
251255,bullet6,8.81946,10.1819,0.8,0,1
251256,player,0.4,9.93606,0,0.331277,1
251257,flyer5,7.16304,15.395,-0.26677,0.137235,2
251257,bullet3,8.79366,10.202,0.8,0,1
251257,bullet4,0.8,10.0851,0.8,0,1
251258,flyer3,3.00513,6.2486,-0.299886,-0.00826647,2
251259,bullet1,8.79832,10.2061,0.8,0,1
251260,flyer4,2.99999,4.21104,-0.3,0,2
251260,bullet6,12.8195,10.1819,0.8,0,1
251261,player,0.7375,9.30688,0.3375,-0.399731,1
251262,flyer5,5.82918,16.0811,-0.26677,0.137235,2
251262,bullet3,12.7937,10.202,0.8,0,1
251262,bullet4,4.8,10.0851,0.8,0,1
251263,flyer3,1.5057,6.20726,-0.299886,-0.00826647,2
251264,bullet1,12.7983,10.2061,0.8,0,1
251265,flyer4,1.49999,4.21104,-0.3,0,2
251266,player,1.34604,8.98586,0.343728,-0.00737616,1
251267,bullet4,8.8,10.0851,0.8,0,1
251268,flyer3,0.00627077,6.16593,-0.299886,-0.00826647,2
251269,flyer6,16.5,10.5917,-0.3,0,2
251270,flyer4,-6.4373e-06,4.21104,-0.3,0,2
251270,flayer8,16.5,10.5917,-0.295556,0.0514453,2
251271,player,1.06436,9.87516,-0.062001,0.405708,1
251272,flyer1,16.5,9.91024,-0.3,0,2
251272,bullet4,12.8,10.0851,0.8,0,1
251274,flyer6,15,10.5917,-0.3,0,1
251275,flayer8,15.0222,10.8489,-0.295556,0.0514453,2
251276,player,0.915474,10.9413,0.119976,-0.147384,1
251277,flyer1,15,9.91024,-0.3,0,2
251278,bullet2,1.39376,10.8452,0.8,0,1
251279,flyer6,13.5,10.5917,-0.3,0,1
251280,flayer8,13.5444,11.1062,-0.295556,0.0514453,2
251280,bullet5,1.40961,10.8257,0.8,0,1
251281,player,1.01183,10.823,0.0022139,-0.00271965,1
251282,flyer1,13.5,9.91024,-0.3,0,2
251282,bullet6,1.41282,10.8217,0.8,0,1
251283,bullet2,5.39376,10.8452,0.8,0,1
251284,flyer6,12,10.5917,-0.3,0,1
251285,flayer8,12.0667,11.3634,-0.295556,0.0514453,2
251285,bullet5,5.40961,10.8257,0.8,0,1
251285,bullet3,1.41356,11.3785,0.8,0,1
251286,player,1.0136,11.4093,4.08527e-05,0.0307045,1
251287,flyer1,12,9.91024,-0.3,0,2
251287,bullet6,5.41282,10.8217,0.8,0,1
251288,bullet2,9.39376,10.8452,0.8,0,1
251289,flyer6,10.5,10.5917,-0.3,0,1
251290,flayer8,10.5889,11.6206,-0.295556,0.0514453,1
251290,bullet3,5.41356,11.3785,0.8,0,1
251290,bullet1,0.855917,10.8756,0.8,0,1
251291,player,0.425163,10.8454,-0.0307539,-0.0301881,1
251292,flyer1,10.5,9.91024,-0.3,0,2
251292,bullet6,9.41282,10.8217,0.8,0,1
251293,bullet4,0.805096,10.3364,0.8,0,1
251295,bullet1,4.85592,10.8756,0.8,0,1
251296,player,0.4,10.7082,0,0.137478,1
251296,bullet2,0.8,10.7082,0.8,0,1
251297,flyer1,9,9.91024,-0.3,0,2
251297,bullet6,13.4128,10.8217,0.8,0,1
251298,bullet4,4.8051,10.3364,0.8,0,1
251300,bullet1,8.85592,10.8756,0.8,0,1
251301,player,0.4,10.8187,0,0.00253686,1
251301,bullet2,4.8,10.7082,0.8,0,1
251302,flyer1,7.5,9.91024,-0.3,0,1
251302,bullet5,0.8,10.8198,0.8,0,1
251303,bullet3,0.8,10.8203,0.8,0,1
251305,bullet1,12.8559,10.8756,0.8,0,1
251306,player,0.7375,10.8207,0.3375,4.68122e-05,1
251307,bullet5,4.8,10.8198,0.8,0,1
251308,bullet3,4.8,10.8203,0.8,0,1
251308,bullet6,1.35772,10.8207,0.8,0,1
251310,flayer7,16.5,14.9641,-0.3,0,2
251310,bullet4,1.40231,10.8207,0.8,0,1
251311,player,1.34604,10.4832,0.343728,-0.337499,1
251312,bullet5,8.8,10.8198,0.8,0,1
251313,bullet3,8.8,10.8203,0.8,0,1
251313,bullet6,5.35772,10.8207,0.8,0,1
251315,flayer7,15,14.9641,-0.3,0,2
251315,bullet4,5.40231,10.8207,0.8,0,1
251316,player,1.62208,10.8007,0.00634275,0.0245269,1
251317,bullet5,12.8,10.8198,0.8,0,1
251318,bullet3,12.8,10.8203,0.8,0,1
251318,bullet6,9.35772,10.8207,0.8,0,1
251320,flayer7,13.5,14.9641,-0.3,0,2
251320,bullet4,9.40231,10.8207,0.8,0,1
251321,player,2.56699,9.72868,0.351457,-0.165262,1
251323,flyer2,16.5,14.9641,-0.3,0,2
251323,bullet6,13.3577,10.8207,0.8,0,1
251324,bullet2,3.22834,9.60579,0.8,0,1
251325,flayer7,12,14.9641,-0.3,0,2
251325,bullet4,13.4023,10.8207,0.8,0,1
251326,player,2.84924,9.10658,0.00648536,-0.154925,1
251327,bullet1,3.25216,9.03687,0.8,0,1
251328,flyer2,15,14.9641,-0.3,0,2
251328,bullet5,3.25347,9.0055,0.8,0,1
251329,bullet2,7.22834,9.60579,0.8,0,1
251330,flayer7,10.5,14.9641,-0.3,0,2
251331,player,2.85445,8.98217,0.000119673,-0.00285879,1
251331,bullet3,3.25445,8.98217,0.8,0,1
251332,bullet1,7.25216,9.03687,0.8,0,1
251333,flyer2,13.5,14.9641,-0.3,0,2
251333,bullet5,7.25347,9.0055,0.8,0,1
251334,bullet2,11.2283,9.60579,0.8,0,1
251335,flayer7,9,14.9641,-0.3,0,2
251336,player,2.85454,8.97987,2.20831e-06,-5.27528e-05,1
251336,bullet3,7.25445,8.98217,0.8,0,1
251337,bullet1,11.2522,9.03687,0.8,0,1
251338,flyer2,12,14.9641,-0.3,0,2
251338,bullet5,11.2535,9.0055,0.8,0,1
251339,bullet2,15.2283,9.60579,0.8,0,1
251340,flayer7,7.5,14.9641,-0.3,0,2
251341,player,2.36517,8.49046,-0.151875,-0.151876,1
251341,bullet3,11.2544,8.98217,0.8,0,1
251342,bullet1,15.2522,9.03687,0.8,0,1
251342,bullet6,2.69682,8.42211,0.8,0,1
251343,flyer2,10.5,14.9641,-0.3,0,2
251343,bullet5,15.2535,9.0055,0.8,0,1
251345,flayer7,5.99999,14.9641,-0.3,0,2
251345,bullet4,2.08828,8.92901,0.8,0,1
251346,player,1.65473,8.95696,-0.0335572,0.0279521,1
251346,bullet3,15.2544,8.98217,0.8,0,1
251347,bullet6,6.69682,8.42211,0.8,0,1
251347,bullet2,2.03962,8.96953,0.8,0,1
251348,flyer2,9,14.9641,-0.3,0,2
251350,flayer7,4.49999,14.9641,-0.3,0,2
251350,bullet4,6.08828,8.92901,0.8,0,1
251351,player,1.62778,9.53712,-0.000619225,0.0688595,1
251352,bullet6,10.6968,8.42211,0.8,0,1
251352,bullet2,6.03962,8.96953,0.8,0,1
251352,bullet1,2.0275,9.56811,0.8,0,1
251353,flyer2,7.5,14.9641,-0.3,0,2
251355,flayer7,2.99999,14.9641,-0.3,0,2
251355,bullet4,10.0883,8.92901,0.8,0,1
251356,player,1.62728,9.10305,-1.14264e-05,-0.150604,1
251357,bullet6,14.6968,8.42211,0.8,0,1
251357,bullet2,10.0396,8.96953,0.8,0,1
251357,bullet1,6.0275,9.56811,0.8,0,1
251358,flyer2,5.99999,14.9641,-0.3,0,2
251360,flayer7,1.49999,14.9641,-0.3,0,2
251360,bullet4,14.0883,8.92901,0.8,0,1
251361,player,1.36246,8.9821,0.32366,-0.00277907,1
251362,bullet2,14.0396,8.96953,0.8,0,1
251362,bullet1,10.0275,9.56811,0.8,0,1
251362,bullet5,1.9081,8.98084,0.8,0,1
251363,flyer2,4.49999,14.9641,-0.3,0,2
251364,bullet3,2.00314,8.98003,0.8,0,1
251365,flayer7,-6.4373e-06,14.9641,-0.3,0,2
251366,player,2.11176,8.49049,0.157847,-0.151926,1
251367,bullet1,14.0275,9.56811,0.8,0,1
251367,bullet5,5.9081,8.98084,0.8,0,1
251367,bullet6,2.58279,8.42212,0.8,0,1
251368,flyer2,2.99999,14.9641,-0.3,0,2
251369,bullet3,6.00314,8.98003,0.8,0,1
251371,player,1.6808,8.36848,-0.065431,-0.00280347,1
251371,bullet4,2.0808,8.36848,0.8,0,1
251372,bullet5,9.9081,8.98084,0.8,0,1
251372,bullet6,6.58279,8.42212,0.8,0,1
251373,flyer2,1.49999,14.9641,-0.3,0,2
251374,bullet3,10.0031,8.98003,0.8,0,1
251376,player,1.62826,8.36622,-0.00120739,-5.17318e-05,1
251376,bullet4,6.0808,8.36848,0.8,0,1
251377,bullet5,13.9081,8.98084,0.8,0,1
251377,bullet6,10.5828,8.42212,0.8,0,1
251378,flyer2,-6.4373e-06,14.9641,-0.3,0,2
251379,bullet3,14.0031,8.98003,0.8,0,1
251381,player,1.02497,8.9685,-0.0138619,0.0138387,1
251381,flyer5,16.5,14.9641,-0.3,0,2
251381,bullet4,10.0808,8.36848,0.8,0,1
251382,flyer3,16.5,3.69078,-0.3,0,2
251382,bullet6,14.5828,8.42212,0.8,0,1
251384,bullet2,1.41467,8.97879,0.8,0,1
251385,bullet1,1.4141,8.97936,0.8,0,1
251386,player,1.01384,8.97962,-0.000255791,0.000255362,1
251386,flyer5,15,14.9641,-0.3,0,2
251386,bullet4,14.0808,8.36848,0.8,0,1
251387,flyer3,15,3.69078,-0.3,0,2
251387,bullet5,1.41373,8.97973,0.8,0,1
251389,bullet2,5.41467,8.97879,0.8,0,1
251390,bullet1,5.4141,8.97936,0.8,0,1
251391,player,0.524261,8.49045,-0.15188,-0.15187,1
251391,flyer5,13.5,14.9641,-0.3,0,2
251392,flyer3,13.5,3.69078,-0.3,0,2
251392,bullet5,5.41373,8.97973,0.8,0,1
251392,bullet3,0.855916,8.42211,0.8,0,1
251394,bullet2,9.41467,8.97879,0.8,0,1
251395,bullet1,9.4141,8.97936,0.8,0,1
251396,player,0.402289,8.36848,-0.00280261,-0.00280243,1
251396,flyer5,12,14.9641,-0.3,0,2
251397,flyer3,12,3.69078,-0.3,0,2
251397,bullet5,9.41373,8.97973,0.8,0,1
251397,bullet3,4.85592,8.42211,0.8,0,1
251399,bullet2,13.4147,8.97879,0.8,0,1
251400,bullet1,13.4141,8.97936,0.8,0,1
251401,player,1.56007,8.96854,0.0821316,0.0137879,1
251401,flyer5,10.5,14.9641,-0.3,0,2
251402,flyer3,10.5,3.69078,-0.3,0,2
251402,bullet5,13.4137,8.97973,0.8,0,1
251402,bullet3,8.85592,8.42211,0.8,0,1
251405,bullet6,2.51389,8.97935,0.8,0,1
251406,player,2.18375,8.97961,0.0698593,0.000254425,1
251406,flyer5,9,14.9641,-0.3,0,2
251407,flyer3,9,3.69078,-0.3,0,2
251407,bullet3,12.8559,8.42211,0.8,0,1
251410,bullet6,6.51389,8.97935,0.8,0,1
251411,player,2.23985,8.97981,0.0012891,4.69487e-06,1
251411,flyer5,7.5,14.9641,-0.3,0,2
251411,bullet4,2.63985,8.97981,0.8,0,1
251412,flyer3,7.5,3.69078,-0.3,0,2
251415,bullet6,10.5139,8.97935,0.8,0,1
251415,bullet2,2.08314,8.97982,0.8,0,1
251416,player,1.98991,8.97982,0.306769,8.66335e-08,1
251416,flyer5,5.99999,14.9641,-0.3,0,2
251416,bullet4,6.63985,8.97981,0.8,0,1
251417,flyer3,5.99999,3.69078,-0.3,0,2
251420,bullet6,14.5139,8.97935,0.8,0,1
251420,bullet2,6.08314,8.97982,0.8,0,1
251421,player,1.6478,9.56829,-0.0250939,0.0307547,1
251421,flyer5,4.49999,14.9641,-0.3,0,2
251421,bullet4,10.6399,8.97981,0.8,0,1
251422,flyer3,4.49999,3.69078,-0.3,0,2
251422,bullet1,1.23651,9.58213,-0.8,-6.99382e-08,1
251423,bullet5,2.03143,9.58836,0.8,0,1
251425,bullet2,10.0831,8.97982,0.8,0,1
251425,bullet3,2.02811,9.59243,0.8,0,1
251426,player,1.62765,9.593,-0.000463054,0.000567511,1
251426,flyer5,2.99999,14.9641,-0.3,0,2
251426,bullet4,14.6399,8.97981,0.8,0,1
251427,flyer3,2.99999,3.69078,-0.3,0,2
251428,bullet5,6.03143,9.58836,0.8,0,1
251430,bullet2,14.0831,8.97982,0.8,0,1
251430,bullet3,6.02811,9.59243,0.8,0,1
251431,player,1.1379,10.0828,-0.151884,0.151885,1
251431,flyer5,1.49999,14.9641,-0.3,0,2
251432,flyer3,1.49999,3.69078,-0.3,0,2
251432,bullet6,1.46955,10.1512,0.8,0,1
251433,bullet5,10.0314,9.58836,0.8,0,1
251435,bullet3,10.0281,9.59243,0.8,0,1
251436,player,1.01593,9.71543,-0.00280268,-0.149072,1
251436,flyer5,-6.4373e-06,14.9641,-0.3,0,2
251436,bullet1,0.615926,9.71543,-0.8,-6.99382e-08,1
251437,flyer3,-6.4373e-06,3.69078,-0.3,0,2
251437,bullet6,5.46955,10.1512,0.8,0,1
251438,bullet5,14.0314,9.58836,0.8,0,1
251439,flyer4,16.5,3.69078,-0.291586,0.0705526,2
251440,bullet3,14.0281,9.59243,0.8,0,1
251441,player,0.4,10.6736,-0,0.179879,1
251441,flyer6,16.5,3.69078,-0.29062,0.0744308,2
251442,bullet6,9.46955,10.1512,0.8,0,1
251443,flayer8,16.5,9.44929,-0.3,0,2
251443,bullet4,1.28938,11.2803,0.8,0,1
251444,flyer4,15.0421,4.04354,-0.291586,0.0705526,2
251445,bullet2,1.38847,11.4032,0.8,0,1
251446,player,1.00231,11.4203,0.0138396,0.0171589,1
251446,flyer6,15.0469,4.06293,-0.29062,0.0744308,2
251446,bullet1,1.40231,11.4203,0.8,0,1
251447,bullet6,13.4696,10.1512,0.8,0,1
251448,flayer8,15,9.44929,-0.3,0,1
251448,bullet4,5.28938,11.2803,0.8,0,1
251448,bullet5,1.41134,11.4315,0.8,0,1
251449,flyer4,13.5841,4.3963,-0.291586,0.0705526,2
251450,bullet2,5.38847,11.4032,0.8,0,1
251451,player,1.01343,11.4341,0.00025538,0.00031663,1
251451,flyer6,13.5938,4.43508,-0.29062,0.0744308,2
251451,bullet1,5.40231,11.4203,0.8,0,1
251453,flayer8,13.5,9.44929,-0.3,0,1
251453,bullet4,9.28938,11.2803,0.8,0,1
251453,bullet5,5.41134,11.4315,0.8,0,1
251454,flyer4,12.1262,4.74907,-0.291586,0.0705526,2
251455,bullet2,9.38847,11.4032,0.8,0,1
251456,player,1.01363,10.8321,4.71247e-06,-0.0138338,1
251456,flyer6,12.1407,4.80724,-0.29062,0.0744308,2
251456,bullet1,9.40231,11.4203,0.8,0,1
251458,flayer8,12,9.44929,-0.3,0,1
251458,bullet4,13.2894,11.2803,0.8,0,1
251458,bullet5,9.41134,11.4315,0.8,0,1
251459,flyer4,10.6683,5.10183,-0.291586,0.0705526,2
251460,bullet2,13.3885,11.4032,0.8,0,1
251461,player,1.01364,10.821,8.69584e-08,-0.000255272,1
251461,flyer6,10.6876,5.17939,-0.29062,0.0744308,2
251461,bullet1,13.4023,11.4203,0.8,0,1
251462,bullet3,1.41364,10.8208,0.8,0,1
251463,flayer8,10.5,9.44929,-0.3,0,1
251463,bullet5,13.4113,11.4315,0.8,0,1
251464,flyer4,9.21035,5.4546,-0.291586,0.0705526,2
251465,bullet6,1.97135,10.263,0.8,0,1
251466,player,1.93961,10.5698,0.368255,0.306741,1
251466,flyer6,9.2345,5.55155,-0.29062,0.0744308,2
251467,bullet3,5.41364,10.8208,0.8,0,1
251468,flayer8,9,9.44929,-0.3,0,1
251468,bullet4,2.5799,10.7699,0.8,0,1
251469,flyer4,7.75242,5.80736,-0.291586,0.0705526,2
251469,bullet2,2.61345,10.7979,0.8,0,1
251470,bullet6,5.97136,10.263,0.8,0,1
251471,player,2.23535,10.8161,0.00679533,0.00566023,1
251471,flyer6,7.7814,5.9237,-0.29062,0.0744308,2
251472,bullet3,9.41364,10.8208,0.8,0,1
251473,bullet4,6.5799,10.7699,0.8,0,1
251474,flyer4,6.29449,6.16012,-0.291586,0.0705526,2
251474,bullet2,6.61345,10.7979,0.8,0,1
251476,player,1.14912,12.5008,-0.165589,0.196574,1
251476,flyer6,6.3283,6.29586,-0.29062,0.0744308,2
251476,bullet1,1.54912,12.5008,0.8,0,1
251477,bullet3,13.4136,10.8208,0.8,0,1
251478,bullet4,10.5799,10.7699,0.8,0,1
251479,flyer4,4.83656,6.51289,-0.291586,0.0705526,2
251479,bullet2,10.6135,10.7979,0.8,0,1
251481,player,0.427661,12.6279,-0.0338103,0.0412164,1
251481,flyer6,4.8752,6.66801,-0.29062,0.0744308,2
251481,bullet1,5.54912,12.5008,0.8,0,1
251481,bullet5,0.0276611,12.6279,-0.8,-6.99382e-08,1
251483,bullet4,14.5799,10.7699,0.8,0,1
251484,flyer4,3.37863,6.86565,-0.291586,0.0705526,2
251484,bullet2,14.6135,10.7979,0.8,0,1
251485,bullet6,0.801133,12.6603,0.8,0,1
251486,player,0.400509,12.661,-0.000623895,0.000760558,1
251486,flyer6,3.4221,7.04017,-0.29062,0.0744308,2
251486,bullet1,9.54912,12.5008,0.8,0,1
251486,bullet3,0.800509,12.661,0.8,0,1
251488,bullet5,0.800102,12.6615,0.8,0,1
251489,flyer4,1.9207,7.21842,-0.291586,0.0705526,2
251490,bullet6,4.80113,12.6603,0.8,0,1
251491,player,0.4,12.3241,-0,-0.337486,1
251491,flyer6,1.969,7.41232,-0.29062,0.0744308,2
251491,bullet1,13.5491,12.5008,0.8,0,1
251491,bullet3,4.80051,12.661,0.8,0,1
251493,bullet5,4.8001,12.6615,0.8,0,1
251494,flyer4,0.462774,7.57118,-0.291586,0.0705526,2
251495,bullet6,8.80113,12.6603,0.8,0,1
251495,bullet4,0,12.0593,-0.8,-6.99382e-08,1
251496,player,0.7375,12.0531,0.3375,-0.00622757,1
251496,flyer6,0.515898,7.78448,-0.29062,0.0744308,2
251496,bullet3,8.80051,12.661,0.8,0,1
251498,bullet5,8.8001,12.6615,0.8,0,1
251498,bullet2,1.35772,12.049,0.8,0,1
251500,bullet6,12.8011,12.6603,0.8,0,1
251501,player,1.00854,11.4904,0.00622782,-0.0684587,1
251501,bullet3,12.8005,12.661,0.8,0,1
251503,bullet5,12.8001,12.6615,0.8,0,1
251503,bullet2,5.35772,12.049,0.8,0,1
251505,flyer1,16.5,3.69078,-0.246988,0.170285,2
251506,player,0.762569,10.0201,0.30686,-0.521393,1
251506,flayer7,16.5,1.50648,-0.240853,0.178856,2
251508,flyer2,16.5,1.50648,-0.3,0,2
251508,bullet2,9.35772,12.049,0.8,0,1
251510,flyer1,15.2651,4.5422,-0.246988,0.170285,2
251511,player,1.009,9.96959,0.00566243,0.29029,1
251511,flayer7,15.2957,2.40076,-0.240853,0.178856,2
251513,flyer2,15,1.50648,-0.3,0,2
251513,bullet2,13.3577,12.049,0.8,0,1
251513,bullet1,0.612699,10.159,-0.8,-6.99382e-08,1
251515,flyer1,14.0301,5.39362,-0.246988,0.170285,2
251516,player,0.524176,10.2027,-0.151771,0.00535666,1
251516,flayer7,14.0915,3.29504,-0.240853,0.178856,2
251516,bullet4,0.924176,10.2027,0.8,0,1
251518,flyer2,13.5,1.50648,-0.3,0,2
251518,bullet6,0.825146,10.2062,0.8,0,1
251520,flyer1,12.7952,6.24505,-0.246988,0.170285,2
251521,player,0.4,10.6964,0,0.151974,1
251521,flayer7,12.8872,4.18933,-0.240853,0.178856,2
251521,bullet4,4.92418,10.2027,0.8,0,1
251523,flyer2,12,1.50648,-0.3,0,2
251523,bullet6,4.82515,10.2062,0.8,0,1
251525,flyer1,11.5602,7.09647,-0.246988,0.170285,2
251526,player,0.889375,10.9175,0.151875,-0.118316,1
251526,flayer7,11.6829,5.08361,-0.240853,0.178856,2
251526,bullet4,8.92418,10.2027,0.8,0,1
251526,bullet3,1.28938,10.9175,0.8,0,1
251528,flyer2,10.5,1.50648,-0.3,0,2
251528,bullet6,8.82515,10.2062,0.8,0,1
251530,flyer1,10.3253,7.9479,-0.246988,0.170285,2
251530,bullet5,1.40854,10.8247,0.8,0,1
251531,player,1.01134,10.8225,0.00280252,-0.00218326,1
251531,flayer7,10.4787,5.97789,-0.240853,0.178856,2
251531,bullet4,12.9242,10.2027,0.8,0,1
251531,bullet3,5.28938,10.9175,0.8,0,1
251533,flyer2,9,1.50648,-0.3,0,2
251533,bullet6,12.8251,10.2062,0.8,0,1
251535,flyer1,9.09035,8.79932,-0.246988,0.170285,2
251535,bullet5,5.40854,10.8247,0.8,0,1
251536,player,0.7375,11.6338,0.3375,0.50625,1
251536,flayer7,9.2744,6.87217,-0.240853,0.178856,2
251536,bullet3,9.28938,10.9175,0.8,0,1
251538,flyer2,7.5,1.50648,-0.3,0,2
251538,bullet1,1.35772,11.9641,0.8,0,1
251540,flyer1,7.85541,9.65074,-0.246988,0.170285,2
251540,bullet5,9.40854,10.8247,0.8,0,1
251540,bullet2,1.40231,12.031,0.8,0,1
251541,player,1.00854,12.0404,0.00622782,0.00934173,1
251541,flayer7,8.07013,7.76645,-0.240853,0.178856,2
251541,bullet3,13.2894,10.9175,0.8,0,1
251543,flyer2,5.99999,1.50648,-0.3,0,2
251543,bullet1,5.35772,11.9641,0.8,0,1
251545,flyer1,6.62047,10.5022,-0.246988,0.170285,2
251545,bullet5,13.4085,10.8247,0.8,0,1
251545,bullet2,5.40231,12.031,0.8,0,1
251545,bullet4,0.8,12.6054,0.8,0,1
251546,player,0.4,12.6363,0,0.0309271,1
251546,flayer7,6.86587,8.66074,-0.240853,0.178856,2
251548,flyer2,4.49999,1.50648,-0.3,0,2
251548,bullet1,9.35772,11.9641,0.8,0,1
251550,flyer1,5.38553,11.3536,-0.246988,0.170285,2
251550,bullet2,9.40231,12.031,0.8,0,1
251550,bullet4,4.8,12.6054,0.8,0,1
251551,player,0.4,12.6612,0,0.000570691,1
251551,flayer7,5.6616,9.55502,-0.240853,0.178856,2
251552,bullet6,0,12.6614,-0.8,-6.99382e-08,1
251553,flyer2,2.99999,1.50648,-0.3,0,2
251553,bullet1,13.3577,11.9641,0.8,0,1
251553,bullet3,0.8,12.6616,0.8,0,1
251555,flyer1,4.15059,12.205,-0.246988,0.170285,2
251555,bullet2,13.4023,12.031,0.8,0,1
251555,bullet4,8.8,12.6054,0.8,0,1
251556,player,0.4,12.6616,0,1.05309e-05,1
251556,flayer7,4.45733,10.4493,-0.240853,0.178856,2
251556,bullet5,0.8,12.6616,0.8,0,1
251558,flyer2,1.49999,1.50648,-0.3,0,2
251558,bullet6,0.8,12.6616,0.8,0,1
251559,bullet3,0.8,12.6616,0.8,0,1
251560,bullet4,12.8,12.6054,0.8,0,1
251561,player,0.7375,12.3241,0.3375,-0.3375,1
251561,flayer7,3.25307,11.3436,-0.240853,0.178856,2
251563,flyer2,-6.4373e-06,1.50648,-0.3,0,2
251563,bullet6,4.8,12.6616,0.8,0,1
251563,bullet1,1.35772,12.1039,0.8,0,1
251564,bullet3,4.8,12.6616,0.8,0,1
251565,bullet4,16.8,12.6054,0.8,0,1
251566,player,1.49792,11.5637,0.158103,-0.158103,1
251566,flayer7,2.0488,12.2379,-0.240853,0.178856,1
251566,bullet2,1.89792,11.5637,0.8,0,1
