611716,player,8.11609,0.797686,-0.3375,0.3375,1
611717,bullet1,8.36421,0.949561,0.8,0,1
611721,player,6.4297,1.47457,-0.526358,0.260197,1
611722,bullet1,12.3642,0.949561,0.8,0,1
611722,bullet2,6.59284,1.59166,0.8,0,1
611723,bullet3,6.48625,1.64435,0.8,0,1
611726,player,5.78677,0.4,0.259443,-0.414688,1
611727,bullet1,16.3642,0.949561,0.8,0,1
611727,bullet2,10.5928,1.59166,0.8,0,1
611728,bullet3,10.4863,1.64435,0.8,0,1
611731,player,5.67581,1.20869,0.395064,-0.238402,1
611732,bullet2,14.5928,1.59166,0.8,0,1
611733,bullet3,14.4863,1.64435,0.8,0,1
611735,bullet4,5.23959,1.67845,0.8,0,1
611736,player,4.46479,1.6503,-0.374804,-0.0281486,1
611737,bullet5,4.69613,1.63764,0.8,0,1
611738,flyer1,16.5,6.93144,-0.22121,-0.202647,2
611740,bullet4,9.2396,1.67845,0.8,0,1
611741,player,3.50697,1.1911,0.0458604,-0.216899,1
611742,bullet5,8.69613,1.63764,0.8,0,1
611742,bullet6,3.92761,1.0935,0.8,0,1
611743,flyer1,15.3939,5.91821,-0.22121,-0.202647,2
611745,bullet4,13.2396,1.67845,0.8,0,1
611746,player,4.20062,1.04767,-0.0519303,-0.0415915,1
611746,bullet1,4.60062,1.04767,0.8,0,1
611747,bullet5,12.6961,1.63764,0.8,0,1
611747,bullet6,7.92761,1.0935,0.8,0,1
611748,flyer1,14.2879,4.90497,-0.22121,-0.202647,2
611749,bullet2,4.56201,1.57446,0.8,0,1
611751,player,4.15892,1.61658,-0.00095826,0.0130721,1
611751,bullet1,8.60062,1.04767,0.8,0,1
611752,bullet6,11.9276,1.0935,0.8,0,1
611752,bullet3,4.55849,1.62246,0.8,0,1
611753,flyer1,13.1818,3.89173,-0.22121,-0.202647,2
611754,bullet2,8.56201,1.57446,0.8,0,1
611756,player,3.23218,2.21555,-0.368272,0.0309959,1
611756,bullet1,12.6006,1.04767,0.8,0,1
611757,bullet6,15.9276,1.0935,0.8,0,1
611757,bullet3,8.55849,1.62246,0.8,0,1
611758,flyer1,12.0758,2.87849,-0.22121,-0.202647,2
611758,bullet4,3.39188,2.23578,0.8,0,1
611759,bullet2,12.562,1.57446,0.8,0,1
611761,player,3.4258,2.72982,0.145079,0.152447,1
611763,flyer1,10.9697,1.86525,-0.22121,-0.202647,1
611763,bullet4,7.39188,2.23578,0.8,0,1
611763,bullet5,3.43109,2.82929,0.8,0,1
611764,bullet6,3.37596,2.84318,0.8,0,1
611765,bullet3,3.35116,2.84943,0.8,0,1
611766,player,2.6025,2.51475,-0.348662,-0.334687,1
611768,flyer1,9.86369,0.852017,-0.22121,-0.202647,1
611768,bullet4,11.3919,2.23578,0.8,0,1
611768,bullet5,7.43109,2.82929,0.8,0,1
611769,bullet6,7.37596,2.84318,0.8,0,1
611770,bullet3,7.35116,2.84943,0.8,0,1
611771,player,3.38342,2.17762,0.19687,0.0773553,1
611773,flyer1,8.75763,-0.161221,-0.22121,-0.202647,1
611773,bullet4,15.3919,2.23578,0.8,0,1
611773,bullet5,11.4311,2.82929,0.8,0,1
611774,bullet6,11.376,2.84318,0.8,0,1
611775,bullet3,11.3512,2.84943,0.8,0,1
611776,player,3.54153,2.79746,0.0036328,0.0697712,1
611776,flyer2,16.5,12.3068,-0.283945,0.0968245,2
611776,bullet1,3.94153,2.79746,0.8,0,1
611778,bullet5,15.4311,2.82929,0.8,0,1
611779,bullet6,15.376,2.84318,0.8,0,1
611780,bullet3,15.3512,2.84943,0.8,0,1
611781,player,3.65738,3.94518,-0.137968,0.167002,1
611781,flyer2,15.0803,12.7909,-0.283945,0.0968245,2
611781,flyer3,16.5,9.17525,-0.291603,0.0704838,2
611781,bullet1,7.94153,2.79746,0.8,0,1
611781,bullet2,4.05738,3.94518,0.8,0,1
611784,bullet4,2.90769,5.11646,0.8,0,1
611786,player,3.18267,5.27009,0.442235,0.047676,1
611786,flyer2,13.6605,13.275,-0.283945,0.0968245,2
611786,flyer3,15.042,9.52767,-0.291603,0.0704838,2
611786,bullet1,11.9415,2.79746,0.8,0,1
611786,bullet2,8.05738,3.94518,0.8,0,1
611789,bullet4,6.90769,5.11646,0.8,0,1
611790,bullet5,3.34119,5.3075,0.8,0,1
611791,player,3.27301,5.30838,0.331821,0.000879755,1
611791,flyer2,12.2408,13.7591,-0.283945,0.0968245,2
611791,flyer3,13.584,9.88009,-0.291603,0.0704838,2
611791,bullet1,15.9415,2.79746,0.8,0,1
611791,bullet2,12.0574,3.94518,0.8,0,1
611793,bullet6,3.88952,5.30895,0.8,0,1
611794,bullet4,10.9077,5.11646,0.8,0,1
611795,bullet5,7.34119,5.3075,0.8,0,1
611796,player,3.53949,4.81971,0.00612303,-0.151859,1
611796,flyer2,10.8211,14.2433,-0.283945,0.0968245,2
611796,flyer3,12.126,10.2325,-0.291603,0.0704838,2
611796,bullet2,16.0574,3.94518,0.8,0,1
611798,bullet6,7.88952,5.30895,0.8,0,1
611799,bullet4,14.9077,5.11646,0.8,0,1
611800,bullet5,11.3412,5.3075,0.8,0,1
611801,player,2.61843,5.13435,-0.368142,0.213577,1
611801,flyer2,9.40137,14.7274,-0.283945,0.0968245,2
611801,flyer3,10.668,10.5849,-0.291603,0.0704838,2
611803,bullet6,11.8895,5.30895,0.8,0,1
611805,bullet5,15.3412,5.3075,0.8,0,1
611805,bullet3,3.21895,5.30193,0.8,0,1
611806,player,2.8805,5.30587,0.0615505,0.00394111,1
611806,flyer2,7.98165,15.2115,-0.283945,0.0968245,2
611806,flyer3,9.20995,10.9373,-0.291603,0.0704838,2
611808,bullet6,15.8895,5.30895,0.8,0,1
611809,flyer4,16.5,9.17525,-0.3,0,2
611810,bullet3,7.21895,5.30193,0.8,0,1
611811,player,4.02162,5.42198,0.16685,-0.137963,1
611811,flyer2,6.56192,15.6956,-0.283945,0.0968245,2
611811,flyer3,7.75193,11.2898,-0.291603,0.0704838,2
611811,bullet1,4.42162,5.42198,0.8,0,1
611814,flyer4,15,9.17525,-0.3,0,2
611815,bullet3,11.219,5.30193,0.8,0,1
611816,player,4.74409,5.31118,0.0338335,-0.0025458,1
611816,flyer2,5.14219,16.1797,-0.283945,0.0968245,2
611816,flyer3,6.29392,11.6422,-0.291603,0.0704838,2
611816,bullet1,8.42162,5.42198,0.8,0,1
611819,flyer4,13.5,9.17525,-0.3,0,2
611820,bullet3,15.219,5.30193,0.8,0,1
611821,player,4.18279,4.21745,-0.0301304,-0.165762,1
611821,flyer3,4.83591,11.9946,-0.291603,0.0704838,2
611821,bullet1,12.4216,5.42198,0.8,0,1
611821,bullet2,4.58279,4.21745,0.8,0,1
611823,bullet4,4.56313,4.10929,0.8,0,1
611824,flyer4,12,9.17525,-0.3,0,2
611826,player,4.15859,3.59495,-0.00055599,-0.154934,1
611826,flyer3,3.3779,12.347,-0.291603,0.0704838,2
611826,bullet2,8.58279,4.21745,0.8,0,1
611828,bullet4,8.56313,4.10929,0.8,0,1
611829,flyer4,10.5,9.17525,-0.3,0,2
611830,bullet5,3.41196,4.61958,0.8,0,1
611831,player,2.96736,4.66131,-0.0446046,0.0417353,1
611831,flyer3,1.91988,12.6995,-0.291603,0.0704838,2
611831,bullet2,12.5828,4.21745,0.8,0,1
611833,bullet4,12.5631,4.10929,0.8,0,1
611834,flyer4,9,9.17525,-0.3,0,2
611835,bullet5,7.41196,4.61958,0.8,0,1
611835,bullet6,2.18617,5.28254,0.8,0,1
611836,player,1.74075,5.29715,-0.0454174,0.0146097,1
611836,flyer3,0.461869,13.0519,-0.291603,0.0704838,2
611837,bullet3,2.12031,5.30372,0.8,0,1
611839,flyer4,7.5,9.17525,-0.3,0,2
611839,bullet1,2.10698,5.30801,0.8,0,1
611840,bullet5,11.412,4.61958,0.8,0,1
611840,bullet6,6.18617,5.28254,0.8,0,1
611841,player,1.70428,5.30888,-0.000838078,0.000269591,1
611842,bullet3,6.12031,5.30372,0.8,0,1
611844,flyer4,5.99999,9.17525,-0.3,0,2
611844,bullet1,6.10698,5.30801,0.8,0,1
611845,bullet5,15.412,4.61958,0.8,0,1
611845,bullet6,10.1862,5.28254,0.8,0,1
611846,player,1.10129,5.04428,-0.0138551,0.323665,1
611847,bullet3,10.1203,5.30372,0.8,0,1
611849,flyer4,4.49999,9.17525,-0.3,0,2
611849,bullet1,10.107,5.30801,0.8,0,1
611850,bullet6,14.1862,5.28254,0.8,0,1
611851,player,0.556196,5.25961,-0.0976265,0.0604767,1
611852,bullet3,14.1203,5.30372,0.8,0,1
611853,flyer5,16.5,2.84279,-0.257603,-0.153755,2
611854,flyer4,2.99999,9.17525,-0.3,0,2
611854,bullet1,14.107,5.30801,0.8,0,1
611855,flyer6,16.5,2.84279,-0.3,0,2
611856,player,1.37301,4.16199,0.404042,-0.0979825,1
611857,flayer7,16.5,2.84279,-0.295887,0.0495083,2
611858,flyer5,15.212,2.07402,-0.257603,-0.153755,2
611859,flyer4,1.49999,9.17525,-0.3,0,2
611860,flyer6,15,2.84279,-0.3,0,2
611861,player,1.59839,4.67178,0.128576,0.0289466,1
611861,bullet2,1.99839,4.67178,0.8,0,1
611862,flayer7,15.0206,3.09033,-0.295887,0.0495083,2
611863,flyer5,13.924,1.30524,-0.257603,-0.153755,2
611864,flyer4,-6.4373e-06,9.17525,-0.3,0,2
611864,bullet4,1.60463,4.20393,0.8,0,1
611865,flyer6,13.5,2.84279,-0.3,0,2
611866,player,1.11318,4.10655,-0.0283821,-0.0302205,1
611866,bullet2,5.99839,4.67178,0.8,0,1
611866,bullet5,1.51318,4.10655,0.8,0,1
611867,flayer7,13.5411,3.33787,-0.295887,0.0495083,2
611868,flyer5,12.6359,0.53647,-0.257603,-0.153755,2
611869,bullet4,5.60463,4.20393,0.8,0,1
611870,flyer6,12,2.84279,-0.3,0,2
611871,player,0.60101,3.59291,-0.152399,-0.152433,1
611871,bullet2,9.99839,4.67178,0.8,0,1
611871,bullet5,5.51318,4.10655,0.8,0,1
611872,flayer7,12.0617,3.58541,-0.295887,0.0495083,2
611873,flyer5,11.3479,-0.232303,-0.257603,-0.153755,2
611873,bullet6,0.901569,3.49344,0.8,0,1
611874,bullet4,9.60463,4.20393,0.8,0,1
611875,flyer6,10.5,2.84279,-0.3,0,2
611876,player,0.478621,3.47049,-0.00281219,-0.00281281,1
611876,bullet2,13.9984,4.67178,0.8,0,1
611876,bullet5,9.51318,4.10655,0.8,0,1
611877,flayer7,10.5823,3.83296,-0.295887,0.0495083,0
611878,bullet6,4.90157,3.49344,0.8,0,1
611880,flyer6,9,2.84279,-0.3,0,2
611881,player,0.4,2.9927,-0,-0.168842,1
611883,flayer8,16.5,9.21155,-0.3,0,2
611883,bullet3,0.8,2.88253,0.8,0,1
611885,flyer6,7.5,2.84279,-0.3,0,1
611886,player,0.4,3.75232,0,0.402728,1
611887,flyer1,16.5,9.21155,-0.3,0,2
611888,flayer8,15,9.21155,-0.3,0,2
611888,bullet3,4.8,2.88253,0.8,0,1
611890,bullet1,0.8,3.5106,0.8,0,1
611891,player,0.4,3.82477,-0,0.314177,1
611892,flyer1,15,9.21155,-0.3,0,2
611893,flayer8,13.5,9.21155,-0.3,0,2
611893,bullet4,0.8,4.02977,0.8,0,1
611895,bullet1,4.8,3.5106,0.8,0,1
611896,player,0.4,4.56646,0,0.157672,1
611897,flyer1,13.5,9.21155,-0.3,0,2
611898,flayer8,12,9.21155,-0.3,0,2
611898,bullet4,4.8,4.02977,0.8,0,1
611900,bullet1,8.8,3.5106,0.8,0,1
611900,bullet5,1.35772,4.1017,0.8,0,1
611901,player,0.988474,4.09077,0.0307547,-0.0109301,1
611901,bullet2,1.38847,4.09077,0.8,0,1
611902,flyer1,12,9.21155,-0.3,0,2
611903,flayer8,10.5,9.21155,-0.3,0,2
611903,bullet4,8.8,4.02977,0.8,0,1
611905,bullet1,12.8,3.5106,0.8,0,1
611905,bullet5,5.35772,4.1017,0.8,0,1
611906,player,1.01317,4.08199,0.00056751,-0.000201691,1
611906,bullet2,5.38847,4.09077,0.8,0,1
611907,flyer1,10.5,9.21155,-0.3,0,2
611908,flayer8,9,9.21155,-0.3,0,2
611908,bullet4,12.8,4.02977,0.8,0,1
611910,bullet5,9.35772,4.1017,0.8,0,1
611911,player,1.61594,3.98273,0.0138501,0.121117,1
611911,bullet2,9.38847,4.09077,0.8,0,1
611911,bullet6,2.01594,3.98273,0.8,0,1
611912,flyer1,9,9.21155,-0.3,0,2
611913,flayer8,7.5,9.21155,-0.3,0,2
611913,bullet3,2.02498,4.06176,0.8,0,1
611915,bullet5,13.3577,4.1017,0.8,0,1
611916,player,1.28956,4.08,-0.337244,0.00223494,1
611916,bullet2,13.3885,4.09077,0.8,0,1
611916,bullet6,6.01594,3.98273,0.8,0,1
611917,flyer1,7.5,9.21155,-0.3,0,2
611918,flayer8,5.99999,9.21155,-0.3,0,2
611918,bullet3,6.02498,4.06176,0.8,0,1
611919,bullet1,1.43878,4.08166,0.8,0,1
611921,player,0.681229,3.74429,-0.343723,-0.337459,1
611921,bullet6,10.0159,3.98273,0.8,0,1
611922,flyer1,5.99999,9.21155,-0.3,0,2
611923,flayer8,4.49999,9.21155,-0.3,0,2
611923,bullet3,10.025,4.06176,0.8,0,1
611924,bullet1,5.43878,4.08166,0.8,0,1
611926,player,0.889375,3.47328,0.151875,-0.00622706,1
611926,bullet6,14.0159,3.98273,0.8,0,1
611927,flyer1,4.49999,9.21155,-0.3,0,2
611928,flayer8,2.99999,9.21155,-0.3,0,2
611928,bullet3,14.025,4.06176,0.8,0,1
611929,bullet1,9.43878,4.08166,0.8,0,1
611930,bullet4,2.55473,2.3222,0.8,0,1
611931,player,2.20213,2.2775,0.0473968,-0.0447092,1
611932,flyer1,2.99999,9.21155,-0.3,0,2
611933,flayer8,1.49999,9.21155,-0.3,0,2
611934,bullet1,13.4388,4.08166,0.8,0,1
611935,bullet4,6.55473,2.3222,0.8,0,1
611935,bullet5,2.73842,2.73179,0.8,0,1
611936,player,2.28479,2.79931,-0.0536295,0.0675187,1
611937,flyer1,1.49999,9.21155,-0.3,0,2
611938,flayer8,-6.4373e-06,9.21155,-0.3,0,2
611938,bullet2,2.33917,3.33274,-0.8,-6.99382e-08,1
611940,bullet4,10.5547,2.3222,0.8,0,1
611940,bullet5,6.73842,2.73179,0.8,0,1
611941,player,2.35466,3.45585,-0.139025,0.0150855,1
611941,bullet6,1.95466,3.45585,-0.8,-6.99382e-08,1
611942,flyer1,-6.4373e-06,9.21155,-0.3,0,2
611944,flyer2,16.5,13.0422,-0.3,0,2
611944,flyer3,16.5,13.0422,-0.293856,-0.0604041,2
611944,bullet3,2.65127,3.46706,0.8,0,1
611945,bullet4,14.5547,2.3222,0.8,0,1
611945,bullet5,10.7384,2.73179,0.8,0,1
611946,player,2.24301,3.95733,-0.0025654,0.152153,1
611947,bullet1,2.64185,4.0258,0.8,0,1
611948,bullet2,2.64133,4.05661,0.8,0,1
611949,flyer2,15,13.0422,-0.3,0,2
611949,flyer3,15.0307,12.7402,-0.293856,-0.0604041,2
611949,bullet3,6.65128,3.46706,0.8,0,1
611950,bullet5,14.7384,2.73179,0.8,0,1
611951,player,1.90345,3.74203,-0.337547,-0.334692,1
611952,bullet1,6.64185,4.0258,0.8,0,1
611953,bullet2,6.64133,4.05661,0.8,0,1
611954,flyer2,13.5,13.0422,-0.3,0,2
611954,flyer3,13.5614,12.4382,-0.293856,-0.0604041,2
611954,bullet3,10.6513,3.46706,0.8,0,1
611954,bullet6,1.49472,2.93542,0.8,0,1
611956,player,1.03006,2.87093,-0.0200683,-0.0200156,1
611957,bullet1,10.6419,4.0258,0.8,0,1
611958,bullet2,10.6413,4.05661,0.8,0,1
611959,flyer2,12,13.0422,-0.3,0,2
611959,flyer3,12.0922,12.1362,-0.293856,-0.0604041,2
611959,bullet3,14.6513,3.46706,0.8,0,1
611959,bullet6,5.49472,2.93542,0.8,0,1
611961,player,1.50331,2.86869,0.151505,-0.0172844,1
611962,bullet1,14.6419,4.0258,0.8,0,1
611963,bullet2,14.6413,4.05661,0.8,0,1
611964,flyer2,10.5,13.0422,-0.3,0,2
611964,flyer3,10.6229,11.8341,-0.293856,-0.0604041,2
611964,bullet6,9.49472,2.93542,0.8,0,1
611965,bullet4,1.53282,3.93298,0.8,0,1
611966,player,1.06727,4.01484,-0.0655481,0.0818644,1
611967,bullet5,1.43777,4.05168,0.8,0,1
611968,bullet3,1.4245,4.06826,0.8,0,1
611969,flyer2,9,13.0422,-0.3,0,2
611969,flyer3,9.15361,11.5321,-0.293856,-0.0604041,2
611969,bullet6,13.4947,2.93542,0.8,0,1
611970,bullet4,5.53282,3.93298,0.8,0,1
611971,player,1.01463,4.08059,-0.00120955,0.00151063,1
611972,bullet5,5.43777,4.05168,0.8,0,1
611973,bullet3,5.4245,4.06826,0.8,0,1
611974,flyer2,7.5,13.0422,-0.3,0,2
611974,flyer3,7.68433,11.2301,-0.293856,-0.0604041,2
611975,bullet4,9.53282,3.93298,0.8,0,1
611976,player,1.082,5.12889,-0.0835536,0.220247,1
611977,bullet5,9.43777,4.05168,0.8,0,1
611978,bullet3,9.4245,4.06826,0.8,0,1
611978,bullet1,0.938105,5.76198,0.8,0,1
611979,flyer2,5.99999,13.0422,-0.3,0,2
611979,flyer3,6.21505,10.9281,-0.293856,-0.0604041,2
611980,bullet4,13.5328,3.93298,0.8,0,1
611981,player,0.412585,5.4187,-0.0153814,-0.133971,1
611982,bullet5,13.4378,4.05168,0.8,0,1
611983,bullet3,13.4245,4.06826,0.8,0,1
611983,bullet1,4.93811,5.76198,0.8,0,1
611984,flyer2,4.49999,13.0422,-0.3,0,2
611984,flyer3,4.74577,10.6261,-0.293856,-0.0604041,2
611986,player,0.400232,4.82174,-0.00028383,-0.154347,1
611987,flyer4,16.5,13.0422,-0.265034,0.140559,2
611988,bullet1,8.93811,5.76198,0.8,0,1
611988,bullet2,1.28942,4.23165,0.8,0,1
611989,flyer2,2.99999,13.0422,-0.3,0,2
611989,flyer3,3.27649,10.324,-0.293856,-0.0604041,2
611990,bullet6,1.38848,4.11216,0.8,0,1
611991,player,1.00232,4.09547,0.0138344,-0.0166877,1
611991,bullet4,1.40232,4.09547,0.8,0,1
611992,flyer4,15.1748,13.745,-0.265034,0.140559,2
611993,bullet1,12.9381,5.76198,0.8,0,1
611993,bullet2,5.28942,4.23165,0.8,0,1
611994,flyer2,1.49999,13.0422,-0.3,0,2
611994,flyer3,1.80721,10.022,-0.293856,-0.0604041,2
611995,bullet6,5.38848,4.11216,0.8,0,1
611996,player,0.793209,4.63979,0.269412,0.0680358,1
611996,bullet4,5.40232,4.09547,0.8,0,1
611997,flyer4,13.8497,14.4478,-0.265034,0.140559,2
611998,bullet2,9.28942,4.23165,0.8,0,1
611999,flyer2,-6.4373e-06,13.0422,-0.3,0,2
611999,flyer3,0.337928,9.72001,-0.293856,-0.0604041,2
612000,bullet6,9.38848,4.11216,0.8,0,1
612001,player,0.672069,5.58965,-0.332529,0.407099,1
612001,bullet4,9.40232,4.09547,0.8,0,1
612002,flyer4,12.5245,15.1506,-0.265034,0.140559,2
612003,bullet2,13.2894,4.23165,0.8,0,1
612003,bullet5,0.855094,5.85528,0.8,0,1
612005,bullet6,13.3885,4.11216,0.8,0,1
612006,player,0.742521,5.91658,0.331364,0.00751212,1
612006,bullet4,13.4023,4.09547,0.8,0,1
612007,flyer4,11.1993,15.8534,-0.265034,0.140559,2
612008,bullet5,4.85509,5.85528,0.8,0,1
612009,flyer5,16.5,6.1388,-0.3,0,2
612010,flayer7,16.5,13.0422,-0.3,0,2
612011,player,0.4,5.58511,-0.0999323,-0.337361,1
612012,flyer6,16.5,6.1388,-0.291786,-0.0697211,2
612013,bullet5,8.85509,5.85528,0.8,0,1
612013,bullet3,0.8,5.36498,0.8,0,1
612014,flyer5,15,6.1388,-0.3,0,2
612014,bullet1,0.8,5.33424,0.8,0,1
612015,flayer7,15,13.0422,-0.3,0,2
612016,player,0.4,5.31418,0,-0.00622527,1
612016,bullet2,0.8,5.31418,0.8,0,1
612017,flyer6,15.0411,5.79019,-0.291786,-0.0697211,2
612018,bullet5,12.8551,5.85528,0.8,0,1
612018,bullet3,4.8,5.36498,0.8,0,1
612019,flyer5,13.5,6.1388,-0.3,0,2
612019,bullet1,4.8,5.33424,0.8,0,1
612019,bullet6,0.8,5.30955,0.8,0,1
612020,flayer7,13.5,13.0422,-0.3,0,2
612021,player,0.4,5.30918,0,-0.000114874,1
612021,bullet2,4.8,5.31418,0.8,0,1
612022,flyer6,13.5821,5.44158,-0.291786,-0.0697211,1
612023,bullet3,8.8,5.36498,0.8,0,1
612024,flyer5,12,6.1388,-0.3,0,2
612024,bullet1,8.8,5.33424,0.8,0,1
612024,bullet6,4.8,5.30955,0.8,0,1
612025,flayer7,12,13.0422,-0.3,0,2
612026,player,0.4,5.30909,0,-2.11974e-06,1
612026,bullet2,8.8,5.31418,0.8,0,1
612026,bullet4,0.8,5.30909,0.8,0,1
612027,flyer6,12.1232,5.09298,-0.291786,-0.0697211,1
612029,bullet6,8.8,5.30955,0.8,0,1
612030,flayer7,10.5,13.0422,-0.3,0,2
612031,player,0.444594,4.70678,-0.0545041,-0.0138396,1
612031,bullet4,4.8,5.30909,0.8,0,1
612032,bullet5,0.820068,4.70055,0.8,0,1
612034,bullet6,12.8,5.30955,0.8,0,1
612035,flayer7,9,13.0422,-0.3,0,2
612036,player,0.400823,5.28414,-0.00100575,0.0304993,1
612036,bullet4,8.8,5.30909,0.8,0,1
612037,bullet5,4.82007,4.70055,0.8,0,1
612037,bullet3,0.80037,5.29786,0.8,0,1
612040,flayer7,7.5,13.0422,-0.3,0,2
612041,player,1.44711,5.24029,0.2202,0.084094,1
612041,bullet4,12.8,5.30909,0.8,0,1
612042,bullet5,8.82007,4.70055,0.8,0,1
612042,bullet3,4.80037,5.29786,0.8,0,1
612045,flayer7,5.99999,13.0422,-0.3,0,2
612046,player,0.53226,5.20872,-0.161651,0.122672,1
612046,flayer8,16.5,6.1388,-0.3,0,2
612047,bullet5,12.8201,4.70055,0.8,0,1
612047,bullet3,8.80037,5.29786,0.8,0,1
612047,bullet1,0.859517,5.26393,0.8,0,1
612049,bullet2,0.012052,5.29995,-0.8,-6.99382e-08,1
612050,flayer7,4.49999,13.0422,-0.3,0,2
612051,player,0.891815,5.79662,0.148892,0.154139,1
612051,flayer8,15,6.1388,-0.3,0,2
612052,bullet3,12.8004,5.29786,0.8,0,1
612052,bullet1,4.85952,5.26393,0.8,0,1
612052,bullet6,1.35882,5.86598,0.8,0,1
612055,flayer7,2.99999,13.0422,-0.3,0,2
612056,player,1.01139,6.50888,0.00274748,0.033599,1
612056,flayer8,13.5,6.1388,-0.3,0,1
612056,bullet4,1.41139,6.50888,0.8,0,1
612057,bullet1,8.85952,5.26393,0.8,0,1
612057,bullet6,5.35882,5.86598,0.8,0,1
612057,bullet2,1.41262,6.524,0.8,0,1
612060,flayer7,1.49999,13.0422,-0.3,0,2
612061,player,1.50297,5.97814,0.151926,-0.0677238,1
612061,flayer8,12,6.1388,-0.3,0,0
612061,bullet4,5.41139,6.50888,0.8,0,1
612062,bullet6,9.35882,5.86598,0.8,0,1
612062,bullet2,5.41262,6.524,0.8,0,1
612065,flayer7,-6.4373e-06,13.0422,-0.3,0,2
612066,player,0.923567,5.33528,0.110084,-0.0320044,1
612066,bullet4,9.41139,6.50888,0.8,0,1
612067,flyer1,16.5,6.1388,-0.281579,-0.103505,2
612067,bullet6,13.3588,5.86598,0.8,0,1
612067,bullet2,9.41263,6.524,0.8,0,1
612068,bullet5,1.3954,5.31439,0.8,0,1
612071,player,0.522599,5.79895,-0.149844,0.151284,1
612071,bullet4,13.4114,6.50888,0.8,0,1
612072,flyer1,15.0921,5.62127,-0.281579,-0.103505,0
612072,bullet2,13.4126,6.524,0.8,0,1
612072,bullet3,0.855169,5.86703,0.8,0,1
612073,bullet5,5.3954,5.31439,0.8,0,1
612075,bullet1,0.8,6.47537,0.8,0,1
612076,player,0.4,6.50892,0,0.0335463,1
612077,bullet3,4.85517,5.86703,0.8,0,1
612077,bullet6,0.8,6.52401,0.8,0,1
612078,bullet5,9.3954,5.31439,0.8,0,1
612080,bullet1,4.8,6.47537,0.8,0,1
612081,player,0.4,6.53586,0,0.000619024,1
612082,bullet3,8.85517,5.86703,0.8,0,1
612082,bullet6,4.8,6.52401,0.8,0,1
612083,bullet5,13.3954,5.31439,0.8,0,1
612085,bullet1,8.8,6.47537,0.8,0,1
612086,player,0.4,7.13867,0,0.013851,1
612087,flyer2,16.5,6.71951,-0.299217,0.0216637,2
612087,bullet3,12.8552,5.86703,0.8,0,1
612087,bullet6,8.8,6.52401,0.8,0,1
612090,bullet1,12.8,6.47537,0.8,0,1
612091,player,0.889375,7.1498,0.151875,0.00025559,1
612092,flyer2,15.0039,6.82783,-0.299217,0.0216637,1
612092,bullet6,12.8,6.52401,0.8,0,1
612092,bullet4,1.35772,7.14991,0.8,0,1
612095,bullet2,0.850822,7.14999,0.8,0,1
612096,player,0.76037,6.8125,0.309548,-0.337495,1
612097,bullet4,5.35772,7.14991,0.8,0,1
612098,bullet5,1.36235,6.59228,0.8,0,1
612100,flyer3,16.5,6.71951,-0.287924,-0.0842617,2
612100,bullet2,4.85082,7.14999,0.8,0,1
612101,player,0.451244,6.54146,-0.0626317,-0.00622774,1
612101,bullet3,0.851244,6.54146,0.8,0,1
612102,bullet4,9.35772,7.14991,0.8,0,1
612103,bullet5,5.36235,6.59228,0.8,0,1
612105,flyer3,15.0604,6.2982,-0.287924,-0.0842617,2
612105,bullet2,8.85082,7.14999,0.8,0,1
612106,player,0.4,6.19896,0,-0.337615,1
612106,bullet3,4.85124,6.54146,0.8,0,1
612107,bullet4,13.3577,7.14991,0.8,0,1
612108,bullet5,9.36235,6.59228,0.8,0,1
612110,flyer3,13.6208,5.87689,-0.287924,-0.0842617,2
612110,bullet2,12.8508,7.14999,0.8,0,1
612111,player,1.32597,5.59033,0.368255,-0.34373,1
612111,bullet3,8.85124,6.54146,0.8,0,1
612112,bullet1,1.89169,5.43565,0.8,0,1
612115,flyer3,12.1811,5.45558,-0.287924,-0.0842617,1
612115,bullet6,2.01492,5.32063,0.8,0,1
612116,player,1.62171,5.31429,0.00679533,-0.00634278,1
612116,bullet3,12.8512,6.54146,0.8,0,1
612116,bullet4,2.02171,5.31429,0.8,0,1
612117,bullet1,5.89169,5.43565,0.8,0,1
612120,flyer3,10.7415,5.03427,-0.287924,-0.0842617,1
612120,bullet6,6.01492,5.32063,0.8,0,1
612121,player,1.59642,5.33995,0.0377145,-0.0377061,1
612121,bullet4,6.02171,5.31429,0.8,0,1
612122,bullet5,2.01339,5.32298,0.8,0,1
612125,bullet6,10.0149,5.32063,0.8,0,1
612126,player,2.55268,5.46154,0.368951,-0.186321,1
612126,bullet4,10.0217,5.31429,0.8,0,1
612127,bullet5,6.01339,5.32298,0.8,0,1
612128,flyer4,16.5,6.71951,-0.3,0,2
612128,bullet2,3.19342,5.33997,0.8,0,1
612130,bullet6,14.0149,5.32063,0.8,0,1
612131,player,3.33835,4.82254,0.158683,-0.155313,1
612131,bullet4,14.0217,5.31429,0.8,0,1
612132,bullet5,10.0134,5.32298,0.8,0,1
612133,flyer4,15,6.71951,-0.3,0,2
612133,bullet2,7.19342,5.33997,0.8,0,1
612133,bullet3,3.84189,4.7212,0.8,0,1
612135,bullet1,3.86286,4.70067,0.8,0,1
612136,player,3.12829,5.03531,-0.334572,0.334634,1
612137,bullet5,14.0134,5.32298,0.8,0,1
612138,flyer4,13.5,6.71951,-0.3,0,2
612138,bullet2,11.1934,5.33997,0.8,0,1
612138,bullet3,7.84189,4.7212,0.8,0,1
612140,bullet1,7.86286,4.70067,0.8,0,1
612140,bullet6,3.75515,4.8085,0.8,0,1
612141,player,3.41732,4.74633,0.06217,-0.0621688,1
612143,flyer4,12,6.71951,-0.3,0,2
612143,bullet2,15.1934,5.33997,0.8,0,1
612143,bullet3,11.8419,4.7212,0.8,0,1
612145,bullet1,11.8629,4.70067,0.8,0,1
612145,bullet6,7.75515,4.8085,0.8,0,1
612145,bullet4,3.27762,5.28603,0.8,0,1
612146,player,2.52743,4.96122,-0.350192,-0.324808,1
612148,flyer4,10.5,6.71951,-0.3,0,2
612148,bullet3,15.8419,4.7212,0.8,0,1
612150,bullet1,15.8629,4.70067,0.8,0,1
612150,bullet6,11.7551,4.8085,0.8,0,1
612150,bullet4,7.27762,5.28603,0.8,0,1
612151,player,1.16835,5.77822,-0.189092,0.176636,1
612151,flyer5,16.5,6.71951,-0.3,0,2
612153,flyer4,9,6.71951,-0.3,0,2
612155,bullet6,15.7551,4.8085,0.8,0,1
612155,bullet4,11.2776,5.28603,0.8,0,1
612156,player,2.20728,4.23991,0.041105,-0.19321,1
612156,flyer5,15,6.71951,-0.3,0,2
612156,flyer6,16.5,9.44786,-0.255814,-0.156713,2
612157,bullet5,2.62578,4.15296,0.8,0,1
612158,flyer4,7.5,6.71951,-0.3,0,2
612160,bullet4,15.2776,5.28603,0.8,0,1
612160,bullet2,3.12891,4.08831,0.8,0,1
612161,player,2.79801,4.08474,0.0691023,-0.00356527,1
612161,flyer5,13.5,6.71951,-0.3,0,2
612161,flyer6,15.2209,8.6643,-0.255814,-0.156713,2
612162,bullet5,6.62578,4.15296,0.8,0,1
612163,flyer4,5.99999,6.71951,-0.3,0,2
612165,bullet2,7.12891,4.08831,0.8,0,1
612166,player,2.86734,5.27267,-0.0156399,0.0445285,1
612166,flyer5,12,6.71951,-0.3,0,2
612166,flyer6,13.9419,7.88073,-0.255814,-0.156713,2
612167,bullet5,10.6258,4.15296,0.8,0,1
612167,bullet3,3.2603,5.29271,0.8,0,1
612168,flyer4,4.49999,6.71951,-0.3,0,2
612170,bullet2,11.1289,4.08831,0.8,0,1
612171,player,3.34416,4.26134,0.151586,-0.219397,1
612171,flyer5,10.5,6.71951,-0.3,0,2
612171,flyer6,12.6628,7.09716,-0.255814,-0.156713,2
612172,bullet5,14.6258,4.15296,0.8,0,1
612172,bullet3,7.2603,5.29271,0.8,0,1
612173,flyer4,2.99999,6.71951,-0.3,0,2
612175,bullet2,15.1289,4.08831,0.8,0,1
612175,bullet1,3.8631,3.53147,0.8,0,1
612176,player,3.46589,3.49667,0.0027972,-0.0348032,1
612176,flyer5,9,6.71951,-0.3,0,2
612176,flyer6,11.3837,6.3136,-0.255814,-0.156713,2
612177,bullet3,11.2603,5.29271,0.8,0,1
612178,flyer4,1.49999,6.71951,-0.3,0,2
612180,bullet1,7.8631,3.53147,0.8,0,1
612181,player,3.42354,2.97934,0.0545558,-0.152517,1
612181,flyer5,7.5,6.71951,-0.3,0,2
612181,flyer6,10.1046,5.53003,-0.255814,-0.156713,1
612183,flyer4,-6.4373e-06,6.71951,-0.3,0,2
612184,bullet6,3.37474,3.3553,0.8,0,1
612185,bullet1,11.8631,3.53147,0.8,0,1
612186,player,2.87888,3.44533,-0.029748,0.0279403,1
612186,flyer5,5.99999,6.71951,-0.3,0,2
612186,flyer6,8.82556,4.74647,-0.255814,-0.156713,1
612186,bullet4,3.27888,3.44533,0.8,0,1
612189,bullet6,7.37474,3.3553,0.8,0,1
612189,bullet5,3.81448,3.46611,0.8,0,1
612190,bullet1,15.8631,3.53147,0.8,0,1
612191,player,3.45731,3.80527,0.0132907,0.338016,1
612191,flyer5,4.49999,6.71951,-0.3,0,2
612191,bullet4,7.27888,3.44533,0.8,0,1
612194,bullet5,7.81448,3.46611,0.8,0,1
612194,bullet2,3.30947,4.05663,0.8,0,1
612196,player,2.86567,4.07673,-0.0135944,0.00623734,1
612196,flyer5,2.99999,6.71951,-0.3,0,2
612196,bullet4,11.2789,3.44533,0.8,0,1
612196,bullet3,3.26567,4.07673,0.8,0,1
612199,bullet5,11.8145,3.46611,0.8,0,1
612199,bullet2,7.30947,4.05663,0.8,0,1
612201,player,2.85475,4.41924,-0.000250854,0.337615,1
612201,flyer5,1.49999,6.71951,-0.3,0,2
612201,bullet4,15.2789,3.44533,0.8,0,1
612201,bullet3,7.26567,4.07673,0.8,0,1
612204,bullet5,15.8145,3.46611,0.8,0,1
612204,bullet2,11.3095,4.05663,0.8,0,1
612204,bullet6,3.25456,4.6703,0.8,0,1
612206,player,2.85455,4.69037,-4.62897e-06,0.00622995,1
612206,flyer5,-6.4373e-06,6.71951,-0.3,0,2
612206,bullet3,11.2657,4.07673,0.8,0,1
612206,bullet1,3.25455,4.69037,0.8,0,1
612209,bullet2,15.3095,4.05663,0.8,0,1
612209,bullet6,7.25456,4.6703,0.8,0,1
612211,player,2.85454,4.69537,-8.54174e-08,0.00011496,1
612211,flayer8,16.5,9.44786,-0.294903,0.055066,2
612211,bullet3,15.2657,4.07673,0.8,0,1
612211,bullet1,7.25455,4.69037,0.8,0,1
612211,bullet4,3.25454,4.69537,0.8,0,1
612213,bullet5,3.25454,4.69545,0.8,0,1
612214,bullet6,11.2546,4.6703,0.8,0,1
612216,player,2.51705,3.80024,-0.3375,-0.405842,1
612216,flayer8,15.0255,9.72319,-0.294903,0.055066,2
612216,bullet1,11.2545,4.69037,0.8,0,1
612216,bullet4,7.25455,4.69537,0.8,0,1
612218,bullet5,7.25455,4.69545,0.8,0,1
612219,bullet6,15.2546,4.6703,0.8,0,1
612221,player,2.246,2.9166,-0.00622782,-0.0758327,1
612221,flayer8,13.551,9.99852,-0.294903,0.055066,2
612221,bullet1,15.2545,4.69037,0.8,0,1
612221,bullet4,11.2545,4.69537,0.8,0,1
612221,bullet2,2.646,2.9166,0.8,0,1
612223,bullet5,11.2545,4.69545,0.8,0,1
612224,bullet3,2.64137,2.86021,0.8,0,1
612226,player,2.73038,2.36633,0.15176,-0.153274,1
612226,flayer8,12.0765,10.2739,-0.294903,0.055066,2
612226,bullet4,15.2545,4.69537,0.8,0,1
612226,bullet2,6.646,2.9166,0.8,0,1
612228,bullet5,15.2545,4.69545,0.8,0,1
612229,bullet3,6.64137,2.86021,0.8,0,1
612230,flayer7,16.5,9.44786,-0.3,0,2
612231,player,3.45457,3.74077,0.01664,0.416855,1
612231,flayer8,10.6019,10.5492,-0.294903,0.055066,2
612231,bullet2,10.646,2.9166,0.8,0,1
612232,bullet6,3.06206,3.92835,-0.8,-6.99382e-08,1
612234,bullet3,10.6414,2.86021,0.8,0,1
612234,bullet1,3.86694,4.05075,0.8,0,1
612235,flayer7,15,9.44786,-0.3,0,2
612236,player,3.95731,4.07554,0.152182,0.00769215,1
612236,flayer8,9.12743,10.8245,-0.294903,0.055066,2
612236,bullet2,14.646,2.9166,0.8,0,1
612237,bullet4,4.42579,4.079,0.8,0,1
612239,bullet3,14.6414,2.86021,0.8,0,1
612239,bullet1,7.86694,4.05075,0.8,0,1
612239,bullet5,3.67047,4.08126,-0.8,-6.99382e-08,1
612240,flayer7,13.5,9.44786,-0.3,0,2
612241,player,4.41702,4.08171,0.340308,0.000141942,1
612241,flayer8,7.65292,11.0998,-0.294903,0.055066,2
612242,bullet4,8.42579,4.079,0.8,0,1
612244,bullet1,11.8669,4.05075,0.8,0,1
612244,bullet5,-0.329527,4.08126,-0.8,-6.99382e-08,1
612244,bullet6,5.07008,3.5241,0.8,0,1
612245,flayer7,12,9.44786,-0.3,0,2
612246,player,4.69032,3.47951,0.00627964,-0.013837,1
612246,flayer8,6.1784,11.3752,-0.294903,0.055066,2
612246,bullet2,5.09032,3.47951,0.8,0,1
612247,bullet4,12.4258,4.079,0.8,0,1
612249,bullet1,15.8669,4.05075,0.8,0,1
612249,bullet6,9.07008,3.5241,0.8,0,1
612250,flayer7,10.5,9.44786,-0.3,0,2
612251,player,5.06362,4.95209,0.300027,0.436343,1
612251,flayer8,4.70389,11.6505,-0.294903,0.055066,2
612251,bullet2,9.09032,3.47951,0.8,0,1
612254,bullet6,13.0701,3.5241,0.8,0,1
612255,flayer7,9,9.44786,-0.3,0,2
612256,player,6.39625,5.18958,0.171251,0.146087,1
612256,flayer8,3.22937,11.9258,-0.294903,0.055066,2
612256,bullet2,13.0903,3.47951,0.8,0,1
612256,bullet3,6.79625,5.18958,0.8,0,1
612258,bullet5,6.90799,5.2849,0.8,0,1
612259,bullet1,6.9236,5.29821,0.8,0,1
612260,flayer7,7.5,9.44786,-0.3,0,2
612261,player,6.53378,5.3069,0.00316006,0.00269572,1
612261,flayer8,1.75486,12.2012,-0.294903,0.055066,2
612261,bullet3,10.7963,5.18958,0.8,0,1
612263,bullet5,10.908,5.2849,0.8,0,1
612263,bullet4,6.93584,5.30865,0.8,0,1
612264,bullet1,10.9236,5.29821,0.8,0,1
612265,flayer7,5.99999,9.44786,-0.3,0,2
612266,player,6.53632,5.79844,5.8312e-05,0.151925,1
612266,flayer8,0.280344,12.4765,-0.294903,0.055066,2
612266,bullet3,14.7963,5.18958,0.8,0,1
612268,bullet5,14.908,5.2849,0.8,0,1
612268,bullet4,10.9358,5.30865,0.8,0,1
612269,bullet1,14.9236,5.29821,0.8,0,1
612270,flayer7,4.49999,9.44786,-0.3,0,2
612271,player,6.68824,6.74732,-0.185624,0.492178,1
612271,flyer1,16.5,5.42354,-0.3,0,2
612272,flyer2,16.5,14.5425,-0.228015,0.194959,2
612273,bullet4,14.9358,5.30865,0.8,0,1
612275,flayer7,2.99999,9.44786,-0.3,0,2
612276,player,6.53917,5.72723,-0.00342528,-0.511048,1
612276,flyer1,15,5.42354,-0.3,0,1
612277,flyer2,15.3599,15.5173,-0.228015,0.194959,2
612278,bullet6,6.93694,5.39377,0.8,0,1
612280,flayer7,1.49999,9.44786,-0.3,0,2
612281,player,7.02579,4.82744,0.151812,-0.161305,1
612281,flyer1,13.5,5.42354,-0.3,0,1
612281,bullet2,7.4258,4.82744,0.8,0,1
612282,flyer2,14.2198,16.4921,-0.228015,0.194959,2
612283,bullet6,10.9369,5.39377,0.8,0,1
612283,bullet3,7.52485,4.72219,0.8,0,1
612285,flayer7,-6.4373e-06,9.44786,-0.3,0,2
612286,player,7.63709,5.18727,0.154676,0.148898,1
612286,bullet2,11.4258,4.82744,0.8,0,1
612288,bullet3,11.5249,4.72219,0.8,0,1
612289,flyer3,16.5,6.58896,-0.3,0,2
612290,flyer4,16.5,6.58896,-0.276378,0.116683,2
612291,player,6.68346,5.79623,-0.179775,0.154623,1
612291,bullet2,15.4258,4.82744,0.8,0,1
612292,bullet5,7.00256,5.86581,0.8,0,1
612293,bullet3,15.5249,4.72219,0.8,0,1
612294,flyer3,15,6.58896,-0.3,0,2
612294,bullet1,6.94978,5.91121,0.8,0,1
612295,flyer4,15.1181,7.17237,-0.276378,0.116683,2
612296,player,7.02846,5.43103,0.148558,-0.149022,1
612297,bullet5,11.0026,5.86581,0.8,0,1
612297,bullet4,7.49531,5.36397,0.8,0,1
612299,flyer3,13.5,6.58896,-0.3,0,1
612299,bullet1,10.9498,5.91121,0.8,0,1
612299,bullet6,7.53893,5.32021,0.8,0,1
612300,flyer4,13.7362,7.75579,-0.276378,0.116683,2
612301,player,7.48526,5.64885,0.340241,0.33475,1
612302,bullet4,11.4953,5.36397,0.8,0,1
612304,bullet6,11.5389,5.32021,0.8,0,1
612305,flyer4,12.3543,8.33921,-0.276378,0.116683,2
612305,bullet2,8.74071,5.9115,0.8,0,1
612306,player,8.69832,6.25518,0.357618,0.343677,1
612307,bullet4,15.4953,5.36397,0.8,0,1
612309,flyer6,16.5,6.58896,-0.278716,-0.110984,2
612309,bullet6,15.5389,5.32021,0.8,0,1
612310,flyer4,10.9724,8.92262,-0.276378,0.116683,2
612310,bullet2,12.7407,5.9115,0.8,0,1
612311,player,8.39705,6.56194,-0.0241556,-0.0312473,1
612311,flyer5,16.5,6.58896,-0.255608,-0.157049,2
612312,bullet3,8.78617,6.54788,0.8,0,1
612313,bullet5,8.78128,6.54155,0.8,0,1
612314,flyer6,15.1064,6.03404,-0.278716,-0.110984,2
612315,flyer4,9.59053,9.50604,-0.276378,0.116683,2
612315,bullet1,8.77809,6.53742,0.8,0,1
612316,player,8.71515,6.19934,0.337054,-0.338077,1
612316,flyer5,15.222,5.80371,-0.255608,-0.157049,1
612317,bullet3,12.7862,6.54788,0.8,0,1
612318,bullet5,12.7813,6.54155,0.8,0,1
612319,flyer6,13.7128,5.47912,-0.278716,-0.110984,2
612320,flyer4,8.20864,10.0895,-0.276378,0.116683,2
612320,bullet1,12.7781,6.53742,0.8,0,1
612321,player,9.88105,4.78165,0.412063,-0.105337,1
612321,flyer5,13.9439,5.01847,-0.255608,-0.157049,1
612324,flyer6,12.3193,4.9242,-0.278716,-0.110984,2
612325,flyer4,6.82675,10.6729,-0.276378,0.116683,2
612325,flayer8,16.5,15.3576,-0.3,0,2
612325,bullet4,10.6044,4.699,0.8,0,1
612326,player,10.212,4.69705,0.00760373,-0.00194376,1
612326,flyer5,12.6659,4.23322,-0.255608,-0.157049,1
612328,bullet6,10.6169,4.69579,0.8,0,1
612329,flyer6,10.9257,4.36928,-0.278716,-0.110984,0
