71793,player,7.38445,4.02421,0.3375,0,1
71794,bullet1,7.93633,4.02421,0.8,0,1
71797,bullet2,8.53864,4.02421,0.8,0,1
71798,player,8.21321,4.02421,0.0745716,0,1
71799,bullet1,11.9363,4.02421,0.8,0,1
71801,bullet3,8.17929,5.0713,0.8,0,1
71802,bullet2,12.5386,4.02421,0.8,0,1
71803,player,7.19525,5.70437,-0.181254,0.196469,1
71803,bullet4,7.59525,5.70437,0.8,0,1
71804,bullet1,15.9363,4.02421,0.8,0,1
71805,flyer1,16.5,4.76243,-0.3,0,2
71806,bullet3,12.1793,5.0713,0.8,0,1
71808,player,7.45553,4.854,0.250624,-0.264183,1
71808,bullet4,11.5953,5.70437,0.8,0,1
71809,bullet5,7.96832,4.73511,0.8,0,1
71811,bullet6,8.53128,4.16817,0.8,0,1
71813,player,8.24528,3.56399,0.0353794,-0.187505,1
71813,bullet4,15.5953,5.70437,0.8,0,1
71813,bullet1,8.64528,3.56399,0.8,0,1
71814,bullet5,11.9683,4.73511,0.8,0,1
71815,bullet2,8.66837,3.44164,0.8,0,1
71816,bullet6,12.5313,4.16817,0.8,0,1
71818,player,8.27369,2.85568,0.00065285,-0.0718037,1
71818,bullet1,12.6453,3.56399,0.8,0,1
71819,bullet5,15.9683,4.73511,0.8,0,1
71820,flyer2,16.5,4.76243,-0.251832,0.163036,2
71820,bullet2,12.6684,3.44164,0.8,0,1
71821,flyer3,16.5,12.609,-0.273889,-0.122413,2
71821,bullet3,8.67418,2.31292,0.8,0,1
71823,player,8.61172,1.38267,0.337512,-0.521455,1
71825,flyer2,15.2408,5.57761,-0.251832,0.163036,1
71825,bullet4,9.23195,1.04242,0.8,0,1
71826,flyer3,15.1306,11.9969,-0.273889,-0.122413,2
71826,bullet3,12.6742,2.31292,0.8,0,1
71826,bullet5,9.2627,0.994906,0.8,0,1
71827,bullet6,9.27654,0.973523,0.8,0,1
71828,player,8.88277,0.963901,0.00622805,-0.00962231,1
71830,flyer2,13.9817,6.39279,-0.251832,0.163036,1
71830,bullet4,13.2319,1.04242,0.8,0,1
71831,flyer3,13.7611,11.3848,-0.273889,-0.122413,2
71831,bullet5,13.2627,0.994906,0.8,0,1
71831,bullet1,9.28741,0.956746,0.8,0,1
71832,bullet6,13.2765,0.973523,0.8,0,1
71833,player,8.3984,0.466798,-0.15176,-0.152053,1
71834,bullet2,8.73011,0.398375,0.8,0,1
71835,flyer2,12.7225,7.20797,-0.251832,0.163036,1
71836,flyer3,12.3917,10.7728,-0.273889,-0.122413,2
71836,bullet1,13.2874,0.956746,0.8,0,1
71838,player,7.61971,1.44709,0.0499762,0.220219,1
71838,bullet3,8.01971,1.44709,0.8,0,1
71839,bullet2,12.7301,0.398375,0.8,0,1
71840,flyer2,11.4634,8.02315,-0.251832,0.163036,1
71840,bullet4,7.74169,1.10141,-0.8,-6.99382e-08,1
71841,flyer3,11.0222,10.1607,-0.273889,-0.122413,2
71843,player,7.21506,1.57935,-0.205457,0.0585678,1
71843,bullet3,12.0197,1.44709,0.8,0,1
71843,bullet5,7.61506,1.57935,0.8,0,1
71845,flyer2,10.2042,8.83833,-0.251832,0.163036,1
71845,bullet4,3.74169,1.10141,-0.8,-6.99382e-08,1
71846,flyer3,9.65278,9.54864,-0.273889,-0.122413,2
71847,bullet6,6.89613,1.13593,0.8,0,1
71848,player,6.46159,1.06867,-0.0345459,-0.067263,1
71848,bullet3,16.0197,1.44709,0.8,0,1
71848,bullet5,11.6151,1.57935,0.8,0,1
71849,bullet1,6.84604,1.0384,0.8,0,1
71850,flyer2,8.94504,9.65352,-0.251832,0.163036,1
71850,bullet4,-0.258309,1.10141,-0.8,-6.99382e-08,1
71851,flyer3,8.28334,8.93657,-0.273889,-0.122413,2
71851,bullet2,6.8359,1.01865,0.8,0,1
71852,bullet6,10.8961,1.13593,0.8,0,1
71853,player,6.43385,1.01465,-0.00063747,-0.00124119,1
71853,bullet5,15.6151,1.57935,0.8,0,1
71854,bullet1,10.846,1.0384,0.8,0,1
71854,bullet3,6.83356,1.01409,0.8,0,1
71855,flyer2,7.68588,10.4687,-0.251832,0.163036,1
71856,flyer3,6.9139,8.32451,-0.273889,-0.122413,2
71856,bullet2,10.8359,1.01865,0.8,0,1
71857,bullet6,14.8961,1.13593,0.8,0,1
71858,player,6.43334,1.01366,-1.17631e-05,-2.29035e-05,1
71859,bullet1,14.846,1.0384,0.8,0,1
71859,bullet3,10.8336,1.01409,0.8,0,1
71860,flyer2,6.42672,11.2839,-0.251832,0.163036,1
71860,bullet4,6.34395,1.50302,0.8,0,1
71861,flyer3,5.54446,7.71244,-0.273889,-0.122413,2
71861,bullet2,14.8359,1.01865,0.8,0,1
71861,bullet5,6.27561,1.57136,0.8,0,1
71863,player,5.83101,1.12658,-0.0138398,-0.138036,1
71863,bullet6,6.23101,1.12658,0.8,0,1
71864,bullet3,14.8336,1.01409,0.8,0,1
71865,flyer2,5.16756,12.0991,-0.251832,0.163036,1
71865,bullet4,10.344,1.50302,0.8,0,1
71866,flyer3,4.17501,7.10038,-0.273889,-0.122413,2
71866,bullet5,10.2756,1.57136,0.8,0,1
71867,bullet1,6.22016,1.50764,0.8,0,1
71868,player,5.8199,1.57344,-0.000255384,0.0657966,1
71868,bullet6,10.231,1.12658,0.8,0,1
71870,flyer2,3.9084,12.9142,-0.251832,0.163036,1
71870,bullet4,14.344,1.50302,0.8,0,1
71871,flyer3,2.80557,6.48831,-0.273889,-0.122413,2
71871,bullet5,14.2756,1.57136,0.8,0,1
71872,bullet1,10.2202,1.50764,0.8,0,1
71873,player,5.4822,1.28878,-0.337505,-0.336286,1
71873,bullet6,14.231,1.12658,0.8,0,1
71875,flyer2,2.64924,13.7294,-0.251832,0.163036,1
71875,bullet2,5.66198,1.06935,0.8,0,1
71876,flyer3,1.43612,5.87625,-0.273889,-0.122413,2
71877,bullet1,14.2202,1.50764,0.8,0,1
71878,player,5.70053,1.01871,0.145647,-0.00620542,1
71879,bullet3,6.16607,1.01592,0.8,0,1
71880,flyer2,1.39008,14.5446,-0.251832,0.163036,1
71880,bullet2,9.66198,1.06935,0.8,0,1
71880,bullet4,6.19556,1.01467,0.8,0,1
71881,flyer3,0.0666803,5.26418,-0.273889,-0.122413,2
71883,player,5.66562,1.50311,0.188313,0.15176,1
71884,bullet3,10.1661,1.01592,0.8,0,1
71885,flyer2,0.130924,15.3598,-0.251832,0.163036,1
71885,bullet2,13.662,1.06935,0.8,0,1
71885,bullet4,10.1956,1.01467,0.8,0,1
71888,player,6.40532,2.77117,0.0342296,0.101899,1
71888,flyer4,16.5,2.99158,-0.287122,-0.0869546,2
71888,bullet5,6.80532,2.77117,0.8,0,1
71889,bullet3,14.1661,1.01592,0.8,0,1
71890,bullet4,14.1956,1.01467,0.8,0,1
71892,flyer5,16.5,6.22674,-0.3,0,2
71893,player,5.01746,3.67988,-0.519498,0.491255,1
71893,flyer4,15.0644,2.55681,-0.287122,-0.0869546,2
71893,flyer6,16.5,14.6105,-0.292249,0.0677541,2
71893,bullet5,10.8053,2.77117,0.8,0,1
71896,bullet6,5.52052,3.55582,0.8,0,1
71897,flyer5,15,6.22674,-0.3,0,2
71898,player,4.85123,3.48593,-0.316332,-0.0216896,1
71898,flyer4,13.6288,2.12204,-0.287122,-0.0869546,1
71898,flyer6,15.0388,14.9493,-0.292249,0.0677541,2
71901,bullet6,9.52052,3.55582,0.8,0,1
71901,bullet1,4.52663,3.4698,0.8,0,1
71902,flyer5,13.5,6.22674,-0.3,0,2
71903,player,4.34622,3.80601,0.300908,0.3371,1
71903,flyer4,12.1932,1.68726,-0.287122,-0.0869546,1
71903,flyer6,13.5775,15.2881,-0.292249,0.0677541,2
71905,bullet2,4.94256,4.02597,0.8,0,1
71906,bullet6,13.5205,3.55582,0.8,0,1
71906,bullet1,8.52663,3.4698,0.8,0,1
71907,flyer5,12,6.22674,-0.3,0,2
71908,player,4.58787,4.07673,0.0055526,0.00622044,1
71908,flyer4,10.7576,1.25249,-0.287122,-0.0869546,1
71908,flyer6,12.1163,15.6268,-0.292249,0.0677541,2
71908,bullet3,4.98787,4.07673,0.8,0,1
71910,bullet2,8.94256,4.02597,0.8,0,1
71911,bullet1,12.5266,3.4698,0.8,0,1
71911,bullet4,4.992,4.08136,0.8,0,1
71912,flyer5,10.5,6.22674,-0.3,0,2
71913,player,4.10295,4.5711,-0.151773,0.15199,1
71913,flyer4,9.32196,0.817717,-0.287122,-0.0869546,1
71913,flyer6,10.655,15.9656,-0.292249,0.0677541,2
71913,bullet3,8.98787,4.07673,0.8,0,1
71915,bullet2,12.9426,4.02597,0.8,0,1
71916,bullet4,8.992,4.08136,0.8,0,1
71917,flyer5,9,6.22674,-0.3,0,2
71918,player,4.58338,4.69316,0.011039,0.00280464,1
71918,flyer4,7.88635,0.382944,-0.287122,-0.0869546,1
71918,flyer6,9.19378,16.3044,-0.292249,0.0677541,2
71918,bullet3,12.9879,4.07673,0.8,0,1
71918,bullet5,4.98338,4.69316,0.8,0,1
71921,bullet4,12.992,4.08136,0.8,0,1
71922,flyer5,7.5,6.22674,-0.3,0,2
71923,player,5.2629,5.7871,-0.0694879,0.165766,1
71923,flyer4,6.45074,-0.0518294,-0.287122,-0.0869546,1
71923,bullet5,8.98338,4.69316,0.8,0,1
71924,bullet6,5.63164,5.8617,0.8,0,1
71927,flyer5,5.99999,6.22674,-0.3,0,1
71928,player,5.69648,4.84238,0.150593,-0.179571,1
71928,flyer4,5.01513,-0.486602,-0.287122,-0.0869546,1
71928,bullet5,12.9834,4.69316,0.8,0,1
71928,bullet1,6.09648,4.84238,0.8,0,1
71930,flayer7,16.5,14.6105,-0.298994,-0.0245502,2
71931,bullet2,6.20846,4.70884,0.8,0,1
71932,flyer5,4.49999,6.22674,-0.3,0,1
71932,bullet3,6.21464,4.70148,0.8,0,1
71933,player,5.81741,4.69816,0.00277886,-0.00331359,1
71933,bullet1,10.0965,4.84238,0.8,0,1
71935,flayer7,15.005,14.4878,-0.298994,-0.0245502,2
71936,bullet2,10.2085,4.70884,0.8,0,1
71937,flyer5,2.99999,6.22674,-0.3,0,1
71937,bullet3,10.2146,4.70148,0.8,0,1
71937,bullet6,5.63112,4.10709,0.8,0,1
71938,player,5.21733,4.09319,-0.0137883,-0.0139008,1
71938,bullet1,14.0965,4.84238,0.8,0,1
71940,flayer7,13.5101,14.365,-0.298994,-0.0245502,2
71941,bullet2,14.2085,4.70884,0.8,0,1
71942,flyer5,1.49999,6.22674,-0.3,0,1
71942,bullet3,14.2146,4.70148,0.8,0,1
71942,bullet6,9.63112,4.10709,0.8,0,1
71943,player,5.76398,4.11278,0.0680893,-0.0378456,1
71943,bullet4,6.16398,4.11278,0.8,0,1
71945,flayer7,12.0151,14.2423,-0.298994,-0.0245502,2
71945,bullet5,6.2084,4.08809,0.8,0,1
71947,flyer5,-6.4373e-06,6.22674,-0.3,0,1
71947,bullet6,13.6311,4.10709,0.8,0,1
71948,player,5.81866,4.08239,0.00125644,-0.000698357,1
71948,bullet4,10.164,4.11278,0.8,0,1
71950,flayer7,10.5201,14.1195,-0.298994,-0.0245502,2
71950,bullet5,10.2084,4.08809,0.8,0,1
71950,bullet1,6.21948,4.08193,0.8,0,1
71951,bullet2,6.21959,4.08187,0.8,0,1
71953,player,5.81966,4.08183,2.31848e-05,-1.28867e-05,1
71953,bullet4,14.164,4.11278,0.8,0,1
71955,flayer7,9.02515,13.9968,-0.298994,-0.0245502,2
71955,bullet5,14.2084,4.08809,0.8,0,1
71955,bullet1,10.2195,4.08193,0.8,0,1
71956,bullet2,10.2196,4.08187,0.8,0,1
71956,bullet3,5.66196,4.08182,0.8,0,1
71958,player,5.21737,4.08182,-0.0138392,-2.37795e-07,1
71960,flayer7,7.53018,13.874,-0.298994,-0.0245502,2
71960,bullet1,14.2195,4.08193,0.8,0,1
71961,bullet2,14.2196,4.08187,0.8,0,1
71961,bullet3,9.66196,4.08182,0.8,0,1
71961,bullet6,6.1648,4.08182,0.8,0,1
71963,player,5.80857,4.08182,0.0135842,-4.38799e-09,1
71964,flayer8,16.5,8.59888,-0.261107,-0.147726,2
71964,bullet4,6.21468,4.08182,0.8,0,1
71965,flayer7,6.03521,13.7513,-0.298994,-0.0245502,2
71966,bullet3,13.662,4.08182,0.8,0,1
71966,bullet6,10.1648,4.08182,0.8,0,1
71968,player,5.3301,3.59244,-0.151624,-0.151875,1
71969,flayer8,15.1945,7.86025,-0.261107,-0.147726,2
71969,bullet4,10.2147,4.08182,0.8,0,1
71969,bullet5,5.66187,3.5241,0.8,0,1
71970,flayer7,4.54024,13.6285,-0.298994,-0.0245502,2
71970,bullet1,5.63117,3.49334,0.8,0,1
71971,bullet6,14.1648,4.08182,0.8,0,1
71973,player,5.69771,3.47047,0.149077,-0.00280252,1
71974,flayer8,13.8889,7.12162,-0.261107,-0.147726,2
71974,bullet4,14.2147,4.08182,0.8,0,1
71974,bullet5,9.66187,3.5241,0.8,0,1
71975,flayer7,3.04527,13.5058,-0.298994,-0.0245502,2
71975,bullet1,9.63117,3.49334,0.8,0,1
71976,bullet2,6.76628,2.91067,0.8,0,1
71977,bullet3,6.80315,2.8798,0.8,0,1
71978,player,6.41974,2.86591,0.0165905,-0.0138913,1
71979,flayer8,12.5834,6.38299,-0.261107,-0.147726,2
71979,bullet5,13.6619,3.5241,0.8,0,1
71980,flayer7,1.55031,13.383,-0.298994,-0.0245502,2
71980,bullet1,13.6312,3.49334,0.8,0,1
71981,bullet2,10.7663,2.91067,0.8,0,1
71982,bullet3,10.8032,2.8798,0.8,0,1
71983,player,6.43307,2.85475,0.000306141,-0.000256334,1
71984,flayer8,11.2779,5.64435,-0.261107,-0.147726,2
71985,flayer7,0.0553361,13.2603,-0.298994,-0.0245502,2
71986,bullet2,14.7663,2.91067,0.8,0,1
71987,flyer1,16.5,8.59888,-0.3,0,2
71987,bullet3,14.8032,2.8798,0.8,0,1
71988,player,8.11347,2.35133,0.196475,-0.134965,1
71989,flayer8,9.97231,4.90572,-0.261107,-0.147726,2
71989,flyer3,16.5,8.59888,-0.3,0,2
71989,bullet6,8.60189,2.2906,0.8,0,1
71990,bullet4,8.64167,2.26327,0.8,0,1
71992,flyer1,15,8.59888,-0.3,0,2
71992,bullet5,8.66763,2.24544,0.8,0,1
71993,player,8.27126,2.24295,0.00362552,-0.00249048,1
71993,bullet1,8.67126,2.24295,0.8,0,1
71994,flayer8,8.66678,4.16709,-0.261107,-0.147726,2
71994,flyer3,15,8.59888,-0.3,0,2
71994,bullet6,12.6019,2.2906,0.8,0,1
71995,bullet4,12.6417,2.26327,0.8,0,1
71997,flyer1,13.5,8.59888,-0.3,0,2
71997,bullet5,12.6676,2.24544,0.8,0,1
71998,player,8.27417,2.24095,6.6901e-05,-4.59563e-05,1
71998,bullet1,12.6713,2.24295,0.8,0,1
71999,flayer8,7.36124,3.42846,-0.261107,-0.147726,2
71999,flyer3,13.5,8.59888,-0.3,0,2
72000,bullet2,8.67422,2.24092,0.8,0,1
72002,flyer1,12,8.59888,-0.3,0,2
72003,player,7.78485,1.75153,-0.151874,-0.151876,1
72003,bullet3,8.18485,1.75153,0.8,0,1
72004,flayer8,6.0557,2.68983,-0.261107,-0.147726,2
72004,flyer3,12,8.59888,-0.3,0,2
72005,bullet2,12.6742,2.24092,0.8,0,1
72005,bullet6,8.08575,1.65243,0.8,0,1
72006,bullet4,8.07191,1.63859,0.8,0,1
72007,flyer1,10.5,8.59888,-0.3,0,2
72008,player,7.32538,1.96706,-0.340302,0.334697,1
72008,bullet3,12.1849,1.75153,0.8,0,1
72009,flayer8,4.75017,1.9512,-0.261107,-0.147726,2
72009,flyer3,10.5,8.59888,-0.3,0,2
72010,bullet6,12.0858,1.65243,0.8,0,1
72011,bullet4,12.0719,1.63859,0.8,0,1
72011,bullet5,7.47233,2.77367,0.8,0,1
72012,flyer1,9,8.59888,-0.3,0,2
72013,player,7.0521,2.83817,-0.00627954,0.0200157,1
72013,bullet3,16.1849,1.75153,0.8,0,1
72014,flayer8,3.44463,1.21257,-0.261107,-0.147726,2
72014,flyer3,9,8.59888,-0.3,0,2
72015,bullet6,16.0858,1.65243,0.8,0,1
72016,bullet4,16.0719,1.63859,0.8,0,1
72016,bullet5,11.4723,2.77367,0.8,0,1
72017,flyer1,7.5,8.59888,-0.3,0,2
72018,player,6.23836,3.10521,0.238286,-0.306376,1
72019,flayer8,2.13909,0.473938,-0.261107,-0.147726,2
72019,flyer3,7.5,8.59888,-0.3,0,2
72019,bullet1,6.74559,2.96735,0.8,0,1
72021,bullet5,15.4723,2.77367,0.8,0,1
72021,bullet2,6.81555,2.87739,0.8,0,1
72022,flyer1,5.99999,8.59888,-0.3,0,2
72023,player,6.76722,3.19667,0.341897,0.331847,1
72024,flayer8,0.833557,-0.264693,-0.261107,-0.147726,2
72024,flyer3,5.99999,8.59888,-0.3,0,2
72024,bullet1,10.7456,2.96735,0.8,0,1
72026,bullet2,10.8156,2.87739,0.8,0,1
72027,flyer1,4.49999,8.59888,-0.3,0,2
72028,player,6.48408,2.8747,-0.0620348,-0.0246312,1
72028,bullet3,6.88408,2.8747,0.8,0,1
72029,flyer3,4.49999,8.59888,-0.3,0,2
72029,bullet1,14.7456,2.96735,0.8,0,1
72029,bullet6,6.85616,2.86361,0.8,0,1
72031,bullet2,14.8156,2.87739,0.8,0,1
72032,flyer1,2.99999,8.59888,-0.3,0,2
72033,player,6.92363,2.85491,0.15073,-0.000454515,1
72033,bullet3,10.8841,2.8747,0.8,0,1
72034,flyer3,2.99999,8.59888,-0.3,0,2
72034,bullet6,10.8562,2.86361,0.8,0,1
72036,bullet4,6.94635,2.3652,0.8,0,1
72037,flyer1,1.49999,8.59888,-0.3,0,2
72038,player,6.11871,2.26608,-0.365473,-0.0307631,1
72038,bullet3,14.8841,2.8747,0.8,0,1
72039,flyer3,1.49999,8.59888,-0.3,0,2
72039,bullet6,14.8562,2.86361,0.8,0,1
72039,bullet5,6.35425,2.25223,0.8,0,1
72041,bullet4,10.9463,2.3652,0.8,0,1
72042,flyer1,-6.4373e-06,8.59888,-0.3,0,2
72042,bullet1,6.23195,2.73131,0.8,0,1
72043,player,5.8252,2.79909,-0.00674401,0.0677761,1
72044,flyer3,-6.4373e-06,8.59888,-0.3,0,2
72044,bullet5,10.3542,2.25223,0.8,0,1
72044,bullet2,6.22217,2.82959,0.8,0,1
72046,bullet4,14.9463,2.3652,0.8,0,1
72047,bullet1,10.2319,2.73131,0.8,0,1
72048,player,5.48229,2.51602,-0.337624,-0.336249,1
72048,flyer2,16.5,11.9619,-0.297072,-0.0418131,2
72049,bullet5,14.3542,2.25223,0.8,0,1
72049,bullet2,10.2222,2.82959,0.8,0,1
72049,bullet3,5.73036,2.36471,0.8,0,1
72052,bullet1,14.232,2.73131,0.8,0,1
72052,bullet6,5.61738,2.25219,0.8,0,1
72053,player,5.21115,2.24598,-0.00623012,-0.00620475,1
72053,flyer2,15.0146,11.7528,-0.297072,-0.0418131,2
72054,bullet2,14.2222,2.82959,0.8,0,1
72054,bullet3,9.73036,2.36471,0.8,0,1
72057,flyer6,16.5,11.9619,-0.256476,0.155628,2
72057,bullet6,9.61738,2.25219,0.8,0,1
72058,player,3.52598,3.43179,-0.196584,0.0444798,1
72058,flyer2,13.5293,11.5437,-0.297072,-0.0418131,2
72059,bullet3,13.7304,2.36471,0.8,0,1
72061,bullet4,3.7798,3.46486,0.8,0,1
72062,flyer6,15.2176,12.74,-0.256476,0.155628,2
72062,bullet6,13.6174,2.25219,0.8,0,1
72063,player,2.87873,2.97813,-0.155503,-0.151054,1
72063,flyer2,12.0439,11.3347,-0.297072,-0.0418131,2
72065,bullet5,3.17727,2.39019,0.8,0,1
72066,bullet4,7.7798,3.46486,0.8,0,1
72067,flyer6,13.9352,13.5181,-0.256476,0.155628,2
72067,bullet1,3.15672,2.27114,0.8,0,1
72068,player,2.41635,2.59201,-0.340369,0.320873,1
72068,flyer2,10.5586,11.1256,-0.297072,-0.0418131,2
72070,bullet5,7.17727,2.39019,0.8,0,1
72071,bullet4,11.7798,3.46486,0.8,0,1
72072,flyer6,12.6529,14.2963,-0.256476,0.155628,2
72072,bullet1,7.15672,2.27114,0.8,0,1
72072,bullet2,2.54929,2.84378,0.8,0,1
72073,player,2.14301,2.8497,-0.00628077,0.00592101,1
72073,flyer2,9.07321,10.9166,-0.297072,-0.0418131,2
72075,bullet5,11.1773,2.39019,0.8,0,1
72076,bullet4,15.7798,3.46486,0.8,0,1
72077,flyer6,11.3705,15.0744,-0.256476,0.155628,2
72077,bullet1,11.1567,2.27114,0.8,0,1
72077,bullet2,6.54929,2.84378,0.8,0,1
72077,bullet3,2.53808,2.85434,0.8,0,1
72078,player,2.47547,2.51695,0.337384,-0.337391,1
72078,flyer2,7.58786,10.7075,-0.297072,-0.0418131,2
72080,bullet5,15.1773,2.39019,0.8,0,1
72082,flyer6,10.0881,15.8526,-0.256476,0.155628,2
72082,bullet1,15.1567,2.27114,0.8,0,1
72082,bullet2,10.5493,2.84378,0.8,0,1
72082,bullet3,6.53808,2.85434,0.8,0,1
72083,player,2.74641,2.246,0.00622569,-0.00622581,1
72083,flyer2,6.1025,10.4984,-0.297072,-0.0418131,2
72084,bullet6,3.14922,2.2432,0.8,0,1
72087,bullet2,14.5493,2.84378,0.8,0,1
72087,bullet3,10.5381,2.85434,0.8,0,1
72087,bullet4,3.70902,2.79883,0.8,0,1
72088,player,3.33989,2.82947,0.0308696,0.0306398,1
72088,flyer2,4.61714,10.2894,-0.297072,-0.0418131,2
72089,bullet6,7.14922,2.2432,0.8,0,1
72091,bullet5,4.25222,3.34163,0.8,0,1
72092,bullet3,14.5381,2.85434,0.8,0,1
72092,bullet4,7.70902,2.79883,0.8,0,1
72093,player,4.29065,3.44255,0.368824,0.0313201,1
72093,flyer2,3.13178,10.0803,-0.297072,-0.0418131,2
72094,bullet6,11.1492,2.2432,0.8,0,1
72095,bullet1,4.93131,3.46299,0.8,0,1
72096,bullet5,8.25222,3.34163,0.8,0,1
72097,bullet4,11.709,2.79883,0.8,0,1
72098,player,4.92435,3.80521,0.344306,0.338078,1
72098,flyer2,1.64642,9.87123,-0.297072,-0.0418131,2
72099,bullet6,15.1492,2.2432,0.8,0,1
72100,bullet1,8.93131,3.46299,0.8,0,1
72101,bullet5,12.2522,3.34163,0.8,0,1
72101,bullet2,5.58038,4.05661,0.8,0,1
72102,bullet4,15.709,2.79883,0.8,0,1
72103,player,5.20085,4.07671,0.00635341,0.00623849,1
72103,flyer2,0.161058,9.66217,-0.297072,-0.0418131,2
72105,bullet1,12.9313,3.46299,0.8,0,1
72106,flyer4,16.5,11.9619,-0.274661,-0.120671,2
72106,bullet5,16.2522,3.34163,0.8,0,1
72106,bullet2,9.58038,4.05661,0.8,0,1
72107,flyer5,16.5,11.9619,-0.3,0,2
72107,bullet3,6.19431,4.1807,0.8,0,1
72108,player,5.80826,4.12631,0.0139568,-0.054389,1
72110,bullet6,6.21737,4.09083,0.8,0,1
72111,flyer4,15.1267,11.3585,-0.274661,-0.120671,2
72111,bullet2,13.5804,4.05661,0.8,0,1
72111,bullet4,6.21864,4.08587,0.8,0,1
72112,flyer5,15,11.9619,-0.3,0,2
72112,bullet3,10.1943,4.1807,0.8,0,1
72113,player,5.81947,4.08264,0.000257543,-0.00100363,1
72115,bullet6,10.2174,4.09083,0.8,0,1
72116,flyer4,13.7534,10.7552,-0.274661,-0.120671,2
72116,bullet4,10.2186,4.08587,0.8,0,1
72116,bullet5,6.21966,4.08189,0.8,0,1
72117,flyer5,13.5,11.9619,-0.3,0,2
72117,bullet3,14.1943,4.1807,0.8,0,1
72118,player,5.81968,4.08183,4.75239e-06,-1.85198e-05,1
72120,bullet6,14.2174,4.09083,0.8,0,1
72120,bullet1,6.21968,4.08182,0.8,0,1
72121,flyer4,12.3801,10.1518,-0.274661,-0.120671,2
72121,bullet4,14.2186,4.08587,0.8,0,1
72121,bullet5,10.2197,4.08189,0.8,0,1
72122,flyer5,12,11.9619,-0.3,0,2
72123,player,6.15718,4.30203,0.3375,-0.269157,1
72125,bullet1,10.2197,4.08182,0.8,0,1
72126,flyer4,11.0068,9.54845,-0.274661,-0.120671,2
72126,bullet5,14.2197,4.08189,0.8,0,1
72126,bullet2,6.80816,4.6596,0.8,0,1
72127,flyer5,10.5,11.9619,-0.3,0,2
72127,bullet3,6.822,4.67932,0.8,0,1
72128,player,6.42822,4.68819,0.00622783,0.00887291,1
72130,bullet1,14.2197,4.08182,0.8,0,1
72131,flyer4,9.63347,8.9451,-0.274661,-0.120671,2
72131,bullet2,10.8082,4.6596,0.8,0,1
72132,flyer5,9,11.9619,-0.3,0,2
72132,bullet3,10.822,4.67932,0.8,0,1
72133,player,6.40247,5.03282,0.037704,0.337664,1
72136,flyer4,8.26017,8.34174,-0.274661,-0.120671,2
72136,bullet2,14.8082,4.6596,0.8,0,1
72136,bullet6,7.38823,5.28391,0.8,0,1
72137,flyer5,7.5,11.9619,-0.3,0,2
72137,bullet3,14.822,4.67932,0.8,0,1
72137,bullet4,7.42053,5.29776,0.8,0,1
72138,player,7.03506,5.30399,0.0145354,0.00623085,1
72141,flyer4,6.88687,7.73838,-0.274661,-0.120671,2
72141,bullet6,11.3882,5.28391,0.8,0,1
72141,bullet5,6.88815,4.7509,0.8,0,1
72142,flyer5,5.99999,11.9619,-0.3,0,2
72142,bullet4,11.4205,5.29776,0.8,0,1
72143,player,6.44442,4.70668,-0.0135714,-0.0137246,1
72143,bullet1,6.84442,4.70668,0.8,0,1
72146,flyer4,5.51356,7.13503,-0.274661,-0.120671,2
72146,bullet6,15.3882,5.28391,0.8,0,1
72146,bullet5,10.8882,4.7509,0.8,0,1
72147,flyer5,4.49999,11.9619,-0.3,0,2
72147,bullet4,15.4205,5.29776,0.8,0,1
72148,player,6.43352,4.69566,-0.00025043,-0.000253258,1
72148,bullet1,10.8444,4.70668,0.8,0,1
72150,bullet2,6.83336,4.69549,0.8,0,1
72151,flyer4,4.14026,6.53168,-0.274661,-0.120671,2
72151,bullet5,14.8882,4.7509,0.8,0,1
72152,flyer5,2.99999,11.9619,-0.3,0,2
72152,bullet3,6.83333,4.69546,0.8,0,1
72153,player,6.09582,5.03295,-0.337505,0.337495,1
72153,bullet1,14.8444,4.70668,0.8,0,1
72155,bullet2,10.8334,4.69549,0.8,0,1
72156,flyer4,2.76696,5.92832,-0.274661,-0.120671,2
72157,flyer5,1.49999,11.9619,-0.3,0,2
72157,bullet3,10.8333,4.69546,0.8,0,1
72158,player,6.31415,5.79336,0.145647,0.158103,1
72160,bullet2,14.8334,4.69549,0.8,0,1
72160,bullet6,6.80919,5.40715,0.8,0,1
72161,flyer4,1.39365,5.32497,-0.274661,-0.120671,2
72162,flyer5,-6.4373e-06,11.9619,-0.3,0,2
72162,bullet3,14.8333,4.69546,0.8,0,1
72163,player,6.43112,6.1449,0.0026876,0.478453,1
72164,flayer7,16.5,11.9619,-0.290785,-0.0737833,2
72165,flayer8,16.5,14.9098,-0.3,0,2
72165,bullet6,10.8092,5.40715,0.8,0,1
72165,bullet4,6.83287,6.45709,0.8,0,1
72166,flyer4,0.0203505,4.72161,-0.274661,-0.120671,2
72167,bullet5,6.83322,6.5203,0.8,0,1
72168,player,6.43327,6.52913,4.95938e-05,0.0088288,1
72169,flayer7,15.0461,11.593,-0.290785,-0.0737833,2
72170,flayer8,15,14.9098,-0.3,0,2
72170,bullet6,14.8092,5.40715,0.8,0,1
72170,bullet4,10.8329,6.45709,0.8,0,1
72172,bullet5,10.8332,6.5203,0.8,0,1
72173,player,7.17366,5.68294,-0.154869,0.293069,1
72174,flayer7,13.5922,11.224,-0.290785,-0.0737833,2
72175,flayer8,13.5,14.9098,-0.3,0,2
72175,bullet4,14.8329,6.45709,0.8,0,1
72176,bullet1,7.4585,5.90087,0.8,0,1
72177,bullet5,14.8332,6.5203,0.8,0,1
72178,player,7.04929,5.9183,-0.00285778,0.00540794,1
72178,bullet2,7.44929,5.9183,0.8,0,1
72179,flayer7,12.1382,10.8551,-0.290785,-0.0737833,2
72180,flayer8,12,14.9098,-0.3,0,2
72181,bullet1,11.4585,5.90087,0.8,0,1
72181,bullet3,8.00488,5.92232,0.8,0,1
72183,player,8.13868,5.43327,0.165662,-0.151775,1
72183,bullet2,11.4493,5.9183,0.8,0,1
72184,flayer7,10.6843,10.4862,-0.290785,-0.0737833,2
72184,bullet6,8.61323,5.36497,0.8,0,1
72185,flayer8,10.5,14.9098,-0.3,0,2
72186,bullet1,15.4585,5.90087,0.8,0,1
72186,bullet3,12.0049,5.92232,0.8,0,1
72188,player,7.714,4.75366,-0.0652868,-0.0711444,1
72188,bullet2,15.4493,5.9183,0.8,0,1
72189,flayer7,9.23038,10.1173,-0.290785,-0.0737833,2
72189,bullet6,12.6132,5.36497,0.8,0,1
72190,flayer8,9,14.9098,-0.3,0,2
72191,bullet3,16.0049,5.92232,0.8,0,1
72192,flyer1,16.5,14.9098,-0.29958,0.0158784,2
72192,bullet4,9.14062,5.28631,0.8,0,1
72193,player,8.8216,5.29884,0.0809786,0.0125268,1
72194,flayer7,7.77645,9.74839,-0.290785,-0.0737833,2
72195,flayer8,7.5,14.9098,-0.3,0,2
72197,flyer1,15.0021,14.9892,-0.29958,0.0158784,2
72197,bullet4,13.1406,5.28631,0.8,0,1
72198,player,9.19338,5.27815,0.376583,0.0378202,1
72199,flayer7,6.32253,9.37947,-0.290785,-0.0737833,2
72200,flayer8,5.99999,14.9098,-0.3,0,2
72202,flyer1,13.5042,15.0686,-0.29958,0.0158784,2
72202,flyer3,16.5,10.9413,-0.3,0,2
72203,player,11.1452,4.26143,0.241007,-0.219521,1
72204,flayer7,4.8686,9.01056,-0.290785,-0.0737833,2
72205,flayer8,4.49999,14.9098,-0.3,0,2
72205,bullet5,11.2131,4.60756,0.8,0,1
72207,flyer1,12.0063,15.148,-0.29958,0.0158784,2
72207,flyer3,15,10.9413,-0.3,0,2
72207,bullet1,11.1458,4.67766,0.8,0,1
72208,player,10.7365,4.68745,-0.00939235,0.00978883,1
72209,flayer7,3.41467,8.64165,-0.290785,-0.0737833,2
72209,bullet2,11.1322,4.69185,0.8,0,1
72210,flayer8,2.99999,14.9098,-0.3,0,2
72210,bullet5,15.2131,4.60756,0.8,0,1
72212,flyer1,10.5084,15.2274,-0.29958,0.0158784,2
72212,flyer3,13.5,10.9413,-0.3,0,2
72212,bullet1,15.1458,4.67766,0.8,0,1
72212,bullet3,11.1291,4.20575,0.8,0,1
72213,player,10.7289,4.13759,-0.000173315,-0.0681631,1
72214,flayer7,1.96075,8.27273,-0.290785,-0.0737833,2
72214,bullet2,15.1322,4.69185,0.8,0,1
72214,bullet6,11.1288,4.10691,0.8,0,1
72215,flayer8,1.49999,14.9098,-0.3,0,2
72217,flyer1,9.01051,15.3068,-0.29958,0.0158784,2
72217,flyer3,12,10.9413,-0.3,0,2
72217,bullet3,15.1291,4.20575,0.8,0,1
72217,bullet4,10.5711,4.0841,0.8,0,1
72218,player,10.4778,3.74534,0.306742,-0.338758,1
72219,flayer7,0.506822,7.90382,-0.290785,-0.0737833,2
72219,bullet6,15.1288,4.10691,0.8,0,1
72220,flayer8,-6.4373e-06,14.9098,-0.3,0,2
72220,bullet5,10.278,3.5243,-0.8,-6.99382e-08,1
72222,flyer1,7.51261,15.3862,-0.29958,0.0158784,2
72222,flyer3,10.5,10.9413,-0.3,0,2
72222,bullet4,14.5711,4.0841,0.8,0,1
72223,player,11.6194,4.36851,0.411504,0.399593,1
72225,flyer6,16.5,10.9413,-0.264306,0.141923,2
72225,bullet5,6.27795,3.5243,-0.8,-6.99382e-08,1
72227,flyer1,6.01471,15.4656,-0.29958,0.0158784,2
72227,flyer3,9,10.9413,-0.3,0,2
72227,bullet1,12.3422,5.23976,0.8,0,1
72228,player,11.9498,5.27789,0.00759341,0.0381283,1
72228,bullet2,12.3498,5.27789,0.8,0,1
72230,flyer6,15.1785,11.6509,-0.264306,0.141923,2
72230,bullet5,2.27795,3.5243,-0.8,-6.99382e-08,1
72230,bullet3,12.3548,5.30277,0.8,0,1
72232,flyer1,4.51682,15.5449,-0.29958,0.0158784,2
72232,flyer3,7.5,10.9413,-0.3,0,2
72232,bullet1,16.3422,5.23976,0.8,0,1
72233,player,11.9559,5.30852,0.00014012,0.000703574,1
72233,bullet2,16.3498,5.27789,0.8,0,1
72233,bullet6,12.3559,5.30852,0.8,0,1
72235,flyer6,13.8569,12.3606,-0.264306,0.141923,2
72235,bullet3,16.3548,5.30277,0.8,0,1
72237,flyer1,3.01892,15.6243,-0.29958,0.0158784,2
72237,flyer3,5.99999,10.9413,-0.3,0,2
72238,player,12.1763,5.8668,-0.269154,0.0683567,1
72238,bullet6,16.3559,5.30852,0.8,0,1
72239,flyer2,16.5,10.9413,-0.28637,-0.0893988,2
72240,flyer6,12.5354,13.0702,-0.264306,0.141923,2
72240,bullet4,12.4006,5.9114,0.8,0,1
72242,flyer1,1.52102,15.7037,-0.29958,0.0158784,2
72242,flyer3,4.49999,10.9413,-0.3,0,2
72243,player,12.5178,6.2592,0.0633771,0.338761,1
72244,flyer2,15.0681,10.4943,-0.28637,-0.0893988,2
72245,flyer6,11.2139,13.7798,-0.264306,0.141923,2
72246,bullet1,12.4072,7.06883,0.8,0,1
72247,flyer1,0.0231217,15.7831,-0.29958,0.0158784,2
72247,flyer3,2.99999,10.9413,-0.3,0,2
72247,bullet5,12.3791,7.11347,0.8,0,1
72248,player,11.9664,7.13356,-0.0126701,0.0200907,1
72249,flyer2,13.6363,10.0473,-0.28637,-0.0893988,2
72250,flyer6,9.89235,14.4894,-0.264306,0.141923,2
72251,bullet2,12.357,7.1485,0.8,0,1
72252,flyer3,1.49999,10.9413,-0.3,0,2
72252,bullet5,16.3791,7.11347,0.8,0,1
72252,bullet3,12.3565,7.14933,0.8,0,1
72253,player,11.9562,7.1497,-0.000233799,0.00037073,1
72254,flyer2,12.2044,9.60035,-0.28637,-0.0893988,2
72254,bullet6,12.3561,7.14986,0.8,0,1
72255,flyer6,8.57082,15.199,-0.264306,0.141923,2
72256,bullet2,16.357,7.1485,0.8,0,1
72256,bullet4,12.3561,7.14997,0.8,0,1
72257,flyer3,-6.4373e-06,10.9413,-0.3,0,2
72257,bullet3,16.3565,7.14933,0.8,0,1
72258,player,12.4454,6.66062,0.151871,-0.151868,1
72259,flyer2,10.7726,9.15335,-0.28637,-0.0893988,2
72259,bullet6,16.3561,7.14986,0.8,0,1
72260,flyer6,7.24929,15.9086,-0.264306,0.141923,2
72260,flyer5,16.5,10.9413,-0.288914,0.0808019,2
72260,bullet1,12.4551,6.56152,0.8,0,1
72261,bullet4,16.3561,7.14997,0.8,0,1
72263,player,11.4757,6.53865,-0.162912,-0.00280239,1
72264,flyer2,9.34074,8.70636,-0.28637,-0.0893988,2
72265,flyer5,15.0554,11.3453,-0.288914,0.0808019,2
72265,flyer4,16.5,12.6667,-0.217586,-0.206534,2
72265,flayer8,16.5,12.9117,-0.3,0,2
72268,player,12.2401,6.28543,0.402838,0.306694,1
72269,flyer2,7.90889,8.25937,-0.28637,-0.0893988,2
72270,flyer5,13.6109,11.7493,-0.288914,0.0808019,2
72270,flyer4,15.4121,11.634,-0.217586,-0.206534,2
72270,flayer8,15,12.9117,-0.3,0,2
72272,bullet5,13.5139,6.52607,0.8,0,1
72273,player,12.8146,6.53173,-0.299312,0.00565936,1
72274,flyer2,6.47704,7.81238,-0.28637,-0.0893988,2
72275,flyer5,12.1663,12.1534,-0.288914,0.0808019,2
72275,flyer4,14.3241,10.6014,-0.217586,-0.206534,2
72275,flayer8,13.5,12.9117,-0.3,0,2
72276,bullet2,12.5026,7.02532,0.8,0,1
72278,player,11.9857,7.12475,-0.0362778,0.0308591,1
72278,bullet3,12.3857,7.12475,0.8,0,1
72279,flyer2,5.04519,7.36538,-0.28637,-0.0893988,2
72280,flyer5,10.7217,12.5574,-0.288914,0.0808019,2
72280,flyer4,13.2362,9.56869,-0.217586,-0.206534,2
72280,flayer8,12,12.9117,-0.3,0,2
72282,bullet6,11.7688,7.24806,0.8,0,1
72283,player,11.3543,7.19413,-0.014509,-0.0539347,1
72283,bullet3,16.3857,7.12475,0.8,0,1
72284,flyer2,3.61334,6.91839,-0.28637,-0.0893988,2
72285,flyer5,9.27716,12.9614,-0.288914,0.0808019,2
72285,flyer4,12.1483,8.53602,-0.217586,-0.206534,2
72285,flayer8,10.5,12.9117,-0.3,0,2
