213701,player,2.89017,3.5638,0,0,1
213701,bullet1,3.29017,3.5638,0.8,0,1
213703,bullet2,3.29017,3.5638,0.8,0,1
213706,player,2.89017,3.5638,0,0,1
213706,bullet1,7.29017,3.5638,0.8,0,1
213708,bullet2,7.29017,3.5638,0.8,0,1
213708,bullet3,3.29017,3.5638,0.8,0,1
213711,player,2.55267,3.2263,-0.3375,-0.3375,1
213711,bullet1,11.2902,3.5638,0.8,0,1
213713,bullet2,11.2902,3.5638,0.8,0,1
213713,bullet3,7.29017,3.5638,0.8,0,1
213714,bullet4,2.7017,3.53305,0.8,0,1
213716,player,2.28163,3.55758,-0.00622782,0.00761179,1
213716,bullet1,15.2902,3.5638,0.8,0,1
213718,bullet2,15.2902,3.5638,0.8,0,1
213718,bullet3,11.2902,3.5638,0.8,0,1
213718,bullet5,2.67757,3.56254,0.8,0,1
213719,bullet4,6.7017,3.53305,0.8,0,1
213721,player,2.27663,3.56369,-0.000114921,0.000140459,1
213721,bullet6,2.67663,3.56369,0.8,0,1
213723,bullet3,15.2902,3.5638,0.8,0,1
213723,bullet5,6.67757,3.56254,0.8,0,1
213724,bullet4,10.7017,3.53305,0.8,0,1
213726,player,1.67423,4.72383,-0.0138417,0.0821859,1
213726,bullet6,6.67663,3.56369,0.8,0,1
213726,bullet1,2.07423,4.72383,0.8,0,1
213728,bullet5,10.6776,3.56254,0.8,0,1
213729,bullet4,14.7017,3.53305,0.8,0,1
213731,player,2.58908,4.45234,0.367999,-0.335983,1
213731,bullet6,10.6766,3.56369,0.8,0,1
213731,bullet1,6.07423,4.72383,0.8,0,1
213732,flyer1,16.5,2.07293,-0.295979,0.0489564,2
213733,bullet5,14.6776,3.56254,0.8,0,1
213736,player,1.80677,3.84501,-0.175839,-0.3437,1
213736,flyer2,16.5,2.07293,-0.233602,-0.188229,2
213736,bullet6,14.6766,3.56369,0.8,0,1
213736,bullet1,10.0742,4.72383,0.8,0,1
213737,flyer1,15.0201,2.31771,-0.295979,0.0489564,2
213739,flyer3,16.5,2.07293,-0.286155,0.0900857,2
213740,bullet2,2.0688,3.57534,0.8,0,1
213741,player,1.66555,3.56899,-0.00324473,-0.00634223,1
213741,flyer2,15.332,1.13178,-0.233602,-0.188229,2
213741,bullet1,14.0742,4.72383,0.8,0,1
213742,flyer1,13.5402,2.56249,-0.295979,0.0489564,2
213742,bullet3,2.06409,3.56614,0.8,0,1
213743,bullet4,2.06344,3.56486,0.8,0,1
213744,flyer3,15.0692,2.52336,-0.286155,0.0900857,2
213745,bullet2,6.0688,3.57534,0.8,0,1
213746,player,1.66295,3.07453,-5.98743e-05,-0.151992,1
213746,flyer2,14.164,0.19064,-0.233602,-0.188229,2
213746,bullet5,2.06295,3.07453,0.8,0,1
213747,flyer1,12.0603,2.80727,-0.295979,0.0489564,2
213747,bullet3,6.06409,3.56614,0.8,0,1
213748,bullet4,6.06344,3.56486,0.8,0,1
213749,flyer3,13.6385,2.97378,-0.286155,0.0900857,2
213750,bullet2,10.0688,3.57534,0.8,0,1
213751,player,1.6629,2.95246,-1.10485e-06,-0.00280468,1
213751,bullet5,6.06295,3.07453,0.8,0,1
213752,flyer1,10.5804,3.05205,-0.295979,0.0489564,0
213753,bullet4,10.0634,3.56486,0.8,0,1
213753,bullet6,2.0629,2.95063,0.8,0,1
213754,flyer3,12.2077,3.42421,-0.286155,0.0900857,2
213756,player,2.15227,2.95021,0.151875,-5.17542e-05,1
213756,bullet5,10.0629,3.07453,0.8,0,1
213756,bullet1,2.55227,2.95021,0.8,0,1
213758,bullet6,6.0629,2.95063,0.8,0,1
213758,bullet2,2.65137,2.95018,0.8,0,1
213761,player,1.78487,3.43954,-0.149072,0.151874,1
213761,bullet1,6.55228,2.95021,0.8,0,1
213763,flyer4,16.5,10.383,-0.3,0,2
213763,bullet6,10.0629,2.95063,0.8,0,1
213763,bullet2,6.65137,2.95018,0.8,0,1
213763,bullet3,2.57697,3.53864,0.8,0,1
213766,player,2.26746,4.38839,0.0110888,0.492178,1
213766,bullet1,10.5523,2.95021,0.8,0,1
213768,flyer4,15,10.383,-0.3,0,2
213768,bullet6,14.0629,2.95063,0.8,0,1
213768,bullet2,10.6514,2.95018,0.8,0,1
213768,bullet3,6.57697,3.53864,0.8,0,1
213771,player,1.78699,5.34137,-0.15167,0.0774258,1
213771,bullet1,14.5523,2.95021,0.8,0,1
213772,bullet4,2.11874,5.37621,0.8,0,1
213773,flyer4,13.5,10.383,-0.3,0,2
213773,bullet2,14.6514,2.95018,0.8,0,1
213773,bullet3,10.577,3.53864,0.8,0,1
213776,player,2.25366,5.50264,0.0279559,-0.119692,1
213776,flyer5,16.5,2.07293,-0.270905,-0.128882,2
213777,bullet4,6.11874,5.37621,0.8,0,1
213777,bullet5,2.66624,5.44878,0.8,0,1
213778,flyer4,12,10.383,-0.3,0,2
213778,bullet3,14.577,3.53864,0.8,0,1
213778,bullet6,2.67191,5.42454,0.8,0,1
213781,player,2.42799,4.91715,-0.185109,-0.154084,1
213781,flyer5,15.1455,1.42852,-0.270905,-0.128882,2
213782,bullet4,10.1187,5.37621,0.8,0,1
213782,bullet5,6.66624,5.44878,0.8,0,1
213783,flyer4,10.5,10.383,-0.3,0,2
213783,bullet6,6.67191,5.42454,0.8,0,1
213786,player,1.23224,4.7934,-0.223635,-0.00284328,1
213786,flyer5,13.791,0.784104,-0.270905,-0.128882,2
213787,bullet4,14.1187,5.37621,0.8,0,1
213787,bullet5,10.6662,5.44878,0.8,0,1
213788,flyer4,9,10.383,-0.3,0,2
213788,bullet6,10.6719,5.42454,0.8,0,1
213791,player,0.4,5.26666,0,0.168738,1
213791,flyer5,12.4364,0.139693,-0.270905,-0.128882,2
213792,bullet5,14.6662,5.44878,0.8,0,1
213793,flyer4,7.5,10.383,-0.3,0,2
213793,bullet6,14.6719,5.42454,0.8,0,1
213794,bullet1,0.8,4.83442,0.8,0,1
213795,bullet2,0.8,4.81058,0.8,0,1
213796,player,0.4,4.79985,0,-0.0107259,1
213797,flyer6,16.5,4.39336,-0.244471,0.173878,2
213798,flyer4,5.99999,10.383,-0.3,0,2
213798,bullet3,0.8,4.79285,0.8,0,1
213799,bullet1,4.8,4.83442,0.8,0,1
213800,bullet2,4.8,4.81058,0.8,0,1
213801,player,0.4,4.79124,0,-0.000197924,1
213801,bullet4,0.8,4.79124,0.8,0,1
213802,flyer6,15.2776,5.26275,-0.244471,0.173878,2
213803,flyer4,4.49999,10.383,-0.3,0,2
213803,bullet3,4.8,4.79285,0.8,0,1
213804,bullet1,8.8,4.83442,0.8,0,1
213805,bullet2,8.8,4.81058,0.8,0,1
213806,player,0.4,4.74649,0,0.0545005,1
213806,bullet4,4.8,4.79124,0.8,0,1
213807,flyer6,14.0553,6.13214,-0.244471,0.173878,2
213808,flyer4,2.99999,10.383,-0.3,0,2
213808,bullet3,8.8,4.79285,0.8,0,1
213809,bullet1,12.8,4.83442,0.8,0,1
213810,bullet2,12.8,4.81058,0.8,0,1
213811,player,0.957719,4.23253,0.0683438,-0.0673381,1
213811,bullet4,8.8,4.79124,0.8,0,1
213812,flyer6,12.8329,7.00154,-0.244471,0.173878,2
213813,flyer4,1.49999,10.383,-0.3,0,2
213813,bullet3,12.8,4.79285,0.8,0,1
213816,player,1.0126,3.68908,0.00126113,-0.153118,1
213816,bullet4,12.8,4.79124,0.8,0,1
213816,bullet5,1.4126,3.68908,0.8,0,1
213817,flyer6,11.6106,7.87093,-0.244471,0.173878,2
213818,flyer4,-6.4373e-06,10.383,-0.3,0,2
213820,flayer7,16.5,10.0297,-0.219673,0.204313,2
213821,player,1.57134,4.71231,0.068367,0.096273,1
213821,flayer8,16.5,3.55174,-0.264865,0.140878,2
213821,bullet5,5.4126,3.68908,0.8,0,1
213822,flyer6,10.3882,8.74032,-0.244471,0.173878,2
213822,bullet6,2.0021,4.75563,0.8,0,1
213823,bullet1,2.01595,4.77513,0.8,0,1
213825,flayer7,15.4016,11.0513,-0.219673,0.204313,2
213825,bullet2,2.02498,4.78785,0.8,0,1
213826,player,1.28874,5.12713,-0.336238,0.339276,1
213826,flayer8,15.1757,4.25613,-0.264865,0.140878,2
213826,bullet5,9.41261,3.68908,0.8,0,1
213827,flyer6,9.16586,9.60972,-0.244471,0.173878,2
213827,bullet6,6.0021,4.75563,0.8,0,1
213828,bullet1,6.01595,4.77513,0.8,0,1
213830,flayer7,14.3033,12.0728,-0.219673,0.204313,2
213830,bullet2,6.02498,4.78785,0.8,0,1
213831,player,1.01871,5.39959,-0.00620454,0.00626061,1
213831,flayer8,13.8514,4.96052,-0.264865,0.140878,2
213831,bullet5,13.4126,3.68908,0.8,0,1
213832,flyer6,7.9435,10.4791,-0.244471,0.173878,2
213832,bullet6,10.0021,4.75563,0.8,0,1
213833,bullet1,10.0159,4.77513,0.8,0,1
213835,flayer7,13.2049,13.0944,-0.219673,0.204313,2
213835,bullet2,10.025,4.78785,0.8,0,1
213835,bullet3,1.41385,5.4045,0.8,0,1
213836,player,1.35123,5.40462,0.337386,0.000115526,1
213836,flayer8,12.527,5.66491,-0.264865,0.140878,0
213837,flyer6,6.72114,11.3485,-0.244471,0.173878,2
213839,bullet4,1.51274,5.40471,0.8,0,1
213840,flayer7,12.1065,14.116,-0.219673,0.204313,2
213840,bullet2,14.025,4.78785,0.8,0,1
213840,bullet3,5.41385,5.4045,0.8,0,1
213841,player,0.696206,5.40471,-0.362029,2.13178e-06,1
213842,flyer6,5.49878,12.2179,-0.244471,0.173878,2
213844,bullet4,5.51274,5.40471,0.8,0,1
213845,flayer7,11.0082,15.1375,-0.219673,0.204313,2
213845,bullet3,9.41385,5.4045,0.8,0,1
213846,player,0.4,4.847,0,-0.0683437,1
213846,bullet5,0.8,4.847,0.8,0,1
213847,flyer6,4.27642,13.0873,-0.244471,0.173878,2
213849,bullet4,9.51274,5.40471,0.8,0,1
213850,flayer7,9.90981,16.1591,-0.219673,0.204313,2
213850,bullet3,13.4138,5.4045,0.8,0,1
213850,bullet6,0.8,4.79337,0.8,0,1
213851,player,0.4,4.79211,0,-0.00126113,1
213851,bullet5,4.8,4.847,0.8,0,1
213852,flyer6,3.05407,13.9567,-0.244471,0.173878,2
213854,bullet4,13.5127,5.40471,0.8,0,1
213855,bullet6,4.8,4.79337,0.8,0,1
213856,player,0.4,5.34882,0,0.0683205,1
213856,bullet5,8.8,4.847,0.8,0,1
213857,flyer6,1.83171,14.8261,-0.244471,0.173878,2
213857,bullet1,0.8,5.37956,0.8,0,1
213858,bullet2,0.8,5.3934,0.8,0,1
213860,bullet6,8.8,4.79337,0.8,0,1
213861,player,0.4,5.40368,0,0.0012607,1
213861,bullet5,12.8,4.847,0.8,0,1
213862,flyer6,0.609352,15.6955,-0.244471,0.173878,2
213862,bullet1,4.8,5.37956,0.8,0,1
213863,bullet2,4.8,5.3934,0.8,0,1
213865,bullet6,12.8,4.79337,0.8,0,1
213866,player,0.988474,4.81622,0.0307547,-0.0307314,1
213867,flyer2,16.5,3.55174,-0.299998,-0.0011072,2
213867,bullet1,8.8,5.37956,0.8,0,1
213867,bullet3,1.40231,4.80239,0.8,0,1
213868,bullet2,8.8,5.3934,0.8,0,1
213871,player,1.01317,4.30217,0.00056751,-0.152442,1
213872,flyer2,15,3.5462,-0.299998,-0.0011072,2
213872,bullet1,12.8,5.37956,0.8,0,1
213872,bullet3,5.40231,4.80239,0.8,0,1
213872,bullet4,1.41343,4.23357,0.8,0,1
213873,bullet2,12.8,5.3934,0.8,0,1
213876,player,1.01363,4.17974,1.04722e-05,-0.00281299,1
213877,flyer2,13.5,3.54066,-0.299998,-0.0011072,2
213877,bullet3,9.40231,4.80239,0.8,0,1
213877,bullet4,5.41343,4.23357,0.8,0,1
213877,bullet5,1.41363,4.17848,0.8,0,1
213881,player,0.914538,4.27658,0.12112,-0.121172,1
213882,flyer2,12,3.53513,-0.299998,-0.0011072,2
213882,bullet3,13.4023,4.80239,0.8,0,1
213882,bullet4,9.41343,4.23357,0.8,0,1
213882,bullet5,5.41363,4.17848,0.8,0,1
213882,bullet6,1.36904,4.22205,0.8,0,1
213886,player,1.01181,4.24761,0.00223501,-0.0857672,1
213887,flyer2,10.5,3.52959,-0.299998,-0.0011072,1
213887,bullet5,9.41363,4.17848,0.8,0,1
213887,bullet6,5.36904,4.22205,0.8,0,1
213887,bullet1,1.41281,4.20902,0.8,0,1
213888,bullet2,1.41327,4.19165,0.8,0,1
213890,bullet4,1.41356,4.18032,0.8,0,1
213891,player,1.0136,4.17873,4.12423e-05,-0.00158265,1
213892,bullet6,9.36904,4.22205,0.8,0,1
213892,bullet1,5.41281,4.20902,0.8,0,1
213893,bullet2,5.41327,4.19165,0.8,0,1
213895,bullet4,5.41356,4.18032,0.8,0,1
213896,player,1.01364,3.58899,7.61036e-07,-0.0307839,1
213897,bullet6,13.369,4.22205,0.8,0,1
213897,bullet1,9.41281,4.20902,0.8,0,1
213898,bullet2,9.41327,4.19165,0.8,0,1
213900,bullet4,9.41356,4.18032,0.8,0,1
213901,player,1.50301,3.0303,0.151875,-0.0979389,1
213901,flyer1,16.5,3.55174,-0.3,0,2
213902,bullet1,13.4128,4.20902,0.8,0,1
213902,bullet3,1.97136,2.98623,0.8,0,1
213903,bullet2,13.4133,4.19165,0.8,0,1
213905,bullet4,13.4136,4.18032,0.8,0,1
213905,bullet5,2.51155,2.95345,0.8,0,1
213906,player,2.1827,2.95165,0.0711463,-0.00180725,1
213907,bullet3,5.97136,2.98623,0.8,0,1
213908,bullet6,2.62912,2.95047,0.8,0,1
213910,bullet5,6.51155,2.95345,0.8,0,1
213911,player,1.68212,2.05498,-0.0670309,-0.405877,1
213912,flyer3,16.5,3.55174,-0.274432,-0.12119,2
213912,bullet3,9.97136,2.98623,0.8,0,1
213913,bullet6,6.62912,2.95047,0.8,0,1
213915,bullet5,10.5116,2.95345,0.8,0,1
213916,player,2.186,1.43612,0.0671068,-0.399494,1
213917,flyer3,15.1278,2.94578,-0.274432,-0.12119,2
213917,bullet3,13.9714,2.98623,0.8,0,1
213918,bullet6,10.6291,2.95047,0.8,0,1
213918,bullet1,2.62979,1.17545,0.8,0,1
213919,bullet2,2.63591,1.13904,0.8,0,1
213921,player,2.23989,1.11529,0.00123831,-0.00737178,1
213921,bullet4,2.63989,1.11529,0.8,0,1
213923,bullet6,14.6291,2.95047,0.8,0,1
213923,bullet1,6.62979,1.17545,0.8,0,1
213924,bullet2,6.63591,1.13904,0.8,0,1
213926,player,2.24089,1.10937,2.28503e-05,-0.00013603,1
213926,flyer5,16.5,3.55174,-0.3,0,2
213926,bullet4,6.6399,1.11529,0.8,0,1
213926,bullet3,2.64089,1.10937,0.8,0,1
213928,bullet1,10.6298,1.17545,0.8,0,1
213929,bullet2,10.6359,1.13904,0.8,0,1
213931,player,2.82938,2.03523,0.0307551,0.368252,1
213931,flyer5,15,3.55174,-0.3,0,2
213931,bullet4,10.6399,1.11529,0.8,0,1
213931,bullet3,6.64089,1.10937,0.8,0,1
213933,bullet1,14.6298,1.17545,0.8,0,1
213934,bullet2,14.6359,1.13904,0.8,0,1
213936,player,2.85408,1.99347,0.000567518,-0.330705,1
213936,flyer5,13.5,3.55174,-0.3,0,2
213936,bullet4,14.6399,1.11529,0.8,0,1
213936,bullet3,10.6409,1.10937,0.8,0,1
213937,flyer4,16.5,6.81172,-0.222048,0.201729,2
213938,bullet5,3.25445,1.77769,0.8,0,1
213941,player,3.41226,2.28561,0.0683542,0.0622413,1
213941,flyer5,12,3.55174,-0.3,0,2
213941,bullet3,14.6409,1.10937,0.8,0,1
213942,flyer4,15.3898,7.82036,-0.222048,0.201729,2
213943,bullet5,7.25445,1.77769,0.8,0,1
213943,bullet6,3.85686,2.32622,0.8,0,1
213945,bullet1,3.86589,2.33444,0.8,0,1
213946,player,3.46715,2.33559,0.00126133,0.00114853,1
213946,flyer5,10.5,3.55174,-0.3,0,2
213947,flyer4,14.2795,8.82901,-0.222048,0.201729,2
213948,bullet5,11.2545,1.77769,0.8,0,1
213948,bullet6,7.85686,2.32622,0.8,0,1
213950,bullet1,7.86589,2.33444,0.8,0,1
213950,bullet2,3.31042,2.33649,0.8,0,1
213951,player,2.87969,2.33651,-0.0307314,2.11936e-05,1
213951,flyer5,9,3.55174,-0.3,0,2
213952,flyer4,13.1693,9.83765,-0.222048,0.201729,2
213953,bullet5,15.2545,1.77769,0.8,0,1
213953,bullet6,11.8569,2.32622,0.8,0,1
213955,bullet1,11.8659,2.33444,0.8,0,1
213955,bullet2,7.31042,2.33649,0.8,0,1
213956,player,1.17485,2.32269,-0.197036,0.0169155,1
213956,flyer5,7.5,3.55174,-0.3,0,2
213957,flyer4,12.059,10.8463,-0.222048,0.201729,2
213958,bullet6,15.8569,2.32622,0.8,0,1
213958,bullet4,1.93566,2.8231,0.8,0,1
213960,bullet1,15.8659,2.33444,0.8,0,1
213960,bullet2,11.3104,2.33649,0.8,0,1
213960,bullet3,2.00872,2.92444,0.8,0,1
213961,player,1.28142,3.27609,-0.327296,0.351652,1
213961,flyer5,5.99999,3.55174,-0.3,0,2
213962,flyer4,10.9488,11.8549,-0.222048,0.201729,2
213965,bullet2,15.3104,2.33649,0.8,0,1
213966,player,1.5763,4.11621,0.0623042,0.0748327,1
213967,flyer4,9.83854,12.8636,-0.222048,0.201729,2
213967,bullet5,2.00433,4.14989,0.8,0,1
213968,bullet6,2.01695,4.16504,0.8,0,1
213970,flayer8,16.5,8.50285,-0.298434,0.0306105,2
213971,player,1.77821,4.51381,-0.184475,0.338881,1
213972,flyer4,8.7283,13.8722,-0.222048,0.201729,2
213972,bullet5,6.00433,4.14989,0.8,0,1
213973,bullet6,6.01695,4.16504,0.8,0,1
213975,flayer8,15.0078,8.6559,-0.298434,0.0306105,2
213976,player,1.04159,5.37443,-0.0341588,0.037008,1
213977,flyer4,7.61805,14.8809,-0.222048,0.201729,2
213977,bullet5,10.0043,4.14989,0.8,0,1
213977,bullet1,1.42621,5.39109,0.8,0,1
213978,bullet6,10.017,4.16504,0.8,0,1
213980,flayer8,13.5157,8.80895,-0.298434,0.0306105,2
213980,bullet4,0.857065,5.40347,0.8,0,1
213981,player,0.42568,5.40415,-0.031385,0.000682902,1
213982,flyer4,6.50781,15.8895,-0.222048,0.201729,2
213982,bullet5,14.0043,4.14989,0.8,0,1
213982,bullet1,5.42621,5.39109,0.8,0,1
213983,bullet6,14.017,4.16504,0.8,0,1
213985,flayer8,12.0235,8.962,-0.298434,0.0306105,2
213985,bullet4,4.85706,5.40347,0.8,0,1
213986,player,0.400475,5.40471,-0.000579142,1.26015e-05,1
213987,flayer7,16.5,8.50285,-0.3,0,2
213987,bullet1,9.42622,5.39109,0.8,0,1
213988,bullet3,0.800097,5.40471,0.8,0,1
213990,flayer8,10.5313,9.11505,-0.298434,0.0306105,2
213990,bullet4,8.85707,5.40347,0.8,0,1
213991,player,0.40001,5.89409,-1.06868e-05,0.151875,1
213991,bullet2,0.80001,5.89409,0.8,0,1
213992,flayer7,15,8.50285,-0.3,0,2
213992,bullet1,13.4262,5.39109,0.8,0,1
213993,bullet3,4.8001,5.40471,0.8,0,1
213995,flayer8,9.03914,9.2681,-0.298434,0.0306105,2
213995,bullet4,12.8571,5.40347,0.8,0,1
213996,player,0.4,6.50543,0,0.154678,1
213996,bullet2,4.80001,5.89409,0.8,0,1
213997,flayer7,13.5,8.50285,-0.3,0,2
213997,bullet5,0.8,6.57504,0.8,0,1
213998,bullet3,8.8001,5.40471,0.8,0,1
214000,flayer8,7.54697,9.42115,-0.298434,0.0306105,2
214001,player,0.4,6.62965,0,0.00285424,1
214001,bullet2,8.80001,5.89409,0.8,0,1
214001,bullet6,0.8,6.62965,0.8,0,1
214002,flayer7,12,8.50285,-0.3,0,2
214002,bullet5,4.8,6.57504,0.8,0,1
214003,bullet3,12.8001,5.40471,0.8,0,1
214005,flayer8,6.0548,9.5742,-0.298434,0.0306105,2
214006,player,0.4,6.14256,0,-0.151822,1
214006,bullet2,12.8,5.89409,0.8,0,1
214006,bullet6,4.8,6.62965,0.8,0,1
214007,flayer7,10.5,8.50285,-0.3,0,2
214007,bullet5,8.8,6.57504,0.8,0,1
214010,flayer8,4.56263,9.72725,-0.298434,0.0306105,2
214010,bullet1,0.8,6.58116,0.8,0,1
214011,player,0.4,6.60911,0,0.0279531,1
214011,bullet6,8.8,6.62965,0.8,0,1
214012,flayer7,9,8.50285,-0.3,0,2
214012,bullet5,12.8,6.57504,0.8,0,1
214012,bullet4,0,6.62169,-0.8,-6.99382e-08,1
214014,bullet3,0.8,6.6299,0.8,0,1
214015,flayer8,3.07046,9.8803,-0.298434,0.0306105,2
214015,bullet1,4.8,6.58116,0.8,0,1
214016,player,0.4,6.63156,0,0.000515814,1
214016,bullet6,12.8,6.62965,0.8,0,1
214017,flayer7,7.5,8.50285,-0.3,0,2
214018,bullet2,1.28938,7.12127,0.8,0,1
214019,bullet3,4.8,6.6299,0.8,0,1
214020,flayer8,1.57829,10.0334,-0.298434,0.0306105,2
214020,bullet1,8.8,6.58116,0.8,0,1
214021,player,1.00231,7.23429,0.0138396,0.0138491,1
214022,flayer7,5.99999,8.50285,-0.3,0,2
214023,bullet2,5.28938,7.12127,0.8,0,1
214024,bullet3,8.8,6.6299,0.8,0,1
214024,bullet4,0.612605,6.68686,-0.8,-6.99382e-08,1
214025,flayer8,0.0861149,10.1864,-0.298434,0.0306105,2
214025,bullet1,12.8,6.58116,0.8,0,1
214026,player,1.5028,6.15372,0.15213,-0.165459,1
214027,flayer7,4.49999,8.50285,-0.3,0,2
214027,bullet5,1.97126,6.07926,0.8,0,1
214028,bullet2,9.28938,7.12127,0.8,0,1
214029,bullet3,12.8,6.6299,0.8,0,1
214031,player,1.0365,4.94299,-0.0279475,-0.185683,1
214032,flayer7,2.99999,8.50285,-0.3,0,2
214032,bullet5,5.97126,6.07926,0.8,0,1
214032,bullet6,1.42393,4.85944,0.8,0,1
214033,bullet2,13.2894,7.12127,0.8,0,1
214036,player,1.01406,4.2054,-0.000515709,-0.0341811,1
214037,flayer7,1.49999,8.50285,-0.3,0,2
214037,flyer6,16.5,8.50285,-0.299308,0.0203656,2
214037,bullet5,9.97126,6.07926,0.8,0,1
214037,bullet6,5.42393,4.85944,0.8,0,1
214040,bullet4,2.00213,4.76705,0.8,0,1
214041,player,1.61596,4.78026,0.0138301,0.0132089,1
214042,flayer7,-6.4373e-06,8.50285,-0.3,0,2
214042,flyer6,15.0035,8.60468,-0.299308,0.0203656,2
214042,bullet5,13.9713,6.07926,0.8,0,1
214042,bullet6,9.42393,4.85944,0.8,0,1
214042,bullet1,2.02218,4.78621,0.8,0,1
214045,bullet4,6.00213,4.76705,0.8,0,1
214046,player,1.62706,4.79087,0.000255204,0.000243741,1
214047,flyer6,13.5069,8.70651,-0.299308,0.0203656,2
214047,bullet6,13.4239,4.85944,0.8,0,1
214047,bullet1,6.02218,4.78621,0.8,0,1
214050,bullet4,10.0021,4.76705,0.8,0,1
214051,player,1.02496,5.39338,-0.0138349,0.0138441,1
214051,flyer2,16.5,1.41873,-0.221603,-0.202218,2
214052,flyer6,12.0104,8.80834,-0.299308,0.0203656,2
214052,bullet1,10.0222,4.78621,0.8,0,1
214055,bullet4,14.0021,4.76705,0.8,0,1
214056,player,2.10553,5.3599,0.165459,0.0547596,1
214056,flyer2,15.392,0.407639,-0.221603,-0.202218,2
214057,flyer6,10.5138,8.91016,-0.299308,0.0203656,2
214057,bullet1,14.0222,4.78621,0.8,0,1
214057,bullet3,2.57999,5.38454,0.8,0,1
214060,flyer1,16.5,1.41873,-0.3,0.000488731,2
214060,bullet2,2.63536,4.84515,0.8,0,1
214061,player,2.57591,5.15291,0.340553,0.307756,1
214062,flyer6,9.0173,9.01199,-0.299308,0.0203656,2
214062,bullet3,6.57999,5.38454,0.8,0,1
214065,flyer1,15,1.42117,-0.3,0.000488731,2
214065,bullet2,6.63536,4.84515,0.8,0,1
214065,bullet5,3.24312,4.90501,0.8,0,1
214066,player,2.8494,4.84234,0.00628416,-0.0626648,1
214067,flyer6,7.52076,9.11382,-0.299308,0.0203656,2
214067,bullet3,10.58,5.38454,0.8,0,1
214067,bullet6,3.25223,4.81414,0.8,0,1
214070,flyer1,13.5,1.42361,-0.3,0.000488731,2
214070,bullet2,10.6354,4.84515,0.8,0,1
214070,bullet5,7.24312,4.90501,0.8,0,1
214071,player,2.95355,5.38049,-0.121004,0.0295983,1
214072,flyer6,6.02423,9.21565,-0.299308,0.0203656,2
214072,bullet3,14.58,5.38454,0.8,0,1
214072,bullet6,7.25223,4.81414,0.8,0,1
214075,flyer1,12,1.42606,-0.3,0.000488731,2
214075,bullet2,14.6354,4.84515,0.8,0,1
214075,bullet5,11.2431,4.90501,0.8,0,1
214076,player,3.34575,5.40426,0.149642,0.000546173,1
214077,flyer6,4.52769,9.31748,-0.299308,0.0203656,2
214077,bullet6,11.2522,4.81414,0.8,0,1
214080,flyer1,10.5,1.4285,-0.3,0.000488731,2
214080,bullet5,15.2431,4.90501,0.8,0,1
214080,bullet4,5.00935,5.37393,0.8,0,1
214081,player,4.65671,5.39086,0.0473556,0.0169252,1
214081,bullet1,5.05671,5.39086,0.8,0,1
214082,flyer6,3.03115,9.41931,-0.299308,0.0203656,2
214082,bullet6,15.2522,4.81414,0.8,0,1
214083,bullet3,5.08761,5.4019,0.8,0,1
214085,flyer1,9.00002,1.43095,-0.3,0.000488731,2
214085,bullet4,9.00935,5.37393,0.8,0,1
214086,player,4.20536,5.40445,-0.151001,0.000312317,1
214086,bullet1,9.05671,5.39086,0.8,0,1
214087,flyer6,1.53461,9.52114,-0.299308,0.0203656,2
214087,bullet2,3.73741,5.40459,-0.8,-6.99382e-08,1
214088,bullet3,9.08761,5.4019,0.8,0,1
214090,flyer1,7.50002,1.43339,-0.3,0.000488731,2
214090,bullet4,13.0094,5.37393,0.8,0,1
214091,player,3.49562,3.98936,-0.0335411,-0.520124,1
214091,bullet1,13.0567,5.39086,0.8,0,1
214092,flyer6,0.0380679,9.62296,-0.299308,0.0203656,2
214092,bullet2,-0.262588,5.40459,-0.8,-6.99382e-08,1
214093,bullet3,13.0876,5.4019,0.8,0,1
214094,bullet5,3.87068,3.60258,0.8,0,1
214095,flyer1,6.00002,1.43583,-0.3,0.000488731,2
214096,player,2.97931,3.57165,-0.152494,-0.00959775,1
214096,flyer3,16.5,1.41873,-0.3,0,2
214098,flyer5,16.5,1.41873,-0.298618,0.0287669,2
214098,bullet6,3.27981,3.56539,0.8,0,1
214099,bullet5,7.87068,3.60258,0.8,0,1
214100,flyer1,4.50002,1.43828,-0.3,0.000488731,2
214101,player,2.85684,3.07457,-0.00281394,-0.152052,1
214101,flyer3,15,1.41873,-0.3,0,2
214102,bullet2,3.25558,3.00615,0.8,0,1
214103,flyer5,15.0069,1.56256,-0.298618,0.0287669,2
214103,bullet6,7.27981,3.56539,0.8,0,1
214104,bullet5,11.8707,3.60258,0.8,0,1
214104,bullet4,3.25475,2.9615,0.8,0,1
214105,flyer1,3.00003,1.44072,-0.3,0.000488731,2
214106,player,2.36521,3.44184,-0.151927,0.149069,1
214106,flyer3,13.5,1.41873,-0.3,0,2
214107,bullet2,7.25558,3.00615,0.8,0,1
214108,flyer5,13.5138,1.7064,-0.298618,0.0287669,2
214108,bullet6,11.2798,3.56539,0.8,0,1
214109,bullet5,15.8707,3.60258,0.8,0,1
214109,bullet4,7.25475,2.9615,0.8,0,1
214110,flyer1,1.50003,1.44316,-0.3,0.000488731,2
214111,player,2.1441,3.66065,0.118317,-0.11837,1
214111,flyer3,12,1.41873,-0.3,0,2
214112,bullet2,11.2556,3.00615,0.8,0,1
214112,bullet1,2.59734,3.60738,0.8,0,1
214113,flyer5,12.0207,1.85023,-0.298618,0.0287669,2
214113,bullet6,15.2798,3.56539,0.8,0,1
214114,bullet4,11.2548,2.9615,0.8,0,1
214115,flyer1,2.98619e-05,1.44561,-0.3,0.000488731,2
214115,bullet3,3.12631,3.0784,0.8,0,1
214116,player,2.79684,3.00787,0.070527,-0.070528,1
214116,flyer3,10.5,1.41873,-0.3,0,2
214117,bullet2,15.2556,3.00615,0.8,0,1
214117,bullet1,6.59734,3.60738,0.8,0,1
214118,flyer5,10.5277,1.99406,-0.298618,0.0287669,2
214119,bullet4,15.2548,2.9615,0.8,0,1
214120,bullet3,7.12631,3.0784,0.8,0,1
214121,player,1.69344,4.11126,-0.0808819,0.0808819,1
214121,flyer3,9,1.41873,-0.3,0,2
214121,bullet5,2.09344,4.11126,0.8,0,1
214122,bullet1,10.5973,3.60738,0.8,0,1
214123,flyer5,9.03456,2.1379,-0.298618,0.0287669,2
214125,bullet3,11.1263,3.0784,0.8,0,1
214126,player,0.4,5.2679,-0,0.167207,1
214126,flyer3,7.5,1.41873,-0.3,0,2
214126,bullet5,6.09345,4.11126,0.8,0,1
214127,bullet1,14.5973,3.60738,0.8,0,1
214128,flyer5,7.54148,2.28173,-0.298618,0.0287669,2
214130,bullet3,15.1263,3.0784,0.8,0,1
214131,player,0.4,5.69509,-0,0.39509,1
214131,flyer3,5.99999,1.41873,-0.3,0,2
214131,bullet5,10.0934,4.11126,0.8,0,1
214132,flyer4,16.5,10.4288,-0.249904,0.165976,2
214132,bullet6,0.8,5.87288,0.8,0,1
214133,flyer5,6.04839,2.42557,-0.298618,0.0287669,2
214136,player,0.7375,6.83926,0.3375,0.496666,1
214136,flyer3,4.49999,1.41873,-0.3,0,2
214136,bullet5,14.0934,4.11126,0.8,0,1
214137,flyer4,15.2505,11.2587,-0.249904,0.165976,2
214137,bullet6,4.8,5.87288,0.8,0,1
214138,flyer5,4.5553,2.5694,-0.298618,0.0287669,2
214141,player,1.90376,7.23812,0.412072,0.00916488,1
214141,flyer3,2.99999,1.41873,-0.3,0,2
214142,flyer4,14.001,12.0885,-0.249904,0.165976,2
214142,bullet6,8.8,5.87288,0.8,0,1
214143,flyer5,3.06222,2.71324,-0.298618,0.0287669,2
214145,bullet2,2.06937,7.24531,0.8,0,1
214146,player,1.30871,7.24548,-0.360651,0.000169118,1
214146,flyer3,1.49999,1.41873,-0.3,0,2
214147,flyer4,12.7514,12.9184,-0.249904,0.165976,2
214147,bullet6,12.8,5.87288,0.8,0,1
214148,flyer5,1.56913,2.85707,-0.298618,0.0287669,2
214150,bullet2,6.06937,7.24531,0.8,0,1
214151,player,0.681581,6.43693,-0.344155,0.238405,1
214151,flyer3,-6.4373e-06,1.41873,-0.3,0,2
214152,flyer4,11.5019,13.7483,-0.249904,0.165976,2
214153,flyer5,0.0760407,3.0009,-0.298618,0.0287669,2
214153,flayer8,16.5,1.41873,-0.285463,-0.0922556,2
214153,bullet4,0.85702,6.59249,0.8,0,1
214155,bullet2,10.0694,7.24531,0.8,0,1
214155,bullet1,0.811546,6.62399,0.8,0,1
214156,player,0.405195,6.62839,-0.00635063,0.00439924,1
214156,bullet3,0.805195,6.62839,0.8,0,1
214157,flyer4,10.2524,14.5782,-0.249904,0.165976,2
214158,flayer8,15.0727,0.957449,-0.285463,-0.0922556,2
214158,bullet4,4.85702,6.59249,0.8,0,1
214160,bullet2,14.0694,7.24531,0.8,0,1
214160,bullet1,4.81155,6.62399,0.8,0,1
214161,player,0.400095,6.63192,-0.000117187,8.11783e-05,1
214161,bullet3,4.8052,6.62839,0.8,0,1
214162,flyer4,9.00286,15.4081,-0.249904,0.165976,2
214163,flayer8,13.6454,0.496171,-0.285463,-0.0922556,2
214163,bullet4,8.85702,6.59249,0.8,0,1
214163,bullet5,0.800019,6.63198,0.8,0,1
214165,bullet1,8.81155,6.62399,0.8,0,1
214166,player,0.4,6.63199,-0,1.49797e-06,1
214166,bullet3,8.8052,6.62839,0.8,0,1
214167,flyer4,7.75334,16.2379,-0.249904,0.165976,2
214168,flayer8,12.2181,0.0348932,-0.285463,-0.0922556,2
214168,bullet4,12.857,6.59249,0.8,0,1
214168,bullet5,4.80002,6.63198,0.8,0,1
214170,bullet1,12.8115,6.62399,0.8,0,1
214171,player,0.4,6.63199,0,2.76417e-08,1
214171,bullet3,12.8052,6.62839,0.8,0,1
214173,flayer8,10.7908,-0.426385,-0.285463,-0.0922556,2
214173,bullet5,8.80002,6.63198,0.8,0,1
214173,bullet6,0,6.63199,-0.8,-6.99382e-08,1
214174,flayer7,16.5,10.4288,-0.3,0,2
214174,bullet2,0.8,6.63199,0.8,0,1
214176,player,0.7375,6.96949,0.3375,0.3375,1
214176,flyer2,16.5,10.4288,-0.3,0,2
214178,bullet5,12.8,6.63198,0.8,0,1
214179,flayer7,15,10.4288,-0.3,0,2
214179,bullet2,4.8,6.63199,0.8,0,1
214180,bullet4,1.96003,6.67658,0.8,0,1
214181,player,1.59701,6.65206,0.0369825,-0.0245269,1
214181,flyer2,15,10.4288,-0.3,0,2
214184,flayer7,13.5,10.4288,-0.3,0,2
214184,bullet2,8.8,6.63199,0.8,0,1
214185,bullet4,5.96003,6.67658,0.8,0,1
214185,bullet6,0.637558,6.07509,-0.8,-6.99382e-08,1
214186,player,1.0244,6.04388,-0.0131572,-0.0312073,1
214186,flyer2,13.5,10.4288,-0.3,0,2
214189,flayer7,12,10.4288,-0.3,0,2
214189,bullet2,12.8,6.63199,0.8,0,1
214189,bullet1,1.41462,5.46296,0.8,0,1
214190,bullet4,9.96003,6.67658,0.8,0,1
214190,bullet3,1.41408,5.43093,0.8,0,1
214191,player,1.01383,5.41651,-0.000242787,-0.0144155,1
214191,flyer2,12,10.4288,-0.3,0,2
214194,flayer7,10.5,10.4288,-0.3,0,2
214194,bullet1,5.41462,5.46296,0.8,0,1
214194,bullet5,0.855936,5.40579,0.8,0,1
214195,bullet4,13.96,6.67658,0.8,0,1
214195,bullet3,5.41408,5.43093,0.8,0,1
214196,player,0.411327,5.40493,-0.0138441,-0.000266006,1
214196,flyer2,10.5,10.4288,-0.3,0,2
214199,flayer7,9,10.4288,-0.3,0,2
214199,bullet1,9.41462,5.46296,0.8,0,1
214199,bullet5,4.85594,5.40579,0.8,0,1
214200,bullet3,9.41408,5.43093,0.8,0,1
214201,player,1.4473,6.49641,0.219963,0.16571,1
214201,flyer2,9,10.4288,-0.3,0,2
214202,bullet6,1.94629,6.57098,0.8,0,1
214204,flayer7,7.5,10.4288,-0.3,0,2
214204,bullet1,13.4146,5.46296,0.8,0,1
214204,bullet5,8.85594,5.40579,0.8,0,1
214205,bullet3,13.4141,5.43093,0.8,0,1
214206,player,1.40373,6.84971,0.273215,-0.266098,1
214206,flyer2,7.5,10.4288,-0.3,0,2
214207,bullet6,5.94629,6.57098,0.8,0,1
214209,flayer7,5.99999,10.4288,-0.3,0,2
214209,bullet5,12.8559,5.40579,0.8,0,1
214209,bullet2,2.56462,6.09411,0.8,0,1
214211,player,2.22546,6.0337,0.0188812,-0.0187499,1
214211,flyer2,5.99999,10.4288,-0.3,0,2
214212,bullet6,9.94629,6.57098,0.8,0,1
214214,flayer7,4.49999,10.4288,-0.3,0,2
214214,bullet2,6.56462,6.09411,0.8,0,1
214216,player,3.43141,4.82785,0.0449427,-0.0449403,1
214216,flyer2,4.49999,10.4288,-0.3,0,2
214216,bullet4,3.83141,4.82785,0.8,0,1
214217,bullet6,13.9463,6.57098,0.8,0,1
214219,flayer7,2.99999,10.4288,-0.3,0,2
214219,bullet2,10.5646,6.09411,0.8,0,1
214219,bullet1,3.30711,5.35215,0.8,0,1
214221,player,2.86519,5.39407,-0.0130103,0.0130103,1
214221,flyer2,2.99999,10.4288,-0.3,0,2
214221,bullet4,7.83141,4.82785,0.8,0,1
214222,bullet3,3.25934,5.39993,0.8,0,1
214224,flayer7,1.49999,10.4288,-0.3,0,2
214224,bullet2,14.5646,6.09411,0.8,0,1
214224,bullet1,7.30711,5.35215,0.8,0,1
214226,player,2.85474,5.40452,-0.000240076,0.000240077,1
214226,flyer2,1.49999,10.4288,-0.3,0,2
214226,bullet4,11.8314,4.82785,0.8,0,1
214227,bullet3,7.25934,5.39993,0.8,0,1
214227,bullet5,3.25463,5.40463,0.8,0,1
214229,flayer7,-6.4373e-06,10.4288,-0.3,0,2
214229,bullet1,11.3071,5.35215,0.8,0,1
214231,player,2.85455,5.40471,-4.43008e-06,4.4301e-06,1
214231,flyer2,-6.4373e-06,10.4288,-0.3,0,2
214231,bullet4,15.8314,4.82785,0.8,0,1
214232,bullet3,11.2593,5.39993,0.8,0,1
214232,bullet5,7.25464,5.40463,0.8,0,1
214233,flyer6,16.5,10.4288,-0.3,0,2
214234,bullet1,15.3071,5.35215,0.8,0,1
214234,bullet6,3.25455,5.40471,0.8,0,1
214236,player,2.85455,5.40471,-8.17475e-08,8.17478e-08,1
214236,bullet2,3.25455,5.40471,0.8,0,1
214237,bullet3,15.2593,5.39993,0.8,0,1
214237,bullet5,11.2546,5.40463,0.8,0,1
214238,flyer6,15,10.4288,-0.3,0,2
214239,bullet6,7.25455,5.40471,0.8,0,1
214239,bullet4,3.25455,5.40471,0.8,0,1
214241,player,2.85455,5.40471,-1.50847e-09,1.50848e-09,1
214241,bullet2,7.25455,5.40471,0.8,0,1
214242,bullet5,15.2546,5.40463,0.8,0,1
214243,flyer6,13.5,10.4288,-0.3,0,2
214244,bullet6,11.2545,5.40471,0.8,0,1
214244,bullet4,7.25455,5.40471,0.8,0,1
214244,bullet1,3.25455,5.40471,0.8,0,1
214246,player,3.19205,5.40471,0.3375,2.78356e-11,1
214246,bullet2,11.2545,5.40471,0.8,0,1
214248,flyer6,12,10.4288,-0.3,0,2
214249,bullet6,15.2545,5.40471,0.8,0,1
214249,bullet4,11.2545,5.40471,0.8,0,1
214249,bullet1,7.25455,5.40471,0.8,0,1
214251,player,4.4029,4.4649,0.357567,-0.35134,1
214251,bullet2,15.2545,5.40471,0.8,0,1
214253,flyer6,10.5,10.4288,-0.3,0,2
214253,flyer1,16.5,10.4288,-0.222109,0.201662,2
214254,bullet4,15.2545,5.40471,0.8,0,1
214254,bullet1,11.2545,5.40471,0.8,0,1
214254,bullet3,4.57942,3.71426,0.8,0,1
214256,player,4.10158,3.59427,-0.0241566,-0.0372379,1
214257,bullet5,4.49071,3.57752,0.8,0,1
214258,flyer6,9,10.4288,-0.3,0,2
214258,flyer1,15.3895,11.4371,-0.222109,0.201662,2
214259,bullet1,15.2545,5.40471,0.8,0,1
214259,bullet3,8.57942,3.71426,0.8,0,1
214259,bullet6,4.48362,3.56658,0.8,0,1
214261,player,4.08218,3.56437,-0.000445757,-0.000687144,1
214261,bullet2,4.48218,3.56437,0.8,0,1
214262,bullet5,8.49071,3.57752,0.8,0,1
214263,flyer6,7.5,10.4288,-0.3,0,2
214263,flyer1,14.2789,12.4454,-0.222109,0.201662,2
214264,bullet3,12.5794,3.71426,0.8,0,1
214264,bullet6,8.48362,3.56658,0.8,0,1
214266,player,4.41933,3.90132,0.337492,0.337487,1
214266,bullet2,8.48218,3.56437,0.8,0,1
214267,bullet5,12.4907,3.57752,0.8,0,1
214268,flyer6,5.99999,10.4288,-0.3,0,2
214268,flyer1,13.1684,13.4537,-0.222109,0.201662,2
214269,bullet6,12.4836,3.56658,0.8,0,1
214269,bullet4,5.07029,4.15228,0.8,0,1
214271,player,5.02786,3.83485,0.343728,-0.331272,1
214271,bullet2,12.4822,3.56437,0.8,0,1
214273,flyer6,4.49999,10.4288,-0.3,0,2
214273,flyer1,12.0578,14.462,-0.222109,0.201662,2
214274,bullet4,9.07029,4.15228,0.8,0,1
214274,bullet1,5.19409,3.5885,0.8,0,1
214276,player,4.71543,3.56881,-0.0244119,-0.00611291,1
214276,bullet3,5.11543,3.56881,0.8,0,1
214278,flyer6,2.99999,10.4288,-0.3,0,2
214278,flyer1,10.9473,15.4703,-0.222109,0.201662,2
214278,bullet5,5.0995,3.56482,0.8,0,1
214279,bullet4,13.0703,4.15228,0.8,0,1
214279,bullet1,9.19409,3.5885,0.8,0,1
214281,player,4.35833,3.5639,-0.33795,-0.0001128,1
214281,bullet3,9.11543,3.56881,0.8,0,1
214283,flyer6,1.49999,10.4288,-0.3,0,2
214283,flyer1,9.83671,16.4787,-0.222109,0.201662,2
214283,bullet5,9.0995,3.56482,0.8,0,1
214284,bullet4,17.0703,4.15228,0.8,0,1
214284,bullet1,13.1941,3.5885,0.8,0,1
214286,player,3.1917,4.71,-0.41208,0.0990964,1
214286,bullet3,13.1154,3.56881,0.8,0,1
214288,flyer6,-6.4373e-06,10.4288,-0.3,0,2
214288,bullet5,13.0995,3.56482,0.8,0,1
214288,bullet6,3.32282,4.77466,0.8,0,1
214290,flyer3,16.5,6.33991,-0.3,0,2
214290,bullet2,3.26837,4.78775,0.8,0,1
214291,player,2.86077,4.78958,-0.00760403,0.00182861,1
214291,bullet4,3.26077,4.78958,0.8,0,1
214293,bullet6,7.32282,4.77466,0.8,0,1
214295,flyer3,15,6.33991,-0.3,0,2
214295,bullet2,7.26837,4.78775,0.8,0,1
214296,player,2.26619,4.79105,-0.030895,3.37429e-05,1
214296,bullet4,7.26077,4.78958,0.8,0,1
214296,bullet1,2.66619,4.79105,0.8,0,1
214298,bullet6,11.3228,4.77466,0.8,0,1
214300,flyer3,13.5,6.33991,-0.3,0,2
214300,bullet2,11.2684,4.78775,0.8,0,1
214301,player,2.84369,4.18876,0.0132695,-0.013839,1
214301,bullet4,11.2608,4.78958,0.8,0,1
214301,bullet1,6.66619,4.79105,0.8,0,1
214303,bullet6,15.3228,4.77466,0.8,0,1
214305,flyer3,12,6.33991,-0.3,0,2
214305,bullet2,15.2684,4.78775,0.8,0,1
214306,player,2.85435,4.76612,0.00024486,0.0304993,1
214306,bullet4,15.2608,4.78958,0.8,0,1
214306,bullet1,10.6662,4.79105,0.8,0,1
214306,bullet3,3.25435,4.76612,0.8,0,1
214307,bullet5,3.25446,4.77985,0.8,0,1
214309,bullet6,3.25453,4.7888,0.8,0,1
214310,flyer3,10.5,6.33991,-0.3,0,2
214311,player,2.85454,4.79062,4.51835e-06,0.000562798,1
214311,bullet1,14.6662,4.79105,0.8,0,1
214311,bullet3,7.25435,4.76612,0.8,0,1
214312,bullet5,7.25446,4.77985,0.8,0,1
214314,bullet6,7.25453,4.7888,0.8,0,1
214315,flyer3,9,6.33991,-0.3,0,2
214316,player,4.00074,4.79107,0.0990985,1.03852e-05,1
214316,bullet3,11.2543,4.76612,0.8,0,1
214317,bullet5,11.2545,4.77985,0.8,0,1
214319,bullet6,11.2545,4.7888,0.8,0,1
214320,flyer3,7.5,6.33991,-0.3,0,2
214320,bullet2,5.06696,5.37955,0.8,0,1
214321,player,5.02013,5.05589,0.353168,-0.32366,1
214321,bullet3,15.2543,4.76612,0.8,0,1
214322,bullet5,15.2545,4.77985,0.8,0,1
214324,flyer5,16.5,6.33991,-0.3,0,2
214324,bullet6,15.2545,4.7888,0.8,0,1
214324,bullet4,6.17213,4.32583,0.8,0,1
214325,flyer3,5.99999,6.33991,-0.3,0,2
214325,bullet2,9.06697,5.37955,0.8,0,1
214326,player,5.89223,4.20749,0.0372716,-0.0367271,1
214329,flyer5,15,6.33991,-0.3,0,2
214329,bullet4,10.1721,4.32583,0.8,0,1
214330,flyer3,4.49999,6.33991,-0.3,0,2
214330,bullet2,13.067,5.37955,0.8,0,1
214330,bullet1,5.733,3.62095,0.8,0,1
214331,player,5.31985,3.58952,-0.0131518,-0.0314324,1
214331,bullet3,4.91985,3.58952,-0.8,-6.99382e-08,1
214334,flyer5,13.5,6.33991,-0.3,0,2
214334,bullet4,14.1721,4.32583,0.8,0,1
214335,flyer3,2.99999,6.33991,-0.3,0,2
214335,bullet1,9.733,3.62095,0.8,0,1
214336,player,4.81991,2.48643,-0.152118,-0.18321,1
214336,bullet3,0.91985,3.58952,-0.8,-6.99382e-08,1
214338,flyer4,16.5,6.33991,-0.297871,-0.0356733,2
214339,flyer5,12,6.33991,-0.3,0,2
214340,flyer3,1.49999,6.33991,-0.3,0,2
214340,bullet1,13.733,3.62095,0.8,0,1
214341,player,5.28623,2.4384,0.0279477,-0.124501,1
214341,bullet5,5.68623,2.4384,0.8,0,1
214343,flyer4,15.0106,6.16155,-0.297871,-0.0356733,2
214344,flyer5,10.5,6.33991,-0.3,0,2
214345,flyer3,-6.4373e-06,6.33991,-0.3,0,2
214346,player,5.30867,1.84904,0.000515713,-0.154172,1
214346,bullet5,9.68623,2.4384,0.8,0,1
214347,flayer8,16.5,6.33991,-0.3,0,2
214348,flyer4,13.5213,5.98318,-0.297871,-0.0356733,2
214349,flyer5,9,6.33991,-0.3,0,2
214350,bullet6,5.15136,1.75882,0.8,0,1
214351,player,4.72061,1.73906,-0.0307452,-0.01976,1
214351,bullet5,13.6862,2.4384,0.8,0,1
214352,flayer8,15,6.33991,-0.3,0,2
214353,flyer4,12.0319,5.80481,-0.297871,-0.0356733,2
214354,flyer5,7.5,6.33991,-0.3,0,2
214355,bullet6,9.15136,1.75882,0.8,0,1
214356,player,4.09361,1.23382,-0.0144069,-0.15224,1
214357,flayer8,13.5,6.33991,-0.3,0,2
214357,bullet2,4.48712,1.16531,0.8,0,1
214358,flyer4,10.5426,5.62645,-0.297871,-0.0356733,2
214359,flyer5,5.99999,6.33991,-0.3,0,2
214360,bullet6,13.1514,1.75882,0.8,0,1
214360,bullet4,5.04002,0.556646,0.8,0,1
214361,player,4.67051,0.523082,0.0304888,-0.0335639,1
214362,flayer8,12,6.33991,-0.3,0,2
214362,bullet2,8.48713,1.16531,0.8,0,1
214363,flyer4,9.05321,5.44808,-0.297871,-0.0356733,2
214364,flyer5,4.49999,6.33991,-0.3,0,2
214364,bullet3,5.6509,0.4,0.8,0,1
214365,bullet4,9.04002,0.556646,0.8,0,1
214365,bullet1,5.68291,0.4,0.8,0,1
214366,player,5.29731,0.4,0.0144022,0,1
214367,flayer8,10.5,6.33991,-0.3,0,2
214367,bullet2,12.4871,1.16531,0.8,0,1
214368,flyer4,7.56385,5.26972,-0.297871,-0.0356733,2
214369,flyer5,2.99999,6.33991,-0.3,0,2
214369,bullet3,9.6509,0.4,0.8,0,1
214370,bullet4,13.04,0.556646,0.8,0,1
214370,bullet1,9.68291,0.4,0.8,0,1
214371,player,4.70656,0.4,-0.0135738,0,1
214372,flayer8,9,6.33991,-0.3,0,2
214372,bullet5,5.10045,0.4,0.8,0,1
214373,flyer4,6.0745,5.09135,-0.297871,-0.0356733,2
214374,flyer5,1.49999,6.33991,-0.3,0,2
214374,bullet3,13.6509,0.4,0.8,0,1
214375,bullet1,13.6829,0.4,0.8,0,1
214376,player,4.764,0.4,-0.0837817,0,1
214377,flayer8,7.5,6.33991,-0.3,0,2
214377,bullet5,9.10045,0.4,0.8,0,1
214377,bullet6,5.1263,0.4,0.8,0,1
214378,flyer4,4.58514,4.91299,-0.297871,-0.0356733,2
214379,flyer5,-6.4373e-06,6.33991,-0.3,0,2
214381,player,3.8015,0.957719,-0.40739,0.0683438,1
214382,flayer8,5.99999,6.33991,-0.3,0,2
214382,bullet5,13.1005,0.4,0.8,0,1
214382,bullet6,9.1263,0.4,0.8,0,1
214382,bullet2,4.01818,0.988474,0.8,0,1
214383,flyer4,3.09578,4.73462,-0.297871,-0.0356733,2
214384,bullet4,3.89856,1.00854,0.8,0,1
214386,player,3.47433,0.675105,-0.00751749,-0.336239,1
214387,flayer8,4.49999,6.33991,-0.3,0,2
214387,bullet6,13.1263,0.4,0.8,0,1
214387,bullet2,8.01818,0.988474,0.8,0,1
214388,flyer4,1.60642,4.55625,-0.297871,-0.0356733,2
214389,bullet4,7.89856,1.00854,0.8,0,1
214389,bullet3,3.37937,0.914444,0.8,0,1
214391,player,2.87982,0.99355,-0.0308934,0.0245501,1
214392,flayer8,2.99999,6.33991,-0.3,0,2
214392,bullet2,12.0182,0.988474,0.8,0,1
214393,flyer4,0.117064,4.37789,-0.297871,-0.0356733,2
214394,bullet4,11.8986,1.00854,0.8,0,1
214394,bullet3,7.37937,0.914444,0.8,0,1
214396,player,1.69498,0.455547,-0.0827534,-0.0678907,1
214397,flayer8,1.49999,6.33991,-0.3,0,2
214397,bullet2,16.0182,0.988474,0.8,0,1
214398,flayer7,16.5,12.6077,-0.230113,0.192479,2
214399,bullet4,15.8986,1.00854,0.8,0,1
214399,bullet3,11.3794,0.914444,0.8,0,1
214400,flyer2,16.5,12.6077,-0.3,0,2
214401,player,1.26027,0.76928,-0.301438,0.298658,1
214402,flayer8,-6.4373e-06,6.33991,-0.3,0,2
214403,flayer7,15.3494,13.5701,-0.230113,0.192479,2
214404,flyer1,16.5,12.6077,-0.3,0,2
214404,bullet3,15.3794,0.914444,0.8,0,1
214405,flyer2,15,12.6077,-0.3,0,2
214406,player,0.4,2.16916,0,0.0876944,1
214406,flyer6,16.5,12.6077,-0.241816,-0.177552,2
214408,flayer7,14.1989,14.5325,-0.230113,0.192479,2
214409,flyer1,15,12.6077,-0.3,0,2
214410,flyer2,13.5,12.6077,-0.3,0,2
214410,bullet1,0.8,1.68025,0.8,0,1
214411,player,0.4,1.65111,0,-0.0291365,1
214411,flyer6,15.2909,11.7199,-0.241816,-0.177552,2
214412,bullet5,0.8,1.638,0.8,0,1
214413,flayer7,13.0483,15.4949,-0.230113,0.192479,2
214414,flyer1,13.5,12.6077,-0.3,0,2
214415,flyer2,12,12.6077,-0.3,0,2
214415,bullet1,4.8,1.68025,0.8,0,1
214416,player,0.4,1.69606,0,-0.0840689,1
214416,flyer6,14.0818,10.8322,-0.241816,-0.177552,2
214417,bullet5,4.8,1.638,0.8,0,1
214418,flayer7,11.8977,16.4573,-0.230113,0.192479,2
214419,flyer1,12,12.6077,-0.3,0,2
214420,flyer2,10.5,12.6077,-0.3,0,2
214420,bullet1,8.8,1.68025,0.8,0,1
214421,player,0.4,2.81933,0,0.043043,1
214421,flyer6,12.8728,9.9444,-0.241816,-0.177552,2
214421,bullet6,0.8,2.81933,0.8,0,1
214422,bullet5,8.8,1.638,0.8,0,1
214422,bullet2,0.8,2.8387,0.8,0,1
214424,flyer1,10.5,12.6077,-0.3,0,2
214425,flyer2,9,12.6077,-0.3,0,2
214425,bullet1,12.8,1.68025,0.8,0,1
214426,player,0.4,2.8539,0,0.000794264,1
214426,flyer6,11.6637,9.05664,-0.241816,-0.177552,2
214426,bullet6,4.8,2.81933,0.8,0,1
214427,bullet5,12.8,1.638,0.8,0,1
214427,bullet2,4.8,2.8387,0.8,0,1
214429,flyer1,9,12.6077,-0.3,0,2
214430,flyer2,7.5,12.6077,-0.3,0,2
214431,player,0.4,3.41225,0,0.0683584,1
214431,flyer6,10.4546,8.16888,-0.241816,-0.177552,2
214431,bullet6,8.8,2.81933,0.8,0,1
214431,bullet4,0.8,3.41225,0.8,0,1
214432,bullet2,8.8,2.8387,0.8,0,1
214434,flyer1,7.5,12.6077,-0.3,0,2
214435,flyer2,5.99999,12.6077,-0.3,0,2
214436,player,0.444594,5.11656,-0.0545041,0.23532,1
214436,flyer6,9.24551,7.28112,-0.241816,-0.177552,2
214436,bullet6,12.8,2.81933,0.8,0,1
214436,bullet4,4.8,3.41225,0.8,0,1
214437,bullet2,12.8,2.8387,0.8,0,1
214437,bullet3,0.820068,5.22245,0.8,0,1
214437,finish,18.9968,8,-0.2,0,1
214439,flyer1,5.99999,12.6077,-0.3,0,2
214440,flyer2,4.49999,12.6077,-0.3,0,2
214441,player,0.400823,5.30554,-0.00100575,0.00434231,1
214441,flyer6,8.03642,6.39335,-0.241816,-0.177552,2
214441,bullet4,8.8,3.41225,0.8,0,1
214441,bullet1,0.800823,5.30554,0.8,0,1
214442,bullet3,4.82007,5.22245,0.8,0,1
214442,finish,17.9968,8,-0.2,0,1
214442,bullet5,0.80037,5.30749,0.8,0,1
214444,flyer1,4.49999,12.6077,-0.3,0,2
214445,flyer2,2.99999,12.6077,-0.3,0,2
214445,bullet6,0.800034,4.81957,0.8,0,1
214446,player,0.400015,4.75131,-1.8559e-05,-0.0682636,1
214446,flyer6,6.82734,5.50559,-0.241816,-0.177552,1
214446,bullet4,12.8,3.41225,0.8,0,1
214446,bullet1,4.80082,5.30554,0.8,0,1
214447,finish,16.9968,8,-0.2,0,1
214447,bullet5,4.80037,5.30749,0.8,0,1
214449,flyer1,2.99999,12.6077,-0.3,0,2
214450,flyer2,1.49999,12.6077,-0.3,0,2
214450,bullet6,4.80003,4.81957,0.8,0,1
214451,player,0.4,3.01632,0,-0.197729,1
214452,finish,15.9968,8,-0.2,0,1
214452,bullet2,0.8,2.92734,0.8,0,1
214454,flyer1,1.49999,12.6077,-0.3,0,2
214455,flyer2,-6.4373e-06,12.6077,-0.3,0,2
214455,bullet6,8.80003,4.81957,0.8,0,1
214455,bullet3,0.8,2.30346,0.8,0,1
214456,player,0.4,2.26905,0,-0.0344033,1
214457,finish,14.9968,8,-0.2,0,1
214457,bullet2,4.8,2.92734,0.8,0,1
214458,bullet1,0.8,1.75723,0.8,0,1
214459,flyer1,-6.4373e-06,12.6077,-0.3,0,2
214460,bullet6,12.8,4.81957,0.8,0,1
214460,bullet3,4.8,2.30346,0.8,0,1
214461,player,0.4,1.30161,-0,-0.351974,1
214462,finish,13.9968,8,-0.2,0,1
214462,bullet2,8.8,2.92734,0.8,0,1
214463,bullet1,4.8,1.75723,0.8,0,1
214465,bullet3,8.8,2.30346,0.8,0,1
214465,bullet5,0.8,1.58316,0.8,0,1
214466,player,0.4,1.60742,0,0.0242598,1
214467,finish,12.9968,8,-0.2,0,1
214467,bullet2,12.8,2.92734,0.8,0,1
214468,bullet1,8.8,1.75723,0.8,0,1
214470,bullet3,12.8,2.30346,0.8,0,1
214470,bullet5,4.8,1.58316,0.8,0,1
214471,player,0.4,2.71859,0,0.166162,1
214472,finish,11.9968,8,-0.2,0,1
214472,bullet4,0.8,2.79336,0.8,0,1
214473,bullet1,12.8,1.75723,0.8,0,1
214475,bullet5,8.8,1.58316,0.8,0,1
214475,bullet6,0.8,2.84897,0.8,0,1
214476,player,0.4,2.85203,0,0.00306616,1
214477,finish,10.9968,8,-0.2,0,1
214477,bullet4,4.8,2.79336,0.8,0,1
214480,bullet5,12.8,1.58316,0.8,0,1
214480,bullet6,4.8,2.84897,0.8,0,1
214481,player,0.889375,3.93234,0.151875,0.182686,1
214482,finish,9.99682,8,-0.2,0,1
214482,bullet4,8.8,2.79336,0.8,0,1
214483,bullet2,0.899099,4.05154,0.8,0,1
214485,bullet6,8.8,2.84897,0.8,0,1
214485,bullet3,0.820068,4.07568,0.8,0,1
214486,player,0.409031,4.07905,-0.0110371,0.00337108,1
214487,finish,8.99682,8,-0.2,0,1
214487,bullet4,12.8,2.79336,0.8,0,1
214488,bullet2,4.8991,4.05154,0.8,0,1
214490,bullet6,12.8,2.84897,0.8,0,1
214490,bullet3,4.82007,4.07568,0.8,0,1
214491,player,1.00248,3.59239,0.0136359,-0.151813,1
214492,finish,7.99682,8,-0.2,0,1
214492,bullet1,1.40862,3.52407,0.8,0,1
214493,bullet2,8.8991,4.05154,0.8,0,1
214495,bullet3,8.82007,4.07568,0.8,0,1
214496,player,1.50281,3.47047,0.152127,-0.00280137,1
214497,finish,6.99682,8,-0.2,0,1
214497,bullet1,5.40862,3.52407,0.8,0,1
214498,bullet2,12.8991,4.05154,0.8,0,1
214500,bullet3,12.8201,4.07568,0.8,0,1
