423391,player,5.08657,6.44426,0,0,1
423391,bullet1,5.48657,6.44426,0.8,0,1
423395,bullet2,4.99719,5.95488,0.8,0,1
423396,player,4.52885,5.88654,-0.0683438,-0.0683438,1
423396,bullet1,9.48657,6.44426,0.8,0,1
423400,bullet2,8.99719,5.95488,0.8,0,1
423401,player,4.12262,5.58068,-0.321846,0.305484,1
423401,bullet1,13.4866,6.44426,0.8,0,1
423405,bullet2,12.9972,5.95488,0.8,0,1
423406,player,3.76505,6.31539,0.115181,0.157512,1
423406,flyer1,16.5,3.73439,-0.216034,0.208157,2
423408,bullet3,4.24021,5.92879,0.8,0,1
423411,player,3.36818,5.3502,-0.14975,-0.162808,1
423411,flyer1,15.4198,4.77517,-0.216034,0.208157,2
423411,flyer2,16.5,3.73439,-0.297318,0.0400247,2
423411,bullet4,3.76818,5.3502,0.8,0,1
423413,bullet3,8.24021,5.92879,0.8,0,1
423413,bullet5,3.67047,5.24397,0.8,0,1
423414,bullet6,3.65682,5.22913,0.8,0,1
423416,player,3.24792,5.21945,-0.0027633,-0.00300427,1
423416,flyer1,14.3397,5.81595,-0.216034,0.208157,2
423416,flyer2,15.0134,3.93451,-0.297318,0.0400247,2
423416,bullet4,7.76818,5.3502,0.8,0,1
423418,bullet3,12.2402,5.92879,0.8,0,1
423418,bullet5,7.67047,5.24397,0.8,0,1
423419,bullet6,7.65682,5.22913,0.8,0,1
423420,bullet1,3.64575,5.21709,0.8,0,1
423421,player,3.2457,5.55454,-5.09907e-05,0.337445,1
423421,flyer1,13.2595,6.85674,-0.216034,0.208157,1
423421,flyer2,13.5268,4.13464,-0.297318,0.0400247,2
423421,bullet4,11.7682,5.3502,0.8,0,1
423423,bullet5,11.6705,5.24397,0.8,0,1
423424,bullet6,11.6568,5.22913,0.8,0,1
423425,bullet1,7.64575,5.21709,0.8,0,1
423426,player,3.46588,5.60531,-0.269157,0.275383,1
423426,flyer1,12.1793,7.89752,-0.216034,0.208157,1
423426,flyer2,12.0402,4.33476,-0.297318,0.0400247,2
423426,bullet4,15.7682,5.3502,0.8,0,1
423428,bullet5,15.6705,5.24397,0.8,0,1
423429,bullet6,15.6568,5.22913,0.8,0,1
423430,bullet1,11.6458,5.21709,0.8,0,1
423430,bullet2,3.09697,6.37911,0.8,0,1
423431,player,2.66125,6.41494,-0.0357214,0.0358363,1
423431,flyer1,11.0992,8.9383,-0.216034,0.208157,1
423431,flyer2,10.5536,4.53488,-0.297318,0.0400247,1
423431,bullet3,3.06125,6.41494,0.8,0,1
423435,bullet2,7.09697,6.37911,0.8,0,1
423436,player,2.63256,6.51207,-0.00065916,-0.08287,1
423436,flyer1,10.019,9.97909,-0.216034,0.208157,1
423436,flyer2,9.06704,4.73501,-0.297318,0.0400247,1
423436,bullet3,7.06125,6.41494,0.8,0,1
423440,bullet2,11.097,6.37911,0.8,0,1
423441,player,2.61819,7.38533,0.0169029,0.34981,1
423441,flyer1,8.93881,11.0199,-0.216034,0.208157,1
423441,flyer2,7.58045,4.93513,-0.297318,0.0400247,1
423441,bullet3,11.0612,6.41494,0.8,0,1
423442,bullet4,3.0258,7.54274,0.8,0,1
423445,bullet2,15.097,6.37911,0.8,0,1
423445,bullet5,3.52083,7.17043,0.8,0,1
423446,player,3.18949,7.10854,0.0686557,-0.0618888,1
423446,flyer1,7.85864,12.0607,-0.216034,0.208157,1
423446,flyer2,6.09386,5.13525,-0.297318,0.0400247,1
423446,bullet3,15.0612,6.41494,0.8,0,1
423447,bullet4,7.0258,7.54274,0.8,0,1
423447,bullet6,3.62038,7.08069,0.8,0,1
423448,bullet1,3.63428,7.06815,0.8,0,1
423450,bullet5,7.52083,7.17043,0.8,0,1
423451,player,3.24462,7.05883,0.00126689,-0.00114202,1
423451,flyer1,6.77847,13.1014,-0.216034,0.208157,1
423451,flyer2,4.60727,5.33538,-0.297318,0.0400247,1
423452,bullet4,11.0258,7.54274,0.8,0,1
423452,bullet6,7.62038,7.08069,0.8,0,1
423453,bullet1,7.63428,7.06815,0.8,0,1
423455,bullet5,11.5208,7.17043,0.8,0,1
423456,player,2.64333,7.10251,-0.0138162,-0.0545252,1
423456,flyer1,5.6983,14.1422,-0.216034,0.208157,1
423456,flyer2,3.12068,5.5355,-0.297318,0.0400247,1
423457,bullet4,15.0258,7.54274,0.8,0,1
423457,bullet6,11.6204,7.08069,0.8,0,1
423458,bullet1,11.6343,7.06815,0.8,0,1
423460,bullet5,15.5208,7.17043,0.8,0,1
423461,player,3.2207,5.98088,0.0304997,-0.183636,1
423461,flyer1,4.61813,15.183,-0.216034,0.208157,1
423461,flyer2,1.63409,5.73563,-0.297318,0.0400247,1
423461,bullet2,3.6207,5.98088,0.8,0,1
423462,bullet6,15.6204,7.08069,0.8,0,1
423463,bullet1,15.6343,7.06815,0.8,0,1
423464,flyer3,16.5,3.73439,-0.235732,0.185555,2
423466,player,2.75582,6.88049,-0.151312,0.21683,1
423466,flyer1,3.53795,16.2238,-0.216034,0.208157,1
423466,flyer2,0.147498,5.93575,-0.297318,0.0400247,1
423466,bullet2,7.6207,5.98088,0.8,0,1
423467,bullet3,3.08773,6.97807,0.8,0,1
423468,bullet4,3.05709,7.02198,0.8,0,1
423469,flyer3,15.3213,4.66216,-0.235732,0.185555,2
423470,bullet5,3.0371,7.05063,0.8,0,1
423471,player,2.63431,7.05463,-0.00279214,0.00400113,1
423471,bullet2,11.6207,5.98088,0.8,0,1
423472,bullet3,7.08773,6.97807,0.8,0,1
423473,bullet4,7.05709,7.02198,0.8,0,1
423474,flyer3,14.1427,5.58993,-0.235732,0.185555,1
423475,bullet5,7.0371,7.05063,0.8,0,1
423476,player,3.12144,7.54721,0.151823,0.151949,1
423477,bullet3,11.0877,6.97807,0.8,0,1
423478,bullet4,11.0571,7.02198,0.8,0,1
423479,flyer3,12.964,6.51771,-0.235732,0.185555,0
423480,bullet5,11.0371,7.05063,0.8,0,1
423481,player,2.68565,7.06693,-0.0655422,-0.0110357,1
423483,bullet4,15.0571,7.02198,0.8,0,1
423484,flyer4,16.5,3.73439,-0.29736,-0.0397093,2
423485,flyer5,16.5,10.5816,-0.3,0,2
423485,bullet5,15.0371,7.05063,0.8,0,1
423485,bullet6,2.23422,7.64675,-0.8,-6.99382e-08,1
423486,player,2.63301,7.32288,-0.00120944,-0.323864,1
423487,flyer6,16.5,15.4689,-0.261453,-0.147113,2
423489,flyer4,15.0132,3.53584,-0.29736,-0.0397093,2
423489,flayer7,16.5,15.4689,-0.299435,-0.0184104,2
423489,bullet1,3.52149,7.08205,0.8,0,1
423490,flyer5,15,10.5816,-0.3,0,2
423491,player,3.22051,7.06279,0.0307324,-0.0059762,1
423492,flyer6,15.1927,14.7333,-0.261453,-0.147113,2
423492,bullet2,3.63434,7.0601,0.8,0,1
423493,bullet3,3.64057,7.05889,0.8,0,1
423494,flyer4,13.5264,3.3373,-0.29736,-0.0397093,2
423494,flayer7,15.0028,15.3768,-0.299435,-0.0184104,2
423494,bullet1,7.52149,7.08205,0.8,0,1
423495,flyer5,13.5,10.5816,-0.3,0,2
423495,bullet4,3.64463,7.0581,0.8,0,1
423496,player,2.90769,7.39549,-0.336933,0.33739,1
423497,flyer6,13.8855,13.9978,-0.261453,-0.147113,2
423497,bullet2,7.63434,7.0601,0.8,0,1
423498,bullet3,7.64057,7.05889,0.8,0,1
423499,flyer4,12.0396,3.13875,-0.29736,-0.0397093,2
423499,flayer7,13.5057,15.2848,-0.299435,-0.0184104,2
423499,bullet1,11.5215,7.08205,0.8,0,1
423500,flyer5,12,10.5816,-0.3,0,2
423500,bullet4,7.64463,7.0581,0.8,0,1
423501,player,2.63711,6.18275,-0.00621736,-0.430373,1
423502,flyer6,12.5782,13.2622,-0.261453,-0.147113,2
423502,bullet2,11.6343,7.0601,0.8,0,1
423503,bullet3,11.6406,7.05889,0.8,0,1
423504,flyer4,10.5528,2.9402,-0.29736,-0.0397093,2
423504,flayer7,12.0085,15.1927,-0.299435,-0.0184104,2
423504,bullet1,15.5215,7.08205,0.8,0,1
423505,flyer5,10.5,10.5816,-0.3,0,2
423505,bullet4,11.6446,7.0581,0.8,0,1
423506,player,2.63212,5.83713,-0.000114728,-0.00794159,1
423506,bullet5,3.03212,5.83713,0.8,0,1
423507,flyer6,11.2709,12.5266,-0.261453,-0.147113,2
423507,bullet2,15.6343,7.0601,0.8,0,1
423508,bullet3,15.6406,7.05889,0.8,0,1
423509,flyer4,9.06599,2.74166,-0.29736,-0.0397093,2
423509,flayer7,10.5113,15.1007,-0.299435,-0.0184104,2
423510,flyer5,9,10.5816,-0.3,0,2
423510,bullet4,15.6446,7.0581,0.8,0,1
423510,bullet6,3.6205,5.24242,0.8,0,1
423511,player,3.23434,4.89094,0.0138375,-0.351486,1
423511,bullet5,7.03212,5.83713,0.8,0,1
423512,flyer6,9.96368,11.7911,-0.261453,-0.147113,2
423514,flyer4,7.57919,2.54311,-0.29736,-0.0397093,2
423514,flayer7,9.01413,15.0086,-0.299435,-0.0184104,2
423515,flyer5,7.5,10.5816,-0.3,0,2
423515,bullet6,7.6205,5.24242,0.8,0,1
423516,player,4.14067,5.50389,0.406099,0.399358,1
423516,bullet5,11.0321,5.83713,0.8,0,1
423517,flyer6,8.65642,11.0555,-0.261453,-0.147113,2
423519,flyer4,6.09239,2.34456,-0.29736,-0.0397093,2
423519,flayer7,7.51696,14.9166,-0.299435,-0.0184104,2
423520,flyer5,5.99999,10.5816,-0.3,0,2
423520,bullet6,11.6205,5.24242,0.8,0,1
423521,player,4.1293,5.5862,-0.330006,-0.451251,1
423521,bullet5,15.0321,5.83713,0.8,0,1
423522,flyer6,7.34915,10.3199,-0.261453,-0.147113,2
423523,bullet1,4.31398,5.29176,0.8,0,1
423524,flyer4,4.60558,2.14602,-0.29736,-0.0397093,2
423524,flayer7,6.01979,14.8245,-0.299435,-0.0184104,2
423525,flyer5,4.49999,10.5816,-0.3,0,2
423525,bullet6,15.6205,5.24242,0.8,0,1
423526,player,4.0845,4.66609,-0.275246,-0.0766706,1
423527,flyer6,6.04189,9.58438,-0.261453,-0.147113,2
423528,bullet1,8.31398,5.29176,0.8,0,1
423529,flyer4,3.11878,1.94747,-0.29736,-0.0397093,2
423529,flayer7,4.52261,14.7325,-0.299435,-0.0184104,2
423530,flyer5,2.99999,10.5816,-0.3,0,2
423531,player,3.27498,5.19299,-0.0358337,0.0293399,1
423531,bullet2,2.87498,5.19299,-0.8,-6.99382e-08,1
423532,flyer6,4.73462,8.84881,-0.261453,-0.147113,2
423533,bullet1,12.314,5.29176,0.8,0,1
423534,flyer4,1.63198,1.74892,-0.29736,-0.0397093,2
423534,flayer7,3.02544,14.6404,-0.299435,-0.0184104,2
423535,flyer5,1.49999,10.5816,-0.3,0,2
423536,player,2.68849,5.21655,-0.069005,0.000541404,1
423537,flyer6,3.42736,8.11325,-0.261453,-0.147113,2
423537,bullet3,3.05743,5.2168,0.8,0,1
423538,bullet1,16.314,5.29176,0.8,0,1
423539,flyer4,0.145179,1.55038,-0.29736,-0.0397093,2
423539,flayer7,1.52827,14.5484,-0.299435,-0.0184104,2
423540,flyer5,-6.4373e-06,10.5816,-0.3,0,2
423540,bullet4,3.03434,4.65926,0.8,0,1
423541,player,2.63307,4.62851,-0.00127334,-0.0307447,1
423541,bullet5,3.03307,4.62851,0.8,0,1
423542,flyer6,2.12009,7.37768,-0.261453,-0.147113,2
423542,bullet3,7.05743,5.2168,0.8,0,1
423543,bullet6,3.03224,4.60845,0.8,0,1
423544,flayer7,0.0310944,14.4563,-0.299435,-0.0184104,2
423545,bullet4,7.03434,4.65926,0.8,0,1
423546,player,2.29455,4.94132,-0.337523,0.336933,1
423546,bullet5,7.03307,4.62851,0.8,0,1
423547,flyer6,0.812826,6.64212,-0.261453,-0.147113,2
423547,bullet3,11.0574,5.2168,0.8,0,1
423548,bullet6,7.03224,4.60845,0.8,0,1
423550,bullet4,11.0343,4.65926,0.8,0,1
423551,player,1.43501,5.54941,-0.0369829,0.343717,1
423551,bullet5,11.0331,4.62851,0.8,0,1
423552,flyer6,-0.494439,5.90655,-0.261453,-0.147113,2
423552,bullet3,15.0574,5.2168,0.8,0,1
423553,bullet6,11.0322,4.60845,0.8,0,1
423554,flayer8,16.5,14.3867,-0.3,0,2
423554,bullet2,1.80751,5.80501,0.8,0,1
423555,bullet4,15.0343,4.65926,0.8,0,1
423556,player,1.40531,5.82544,-0.000682439,0.00634255,1
423556,bullet5,15.0331,4.62851,0.8,0,1
423557,bullet1,1.805,5.8283,0.8,0,1
423558,bullet6,15.0322,4.60845,0.8,0,1
423559,flayer8,15,14.3867,-0.3,0,2
423559,bullet2,5.80751,5.80501,0.8,0,1
423560,flyer1,16.5,14.3867,-0.3,0,2
423560,bullet3,1.80478,5.83042,0.8,0,1
423561,player,1.40476,6.16803,-1.25929e-05,0.337617,1
423562,bullet1,5.80501,5.8283,0.8,0,1
423564,flayer8,13.5,14.3867,-0.3,0,2
423564,bullet2,9.80751,5.80501,0.8,0,1
423564,bullet4,1.80475,6.4191,0.8,0,1
423565,flyer1,15,14.3867,-0.3,0,2
423565,bullet3,5.80478,5.83042,0.8,0,1
423566,player,0.915379,6.43917,-0.151875,0.00622998,1
423567,bullet1,9.80501,5.8283,0.8,0,1
423569,flayer8,12,14.3867,-0.3,0,2
423569,bullet2,13.8075,5.80501,0.8,0,1
423569,bullet4,5.80476,6.4191,0.8,0,1
423570,flyer1,13.5,14.3867,-0.3,0,2
423570,bullet3,9.80478,5.83042,0.8,0,1
423571,player,0.79341,6.44417,-0.00280253,0.000114961,1
423572,bullet1,13.805,5.8283,0.8,0,1
423574,flayer8,10.5,14.3867,-0.3,0,2
423574,bullet4,9.80476,6.4191,0.8,0,1
423574,bullet5,1.19133,6.44425,0.8,0,1
423575,flyer1,12,14.3867,-0.3,0,2
423575,bullet3,13.8048,5.83042,0.8,0,1
423576,player,0.791159,5.95489,-5.17145e-05,-0.151873,1
423579,flayer8,9,14.3867,-0.3,0,2
423579,bullet4,13.8048,6.4191,0.8,0,1
423579,bullet5,5.19133,6.44425,0.8,0,1
423579,bullet6,1.6805,5.35258,0.8,0,1
423580,flyer1,10.5,14.3867,-0.3,0,2
423581,player,1.04209,5.24445,-0.306746,-0.0335572,1
423584,flayer8,7.5,14.3867,-0.3,0,2
423584,bullet5,9.19133,6.44425,0.8,0,1
423584,bullet6,5.6805,5.35258,0.8,0,1
423585,flyer1,9,14.3867,-0.3,0,2
423585,bullet2,1.20141,5.11902,0.8,0,1
423586,player,0.795748,5.1729,-0.00566033,0.0538849,1
423589,flayer8,5.99999,14.3867,-0.3,0,2
423589,bullet5,13.1913,6.44425,0.8,0,1
423589,bullet6,9.6805,5.35258,0.8,0,1
423589,bullet1,0.8,5.21297,0.8,0,1
423590,flyer1,7.5,14.3867,-0.3,0,2
423590,bullet2,5.20141,5.11902,0.8,0,1
423591,player,0.733643,4.87867,0.333643,-0.336506,1
423594,flayer8,4.49999,14.3867,-0.3,0,2
423594,bullet6,13.6805,5.35258,0.8,0,1
423594,bullet1,4.8,5.21297,0.8,0,1
423595,flyer1,5.99999,14.3867,-0.3,0,2
423595,bullet2,9.20141,5.11902,0.8,0,1
423595,bullet3,1.8848,4.12527,0.8,0,1
423596,player,1.5593,4.05071,0.0745004,-0.0745532,1
423598,bullet4,1.20792,4.00207,-0.8,-6.99382e-08,1
423599,flayer8,2.99999,14.3867,-0.3,0,2
423599,bullet1,8.8,5.21297,0.8,0,1
423600,flyer1,4.49999,14.3867,-0.3,0,2
423600,bullet2,13.2014,5.11902,0.8,0,1
423600,bullet3,5.8848,4.12527,0.8,0,1
423601,player,1.95663,4.32834,0.338875,0.336124,1
423602,bullet5,2.50913,4.4796,0.8,0,1
423604,flayer8,1.49999,14.3867,-0.3,0,2
423604,bullet1,12.8,5.21297,0.8,0,1
423604,bullet6,2.60863,4.57829,0.8,0,1
423605,flyer1,2.99999,14.3867,-0.3,0,2
423605,bullet3,9.8848,4.12527,0.8,0,1
423606,player,2.71815,4.1089,0.158128,-0.145673,1
423607,bullet5,6.50913,4.4796,0.8,0,1
423609,flayer8,-6.4373e-06,14.3867,-0.3,0,2
423609,bullet6,6.60863,4.57829,0.8,0,1
423609,bullet4,2.67802,4.5583,0.8,0,1
423610,flyer1,1.49999,14.3867,-0.3,0,2
423610,bullet3,13.8848,4.12527,0.8,0,1
423611,player,2.24283,4.59423,-0.0109217,0.0111515,1
423612,bullet5,10.5091,4.4796,0.8,0,1
423614,bullet6,10.6086,4.57829,0.8,0,1
423614,bullet4,6.67802,4.5583,0.8,0,1
423614,bullet2,2.63471,4.60252,0.8,0,1
423615,flyer1,-6.4373e-06,14.3867,-0.3,0,2
423616,player,2.23406,5.09256,-0.000201536,0.152081,1
423617,bullet5,14.5091,4.4796,0.8,0,1
423619,bullet6,14.6086,4.57829,0.8,0,1
423619,bullet4,10.678,4.5583,0.8,0,1
423619,bullet2,6.63471,4.60252,0.8,0,1
423620,flyer2,16.5,1.94395,-0.294294,-0.0582313,2
423621,player,2.2339,4.65698,-3.71891e-06,-0.0655374,1
423621,bullet1,2.6339,4.65698,0.8,0,1
423624,bullet4,14.678,4.5583,0.8,0,1
423624,bullet2,10.6347,4.60252,0.8,0,1
423625,flyer2,15.0285,1.65279,-0.294294,-0.0582313,2
423626,player,1.74452,4.67269,-0.151875,-0.0847406,1
423626,bullet1,6.6339,4.65698,0.8,0,1
423627,flyer3,16.5,1.94395,-0.3,0,2
423629,bullet2,14.6347,4.60252,0.8,0,1
423630,flyer2,13.5571,1.36163,-0.294294,-0.0582313,2
423631,player,2.18027,4.60463,0.0655412,-0.0015637,1
423631,bullet1,10.6339,4.65698,0.8,0,1
423631,bullet3,2.58027,4.60463,0.8,0,1
423632,flyer3,15,1.94395,-0.3,0,2
423633,bullet5,2.62304,4.60361,0.8,0,1
423634,bullet6,2.62901,4.60347,0.8,0,1
423635,flyer2,12.0856,1.07048,-0.294294,-0.0582313,2
423636,player,2.23291,4.60338,0.00120942,-2.88547e-05,1
423636,bullet1,14.6339,4.65698,0.8,0,1
423636,bullet3,6.58027,4.60463,0.8,0,1
423637,flyer3,13.5,1.94395,-0.3,0,2
423638,bullet5,6.62304,4.60361,0.8,0,1
423639,bullet6,6.62901,4.60347,0.8,0,1
423639,bullet4,3.19152,5.16107,0.8,0,1
423640,flyer2,10.6141,0.779322,-0.294294,-0.0582313,2
423641,player,2.83619,5.20566,0.0138619,0.0138391,1
423641,bullet3,10.5803,4.60463,0.8,0,1
423642,flyer3,12,1.94395,-0.3,0,2
423643,bullet5,10.623,4.60361,0.8,0,1
423644,bullet6,10.629,4.60347,0.8,0,1
423644,bullet4,7.19152,5.16107,0.8,0,1
423645,flyer2,9.14264,0.488166,-0.294294,-0.0582313,2
423646,player,2.24501,5.81909,-0.0135838,0.014095,1
423646,bullet3,14.5803,4.60463,0.8,0,1
423647,flyer3,10.5,1.94395,-0.3,0,2
423648,bullet5,14.623,4.60361,0.8,0,1
423649,bullet6,14.629,4.60347,0.8,0,1
423649,bullet4,11.1915,5.16107,0.8,0,1
423649,bullet2,2.63491,5.82957,0.8,0,1
423650,flyer2,7.67117,0.197009,-0.294294,-0.0582313,2
423651,player,2.5716,5.49291,0.337249,-0.33724,1
423652,flyer3,9,1.94395,-0.3,0,2
423652,bullet1,3.12336,5.34115,0.8,0,1
423654,bullet4,15.1915,5.16107,0.8,0,1
423654,bullet2,6.63491,5.82957,0.8,0,1
423654,bullet3,3.22239,5.24213,0.8,0,1
423655,flyer2,6.1997,-0.094147,-0.294294,-0.0582313,2
423656,player,3.33181,5.71145,0.158098,0.145652,1
423657,flyer3,7.5,1.94395,-0.3,0,2
423657,bullet1,7.12336,5.34115,0.8,0,1
423658,bullet5,3.83497,5.80649,0.8,0,1
423659,bullet2,10.6349,5.82957,0.8,0,1
423659,bullet3,7.22239,5.24213,0.8,0,1
423660,flyer2,4.72823,-0.385303,-0.294294,-0.0582313,2
423661,player,3.79628,6.04865,0.340417,-0.266469,1
423662,flyer3,5.99999,1.94395,-0.3,0,2
423662,bullet1,11.1234,5.34115,0.8,0,1
423663,bullet5,7.83497,5.80649,0.8,0,1
423664,bullet2,14.6349,5.82957,0.8,0,1
423664,bullet3,11.2224,5.24213,0.8,0,1
423666,player,4.40717,5.58367,0.343782,0.301828,1
423667,flyer3,4.49999,1.94395,-0.3,0,2
423667,bullet1,15.1234,5.34115,0.8,0,1
423668,bullet5,11.835,5.80649,0.8,0,1
423669,flyer4,16.5,1.94395,-0.221728,-0.202081,2
423669,bullet3,15.2224,5.24213,0.8,0,1
423671,player,5.73035,4.77898,0.226563,-0.214649,1
423671,flyer5,16.5,1.94395,-0.294889,-0.0551404,2
423672,flyer3,2.99999,1.94395,-0.3,0,2
423672,bullet6,6.2323,4.68238,0.8,0,1
423673,bullet5,15.835,5.80649,0.8,0,1
423673,bullet4,6.27818,4.63892,0.8,0,1
423674,flyer4,15.3914,0.933542,-0.221728,-0.202081,2
423676,player,5.91229,4.60659,0.00418072,-0.00396088,1
423676,flyer5,15.0256,1.66825,-0.294889,-0.0551404,2
423676,bullet2,6.31229,4.60659,0.8,0,1
423677,flyer3,1.49999,1.94395,-0.3,0,2
423677,bullet6,10.2323,4.68238,0.8,0,1
423677,bullet1,6.31418,4.60481,0.8,0,1
423678,bullet4,10.2782,4.63892,0.8,0,1
423679,flyer4,14.2827,-0.0768635,-0.221728,-0.202081,2
423681,player,5.42628,5.09279,-0.151798,0.151802,1
423681,flyer5,13.5511,1.39254,-0.294889,-0.0551404,2
423681,bullet2,10.3123,4.60659,0.8,0,1
423682,flyer3,-6.4373e-06,1.94395,-0.3,0,2
423682,bullet6,14.2323,4.68238,0.8,0,1
423682,bullet1,10.3142,4.60481,0.8,0,1
423683,bullet4,14.2782,4.63892,0.8,0,1
423686,player,5.64187,4.8772,0.334699,-0.334699,1
423686,flyer5,12.0767,1.11684,-0.294889,-0.0551404,2
423686,flayer7,16.5,2.47652,-0.215626,0.20858,2
423686,bullet2,14.3123,4.60659,0.8,0,1
423687,bullet1,14.3142,4.60481,0.8,0,1
423689,flyer6,16.5,2.47652,-0.3,0,2
423690,flayer8,16.5,2.47652,-0.3,0,2
423690,bullet3,6.89296,4.61458,0.8,0,1
423691,player,6.51298,4.60841,0.0200157,-0.00617613,1
423691,flyer5,10.6022,0.84114,-0.294889,-0.0551404,2
423691,flayer7,15.4219,3.51942,-0.215626,0.20858,2
423692,bullet5,6.92198,4.60563,0.8,0,1
423693,bullet6,6.92604,4.60438,0.8,0,1
423694,flyer6,15,2.47652,-0.3,0,2
423695,flayer8,15,2.47652,-0.3,0,2
423695,bullet3,10.893,4.61458,0.8,0,1
423696,player,7.01843,4.11407,0.152244,-0.151989,1
423696,flyer5,9.12776,0.565438,-0.294889,-0.0551404,2
423696,flayer7,14.3437,4.56232,-0.215626,0.20858,2
423697,bullet5,10.922,4.60563,0.8,0,1
423697,bullet4,7.48694,4.04568,0.8,0,1
423698,bullet6,10.926,4.60438,0.8,0,1
423699,flyer6,13.5,2.47652,-0.3,0,2
423699,bullet2,7.53164,4.00105,0.8,0,1
423700,flayer8,13.5,2.47652,-0.3,0,2
423701,player,6.65132,3.99201,-0.149066,-0.00280462,1
423701,flyer5,7.65332,0.289736,-0.294889,-0.0551404,2
423702,bullet4,11.4869,4.04568,0.8,0,1
423702,bullet1,6.98424,3.99075,0.8,0,1
423703,bullet6,14.926,4.60438,0.8,0,1
423704,flyer6,12,2.47652,-0.3,0,2
423704,bullet2,11.5316,4.00105,0.8,0,1
423705,flayer8,12,2.47652,-0.3,0,2
423706,player,6.53161,4.47914,-0.00275068,0.151823,1
423706,flyer5,6.17887,0.0140342,-0.294889,-0.0551404,2
423707,bullet4,15.4869,4.04568,0.8,0,1
423707,bullet1,10.9842,3.99075,0.8,0,1
423707,bullet3,6.93037,4.54746,0.8,0,1
423709,flyer6,10.5,2.47652,-0.3,0,2
423709,bullet2,15.5316,4.00105,0.8,0,1
423709,bullet5,6.92956,4.59204,0.8,0,1
423710,flayer8,10.5,2.47652,-0.3,0,2
423711,player,6.5294,4.60106,-5.07578e-05,0.00280157,1
423711,flyer5,4.70443,-0.261668,-0.294889,-0.0551404,2
423712,bullet1,14.9842,3.99075,0.8,0,1
423712,bullet3,10.9304,4.54746,0.8,0,1
423714,flyer6,9,2.47652,-0.3,0,2
423714,bullet5,10.9296,4.59204,0.8,0,1
423714,bullet6,6.43998,5.09252,0.8,0,1
423715,flayer8,9,2.47652,-0.3,0,2
423716,player,5.94088,4.85429,-0.0307556,-0.306694,1
423717,bullet3,14.9304,4.54746,0.8,0,1
423719,flyer6,7.5,2.47652,-0.3,0,2
423719,bullet5,14.9296,4.59204,0.8,0,1
423719,bullet6,10.44,5.09252,0.8,0,1
423720,flayer8,7.5,2.47652,-0.3,0,2
423721,player,5.35846,4.60799,-0.0689113,-0.00565936,1
423721,flyer1,16.5,3.3865,-0.3,0,2
423722,bullet4,5.72745,4.60544,0.8,0,1
423724,flyer6,5.99999,2.47652,-0.3,0,2
423724,bullet6,14.44,5.09252,0.8,0,1
423725,flayer8,5.99999,2.47652,-0.3,0,2
423725,bullet2,6.26211,5.16126,0.8,0,1
423726,player,5.8916,5.19192,0.0294831,0.0306503,1
423726,flyer1,15,3.3865,-0.3,0,2
423727,bullet4,9.72746,4.60544,0.8,0,1
423727,bullet1,6.30486,5.20571,0.8,0,1
423729,flyer6,4.49999,2.47652,-0.3,0,2
423729,bullet3,6.31352,5.21471,0.8,0,1
423730,flayer8,4.49999,2.47652,-0.3,0,2
423730,bullet2,10.2621,5.16126,0.8,0,1
423731,player,5.91527,5.21653,0.000544046,0.000565583,1
423731,flyer1,13.5,3.3865,-0.3,0,2
423732,bullet4,13.7275,4.60544,0.8,0,1
423732,bullet1,10.3049,5.20571,0.8,0,1
423734,flyer6,2.99999,2.47652,-0.3,0,2
423734,bullet3,10.3135,5.21471,0.8,0,1
423735,flayer8,2.99999,2.47652,-0.3,0,2
423735,bullet2,14.2621,5.16126,0.8,0,1
423736,player,5.91571,5.21698,1.00392e-05,1.04366e-05,1
423736,flyer1,12,3.3865,-0.3,0,2
423736,bullet5,6.31571,5.21698,0.8,0,1
423737,bullet1,14.3049,5.20571,0.8,0,1
423739,flyer6,1.49999,2.47652,-0.3,0,2
423739,bullet3,14.3135,5.21471,0.8,0,1
423739,bullet6,5.758,5.21699,0.8,0,1
423740,flayer8,1.49999,2.47652,-0.3,0,2
423740,bullet4,5.72725,5.21699,0.8,0,1
423741,player,5.31341,5.21699,-0.0138394,1.92585e-07,1
423741,flyer1,10.5,3.3865,-0.3,0,2
423741,bullet5,10.3157,5.21698,0.8,0,1
423743,bullet2,5.70438,5.21699,0.8,0,1
423744,flyer6,-6.4373e-06,2.47652,-0.3,0,2
423744,bullet6,9.758,5.21699,0.8,0,1
423745,flayer8,-6.4373e-06,2.47652,-0.3,0,2
423745,bullet4,9.72725,5.21699,0.8,0,1
423746,player,4.74457,4.32177,-0.0685991,-0.405844,1
423746,flyer1,9,3.3865,-0.3,0,2
423746,bullet5,14.3157,5.21698,0.8,0,1
423748,bullet2,9.70438,5.21699,0.8,0,1
423749,bullet6,13.758,5.21699,0.8,0,1
423750,bullet4,13.7272,5.21699,0.8,0,1
423751,player,4.20011,5.64525,-0.153141,0.226569,1
423751,flyer1,7.5,3.3865,-0.3,0,2
423753,flyer2,16.5,3.3865,-0.246694,-0.170711,2
423753,bullet2,13.7044,5.21699,0.8,0,1
423754,flyer4,16.5,3.3865,-0.299922,0.00683924,2
423754,bullet1,5.04395,5.81373,0.8,0,1
423756,player,4.67944,5.4897,0.0110137,-0.333319,1
423756,flyer1,5.99999,3.3865,-0.3,0,2
423758,flyer2,15.2665,2.53295,-0.246694,-0.170711,2
423759,flyer4,15.0004,3.4207,-0.299922,0.00683924,2
423759,bullet1,9.04395,5.81373,0.8,0,1
423759,bullet3,5.64535,5.79956,0.8,0,1
423760,bullet5,5.67655,5.81664,0.8,0,1
423761,player,5.29059,5.82433,0.0140428,0.00768893,1
423761,flyer1,4.49999,3.3865,-0.3,0,2
423763,flyer2,14.0331,1.67939,-0.246694,-0.170711,2
423764,flyer4,13.5008,3.45489,-0.299922,0.00683924,2
423764,bullet1,13.044,5.81373,0.8,0,1
423764,bullet3,9.64535,5.79956,0.8,0,1
423765,bullet5,9.67655,5.81664,0.8,0,1
423766,player,5.30187,5.27279,0.00025913,-0.0682019,1
423766,flyer1,2.99999,3.3865,-0.3,0,2
423766,bullet6,5.70187,5.27279,0.8,0,1
423768,flyer2,12.7996,0.825836,-0.246694,-0.170711,2
423769,flyer4,12.0012,3.48909,-0.299922,0.00683924,2
423769,bullet3,13.6453,5.79956,0.8,0,1
423770,bullet5,13.6766,5.81664,0.8,0,1
423771,player,5.30208,5.77573,4.78168e-06,0.0670852,1
423771,flyer1,1.49999,3.3865,-0.3,0,2
423771,bullet6,9.70187,5.27279,0.8,0,1
423773,flyer2,11.5661,-0.0277188,-0.246694,-0.170711,2
423773,bullet4,5.70209,5.81951,0.8,0,1
423774,flyer4,10.5016,3.52329,-0.299922,0.00683924,2
423776,player,5.8598,5.27189,0.0683438,-0.0671058,1
423776,flyer1,-6.4373e-06,3.3865,-0.3,0,2
423776,bullet6,13.7019,5.27279,0.8,0,1
423776,bullet2,6.2598,5.27189,0.8,0,1
423778,bullet4,9.70209,5.81951,0.8,0,1
423779,flyer4,9.00195,3.55748,-0.299922,0.00683924,2
423780,flyer3,16.5,3.3865,-0.289721,-0.0778577,2
423780,bullet1,6.31343,4.66152,0.8,0,1
423781,player,5.91469,4.62952,0.00126114,-0.031993,1
423781,bullet2,10.2598,5.27189,0.8,0,1
423781,bullet3,6.31469,4.62952,0.8,0,1
423783,bullet4,13.7021,5.81951,0.8,0,1
423784,flyer4,7.50234,3.59168,-0.299922,0.00683924,2
423785,flyer3,15.0514,2.99721,-0.289721,-0.0778577,2
423785,bullet1,10.3134,4.66152,0.8,0,1
423786,player,5.5782,3.70861,-0.337477,-0.406434,1
423786,bullet2,14.2598,5.27189,0.8,0,1
423786,bullet3,10.3147,4.62952,0.8,0,1
423787,bullet5,5.82634,3.52571,0.8,0,1
423789,flyer4,6.00273,3.62588,-0.299922,0.00683924,1
423790,flyer3,13.6028,2.60792,-0.289721,-0.0778577,2
423790,bullet1,14.3134,4.66152,0.8,0,1
