517771,player,10.714,13.0698,0,0,1
517772,bullet1,11.114,13.0698,0.8,0,1
517773,bullet2,11.114,13.0698,0.8,0,1
517775,bullet3,11.114,13.0698,0.8,0,1
517776,player,10.714,13.0698,0,0,1
517777,bullet1,15.114,13.0698,0.8,0,1
517778,bullet2,15.114,13.0698,0.8,0,1
517780,bullet3,15.114,13.0698,0.8,0,1
517781,player,10.714,13.0698,0,0,1
517786,player,10.2385,13.5453,-0.16879,0.16879,1
517787,bullet4,10.5625,13.6213,0.8,0,1
517790,bullet5,9.94831,13.6777,0.8,0,1
517791,player,9.51444,13.6808,-0.0338693,0.00311465,1
517792,bullet4,14.5625,13.6213,0.8,0,1
517793,flyer1,16.5,7.39587,-0.296757,-0.0439926,2
517793,bullet6,9.40297,13.6829,0.8,0,1
517795,bullet5,13.9483,13.6777,0.8,0,1
517795,bullet1,8.4994,13.6833,-0.8,-6.99382e-08,1
517796,player,8.88493,13.6833,-0.0144646,5.74741e-05,1
517798,flyer1,15.0162,7.1759,-0.296757,-0.0439926,2
517798,bullet6,13.403,13.6829,0.8,0,1
517798,bullet2,9.27549,13.6834,0.8,0,1
517800,bullet1,4.4994,13.6833,-0.8,-6.99382e-08,1
517800,bullet3,9.27358,13.6834,0.8,0,1
517801,player,8.87332,13.6834,-0.000266912,1.06056e-06,1
517802,bullet4,9.2732,13.6834,0.8,0,1
517803,flyer1,13.5324,6.95594,-0.296757,-0.0439926,2
517803,bullet2,13.2755,13.6834,0.8,0,1
517805,bullet1,0.499397,13.6833,-0.8,-6.99382e-08,1
517805,bullet3,13.2736,13.6834,0.8,0,1
517806,player,7.97788,14.2411,-0.405849,0.0683438,1
517807,bullet4,13.2732,13.6834,0.8,0,1
517807,bullet5,8.19525,14.2719,0.8,0,1
517808,flyer1,12.0486,6.73598,-0.296757,-0.0439926,2
517809,flyer2,16.5,7.39587,-0.3,0,2
517810,bullet6,8.05944,13.8054,0.8,0,1
517811,player,7.65195,13.7383,-0.00748905,-0.0670826,1
517812,bullet5,12.1953,14.2719,0.8,0,1
517812,bullet1,8.04858,13.7081,0.8,0,1
517813,flyer1,10.5649,6.51602,-0.296757,-0.0439926,2
517814,flyer2,15,7.39587,-0.3,0,2
517815,bullet6,12.0594,13.8054,0.8,0,1
517816,player,8.23441,14.2729,0.0306165,0.0295168,1
517816,bullet2,8.63441,14.2729,0.8,0,1
517817,bullet5,16.1953,14.2719,0.8,0,1
517817,bullet1,12.0486,13.7081,0.8,0,1
517818,flyer1,9.08108,6.29605,-0.296757,-0.0439926,2
517819,flyer2,13.5,7.39587,-0.3,0,2
517819,bullet3,7.85718,14.2948,-0.8,-6.99382e-08,1
517820,bullet6,16.0594,13.8054,0.8,0,1
517821,player,8.259,14.2966,0.00056496,0.000544668,1
517821,bullet2,12.6344,14.2729,0.8,0,1
517822,bullet1,16.0486,13.7081,0.8,0,1
517822,bullet4,8.65925,14.2968,0.8,0,1
517823,flyer1,7.5973,6.07609,-0.296757,-0.0439926,2
517823,bullet5,8.65937,14.2969,0.8,0,1
517824,flyer2,12,7.39587,-0.3,0,2
517824,bullet3,3.85718,14.2948,-0.8,-6.99382e-08,1
517826,player,8.74883,14.297,0.151885,1.00507e-05,1
517827,bullet4,12.6593,14.2968,0.8,0,1
517828,flyer1,6.11351,5.85613,-0.296757,-0.0439926,2
517828,bullet5,12.6594,14.2969,0.8,0,1
517829,flyer2,10.5,7.39587,-0.3,0,2
517829,bullet3,-0.142823,14.2948,-0.8,-6.99382e-08,1
517829,bullet6,8.70406,14.297,0.8,0,1
517831,player,8.2685,14.7864,-0.0110369,0.151875,1
517833,flyer1,4.62973,5.63617,-0.296757,-0.0439926,2
517833,flyer3,16.5,7.39587,-0.3,0,2
517834,flyer2,9,7.39587,-0.3,0,2
517834,bullet6,12.7041,14.297,0.8,0,1
517836,player,8.24579,15.6,0.0167114,0,1
517836,bullet1,8.64579,15.6,0.8,0,1
517838,flyer1,3.14595,5.4162,-0.296757,-0.0439926,2
517838,flyer3,15,7.39587,-0.3,0,2
517839,flyer2,7.5,7.39587,-0.3,0,2
517839,bullet2,8.65822,15.0423,0.8,0,1
517840,bullet3,8.65891,15.0115,0.8,0,1
517841,player,8.25921,14.9977,0.000308373,-0.0138396,1
517841,bullet1,12.6458,15.6,0.8,0,1
517843,flyer1,1.66216,5.19624,-0.296757,-0.0439926,2
517843,flyer3,13.5,7.39587,-0.3,0,2
517843,bullet4,8.65941,14.4993,0.8,0,1
517844,flyer2,5.99999,7.39587,-0.3,0,2
517844,bullet2,12.6582,15.0423,0.8,0,1
517845,bullet3,12.6589,15.0115,0.8,0,1
517846,player,8.25945,14.3843,5.69034e-06,-0.014095,1
517847,bullet5,8.65946,14.3779,0.8,0,1
517848,flyer1,0.178377,4.97628,-0.296757,-0.0439926,2
517848,flyer3,12,7.39587,-0.3,0,2
517848,bullet4,12.6594,14.4993,0.8,0,1
517849,flyer2,4.49999,7.39587,-0.3,0,2
517849,bullet6,8.65946,14.3738,0.8,0,1
517851,player,8.59696,14.3729,0.3375,-0.000260092,1
517852,bullet5,12.6595,14.3779,0.8,0,1
517852,bullet1,9.14883,14.3728,0.8,0,1
517853,flyer3,10.5,7.39587,-0.3,0,2
517854,flyer2,2.99999,7.39587,-0.3,0,2
517854,bullet6,12.6595,14.3738,0.8,0,1
517854,bullet2,9.24793,14.3727,0.8,0,1
517856,player,9.35738,14.3727,0.158103,-4.79943e-06,1
517857,bullet1,13.1488,14.3728,0.8,0,1
517858,flyer3,9,7.39587,-0.3,0,2
517859,flyer2,1.49999,7.39587,-0.3,0,2
517859,bullet2,13.2479,14.3727,0.8,0,1
517861,player,9.82185,14.7102,0.340417,0.3375,1
517862,flyer4,16.5,7.39587,-0.251421,0.163668,2
517862,bullet3,9.57504,14.8621,-0.8,-6.99382e-08,1
517863,flyer3,7.5,7.39587,-0.3,0,2
517864,flyer2,-6.4373e-06,7.39587,-0.3,0,2
517864,bullet4,10.475,14.9612,0.8,0,1
517866,player,10.0952,14.9813,0.00628166,0.00622782,1
517866,bullet5,10.4952,14.9813,0.8,0,1
517867,flyer4,15.2429,8.21421,-0.251421,0.163668,2
517867,bullet3,5.57504,14.8621,-0.8,-6.99382e-08,1
517868,flyer3,5.99999,7.39587,-0.3,0,2
517869,bullet4,14.475,14.9612,0.8,0,1
517871,player,10.1003,15.017,0.000115914,-0.0374741,1
517871,bullet5,14.4952,14.9813,0.8,0,1
517872,flyer4,13.9858,9.03255,-0.251421,0.163668,2
517872,bullet3,1.57504,14.8621,-0.8,-6.99382e-08,1
517872,bullet6,10.5003,15.0002,0.8,0,1
517873,flyer3,4.49999,7.39587,-0.3,0,2
517874,bullet1,10.5004,14.9892,0.8,0,1
517876,player,10.1004,14.9869,2.13894e-06,-0.000691503,1
517876,bullet2,10.5004,14.9869,0.8,0,1
517877,flyer4,12.7287,9.85088,-0.251421,0.163668,2
517877,bullet6,14.5003,15.0002,0.8,0,1
517878,flyer3,2.99999,7.39587,-0.3,0,2
517878,bullet4,10.5004,14.9865,0.8,0,1
517879,bullet1,14.5004,14.9892,0.8,0,1
517881,player,10.4379,15.3239,0.3375,0.337487,1
517881,bullet2,14.5004,14.9869,0.8,0,1
517882,flyer4,11.4716,10.6692,-0.251421,0.163668,2
517883,flyer3,1.49999,7.39587,-0.3,0,2
517883,bullet4,14.5004,14.9865,0.8,0,1
517884,flyer5,16.5,13.7014,-0.3,0,2
517886,player,10.2195,14.4349,-0.145647,-0.0759558,1
517886,flyer6,16.5,1.53399,-0.28403,-0.0965764,2
517887,flyer4,10.2145,11.4876,-0.251421,0.163668,2
517888,flyer3,-6.4373e-06,7.39587,-0.3,0,2
517889,flyer5,15,13.7014,-0.3,0,2
517889,bullet5,10.5112,14.8678,0.8,0,1
517891,player,10.1026,14.9623,-0.0026876,0.0293531,1
517891,flyer6,15.0799,1.0511,-0.28403,-0.0965764,2
517891,bullet3,10.5026,14.9623,0.8,0,1
517892,flyer4,8.95734,12.3059,-0.251421,0.163668,2
517894,flyer5,13.5,13.7014,-0.3,0,2
517894,bullet5,14.5112,14.8678,0.8,0,1
517895,bullet6,9.91198,14.3969,0.8,0,1
517896,player,9.8356,14.3836,0.323611,-0.013298,1
517896,flyer6,13.6597,0.568221,-0.28403,-0.0965764,2
517896,bullet3,14.5026,14.9623,0.8,0,1
517897,flyer4,7.70023,13.1242,-0.251421,0.163668,2
517898,bullet1,10.4468,14.3749,0.8,0,1
517899,flyer5,12,13.7014,-0.3,0,0
517901,player,9.53777,13.8152,-0.0623722,-0.0685891,1
517901,flyer6,12.2396,0.0853386,-0.28403,-0.0965764,2
517901,bullet2,9.93777,13.8152,0.8,0,1
517902,flyer4,6.44313,13.9426,-0.251421,0.163668,2
517903,bullet4,9.89707,13.7704,0.8,0,1
517905,bullet5,9.88883,13.7614,0.8,0,1
517906,player,9.48768,13.7601,-0.00115094,-0.00126566,1
517906,flyer6,10.8194,-0.397544,-0.28403,-0.0965764,2
517906,bullet2,13.9378,13.8152,0.8,0,1
517906,bullet6,9.88768,13.7601,0.8,0,1
517907,flyer4,5.18602,14.7609,-0.251421,0.163668,2
517908,bullet4,13.8971,13.7704,0.8,0,1
517910,bullet5,13.8888,13.7614,0.8,0,1
517911,player,9.456,14.3476,0.0375678,0.0307313,1
517911,bullet6,13.8877,13.7601,0.8,0,1
517911,bullet3,9.856,14.3476,0.8,0,1
517912,flyer4,3.92891,15.5793,-0.251421,0.163668,2
517914,flayer7,16.5,1.53399,-0.261336,-0.147321,2
517915,flayer8,16.5,1.53399,-0.3,0,2
517915,bullet1,9.297,13.7832,0.8,0,1
517916,player,8.88386,13.7699,-0.0131464,-0.0132725,1
517916,bullet3,13.856,14.3476,0.8,0,1
517916,bullet2,9.28386,13.7699,0.8,0,1
517917,flyer4,2.67181,16.3976,-0.251421,0.163668,2
517919,flayer7,15.1933,0.79738,-0.261336,-0.147321,2
517919,bullet4,9.27408,13.2707,0.8,0,1
517920,flayer8,15,1.53399,-0.3,0,2
517920,bullet1,13.297,13.7832,0.8,0,1
517921,player,9.2108,13.1708,0.337257,-0.0309996,1
517921,bullet2,13.2839,13.7699,0.8,0,1
517924,flayer7,13.8866,0.0607755,-0.261336,-0.147321,2
517924,bullet4,13.2741,13.2707,0.8,0,1
517924,bullet5,10.4193,13.1478,0.8,0,1
517925,flayer8,13.5,1.53399,-0.3,0,2
517926,player,10.084,13.1459,0.020063,-0.00057203,1
517926,bullet6,10.484,13.1459,0.8,0,1
517928,bullet3,10.497,13.1455,0.8,0,1
517929,bullet5,14.4193,13.1478,0.8,0,1
517929,bullet1,10.4989,13.1455,0.8,0,1
517930,flayer8,12,1.53399,-0.3,0,2
517931,player,10.1001,13.1455,0.000370218,-1.05556e-05,1
517931,bullet6,14.484,13.1459,0.8,0,1
517932,bullet2,10.5002,13.1455,0.8,0,1
517933,bullet3,14.497,13.1455,0.8,0,1
517934,bullet1,14.4989,13.1455,0.8,0,1
517934,bullet4,10.5003,13.1454,0.8,0,1
517935,flayer8,10.5,1.53399,-0.3,0,2
517936,player,10.1004,12.8079,6.83156e-06,-0.3375,1
517937,flyer1,16.5,1.53399,-0.299825,0.0102348,2
517937,bullet2,14.5002,13.1455,0.8,0,1
517938,bullet5,10.5004,12.5877,0.8,0,1
517939,bullet4,14.5003,13.1454,0.8,0,1
517940,flayer8,9,1.53399,-0.3,0,2
517941,player,10.3206,12.8744,-0.269156,0.331272,1
517942,flyer1,15.0009,1.58516,-0.299825,0.0102348,2
517942,flyer2,16.5,1.53399,-0.3,0,2
517942,bullet6,10.5995,13.0235,0.8,0,1
517943,bullet5,14.5004,12.5877,0.8,0,1
517944,bullet3,10.5204,13.1207,0.8,0,1
517945,flayer8,7.5,1.53399,-0.3,0,2
517945,bullet1,10.5094,13.1343,0.8,0,1
517946,player,10.1044,13.1404,-0.00496669,0.0061129,1
517947,flyer1,13.5017,1.63633,-0.299825,0.0102348,2
517947,flyer2,15,1.53399,-0.3,0,2
517947,bullet6,14.5995,13.0235,0.8,0,1
517949,bullet3,14.5204,13.1207,0.8,0,1
517950,flayer8,5.99999,1.53399,-0.3,0,2
517950,bullet1,14.5094,13.1343,0.8,0,1
517951,player,10.3514,11.9992,-0.306837,-0.0989856,1
517952,flyer1,12.0026,1.68751,-0.299825,0.0102348,2
517952,flyer2,13.5,1.53399,-0.3,0,2
517953,flyer3,16.5,5.67716,-0.259279,0.150912,2
517955,flayer8,4.49999,1.53399,-0.3,0,2
517955,bullet2,10.5107,11.9215,0.8,0,1
517956,player,10.105,11.9197,-0.005662,-0.00182656,1
517956,bullet4,10.505,11.9197,0.8,0,1
517957,flyer1,10.5035,1.73868,-0.299825,0.0102348,2
517957,flyer2,12,1.53399,-0.3,0,2
517958,flyer3,15.2036,6.43172,-0.259279,0.150912,2
517959,bullet5,10.9902,12.4077,0.8,0,1
517960,flayer8,2.99999,1.53399,-0.3,0,2
517960,bullet2,14.5107,11.9215,0.8,0,1
517961,player,10.6889,12.5067,0.0306502,0.030721,1
517961,bullet4,14.505,11.9197,0.8,0,1
517962,flyer1,9.00436,1.78986,-0.299825,0.0102348,2
517962,flyer2,10.5,1.53399,-0.3,0,2
517962,bullet6,11.1027,12.5205,0.8,0,1
517963,flyer3,13.9072,7.18628,-0.259279,0.150912,2
517964,bullet5,14.9902,12.4077,0.8,0,1
517965,flayer8,1.49999,1.53399,-0.3,0,2
517966,player,10.7135,11.4535,0.000565583,-0.182063,1
517967,flyer1,7.50523,1.84103,-0.299825,0.0102348,2
517967,flyer2,9,1.53399,-0.3,0,2
517967,bullet6,15.1027,12.5205,0.8,0,1
517967,bullet3,11.1138,11.3716,0.8,0,1
517968,flyer3,12.6108,7.94084,-0.259279,0.150912,2
517970,flayer8,-6.4373e-06,1.53399,-0.3,0,2
517970,bullet1,10.5563,11.3106,0.8,0,1
517971,player,10.1255,11.3073,-0.0307443,-0.00335957,1
517972,flyer1,6.0061,1.8922,-0.299825,0.0102348,2
517972,flyer2,7.5,1.53399,-0.3,0,2
517972,bullet3,15.1138,11.3716,0.8,0,1
517972,bullet2,10.5117,11.3058,0.8,0,1
517973,flyer3,11.3144,8.6954,-0.259279,0.150912,2
517975,bullet1,14.5563,11.3106,0.8,0,1
517975,bullet4,10.5014,11.3046,0.8,0,1
517976,player,9.76334,11.6421,-0.338067,0.337438,1
517977,flyer1,4.50698,1.94338,-0.299825,0.0102348,2
517977,flyer2,5.99999,1.53399,-0.3,0,2
517977,bullet2,14.5117,11.3058,0.8,0,1
517978,flyer3,10.018,9.44996,-0.259279,0.150912,2
517980,bullet4,14.5014,11.3046,0.8,0,1
517980,bullet5,9.89808,11.9068,0.8,0,1
517981,player,9.49185,11.9131,-0.00623829,0.00622668,1
517982,flyer1,3.00785,1.99455,-0.299825,0.0102348,2
517982,flyer2,4.49999,1.53399,-0.3,0,2
517982,bullet6,9.88904,11.9159,0.8,0,1
517983,flyer3,8.72162,10.2045,-0.259279,0.150912,2
517985,bullet5,13.8981,11.9068,0.8,0,1
517986,player,8.99746,10.8402,-0.15199,-0.182515,1
517987,flyer1,1.50872,2.04573,-0.299825,0.0102348,2
517987,flyer2,2.99999,1.53399,-0.3,0,2
517987,bullet6,13.889,11.9159,0.8,0,1
517988,flyer3,7.42523,10.9591,-0.259279,0.150912,2
517991,player,9.46387,10.8066,0.02795,-0.141403,1
517991,flyer5,16.5,5.67716,-0.27016,-0.130436,2
517992,flyer1,0.00959802,2.0969,-0.299825,0.0102348,2
517992,flyer2,1.49999,1.53399,-0.3,0,2
517992,bullet3,9.87645,10.743,0.8,0,1
517993,flyer3,6.12883,11.7136,-0.259279,0.150912,2
517996,player,8.99695,10.2037,-0.151359,-0.154484,1
517996,flyer5,15.1492,5.02498,-0.27016,-0.130436,2
517996,bullet1,9.39695,10.2037,0.8,0,1
517997,flyer2,-6.4373e-06,1.53399,-0.3,0,2
517997,bullet3,13.8765,10.743,0.8,0,1
517998,flyer3,4.83243,12.4682,-0.259279,0.150912,2
517998,bullet2,9.29818,10.1028,0.8,0,1
518001,player,9.36477,10.569,0.149082,0.149024,1
518001,flyer5,13.7984,4.3728,-0.27016,-0.130436,2
518001,bullet1,13.3969,10.2037,0.8,0,1
518003,flyer3,3.53604,13.2228,-0.259279,0.150912,2
518003,bullet2,13.2982,10.1028,0.8,0,1
518003,bullet4,10.3514,10.6662,0.8,0,1
518006,player,10.0868,11.178,0.0165906,0.154625,1
518006,flyer5,12.4476,3.72062,-0.27016,-0.130436,2
518006,bullet5,10.4868,11.178,0.8,0,1
518008,flyer3,2.23964,13.9773,-0.259279,0.150912,2
518008,bullet4,14.3514,10.6662,0.8,0,1
518009,bullet6,10.4991,11.293,0.8,0,1
518010,bullet3,10.4998,11.2993,0.8,0,1
518011,player,10.1001,11.3022,0.000306143,0.00285327,1
518011,flyer5,11.0968,3.06844,-0.27016,-0.130436,2
518011,bullet5,14.4868,11.178,0.8,0,1
518012,bullet1,10.5003,11.3035,0.8,0,1
518013,flyer3,0.943248,14.7319,-0.259279,0.150912,2
518014,bullet6,14.4991,11.293,0.8,0,1
518015,bullet3,14.4998,11.2993,0.8,0,1
518015,bullet2,10.5004,11.3044,0.8,0,1
518016,player,9.76287,11.642,-0.337494,0.337553,1
518016,flyer5,9.74598,2.41627,-0.27016,-0.130436,2
518017,bullet1,14.5003,11.3035,0.8,0,1
518018,flyer3,-0.353147,15.4865,-0.259279,0.150912,2
518018,bullet4,9.94265,11.8622,0.8,0,1
518020,flyer6,16.5,8.2027,-0.289398,-0.0790502,2
518020,bullet2,14.5004,11.3044,0.8,0,1
518021,player,10.0496,12.4708,0.062116,0.0745725,1
518021,flyer5,8.39518,1.76409,-0.27016,-0.130436,2
518021,bullet5,10.4496,12.4708,0.8,0,1
518023,bullet4,13.9427,11.8622,0.8,0,1
518025,flyer6,15.053,7.80745,-0.289398,-0.0790502,2
518025,bullet6,11.056,13.087,0.8,0,1
518026,player,10.6879,13.4567,0.0319009,0.369631,1
518026,flyer5,7.04438,1.11191,-0.27016,-0.130436,2
518026,bullet5,14.4496,12.4708,0.8,0,1
518028,bullet3,11.1087,13.6978,0.8,0,1
518030,flyer6,13.606,7.4122,-0.289398,-0.0790502,2
518030,bullet6,15.056,13.087,0.8,0,1
518031,player,11.051,13.1958,0.338089,-0.061523,1
518031,flyer5,5.69358,0.45973,-0.27016,-0.130436,2
518032,flyer4,16.5,8.2027,-0.3,0,2
518033,bullet3,15.1087,13.6978,0.8,0,1
518035,flyer6,12.159,7.01695,-0.289398,-0.0790502,2
518035,flayer7,16.5,9.66319,-0.3,0,2
518036,player,11.3225,13.6357,0.00623869,0.15074,1
518036,flyer5,4.34278,-0.192448,-0.27016,-0.130436,2
518036,bullet1,11.7225,13.6357,0.8,0,1
518037,flyer4,15,8.2027,-0.3,0,2
518039,bullet2,11.7272,13.2585,0.8,0,1
518040,flyer6,10.712,6.6217,-0.289398,-0.0790502,2
518040,flayer7,15,9.66319,-0.3,0,2
518041,player,11.3276,13.1683,0.000115121,-0.0279731,1
518041,bullet1,15.7225,13.6357,0.8,0,1
518042,flyer4,13.5,8.2027,-0.3,0,2
518044,bullet2,15.7272,13.2585,0.8,0,1
518045,flyer6,9.26505,6.22645,-0.289398,-0.0790502,2
518045,flayer7,13.5,9.66319,-0.3,0,2
518045,flayer8,16.5,9.66319,-0.3,0,2
518046,player,11.679,12.994,0.320587,0.185109,1
518047,flyer4,12,8.2027,-0.3,0,2
518048,bullet4,12.2882,13.1148,0.8,0,1
518049,bullet5,12.3174,13.1316,0.8,0,1
518050,flyer6,7.81805,5.8312,-0.289398,-0.0790502,2
518050,flayer7,12,9.66319,-0.3,0,2
518050,flayer8,15,9.66319,-0.3,0,2
518051,player,11.9364,13.1426,0.00591573,0.00341578,1
518052,flyer4,10.5,8.2027,-0.3,0,2
518053,bullet4,16.2882,13.1148,0.8,0,1
518053,bullet6,11.8509,12.6555,0.8,0,1
518054,bullet5,16.3174,13.1316,0.8,0,1
518055,flyer6,6.37107,5.43595,-0.289398,-0.0790502,2
518055,flayer7,10.5,9.66319,-0.3,0,2
518055,flayer8,13.5,9.66319,-0.3,0,2
518055,bullet3,11.7526,12.5568,0.8,0,1
518056,player,11.0014,12.8806,-0.35123,0.323723,1
518057,flyer4,9,8.2027,-0.3,0,2
518058,bullet6,15.8509,12.6555,0.8,0,1
518058,bullet1,11.1722,13.0918,0.8,0,1
518060,flyer6,4.92408,5.0407,-0.289398,-0.0790502,2
518060,flayer7,9,9.66319,-0.3,0,2
518060,flayer8,12,9.66319,-0.3,0,2
518060,bullet3,15.7526,12.5568,0.8,0,1
518061,player,11.2087,13.1405,0.145394,0.00597361,1
518062,flyer4,7.5,8.2027,-0.3,0,2
518063,bullet1,15.1722,13.0918,0.8,0,1
518065,flyer6,3.47709,4.64545,-0.289398,-0.0790502,2
518065,flayer7,7.5,9.66319,-0.3,0,2
518065,flayer8,10.5,9.66319,-0.3,0,2
518065,bullet2,11.7228,13.7337,0.8,0,1
518066,player,10.9879,13.7477,-0.334817,0.0139498,1
518067,flyer4,5.99999,8.2027,-0.3,0,2
518070,flyer6,2.0301,4.2502,-0.289398,-0.0790502,2
518070,flayer7,5.99999,9.66319,-0.3,0,2
518070,flayer8,9,9.66319,-0.3,0,2
518070,bullet2,15.7228,13.7337,0.8,0,1
518070,bullet4,11.1252,13.7586,0.8,0,1
518071,player,10.7191,13.7589,-0.00617832,0.000257414,1
518072,flyer4,4.49999,8.2027,-0.3,0,2
518073,bullet5,11.115,13.759,0.8,0,1
518075,flyer6,0.583111,3.85495,-0.289398,-0.0790502,2
518075,flayer7,4.49999,9.66319,-0.3,0,2
518075,flayer8,7.5,9.66319,-0.3,0,2
518075,bullet4,15.1252,13.7586,0.8,0,1
518075,bullet6,11.1142,13.7591,0.8,0,1
518076,player,10.7141,13.7591,-0.000114007,4.75001e-06,1
518076,bullet3,10.3141,13.7591,-0.8,-6.99382e-08,1
518077,flyer4,2.99999,8.2027,-0.3,0,2
518078,bullet5,15.115,13.759,0.8,0,1
518080,flayer7,2.99999,9.66319,-0.3,0,2
518080,flayer8,5.99999,9.66319,-0.3,0,2
518080,bullet6,15.1142,13.7591,0.8,0,1
518081,player,10.714,13.1706,-2.10376e-06,-0.0307546,1
518081,bullet3,6.31409,13.7591,-0.8,-6.99382e-08,1
518082,flyer4,1.49999,8.2027,-0.3,0,2
518083,bullet1,10.6246,13.1505,0.8,0,1
518085,flayer7,1.49999,9.66319,-0.3,0,2
518085,flayer8,4.49999,9.66319,-0.3,0,2
518086,player,10.1117,13.1459,-0.0138396,-0.000567509,1
518086,bullet3,2.31409,13.7591,-0.8,-6.99382e-08,1
518086,bullet2,10.5117,13.1459,0.8,0,1
518087,flyer4,-6.4373e-06,8.2027,-0.3,0,2
518088,bullet1,14.6246,13.1505,0.8,0,1
518090,flayer7,-6.4373e-06,9.66319,-0.3,0,2
518090,flayer8,2.99999,9.66319,-0.3,0,2
518090,bullet4,9.91235,13.7339,0.8,0,1
518091,player,9.49826,13.7478,-0.014095,0.0138291,1
518091,bullet2,14.5117,13.1459,0.8,0,1
518092,flyer1,16.5,9.66319,-0.3,0,2
518094,flyer2,16.5,9.66319,-0.3,0,2
518095,flayer8,1.49999,9.66319,-0.3,0,2
518095,bullet4,13.9124,13.7339,0.8,0,1
518096,player,9.83828,14.3612,0.320325,0.0140948,1
518097,flyer1,15,9.66319,-0.3,0,2
518097,bullet5,9.58242,14.3675,-0.8,-6.99382e-08,1
518099,flyer2,15,9.66319,-0.3,0,2
518099,bullet6,9.67648,14.3717,-0.8,-6.99382e-08,1
518100,flayer8,-6.4373e-06,9.66319,-0.3,0,2
518100,bullet3,10.4896,14.3722,0.8,0,1
518101,player,10.0955,14.3725,0.00591089,0.000260089,1
518102,flyer1,13.5,9.66319,-0.3,0,2
518102,bullet5,5.58242,14.3675,-0.8,-6.99382e-08,1
518102,bullet1,9.69818,14.3726,-0.8,-6.99382e-08,1
518104,flyer2,13.5,9.66319,-0.3,0,2
518104,bullet6,5.67648,14.3717,-0.8,-6.99382e-08,1
518105,bullet3,14.4896,14.3722,0.8,0,1
518106,player,10.1003,14.3727,0.000109073,4.79937e-06,1
518107,flyer1,12,9.66319,-0.3,0,2
518107,bullet5,1.58242,14.3675,-0.8,-6.99382e-08,1
518107,bullet1,5.69818,14.3726,-0.8,-6.99382e-08,1
518109,flyer2,12,9.66319,-0.3,0,2
518109,bullet6,1.67648,14.3717,-0.8,-6.99382e-08,1
518111,player,10.5897,14.9304,0.151877,0.0683438,1
518112,flyer1,10.5,9.66319,-0.3,0,2
518112,flyer3,16.5,9.66319,-0.27005,-0.130663,2
518112,bullet1,1.69818,14.3726,-0.8,-6.99382e-08,1
518112,bullet2,10.2581,14.9612,-0.8,-6.99382e-08,1
518114,flyer2,10.5,9.66319,-0.3,0,2
518116,player,10.154,15.543,-0.0655412,0.0696049,1
518116,bullet4,10.554,15.543,0.8,0,1
518117,flyer1,9,9.66319,-0.3,0,2
518117,flyer3,15.1497,9.00988,-0.27005,-0.130663,2
518117,bullet2,6.25809,14.9612,-0.8,-6.99382e-08,1
518117,bullet3,10.5245,15.5744,0.8,0,1
518119,flyer2,9,9.66319,-0.3,0,2
518121,player,9.54363,15.6,-0.0695532,0,1
518121,bullet4,14.554,15.543,0.8,0,1
518121,bullet5,9.94363,15.6,0.8,0,1
518122,flyer1,7.5,9.66319,-0.3,0,2
518122,flyer3,13.7995,8.35656,-0.27005,-0.130663,2
518122,bullet2,2.25809,14.9612,-0.8,-6.99382e-08,1
518122,bullet3,14.5245,15.5744,0.8,0,1
518124,flyer2,7.5,9.66319,-0.3,0,2
518126,player,9.44318,15.0423,0.0532207,-0.0683438,1
518126,bullet5,13.9436,15.6,0.8,0,1
518126,bullet6,9.84318,15.0423,0.8,0,1
518127,flyer1,5.99999,9.66319,-0.3,0,2
518127,flyer3,12.4492,7.70325,-0.27005,-0.130663,2
518129,flyer2,5.99999,9.66319,-0.3,0,2
518131,player,9.86802,13.8274,0.283978,-0.0834445,1
518131,bullet6,13.8432,15.0423,0.8,0,1
518132,flyer1,4.49999,9.66319,-0.3,0,2
518132,flyer3,11.099,7.04993,-0.27005,-0.130663,2
518133,bullet1,10.4533,13.7729,0.8,0,1
518134,flyer2,4.49999,9.66319,-0.3,0,2
518134,bullet4,10.4792,13.7653,0.8,0,1
518136,player,10.0961,13.7603,0.00524019,-0.00153979,1
518136,bullet3,10.4961,13.7603,0.8,0,1
518137,flyer1,2.99999,9.66319,-0.3,0,2
518137,flyer3,9.74875,6.39662,-0.27005,-0.130663,2
518138,bullet1,14.4533,13.7729,0.8,0,1
518139,flyer2,2.99999,9.66319,-0.3,0,2
518139,bullet4,14.4792,13.7653,0.8,0,1
518140,bullet2,10.5002,13.1707,0.8,0,1
518141,player,9.76278,13.4943,-0.337403,0.323632,1
518141,bullet3,14.4961,13.7603,0.8,0,1
518142,flyer1,1.49999,9.66319,-0.3,0,2
518142,flyer3,8.3985,5.74331,-0.27005,-0.130663,2
518143,bullet5,9.94263,13.7055,0.8,0,1
518144,flyer2,1.49999,9.66319,-0.3,0,2
518144,bullet6,9.91188,13.735,0.8,0,1
518145,bullet2,14.5002,13.1707,0.8,0,1
518146,player,9.49182,13.4167,-0.00622604,-0.331528,1
518147,flyer1,-6.4373e-06,9.66319,-0.3,0,2
518147,flyer3,7.04825,5.08999,-0.27005,-0.130663,2
518148,bullet5,13.9426,13.7055,0.8,0,1
518149,flyer2,-6.4373e-06,9.66319,-0.3,0,2
518149,bullet6,13.9119,13.735,0.8,0,1
518151,player,8.39513,13.0375,-0.165829,0.131918,1
518151,flyer5,16.5,0.642678,-0.23208,-0.190102,2
518151,bullet1,8.79513,13.0375,0.8,0,1
518152,flyer3,5.698,4.43668,-0.27005,-0.130663,2
518153,flyer6,16.5,0.642678,-0.3,0,2
518154,bullet4,8.67181,13.625,0.8,0,1
518156,player,8.59945,13.7319,0.33444,0.0331889,1
518156,flyer5,15.3396,-0.307831,-0.23208,-0.190102,2
518156,bullet1,12.7951,13.0375,0.8,0,1
518157,flyer3,4.34775,3.78336,-0.27005,-0.130663,2
518157,bullet3,9.14995,13.7469,0.8,0,1
518158,flyer6,15,0.642678,-0.3,0,2
518159,bullet4,12.6718,13.625,0.8,0,1
518159,bullet2,9.24815,13.7566,0.8,0,1
518161,player,8.86803,13.7586,0.00617136,0.000612429,1
518162,flyer3,2.9975,3.13005,-0.27005,-0.130663,2
518162,bullet3,13.1499,13.7469,0.8,0,1
518162,bullet5,9.27081,13.7589,0.8,0,1
518163,flyer6,13.5,0.642678,-0.3,0,2
518164,bullet2,13.2481,13.7566,0.8,0,1
518166,player,8.31527,12.8639,-0.0682299,-0.405832,1
518167,flyer3,1.64725,2.47673,-0.27005,-0.130663,2
518167,bullet5,13.2708,13.7589,0.8,0,1
518168,flyer6,12,0.642678,-0.3,0,2
518168,flyer4,16.5,6.80603,-0.3,0,2
518170,bullet6,8.66174,13.1339,0.8,0,1
518171,player,8.26048,13.1403,-0.00125903,0.00635086,1
518172,flyer3,0.296994,1.82341,-0.27005,-0.130663,2
518172,bullet1,8.65991,13.1431,0.8,0,1
518173,flyer6,10.5,0.642678,-0.3,0,2
518173,flyer4,15,6.80603,-0.3,0,2
518175,bullet6,12.6617,13.1339,0.8,0,1
518176,player,8.47968,13.1454,-0.269179,0.000117191,1
518177,bullet1,12.6599,13.1431,0.8,0,1
518177,bullet4,8.75855,13.1454,0.8,0,1
518178,flyer6,9,0.642678,-0.3,0,2
518178,flyer4,13.5,6.80603,-0.3,0,2
518181,player,7.77414,12.6561,-0.156842,-0.151873,1
518182,flayer7,16.5,11.8174,-0.3,0,2
518182,bullet4,12.7586,13.1454,0.8,0,1
518183,flyer6,7.5,0.642678,-0.3,0,2
518183,flyer4,12,6.80603,-0.3,0,2
518186,player,6.83949,12.9024,0.235507,0.297108,1
518187,flayer7,15,11.8174,-0.3,0,2
518187,flayer8,16.5,11.8174,-0.3,0,2
518187,bullet3,7.34547,13.0361,0.8,0,1
518188,flyer6,5.99999,0.642678,-0.3,0,2
518188,flyer4,10.5,6.80603,-0.3,0,2
518189,bullet2,6.61462,13.1233,-0.8,-6.99382e-08,1
518191,player,7.02862,13.141,0.00434577,0.00548249,1
518192,flayer7,13.5,11.8174,-0.3,0,2
518192,flayer8,15,11.8174,-0.3,0,2
518192,bullet3,11.3455,13.0361,0.8,0,1
518193,flyer6,4.49999,0.642678,-0.3,0,2
518193,flyer4,9,6.80603,-0.3,0,2
518193,bullet5,7.43145,13.1445,0.8,0,1
518194,bullet2,2.61462,13.1233,-0.8,-6.99382e-08,1
518196,player,6.69461,14.0406,-0.33742,0.405945,1
518197,flayer7,12,11.8174,-0.3,0,2
518197,flayer8,13.5,11.8174,-0.3,0,2
518197,bullet3,15.3455,13.0361,0.8,0,1
518197,bullet6,6.94277,14.2233,0.8,0,1
518198,flyer6,2.99999,0.642678,-0.3,0,2
518198,flyer4,7.5,6.80603,-0.3,0,2
518198,bullet5,11.4315,13.1445,0.8,0,1
518201,player,6.42363,13.8089,-0.00622634,-0.0608529,1
518201,bullet1,6.82363,13.8089,0.8,0,1
518202,flayer7,10.5,11.8174,-0.3,0,2
518202,flayer8,12,11.8174,-0.3,0,2
518202,bullet6,10.9428,14.2233,0.8,0,1
518203,flyer6,1.49999,0.642678,-0.3,0,2
518203,flyer4,5.99999,6.80603,-0.3,0,2
518203,bullet5,15.4315,13.1445,0.8,0,1
518203,bullet4,6.81957,13.7692,0.8,0,1
518206,player,6.41863,13.2023,-0.000114894,-0.0694667,1
518206,bullet1,10.8236,13.8089,0.8,0,1
518206,bullet2,6.81863,13.2023,0.8,0,1
518207,flayer7,9,11.8174,-0.3,0,2
518207,flayer8,10.5,11.8174,-0.3,0,2
518207,bullet6,14.9428,14.2233,0.8,0,1
518208,flyer6,-6.4373e-06,0.642678,-0.3,0,2
518208,flyer4,4.49999,6.80603,-0.3,0,2
518208,bullet4,10.8196,13.7692,0.8,0,1
518209,bullet3,6.81855,13.1506,0.8,0,1
518211,player,6.41854,13.1465,-2.12011e-06,-0.00128186,1
518211,bullet1,14.8236,13.8089,0.8,0,1
518211,bullet2,10.8186,13.2023,0.8,0,1
518212,flayer7,7.5,11.8174,-0.3,0,2
518212,flayer8,9,11.8174,-0.3,0,2
518213,flyer4,2.99999,6.80603,-0.3,0,2
518213,bullet4,14.8196,13.7692,0.8,0,1
518213,bullet5,6.81854,13.1457,0.8,0,1
518214,bullet3,10.8186,13.1506,0.8,0,1
