473881,player,8.45144,0.646477,0,0,1
473882,bullet1,8.85144,0.646477,0.8,0,1
473885,bullet2,9.40916,0.4,0.8,0,1
473886,player,9.03992,0.4,0.0307547,-0,1
473887,bullet1,12.8514,0.646477,0.8,0,1
473889,bullet3,9.46279,0.4,0.8,0,1
473890,bullet2,13.4092,0.4,0.8,0,1
473890,bullet4,9.46405,0.4,0.8,0,1
473891,player,9.06462,0.4,0.00056751,0,1
473892,bullet5,9.46488,0.4,0.8,0,1
473894,bullet3,13.4628,0.4,0.8,0,1
473895,bullet4,13.4641,0.4,0.8,0,1
473896,player,9.55445,0.4,0.151885,0,1
473897,bullet5,13.4649,0.4,0.8,0,1
473901,player,10.2787,0.41384,0.0166423,-0.0169151,1
473901,bullet6,10.6787,0.41384,0.8,0,1
473904,bullet1,10.1334,0.401261,0.8,0,1
473905,bullet2,10.1033,0.400567,0.8,0,1
473906,player,9.6898,0.400255,-0.0135325,-0.000312131,1
473906,bullet6,14.6787,0.41384,0.8,0,1
473907,flyer1,16.5,1.23677,-0.3,0,2
473909,bullet1,14.1334,0.401261,0.8,0,1
473909,bullet3,10.0797,0.889398,0.8,0,1
473910,bullet2,14.1033,0.400567,0.8,0,1
473911,player,10.0164,0.650978,0.33725,-0.306751,1
473912,bullet4,10.5682,0.51294,0.8,0,1
473914,bullet3,14.0797,0.889398,0.8,0,1
473916,player,9.79791,0.889375,-0.145652,0.151875,1
473917,bullet4,14.5682,0.51294,0.8,0,1
473921,player,9.12322,0.4,-0.0710314,-0,1
473925,flyer2,16.5,12.1221,-0.3,0,2
473925,bullet5,9.36838,0.4,0.8,0,1
473926,player,9.02157,0.4,0.0531934,0,1
473930,flyer2,15,12.1221,-0.3,0,2
473930,flyer3,16.5,12.1221,-0.284756,-0.0944131,2
473930,bullet5,13.3684,0.4,0.8,0,1
473930,bullet6,9.56241,0.889375,0.8,0,1
473931,player,9.10889,0.957719,-0.0535226,0.0683438,1
473932,bullet1,9.4848,0.988474,0.8,0,1
473935,flyer2,13.5,12.1221,-0.3,0,2
473935,flyer3,15.0762,11.6501,-0.284756,-0.0944131,2
473935,bullet6,13.5624,0.889375,0.8,0,1
473935,bullet2,9.95627,1.01134,0.8,0,1
473936,player,9.62363,1.0126,0.0673561,0.00126113,1
473937,bullet1,13.4848,0.988474,0.8,0,1
473939,bullet3,8.78434,0.524168,-0.8,-6.99382e-08,1
473940,flyer2,12,12.1221,-0.3,0,2
473940,flyer3,13.6524,11.178,-0.284756,-0.0944131,2
473940,bullet2,13.9563,1.01134,0.8,0,1
473941,player,8.75175,0.4,-0.367012,-0,1
473943,bullet4,8.91227,0.4,0.8,0,1
473944,bullet3,4.78434,0.524167,-0.8,-6.99382e-08,1
473945,flyer2,10.5,12.1221,-0.3,0,2
473945,flyer3,12.2287,10.7059,-0.284756,-0.0944131,2
473945,bullet5,8.86378,0.4,0.8,0,1
473946,player,8.45701,0.4,-0.0067724,0,1
473946,bullet6,8.85701,0.4,0.8,0,1
473948,bullet4,12.9123,0.4,0.8,0,1
473949,bullet3,0.78434,0.524167,-0.8,-6.99382e-08,1
473950,flyer2,9,12.1221,-0.3,0,2
473950,flyer3,10.8049,10.2339,-0.284756,-0.0944131,2
473950,bullet5,12.8638,0.4,0.8,0,1
473951,player,7.8631,0.650973,-0.0308797,-0.306745,1
473951,bullet6,12.857,0.4,0.8,0,1
473955,flyer2,7.5,12.1221,-0.3,0,2
473955,flyer3,9.38108,9.76182,-0.284756,-0.0944131,2
473955,flyer4,16.5,12.1221,-0.265909,0.138897,2
473955,bullet1,7.68115,0.96801,0.8,0,1
473956,player,7.24982,0.993105,-0.0313245,0.0250944,1
473956,bullet2,7.64982,0.993105,0.8,0,1
473960,flyer2,5.99999,12.1221,-0.3,0,2
473960,flyer3,7.9573,9.28975,-0.284756,-0.0944131,2
473960,flyer4,15.1705,12.8166,-0.265909,0.138897,2
473960,bullet1,11.6811,0.96801,0.8,0,1
473961,player,6.97369,0.706512,0.306167,-0.374626,1
473961,bullet2,11.6498,0.993105,0.8,0,1
473962,bullet3,6.71147,0.537931,-0.8,-6.99382e-08,1
473964,bullet4,7.60137,0.427931,0.8,0,1
473965,flyer2,4.49999,12.1221,-0.3,0,2
473965,flyer3,6.53352,8.81769,-0.284756,-0.0944131,2
473965,flyer4,13.8409,13.5111,-0.265909,0.138897,2
473965,bullet1,15.6811,0.96801,0.8,0,1
473966,player,7.55707,0.743156,0.34315,0.330587,1
473966,bullet2,15.6498,0.993105,0.8,0,1
473967,bullet3,2.71147,0.53793,-0.8,-6.99382e-08,1
473969,bullet4,11.6014,0.427931,0.8,0,1
473970,flyer2,2.99999,12.1221,-0.3,0,2
473970,flyer3,5.10974,8.34562,-0.284756,-0.0944131,2
473970,flyer4,12.5114,14.2056,-0.265909,0.138897,2
473971,player,7.27493,0.4,-0.0620117,0,1
473971,bullet5,7.67493,0.4,0.8,0,1
473974,bullet4,15.6014,0.427931,0.8,0,1
473974,bullet6,7.38653,0.4,-0.8,-6.99382e-08,1
473975,flyer2,1.49999,12.1221,-0.3,0,2
473975,flyer3,3.68596,7.87356,-0.284756,-0.0944131,2
473975,flyer4,11.1818,14.9001,-0.265909,0.138897,2
473976,player,7.82744,0.4,0.0126953,0,1
473976,bullet5,11.6749,0.4,0.8,0,1
473976,bullet1,8.22744,0.4,0.8,0,1
473978,bullet2,8.23572,0.4,0.8,0,1
473979,bullet6,3.38653,0.4,-0.8,-6.99382e-08,1
473980,flyer2,-6.4373e-06,12.1221,-0.3,0,2
473980,flyer3,2.26218,7.40149,-0.284756,-0.0944131,2
473980,flyer4,9.85227,15.5946,-0.265909,0.138897,2
473981,player,7.83764,0.4,0.000234264,-0,1
473981,bullet5,15.6749,0.4,0.8,0,1
473981,bullet1,12.2274,0.4,0.8,0,1
473982,bullet3,8.23774,0.4,0.8,0,1
473983,bullet2,12.2357,0.4,0.8,0,1
473984,bullet4,8.23781,0.4,0.8,0,1
473985,flyer3,0.838395,6.92943,-0.284756,-0.0944131,2
473985,flyer4,8.52272,16.289,-0.265909,0.138897,2
473986,player,7.83782,0.4,4.32284e-06,0,1
473986,bullet1,16.2274,0.4,0.8,0,1
473987,bullet3,12.2377,0.4,0.8,0,1
473988,bullet2,16.2357,0.4,0.8,0,1
473988,bullet5,8.23783,0.4,0.8,0,1
473989,bullet4,12.2378,0.4,0.8,0,1
473990,flyer5,16.5,12.1221,-0.256993,-0.154772,2
473991,player,7.83783,0.4,7.97685e-08,-0,1
473992,bullet3,16.2377,0.4,0.8,0,1
473993,flyer6,16.5,12.2959,-0.298957,-0.0249894,2
473993,bullet5,12.2378,0.4,0.8,0,1
473994,bullet4,16.2378,0.4,0.8,0,1
473995,flyer5,15.215,11.3483,-0.256993,-0.154772,2
473995,flayer7,16.5,12.2959,-0.3,0,2
473996,player,7.83783,0.4,1.47195e-09,0,1
473998,flyer6,15.0052,12.171,-0.298957,-0.0249894,2
473998,bullet5,16.2378,0.4,0.8,0,1
473998,bullet6,8.23783,0.4,0.8,0,1
473999,bullet1,8.23783,0.4,0.8,0,1
474000,flyer5,13.9301,10.5744,-0.256993,-0.154772,2
474000,flayer7,15,12.2959,-0.3,0,2
474001,player,7.83783,0.4,2.71617e-11,0,1
474001,bullet2,8.23783,0.4,0.8,0,1
474003,flyer6,13.5104,12.046,-0.298957,-0.0249894,2
474003,bullet6,12.2378,0.4,0.8,0,1
474003,bullet3,8.23783,0.4,0.8,0,1
474004,bullet1,12.2378,0.4,0.8,0,1
474005,flyer5,12.6451,9.80056,-0.256993,-0.154772,2
474005,flayer7,13.5,12.2959,-0.3,0,2
474006,player,7.01095,0.7375,-0.489375,0.3375,1
474006,bullet2,12.2378,0.4,0.8,0,1
474008,flyer6,12.0156,11.9211,-0.298957,-0.0249894,2
474008,bullet6,16.2378,0.4,0.8,0,1
474008,bullet3,12.2378,0.4,0.8,0,1
474009,bullet1,16.2378,0.4,0.8,0,1
474009,bullet4,7.04704,0.499099,0.8,0,1
474010,flyer5,11.3601,9.0267,-0.256993,-0.154772,2
474010,flayer7,12,12.2959,-0.3,0,2
474011,player,6.95545,0.4,0.32847,-0,1
474011,bullet2,16.2378,0.4,0.8,0,1
474013,flyer6,10.5208,11.7962,-0.298957,-0.0249894,2
474013,bullet3,16.2378,0.4,0.8,0,1
474013,bullet5,7.56977,0.4,0.8,0,1
474014,bullet4,11.047,0.499099,0.8,0,1
474015,flyer5,10.0752,8.25284,-0.256993,-0.154772,2
474015,flayer7,10.5,12.2959,-0.3,0,2
474016,player,7.21924,0.7375,0.00606119,0.3375,1
474018,flyer6,9.02605,11.6712,-0.298957,-0.0249894,2
474018,bullet5,11.5698,0.4,0.8,0,1
474018,bullet6,6.82319,0.957719,-0.8,-6.99382e-08,1
474019,bullet4,15.047,0.499099,0.8,0,1
474020,flyer5,8.7902,7.47898,-0.256993,-0.154772,2
474020,flayer7,9,12.2959,-0.3,0,2
474021,player,7.00388,1.90376,0.269268,0.412072,1
474023,flyer6,7.53127,11.5463,-0.298957,-0.0249894,2
474023,bullet5,15.5698,0.4,0.8,0,1
474023,bullet6,2.82319,0.957718,-0.8,-6.99382e-08,1
474023,bullet1,7.57958,2.17264,0.8,0,1
474025,flyer5,7.50524,6.70512,-0.256993,-0.154772,2
474025,flayer7,7.5,12.2959,-0.3,0,2
474025,bullet2,7.61516,2.22708,0.8,0,1
474026,player,7.55763,2.23469,0.342469,0.00760388,1
474028,flyer6,6.03648,11.4213,-0.298957,-0.0249894,2
474028,bullet1,11.5796,2.17264,0.8,0,1
474028,bullet3,7.38109,2.23965,-0.8,-6.99382e-08,1
474030,flyer5,6.22027,5.93126,-0.256993,-0.154772,2
474030,flayer7,5.99999,12.2959,-0.3,0,2
474030,bullet2,11.6152,2.22708,0.8,0,1
474031,player,7.49516,2.02058,-0.331181,0.269297,1
474033,flyer6,4.54169,11.2964,-0.298957,-0.0249894,2
474033,bullet1,15.5796,2.17264,0.8,0,1
474033,bullet3,3.38109,2.23965,-0.8,-6.99382e-08,1
474034,bullet4,7.64889,1.66311,0.8,0,1
474035,flyer5,4.9353,5.1574,-0.256993,-0.154772,2
474035,flayer7,4.49999,12.2959,-0.3,0,2
474035,bullet2,15.6152,2.22708,0.8,0,1
474036,player,7.2292,1.63453,-0.00611121,-0.00887033,1
474036,bullet5,7.6292,1.63453,0.8,0,1
474038,flyer6,3.04691,11.1714,-0.298957,-0.0249894,2
474038,bullet6,7.62521,1.62874,0.8,0,1
474039,bullet4,11.6489,1.66311,0.8,0,1
474039,bullet1,7.62465,1.62793,0.8,0,1
474040,flyer5,3.65034,4.38354,-0.256993,-0.154772,2
474040,flayer7,2.99999,12.2959,-0.3,0,2
474041,player,7.56179,1.96491,0.337387,0.337336,1
474041,bullet5,11.6292,1.63453,0.8,0,1
474043,flyer6,1.55212,11.0465,-0.298957,-0.0249894,2
474043,bullet6,11.6252,1.62874,0.8,0,1
474044,bullet4,15.6489,1.66311,0.8,0,1
474044,bullet1,11.6247,1.62793,0.8,0,1
474045,flyer5,2.36537,3.60967,-0.256993,-0.154772,2
474045,flayer7,1.49999,12.2959,-0.3,0,2
474046,player,8.32211,2.72519,0.158101,0.1581,1
474046,bullet5,15.6292,1.63453,0.8,0,1
474048,flyer6,0.0573323,10.9215,-0.298957,-0.0249894,2
474048,bullet6,15.6252,1.62874,0.8,0,1
474049,bullet1,15.6247,1.62793,0.8,0,1
474050,flyer5,1.0804,2.83581,-0.256993,-0.154772,2
474050,flayer7,-6.4373e-06,12.2959,-0.3,0,2
474050,flayer8,16.5,12.2959,-0.3,0,2
474051,player,7.89136,2.85216,-0.0654263,0.00291739,1
474051,flyer1,16.5,8.63816,-0.3,0,2
474052,flyer2,16.5,8.63816,-0.220864,0.203025,2
474053,bullet2,8.73805,2.85406,0.8,0,1
474055,flyer5,-0.204563,2.06195,-0.256993,-0.154772,2
474055,flayer8,15,12.2959,-0.3,0,2
474055,bullet3,8.8285,2.85445,0.8,0,1
474056,player,8.44113,2.8545,0.0126323,5.3834e-05,1
474056,flyer1,15,8.63816,-0.3,0,2
474056,bullet4,8.04113,2.8545,-0.8,-6.99382e-08,1
474057,flyer2,15.3957,9.65329,-0.220864,0.203025,2
474058,bullet2,12.738,2.85406,0.8,0,1
474060,flayer8,13.5,12.2959,-0.3,0,2
474060,bullet3,12.8285,2.85445,0.8,0,1
474060,bullet5,8.29332,3.41226,0.8,0,1
474061,player,7.8628,3.44302,-0.0305216,0.0307557,1
474061,flyer1,13.5,8.63816,-0.3,0,2
474061,bullet4,4.04113,2.8545,-0.8,-6.99382e-08,1
474062,flyer2,14.2914,10.6684,-0.220864,0.203025,2
474065,flayer8,12,12.2959,-0.3,0,2
474065,bullet5,12.2933,3.41226,0.8,0,1
474065,bullet6,7.68114,4.02487,0.8,0,1
474066,player,6.91232,4.39369,-0.368818,0.368822,1
474066,flyer1,12,8.63816,-0.3,0,2
474066,bullet4,0.0411311,2.8545,-0.8,-6.99382e-08,1
474067,flyer2,13.187,11.6835,-0.220864,0.203025,2
474070,flayer8,10.5,12.2959,-0.3,0,2
474070,bullet5,16.2933,3.41226,0.8,0,1
474070,bullet6,11.6811,4.02487,0.8,0,1
474071,player,5.46994,4.68988,-0.105904,0.00680581,1
474071,flyer1,10.5,8.63816,-0.3,0,2
474072,flyer2,12.0827,12.6987,-0.220864,0.203025,2
474072,bullet1,5.82228,4.69295,0.8,0,1
474073,bullet2,5.80083,4.69433,0.8,0,1
474075,flayer8,9,12.2959,-0.3,0,2
474075,bullet6,15.6811,4.02487,0.8,0,1
474076,player,5.04738,4.54348,-0.339454,0.185751,1
474076,flyer1,9,8.63816,-0.3,0,2
474077,flyer2,10.9784,13.7138,-0.220864,0.203025,2
474077,bullet1,9.82228,4.69295,0.8,0,1
474078,bullet2,9.80083,4.69433,0.8,0,1
474078,bullet3,5.22589,4.66468,0.8,0,1
474080,flayer8,7.5,12.2959,-0.3,0,2
474081,player,3.87956,5.03015,-0.412108,0.340928,1
474081,flyer1,7.5,8.63816,-0.3,0,2
474082,flyer2,9.87407,14.7289,-0.220864,0.203025,2
474082,bullet1,13.8223,4.69295,0.8,0,1
474083,bullet2,13.8008,4.69433,0.8,0,1
474083,bullet3,9.22589,4.66468,0.8,0,1
474083,bullet4,4.01065,5.2526,0.8,0,1
474085,flayer8,5.99999,12.2959,-0.3,0,2
474086,player,4.03797,5.79332,0.14427,0.158166,1
474086,flyer1,5.99999,8.63816,-0.3,0,2
474086,bullet5,4.43797,5.79332,0.8,0,1
474087,flyer2,8.76975,15.744,-0.220864,0.203025,2
474088,bullet3,13.2259,4.66468,0.8,0,1
474088,bullet4,8.01066,5.2526,0.8,0,1
474089,bullet6,4.54526,5.91093,0.8,0,1
474090,flayer8,4.49999,12.2959,-0.3,0,2
474091,player,4.15384,5.92034,0.0026622,0.00291861,1
474091,flyer1,4.49999,8.63816,-0.3,0,2
474091,bullet5,8.43797,5.79332,0.8,0,1
474092,bullet1,4.55504,5.92165,0.8,0,1
474093,bullet4,12.0107,5.2526,0.8,0,1
474094,bullet6,8.54526,5.91093,0.8,0,1
474095,flayer8,2.99999,12.2959,-0.3,0,2
474096,player,3.905,5.67171,0.306794,0.306799,1
474096,flyer1,2.99999,8.63816,-0.3,0,2
474096,bullet5,12.438,5.79332,0.8,0,1
474097,bullet1,8.55504,5.92165,0.8,0,1
474098,bullet4,16.0107,5.2526,0.8,0,1
474099,bullet6,12.5453,5.91093,0.8,0,1
474099,bullet2,5.09086,6.45757,0.8,0,1
474100,flayer8,1.49999,12.2959,-0.3,0,2
474101,player,4.7537,6.03103,0.0195008,-0.132374,1
474101,flyer1,1.49999,8.63816,-0.3,0,2
474102,bullet1,12.555,5.92165,0.8,0,1
474104,bullet2,9.09086,6.45757,0.8,0,1
474104,bullet3,4.61048,5.9326,0.8,0,1
474105,flayer8,-6.4373e-06,12.2959,-0.3,0,2
474106,player,4.16705,5.58723,-0.0134798,-0.339943,1
474106,flyer1,-6.4373e-06,8.63816,-0.3,0,2
474107,bullet1,16.555,5.92165,0.8,0,1
474107,bullet4,4.56098,5.43425,0.8,0,1
474109,flyer4,16.5,8.63816,-0.217069,0.207078,2
474109,bullet2,13.0909,6.45757,0.8,0,1
474109,bullet3,8.61048,5.9326,0.8,0,1
474110,bullet5,5.04584,4.83112,0.8,0,1
474111,player,4.71394,4.7565,0.068095,-0.0746166,1
474112,bullet4,8.56098,5.43425,0.8,0,1
474114,flyer4,15.4147,9.67355,-0.217069,0.207078,2
474114,bullet3,12.6105,5.9326,0.8,0,1
474114,bullet6,5.16458,4.70102,0.8,0,1
474115,bullet5,9.04584,4.83112,0.8,0,1
474116,player,4.43113,5.03408,-0.336243,0.336123,1
474117,bullet4,12.561,5.43425,0.8,0,1
474119,flyer4,14.3293,10.7089,-0.217069,0.207078,2
474119,bullet6,9.16458,4.70102,0.8,0,1
474120,bullet5,13.0458,4.83112,0.8,0,1
474121,player,4.76341,5.41695,0.00763497,-0.131833,1
474121,bullet1,5.16341,5.41695,0.8,0,1
474123,bullet2,5.16839,5.33093,0.8,0,1
474124,flyer4,13.244,11.7443,-0.217069,0.207078,2
474124,bullet6,13.1646,4.70102,0.8,0,1
474126,player,4.76954,4.82171,0.000140887,-0.154308,1
474126,bullet1,9.16341,5.41695,0.8,0,1
474127,bullet3,5.1696,4.75227,0.8,0,1
474128,bullet2,9.16839,5.33093,0.8,0,1
474129,flyer4,12.1586,12.7797,-0.217069,0.207078,2
474130,bullet4,5.72737,4.14291,0.8,0,1
474131,player,5.35813,4.10931,0.0307573,-0.0336021,1
474131,bullet1,13.1634,5.41695,0.8,0,1
474132,bullet3,9.1696,4.75227,0.8,0,1
474133,bullet2,13.1684,5.33093,0.8,0,1
474134,flyer4,11.0733,13.8151,-0.217069,0.207078,2
474135,bullet4,9.72737,4.14291,0.8,0,1
474136,player,5.04532,4.08233,-0.336932,-0.000620053,1
474137,bullet3,13.1696,4.75227,0.8,0,1
474138,flyer3,16.5,8.63816,-0.3,0,2
474139,flyer4,9.98794,14.8505,-0.217069,0.207078,2
474140,bullet4,13.7274,4.14291,0.8,0,1
474140,bullet5,4.62324,4.08184,0.8,0,1
474141,player,4.18627,4.08183,-0.036972,-1.14417e-05,1
474143,flyer3,15,8.63816,-0.3,0,2
474143,bullet6,4.56214,4.08182,0.8,0,1
474144,flyer4,8.9026,15.8859,-0.217069,0.207078,2
474145,bullet5,8.62324,4.08184,0.8,0,1
474146,player,4.71429,4.63954,0.0676615,0.0683435,1
474147,flyer6,16.5,12.5077,-0.3,0,2
474147,bullet1,5.14474,4.6703,0.8,0,1
474148,flyer3,13.5,8.63816,-0.3,0,2
474148,bullet6,8.56214,4.08182,0.8,0,1
474148,bullet2,5.15844,4.68414,0.8,0,1
474150,bullet5,12.6232,4.08184,0.8,0,1
474151,player,4.43113,5.03193,-0.336251,0.338761,1
474152,flyer6,15,12.5077,-0.3,0,2
474152,bullet1,9.14474,4.6703,0.8,0,1
474153,flyer3,12,8.63816,-0.3,0,2
474153,bullet6,12.5621,4.08182,0.8,0,1
474153,bullet2,9.15844,4.68414,0.8,0,1
474156,player,3.82359,5.64148,-0.343705,0.343751,1
474157,flyer6,13.5,12.5077,-0.3,0,2
474157,bullet1,13.1447,4.6703,0.8,0,1
474157,bullet3,4.06892,5.79617,0.8,0,1
474158,flyer3,10.5,8.63816,-0.3,0,2
474158,bullet2,13.1584,4.68414,0.8,0,1
474160,bullet4,3.95391,5.9112,0.8,0,1
474161,player,3.21007,6.25504,-0.343842,0.343843,1
474162,flyer6,12,12.5077,-0.3,0,2
474162,bullet3,8.06893,5.79617,0.8,0,1
474163,flyer3,9,8.63816,-0.3,0,2
474163,bullet5,3.38571,6.4794,0.8,0,1
474165,bullet4,7.95391,5.9112,0.8,0,1
474166,player,2.93393,6.53118,-0.00634486,0.00634487,1
474166,bullet6,3.33393,6.53118,0.8,0,1
474167,flyer6,10.5,12.5077,-0.3,0,2
474167,bullet3,12.0689,5.79617,0.8,0,1
474168,flyer3,7.5,8.63816,-0.3,0,2
474168,bullet5,7.38571,6.4794,0.8,0,1
474170,bullet4,11.9539,5.9112,0.8,0,1
474171,player,2.92884,5.48918,-0.00011708,-0.220102,1
474171,bullet6,7.33393,6.53118,0.8,0,1
474172,flyer6,9,12.5077,-0.3,0,2
474172,bullet3,16.0689,5.79617,0.8,0,1
474173,flyer3,5.99999,8.63816,-0.3,0,2
474173,bullet5,11.3857,6.4794,0.8,0,1
474173,bullet1,3.32876,5.34556,0.8,0,1
474175,bullet4,15.9539,5.9112,0.8,0,1
474176,player,2.37102,5.87014,-0.0683459,0.0642823,1
474176,bullet6,11.3339,6.53118,0.8,0,1
474176,bullet2,2.77102,5.87014,0.8,0,1
474177,flyer6,7.5,12.5077,-0.3,0,2
474178,flyer3,4.49999,8.63816,-0.3,0,2
474178,bullet5,15.3857,6.4794,0.8,0,1
474178,bullet1,7.32876,5.34556,0.8,0,1
474181,player,1.75842,5.92176,-0.0696049,0.00118619,1
474181,bullet6,15.3339,6.53118,0.8,0,1
474181,bullet2,6.77102,5.87014,0.8,0,1
474181,bullet3,2.15842,5.92176,0.8,0,1
474182,flyer6,5.99999,12.5077,-0.3,0,2
474183,flyer3,2.99999,8.63816,-0.3,0,2
474183,bullet1,11.3288,5.34556,0.8,0,1
474184,bullet4,2.10666,5.43327,0.8,0,1
474186,player,1.36502,5.67174,-0.338784,0.306767,1
474186,bullet2,10.771,5.87014,0.8,0,1
474186,bullet3,6.15842,5.92176,0.8,0,1
474187,flyer6,4.49999,12.5077,-0.3,0,2
474188,flyer3,1.49999,8.63816,-0.3,0,2
474188,bullet1,15.3288,5.34556,0.8,0,1
474189,bullet4,6.10666,5.43327,0.8,0,1
474191,player,1.09295,5.9181,-0.00625152,0.00566072,1
474191,bullet2,14.771,5.87014,0.8,0,1
474191,bullet3,10.1584,5.92176,0.8,0,1
474192,flyer6,2.99999,12.5077,-0.3,0,2
474193,flyer3,-6.4373e-06,8.63816,-0.3,0,2
474193,bullet5,1.48887,5.92179,0.8,0,1
474194,bullet4,10.1067,5.43327,0.8,0,1
474196,player,1.08793,5.92265,-0.000115358,0.000104456,1
474196,bullet3,14.1584,5.92176,0.8,0,1
474196,bullet6,1.48793,5.92265,0.8,0,1
474197,flyer6,1.49999,12.5077,-0.3,0,2
474198,bullet5,5.48887,5.92179,0.8,0,1
474199,bullet4,14.1067,5.43327,0.8,0,1
474200,bullet1,0.99846,6.4121,0.8,0,1
474201,player,0.530115,6.48045,-0.0683459,0.0683457,1
474201,bullet6,5.48793,5.92265,0.8,0,1
474202,flyer6,-6.4373e-06,12.5077,-0.3,0,2
474202,bullet2,0.0993589,6.5112,-0.8,-6.99382e-08,1
474203,bullet5,9.48887,5.92179,0.8,0,1
474203,bullet3,0.885519,6.52504,0.8,0,1
474205,bullet1,4.99846,6.4121,0.8,0,1
474206,player,0.475227,6.53533,-0.00126117,0.00126117,1
474206,bullet6,9.48793,5.92265,0.8,0,1
474208,bullet5,13.4889,5.92179,0.8,0,1
474208,bullet3,4.88552,6.52504,0.8,0,1
474210,bullet1,8.99846,6.4121,0.8,0,1
474211,player,0.474214,6.04697,-2.32722e-05,-0.151852,1
474211,bullet6,13.4879,5.92265,0.8,0,1
474212,flayer7,16.5,12.5077,-0.3,0,2
474212,bullet4,0.874204,5.97864,0.8,0,1
474213,bullet3,8.88552,6.52504,0.8,0,1
474215,bullet1,12.9985,6.4121,0.8,0,1
474215,bullet2,0.8,5.92782,0.8,0,1
474216,player,0.4,5.92502,0,-0.00280209,1
474217,flayer7,15,12.5077,-0.3,0,2
474217,bullet4,4.8742,5.97864,0.8,0,1
474218,bullet3,12.8855,6.52504,0.8,0,1
474220,bullet2,4.8,5.92782,0.8,0,1
474220,bullet5,0.8,6.02192,0.8,0,1
474221,player,0.4,5.96737,0,-0.0545558,1
474222,flayer7,13.5,12.5077,-0.3,0,2
474222,bullet4,8.8742,5.97864,0.8,0,1
474225,bullet2,8.8,5.92782,0.8,0,1
474225,bullet5,4.8,6.02192,0.8,0,1
474226,player,0.4,5.92356,0,-0.00100671,1
474226,bullet6,0.8,5.92356,0.8,0,1
474227,flayer7,12,12.5077,-0.3,0,2
474227,bullet4,12.8742,5.97864,0.8,0,1
474230,bullet2,12.8,5.92782,0.8,0,1
474230,bullet5,8.8,6.02192,0.8,0,1
474231,player,0.957719,5.36503,0.0683438,-0.0683623,1
474231,bullet6,4.8,5.92356,0.8,0,1
474232,flayer7,10.5,12.5077,-0.3,0,2
474233,bullet1,0.912938,5.32042,0.8,0,1
474235,bullet5,12.8,6.02192,0.8,0,1
474236,player,0.899667,5.31013,0.139297,-0.00126148,1
474236,bullet6,8.8,5.92356,0.8,0,1
474237,flayer7,9,12.5077,-0.3,0,2
474238,bullet1,4.91294,5.32042,0.8,0,1
474238,bullet3,1.87993,4.81993,0.8,0,1
474240,bullet4,1.99744,4.72066,0.8,0,1
474241,player,1.95135,4.7068,0.35391,-0.0138629,1
474241,bullet6,12.8,5.92356,0.8,0,1
474242,flayer7,7.5,12.5077,-0.3,0,2
474243,bullet1,8.91294,5.32042,0.8,0,1
474243,bullet3,5.87993,4.81993,0.8,0,1
474245,bullet4,5.99744,4.72066,0.8,0,1
474246,player,2.23557,4.20629,0.00653064,-0.152131,1
474247,flayer7,5.99999,12.5077,-0.3,0,2
474248,bullet1,12.9129,5.32042,0.8,0,1
474248,bullet3,9.87993,4.81993,0.8,0,1
474250,bullet4,9.99744,4.72066,0.8,0,1
474251,player,1.75144,5.16197,-0.151754,0.179822,1
474252,flayer7,4.49999,12.5077,-0.3,0,2
474253,flyer5,16.5,14.6942,-0.218346,0.205731,2
474253,bullet3,13.8799,4.81993,0.8,0,1
474253,bullet2,1.25242,5.2793,-0.8,-6.99382e-08,1
474255,bullet4,13.9974,4.72066,0.8,0,1
474255,bullet5,2.03236,5.30306,0.8,0,1
474256,player,1.62956,5.30638,-0.0028003,0.00331823,1
474257,flayer7,2.99999,12.5077,-0.3,0,2
474257,bullet6,2.0283,5.30787,0.8,0,1
474258,flyer5,15.4083,15.7228,-0.218346,0.205731,2
474258,bullet1,2.02774,5.30854,0.8,0,1
474260,bullet5,6.03236,5.30306,0.8,0,1
474261,player,1.13794,5.79842,-0.151927,0.151936,1
474262,flayer7,1.49999,12.5077,-0.3,0,2
474262,bullet6,6.0283,5.30787,0.8,0,1
474263,bullet1,6.02774,5.30854,0.8,0,1
474263,bullet2,1.43881,5.89756,0.8,0,1
474265,bullet5,10.0324,5.30306,0.8,0,1
474266,player,1.01593,5.92044,-0.00280347,0.00280365,1
474267,flayer7,-6.4373e-06,12.5077,-0.3,0,2
474267,bullet6,10.0283,5.30787,0.8,0,1
474268,bullet1,10.0277,5.30854,0.8,0,1
474268,bullet2,5.43881,5.89756,0.8,0,1
474270,bullet5,14.0324,5.30306,0.8,0,1
474271,player,0.945335,4.27328,0.0834795,-0.234007,1
474272,bullet6,14.0283,5.30787,0.8,0,1
474273,flyer2,16.5,14.6942,-0.260727,0.148396,2
474273,bullet1,14.0277,5.30854,0.8,0,1
474273,bullet2,9.43881,5.89756,0.8,0,1
474275,flayer8,16.5,14.6942,-0.3,0,2
474275,bullet3,1.16855,4.05892,-0.8,-6.99382e-08,1
474276,player,1.60085,4.07152,0.0322951,0.012597,1
474277,flyer1,16.5,14.6942,-0.3,0,2
474278,flyer2,15.1964,15.4362,-0.260727,0.148396,2
474278,bullet2,13.4388,5.89756,0.8,0,1
474280,flayer8,15,14.6942,-0.3,0,2
474281,player,1.13741,4.57101,-0.151279,0.152107,1
474282,flyer1,15,14.6942,-0.3,0,2
474282,flyer4,16.5,14.6942,-0.3,0,2
474283,flyer2,13.8927,16.1782,-0.260727,0.148396,2
474285,flayer8,13.5,14.6942,-0.3,0,2
474285,bullet4,0.8,5.27883,0.8,0,1
474286,player,0.7375,4.95797,0.3375,-0.320854,1
474287,flyer1,13.5,14.6942,-0.3,0,2
474287,flyer4,15,14.6942,-0.3,0,2
474290,flayer8,12,14.6942,-0.3,0,2
474290,bullet4,4.8,5.27883,0.8,0,1
474291,player,1.59701,5.28877,0.0369825,0.024834,1
474292,flyer1,12,14.6942,-0.3,0,2
474292,flyer4,13.5,14.6942,-0.3,0,2
474293,bullet5,2.02115,4.8156,0.8,0,1
474295,flayer8,10.5,14.6942,-0.3,0,2
474295,bullet4,8.8,5.27883,0.8,0,1
474296,player,2.11609,5.19578,0.152557,0.138494,1
474297,flyer1,10.5,14.6942,-0.3,0,2
474297,flyer4,12,14.6942,-0.3,0,2
474297,bullet6,2.58474,5.2581,0.8,0,1
474298,bullet5,6.02115,4.8156,0.8,0,1
474298,bullet1,2.61563,5.28615,0.8,0,1
474300,flayer8,9,14.6942,-0.3,0,2
474300,bullet4,12.8,5.27883,0.8,0,1
474301,player,2.23861,5.307,0.00281511,0.0025556,1
474302,flyer1,9,14.6942,-0.3,0,2
474302,flyer4,10.5,14.6942,-0.3,0,2
474302,bullet6,6.58474,5.2581,0.8,0,1
474303,bullet5,10.0211,4.8156,0.8,0,1
474303,bullet1,6.61563,5.28615,0.8,0,1
474305,flayer8,7.5,14.6942,-0.3,0,2
474305,bullet3,3.13019,4.72054,0.8,0,1
474306,player,2.79859,4.70674,0.0683957,-0.0137925,1
474307,flyer1,7.5,14.6942,-0.3,0,2
474307,flyer4,9,14.6942,-0.3,0,2
474307,bullet6,10.5847,5.2581,0.8,0,1
474308,bullet5,14.0211,4.8156,0.8,0,1
474308,bullet1,10.6156,5.28615,0.8,0,1
474310,flayer8,5.99999,14.6942,-0.3,0,2
474310,bullet3,7.13019,4.72054,0.8,0,1
474311,player,2.83967,4.69567,0.0181772,-0.00025451,1
474311,bullet2,3.23967,4.69567,0.8,0,1
474312,flyer1,5.99999,14.6942,-0.3,0,2
474312,flyer4,7.5,14.6942,-0.3,0,2
474312,bullet6,14.5847,5.2581,0.8,0,1
474313,bullet1,14.6156,5.28615,0.8,0,1
474315,flayer8,4.49999,14.6942,-0.3,0,2
474315,bullet3,11.1302,4.72054,0.8,0,1
474316,player,2.3649,4.62712,-0.15154,0.0835266,1
474316,bullet2,7.23968,4.69567,0.8,0,1
474317,flyer1,4.49999,14.6942,-0.3,0,2
474317,flyer4,5.99999,14.6942,-0.3,0,2
474319,bullet4,2.09449,4.68923,0.8,0,1
474320,flayer8,2.99999,14.6942,-0.3,0,2
474320,bullet3,15.1302,4.72054,0.8,0,1
474321,player,1.64088,4.6942,-0.0166359,0.0015413,1
474321,bullet2,11.2397,4.69567,0.8,0,1
474321,bullet5,2.04088,4.6942,0.8,0,1
474322,flyer1,2.99999,14.6942,-0.3,0,2
474322,flyer4,4.49999,14.6942,-0.3,0,2
474324,bullet4,6.09449,4.68923,0.8,0,1
474325,flayer8,1.49999,14.6942,-0.3,0,2
474325,bullet6,2.51721,4.59631,0.8,0,1
474326,player,2.18524,4.65084,0.0680368,0.0545326,1
474326,bullet2,15.2397,4.69567,0.8,0,1
474326,bullet5,6.04088,4.6942,0.8,0,1
474327,flyer1,1.49999,14.6942,-0.3,0,2
474327,flyer4,2.99999,14.6942,-0.3,0,2
474329,bullet4,10.0945,4.68923,0.8,0,1
474329,bullet1,2.14646,4.69139,0.8,0,1
474330,flayer8,-6.4373e-06,14.6942,-0.3,0,2
474330,bullet6,6.51721,4.59631,0.8,0,1
474331,player,1.65141,4.69464,-0.0294992,0.00100628,1
474331,bullet5,10.0409,4.6942,0.8,0,1
474332,flyer1,-6.4373e-06,14.6942,-0.3,0,2
474332,flyer4,1.49999,14.6942,-0.3,0,2
474334,bullet4,14.0945,4.68923,0.8,0,1
474334,bullet1,6.14646,4.69139,0.8,0,1
474335,bullet6,10.5172,4.59631,0.8,0,1
474336,player,2.23003,4.69545,0.0132953,1.85687e-05,1
474336,bullet5,14.0409,4.6942,0.8,0,1
474337,flyer4,-6.4373e-06,14.6942,-0.3,0,2
474339,flyer3,16.5,5.87453,-0.23907,-0.181233,2
474339,bullet1,10.1465,4.69139,0.8,0,1
474340,flyer6,16.5,5.87453,-0.3,0,2
474340,bullet6,14.5172,4.59631,0.8,0,1
474341,player,2.82918,4.69546,0.031,3.42644e-07,1
474341,bullet3,3.22918,4.69546,0.8,0,1
474344,flyer3,15.3046,4.96837,-0.23907,-0.181233,1
474344,bullet1,14.1465,4.69139,0.8,0,1
474344,bullet2,3.25223,4.13774,0.8,0,1
474345,flyer6,15,5.87453,-0.3,0,2
474346,player,2.85408,4.09315,0.000572038,-0.0138396,1
474346,bullet3,7.22918,4.69546,0.8,0,1
474346,bullet4,3.25408,4.09315,0.8,0,1
474348,bullet5,3.25445,4.08412,0.8,0,1
474349,bullet2,7.25223,4.13774,0.8,0,1
474350,flyer6,13.5,5.87453,-0.3,0,2
474351,player,3.74976,4.30225,0.405854,-0.269412,1
474351,bullet3,11.2292,4.69546,0.8,0,1
474351,bullet4,7.25408,4.09315,0.8,0,1
474353,bullet5,7.25445,4.08412,0.8,0,1
474354,bullet2,11.2522,4.13774,0.8,0,1
474355,flyer6,12,5.87453,-0.3,0,2
474356,player,4.678,4.08589,0.0213288,-0.0049714,1
474356,bullet3,15.2292,4.69546,0.8,0,1
474356,bullet4,11.2541,4.09315,0.8,0,1
474358,bullet5,11.2545,4.08412,0.8,0,1
474358,bullet6,5.09192,4.08265,0.8,0,1
474359,bullet2,15.2522,4.13774,0.8,0,1
474360,flyer6,10.5,5.87453,-0.3,0,2
474361,player,4.69513,4.0819,0.000393576,-9.17364e-05,1
474361,bullet4,15.2541,4.09315,0.8,0,1
474363,flyer5,16.5,5.87453,-0.294375,0.0578214,2
474363,bullet5,15.2545,4.08412,0.8,0,1
474363,bullet6,9.09192,4.08265,0.8,0,1
474365,flyer6,9,5.87453,-0.3,0,2
474365,flayer7,16.5,13.7407,-0.3,0,2
474366,player,3.94126,4.32023,0.171793,0.458619,1
474368,flyer5,15.0281,6.16364,-0.294375,0.0578214,2
474368,bullet6,13.0919,4.08265,0.8,0,1
474368,bullet1,4.45336,4.61948,0.8,0,1
474369,bullet3,4.46901,4.66127,0.8,0,1
474370,flyer6,7.5,5.87453,-0.3,0,2
474370,flayer7,15,13.7407,-0.3,0,2
474371,player,4.07923,4.68854,0.00317006,0.0084628,1
474371,bullet2,4.47923,4.68854,0.8,0,1
474373,flyer5,13.5562,6.45274,-0.294375,0.0578214,2
474373,bullet1,8.45336,4.61948,0.8,0,1
474373,bullet4,4.48129,4.69406,0.8,0,1
474374,bullet3,8.46901,4.66127,0.8,0,1
474375,flyer6,5.99999,5.87453,-0.3,0,2
474375,flayer7,13.5,13.7407,-0.3,0,2
474376,player,4.08177,4.20596,5.84965e-05,-0.151719,1
474376,bullet2,8.47923,4.68854,0.8,0,1
474378,flyer5,12.0844,6.74185,-0.294375,0.0578214,2
474378,bullet1,12.4534,4.61948,0.8,0,1
474378,bullet4,8.4813,4.69406,0.8,0,1
474379,bullet3,12.469,4.66127,0.8,0,1
474380,flyer6,4.49999,5.87453,-0.3,0,2
474380,flayer7,12,13.7407,-0.3,0,2
474381,player,3.49335,4.67259,-0.0307536,0.027955,1
474381,bullet2,12.4792,4.68854,0.8,0,1
474383,flyer5,10.6125,7.03096,-0.294375,0.0578214,2
474383,bullet4,12.4813,4.69406,0.8,0,1
474385,flyer6,2.99999,5.87453,-0.3,0,2
474385,flayer7,10.5,13.7407,-0.3,0,2
474386,player,4.51574,4.69504,0.219651,0.000515849,1
474388,flyer5,9.14062,7.32006,-0.294375,0.0578214,2
474388,flyer2,16.5,13.7407,-0.240073,-0.179902,2
474388,bullet5,5.05907,4.69538,0.8,0,1
474389,bullet6,5.07908,4.69542,0.8,0,1
474390,flyer6,1.49999,5.87453,-0.3,0,2
474390,flayer7,9,13.7407,-0.3,0,2
474391,player,4.35464,4.35795,-0.333447,-0.33749,1
474393,flyer5,7.66874,7.60917,-0.294375,0.0578214,2
474393,flyer2,15.2996,12.8411,-0.240073,-0.179902,2
474393,bullet5,9.05907,4.69538,0.8,0,1
474394,bullet6,9.07908,4.69542,0.8,0,1
474395,flyer6,-6.4373e-06,5.87453,-0.3,0,2
474395,flayer7,7.5,13.7407,-0.3,0,2
474395,bullet1,4.49301,4.09315,0.8,0,1
474396,player,4.08685,4.08692,-0.00615303,-0.00622765,1
474396,bullet3,4.48686,4.08692,0.8,0,1
474398,flyer5,6.19686,7.89827,-0.294375,0.0578214,2
474398,flyer2,14.0993,11.9416,-0.240073,-0.179902,2
474398,bullet5,13.0591,4.69538,0.8,0,1
474399,bullet6,13.0791,4.69542,0.8,0,1
474400,flayer7,5.99999,13.7407,-0.3,0,2
474400,bullet1,8.49301,4.09315,0.8,0,1
474401,player,4.08191,4.08192,-0.000113541,-0.000114918,1
474401,bullet3,8.48686,4.08692,0.8,0,1
474403,flyer5,4.72499,8.18738,-0.294375,0.0578214,2
474403,flyer2,12.8989,11.0421,-0.240073,-0.179902,2
474405,flayer7,4.49999,13.7407,-0.3,0,2
474405,bullet1,12.493,4.09315,0.8,0,1
474405,bullet2,4.48183,3.52411,0.8,0,1
474406,player,4.08182,3.49335,-2.09515e-06,-0.0307568,1
474406,bullet3,12.4869,4.08692,0.8,0,1
474407,bullet4,4.48182,3.47951,0.8,0,1
474408,flyer5,3.25311,8.47649,-0.294375,0.0578214,2
474408,flyer2,11.6985,10.1426,-0.240073,-0.179902,2
474410,flayer7,2.99999,13.7407,-0.3,0,2
474410,bullet2,8.48183,3.52411,0.8,0,1
474410,bullet5,3.99245,2.97985,0.8,0,1
474411,player,3.5241,2.91093,-0.0683438,-0.0689113,1
474412,bullet4,8.48182,3.47951,0.8,0,1
474413,flyer5,1.78124,8.76559,-0.294375,0.0578214,2
474413,flyer2,10.4982,9.2431,-0.240073,-0.179902,2
474414,bullet6,3.31556,3.41741,0.8,0,1
474415,flayer7,1.49999,13.7407,-0.3,0,2
474415,bullet2,12.4818,3.52411,0.8,0,1
474415,bullet5,7.99245,2.97985,0.8,0,1
474416,player,3.2044,3.12041,0.322399,-0.324932,1
474417,bullet4,12.4818,3.47951,0.8,0,1
474418,flyer5,0.309363,9.0547,-0.294375,0.0578214,2
474418,flyer2,9.29781,8.34359,-0.240073,-0.179902,2
474419,bullet6,7.31556,3.41741,0.8,0,1
474420,flayer7,-6.4373e-06,13.7407,-0.3,0,2
474420,bullet5,11.9924,2.97985,0.8,0,1
474420,bullet1,3.85737,2.86545,0.8,0,1
474421,player,3.46332,2.85946,0.00594917,-0.00599591,1
474422,bullet4,16.4818,3.47951,0.8,0,1
474423,flyer2,8.09744,7.44408,-0.240073,-0.179902,2
474424,bullet6,11.3156,3.41741,0.8,0,1
474424,bullet3,3.86774,2.855,0.8,0,1
474425,bullet5,15.9924,2.97985,0.8,0,1
474425,bullet1,7.85737,2.86545,0.8,0,1
474426,player,3.95747,2.85464,0.151985,-0.000110641,1
474428,flyer2,6.89707,6.54456,-0.240073,-0.179902,2
474429,bullet6,15.3156,3.41741,0.8,0,1
474429,bullet3,7.86774,2.855,0.8,0,1
474430,bullet1,11.8574,2.86545,0.8,0,1
474431,player,3.40887,3.94624,0.0724962,0.165713,1
474431,flayer8,16.5,5.46877,-0.3,0,2
474432,bullet2,3.84149,4.02081,0.8,0,1
474433,flyer2,5.69671,5.64505,-0.240073,-0.179902,2
474434,bullet3,11.8677,2.855,0.8,0,1
474434,bullet4,3.86278,4.06947,0.8,0,1
474435,bullet1,15.8574,2.86545,0.8,0,1
474436,player,3.12959,4.41682,-0.336162,0.340558,1
474436,flayer8,15,5.46877,-0.3,0,2
474437,bullet2,7.84149,4.02081,0.8,0,1
474438,flyer2,4.49634,4.74554,-0.240073,-0.179902,2
474439,bullet3,15.8677,2.855,0.8,0,1
474439,bullet4,7.86278,4.06947,0.8,0,1
474441,player,3.90672,3.04091,0.214016,-0.227774,1
474441,flayer8,13.5,5.46877,-0.3,0,2
474442,bullet2,11.8415,4.02081,0.8,0,1
474443,flyer2,3.29598,3.84602,-0.240073,-0.179902,2
474443,bullet5,4.44636,2.40291,0.8,0,1
474444,bullet4,11.8628,4.06947,0.8,0,1
474446,player,4.07859,2.25568,0.00394919,-0.0180427,1
474446,flayer8,12,5.46877,-0.3,0,2
474446,bullet6,4.47859,2.25568,0.8,0,1
474447,bullet2,15.8415,4.02081,0.8,0,1
474448,flyer2,2.09561,2.94651,-0.240073,-0.179902,2
474448,bullet5,8.44636,2.40291,0.8,0,1
474449,bullet4,15.8628,4.06947,0.8,0,1
474451,player,5.73117,2.28578,0.234131,-0.0548371,1
474451,flayer8,10.5,5.46877,-0.3,0,2
474451,bullet6,8.47859,2.25568,0.8,0,1
474452,bullet1,6.23653,2.2611,0.8,0,1
474453,flyer2,0.895244,2.047,-0.240073,-0.179902,2
474453,bullet5,12.4464,2.40291,0.8,0,1
474456,player,6.47692,2.24174,0.0726641,-0.0010119,1
474456,flayer8,9,5.46877,-0.3,0,2
474456,bullet6,12.4786,2.25568,0.8,0,1
474456,bullet3,6.87692,2.24174,0.8,0,1
474457,bullet1,10.2365,2.2611,0.8,0,1
474458,flyer2,-0.305121,1.14749,-0.240073,-0.179902,2
474459,bullet2,6.93095,2.24099,0.8,0,1
474461,player,6.53527,2.24093,0.00134086,-1.86724e-05,1
474461,flayer8,7.5,5.46877,-0.3,0,2
474461,bullet3,10.8769,2.24174,0.8,0,1
474462,bullet1,14.2365,2.2611,0.8,0,1
474464,bullet2,10.931,2.24099,0.8,0,1
474464,bullet4,7.42565,1.75154,0.8,0,1
474466,player,6.78732,1.65244,-0.306721,-0.030755,1
474466,flayer8,5.99999,5.46877,-0.3,0,2
474466,bullet3,14.8769,2.24174,0.8,0,1
474468,flyer1,16.5,5.5182,-0.3,0,2
474469,bullet2,14.931,2.24099,0.8,0,1
474469,bullet4,11.4256,1.75154,0.8,0,1
474469,bullet5,6.95924,1.62957,0.8,0,1
474470,bullet6,6.94666,1.62831,0.8,0,1
474471,player,6.541,1.62774,-0.00565986,-0.000567517,1
474471,flayer8,4.49999,5.46877,-0.3,0,2
474473,flyer1,15,5.5182,-0.3,0,2
474474,bullet4,15.4256,1.75154,0.8,0,1
474474,bullet5,10.9592,1.62957,0.8,0,1
474475,bullet6,10.9467,1.62831,0.8,0,1
474476,player,7.47627,1.62728,0.351235,-1.04723e-05,1
474476,flayer8,2.99999,5.46877,-0.3,0,2
474477,bullet1,8.03433,1.62728,0.8,0,1
474478,flyer1,13.5,5.5182,-0.3,0,2
474479,bullet5,14.9592,1.62957,0.8,0,1
474479,bullet3,8.13746,1.62728,0.8,0,1
474480,bullet6,14.9467,1.62831,0.8,0,1
474481,player,7.75834,1.62728,0.00648128,-1.93243e-07,1
474481,flayer8,1.49999,5.46877,-0.3,0,2
474481,bullet2,7.35834,1.62728,-0.8,-6.99382e-08,1
474482,bullet1,12.0343,1.62728,0.8,0,1
474483,flyer1,12,5.5182,-0.3,0,2
474484,bullet3,12.1375,1.62728,0.8,0,1
474484,bullet4,7.67379,1.1379,0.8,0,1
474486,player,6.83757,1.0388,-0.368135,-0.0307547,1
474486,flayer8,-6.4373e-06,5.46877,-0.3,0,2
474486,bullet2,3.35834,1.62728,-0.8,-6.99382e-08,1
474487,bullet1,16.0343,1.62728,0.8,0,1
474488,flyer1,10.5,5.5182,-0.3,0,2
474489,bullet3,16.1375,1.62728,0.8,0,1
474489,bullet4,11.6738,1.1379,0.8,0,1
474489,bullet5,6.96382,1.01593,0.8,0,1
474491,player,6.87943,0.676605,0.330707,-0.338068,1
474491,flyer4,16.5,8.28955,-0.280055,0.107561,2
474493,flyer1,9,5.5182,-0.3,0,2
474494,bullet4,15.6738,1.1379,0.8,0,1
474494,bullet5,10.9638,1.01593,0.8,0,1
474495,flyer3,16.5,8.28955,-0.287764,0.0848066,2
474496,player,5.66132,1.8888,-0.430496,0.43036,1
474496,flyer4,15.0997,8.82736,-0.280055,0.107561,2
474498,flyer1,7.5,5.5182,-0.3,0,2
474498,bullet6,5.78042,2.16961,0.8,0,1
474499,bullet5,14.9638,1.01593,0.8,0,1
474500,flyer3,15.0612,8.71359,-0.287764,0.0848066,2
474500,bullet1,5.72354,2.22647,0.8,0,1
474501,player,5.3156,2.23442,-0.00794386,0.00794135,1
474501,flyer4,13.6995,9.36516,-0.280055,0.107561,2
474501,bullet3,5.7156,2.23442,0.8,0,1
474503,flyer1,5.99999,5.5182,-0.3,0,2
474503,bullet6,9.78043,2.16961,0.8,0,1
474504,bullet2,5.70969,2.24032,0.8,0,1
474505,flyer3,13.6224,9.13762,-0.287764,0.0848066,2
474505,bullet1,9.72354,2.22647,0.8,0,1
474506,player,4.97172,1.90329,-0.337647,-0.337353,1
474506,flyer4,12.2992,9.90296,-0.280055,0.107561,2
474506,bullet3,9.7156,2.23442,0.8,0,1
474508,flyer1,4.49999,5.5182,-0.3,0,2
474508,bullet6,13.7804,2.16961,0.8,0,1
474509,bullet2,9.70969,2.24032,0.8,0,1
474510,flyer3,12.1835,9.56165,-0.287764,0.0848066,2
474510,bullet1,13.7235,2.22647,0.8,0,1
474511,player,4.54869,1.29487,0.179394,-0.343725,1
474511,flyer4,10.8989,10.4408,-0.280055,0.107561,2
474511,bullet3,13.7156,2.23442,0.8,0,1
474513,flyer1,2.99999,5.5182,-0.3,0,2
474513,bullet4,4.26574,1.07059,-0.8,-6.99382e-08,1
474514,bullet2,13.7097,2.24032,0.8,0,1
474515,flyer3,10.7447,9.98568,-0.287764,0.0848066,2
474516,player,4.13504,0.46111,-0.0650334,-0.0746864,1
474516,flyer4,9.49862,10.9786,-0.280055,0.107561,2
474516,bullet5,4.53504,0.46111,0.8,0,1
474518,flyer1,1.49999,5.5182,-0.3,0,2
474518,bullet4,0.265741,1.07059,-0.8,-6.99382e-08,1
474518,bullet6,4.49261,0.412378,0.8,0,1
474520,flyer3,9.30591,10.4097,-0.287764,0.0848066,2
474521,player,4.08281,0.4,-0.00120005,0,1
474521,flyer4,8.09835,11.5164,-0.280055,0.107561,2
474521,bullet5,8.53504,0.46111,0.8,0,1
474521,bullet1,4.48281,0.4,0.8,0,1
474523,flyer1,-6.4373e-06,5.5182,-0.3,0,2
474523,bullet6,8.49261,0.412378,0.8,0,1
474525,flyer3,7.86709,10.8337,-0.287764,0.0848066,2
474526,player,4.67032,0.4,0.0307325,0,1
474526,flyer4,6.69807,12.0542,-0.280055,0.107561,2
474526,bullet5,12.535,0.46111,0.8,0,1
474526,bullet1,8.48281,0.4,0.8,0,1
474527,bullet3,5.08415,0.4,0.8,0,1
474528,bullet6,12.4926,0.412378,0.8,0,1
474530,flyer3,6.42827,11.2578,-0.287764,0.0848066,2
474531,player,4.69501,0.4,0.000567102,0,1
474531,flyer4,5.2978,12.592,-0.280055,0.107561,2
474531,bullet1,12.4828,0.4,0.8,0,1
474532,bullet3,9.08416,0.4,0.8,0,1
474532,bullet2,5.09526,0.4,0.8,0,1
474535,flyer3,4.98946,11.6818,-0.287764,0.0848066,2
474536,player,5.59068,0.7375,0.405854,0.3375,1
474536,flyer4,3.89752,13.1298,-0.280055,0.107561,2
474537,bullet3,13.0842,0.4,0.8,0,1
474537,bullet2,9.09526,0.4,0.8,0,1
474537,bullet4,6.17331,0.889375,0.8,0,1
474539,bullet5,6.29248,0.988474,0.8,0,1
474540,flyer3,3.55064,12.1058,-0.287764,0.0848066,2
474541,player,5.42724,1.49792,-0.144386,0.158103,1
474541,flyer4,2.49725,13.6676,-0.280055,0.107561,2
474542,bullet2,13.0953,0.4,0.8,0,1
474542,bullet4,10.1733,0.889375,0.8,0,1
474544,bullet5,10.2925,0.988474,0.8,0,1
474544,bullet6,5.16215,1.05777,0.8,0,1
474545,flyer3,2.11182,12.5299,-0.287764,0.0848066,2
474546,player,4.70897,1.02257,-0.0165039,-0.0109222,1
474546,flyer4,1.09698,14.2054,-0.280055,0.107561,2
474547,bullet4,14.1733,0.889375,0.8,0,1
474549,bullet5,14.2925,0.988474,0.8,0,1
474549,bullet6,9.16215,1.05777,0.8,0,1
474549,bullet1,5.0967,1.01445,0.8,0,1
474550,flyer3,0.673002,12.9539,-0.287764,0.0848066,2
474551,player,4.69572,0.524428,-0.000304544,-0.152077,1
474551,flyer4,-0.303298,14.7432,-0.280055,0.107561,2
474553,flyer6,16.5,8.28955,-0.282751,0.100258,2
474553,bullet3,5.09552,0.425198,0.8,0,1
474554,bullet6,13.1622,1.05777,0.8,0,1
474554,bullet1,9.0967,1.01445,0.8,0,1
474556,player,5.03297,1.29752,0.337494,0.403038,1
474558,flyer6,15.0862,8.79084,-0.282751,0.100258,2
474558,bullet3,9.09552,0.425198,0.8,0,1
474559,flyer5,16.5,4.59811,-0.3,0,2
474559,bullet1,13.0967,1.01445,0.8,0,1
474561,player,4.36419,0.681376,-0.345112,-0.343902,1
474563,flyer6,13.6725,9.29213,-0.282751,0.100258,2
474563,bullet3,13.0955,0.425198,0.8,0,1
474563,bullet2,4.53901,0.456979,0.8,0,1
474564,flyer5,15,4.59811,-0.3,0,2
474566,player,4.08704,0.962912,-0.00636829,0.0619978,1
474568,flyer6,12.2587,9.79342,-0.282751,0.100258,2
474568,flayer7,16.5,4.59811,-0.3,0,2
474568,bullet2,8.53901,0.456979,0.8,0,1
474569,flyer5,13.5,4.59811,-0.3,0,2
474569,bullet4,4.48231,0.451296,0.8,0,1
474571,player,4.08193,0.410388,-0.000117513,-0.0126956,1
474571,bullet5,4.48193,0.410388,0.8,0,1
474573,flyer6,10.845,10.2947,-0.282751,0.100258,2
474573,flayer7,15,4.59811,-0.3,0,2
474573,bullet2,12.539,0.456979,0.8,0,1
474574,flyer5,12,4.59811,-0.3,0,2
474574,bullet4,8.48231,0.451296,0.8,0,1
474574,bullet6,3.99246,0.400948,0.8,0,1
474576,player,3.15586,0.737693,-0.368257,0.337266,1
474576,bullet5,8.48193,0.410388,0.8,0,1
474578,flyer6,9.43122,10.796,-0.282751,0.100258,2
474578,flayer7,13.5,4.59811,-0.3,0,2
474579,flyer5,10.5,4.59811,-0.3,0,2
474579,bullet4,12.4823,0.451296,0.8,0,1
474579,bullet6,7.99246,0.400948,0.8,0,1
474581,player,3.41784,0.450827,0.0615484,-0.0621202,1
474581,bullet5,12.4819,0.410388,0.8,0,1
474583,flyer6,8.01747,11.2973,-0.282751,0.100258,2
474583,flayer7,12,4.59811,-0.3,0,2
474583,bullet1,3.858,0.410293,0.8,0,1
474584,flyer5,9,4.59811,-0.3,0,2
474584,bullet6,11.9925,0.400948,0.8,0,1
474584,bullet3,3.86361,0.404633,0.8,0,1
474586,player,3.46726,0.400939,0.00113574,-0.00114629,1
474586,bullet2,3.86726,0.400939,0.8,0,1
474588,flyer6,6.60371,11.7986,-0.282751,0.100258,2
474588,flayer7,10.5,4.59811,-0.3,0,2
474588,bullet1,7.858,0.410293,0.8,0,1
474589,flyer5,7.5,4.59811,-0.3,0,2
474589,bullet6,15.9925,0.400948,0.8,0,1
474589,bullet3,7.86361,0.404633,0.8,0,1
474591,player,2.91046,0.957737,-0.0683228,0.0683226,1
474591,bullet2,7.86727,0.400939,0.8,0,1
474591,bullet4,3.31046,0.957737,0.8,0,1
474593,flyer6,5.18995,12.2999,-0.282751,0.100258,2
474593,flayer7,9,4.59811,-0.3,0,2
474593,bullet1,11.858,0.410293,0.8,0,1
474594,flyer5,5.99999,4.59811,-0.3,0,2
474594,bullet3,11.8636,0.404633,0.8,0,1
474596,player,2.26711,0.4,-0.0320154,0,1
474596,bullet2,11.8673,0.400939,0.8,0,1
474596,bullet4,7.31046,0.957737,0.8,0,1
474598,flyer6,3.77619,12.8012,-0.282751,0.100258,2
474598,flayer7,7.5,4.59811,-0.3,0,2
474598,bullet1,15.858,0.410293,0.8,0,1
474599,flyer5,4.49999,4.59811,-0.3,0,2
474599,bullet3,15.8636,0.404633,0.8,0,1
474601,player,2.08953,1.22688,0.185034,0.489375,1
474601,bullet2,15.8673,0.400939,0.8,0,1
474601,bullet4,11.3105,0.957737,0.8,0,1
474603,flyer6,2.36244,13.3024,-0.282751,0.100258,2
474603,flayer7,5.99999,4.59811,-0.3,0,2
474603,bullet5,2.61026,1.54619,0.8,0,1
474604,flyer5,2.99999,4.59811,-0.3,0,2
474606,player,2.23813,1.61988,0.0034144,0.00903034,1
474606,bullet4,15.3105,0.957737,0.8,0,1
474606,bullet6,2.63813,1.61988,0.8,0,1
474608,flyer6,0.948679,13.8037,-0.282751,0.100258,2
474608,flayer7,4.49999,4.59811,-0.3,0,2
474608,bullet5,6.61026,1.54619,0.8,0,1
474609,flyer5,1.49999,4.59811,-0.3,0,2
474611,player,3.65622,2.36748,0.520193,-0.154704,1
474611,bullet6,6.63813,1.61988,0.8,0,1
474613,flyer6,-0.465078,14.305,-0.282751,0.100258,2
474613,flayer7,2.99999,4.59811,-0.3,0,2
474613,bullet5,10.6103,1.54619,0.8,0,1
474613,bullet1,4.39564,2.26654,0.8,0,1
474614,flyer5,-6.4373e-06,4.59811,-0.3,0,2
474614,bullet3,4.44305,2.25244,0.8,0,1
474616,player,4.07398,2.24324,0.00959902,-0.00285472,1
474616,bullet6,10.6381,1.61988,0.8,0,1
474618,flayer7,1.49999,4.59811,-0.3,0,2
474618,bullet5,14.6103,1.54619,0.8,0,1
474618,bullet1,8.39564,2.26654,0.8,0,1
474619,bullet3,8.44305,2.25244,0.8,0,1
474621,player,4.684,2.84327,0.0140167,0.0137869,1
474621,bullet6,14.6381,1.61988,0.8,0,1
474623,flayer7,-6.4373e-06,4.59811,-0.3,0,2
474623,bullet1,12.3956,2.26654,0.8,0,1
474624,flyer2,16.5,4.59811,-0.3,0,2
474624,bullet3,12.443,2.25244,0.8,0,1
474624,bullet2,5.5838,2.36414,0.8,0,1
474626,player,5.28373,1.92836,0.0310133,-0.368,1
474628,bullet1,16.3956,2.26654,0.8,0,1
474629,flyer2,15,4.59811,-0.3,0,2
474629,flayer8,16.5,5.89836,-0.3,0,2
474629,bullet3,16.443,2.25244,0.8,0,1
474629,bullet2,9.5838,2.36414,0.8,0,1
474630,flyer1,16.5,4.59811,-0.3,0,2
474631,player,4.70632,0.54114,-0.0132673,-0.172505,1
474631,bullet4,4.30632,0.54114,-0.8,-6.99382e-08,1
474633,bullet5,5.09766,0.428581,0.8,0,1
474634,flyer2,13.5,4.59811,-0.3,0,2
474634,flayer8,15,5.89836,-0.3,0,2
474634,bullet2,13.5838,2.36414,0.8,0,1
474635,flyer1,15,4.59811,-0.3,0,2
474635,bullet6,5.09591,0.405788,0.8,0,1
474636,player,4.69567,0.402604,-0.00024482,-0.00318321,1
474636,bullet4,0.30632,0.54114,-0.8,-6.99382e-08,1
474637,bullet1,5.09555,0.401172,0.8,0,1
474638,bullet5,9.09766,0.428581,0.8,0,1
474638,bullet3,5.09551,0.400527,0.8,0,1
474639,flyer2,12,4.59811,-0.3,0,2
474639,flayer8,13.5,5.89836,-0.3,0,2
474640,flyer1,13.5,4.59811,-0.3,0,2
474640,bullet6,9.09591,0.405788,0.8,0,1
474641,player,4.69547,0.889423,-4.51761e-06,0.151816,1
474642,bullet1,9.09556,0.401172,0.8,0,1
474643,bullet5,13.0977,0.428581,0.8,0,1
474643,bullet3,9.09551,0.400527,0.8,0,1
474644,flyer2,10.5,4.59811,-0.3,0,2
474644,flayer8,12,5.89836,-0.3,0,2
474645,flyer1,12,4.59811,-0.3,0,2
474645,bullet6,13.0959,0.405788,0.8,0,1
474646,player,4.69547,0.521969,-8.33626e-08,-0.149074,1
474647,bullet1,13.0956,0.401172,0.8,0,1
474648,bullet3,13.0955,0.400527,0.8,0,1
474648,bullet4,5.09547,0.424699,0.8,0,1
474649,flyer2,9,4.59811,-0.3,0,2
474649,flayer8,10.5,5.89836,-0.3,0,2
474650,flyer1,10.5,4.59811,-0.3,0,2
474651,player,4.69547,0.402251,-1.53827e-09,-0.00275083,1
474651,bullet2,5.09547,0.402251,0.8,0,1
474653,bullet4,9.09547,0.424699,0.8,0,1
474654,flyer2,7.5,4.59811,-0.3,0,2
474654,flayer8,9,5.89836,-0.3,0,2
474655,flyer1,9,4.59811,-0.3,0,2
474655,bullet5,5.09547,0.4,0.8,0,1
474656,player,4.35797,0.7375,-0.3375,0.3375,1
474656,bullet2,9.09547,0.402251,0.8,0,1
474658,bullet4,13.0955,0.424699,0.8,0,1
474659,flyer2,5.99999,4.59811,-0.3,0,2
474659,flayer8,7.5,5.89836,-0.3,0,2
474659,bullet6,4.99637,0.988474,0.8,0,1
474660,flyer1,7.5,4.59811,-0.3,0,2
474660,bullet5,9.09547,0.4,0.8,0,1
474661,player,4.6754,1.00854,0.0245269,0.00622782,1
474661,bullet2,13.0955,0.402251,0.8,0,1
474664,flyer2,4.49999,4.59811,-0.3,0,2
474664,flayer8,5.99999,5.89836,-0.3,0,2
474664,bullet6,8.99637,0.988474,0.8,0,1
474665,flyer1,5.99999,4.59811,-0.3,0,2
474665,bullet5,13.0955,0.4,0.8,0,1
474666,player,4.6951,0.524168,0.00045259,-0.15176,1
474669,flyer2,2.99999,4.59811,-0.3,0,2
474669,flayer8,4.49999,5.89836,-0.3,0,2
474669,bullet6,12.9964,0.988474,0.8,0,1
474670,flyer1,4.49999,4.59811,-0.3,0,2
474671,player,4.65087,1.0046,0.0545125,0.0110392,1
474671,bullet1,5.05087,1.0046,0.8,0,1
474674,flyer2,1.49999,4.59811,-0.3,0,2
474674,flayer8,2.99999,5.89836,-0.3,0,2
474675,flyer1,2.99999,4.59811,-0.3,0,2
474676,player,5.29696,0.411157,0.0148455,-0.0136359,1
474676,bullet1,9.05087,1.0046,0.8,0,1
474676,bullet3,5.69696,0.411157,0.8,0,1
474678,bullet4,5.70664,0.40226,0.8,0,1
474679,flyer2,-6.4373e-06,4.59811,-0.3,0,2
474679,flayer8,1.49999,5.89836,-0.3,0,2
474680,flyer1,1.49999,4.59811,-0.3,0,2
474681,player,5.30888,0.957925,0.000273942,0.0680921,1
474681,bullet1,13.0509,1.0046,0.8,0,1
474681,bullet3,9.69696,0.411157,0.8,0,1
474681,bullet2,4.90888,0.957925,-0.8,-6.99382e-08,1
474683,bullet4,9.70664,0.40226,0.8,0,1
474684,flayer8,-6.4373e-06,5.89836,-0.3,0,2
474685,flyer1,-6.4373e-06,4.59811,-0.3,0,2
474686,player,5.91141,1.61492,0.0138447,0.0150961,1
474686,bullet1,17.0509,1.0046,0.8,0,1
474686,bullet3,13.697,0.411157,0.8,0,1
474686,bullet2,0.908878,0.957925,-0.8,-6.99382e-08,1
474688,flyer4,16.5,5.89836,-0.3,0,2
474688,flyer3,16.5,5.89836,-0.218475,0.205594,2
474688,bullet4,13.7066,0.40226,0.8,0,1
474689,bullet5,6.32171,1.62615,0.8,0,1
474690,bullet6,5.52227,1.62677,-0.8,-6.99382e-08,1
474691,player,5.92253,1.62705,0.000255473,0.000278566,1
474693,flyer4,15,5.89836,-0.3,0,2
474693,flyer3,15.4076,6.92633,-0.218475,0.205594,2
474693,bullet1,6.3227,1.13785,0.8,0,1
474694,bullet5,10.3217,1.62615,0.8,0,1
474695,bullet6,1.52227,1.62677,-0.8,-6.99382e-08,1
474695,bullet2,6.32273,1.03879,0.8,0,1
474696,player,5.92273,1.02496,4.7142e-06,-0.0138345,1
474698,flyer4,13.5,5.89836,-0.3,0,2
474698,flyer3,14.3152,7.9543,-0.218475,0.205594,2
474698,bullet1,10.3227,1.13785,0.8,0,1
474698,bullet3,6.32274,1.01593,0.8,0,1
474699,bullet5,14.3217,1.62615,0.8,0,1
474700,bullet2,10.3227,1.03879,0.8,0,1
474701,player,5.92274,0.456127,8.69902e-08,-0.068599,1
474703,flyer4,12,5.89836,-0.3,0,2
474703,flyer3,13.2229,8.98226,-0.218475,0.205594,2
474703,bullet1,14.3227,1.13785,0.8,0,1
474703,bullet3,10.3227,1.01593,0.8,0,1
474703,bullet4,6.81211,0.4,0.8,0,1
474705,bullet2,14.3227,1.03879,0.8,0,1
474706,player,6.52505,0.4,0.0138396,0,1
474706,bullet6,6.92505,0.4,0.8,0,1
474708,flyer4,10.5,5.89836,-0.3,0,2
474708,flyer3,12.1305,10.0102,-0.218475,0.205594,2
474708,bullet3,14.3227,1.01593,0.8,0,1
474708,bullet4,10.8121,0.4,0.8,0,1
474711,player,7.43138,0.4,0.406099,-0,1
474711,bullet6,10.925,0.4,0.8,0,1
474713,flyer4,9,5.89836,-0.3,0,2
474713,flyer3,11.0381,11.0382,-0.218475,0.205594,2
474713,bullet4,14.8121,0.4,0.8,0,1
474715,flyer6,16.5,5.89836,-0.3,0,2
474716,player,6.67966,1.47785,-0.175136,0.18263,1
474716,bullet6,14.925,0.4,0.8,0,1
474716,bullet5,7.07966,1.47785,0.8,0,1
474718,flyer4,7.5,5.89836,-0.3,0,2
474718,flyer3,9.94574,12.0662,-0.218475,0.205594,2
474720,flyer6,15,5.89836,-0.3,0,2
474721,player,7.12749,1.62451,0.0275229,0.00337003,1
474721,bullet5,11.0797,1.47785,0.8,0,1
474721,bullet1,7.52749,1.62451,0.8,0,1
474722,bullet2,7.53987,1.62603,0.8,0,1
474723,flyer4,5.99999,5.89836,-0.3,0,2
474723,flyer3,8.85336,13.0941,-0.218475,0.205594,2
474724,bullet3,7.54795,1.62702,0.8,0,1
474725,flyer6,13.5,5.89836,-0.3,0,2
474726,player,7.14959,1.28972,0.000507876,-0.337438,1
474726,bullet5,15.0797,1.47785,0.8,0,1
474726,bullet1,11.5275,1.62451,0.8,0,1
474727,bullet2,11.5399,1.62603,0.8,0,1
474728,flyer4,4.49999,5.89836,-0.3,0,2
474728,flyer3,7.76099,14.1221,-0.218475,0.205594,2
474728,bullet4,7.54992,1.06954,0.8,0,1
474729,bullet3,11.548,1.62702,0.8,0,1
474730,flyer6,12,5.89836,-0.3,0,2
474731,player,7.15,1.01873,9.37173e-06,-0.00622668,1
474731,bullet1,15.5275,1.62451,0.8,0,1
474732,bullet2,15.5399,1.62603,0.8,0,1
474733,flyer4,2.99999,5.89836,-0.3,0,2
474733,flyer3,6.66861,15.1501,-0.218475,0.205594,2
474733,bullet4,11.5499,1.06954,0.8,0,1
474733,bullet6,7.55,1.01467,0.8,0,1
474734,bullet3,15.548,1.62702,0.8,0,1
474734,bullet5,7.55,1.0141,0.8,0,1
474735,flyer6,10.5,5.89836,-0.3,0,2
474736,player,7.15,1.01373,1.72935e-07,-0.0001149,1
474736,bullet1,7.55,1.01373,0.8,0,1
474738,flyer4,1.49999,5.89836,-0.3,0,2
474738,flyer3,5.57624,16.178,-0.218475,0.205594,2
474738,bullet4,15.5499,1.06954,0.8,0,1
474738,bullet6,11.55,1.01467,0.8,0,1
474739,bullet5,11.55,1.0141,0.8,0,1
474740,flyer6,9,5.89836,-0.3,0,2
474741,player,7.15,1.01364,3.19113e-09,-2.12022e-06,1
474741,bullet1,11.55,1.01373,0.8,0,1
474741,bullet2,7.55,1.01364,0.8,0,1
474743,flyer4,-6.4373e-06,5.89836,-0.3,0,2
474743,bullet6,15.55,1.01467,0.8,0,1
474744,bullet5,15.55,1.0141,0.8,0,1
474745,flyer6,7.5,5.89836,-0.3,0,2
474746,player,7.30188,1.16551,-0.185625,-0.185625,1
474746,bullet1,15.55,1.01373,0.8,0,1
474746,bullet2,11.55,1.01364,0.8,0,1
474747,flyer5,16.5,5.89836,-0.3,0,2
474748,flayer7,16.5,2.2922,-0.3,0,2
474748,bullet3,7.58076,1.04439,0.8,0,1
474750,flyer6,5.99999,5.89836,-0.3,0,2
474751,player,6.59509,1.01644,-0.0717691,-0.0034253,1
474751,bullet2,15.55,1.01364,0.8,0,1
474751,bullet4,6.99509,1.01644,0.8,0,1
474752,flyer5,15,5.89836,-0.3,0,2
474753,flayer7,15,2.2922,-0.3,0,2
474753,bullet3,11.5808,1.04439,0.8,0,1
474753,bullet6,6.94826,1.0142,0.8,0,1
474755,flyer6,4.49999,5.89836,-0.3,0,2
474755,bullet5,6.93877,1.01375,0.8,0,1
474756,player,6.53745,0.676189,-0.00132434,-0.337563,1
474756,bullet4,10.9951,1.01644,0.8,0,1
474757,flyer5,13.5,5.89836,-0.3,0,2
474758,flayer7,13.5,2.2922,-0.3,0,2
474758,bullet3,15.5808,1.04439,0.8,0,1
474758,bullet6,10.9483,1.0142,0.8,0,1
474760,flyer6,2.99999,5.89836,-0.3,0,2
474760,bullet5,10.9388,1.01375,0.8,0,1
474761,player,6.53639,0.962816,-2.44378e-05,0.0621148,1
474761,bullet4,14.9951,1.01644,0.8,0,1
474761,bullet1,6.93639,0.962816,0.8,0,1
474762,flyer5,12,5.89836,-0.3,0,2
474763,flayer7,12,2.2922,-0.3,0,2
474763,bullet6,14.9483,1.0142,0.8,0,1
474763,bullet2,6.13637,1.00335,-0.8,-6.99382e-08,1
474765,flyer6,1.49999,5.89836,-0.3,0,2
474765,bullet5,14.9388,1.01375,0.8,0,1
474766,player,6.53637,1.0127,-4.50946e-07,0.00114619,1
474766,bullet1,10.9364,0.962816,0.8,0,1
474766,bullet3,6.93637,1.0127,0.8,0,1
474767,flyer5,10.5,5.89836,-0.3,0,2
474768,flayer7,10.5,2.2922,-0.3,0,2
474768,bullet2,2.13637,1.00335,-0.8,-6.99382e-08,1
474768,bullet4,6.93637,1.01345,0.8,0,1
474770,flyer6,-6.4373e-06,5.89836,-0.3,0,2
474771,player,6.53637,1.01362,-8.32123e-09,2.11505e-05,1
474771,bullet1,14.9364,0.962816,0.8,0,1
474771,bullet3,10.9364,1.0127,0.8,0,1
474772,flyer5,9,5.89836,-0.3,0,2
474773,flayer7,9,2.2922,-0.3,0,2
474773,bullet4,10.9364,1.01345,0.8,0,1
474773,bullet6,6.93637,1.01363,0.8,0,1
474775,bullet5,6.93637,1.01364,0.8,0,1
474776,player,6.53637,1.01364,-1.5355e-10,3.90286e-07,1
474776,bullet3,14.9364,1.0127,0.8,0,1
474777,flyer5,7.5,5.89836,-0.3,0,2
474778,flayer7,7.5,2.2922,-0.3,0,2
474778,bullet4,14.9364,1.01345,0.8,0,1
474778,bullet6,10.9364,1.01363,0.8,0,1
