48658,player,12.9858,11.3249,0,0,1
48661,bullet1,13.3858,11.8827,0.8,0,1
48663,player,13.3233,11.9273,0.3375,0.0138396,1
48664,bullet2,13.8752,11.9335,0.8,0,1
48667,bullet3,14.4775,11.4487,0.8,0,1
48668,player,14.1521,11.3807,0.0745716,-0.0680884,1
48673,player,14.6875,12.5168,0.170166,0.0433379,1
48673,bullet4,15.0875,12.5168,0.8,0,1
48676,flyer1,16.5,11.639,-0.296405,0.0463055,2
48677,bullet5,14.6633,11.9931,0.8,0,1
48678,player,14.2357,11.9631,-0.0276146,-0.029955,1
48678,bullet6,14.6357,11.9631,0.8,0,1
48680,bullet1,14.6177,11.9435,0.8,0,1
48682,bullet2,14.614,11.9396,0.8,0,1
48683,player,14.551,11.939,0.33699,-0.000552754,1
48685,bullet3,15.1709,11.9387,0.8,0,1
48686,bullet4,15.2016,11.9386,0.8,0,1
48688,player,14.8216,11.9386,0.00621842,-1.01999e-05,1
48688,bullet5,15.2216,11.9386,0.8,0,1
48689,bullet6,15.2244,11.9386,0.8,0,1
48693,player,14.8266,11.9386,0.000114747,-1.88216e-07,1
48693,bullet1,14.4266,11.9386,-0.8,-6.99382e-08,1
48695,bullet2,15.2267,11.9386,0.8,0,1
48698,player,15.3844,11.9386,0.0683459,-3.47312e-09,1
48698,bullet1,10.4266,11.9386,-0.8,-6.99382e-08,1
48698,bullet3,14.9844,11.9386,-0.8,-6.99382e-08,1
48699,flyer2,16.5,9.34151,-0.298752,-0.0273381,2
48702,bullet4,15.8381,11.9386,0.8,0,1
48703,player,15.4393,11.9386,0.00126117,-6.40888e-11,1
48703,bullet1,6.42663,11.9386,-0.8,-6.99382e-08,1
48703,bullet3,10.9844,11.9386,-0.8,-6.99382e-08,1
48704,flyer2,15.0062,9.20482,-0.298752,-0.0273381,2
48704,flyer3,16.5,9.34151,-0.262735,0.144811,2
48704,bullet5,15.8399,11.9386,0.8,0,1
48708,player,14.951,11.3501,-0.151852,-0.0307547,1
48708,bullet1,2.42663,11.9386,-0.8,-6.99382e-08,1
48708,bullet3,6.98444,11.9386,-0.8,-6.99382e-08,1
48709,flyer2,13.5125,9.06813,-0.298752,-0.0273381,2
48709,flyer3,15.1863,10.0656,-0.262735,0.144811,2
48709,bullet6,15.2826,11.3363,0.8,0,1
48712,flyer4,16.5,9.34151,-0.25377,-0.160002,2
48713,player,15.6,11.3254,0,-0.00056751,1
48713,bullet3,2.98444,11.9386,-0.8,-6.99382e-08,1
48714,flyer2,12.0187,8.93144,-0.298752,-0.0273381,2
48714,flyer3,13.8726,10.7896,-0.262735,0.144811,2
48714,bullet2,16,11.3252,0.8,0,1
48717,flyer4,15.2311,8.5415,-0.25377,-0.160002,2
48718,player,15.1106,10.2471,-0.151875,-0.18264,1
48718,flyer5,16.5,9.34151,-0.299944,0.00580021,2
48718,bullet4,15.5106,10.2471,0.8,0,1
48719,flyer2,10.525,8.79475,-0.298752,-0.0273381,2
48719,flyer3,12.559,11.5137,-0.262735,0.144811,2
48722,flyer4,13.9623,7.74149,-0.25377,-0.160002,2
48723,player,14.9887,11.1783,-0.00280252,0.179259,1
48723,flyer5,15.0003,9.37051,-0.299944,0.00580021,1
48724,flyer2,9.0312,8.65806,-0.298752,-0.0273381,2
48724,flyer3,11.2453,12.2377,-0.262735,0.144811,2
48724,bullet5,15.3874,11.2589,0.8,0,1
48727,flyer4,12.6935,6.94148,-0.25377,-0.160002,2
48728,player,14.7354,10.4954,0.306694,-0.486067,1
48728,flyer5,13.5006,9.39951,-0.299944,0.00580021,1
48729,flyer2,7.53745,8.52137,-0.298752,-0.0273381,2
48729,flyer3,9.93162,12.9618,-0.262735,0.144811,2
48730,bullet6,15.3355,10.1782,0.8,0,1
48732,flyer4,11.4246,6.14147,-0.25377,-0.160002,2
48733,player,14.424,10.105,-0.0626844,-0.00896931,1
48733,flyer5,12.0008,9.42851,-0.299944,0.00580021,1
48733,bullet1,14.824,10.105,0.8,0,1
48734,flyer2,6.04369,8.38468,-0.298752,-0.0273381,2
48734,flyer3,8.61794,13.6858,-0.262735,0.144811,2
48737,flyer4,10.1558,5.34146,-0.25377,-0.160002,2
48738,player,13.7714,10.7001,-0.0149963,0.0136741,1
48738,flyer5,10.5011,9.45752,-0.299944,0.00580021,1
48738,bullet2,14.1714,10.7001,0.8,0,1
48739,flyer2,4.54993,8.24799,-0.298752,-0.0273381,2
48739,flyer3,7.30426,14.4099,-0.262735,0.144811,2
48742,flyer4,8.8869,4.54145,-0.25377,-0.160002,2
48743,player,14.5819,10.4909,-0.255593,0.269409,1
48743,flyer5,9.0014,9.48652,-0.299944,0.00580021,1
48744,flyer2,3.05617,8.1113,-0.298752,-0.0273381,2
48744,flyer3,5.99059,15.1339,-0.262735,0.144811,2
48747,flyer4,7.61805,3.74144,-0.25377,-0.160002,2
48748,player,14.866,10.5943,0.147159,0.143007,1
48748,flyer5,7.50168,9.51552,-0.299944,0.00580021,1
48749,flyer2,1.56241,7.97461,-0.298752,-0.0273381,2
48749,flyer3,4.67691,15.858,-0.262735,0.144811,2
48749,bullet3,15.3322,10.6587,0.8,0,1
48752,flyer4,6.3492,2.94143,-0.25377,-0.160002,2
48753,player,14.4948,9.6313,-0.14916,-0.179991,1
48753,flyer5,6.00196,9.54452,-0.299944,0.00580021,1
48754,flyer2,0.0686494,7.83792,-0.298752,-0.0273381,2
48754,flyer6,16.5,6.02516,-0.3,0,2
48754,bullet4,14.8276,9.5503,0.8,0,1
48756,flayer7,16.5,6.02516,-0.299089,-0.0233622,2
48756,bullet5,14.7839,9.49745,0.8,0,1
48757,flyer4,5.08035,2.14141,-0.25377,-0.160002,2
48757,bullet6,14.7777,9.49006,0.8,0,1
48758,player,14.375,9.48674,-0.00275241,-0.00332134,1
48758,flyer5,4.50224,9.57352,-0.299944,0.00580021,1
48759,flyer6,15,6.02516,-0.3,0,2
48759,bullet1,14.7737,9.48525,0.8,0,1
48760,bullet2,14.7732,9.48458,0.8,0,1
48761,flayer7,15.0046,5.90835,-0.299089,-0.0233622,2
48762,flyer4,3.8115,1.3414,-0.25377,-0.160002,2
48763,player,14.8621,9.97345,0.151824,0.151814,1
48763,flyer5,3.00252,9.60252,-0.299944,0.00580021,1
48763,bullet3,15.2621,9.97345,0.8,0,1
48764,flyer6,13.5,6.02516,-0.3,0,2
48766,flayer7,13.5091,5.79154,-0.299089,-0.0233622,2
48767,flyer4,2.54265,0.541393,-0.25377,-0.160002,2
48768,player,15.6,8.94918,0,-0.096297,1
48768,flyer5,1.5028,9.63152,-0.299944,0.00580021,1
48769,flyer6,12,6.02516,-0.3,0,2
48769,bullet4,16,8.90584,0.8,0,1
48770,bullet5,16,8.88634,0.8,0,1
48771,flayer7,12.0137,5.67473,-0.299089,-0.0233622,2
48772,flyer4,1.27379,-0.258618,-0.25377,-0.160002,2
48772,bullet6,16,8.87362,0.8,0,1
48773,player,15.6,8.87184,0,-0.00177695,1
48773,flyer5,0.00308418,9.66052,-0.299944,0.00580021,1
48774,flyer6,10.5,6.02516,-0.3,0,2
48774,flayer8,16.5,6.02516,-0.268281,-0.134258,2
48775,flyer1,16.5,12.9889,-0.3,0,2
48776,flayer7,10.5182,5.55792,-0.299089,-0.0233622,2
48778,player,15.0115,9.45889,-0.0307547,0.0307219,1
48778,bullet1,14.6115,9.45889,-0.8,-6.99382e-08,1
48779,flyer6,9,6.02516,-0.3,0,2
48779,flayer8,15.1586,5.35387,-0.268281,-0.134258,2
48780,flyer1,15,12.9889,-0.3,0,2
48780,bullet2,15.3915,9.47894,0.8,0,1
48781,flayer7,9.02276,5.44111,-0.299089,-0.0233622,2
48783,player,15.4762,9.48356,0.151307,0.000566905,1
48783,bullet1,10.6115,9.45889,-0.8,-6.99382e-08,1
48783,bullet3,15.8762,9.48356,0.8,0,1
48784,flyer6,7.5,6.02516,-0.3,0,2
48784,flayer8,13.8172,4.68258,-0.268281,-0.134258,2
48785,flyer1,13.5,12.9889,-0.3,0,2
48786,flayer7,7.52732,5.3243,-0.299089,-0.0233622,2
48788,player,15.3798,8.33783,0.269156,-0.099088,1
48788,bullet1,6.61152,9.45889,-0.8,-6.99382e-08,1
48789,flyer6,5.99999,6.02516,-0.3,0,2
48789,flayer8,12.4758,4.01129,-0.268281,-0.134258,2
48789,bullet4,15.9009,8.29324,0.8,0,1
48790,flyer1,12,12.9889,-0.3,0,2
48791,flayer7,6.03187,5.20749,-0.299089,-0.0233622,2
48793,player,14.7691,8.10637,-0.484408,0.183797,1
48793,bullet1,2.61152,9.45889,-0.8,-6.99382e-08,1
48794,flyer6,4.49999,6.02516,-0.3,0,2
48794,flayer8,11.1344,3.34,-0.268281,-0.134258,2
48795,flyer1,10.5,12.9889,-0.3,0,2
48796,flayer7,4.53643,5.09067,-0.299089,-0.0233622,2
48798,player,13.7916,9.40017,-0.0396934,0.10249,1
48798,bullet5,14.1916,9.40017,0.8,0,1
48799,flyer6,2.99999,6.02516,-0.3,0,2
48799,flayer8,9.79297,2.66872,-0.268281,-0.134258,2
48800,flyer1,9,12.9889,-0.3,0,2
48801,flayer7,3.04098,4.97386,-0.299089,-0.0233622,2
48803,player,14.3174,10.6425,0.0676113,0.0840746,1
48804,flyer6,1.49999,6.02516,-0.3,0,2
48804,flayer8,8.45157,1.99743,-0.268281,-0.134258,2
48805,flyer1,7.5,12.9889,-0.3,0,2
48806,flayer7,1.54554,4.85705,-0.299089,-0.0233622,2
48808,player,14.0342,12.1937,-0.336252,0.43815,1
48809,flyer6,-6.4373e-06,6.02516,-0.3,0,2
48809,flayer8,7.11016,1.32614,-0.268281,-0.134258,2
48810,flyer1,5.99999,12.9889,-0.3,0,2
48811,flayer7,0.0500941,4.74024,-0.299089,-0.0233622,2
48811,flyer3,16.5,12.9889,-0.3,0,2
48813,player,13.4713,12.501,-0.398209,0.0625892,1
48813,flyer2,16.5,12.644,-0.3,0,2
48814,flayer8,5.76876,0.654848,-0.268281,-0.134258,2
48815,flyer1,4.49999,12.9889,-0.3,0,2
48816,flyer3,15,12.9889,-0.3,0,2
48818,player,12.2562,11.4051,-0.413192,-0.0979435,1
48818,flyer2,15,12.644,-0.3,0,2
48819,flayer8,4.42735,-0.0164418,-0.268281,-0.134258,2
48820,flyer1,2.99999,12.9889,-0.3,0,2
48821,flyer3,13.5,12.9889,-0.3,0,2
48823,player,12.5951,10.7241,-0.0773162,-0.0156469,1
48823,flyer2,13.5,12.644,-0.3,0,2
48823,flyer4,16.5,7.25461,-0.3,0,2
48824,bullet6,12.9603,10.7171,0.8,0,1
48825,flyer1,1.49999,12.9889,-0.3,0,2
48826,flyer3,12,12.9889,-0.3,0,2
48827,bullet2,12.6921,10.7118,-0.8,-6.99382e-08,1
48828,player,13.1215,10.7115,0.029328,-0.00028873,1
48828,flyer2,12,12.644,-0.3,0,2
48828,flyer4,15,7.25461,-0.3,0,2
48829,bullet3,13.5346,10.7114,0.8,0,1
48830,flyer1,-6.4373e-06,12.9889,-0.3,0,2
48831,flyer3,10.5,12.9889,-0.3,0,2
48832,bullet2,8.69212,10.7118,-0.8,-6.99382e-08,1
48832,bullet4,13.5445,10.2219,0.8,0,1
48833,player,13.145,10.1536,0.000541184,-0.0683491,1
48833,flyer2,10.5,12.644,-0.3,0,2
48833,flyer4,13.5,7.25461,-0.3,0,2
48834,bullet1,13.5452,10.1228,0.8,0,1
48835,bullet5,13.5454,10.109,0.8,0,1
48836,flyer3,9,12.9889,-0.3,0,2
48837,bullet2,4.69212,10.7118,-0.8,-6.99382e-08,1
48838,player,12.6561,10.5881,-0.151865,0.150614,1
48838,flyer2,9,12.644,-0.3,0,2
48838,flyer4,12,7.25461,-0.3,0,2
48838,bullet6,13.0561,10.5881,0.8,0,1
48841,flyer3,7.5,12.9889,-0.3,0,2
48842,bullet2,0.692122,10.7118,-0.8,-6.99382e-08,1
48843,player,13.6803,9.56284,0.0962961,-0.0963192,1
48843,flyer2,7.5,12.644,-0.3,0,2
48843,flyer4,10.5,7.25461,-0.3,0,2
48843,bullet3,14.0803,9.56284,0.8,0,1
48846,flyer3,5.99999,12.9889,-0.3,0,2
48846,flyer5,16.5,7.25461,-0.280345,-0.106802,2
48846,bullet4,13.6625,9.98059,0.8,0,1
48848,player,13.1692,10.4115,-0.0289778,0.366477,1
48848,flyer2,5.99999,12.644,-0.3,0,2
48848,flyer4,9,7.25461,-0.3,0,2
48851,flyer3,4.49999,12.9889,-0.3,0,2
48851,flyer5,15.0983,6.7206,-0.280345,-0.106802,2
48853,player,13.1459,10.675,-0.000534721,0.0443516,1
48853,flyer2,4.49999,12.644,-0.3,0,2
48853,flyer4,7.5,7.25461,-0.3,0,2
48853,bullet1,12.7459,10.675,-0.8,-6.99382e-08,1
48854,bullet5,13.5457,10.695,0.8,0,1
48856,flyer3,2.99999,12.9889,-0.3,0,2
48856,flyer5,13.6965,6.18659,-0.280345,-0.106802,2
48856,bullet6,13.5455,10.708,0.8,0,1
48858,player,13.1455,11.0481,-9.86711e-06,0.338318,1
48858,flyer2,2.99999,12.644,-0.3,0,2
48858,flyer4,5.99999,7.25461,-0.3,0,2
48858,bullet1,8.74589,10.675,-0.8,-6.99382e-08,1
48861,flyer3,1.49999,12.9889,-0.3,0,2
48861,flyer5,12.2948,5.65258,-0.280345,-0.106802,2
48861,bullet2,13.5455,11.2997,0.8,0,1
48863,player,13.483,11.6573,0.3375,0.343743,1
48863,flyer2,1.49999,12.644,-0.3,0,2
48863,flyer4,4.49999,7.25461,-0.3,0,2
48863,bullet1,4.74589,10.675,-0.8,-6.99382e-08,1
48866,flyer3,-6.4373e-06,12.9889,-0.3,0,2
48866,flyer5,10.8931,5.11857,-0.280345,-0.106802,2
48866,bullet3,13.5762,11.3552,0.8,0,1
48867,bullet4,13.5593,11.3386,0.8,0,1
48868,player,13.1517,11.3311,-0.00761179,-0.00749659,1
48868,flyer2,-6.4373e-06,12.644,-0.3,0,2
48868,flyer4,2.99999,7.25461,-0.3,0,2
48868,bullet1,0.745894,10.675,-0.8,-6.99382e-08,1
48870,bullet5,13.0573,11.8156,0.8,0,1
48871,flyer5,9.49137,4.58456,-0.280345,-0.106802,2
48872,flyer6,16.5,7.25461,-0.286256,0.0897637,2
48872,bullet6,12.9572,11.9137,0.8,0,1
48873,player,12.5433,11.9274,-0.0139801,0.0137013,1
48873,flyer4,1.49999,7.25461,-0.3,0,2
48876,flyer5,8.08965,4.05055,-0.280345,-0.106802,2
48877,flyer6,15.0687,7.70342,-0.286256,0.0897637,2
48877,flayer7,16.5,7.28524,-0.3,0,2
48877,bullet2,13.0314,11.839,0.8,0,1
48878,player,12.5766,11.8938,-0.0547621,0.054757,1
48878,flyer4,-6.4373e-06,7.25461,-0.3,0,2
48879,bullet1,12.952,11.9184,0.8,0,1
48880,bullet3,12.9409,11.9295,0.8,0,1
48881,flyer5,6.68793,3.51653,-0.280345,-0.106802,2
48882,flyer6,13.6374,8.15224,-0.286256,0.0897637,2
48882,flayer7,15,7.28524,-0.3,0,2
48882,bullet4,12.9337,11.9368,0.8,0,1
48883,player,12.5326,11.9378,-0.00101052,0.00101042,1
48883,bullet5,12.9326,11.9378,0.8,0,1
48886,flyer5,5.2862,2.98252,-0.280345,-0.106802,2
48887,flyer6,12.2062,8.60106,-0.286256,0.0897637,2
48887,flayer7,13.5,7.28524,-0.3,0,2
48888,player,11.9434,11.3809,-0.0307733,-0.0683251,1
48888,flayer8,16.5,7.28524,-0.3,0,2
48889,bullet6,12.3295,11.3501,0.8,0,1
48891,flyer5,3.88448,2.44851,-0.280345,-0.106802,2
48892,flyer6,10.7749,9.04988,-0.286256,0.0897637,2
48892,flayer7,12,7.28524,-0.3,0,2
48893,player,10.8408,11.8154,-0.183198,0.150614,1
48893,flayer8,15,7.28524,-0.3,0,2
48893,bullet2,11.2408,11.8154,0.8,0,1
48894,bullet6,16.3295,11.3501,0.8,0,1
48896,flyer5,2.48275,1.9145,-0.280345,-0.106802,2
48897,flyer6,9.3436,9.4987,-0.286256,0.0897637,2
48897,flayer7,10.5,7.28524,-0.3,0,2
48898,player,9.61583,12.0354,-0.18601,-0.118341,1
48898,flayer8,13.5,7.28524,-0.3,0,2
48898,bullet2,15.2408,11.8154,0.8,0,1
48899,bullet1,9.93213,11.9822,0.8,0,1
48901,flyer5,1.08103,1.38049,-0.280345,-0.106802,2
48902,flyer6,7.91232,9.94751,-0.286256,0.0897637,2
48902,flayer7,9,7.28524,-0.3,0,2
48903,player,8.97708,12.4298,-0.155307,0.149691,1
48903,flayer8,12,7.28524,-0.3,0,2
48903,bullet3,9.37708,12.4298,0.8,0,1
48904,bullet1,13.9321,11.9822,0.8,0,1
48905,bullet4,9.27574,12.5274,0.8,0,1
48906,flyer5,-0.320699,0.84648,-0.280345,-0.106802,2
48906,bullet5,9.26159,12.5411,0.8,0,1
48907,flyer6,6.48104,10.3963,-0.286256,0.0897637,2
48907,flayer7,7.5,7.28524,-0.3,0,2
48908,player,8.51485,12.8875,-0.340366,0.340262,1
48908,flayer8,10.5,7.28524,-0.3,0,2
48908,bullet3,13.3771,12.4298,0.8,0,1
48910,bullet4,13.2757,12.5274,0.8,0,1
48911,bullet5,13.2616,12.5411,0.8,0,1
48912,flyer6,5.04977,10.8452,-0.286256,0.0897637,2
48912,flayer7,5.99999,7.28524,-0.3,0,2
48913,player,8.14241,13.7492,0.11484,0.0370335,1
48913,flayer8,9,7.28524,-0.3,0,2
48913,bullet6,7.74241,13.7492,-0.8,-6.99382e-08,1
48916,bullet2,8.62781,13.7767,0.8,0,1
48917,flyer6,3.61849,11.294,-0.286256,0.0897637,2
48917,flayer7,4.49999,7.28524,-0.3,0,2
48918,player,8.23464,13.7789,0.00211911,0.000683372,1
48918,flayer8,7.5,7.28524,-0.3,0,2
48918,bullet6,3.74241,13.7492,-0.8,-6.99382e-08,1
48918,bullet1,8.63464,13.7789,0.8,0,1
48921,bullet2,12.6278,13.7767,0.8,0,1
48921,bullet3,9.19394,14.3372,0.8,0,1
48922,flyer6,2.18721,11.7428,-0.286256,0.0897637,2
48922,flayer7,2.99999,7.28524,-0.3,0,2
48923,player,9.32803,14.8712,0.165754,0.165727,1
48923,flayer8,5.99999,7.28524,-0.3,0,2
48923,bullet6,-0.257587,13.7492,-0.8,-6.99382e-08,1
48923,bullet1,12.6346,13.7789,0.8,0,1
48925,bullet4,9.83619,14.9793,0.8,0,1
48926,bullet3,13.1939,14.3372,0.8,0,1
48926,bullet5,9.85129,14.9944,0.8,0,1
48927,flyer6,0.755926,12.1916,-0.286256,0.0897637,2
48927,flayer7,1.49999,7.28524,-0.3,0,2
48928,player,9.46115,15.3418,0.00305862,0.340558,1
48928,flayer8,4.49999,7.28524,-0.3,0,2
48929,bullet6,9.86253,15.495,0.8,0,1
48930,bullet4,13.8362,14.9793,0.8,0,1
48931,bullet5,13.8513,14.9944,0.8,0,1
48932,flayer7,-6.4373e-06,7.28524,-0.3,0,2
48932,bullet2,10.3529,15.1196,0.8,0,1
48933,player,10.0213,15.0575,0.0684002,-0.0620595,1
48933,flayer8,2.99999,7.28524,-0.3,0,2
48934,bullet6,13.8625,15.495,0.8,0,1
48936,flyer1,16.5,7.28524,-0.236377,0.184732,2
48937,bullet2,14.3529,15.1196,0.8,0,1
48938,player,9.48779,14.4192,-0.0294925,-0.0318999,1
48938,flayer8,1.49999,7.28524,-0.3,0,2
48938,flyer3,16.5,7.35794,-0.3,0,2
48938,bullet1,9.88778,14.4192,0.8,0,1
48939,bullet3,9.87451,14.4049,0.8,0,1
48941,flyer1,15.3181,8.2089,-0.236377,0.184732,2
48942,bullet4,10.354,13.9048,0.8,0,1
48943,player,10.0218,13.8359,0.0677995,-0.0689324,1
48943,flayer8,-6.4373e-06,7.28524,-0.3,0,2
48943,flyer3,15,7.35794,-0.3,0,2
48943,bullet1,13.8878,14.4192,0.8,0,1
48944,bullet3,13.8745,14.4049,0.8,0,1
48944,bullet5,9.65233,13.8049,-0.8,-6.99382e-08,1
48946,flyer1,14.1362,9.13257,-0.236377,0.184732,2
48947,bullet4,14.354,13.9048,0.8,0,1
48948,player,9.92439,13.2912,0.186876,-0.153147,1
48948,flyer3,13.5,7.35794,-0.3,0,2
48949,bullet5,5.65233,13.8049,-0.8,-6.99382e-08,1
48950,flyer2,16.5,7.28524,-0.247797,0.169106,2
48950,bullet6,10.4463,13.1912,0.8,0,1
48951,flyer1,12.9544,10.0562,-0.236377,0.184732,2
48953,player,10.5638,13.6575,0.155323,0.149049,1
48953,flyer3,12,7.35794,-0.3,0,2
48954,bullet5,1.65233,13.8049,-0.8,-6.99382e-08,1
48954,bullet2,11.0337,13.7246,0.8,0,1
48955,flyer2,15.261,8.13077,-0.247797,0.169106,2
48955,bullet6,14.4463,13.1912,0.8,0,1
48956,flyer1,11.7725,10.9799,-0.236377,0.184732,2
48957,bullet1,11.6434,13.2168,0.8,0,1
48958,player,11.6146,13.1888,0.371121,-0.0280043,1
48958,flyer3,10.5,7.35794,-0.3,0,2
48959,bullet2,15.0337,13.7246,0.8,0,1
48960,flyer2,14.022,8.9763,-0.247797,0.169106,2
48960,bullet3,12.2567,13.1705,0.8,0,1
48961,flyer1,10.5906,11.9036,-0.236377,0.184732,2
48961,bullet4,12.2905,13.1679,0.8,0,1
48962,bullet1,15.6434,13.2168,0.8,0,1
48963,player,11.5751,13.5038,-0.330652,0.336983,1
48963,flyer3,9,7.35794,-0.3,0,2
48965,flyer2,12.783,9.82183,-0.247797,0.169106,2
48965,bullet3,16.2567,13.1705,0.8,0,1
48965,bullet5,11.7593,13.7236,0.8,0,1
48966,flyer1,9.4087,12.8272,-0.236377,0.184732,2
48966,bullet4,16.2905,13.1679,0.8,0,1
48967,bullet6,11.7157,13.7682,0.8,0,1
48968,player,11.3096,13.7744,-0.00610146,0.00621829,1
48968,flyer3,7.5,7.35794,-0.3,0,2
48968,bullet2,11.7096,13.7744,0.8,0,1
48970,flyer2,11.5441,10.6674,-0.247797,0.169106,2
48970,bullet5,15.7593,13.7236,0.8,0,1
48971,flyer1,8.22682,13.7509,-0.236377,0.184732,2
48972,bullet6,15.7157,13.7682,0.8,0,1
48973,player,12.7883,13.5284,0.436486,0.30686,1
48973,flyer3,5.99999,7.35794,-0.3,0,2
48973,bullet2,15.7096,13.7744,0.8,0,1
48974,flyer4,16.5,7.35794,-0.3,0,2
48975,flyer2,10.3051,11.5129,-0.247797,0.169106,2
48975,bullet1,12.6732,13.7286,-0.8,-6.99382e-08,1
48976,flyer1,7.04493,14.6745,-0.236377,0.184732,2
48977,bullet3,13.5308,13.7692,0.8,0,1
48978,player,13.1389,13.7748,0.00805439,0.00566243,1
48978,flyer3,4.49999,7.35794,-0.3,0,2
48978,bullet4,13.5389,13.7748,0.8,0,1
48979,flyer4,15,7.35794,-0.3,0,2
48980,flyer2,9.06609,12.3584,-0.247797,0.169106,2
48980,bullet1,8.67315,13.7286,-0.8,-6.99382e-08,1
48980,bullet5,13.5441,13.7785,0.8,0,1
48981,flyer1,5.86305,15.5982,-0.236377,0.184732,2
48981,bullet6,13.5449,13.7791,0.8,0,1
48983,player,12.8078,14.1169,-0.337351,0.337604,1
48983,flyer3,2.99999,7.35794,-0.3,0,2
48984,flyer4,13.5,7.35794,-0.3,0,2
48984,bullet2,13.056,14.2688,0.8,0,1
48985,flyer2,7.82711,13.2039,-0.247797,0.169106,2
48985,bullet1,4.67315,13.7286,-0.8,-6.99382e-08,1
48986,bullet3,12.957,14.3679,0.8,0,1
48987,bullet4,12.9431,14.3818,0.8,0,1
48988,player,12.5369,14.388,-0.00622508,0.00622975,1
48988,flyer3,1.49999,7.35794,-0.3,0,2
48989,flyer4,12,7.35794,-0.3,0,2
48990,flyer2,6.58812,14.0495,-0.247797,0.169106,2
48990,bullet1,0.673149,13.7286,-0.8,-6.99382e-08,1
48992,bullet4,16.9431,14.3818,0.8,0,1
48992,bullet5,12.4427,14.2938,0.8,0,1
48993,player,11.9742,14.3484,-0.0684586,0.0546191,1
48993,flyer3,-6.4373e-06,7.35794,-0.3,0,2
48994,flyer4,10.5,7.35794,-0.3,0,2
48995,flyer2,5.34914,14.895,-0.247797,0.169106,2
48995,flyer5,16.5,7.28524,-0.290353,0.0754651,2
48997,flyer6,16.5,13.8407,-0.3,0,2
48998,player,10.2698,13.9475,-0.235322,-0.205371,1
48999,flyer4,9,7.35794,-0.3,0,2
48999,bullet6,10.5639,13.8551,0.8,0,1
49000,flyer2,4.11016,15.7405,-0.247797,0.169106,2
49000,flyer5,15.0482,7.66257,-0.290353,0.0754651,2
49002,flyer6,15,13.8407,-0.3,0,2
49003,player,10.6693,13.8817,0.0264123,-0.12491,1
49003,bullet2,11.0693,13.8817,0.8,0,1
49004,flyer4,7.5,7.35794,-0.3,0,2
49005,flyer5,13.5965,8.03989,-0.290353,0.0754651,2
49008,player,10.5914,14.8592,0.121608,0.180325,1
49009,flyer4,5.99999,7.35794,-0.3,0,2
49009,bullet3,11.0462,14.9404,0.8,0,1
49010,flyer5,12.1447,8.41722,-0.290353,0.0754651,2
49012,flayer7,16.5,13.8407,-0.3,0,2
49013,player,9.76311,14.4156,-0.366011,-0.0274272,1
49014,flyer4,4.49999,7.35794,-0.3,0,2
49014,bullet3,15.0462,14.9404,0.8,0,1
49015,flyer5,10.6929,8.79455,-0.290353,0.0754651,2
49015,bullet1,9.9243,14.3977,0.8,0,1
49017,flayer7,15,13.8407,-0.3,0,2
49018,player,8.9798,13.9042,-0.158629,-0.152381,1
49019,flyer4,2.99999,7.35794,-0.3,0,2
49019,bullet4,9.30842,13.8356,0.8,0,1
49020,flyer5,9.24116,9.17187,-0.290353,0.0754651,2
49020,bullet5,8.4763,13.8047,-0.8,-6.99382e-08,1
49022,flayer7,13.5,13.8407,-0.3,0,1
49022,bullet6,9.25534,13.7846,0.8,0,1
49023,player,8.85241,13.7818,-0.00292715,-0.00281186,1
49023,bullet2,9.25241,13.7818,0.8,0,1
49024,flyer4,1.49999,7.35794,-0.3,0,2
49025,flyer5,7.78939,9.5492,-0.290353,0.0754651,2
49025,bullet5,4.4763,13.8047,-0.8,-6.99382e-08,1
49025,bullet3,9.25051,13.78,0.8,0,1
49027,bullet6,13.2553,13.7846,0.8,0,1
49028,player,8.85007,13.2902,-5.40141e-05,-0.151927,1
49028,bullet2,13.2524,13.7818,0.8,0,1
49029,flyer4,-6.4373e-06,7.35794,-0.3,0,2
49030,flyer5,6.33762,9.92652,-0.290353,0.0754651,2
49030,bullet5,0.476297,13.8047,-0.8,-6.99382e-08,1
49030,bullet3,13.2505,13.78,0.8,0,1
49032,flayer8,16.5,13.8407,-0.287139,0.0868981,2
49033,player,8.02315,12.7177,-0.489376,-0.202268,1
49034,flyer1,16.5,11.4159,-0.256916,-0.1549,2
49035,flyer5,4.88585,10.3038,-0.290353,0.0754651,2
49036,bullet1,7.56986,13.0567,0.8,0,1
49037,flayer8,15.0643,14.2752,-0.287139,0.0868981,1
49038,player,7.37917,12.8062,0.297715,-0.310478,1
49039,flyer1,15.2154,10.6414,-0.256916,-0.1549,2
49040,flyer5,3.43409,10.6812,-0.290353,0.0754651,2
49041,bullet1,11.5699,13.0567,0.8,0,1
49042,flayer8,13.6286,14.7097,-0.287139,0.0868981,1
49043,player,7.3937,12.0675,-0.470042,-0.157604,1
49044,flyer1,13.9308,9.86695,-0.256916,-0.1549,2
49045,flyer5,1.98232,11.0585,-0.290353,0.0754651,2
49045,bullet4,7.48699,11.9647,0.8,0,1
49046,bullet1,15.5699,13.0567,0.8,0,1
49046,bullet6,7.44416,11.9503,0.8,0,1
49047,flayer8,12.1929,15.1442,-0.287139,0.0868981,1
49048,player,7.01621,12.2785,-0.00867359,0.334592,1
49049,flyer1,12.6463,9.09245,-0.256916,-0.1549,2
49050,flyer5,0.530555,11.4358,-0.290353,0.0754651,2
49050,bullet4,11.487,11.9647,0.8,0,1
49051,bullet6,11.4442,11.9503,0.8,0,1
49051,bullet5,7.40977,13.085,0.8,0,1
49052,flayer8,10.7572,15.5787,-0.287139,0.0868981,1
49053,player,7.00925,13.1495,-0.000160052,0.0200138,1
49053,bullet2,7.40925,13.1495,0.8,0,1
49054,flyer1,11.3617,8.31795,-0.256916,-0.1549,2
49055,bullet4,15.487,11.9647,0.8,0,1
49056,bullet6,15.4442,11.9503,0.8,0,1
49056,bullet5,11.4098,13.085,0.8,0,1
49057,flayer8,9.32153,16.0132,-0.287139,0.0868981,1
49058,player,7.34662,13.9742,0.337497,-0.238032,1
49058,bullet2,11.4093,13.1495,0.8,0,1
49059,flyer1,10.0771,7.54346,-0.256916,-0.1549,2
49061,bullet5,15.4098,13.085,0.8,0,1
49061,bullet3,7.99759,13.2395,0.8,0,1
49062,flayer8,7.88583,16.4477,-0.287139,0.0868981,1
49063,player,7.12829,13.1808,-0.145647,-0.018232,1
49063,bullet2,15.4093,13.1495,0.8,0,1
49064,flyer1,8.79252,6.76896,-0.256916,-0.1549,2
49064,flyer3,16.5,11.4159,-0.296752,-0.0440261,2
49065,flyer2,16.5,11.4159,-0.3,0,2
49066,bullet3,11.9976,13.2395,0.8,0,1
49066,bullet1,7.41998,13.7249,0.8,0,1
49068,player,7.01132,14.1059,-0.0026876,0.351003,1
49069,flyer1,7.50794,5.99446,-0.256916,-0.1549,2
49069,flyer3,15.0162,11.1958,-0.296752,-0.0440261,2
49070,flyer2,15,11.4159,-0.3,0,2
49071,bullet3,15.9976,13.2395,0.8,0,1
49071,bullet1,11.42,13.7249,0.8,0,1
49072,bullet4,7.31011,15.4592,0.8,0,1
49073,player,6.96457,15.5479,0.0544546,0.0886604,1
49074,flyer1,6.22335,5.21996,-0.256916,-0.1549,2
49074,flyer3,13.5325,10.9757,-0.296752,-0.0440261,2
49075,flyer2,13.5,11.4159,-0.3,0,2
49076,bullet1,15.42,13.7249,0.8,0,1
49076,bullet6,7.16278,15.604,-0.8,-6.99382e-08,1
49077,bullet4,11.3101,15.4592,0.8,0,1
49078,player,7.94811,15.6,0.352344,0,1
49079,flyer1,4.93877,4.44546,-0.256916,-0.1549,2
49079,flyer3,12.0487,10.7556,-0.296752,-0.0440261,2
49079,bullet5,8.50667,15.6,0.8,0,1
49080,flyer2,12,11.4159,-0.3,0,2
49081,bullet6,3.16278,15.604,-0.8,-6.99382e-08,1
49081,bullet2,7.81013,15.6,-0.8,-6.99382e-08,1
49082,bullet4,15.3101,15.4592,0.8,0,1
49083,player,8.23108,15.6,0.00650175,0,1
49084,flyer1,3.65419,3.67097,-0.256916,-0.1549,2
49084,flyer3,10.565,10.5354,-0.296752,-0.0440261,2
49084,bullet5,12.5067,15.6,0.8,0,1
49085,flyer2,10.5,11.4159,-0.3,0,2
49085,bullet3,8.14594,15.1106,0.8,0,1
49086,bullet2,3.81013,15.6,-0.8,-6.99382e-08,1
49088,player,8.12336,14.5083,0.138155,-0.165715,1
49088,bullet1,8.52336,14.5083,0.8,0,1
49089,flyer1,2.36961,2.89647,-0.256916,-0.1549,2
49089,flyer3,9.0812,10.3153,-0.296752,-0.0440261,2
49090,flyer2,9,11.4159,-0.3,0,2
49090,bullet3,12.1459,15.1106,0.8,0,1
49091,bullet2,-0.189874,15.6,-0.8,-6.99382e-08,1
49091,bullet4,8.6261,14.3851,0.8,0,1
49092,bullet6,8.63176,14.3783,0.8,0,1
49093,player,8.23431,14.3752,0.00254936,-0.0030579,1
49093,bullet1,12.5234,14.5083,0.8,0,1
49094,flyer1,1.08502,2.12197,-0.256916,-0.1549,2
49094,flyer3,7.59744,10.0952,-0.296752,-0.0440261,2
49095,flyer2,7.5,11.4159,-0.3,0,2
49095,bullet3,16.1459,15.1106,0.8,0,1
49096,bullet4,12.6261,14.3851,0.8,0,1
49097,bullet6,12.6318,14.3783,0.8,0,1
49097,bullet5,8.07859,14.3421,0.8,0,1
49098,player,7.64788,14.3589,-0.0307076,0.0168587,1
49098,bullet2,8.04788,14.3589,0.8,0,1
49099,flyer1,-0.199558,1.34747,-0.256916,-0.1549,2
49099,flyer3,6.11368,9.87502,-0.296752,-0.0440261,2
49100,flyer2,5.99999,11.4159,-0.3,0,2
49102,bullet5,12.0786,14.3421,0.8,0,1
49102,bullet3,8.02379,13.8144,0.8,0,1
49103,player,7.62322,13.784,-0.000566642,-0.0304436,1
49103,bullet2,12.0479,14.3589,0.8,0,1
49103,bullet1,8.02322,13.784,0.8,0,1
49104,flyer3,4.62992,9.65489,-0.296752,-0.0440261,2
49105,flyer2,4.49999,11.4159,-0.3,0,2
49107,bullet5,16.0786,14.3421,0.8,0,1
49107,bullet3,12.0238,13.8144,0.8,0,1
49108,player,7.62277,13.7596,-1.04561e-05,-0.00056177,1
49108,bullet2,16.0479,14.3589,0.8,0,1
49108,bullet1,12.0232,13.784,0.8,0,1
49109,flyer3,3.14616,9.43476,-0.296752,-0.0440261,2
49109,bullet4,8.02277,13.7593,0.8,0,1
49110,flyer2,2.99999,11.4159,-0.3,0,2
49112,bullet3,16.0238,13.8144,0.8,0,1
49112,bullet6,7.46504,14.3168,0.8,0,1
49113,player,7.03429,14.3476,-0.0307549,0.0307443,1
49113,bullet1,16.0232,13.784,0.8,0,1
49114,flyer3,1.6624,9.21463,-0.296752,-0.0440261,2
49114,bullet4,12.0228,13.7593,0.8,0,1
49115,flyer2,1.49999,11.4159,-0.3,0,2
49117,bullet6,11.465,14.3168,0.8,0,1
49118,player,6.97884,15.5185,0.0370215,0.0996658,1
49118,bullet5,7.37884,15.5185,0.8,0,1
49119,flyer3,0.178642,8.9945,-0.296752,-0.0440261,2
49119,bullet4,16.0228,13.7593,0.8,0,1
49120,flyer2,-6.4373e-06,11.4159,-0.3,0,2
49122,flyer6,16.5,2.10936,-0.254663,0.158578,2
49122,bullet6,15.465,14.3168,0.8,0,1
49122,bullet2,7.96561,15.6,0.8,0,1
49123,player,7.93454,15.2625,0.368938,-0.3375,1
49123,bullet5,11.3788,15.5185,0.8,0,1
49124,flayer7,16.5,11.9991,-0.293261,-0.0632274,2
49126,bullet3,7.8089,15.5009,-0.8,-6.99382e-08,1
49127,flyer6,15.2267,2.90225,-0.254663,0.158578,2
49127,bullet2,11.9656,15.6,0.8,0,1
49128,player,7.89333,15.6,-0.330692,0,1
49128,bullet5,15.3788,15.5185,0.8,0,1
49129,flayer7,15.0337,11.683,-0.293261,-0.0632274,2
49129,bullet1,8.14452,15.6,0.8,0,1
49131,bullet3,3.80889,15.5009,-0.8,-6.99382e-08,1
49132,flyer6,13.9534,3.69514,-0.254663,0.158578,2
49132,bullet2,15.9656,15.6,0.8,0,1
49132,bullet4,7.54449,15.6,0.8,0,1
49133,player,7.07004,15.6,-0.0744459,0,1
49134,flayer7,13.5674,11.3668,-0.293261,-0.0632274,2
49134,bullet1,12.1445,15.6,0.8,0,1
49136,bullet3,-0.191105,15.5009,-0.8,-6.99382e-08,1
49137,flyer6,12.6801,4.48803,-0.254663,0.158578,2
49137,bullet4,11.5445,15.6,0.8,0,1
49138,player,7.83278,15.6,-0.25669,0,1
49139,flayer7,12.1011,11.0507,-0.293261,-0.0632274,2
49139,bullet1,16.1445,15.6,0.8,0,1
49140,flyer4,16.5,11.9991,-0.290299,0.0756748,2
49141,bullet6,8.0419,15.6,0.8,0,1
49142,flyer6,11.4067,5.28092,-0.254663,0.158578,2
49142,bullet4,15.5445,15.6,0.8,0,1
49142,bullet5,8.03137,15.6,0.8,0,1
49143,player,7.62664,15.6,-0.00473666,0,1
49144,flayer7,10.6348,10.7346,-0.293261,-0.0632274,2
49144,bullet2,8.02451,15.6,0.8,0,1
49145,flyer4,15.0485,12.3775,-0.290299,0.0756748,2
49145,bullet3,7.22355,15.6,-0.8,-6.99382e-08,1
49146,bullet6,12.0419,15.6,0.8,0,1
49147,flyer6,10.1334,6.07381,-0.254663,0.158578,2
49147,bullet5,12.0314,15.6,0.8,0,1
49148,player,7.62283,15.6,-8.74047e-05,0,1
49149,flayer7,9.16846,10.4184,-0.293261,-0.0632274,2
49149,bullet2,12.0245,15.6,0.8,0,1
49150,flyer4,13.597,12.7559,-0.290299,0.0756748,2
49150,bullet3,3.22355,15.6,-0.8,-6.99382e-08,1
49151,bullet6,16.0419,15.6,0.8,0,1
49152,flyer6,8.86012,6.8667,-0.254663,0.158578,2
49152,bullet5,16.0314,15.6,0.8,0,1
49153,player,7.62276,15.6,-1.61286e-06,0,1
49153,bullet1,8.02276,15.6,0.8,0,1
49154,flayer7,7.70216,10.1023,-0.293261,-0.0632274,2
49154,bullet2,16.0245,15.6,0.8,0,1
49155,flyer4,12.1455,13.1342,-0.290299,0.0756748,2
49155,bullet3,-0.776453,15.6,-0.8,-6.99382e-08,1
49157,flyer6,7.58681,7.65959,-0.254663,0.158578,2
49157,bullet4,7.46505,15.0423,0.8,0,1
49158,player,7.03429,15.0115,-0.0307547,-0.0307547,1
49158,bullet1,12.0228,15.6,0.8,0,1
49158,bullet6,7.43429,15.0115,0.8,0,1
49159,flayer7,6.23585,9.78614,-0.293261,-0.0632274,2
49160,flyer4,10.694,13.5126,-0.290299,0.0756748,2
49160,bullet5,6.61422,14.9915,-0.8,-6.99382e-08,1
49162,flyer6,6.3135,8.45248,-0.254663,0.158578,2
49162,bullet4,11.465,15.0423,0.8,0,1
49163,player,7.00959,14.9868,-0.000567511,-0.00056751,1
49163,bullet1,16.0228,15.6,0.8,0,1
49163,bullet6,11.4343,15.0115,0.8,0,1
49164,flayer7,4.76954,9.47001,-0.293261,-0.0632274,2
49165,flyer4,9.24254,13.891,-0.290299,0.0756748,2
49165,bullet5,2.61422,14.9915,-0.8,-6.99382e-08,1
49167,flyer6,5.04019,9.24537,-0.254663,0.158578,2
49167,bullet4,15.465,15.0423,0.8,0,1
49167,bullet2,7.99762,14.4287,0.8,0,1
49168,player,7.94895,14.7354,0.351329,0.306735,1
49168,bullet6,15.4343,15.0115,0.8,0,1
