493756,player,3.61885,1.69152,0,0,1
493758,bullet1,4.01885,2.18089,0.8,0,1
493761,player,3.61885,2.29383,0,0.0138396,1
493761,bullet2,4.01885,2.29383,0.8,0,1
493763,bullet1,8.01885,2.18089,0.8,0,1
493766,player,2.94819,1.70263,0.0696916,-0.0135842,1
493766,bullet2,8.01885,2.29383,0.8,0,1
493767,bullet3,3.37955,1.69652,0.8,0,1
493768,bullet1,12.0188,2.18089,0.8,0,1
493768,bullet4,3.39366,1.69377,0.8,0,1
493771,player,3.00416,1.69172,0.00128601,-0.000250667,1
493771,bullet2,12.0188,2.29383,0.8,0,1
493772,bullet3,7.37955,1.69652,0.8,0,1
493773,bullet1,16.0188,2.18089,0.8,0,1
493773,bullet4,7.39366,1.69377,0.8,0,1
493775,bullet5,2.91579,2.1809,0.8,0,1
493776,player,2.44747,2.24924,-0.06832,0.0683391,1
493776,bullet2,16.0188,2.29383,0.8,0,1
493777,bullet3,11.3796,1.69652,0.8,0,1
493778,bullet4,11.3937,1.69377,0.8,0,1
493778,bullet6,2.80289,2.29383,0.8,0,1
493780,bullet5,6.91579,2.1809,0.8,0,1
493781,player,2.0551,2.30412,-0.338761,0.00126105,1
493782,bullet3,15.3796,1.69652,0.8,0,1
493783,bullet4,15.3937,1.69377,0.8,0,1
493783,bullet6,6.80289,2.29383,0.8,0,1
493784,flyer1,16.5,7.15387,-0.3,0,2
493784,bullet1,2.76091,2.30506,0.8,0,1
493785,bullet5,10.9158,2.1809,0.8,0,1
493785,bullet2,2.77778,2.30511,0.8,0,1
493786,player,2.38537,2.30513,0.00758852,2.32699e-05,1
493788,bullet6,10.8029,2.29383,0.8,0,1
493789,flyer1,15,7.15387,-0.3,0,2
493789,bullet1,6.76091,2.30506,0.8,0,1
493790,bullet5,14.9158,2.1809,0.8,0,1
493790,bullet2,6.77778,2.30511,0.8,0,1
493791,player,2.39146,2.86287,0.00014003,0.0683442,1
493792,bullet3,2.79152,2.89363,0.8,0,1
493793,bullet6,14.8029,2.29383,0.8,0,1
493794,flyer1,13.5,7.15387,-0.3,0,2
493794,bullet1,10.7609,2.30506,0.8,0,1
493795,bullet2,10.7778,2.30511,0.8,0,1
493795,bullet4,2.79157,2.9165,0.8,0,1
493796,player,2.39157,2.91776,2.58394e-06,0.00126114,1
493797,bullet3,6.79152,2.89363,0.8,0,1
493799,flyer1,12,7.15387,-0.3,0,2
493799,bullet1,14.7609,2.30506,0.8,0,1
493800,bullet2,14.7778,2.30511,0.8,0,1
493800,bullet4,6.79157,2.9165,0.8,0,1
493801,player,2.39157,2.91877,4.76809e-08,2.32716e-05,1
493802,bullet3,10.7915,2.89363,0.8,0,1
493803,flyer2,16.5,7.15387,-0.298395,0.0309891,2
493804,flyer1,10.5,7.15387,-0.3,0,2
493805,bullet4,10.7916,2.9165,0.8,0,1
493806,player,2.72907,2.53669,0.3375,-0.282995,1
493807,bullet3,14.7915,2.89363,0.8,0,1
493808,flyer2,15.008,7.30882,-0.298395,0.0309891,2
493809,flyer1,9,7.15387,-0.3,0,2
493809,bullet5,2.89067,2.32625,0.8,0,1
493810,bullet4,14.7916,2.9165,0.8,0,1
493811,player,2.41164,2.30942,-0.0245269,-0.00522206,1
493811,bullet6,2.81164,2.30942,0.8,0,1
493813,flyer2,13.516,7.46377,-0.298395,0.0309891,2
493814,flyer1,7.5,7.15387,-0.3,0,2
493814,bullet5,6.89067,2.32625,0.8,0,1
493814,bullet1,3.35112,2.86326,0.8,0,1
493816,player,3.48363,3.39692,0.165262,0.165618,1
493816,bullet6,6.81164,2.30942,0.8,0,1
493818,flyer2,12.0241,7.61871,-0.298395,0.0309891,2
493819,flyer1,5.99999,7.15387,-0.3,0,2
493819,bullet5,10.8907,2.32625,0.8,0,1
493819,bullet1,7.35112,2.86326,0.8,0,1
493819,bullet2,3.44881,3.52008,0.8,0,1
493821,player,3.01404,3.52992,-0.0107901,0.00305612,1
493821,bullet6,10.8116,2.30942,0.8,0,1
493823,flyer2,10.5321,7.77366,-0.298395,0.0309891,2
493824,flyer1,4.49999,7.15387,-0.3,0,2
493824,bullet5,14.8907,2.32625,0.8,0,1
493824,bullet1,11.3511,2.86326,0.8,0,1
493824,bullet2,7.44881,3.52008,0.8,0,1
493826,player,3.00537,4.13469,-0.000199107,0.013896,1
493826,bullet6,14.8116,2.30942,0.8,0,1
493828,flyer2,9.04012,7.9286,-0.298395,0.0309891,2
493829,flyer1,2.99999,7.15387,-0.3,0,2
493829,bullet1,15.3511,2.86326,0.8,0,1
493829,bullet2,11.4488,3.52008,0.8,0,1
493829,bullet3,2.91585,4.14502,0.8,0,1
493831,player,2.07924,4.14585,-0.368258,0.00025642,1
493833,flyer2,7.54815,8.08355,-0.298395,0.0309891,2
493834,flyer1,1.49999,7.15387,-0.3,0,2
493834,bullet2,15.4488,3.52008,0.8,0,1
493834,bullet3,6.91585,4.14502,0.8,0,1
493835,bullet4,2.77876,4.73452,0.8,0,1
493836,player,2.38581,5.08587,0.00704421,0.351344,1
493838,flyer2,6.05617,8.23849,-0.298395,0.0309891,2
493839,flyer1,-6.4373e-06,7.15387,-0.3,0,2
493839,bullet3,10.9158,4.14502,0.8,0,1
493839,bullet5,2.79105,4.85776,0.8,0,1
493840,bullet4,6.77876,4.73452,0.8,0,1
493841,player,2.39146,4.77955,0.000129985,-0.0242714,1
493841,bullet6,2.79147,4.77955,0.8,0,1
493843,flyer2,4.56419,8.39344,-0.298395,0.0309891,2
493844,bullet3,14.9159,4.14502,0.8,0,1
493844,bullet5,6.79105,4.85776,0.8,0,1
493845,bullet4,10.7788,4.73452,0.8,0,1
493846,player,2.1406,5.68604,0.306748,0.367807,1
493846,bullet6,6.79147,4.77955,0.8,0,1
493848,flyer2,3.07222,8.54838,-0.298395,0.0309891,2
493848,bullet1,2.74075,5.92603,0.8,0,1
493849,bullet5,10.791,4.85776,0.8,0,1
493850,bullet4,14.7788,4.73452,0.8,0,1
493851,player,2.94466,5.98142,0.0740041,0.00678707,1
493851,bullet6,10.7915,4.77955,0.8,0,1
493853,flyer2,1.58024,8.70332,-0.298395,0.0309891,2
493853,bullet1,6.74075,5.92603,0.8,0,1
493853,bullet2,3.39295,5.49647,0.8,0,1
493854,bullet5,14.791,4.85776,0.8,0,1
493856,player,2.51472,5.04705,-0.150509,-0.351214,1
493856,bullet6,14.7915,4.77955,0.8,0,1
493858,flyer2,0.0882663,8.85827,-0.298395,0.0309891,2
493858,bullet1,10.7408,5.92603,0.8,0,1
493858,bullet2,7.39295,5.49647,0.8,0,1
493858,bullet3,2.81651,4.81789,0.8,0,1
493859,bullet4,2.80279,4.78588,0.8,0,1
493861,player,2.05634,5.1025,-0.340277,0.331019,1
493863,bullet1,14.7408,5.92603,0.8,0,1
493863,bullet2,11.3929,5.49647,0.8,0,1
493863,bullet3,6.81651,4.81789,0.8,0,1
493864,bullet4,6.80279,4.78588,0.8,0,1
493866,player,1.78307,5.36833,-0.00627907,0.00610823,1
493866,flyer3,16.5,7.15387,-0.283483,0.0981692,2
493866,bullet5,2.18307,5.36833,0.8,0,1
493868,bullet2,15.393,5.49647,0.8,0,1
493868,bullet3,10.8165,4.81789,0.8,0,1
493869,bullet4,10.8028,4.78588,0.8,0,1
493871,player,1.18956,4.78477,-0.0308705,-0.030642,1
493871,flyer3,15.0826,7.64472,-0.283483,0.0981692,2
493871,bullet5,6.18307,5.36833,0.8,0,1
493871,bullet6,1.58956,4.78477,0.8,0,1
493873,bullet3,14.8165,4.81789,0.8,0,1
493874,bullet4,14.8028,4.78588,0.8,0,1
493876,player,0.607046,4.76016,-0.0689134,-0.000565431,1
493876,flyer3,13.6652,8.13557,-0.283483,0.0981692,2
493876,flyer4,16.5,3.20077,-0.3,0,2
493876,bullet5,10.1831,5.36833,0.8,0,1
493876,bullet6,5.58956,4.78477,0.8,0,1
493878,bullet1,0.96208,4.75979,0.8,0,1
493879,bullet2,0.955801,4.75974,0.8,0,1
493881,player,0.551703,4.42221,-0.00127165,-0.33751,1
493881,flyer3,12.2477,8.62641,-0.283483,0.0981692,2
493881,flyer4,15,3.20077,-0.3,0,2
493881,bullet5,14.1831,5.36833,0.8,0,1
493881,bullet6,9.58956,4.78477,0.8,0,1
493883,bullet1,4.96208,4.75979,0.8,0,1
493884,bullet2,4.9558,4.75974,0.8,0,1
493885,bullet3,0.950705,4.15738,0.8,0,1
493886,player,0.4,3.81366,-0.0843809,-0.343728,1
493886,flyer3,10.8303,9.11726,-0.283483,0.0981692,2
493886,flyer4,13.5,3.20077,-0.3,0,2
493886,bullet6,13.5896,4.78477,0.8,0,1
493888,bullet1,8.96208,4.75979,0.8,0,1
493889,bullet2,8.9558,4.75974,0.8,0,1
493890,bullet3,4.95071,4.15738,0.8,0,1
493891,player,0.4,3.53761,0,-0.00634275,1
493891,flyer3,9.41291,9.60811,-0.283483,0.0981692,2
493891,flyer4,12,3.20077,-0.3,0,2
493891,bullet4,0.8,3.53761,0.8,0,1
493893,bullet1,12.9621,4.75979,0.8,0,1
493894,bullet2,12.9558,4.75974,0.8,0,1
493895,bullet3,8.95071,4.15738,0.8,0,1
493896,player,1.49169,3.04315,0.165715,-0.151992,1
493896,flyer3,7.99549,10.099,-0.283483,0.0981692,2
493896,flyer4,10.5,3.20077,-0.3,0,2
493896,bullet4,4.8,3.53761,0.8,0,1
493899,bullet5,1.52554,2.93012,0.8,0,1
493900,bullet3,12.9507,4.15738,0.8,0,1
493901,player,1.0363,2.92108,-0.0276968,-0.00280468,1
493901,flyer3,6.57808,10.5898,-0.283483,0.0981692,2
493901,flyer4,9,3.20077,-0.3,0,1
493902,bullet6,1.42383,2.91982,0.8,0,1
493904,bullet5,5.52554,2.93012,0.8,0,1
493905,bullet1,1.97229,2.91888,0.8,0,1
493906,player,1.60253,2.91883,0.0302436,-5.17542e-05,1
493906,flyer3,5.16066,11.0806,-0.283483,0.0981692,2
493906,flyer4,7.5,3.20077,-0.3,0,0
493907,bullet6,5.42383,2.91982,0.8,0,1
493909,bullet2,2.02502,2.91879,0.8,0,1
493910,bullet1,5.97229,2.91888,0.8,0,1
493911,player,1.62682,2.91879,0.00055808,-9.55011e-07,1
493911,flyer3,3.74324,11.5715,-0.283483,0.0981692,2
493911,bullet4,2.02682,2.91879,0.8,0,1
493912,bullet6,9.42384,2.91982,0.8,0,1
493914,bullet2,6.02502,2.91879,0.8,0,1
493915,bullet1,9.97229,2.91888,0.8,0,1
493916,player,1.62727,2.91879,1.02981e-05,-1.76226e-08,1
493916,flyer3,2.32583,12.0623,-0.283483,0.0981692,2
493916,bullet4,6.02682,2.91879,0.8,0,1
493917,bullet6,13.4238,2.91982,0.8,0,1
493919,bullet2,10.025,2.91879,0.8,0,1
493920,bullet1,13.9723,2.91888,0.8,0,1
493921,player,1.06955,2.91879,-0.0683436,-3.25187e-10,1
493921,flyer3,0.908409,12.5532,-0.283483,0.0981692,2
493921,bullet4,10.0268,2.91879,0.8,0,1
493922,bullet3,0.6388,2.91879,-0.8,-6.99382e-08,1
493924,flyer5,16.5,3.20077,-0.230306,0.192248,2
493924,bullet2,14.025,2.91879,0.8,0,1
493926,player,1.01467,2.17844,-0.00126113,0.15487,1
493926,bullet4,14.0268,2.91879,0.8,0,1
493927,flyer6,16.5,3.20077,-0.226194,-0.19707,2
493929,flyer5,15.3485,4.162,-0.230306,0.192248,1
493929,bullet5,1.41373,2.29361,0.8,0,1
493930,bullet6,1.41368,2.29996,0.8,0,1
493931,player,1.01366,2.30282,-2.32714e-05,0.00285779,1
493932,flyer6,15.369,2.21542,-0.226194,-0.19707,1
493933,bullet1,0.924266,1.81531,0.8,0,1
493934,flyer5,14.1969,5.12324,-0.230306,0.192248,1
493934,bullet5,5.41373,2.29361,0.8,0,1
493935,bullet6,5.41368,2.29996,0.8,0,1
493936,player,0.411324,2.0403,-0.01384,0.323713,1
493937,flyer6,14.2381,1.23007,-0.226194,-0.19707,1
493938,bullet1,4.92427,1.81531,0.8,0,1
493939,flyer5,13.0454,6.08448,-0.230306,0.192248,1
493939,bullet5,9.41373,2.29361,0.8,0,1
493939,bullet3,0.8,2.28102,0.8,0,1
493940,bullet6,9.41368,2.29996,0.8,0,1
493941,player,0.889375,2.30027,0.151875,0.00597342,1
493942,flyer6,13.1071,0.244722,-0.226194,-0.19707,1
493943,bullet1,8.92427,1.81531,0.8,0,1
493944,flyer5,11.8939,7.04572,-0.230306,0.192248,1
493944,bullet5,13.4137,2.29361,0.8,0,1
493944,bullet3,4.8,2.28102,0.8,0,1
493945,bullet6,13.4137,2.29996,0.8,0,1
493946,player,1.26232,1.96757,-0.303943,-0.33739,1
493948,bullet1,12.9243,1.81531,0.8,0,1
493949,flyer5,10.7424,8.00696,-0.230306,0.192248,1
493949,flayer7,16.5,8.26267,-0.291548,-0.0707077,2
493949,bullet3,8.8,2.28102,0.8,0,1
493949,bullet2,1.4363,1.71667,0.8,0,1
493950,bullet4,0.623835,1.70284,-0.8,-6.99382e-08,1
493951,player,1.01823,1.69661,-0.0056086,-0.00622579,1
493954,flyer5,9.59083,8.9682,-0.230306,0.192248,1
493954,flayer7,15.0423,7.90913,-0.291548,-0.0707077,2
493954,bullet3,12.8,2.28102,0.8,0,1
493954,bullet2,5.4363,1.71667,0.8,0,1
493955,bullet5,1.38307,1.69173,0.8,0,1
493956,player,0.999882,1.69161,0.0168116,-0.000114883,1
493957,bullet6,1.40745,1.69156,0.8,0,1
493959,flyer5,8.4393,9.92945,-0.230306,0.192248,1
493959,flayer7,13.5845,7.55559,-0.291548,-0.0707077,2
493959,bullet2,9.4363,1.71667,0.8,0,1
493960,bullet5,5.38307,1.69173,0.8,0,1
493960,bullet4,1.90245,1.69152,0.8,0,1
493961,player,1.5711,1.69152,0.068654,-2.11992e-06,1
493962,bullet6,5.40745,1.69156,0.8,0,1
493964,flyer5,7.28777,10.8907,-0.230306,0.192248,1
493964,flayer7,12.1268,7.20206,-0.291548,-0.0707077,2
493964,bullet2,13.4363,1.71667,0.8,0,1
493965,bullet5,9.38307,1.69173,0.8,0,1
493965,bullet4,5.90245,1.69152,0.8,0,1
493966,player,1.62624,0.4,0.00126686,-0.0955236,1
493967,bullet6,9.40745,1.69156,0.8,0,1
493969,flyer5,6.13624,11.8519,-0.230306,0.192248,1
493969,flayer7,10.669,6.84852,-0.291548,-0.0707077,2
493970,bullet5,13.3831,1.69173,0.8,0,1
493970,bullet4,9.90245,1.69152,0.8,0,1
493971,player,1.18247,0.925599,-0.206356,0.0120769,1
493972,bullet6,13.4074,1.69156,0.8,0,1
493973,bullet1,0.958451,1.42285,0.8,0,1
493974,flyer5,4.98471,12.8132,-0.230306,0.192248,1
493974,flayer7,9.21128,6.49498,-0.291548,-0.0707077,2
493975,bullet4,13.9024,1.69152,0.8,0,1
493976,player,0.414439,1.53761,-0.0176475,0.0140625,1
493976,bullet3,0.814439,1.53761,0.8,0,1
493977,bullet2,0.806498,1.54394,0.8,0,1
493978,bullet1,4.95845,1.42285,0.8,0,1
493979,flyer5,3.83319,13.7744,-0.230306,0.192248,1
493979,flayer7,7.75354,6.14144,-0.291548,-0.0707077,2
493979,bullet5,0.801316,1.54807,0.8,0,1
493981,player,0.889642,1.05953,0.151549,-0.151616,1
493981,bullet3,4.81444,1.53761,0.8,0,1
493982,bullet2,4.8065,1.54394,0.8,0,1
493983,bullet1,8.95845,1.42285,0.8,0,1
493984,flyer5,2.68166,14.7357,-0.230306,0.192248,1
493984,flayer7,6.2958,5.7879,-0.291548,-0.0707077,2
493984,bullet5,4.80132,1.54807,0.8,0,1
493986,player,0.422875,0.600269,-0.0279582,-0.340298,1
493986,bullet3,8.81444,1.53761,0.8,0,1
493987,bullet2,8.8065,1.54394,0.8,0,1
493988,bullet1,12.9585,1.42285,0.8,0,1
493989,flyer5,1.53013,15.6969,-0.230306,0.192248,1
493989,flayer7,4.83806,5.43436,-0.291548,-0.0707077,2
493989,bullet5,8.80132,1.54807,0.8,0,1
493991,player,0.4,0.396206,0,-0.0011774,1
493991,bullet3,12.8144,1.53761,0.8,0,1
493992,bullet2,12.8065,1.54394,0.8,0,1
493993,bullet6,0.8,0.395438,0.8,0,1
493994,flayer7,3.38032,5.08082,-0.291548,-0.0707077,2
493994,bullet5,12.8013,1.54807,0.8,0,1
493996,player,0.4,0.395261,-0,-2.17263e-05,1
493997,flayer8,16.5,3.20077,-0.3,0,2
493997,bullet4,0.8,0.395251,0.8,0,1
493998,bullet6,4.8,0.395438,0.8,0,1
493999,flayer7,1.92257,4.72728,-0.291548,-0.0707077,2
494000,bullet1,0.8,0.395244,0.8,0,1
494001,player,0.4,0.732743,-0,0.3375,1
494002,flayer8,15,3.20077,-0.3,0,2
494002,bullet4,4.8,0.395251,0.8,0,1
494003,bullet6,8.8,0.395438,0.8,0,1
494003,bullet3,0.8,0.952962,0.8,0,1
494004,flayer7,0.464833,4.37374,-0.291548,-0.0707077,2
494005,bullet1,4.8,0.395244,0.8,0,1
494006,player,0.957719,0.446065,0.0683438,-0.0621159,1
494007,flayer8,13.5,3.20077,-0.3,0,2
494007,bullet4,8.8,0.395251,0.8,0,1
494008,bullet6,12.8,0.395438,0.8,0,1
494008,bullet3,4.8,0.952962,0.8,0,1
494010,bullet1,8.8,0.395244,0.8,0,1
494011,player,0.4,0.647154,-0,-0.307892,1
494012,flayer8,12,3.20077,-0.3,0,2
494012,bullet4,12.8,0.395251,0.8,0,1
494013,bullet3,8.8,0.952962,0.8,0,1
494013,bullet2,0.8,0.446255,0.8,0,1
494015,bullet1,12.8,0.395244,0.8,0,1
494016,player,0.4,0.95761,0,0.0626623,1
494017,flayer8,10.5,3.20077,-0.3,0,2
494018,bullet3,12.8,0.952962,0.8,0,1
494018,bullet2,4.8,0.446255,0.8,0,1
494018,bullet5,0.8,0.998497,0.8,0,1
494020,bullet6,0.8,1.00678,0.8,0,1
494021,player,0.4,1.34543,-0,0.338656,1
494022,flayer8,9,3.20077,-0.3,0,2
494023,bullet2,8.8,0.446255,0.8,0,1
494023,bullet5,4.8,0.998497,0.8,0,1
494023,bullet4,0.8,1.56641,0.8,0,1
494025,bullet6,4.8,1.00678,0.8,0,1
494026,player,0.4,1.6174,0,0.00624916,1
494027,flayer8,7.5,3.20077,-0.3,0,2
494028,bullet2,12.8,0.446255,0.8,0,1
494028,bullet5,8.8,0.998497,0.8,0,1
494028,bullet4,4.8,1.56641,0.8,0,1
494030,bullet6,8.8,1.00678,0.8,0,1
494031,player,2.08016,2.12564,0.196469,0.135075,1
494032,flayer8,5.99999,3.20077,-0.3,0,2
494033,bullet5,12.8,0.998497,0.8,0,1
494033,bullet4,8.8,1.56641,0.8,0,1
494035,bullet6,12.8,1.00678,0.8,0,1
494035,bullet1,2.14494,2.23162,0.8,0,1
494036,player,1.68022,2.23411,-0.0647183,0.00249252,1
494037,flayer8,4.49999,3.20077,-0.3,0,2
494038,bullet4,12.8,1.56641,0.8,0,1
494040,flyer1,16.5,8.26267,-0.3,0,2
494040,bullet1,6.14494,2.23162,0.8,0,1
494041,player,2.23056,1.07608,0.0126454,-0.0821374,1
494041,bullet3,2.63056,1.07608,0.8,0,1
494042,flayer8,2.99999,3.20077,-0.3,0,2
494045,flyer1,15,8.26267,-0.3,0,2
494045,bullet1,10.1449,2.23162,0.8,0,1
494046,player,1.75134,1.49949,-0.151642,0.150359,1
494046,bullet3,6.63056,1.07608,0.8,0,1
494047,flayer8,1.49999,3.20077,-0.3,0,2
494050,flyer1,13.5,8.26267,-0.3,0,2
494050,bullet1,14.1449,2.23162,0.8,0,1
494051,player,1.24747,1.66484,-0.285794,-0.0517296,1
494051,bullet3,10.6306,1.07608,0.8,0,1
494052,flayer8,-6.4373e-06,3.20077,-0.3,0,2
494052,bullet2,1.51886,1.64156,0.8,0,1
494054,flyer2,16.5,7.74358,-0.299987,-0.00282792,2
494055,flyer1,12,8.26267,-0.3,0,2
494055,bullet5,1.42323,1.62425,0.8,0,1
494056,player,1.01795,1.62329,-0.0052737,-0.000954557,1
494056,bullet3,14.6306,1.07608,0.8,0,1
494057,bullet2,5.51886,1.64156,0.8,0,1
494059,flyer2,15.0001,7.72943,-0.299987,-0.00282792,2
494060,flyer1,10.5,8.26267,-0.3,0,2
494060,bullet5,5.42323,1.62425,0.8,0,1
494060,bullet6,2.56001,1.6533,0.8,0,1
494061,player,2.2045,1.63637,0.044497,-0.0169327,1
494062,bullet2,9.51886,1.64156,0.8,0,1
494064,flyer2,13.5001,7.71529,-0.299987,-0.00282792,2
494064,bullet4,2.63759,1.06606,0.8,0,1
494065,flyer1,9,8.26267,-0.3,0,2
494065,bullet5,9.42323,1.62425,0.8,0,1
494065,bullet6,6.56001,1.6533,0.8,0,1
494066,player,1.75086,1.50983,-0.151054,0.137723,1
494067,bullet2,13.5189,1.64156,0.8,0,1
494069,flyer2,12.0002,7.70115,-0.299987,-0.00282792,2
494069,bullet4,6.63759,1.06606,0.8,0,1
494070,flyer1,7.5,8.26267,-0.3,0,2
494070,bullet5,13.4232,1.62425,0.8,0,1
494070,bullet6,10.56,1.6533,0.8,0,1
494071,player,1.61571,1.6066,0.0141277,0.0194565,1
494072,bullet1,2.02207,1.61535,0.8,0,1
494074,flyer2,10.5003,7.68701,-0.299987,-0.00282792,2
494074,bullet4,10.6376,1.06606,0.8,0,1
494074,bullet3,1.22622,1.62106,-0.8,-6.99382e-08,1
494075,flyer1,5.99999,8.26267,-0.3,0,2
494075,bullet6,14.56,1.6533,0.8,0,1
494076,player,1.62706,1.62222,0.000260696,0.000359026,1
494077,bullet1,6.02207,1.61535,0.8,0,1
494077,bullet2,2.02718,1.62238,0.8,0,1
494079,flyer2,9.00033,7.67287,-0.299987,-0.00282792,2
494079,bullet4,14.6376,1.06606,0.8,0,1
494079,bullet5,2.02725,1.62249,0.8,0,1
494080,flyer1,4.49999,8.26267,-0.3,0,2
494081,player,1.28977,1.96001,-0.337495,0.337507,1
494082,bullet1,10.0221,1.61535,0.8,0,1
494082,bullet2,6.02718,1.62238,0.8,0,1
494082,bullet3,1.5379,2.11189,0.8,0,1
494084,flyer2,7.5004,7.65873,-0.299987,-0.00282792,2
494084,bullet5,6.02725,1.62249,0.8,0,1
494085,flyer1,2.99999,8.26267,-0.3,0,2
494086,player,1.57645,2.23105,0.062116,0.00622795,1
494087,bullet1,14.0221,1.61535,0.8,0,1
494087,bullet2,10.0272,1.62238,0.8,0,1
494087,bullet3,5.5379,2.11189,0.8,0,1
494089,flyer2,6.00046,7.64459,-0.299987,-0.00282792,2
494089,bullet5,10.0273,1.62249,0.8,0,1
494090,flyer1,1.49999,8.26267,-0.3,0,2
494090,bullet6,1.43671,2.82441,0.8,0,1
494091,player,1.02402,2.83837,-0.0126934,0.0139545,1
494092,bullet2,14.0272,1.62238,0.8,0,1
494092,bullet3,9.5379,2.11189,0.8,0,1
494094,flyer2,4.50053,7.63045,-0.299987,-0.00282792,2
494094,bullet5,14.0273,1.62249,0.8,0,1
494095,flyer1,-6.4373e-06,8.26267,-0.3,0,2
494095,bullet6,5.43672,2.82441,0.8,0,1
494095,bullet4,0.825588,2.84932,0.8,0,1
494096,player,0.411514,2.84958,-0.0140738,0.0002575,1
494097,bullet3,13.5379,2.11189,0.8,0,1
494098,bullet1,1.29171,2.84974,0.8,0,1
494099,flyer2,3.00059,7.61631,-0.299987,-0.00282792,2
494100,bullet6,9.43672,2.82441,0.8,0,1
494100,bullet4,4.82559,2.84932,0.8,0,1
494101,player,1.00252,2.84978,0.0135799,4.75161e-06,1
494103,bullet1,5.29171,2.84974,0.8,0,1
494103,bullet2,1.90076,2.36041,0.8,0,1
494104,flyer2,1.50066,7.60217,-0.299987,-0.00282792,2
494105,bullet6,13.4367,2.82441,0.8,0,1
494105,bullet4,8.82559,2.84932,0.8,0,1
494106,player,1.27824,2.39935,-0.32341,-0.199465,1
494108,bullet1,9.29171,2.84974,0.8,0,1
494108,bullet2,5.90076,2.36041,0.8,0,1
494109,flyer2,0.000727355,7.58803,-0.299987,-0.00282792,2
494110,bullet4,12.8256,2.84932,0.8,0,1
494110,bullet5,1.9822,1.68513,0.8,0,1
494111,player,1.60699,1.65069,0.0247869,-0.0344354,1
494113,bullet1,13.2917,2.84974,0.8,0,1
494113,bullet2,9.90076,2.36041,0.8,0,1
494115,flyer4,16.5,7.74358,-0.3,0,2
494115,bullet5,5.9822,1.68513,0.8,0,1
494115,bullet3,2.02644,1.0352,0.8,0,1
494116,player,1.6269,1.02072,0.000457387,-0.014475,1
494118,bullet2,13.9008,2.36041,0.8,0,1
494120,flyer4,15,7.74358,-0.3,0,2
494120,bullet5,9.98221,1.68513,0.8,0,1
494120,bullet3,6.02644,1.0352,0.8,0,1
494120,bullet6,1.46954,1.56708,0.8,0,1
494121,player,1.03879,1.59757,-0.0307462,0.0304876,1
494123,bullet4,1.41873,1.12809,0.8,0,1
494125,flyer4,13.5,7.74358,-0.3,0,2
494125,bullet5,13.9822,1.68513,0.8,0,1
494125,bullet3,10.0264,1.0352,0.8,0,1
494125,bullet6,5.46954,1.56708,0.8,0,1
494126,player,0.676598,0.682242,-0.338067,-0.350777,1
494128,bullet4,5.41873,1.12809,0.8,0,1
494130,flyer4,12,7.74358,-0.3,0,2
494130,bullet3,14.0264,1.0352,0.8,0,1
494130,bullet6,9.46954,1.56708,0.8,0,1
494131,player,0.4,0.889914,0,0.145402,1
494131,bullet1,0.8,0.889914,0.8,0,1
494133,bullet4,9.41873,1.12809,0.8,0,1
494133,bullet2,0.8,0.984788,0.8,0,1
494135,flyer4,10.5,7.74358,-0.3,0,2
494135,bullet6,13.4695,1.56708,0.8,0,1
494136,player,0.4,1.00668,0,0.00268308,1
494136,bullet1,4.8,0.889914,0.8,0,1
494138,bullet4,13.4187,1.12809,0.8,0,1
494138,bullet2,4.8,0.984788,0.8,0,1
494139,bullet5,0.8,1.00868,0.8,0,1
494140,flyer4,9,7.74358,-0.3,0,2
494141,player,0.4,0.519464,0,-0.151825,1
494141,bullet1,8.8,0.889914,0.8,0,1
494143,bullet2,8.8,0.984788,0.8,0,1
494144,bullet5,4.8,1.00868,0.8,0,1
494145,flyer4,7.5,7.74358,-0.3,0,2
494146,player,0.4,1.47538,-0,0.179828,1
494146,bullet1,12.8,0.889914,0.8,0,1
494148,bullet2,12.8,0.984788,0.8,0,1
494149,bullet5,8.8,1.00868,0.8,0,1
494150,flyer4,5.99999,7.74358,-0.3,0,2
494151,player,0.889375,1.7189,0.151875,-0.117802,1
494151,flyer3,16.5,7.74358,-0.3,0,2
494152,bullet3,1.35772,1.66589,0.8,0,1
494153,bullet6,1.38847,1.64203,0.8,0,1
494154,bullet5,12.8,1.00868,0.8,0,1
494155,flyer4,4.49999,7.74358,-0.3,0,2
494156,player,1.01134,1.13492,0.00280252,-0.154049,1
494156,flyer3,15,7.74358,-0.3,0,2
494157,bullet3,5.35772,1.66589,0.8,0,1
494158,bullet6,5.38847,1.64203,0.8,0,1
494160,flyer4,2.99999,7.74358,-0.3,0,2
494160,bullet4,1.41354,1.11315,0.8,0,1
494161,player,1.01359,1.0558,5.17144e-05,-0.0573468,1
494161,flyer3,13.5,7.74358,-0.3,0,2
494162,bullet3,9.35772,1.66589,0.8,0,1
494162,bullet1,0.613618,1.02999,-0.8,-6.99382e-08,1
494163,bullet6,9.38847,1.64203,0.8,0,1
494165,flyer4,1.49999,7.74358,-0.3,0,2
494165,bullet4,5.41354,1.11315,0.8,0,1
494165,bullet2,0.855916,1.56852,0.8,0,1
494166,player,0.425162,1.26072,-0.0307537,-0.307804,1
494166,flyer3,12,7.74358,-0.3,0,2
494167,bullet3,13.3577,1.66589,0.8,0,1
494168,bullet6,13.3885,1.64203,0.8,0,1
494170,flyer4,-6.4373e-06,7.74358,-0.3,0,2
494170,bullet4,9.41354,1.11315,0.8,0,1
494170,bullet2,4.85592,1.56852,0.8,0,1
494171,player,0.4,1.5029,0,0.146195,1
494171,flyer3,10.5,7.74358,-0.3,0,2
494173,flyer6,16.5,7.74358,-0.3,0,2
494175,bullet4,13.4135,1.11315,0.8,0,1
494175,bullet2,8.85592,1.56852,0.8,0,1
494176,player,0.4,1.60647,0,0.0196128,1
494176,flyer3,9,7.74358,-0.3,0,2
494176,bullet5,0.8,1.60647,0.8,0,1
494177,bullet1,0.8,1.61529,0.8,0,1
494178,flyer6,15,7.74358,-0.3,0,2
494180,bullet2,12.8559,1.56852,0.8,0,1
494181,player,0.4,1.0645,0,-0.0679818,1
494181,flyer3,7.5,7.74358,-0.3,0,2
494181,bullet5,4.8,1.60647,0.8,0,1
494181,bullet3,0.8,1.0645,0.8,0,1
494182,bullet1,4.8,1.61529,0.8,0,1
494183,flyer6,13.5,7.74358,-0.3,0,2
494186,player,0.988474,1.59838,0.0307547,0.0295002,1
494186,flyer3,5.99999,7.74358,-0.3,0,2
494186,bullet5,8.8,1.60647,0.8,0,1
494186,bullet3,4.8,1.0645,0.8,0,1
494186,bullet6,1.38847,1.59838,0.8,0,1
494187,bullet1,8.8,1.61529,0.8,0,1
494188,flyer6,12,7.74358,-0.3,0,2
494191,player,0.675672,2.07251,-0.336933,0.200009,1
494191,flyer3,4.49999,7.74358,-0.3,0,2
494191,bullet5,12.8,1.60647,0.8,0,1
494191,bullet3,8.8,1.0645,0.8,0,1
494191,bullet6,5.38847,1.59838,0.8,0,1
494192,bullet1,12.8,1.61529,0.8,0,1
494193,flyer6,10.5,7.74358,-0.3,0,2
494196,player,0.625306,2.23313,-0.275374,0.00369073,1
494196,flyer3,2.99999,7.74358,-0.3,0,2
494196,bullet3,12.8,1.0645,0.8,0,1
494196,bullet6,9.38847,1.59838,0.8,0,1
494197,bullet4,0.901388,2.23479,0.8,0,1
494198,flyer6,9,7.74358,-0.3,0,2
494201,player,0.4,2.2361,0,6.81043e-05,1
494201,flyer3,1.49999,7.74358,-0.3,0,2
494201,bullet6,13.3885,1.59838,0.8,0,1
494201,bullet2,0.8,2.2361,0.8,0,1
494202,bullet4,4.90139,2.23479,0.8,0,1
494203,flyer6,7.5,7.74358,-0.3,0,2
494203,bullet5,0.8,2.23614,0.8,0,1
494206,player,0.4,2.23615,0,1.25672e-06,1
494206,flyer3,-6.4373e-06,7.74358,-0.3,0,2
494206,bullet2,4.8,2.2361,0.8,0,1
494206,bullet1,0.8,2.23615,0.8,0,1
494207,bullet4,8.90139,2.23479,0.8,0,1
494208,flyer6,5.99999,7.74358,-0.3,0,2
494208,bullet5,4.8,2.23614,0.8,0,1
494211,player,0.988474,2.23615,0.0307547,2.31899e-08,1
494211,bullet2,8.8,2.2361,0.8,0,1
494211,bullet1,4.8,2.23615,0.8,0,1
494212,bullet4,12.9014,2.23479,0.8,0,1
494213,flyer6,4.49999,7.74358,-0.3,0,2
494213,bullet5,8.8,2.23614,0.8,0,1
494216,player,0.455454,3.38234,-0.0677762,0.0990984,1
494216,bullet2,12.8,2.2361,0.8,0,1
494216,bullet1,8.8,2.23615,0.8,0,1
494217,bullet3,0.824954,3.42694,0.8,0,1
494218,flyer6,2.99999,7.74358,-0.3,0,2
494218,bullet5,12.8,2.23614,0.8,0,1
494221,player,0.4,4.2888,0,0.491204,1
494221,bullet1,12.8,2.23615,0.8,0,1
494222,bullet3,4.82495,3.42694,0.8,0,1
494223,flyer6,1.49999,7.74358,-0.3,0,2
494223,flyer5,16.5,11.3656,-0.29968,0.0138599,2
494226,player,0.4,5.73037,0,0.229283,1
494226,flayer7,16.5,11.3656,-0.3,0,2
494227,bullet3,8.82495,3.42694,0.8,0,1
494228,flyer6,-6.4373e-06,7.74358,-0.3,0,2
494228,flyer5,15.0016,11.4349,-0.29968,0.0138599,2
494228,bullet6,0.8,5.87998,0.8,0,1
494231,player,0.4,6.40388,0,0.156106,1
494231,flayer7,15,11.3656,-0.3,0,2
494232,bullet3,12.825,3.42694,0.8,0,1
494232,bullet4,0.8,6.47413,0.8,0,1
494233,flyer5,13.5032,11.5042,-0.29968,0.0138599,2
494233,bullet6,4.8,5.87998,0.8,0,1
494234,bullet2,0.8,6.51997,0.8,0,1
494236,player,0.4,6.52925,0,0.00288059,1
494236,flayer7,13.5,11.3656,-0.3,0,2
494237,bullet4,4.8,6.47413,0.8,0,1
494237,bullet5,0.8,6.53055,0.8,0,1
494238,flyer5,12.0048,11.5735,-0.29968,0.0138599,2
494238,bullet6,8.8,5.87998,0.8,0,1
494239,bullet2,4.8,6.51997,0.8,0,1
494241,player,0.4,6.53156,0,5.3155e-05,1
494241,flayer7,12,11.3656,-0.3,0,2
494242,bullet4,8.8,6.47413,0.8,0,1
494242,bullet5,4.8,6.53055,0.8,0,1
494243,flyer5,10.5064,11.6428,-0.29968,0.0138599,2
494243,bullet6,12.8,5.87998,0.8,0,1
494244,bullet2,8.8,6.51997,0.8,0,1
494246,player,0.4,7.12008,0,0.0307557,1
494246,flayer7,10.5,11.3656,-0.3,0,2
494247,bullet4,12.8,6.47413,0.8,0,1
494247,bullet5,8.8,6.53055,0.8,0,1
494248,flyer5,9.00801,11.7121,-0.29968,0.0138599,2
494249,bullet2,12.8,6.51997,0.8,0,1
494249,bullet1,0.8,7.14295,0.8,0,1
494251,player,0.889375,6.6554,0.151875,-0.151307,1
494251,flayer7,9,11.3656,-0.3,0,2
494252,bullet5,12.8,6.53055,0.8,0,1
494252,bullet3,1.35772,6.58732,0.8,0,1
494253,flyer5,7.50961,11.7814,-0.29968,0.0138599,2
494254,bullet1,4.8,7.14295,0.8,0,1
494256,player,1.01134,6.53389,0.00280252,-0.00279205,1
494256,flayer7,7.5,11.3656,-0.3,0,2
494256,bullet6,1.41134,6.53389,0.8,0,1
494257,bullet3,5.35772,6.58732,0.8,0,1
494258,flyer5,6.01121,11.8507,-0.29968,0.0138599,2
494259,bullet1,8.8,7.14295,0.8,0,1
494259,bullet4,1.41343,6.53182,0.8,0,1
494261,player,1.01359,6.53165,5.17144e-05,-5.15212e-05,1
494261,flayer7,5.99999,11.3656,-0.3,0,2
494261,bullet6,5.41134,6.53389,0.8,0,1
494262,bullet3,9.35772,6.58732,0.8,0,1
494263,flyer5,4.51281,11.92,-0.29968,0.0138599,2
494264,bullet1,12.8,7.14295,0.8,0,1
494264,bullet4,5.41343,6.53182,0.8,0,1
494266,player,0.676136,7.47142,-0.337499,0.351339,1
494266,flayer7,4.49999,11.3656,-0.3,0,2
494266,bullet6,9.41134,6.53389,0.8,0,1
494267,bullet3,13.3577,6.58732,0.8,0,1
494268,flyer5,3.01441,11.9893,-0.29968,0.0138599,2
494269,bullet4,9.41343,6.53182,0.8,0,1
494269,bullet2,1.38288,7.17497,0.8,0,1
494271,player,1.00741,7.15126,0.0076118,-0.00735642,1
494271,flayer7,2.99999,11.3656,-0.3,0,2
494271,bullet6,13.4113,6.53389,0.8,0,1
494272,bullet5,1.41083,7.14795,0.8,0,1
494273,flyer5,1.51601,12.0586,-0.29968,0.0138599,2
494274,bullet4,13.4134,6.53182,0.8,0,1
494274,bullet2,5.38288,7.17497,0.8,0,1
494276,player,1.57124,6.58764,0.0684842,-0.0684795,1
494276,flayer7,1.49999,11.3656,-0.3,0,2
494277,bullet5,5.41083,7.14795,0.8,0,1
494278,flyer5,0.0176146,12.1279,-0.29968,0.0138599,2
494279,bullet2,9.38288,7.17497,0.8,0,1
494280,flayer8,16.5,11.3656,-0.3,0,2
494280,bullet1,2.02498,7.12238,0.8,0,1
494281,player,1.62624,7.47246,0.00126373,0.350076,1
494281,flayer7,-6.4373e-06,11.3656,-0.3,0,2
494282,bullet5,9.41083,7.14795,0.8,0,1
494284,bullet2,13.3829,7.17497,0.8,0,1
494284,bullet3,1.5378,8.22216,0.8,0,1
494285,flayer8,15,11.3656,-0.3,0,2
494285,bullet1,6.02498,7.12238,0.8,0,1
494286,player,1.03878,8.67957,-0.0307314,0.374715,1
494287,bullet5,13.4108,7.14795,0.8,0,1
494289,bullet3,5.5378,8.22216,0.8,0,1
494290,flayer8,13.5,11.3656,-0.3,0,2
494290,bullet1,10.025,7.12238,0.8,0,1
494291,player,0.411788,9.02509,-0.0144067,-0.0475896,1
494291,flyer1,16.5,11.3656,-0.298121,0.03352,2
494291,bullet6,0.811788,9.02509,0.8,0,1
494294,bullet3,9.5378,8.22216,0.8,0,1
494294,bullet4,0.8,9.47908,0.8,0,1
494295,flayer8,12,11.3656,-0.3,0,2
494295,bullet1,14.025,7.12238,0.8,0,1
494296,player,0.4,9.57534,0,0.0298765,1
494296,flyer1,15.0094,11.5332,-0.298121,0.03352,2
494296,bullet6,4.81179,9.02509,0.8,0,1
494298,bullet2,0.8,9.59484,0.8,0,1
494299,bullet3,13.5378,8.22216,0.8,0,1
494299,bullet4,4.8,9.47908,0.8,0,1
494300,flayer8,10.5,11.3656,-0.3,0,2
494301,player,0.4,10.4262,0,0.489926,1
494301,flyer1,13.5188,11.7008,-0.298121,0.03352,2
494301,bullet6,8.81179,9.02509,0.8,0,1
494303,bullet2,4.8,9.59484,0.8,0,1
494304,bullet4,8.8,9.47908,0.8,0,1
494305,flayer8,9,11.3656,-0.3,0,2
494305,bullet5,0.8,10.8106,0.8,0,1
494306,player,0.4,10.8197,0,0.00904052,1
494306,flyer1,12.0282,11.8684,-0.298121,0.03352,2
494306,bullet6,12.8118,9.02509,0.8,0,1
494308,bullet2,8.8,9.59484,0.8,0,1
494309,bullet4,12.8,9.47908,0.8,0,1
494310,flayer8,7.5,11.3656,-0.3,0,2
494310,bullet5,4.8,10.8106,0.8,0,1
494311,player,0.7375,10.4894,0.3375,-0.337333,1
494311,flyer1,10.5376,12.036,-0.298121,0.03352,2
494313,bullet2,12.8,9.59484,0.8,0,1
494314,bullet1,0.588474,10.2386,-0.8,-6.99382e-08,1
494315,flayer8,5.99999,11.3656,-0.3,0,1
494315,bullet3,1.40231,10.2247,0.8,0,1
494316,player,1.00854,10.2185,0.00622782,-0.00622475,1
494316,flyer1,9.04696,12.2036,-0.298121,0.03352,2
494318,flyer2,16.5,13.6863,-0.277664,0.11359,2
494320,flayer8,4.49999,11.3656,-0.3,0,1
494320,bullet3,5.40231,10.2247,0.8,0,1
494320,bullet6,0.8,9.65591,0.8,0,1
494321,player,0.4,9.62504,0,-0.0308696,1
494321,flyer1,7.55636,12.3712,-0.298121,0.03352,2
494321,bullet5,0.8,9.62504,0.8,0,1
494323,flyer2,15.1117,14.2542,-0.277664,0.11359,2
494325,flayer8,2.99999,11.3656,-0.3,0,1
494325,bullet3,9.40231,10.2247,0.8,0,1
494325,bullet6,4.8,9.65591,0.8,0,1
494326,player,0.988474,9.69935,0.0307547,-0.12169,1
494326,flyer1,6.06575,12.5388,-0.298121,0.03352,2
494326,bullet5,4.8,9.62504,0.8,0,1
494328,flyer2,13.7234,14.8222,-0.277664,0.11359,2
494330,flayer8,1.49999,11.3656,-0.3,0,1
494330,bullet3,13.4023,10.2247,0.8,0,1
494330,bullet6,8.8,9.65591,0.8,0,1
494331,player,2.10486,9.50252,0.166282,0.118875,1
494331,flyer1,4.57514,12.7064,-0.298121,0.03352,2
494331,bullet5,8.8,9.62504,0.8,0,1
494331,bullet4,2.50486,9.50252,0.8,0,1
494333,flyer2,12.335,15.3901,-0.277664,0.11359,2
494335,flayer8,-6.4373e-06,11.3656,-0.3,0,1
494335,bullet6,12.8,9.65591,0.8,0,1
494335,bullet1,2.63533,9.5958,0.8,0,1
494336,player,2.2384,9.59799,0.00306837,0.00219357,1
494336,flyer1,3.08453,12.874,-0.298121,0.03352,2
494336,bullet5,12.8,9.62504,0.8,0,1
494336,bullet4,6.50486,9.50252,0.8,0,1
494338,flyer2,10.9467,15.9581,-0.277664,0.11359,2
494340,bullet1,6.63533,9.5958,0.8,0,1
494341,player,1.41399,9.44788,-0.489318,0.185665,1
494341,flyer1,1.59393,13.0416,-0.298121,0.03352,2
494341,bullet4,10.5049,9.50252,0.8,0,1
494343,flyer4,16.5,11.3656,-0.3,0,2
494344,bullet2,1.45012,9.58594,0.8,0,1
494345,bullet1,10.6353,9.5958,0.8,0,1
494346,player,0.531651,10.0864,-0.160904,0.155301,1
494346,flyer1,0.103319,13.2092,-0.298121,0.03352,2
494346,bullet4,14.5049,9.50252,0.8,0,1
494348,flyer4,15,11.3656,-0.3,0,2
494349,bullet2,5.45012,9.58594,0.8,0,1
494350,flyer3,16.5,13.6863,-0.3,0,2
494350,bullet1,14.6353,9.5958,0.8,0,1
494351,player,0.402431,9.73554,-0.00296914,-0.165924,1
494352,bullet3,0.801095,9.66088,0.8,0,1
494353,flyer4,13.5,11.3656,-0.3,0,2
494354,bullet2,9.45012,9.58594,0.8,0,1
494354,bullet6,0.800223,9.61215,0.8,0,1
494355,flyer3,15,13.6863,-0.3,0,2
494355,bullet5,0.800101,9.60535,0.8,0,1
494356,player,0.400047,9.60229,-5.47889e-05,-0.00306177,1
494357,bullet3,4.8011,9.66088,0.8,0,1
494358,flyer4,12,11.3656,-0.3,0,2
494359,bullet2,13.4501,9.58594,0.8,0,1
494359,bullet6,4.80022,9.61215,0.8,0,1
494360,flyer3,13.5,13.6863,-0.3,0,2
494360,bullet5,4.8001,9.60535,0.8,0,1
494361,player,0.4,10.2021,0,0.0137831,1
494362,bullet3,8.8011,9.66088,0.8,0,1
494363,flyer4,10.5,11.3656,-0.3,0,2
494364,bullet6,8.80022,9.61215,0.8,0,1
494364,bullet4,0.8,10.7701,0.8,0,1
494365,flyer3,12,13.6863,-0.3,0,2
494365,bullet5,8.8001,9.60535,0.8,0,1
494366,player,0.4,10.8155,0,0.0140939,1
494367,bullet3,12.8011,9.66088,0.8,0,1
494368,flyer4,9,11.3656,-0.3,0,2
494369,bullet6,12.8002,9.61215,0.8,0,1
494369,bullet4,4.8,10.7701,0.8,0,1
494370,flyer3,10.5,13.6863,-0.3,0,2
494370,bullet5,12.8001,9.60535,0.8,0,1
494371,player,0.4,11.1643,-0,0.33776,1
494373,flyer4,7.5,11.3656,-0.3,0,1
494375,flyer3,9,13.6863,-0.3,0,2
494375,flyer6,16.5,13.6863,-0.3,0,2
494376,player,0.444594,11.3673,-0.0545041,0.0897639,1
494377,flyer5,16.5,3.9634,-0.230193,-0.192383,2
494377,bullet1,0.820068,11.4076,0.8,0,1
494378,flyer4,5.99999,11.3656,-0.3,0,1
494379,bullet2,0.804064,11.434,0.8,0,1
494380,flyer3,7.5,13.6863,-0.3,0,2
494380,flyer6,15,13.6863,-0.3,0,2
494381,player,0.400823,11.4393,-0.00100575,0.0016564,1
494381,bullet3,0.800823,11.4393,0.8,0,1
494382,flyer5,15.349,3.00149,-0.230193,-0.192383,2
494382,bullet4,0.80037,11.4401,0.8,0,1
494384,bullet2,4.80406,11.434,0.8,0,1
494385,flyer3,5.99999,13.6863,-0.3,0,2
494385,flyer6,13.5,13.6863,-0.3,0,2
494386,player,0.468359,11.509,-0.0835498,-0.0835007,1
494386,bullet3,4.80082,11.4393,0.8,0,1
494387,flyer5,14.1981,2.03957,-0.230193,-0.192383,2
494387,bullet4,4.80037,11.4401,0.8,0,1
494387,bullet6,0.830762,11.4714,0.8,0,1
494389,bullet2,8.80406,11.434,0.8,0,1
494390,flyer3,4.49999,13.6863,-0.3,0,2
494390,flyer6,12,13.6863,-0.3,0,2
494391,player,0.4,11.442,0,-0.00154082,1
494391,bullet3,8.80082,11.4393,0.8,0,1
494392,flyer5,13.0471,1.07766,-0.230193,-0.192383,2
494392,bullet4,8.80037,11.4401,0.8,0,1
494392,bullet6,4.83076,11.4714,0.8,0,1
494394,bullet2,12.8041,11.434,0.8,0,1
494395,flyer3,2.99999,13.6863,-0.3,0,2
494395,flyer6,10.5,13.6863,-0.3,0,2
494396,player,0.4,11.4407,0,-2.84325e-05,1
494396,bullet3,12.8008,11.4393,0.8,0,1
494397,flyer5,11.8961,0.115744,-0.230193,-0.192383,2
494397,bullet4,12.8004,11.4401,0.8,0,1
494397,bullet6,8.83076,11.4714,0.8,0,1
494399,bullet5,0.8,10.9513,0.8,0,1
494400,flyer3,1.49999,13.6863,-0.3,0,2
494400,flyer6,9,13.6863,-0.3,0,2
494401,player,0.4,10.8522,0,-0.0307552,1
494401,bullet3,16.8008,11.4393,0.8,0,1
494402,bullet4,16.8004,11.4401,0.8,0,1
494402,bullet6,12.8308,11.4714,0.8,0,1
494402,bullet1,0.8,10.8384,0.8,0,1
494404,bullet5,4.8,10.9513,0.8,0,1
494405,flyer3,-6.4373e-06,13.6863,-0.3,0,2
494405,flyer6,7.5,13.6863,-0.3,0,2
494406,player,0.4,10.2698,0,-0.0689113,1
494406,bullet2,0,10.2698,-0.8,-6.99382e-08,1
494407,bullet6,16.8308,11.4714,0.8,0,1
494407,bullet1,4.8,10.8384,0.8,0,1
494408,flayer7,16.5,13.6863,-0.3,0,2
494408,bullet3,0,10.2248,-0.8,-6.99382e-08,1
494409,bullet5,8.8,10.9513,0.8,0,1
494409,bullet4,0.8,10.2186,0.8,0,1
494410,flyer6,5.99999,13.6863,-0.3,0,2
494411,player,0.4,10.2145,0,-0.00127161,1
494411,bullet2,0,10.2145,-0.8,-6.99382e-08,1
494412,bullet1,8.8,10.8384,0.8,0,1
494413,flayer7,15,13.6863,-0.3,0,2
494414,bullet5,12.8,10.9513,0.8,0,1
494414,bullet4,4.8,10.2186,0.8,0,1
494415,flyer6,4.49999,13.6863,-0.3,0,2
494415,bullet6,1.38847,9.62498,0.8,0,1
494416,player,1.33981,9.61112,0.35134,-0.0138631,1
494417,bullet1,12.8,10.8384,0.8,0,1
494418,flayer7,13.5,13.6863,-0.3,0,2
494419,bullet4,8.8,10.2186,0.8,0,1
494419,bullet3,2.00108,9.60081,0.8,0,1
494420,flyer6,2.99999,13.6863,-0.3,0,2
494420,bullet6,5.38847,9.62498,0.8,0,1
494421,player,1.28447,9.93749,-0.331017,0.337244,1
494423,flayer7,12,13.6863,-0.3,0,2
494424,bullet4,12.8,10.2186,0.8,0,1
494424,bullet3,6.00108,9.60081,0.8,0,1
494425,flyer6,1.49999,13.6863,-0.3,0,2
494425,bullet6,9.38847,9.62498,0.8,0,1
494426,player,0.690316,9.71895,0.290316,-0.145652,1
494428,flayer7,10.5,13.6863,-0.3,0,2
494428,bullet2,1.27975,9.62391,0.8,0,1
494429,bullet3,10.0011,9.60081,0.8,0,1
494429,bullet5,1.3062,9.61064,0.8,0,1
494430,flyer6,-6.4373e-06,13.6863,-0.3,0,2
494430,bullet6,13.3885,9.62498,0.8,0,1
494431,player,0.923463,9.60198,0.00535714,-0.00268769,1
494433,flayer7,9,13.6863,-0.3,0,2
494433,bullet2,5.27975,9.62391,0.8,0,1
494434,bullet3,14.0011,9.60081,0.8,0,1
494434,bullet5,5.3062,9.61064,0.8,0,1
494435,bullet1,1.32767,9.04215,0.8,0,1
494436,player,0.927765,9.01135,9.88543e-05,-0.0308043,1
494438,flayer7,7.5,13.6863,-0.3,0,2
494438,bullet2,9.27975,9.62391,0.8,0,1
494439,bullet5,9.3062,9.61064,0.8,0,1
494440,bullet1,5.32767,9.04215,0.8,0,1
494440,bullet4,1.88556,9.54489,0.8,0,1
494441,player,1.51632,9.57508,0.0307565,0.0301863,1
494443,flayer7,5.99999,13.6863,-0.3,0,2
494443,bullet2,13.2797,9.62391,0.8,0,1
494444,bullet5,13.3062,9.61064,0.8,0,1
494445,bullet1,9.32767,9.04215,0.8,0,1
494445,bullet4,5.88556,9.54489,0.8,0,1
494446,player,0.952545,8.50763,-0.0301871,-0.165158,1
494448,flayer7,4.49999,13.6863,-0.3,0,2
494448,flayer8,16.5,3.9634,-0.3,0,2
494449,bullet6,1.3301,8.38482,0.8,0,1
494450,bullet1,13.3277,9.04215,0.8,0,1
494450,bullet4,9.88556,9.54489,0.8,0,1
494450,bullet3,1.32886,8.37805,0.8,0,1
494451,player,0.928303,8.375,-0.000557038,-0.00304762,1
494453,flayer7,2.99999,13.6863,-0.3,0,2
494453,flayer8,15,3.9634,-0.3,0,2
494454,bullet6,5.3301,8.38482,0.8,0,1
494455,bullet4,13.8856,9.54489,0.8,0,1
494455,bullet3,5.32886,8.37805,0.8,0,1
494456,player,0.914016,8.38639,0.0169048,-0.0169713,1
494456,bullet2,1.31402,8.38639,0.8,0,1
494458,flayer7,1.49999,13.6863,-0.3,0,2
494458,flayer8,13.5,3.9634,-0.3,0,2
494459,bullet6,9.3301,8.38482,0.8,0,1
494460,bullet3,9.32886,8.37805,0.8,0,1
494461,player,0.4,7.92798,0,-0.206692,1
494461,bullet2,5.31402,8.38639,0.8,0,1
494462,bullet5,0.8,7.83497,0.8,0,1
494463,flayer7,-6.4373e-06,13.6863,-0.3,0,2
494463,flayer8,12,3.9634,-0.3,0,2
494464,bullet6,13.3301,8.38482,0.8,0,1
494465,bullet3,13.3289,8.37805,0.8,0,1
494466,player,0.620219,6.86677,-0.269156,-0.409658,1
494466,bullet2,9.31402,8.38639,0.8,0,1
494467,bullet5,4.8,7.83497,0.8,0,1
494468,flayer8,10.5,3.9634,-0.3,0,2
494469,flyer2,16.5,13.6863,-0.27997,-0.107782,2
494471,player,0.404064,5.98006,-0.00496669,-0.0759031,1
494471,bullet2,13.314,8.38639,0.8,0,1
494472,bullet5,8.8,7.83497,0.8,0,1
494473,flayer8,9,3.9634,-0.3,0,2
494474,flyer2,15.1002,13.1474,-0.27997,-0.107782,2
494475,flyer1,16.5,3.9634,-0.295526,-0.0516196,2
494476,player,1.33989,5.5816,0.351248,-0.338901,1
494477,bullet5,12.8,7.83497,0.8,0,1
494477,bullet1,1.89795,5.4291,0.8,0,1
494478,flayer8,7.5,3.9634,-0.3,0,2
494479,flyer2,13.7003,12.6085,-0.27997,-0.107782,2
494480,flyer1,15.0224,3.7053,-0.295526,-0.0516196,2
494481,player,1.55363,4.26234,0.0900128,-0.226472,1
494482,bullet1,5.89795,5.4291,0.8,0,1
494482,bullet4,1.99413,4.16043,0.8,0,1
494483,flayer8,5.99999,3.9634,-0.3,0,2
494483,bullet6,2.01236,4.11457,0.8,0,1
494484,flyer2,12.3005,12.0695,-0.27997,-0.107782,2
494485,flyer1,13.5447,3.44721,-0.295526,-0.0516196,2
494486,player,1.62591,3.74296,0.00166099,-0.341679,1
494487,bullet1,9.89795,5.4291,0.8,0,1
494487,bullet3,2.02666,3.58921,0.8,0,1
494489,flyer2,10.9006,11.5306,-0.27997,-0.107782,2
494489,bullet2,2.02715,3.48888,0.8,0,1
494490,flyer1,12.0671,3.18911,-0.295526,-0.0516196,2
494490,bullet5,2.02722,3.47487,0.8,0,1
494491,player,1.62725,3.46857,3.06499e-05,-0.00630494,1
494492,bullet1,13.898,5.4291,0.8,0,1
494492,bullet3,6.02666,3.58921,0.8,0,1
494494,flyer2,9.50077,10.9917,-0.27997,-0.107782,2
494494,bullet2,6.02715,3.48888,0.8,0,1
494495,flyer1,10.5895,2.93101,-0.295526,-0.0516196,2
494495,bullet5,6.02722,3.47487,0.8,0,1
494496,player,0.732053,2.90578,-0.405843,-0.0684601,1
494497,bullet4,0.949424,2.87498,0.8,0,1
494499,flyer2,8.10092,10.4528,-0.27997,-0.107782,2
494500,bullet5,10.0272,3.47487,0.8,0,1
494500,bullet6,0.813616,2.85207,0.8,0,1
494501,player,0.406127,2.8508,-0.00748895,-0.00126328,1
494502,bullet4,4.94942,2.87498,0.8,0,1
494504,flyer2,6.70107,9.91389,-0.27997,-0.107782,2
494505,bullet5,14.0272,3.47487,0.8,0,1
494505,bullet6,4.81362,2.85207,0.8,0,1
494506,player,0.957832,4.00982,0.0682056,0.0821601,1
494506,bullet1,1.35783,4.00982,0.8,0,1
494507,bullet4,8.94942,2.87498,0.8,0,1
494509,flyer2,5.30123,9.37498,-0.27997,-0.107782,2
494509,bullet3,1.40855,4.07092,0.8,0,1
494510,bullet6,8.81362,2.85207,0.8,0,1
494511,player,1.01261,4.0758,0.00125858,0.00151608,1
494511,bullet1,5.35783,4.00982,0.8,0,1
494512,bullet4,12.9494,2.87498,0.8,0,1
494514,flyer2,3.90138,8.83607,-0.27997,-0.107782,2
494514,bullet3,5.40855,4.07092,0.8,0,1
494515,bullet6,12.8136,2.85207,0.8,0,1
494516,player,0.4,5.15487,-0,0.182658,1
494516,bullet1,9.35783,4.00982,0.8,0,1
494519,flyer2,2.50153,8.29716,-0.27997,-0.107782,2
494519,bullet3,9.40855,4.07092,0.8,0,1
494519,bullet2,0.8,5.84842,0.8,0,1
494521,player,0.4,6.39325,0,0.169085,1
494521,bullet1,13.3578,4.00982,0.8,0,1
494523,bullet5,0.8,6.0142,0.8,0,1
494524,flyer2,1.10168,7.75825,-0.27997,-0.107782,2
494524,bullet3,13.4086,4.07092,0.8,0,1
494524,bullet2,4.8,5.84842,0.8,0,1
494525,bullet4,0.8,5.93744,0.8,0,1
494526,player,0.4,5.92672,-0,-0.0107195,1
494528,bullet5,4.8,6.0142,0.8,0,1
494529,flyer2,-0.298168,7.21933,-0.27997,-0.107782,2
494529,bullet2,8.8,5.84842,0.8,0,1
494530,flyer4,16.5,3.9634,-0.3,0,2
494530,bullet4,4.8,5.93744,0.8,0,1
494531,player,1.47785,5.32964,0.18263,-0.0309525,1
494532,bullet6,1.96003,5.31571,0.8,0,1
494533,bullet5,8.8,6.0142,0.8,0,1
494534,bullet2,12.8,5.84842,0.8,0,1
494535,flyer4,15,3.9634,-0.3,0,2
494535,bullet4,8.8,5.93744,0.8,0,1
494536,player,1.03604,5.89326,-0.0273847,0.0301835,1
494537,bullet6,5.96003,5.31571,0.8,0,1
494538,bullet5,12.8,6.0142,0.8,0,1
494540,flyer4,13.5,3.9634,-0.3,0,2
494540,bullet4,12.8,5.93744,0.8,0,1
494541,player,0.524675,5.9175,-0.15238,0.000556971,1
494542,bullet6,9.96003,5.31571,0.8,0,1
494543,flyer5,16.5,3.9634,-0.3,0,2
494543,bullet1,1.31462,5.91786,0.8,0,1
494545,flyer4,12,3.9634,-0.3,0,2
494546,player,1.00461,5.42857,0.0110278,-0.151865,1
494547,bullet6,13.96,5.31571,0.8,0,1
494548,flyer5,15,3.9634,-0.3,0,2
494548,bullet1,5.31462,5.91786,0.8,0,1
494550,flyer4,10.5,3.9634,-0.3,0,2
494551,player,0.568689,5.41954,-0.206176,-0.140838,1
494551,flyer3,16.5,6.16537,-0.3,0,2
494553,flyer5,13.5,3.9634,-0.3,0,2
494553,bullet1,9.31462,5.91786,0.8,0,1
494555,flyer4,9,3.9634,-0.3,0,2
494556,player,1.5939,5.32028,0.0407898,-0.0195139,1
494556,flyer3,15,6.16537,-0.3,0,2
494556,bullet3,1.1939,5.32028,-0.8,-6.99382e-08,1
494557,bullet2,2.01225,5.3115,0.8,0,1
494558,flyer5,12,3.9634,-0.3,0,2
494558,bullet1,13.3146,5.91786,0.8,0,1
494559,bullet5,2.02423,5.30577,0.8,0,1
494560,flyer4,7.5,3.9634,-0.3,0,2
494561,player,1.13728,4.81523,-0.151122,-0.152235,1
494561,flyer3,13.5,6.16537,-0.3,0,1
494562,bullet2,6.01225,5.3115,0.8,0,1
494563,flyer5,10.5,3.9634,-0.3,0,2
494564,bullet5,6.02423,5.30577,0.8,0,1
494565,flyer4,5.99999,3.9634,-0.3,0,2
494566,player,0.413604,5.28145,-0.0166282,0.0279455,1
494566,flyer3,12,6.16537,-0.3,0,1
494566,bullet4,0.813604,5.28145,0.8,0,1
494567,bullet2,10.0123,5.3115,0.8,0,1
494568,flyer5,9,3.9634,-0.3,0,2
494569,bullet5,10.0242,5.30577,0.8,0,1
494569,bullet6,0.8,5.85995,0.8,0,1
494570,flyer4,4.49999,3.9634,-0.3,0,2
494571,player,0.4,5.41683,0,-0.13752,1
494571,bullet4,4.8136,5.28145,0.8,0,1
494573,flyer5,7.5,3.9634,-0.3,0,2
494573,bullet3,0.8,5.3271,0.8,0,1
494574,bullet5,14.0242,5.30577,0.8,0,1
494574,bullet6,4.8,5.85995,0.8,0,1
494575,flyer4,2.99999,3.9634,-0.3,0,2
494576,player,0.4,5.79577,0,0.149337,1
494576,bullet4,8.81361,5.28145,0.8,0,1
494577,bullet1,0.8,5.86297,0.8,0,1
494578,flyer5,5.99999,3.9634,-0.3,0,2
494578,bullet3,4.8,5.3271,0.8,0,1
494579,bullet6,8.8,5.85995,0.8,0,1
494580,flyer4,1.49999,3.9634,-0.3,0,2
494581,player,0.4,5.9157,0,0.00275569,1
494581,bullet4,12.8136,5.28145,0.8,0,1
494582,bullet1,4.8,5.86297,0.8,0,1
494583,flyer5,4.49999,3.9634,-0.3,0,2
494583,bullet3,8.8,5.3271,0.8,0,1
494584,bullet6,12.8,5.85995,0.8,0,1
494585,flyer4,-6.4373e-06,3.9634,-0.3,0,2
494586,player,0.4,5.91791,-0,5.08503e-05,1
494587,bullet1,8.8,5.86297,0.8,0,1
494588,flyer5,2.99999,3.9634,-0.3,0,2
494588,bullet3,12.8,5.3271,0.8,0,1
494589,flyer6,16.5,1.83279,-0.3,0,2
494589,bullet2,1.35772,5.91795,0.8,0,1
494590,bullet5,1.38847,5.91795,0.8,0,1
494591,player,1.00231,5.91795,0.0138396,9.38331e-07,1
494592,bullet1,12.8,5.86297,0.8,0,1
494593,flyer5,1.49999,3.9634,-0.3,0,2
494593,bullet4,1.41134,5.91795,0.8,0,1
494594,flyer6,15,1.83279,-0.3,0,2
494594,bullet2,5.35772,5.91795,0.8,0,1
494595,bullet5,5.38847,5.91795,0.8,0,1
494596,player,1.90865,5.36023,0.406099,-0.0683437,1
494598,flyer5,-6.4373e-06,3.9634,-0.3,0,2
494598,bullet4,5.41134,5.91795,0.8,0,1
494598,bullet6,2.57363,5.31564,0.8,0,1
494599,flyer6,13.5,1.83279,-0.3,0,2
494599,bullet2,9.35772,5.91795,0.8,0,1
494600,bullet5,9.38847,5.91795,0.8,0,1
494601,player,2.23478,5.30535,0.00749367,-0.00126113,1
494603,bullet4,9.41134,5.91795,0.8,0,1
494603,bullet6,6.57363,5.31564,0.8,0,1
494604,flyer6,12,1.83279,-0.3,0,2
494604,bullet2,13.3577,5.91795,0.8,0,1
494605,bullet5,13.3885,5.91795,0.8,0,1
494606,player,1.65232,4.37836,-0.0306164,-0.368278,1
494608,bullet4,13.4113,5.91795,0.8,0,1
494608,bullet6,10.5736,5.31564,0.8,0,1
494609,flyer6,10.5,1.83279,-0.3,0,2
494609,flayer7,16.5,1.83279,-0.283961,-0.0967801,2
494611,player,2.70559,4.57198,0.182065,0.145079,1
494612,flayer8,16.5,1.83279,-0.276233,0.117026,2
494613,bullet6,14.5736,5.31564,0.8,0,1
494614,flyer6,9,1.83279,-0.3,0,2
494614,flayer7,15.0802,1.34889,-0.283961,-0.0967801,2
494616,player,3.40952,4.13077,0.0717034,-0.0656666,1
494616,flyer1,16.5,8.67454,-0.299922,0.00685985,2
494616,bullet3,3.80952,4.13077,0.8,0,1
494617,flayer8,15.1188,2.41792,-0.276233,0.117026,2
494619,flyer6,7.5,1.83279,-0.3,0,2
494619,flayer7,13.6604,0.864992,-0.283961,-0.0967801,2
494620,bullet1,4.45425,4.17834,0.8,0,1
494621,player,4.06942,4.12263,0.0151627,-0.0557159,1
494621,flyer1,15.0004,8.70884,-0.299922,0.00685985,2
494621,bullet3,7.80952,4.13077,0.8,0,1
494622,flayer8,13.7377,3.00306,-0.276233,0.117026,2
494622,bullet2,4.47624,4.09756,0.8,0,1
494624,flyer6,5.99999,1.83279,-0.3,0,2
494624,flayer7,12.2406,0.381091,-0.283961,-0.0967801,2
494625,bullet1,8.45425,4.17834,0.8,0,1
494626,player,3.18637,3.85767,-0.405564,0.268128,1
494626,flyer1,13.5008,8.74314,-0.299922,0.00685985,2
494627,flayer8,12.3565,3.58819,-0.276233,0.117026,1
494627,bullet2,8.47624,4.09756,0.8,0,1
494629,flyer6,4.49999,1.83279,-0.3,0,2
494629,flayer7,10.8208,-0.102809,-0.283961,-0.0967801,2
494629,bullet5,2.72707,4.05705,0.8,0,1
494630,bullet4,1.87968,4.06805,-0.8,-6.99382e-08,1
494631,player,2.25836,4.073,-0.0213234,0.00494772,1
494631,flyer1,12.0012,8.77744,-0.299922,0.00685985,2
494632,bullet2,12.4762,4.09756,0.8,0,1
494634,flyer6,2.99999,1.83279,-0.3,0,2
494634,bullet5,6.72707,4.05705,0.8,0,1
494634,bullet6,1.8425,4.56605,-0.8,-6.99382e-08,1
494636,player,2.24123,4.66544,-0.000393477,0.030846,1
494636,flyer1,10.5016,8.81174,-0.299922,0.00685985,2
494636,bullet3,2.64123,4.66544,0.8,0,1
494637,bullet1,1.84105,4.67932,-0.8,-6.99382e-08,1
494639,flyer6,1.49999,1.83279,-0.3,0,2
494639,bullet5,10.7271,4.05705,0.8,0,1
494640,bullet4,3.1303,4.20027,0.8,0,1
494641,player,2.79863,4.1325,0.0683365,-0.0677746,1
494641,flyer1,9.00195,8.84604,-0.299922,0.00685985,2
494641,bullet3,6.64123,4.66544,0.8,0,1
494644,flyer6,-6.4373e-06,1.83279,-0.3,0,2
494644,bullet5,14.7271,4.05705,0.8,0,1
494644,bullet2,2.69173,3.52438,0.8,0,1
494645,bullet4,7.1303,4.20027,0.8,0,1
494646,player,2.2512,3.81325,-0.0125786,0.32241,1
494646,flyer1,7.50234,8.88034,-0.299922,0.00685985,2
494646,bullet3,10.6412,4.66544,0.8,0,1
494649,bullet2,6.69173,3.52438,0.8,0,1
494649,bullet6,2.08413,4.053,0.8,0,1
494650,bullet4,11.1303,4.20027,0.8,0,1
494651,player,1.30129,3.73468,-0.351572,-0.331551,1
494651,flyer1,6.00273,8.91464,-0.299922,0.00685985,2
494651,bullet3,14.6412,4.66544,0.8,0,1
494654,bullet2,10.6917,3.52438,0.8,0,1
494654,bullet6,6.08413,4.053,0.8,0,1
494654,bullet1,0.950474,2.99875,0.8,0,1
494655,bullet4,15.1303,4.20027,0.8,0,1
494656,player,0.430472,2.87994,-0.0372422,-0.0368727,1
494656,flyer1,4.50313,8.94894,-0.299922,0.00685985,2
494657,bullet5,0.813713,2.86335,0.8,0,1
494659,bullet2,14.6917,3.52438,0.8,0,1
494659,bullet6,10.0841,4.053,0.8,0,1
494659,bullet1,4.95047,2.99875,0.8,0,1
494661,player,0.400563,2.85033,-0.000687223,-0.000680406,1
494661,flyer1,3.00352,8.98323,-0.299922,0.00685985,2
494662,bullet5,4.81371,2.86335,0.8,0,1
494663,bullet3,0.800115,2.84988,0.8,0,1
494664,bullet6,14.0841,4.053,0.8,0,1
494664,bullet1,8.95047,2.99875,0.8,0,1
494666,player,0.4,3.4075,0,0.0683312,1
494666,flyer1,1.50391,9.01753,-0.299922,0.00685985,2
494667,bullet5,8.81371,2.86335,0.8,0,1
494668,bullet3,4.80011,2.84988,0.8,0,1
494669,bullet1,12.9505,2.99875,0.8,0,1
494670,bullet4,1.35772,2.9034,0.8,0,1
494671,player,0.988474,2.8739,0.0307547,-0.0294938,1
494671,flyer1,0.00430417,9.05183,-0.299922,0.00685985,2
494672,bullet5,12.8137,2.86335,0.8,0,1
494673,bullet3,8.80012,2.84988,0.8,0,1
494674,flyer2,16.5,8.67454,-0.299496,0.0173795,2
494675,bullet4,5.35772,2.9034,0.8,0,1
494676,player,1.01317,2.85022,0.00056751,-0.000544243,1
494677,flyer3,16.5,8.67454,-0.29788,0.0356053,2
494677,bullet2,1.41343,2.84997,0.8,0,1
494678,bullet3,12.8001,2.84988,0.8,0,1
494679,flyer2,15.0025,8.76144,-0.299496,0.0173795,2
494680,bullet4,9.35772,2.9034,0.8,0,1
494680,bullet6,0.855899,3.40751,0.8,0,1
494681,player,0.762655,3.43825,0.306756,0.0307446,1
494682,flyer3,15.0106,8.85257,-0.29788,0.0356053,2
494682,bullet2,5.41343,2.84997,0.8,0,1
494684,flyer2,13.505,8.84834,-0.299496,0.0173795,2
494684,bullet1,1.39077,3.95049,0.8,0,1
494685,bullet4,13.3577,2.9034,0.8,0,1
494685,bullet6,4.8559,3.40751,0.8,0,1
494686,player,1.00901,4.05142,0.00566051,0.031322,1
494687,flyer3,13.5212,9.0306,-0.29788,0.0356053,2
494687,bullet2,9.41343,2.84997,0.8,0,1
494689,flyer2,12.0076,8.93524,-0.299496,0.0173795,2
494689,bullet1,5.39077,3.95049,0.8,0,1
494690,bullet6,8.8559,3.40751,0.8,0,1
494690,bullet5,1.4442,4.63371,0.8,0,1
494691,player,1.36489,4.66505,0.320689,0.0313327,1
494692,flyer3,12.0318,9.20863,-0.29788,0.0356053,2
494692,bullet2,13.4134,2.84997,0.8,0,1
494694,flyer2,10.5101,9.02214,-0.299496,0.0173795,2
494694,bullet1,9.39077,3.95049,0.8,0,1
494695,bullet6,12.8559,3.40751,0.8,0,1
494695,bullet5,5.4442,4.63371,0.8,0,1
494696,player,2.21091,4.69021,0.0366723,0.000578176,1
494696,bullet3,2.61091,4.69021,0.8,0,1
494697,flyer3,10.5424,9.38665,-0.29788,0.0356053,2
494699,flyer2,9.01261,9.10904,-0.299496,0.0173795,2
494699,bullet1,13.3908,3.95049,0.8,0,1
494700,bullet5,9.4442,4.63371,0.8,0,1
494700,bullet4,3.1974,4.69066,0.8,0,1
494701,player,2.82883,4.69067,0.0314314,1.0669e-05,1
494701,bullet3,6.61091,4.69021,0.8,0,1
494702,flyer3,9.05302,9.56468,-0.29788,0.0356053,2
494704,flyer2,7.51513,9.19594,-0.299496,0.0173795,2
494704,bullet2,3.2522,4.69068,0.8,0,1
494705,bullet5,13.4442,4.63371,0.8,0,1
494705,bullet4,7.1974,4.69066,0.8,0,1
494706,player,2.85407,5.18006,0.000579998,0.151875,1
494706,bullet3,10.6109,4.69021,0.8,0,1
494707,flyer3,7.56362,9.74271,-0.29788,0.0356053,2
494709,flyer2,6.01765,9.28284,-0.299496,0.0173795,2
494709,bullet2,7.2522,4.69068,0.8,0,1
494710,bullet4,11.1974,4.69066,0.8,0,1
494711,player,1.76285,6.39372,-0.165704,0.168517,1
494711,bullet3,14.6109,4.69021,0.8,0,1
494712,flyer3,6.07422,9.92073,-0.29788,0.0356053,2
494712,bullet6,2.08828,6.46955,0.8,0,1
494714,flyer2,4.52017,9.36973,-0.299496,0.0173795,2
494714,bullet2,11.2522,4.69068,0.8,0,1
494714,bullet1,2.03963,6.51903,0.8,0,1
494715,bullet4,15.1974,4.69066,0.8,0,1
494716,player,1.62977,6.52905,-0.0030577,0.00310962,1
494717,flyer3,4.58482,10.0988,-0.29788,0.0356053,2
494717,bullet6,6.08828,6.46955,0.8,0,1
494717,bullet5,2.0284,6.53045,0.8,0,1
494719,flyer2,3.02269,9.45663,-0.299496,0.0173795,2
494719,bullet2,15.2522,4.69068,0.8,0,1
494719,bullet1,6.03963,6.51903,0.8,0,1
494721,player,1.62732,7.02092,-5.64232e-05,0.151932,1
494722,flyer3,3.09543,10.2768,-0.29788,0.0356053,2
494722,bullet6,10.0883,6.46955,0.8,0,1
494722,bullet5,6.0284,6.53045,0.8,0,1
494722,bullet3,2.02729,7.08929,0.8,0,1
494724,flyer2,1.5252,9.54353,-0.299496,0.0173795,2
494724,bullet1,10.0396,6.51903,0.8,0,1
494726,player,2.18499,6.09584,0.0683427,-0.217415,1
494727,flyer3,1.60603,10.4548,-0.29788,0.0356053,2
494727,bullet6,14.0883,6.46955,0.8,0,1
494727,bullet5,10.0284,6.53045,0.8,0,1
494727,bullet3,6.02729,7.08929,0.8,0,1
494729,flyer2,0.0277238,9.63043,-0.299496,0.0173795,2
494729,bullet1,14.0396,6.51903,0.8,0,1
494731,player,2.39175,4.84339,-0.184364,-0.186642,1
494732,flyer3,0.116629,10.6328,-0.29788,0.0356053,2
494732,flyer4,16.5,13.2745,-0.3,0,2
494732,bullet5,14.0284,6.53045,0.8,0,1
494732,bullet3,10.0273,7.08929,0.8,0,1
494735,flyer5,16.5,3.15384,-0.264797,-0.141005,2
494736,player,2.31204,4.62516,-0.0869333,0.0800872,1
494736,flayer8,16.5,10.0287,-0.233525,0.188324,2
494737,flyer4,15,13.2745,-0.3,0,2
494737,bullet3,14.0273,7.08929,0.8,0,1
494737,bullet4,2.67292,4.6612,0.8,0,1
494740,flyer5,15.176,2.44881,-0.264797,-0.141005,2
494740,bullet2,2.64383,4.688,0.8,0,1
494741,player,1.90472,5.02697,-0.339104,0.338978,1
494741,flayer8,15.3324,10.9703,-0.233525,0.188324,2
494742,flyer4,13.5,13.2745,-0.3,0,2
494742,bullet4,6.67292,4.6612,0.8,0,1
494744,finish,18.9485,8,-0.2,0,1
494745,flyer5,13.852,1.74378,-0.264797,-0.141005,2
494745,bullet2,6.64383,4.688,0.8,0,1
494746,player,1.14302,5.36755,-0.158132,-0.0772762,1
494746,flayer8,14.1647,11.912,-0.233525,0.188324,2
494747,flyer4,12,13.2745,-0.3,0,2
494747,bullet4,10.6729,4.6612,0.8,0,1
494747,bullet6,1.47186,5.33277,0.8,0,1
494748,bullet1,1.43984,5.31712,0.8,0,1
494749,finish,17.9485,8,-0.2,0,1
494750,flyer5,12.528,1.03876,-0.264797,-0.141005,2
494750,bullet2,10.6438,4.688,0.8,0,1
494751,player,0.678523,5.64299,-0.340418,0.336074,1
494751,flayer8,12.9971,12.8536,-0.233525,0.188324,2
494752,flyer4,10.5,13.2745,-0.3,0,2
494752,bullet4,14.6729,4.6612,0.8,0,1
494752,bullet6,5.47186,5.33277,0.8,0,1
494753,bullet1,5.43984,5.31712,0.8,0,1
494754,finish,16.9485,8,-0.2,0,1
494755,flyer5,11.2041,0.333732,-0.264797,-0.141005,2
494755,bullet2,14.6438,4.688,0.8,0,1
