150996,player,11.9575,14.8766,0,0,1
150996,bullet1,12.3575,14.8766,0.8,0,1
150998,bullet2,12.3575,14.3872,0.8,0,1
151001,player,12.8528,14.2742,0.405844,-0.0138396,1
151001,bullet1,16.3575,14.8766,0.8,0,1
151002,bullet3,13.4354,14.268,0.8,0,1
151003,bullet2,16.3575,14.3872,0.8,0,1
151004,bullet4,13.5546,14.2639,0.8,0,1
151006,player,13.3306,14.7525,-0.178136,0.15162,1
151007,bullet5,13.6504,14.8207,0.8,0,1
151008,bullet6,13.6143,14.8514,0.8,0,1
151009,bullet1,13.5981,14.8652,0.8,0,1
151010,bullet2,12.7908,14.8715,-0.8,-6.99382e-08,1
151011,player,13.1875,14.8743,-0.00328711,0.00279781,1
151011,bullet3,13.5875,14.8743,0.8,0,1
151013,bullet4,14.0747,14.8761,0.8,0,1
151014,bullet5,14.1428,14.8763,0.8,0,1
151015,bullet2,8.7908,14.8715,-0.8,-6.99382e-08,1
151016,player,13.7872,14.3871,0.013779,-0.151823,1
151016,bullet6,13.3872,14.3871,-0.8,-6.99382e-08,1
151018,bullet1,14.1962,13.7987,0.8,0,1
151020,bullet2,4.79079,14.8715,-0.8,-6.99382e-08,1
151021,player,14.0185,14.0687,-0.268902,0.237328,1
151021,bullet6,9.38718,14.3871,-0.8,-6.99382e-08,1
151022,bullet3,14.2975,14.1755,0.8,0,1
151023,flyer1,16.5,7.1352,-0.3,0,2
151023,bullet4,14.243,14.2236,0.8,0,1
151025,bullet2,0.790795,14.8715,-0.8,-6.99382e-08,1
151026,player,13.6506,14.7487,0.180663,0.156254,1
151026,bullet6,5.38718,14.3871,-0.8,-6.99382e-08,1
151027,bullet5,14.1319,14.819,0.8,0,1
151028,flyer1,15,7.1352,-0.3,0,2
151028,bullet1,13.3685,14.8507,-0.8,-6.99382e-08,1
151029,bullet3,14.185,14.8649,0.8,0,1
151031,player,13.3064,15.3636,-0.148541,0.154758,1
151031,bullet6,1.38718,14.3871,-0.8,-6.99382e-08,1
151031,bullet4,13.7064,15.3636,0.8,0,1
151033,flyer1,13.5,7.1352,-0.3,0,2
151033,bullet1,9.36852,14.8507,-0.8,-6.99382e-08,1
151034,flyer2,16.5,1.50125,-0.3,0,2
151036,player,12.6977,15.4195,-0.154616,0.086387,1
151036,bullet2,13.0977,15.4195,0.8,0,1
151037,bullet5,13.0281,15.4584,0.8,0,1
151038,flyer1,12,7.1352,-0.3,0,2
151038,bullet1,5.36852,14.8507,-0.8,-6.99382e-08,1
151039,flyer2,15,1.50125,-0.3,0,2
151039,bullet3,12.9827,14.9944,0.8,0,1
151041,player,12.5735,14.9004,-0.0028531,-0.0291606,1
151041,bullet6,12.9735,14.9004,0.8,0,1
151042,bullet4,12.9722,14.8873,0.8,0,1
151043,flyer1,10.5,7.1352,-0.3,0,2
151043,bullet1,1.36852,14.8507,-0.8,-6.99382e-08,1
151044,flyer2,13.5,1.50125,-0.3,0,2
151045,bullet2,11.6136,13.8304,-0.8,-6.99382e-08,1
151046,player,11.6453,14.0683,-0.368307,0.237863,1
151046,bullet6,16.9735,14.9004,0.8,0,1
151047,bullet4,16.9722,14.8873,0.8,0,1
151048,flyer1,9,7.1352,-0.3,0,2
151048,flyer3,16.5,1.50125,-0.299411,0.0187874,2
151048,bullet5,10.5156,13.7341,-0.8,-6.99382e-08,1
151049,flyer2,12,1.50125,-0.3,0,2
151049,bullet3,11.2137,13.6875,0.8,0,1
151050,bullet2,7.61356,13.8304,-0.8,-6.99382e-08,1
151050,bullet1,11.1678,13.6665,0.8,0,1
151051,player,10.4097,13.657,-0.358136,-0.00945036,1
151053,flyer1,7.5,7.1352,-0.3,0,2
151053,flyer3,15.0029,1.59519,-0.299411,0.0187874,2
151053,bullet5,6.51556,13.7341,-0.8,-6.99382e-08,1
151054,flyer2,10.5,1.50125,-0.3,0,2
151054,bullet3,15.2137,13.6875,0.8,0,1
151055,bullet2,3.61356,13.8304,-0.8,-6.99382e-08,1
151055,bullet1,15.1678,13.6665,0.8,0,1
151056,player,9.51974,12.4586,-0.0204482,-0.0447687,1
151056,bullet6,9.91974,12.4586,0.8,0,1
151058,flyer1,5.99999,7.1352,-0.3,0,2
151058,flyer3,13.5059,1.68913,-0.299411,0.0187874,2
151058,bullet5,2.51556,13.7341,-0.8,-6.99382e-08,1
151058,bullet4,9.9064,11.94,0.8,0,1
151059,flyer2,9,1.50125,-0.3,0,2
151060,bullet2,-0.38644,13.8304,-0.8,-6.99382e-08,1
151061,player,9.50332,11.331,-0.000377327,-0.166541,1
151061,bullet6,13.9197,12.4586,0.8,0,1
151061,bullet3,9.90332,11.331,0.8,0,1
151062,bullet1,9.90315,11.256,0.8,0,1
151063,flyer1,4.49999,7.1352,-0.3,0,2
151063,flyer3,12.0088,1.78306,-0.299411,0.0187874,2
151063,bullet4,13.9064,11.94,0.8,0,1
151064,flyer2,7.5,1.50125,-0.3,0,2
151066,player,8.67614,11.2963,-0.489382,-0.124193,1
151066,bullet3,13.9033,11.331,0.8,0,1
151067,bullet1,13.9031,11.256,0.8,0,1
151067,bullet2,8.85591,11.2405,0.8,0,1
151068,flyer1,2.99999,7.1352,-0.3,0,2
151068,flyer3,10.5118,1.877,-0.299411,0.0187874,2
151069,flyer2,5.99999,1.50125,-0.3,0,2
151069,bullet5,9.20159,11.204,0.8,0,1
151070,bullet6,9.24987,11.1989,0.8,0,1
151071,player,8.87159,11.1966,0.0217242,-0.00229172,1
151071,bullet4,9.27159,11.1966,0.8,0,1
151072,bullet2,12.8559,11.2405,0.8,0,1
151073,flyer1,1.49999,7.1352,-0.3,0,2
151073,flyer3,9.01473,1.97094,-0.299411,0.0187874,2
151074,flyer2,4.49999,1.50125,-0.3,0,2
151074,bullet5,13.2016,11.204,0.8,0,1
151075,bullet6,13.2499,11.1989,0.8,0,1
151076,player,8.00766,11.1948,-0.422358,-4.22887e-05,1
151076,bullet4,13.2716,11.1966,0.8,0,1
151077,bullet3,8.2176,11.1947,0.8,0,1
151078,flyer1,-6.4373e-06,7.1352,-0.3,0,2
151078,flyer3,7.51767,2.06487,-0.299411,0.0187874,2
151079,flyer2,2.99999,1.50125,-0.3,0,2
151080,flyer4,16.5,1.50125,-0.282556,-0.100809,2
151080,bullet1,7.58689,11.1947,0.8,0,1
151081,player,7.11075,11.1947,-0.0761374,-7.80345e-07,1
151082,bullet3,12.2176,11.1947,0.8,0,1
151083,flyer3,6.02062,2.15881,-0.299411,0.0187874,2
151084,flyer2,1.49999,1.50125,-0.3,0,2
151084,bullet2,6.89641,11.7525,0.8,0,1
151085,flyer4,15.0872,0.997211,-0.282556,-0.100809,2
151085,bullet1,11.5869,11.1947,0.8,0,1
151086,player,6.10979,12.1345,-0.352745,0.35134,1
151087,bullet3,16.2176,11.1947,0.8,0,1
151088,flyer3,4.52356,2.25275,-0.299411,0.0187874,2
151089,flyer2,-6.4373e-06,1.50125,-0.3,0,2
151089,bullet2,10.8964,11.7525,0.8,0,1
151089,bullet5,6.8052,11.8381,0.8,0,1
151090,flyer4,13.6744,0.493168,-0.282556,-0.100809,2
151090,bullet1,15.5869,11.1947,0.8,0,1
151091,player,5.93945,11.8144,-0.144545,-0.00735641,1
151092,bullet6,6.2744,11.8111,0.8,0,1
151093,flyer3,3.0265,2.34669,-0.299411,0.0187874,2
151094,bullet2,14.8964,11.7525,0.8,0,1
151094,bullet5,10.8052,11.8381,0.8,0,1
151095,flyer4,12.2617,-0.0108746,-0.282556,-0.100809,2
151096,player,5.26565,11.8085,-0.071011,-0.000135746,1
151096,bullet4,5.66565,11.8085,0.8,0,1
151097,bullet6,10.2744,11.8111,0.8,0,1
151097,bullet3,5.63369,11.8084,0.8,0,1
151098,flyer3,1.52945,2.44062,-0.299411,0.0187874,2
151099,bullet5,14.8052,11.8381,0.8,0,1
151101,player,5.20862,11.319,-0.00131035,-0.151878,1
151101,bullet4,9.66565,11.8085,0.8,0,1
151102,bullet6,14.2744,11.8111,0.8,0,1
151102,bullet3,9.63369,11.8084,0.8,0,1
151102,bullet1,5.60803,11.2507,0.8,0,1
151103,flyer3,0.0323936,2.53456,-0.299411,0.0187874,2
151106,player,5.35944,11.0452,-0.185649,0.182822,1
151106,flyer5,16.5,2.673,-0.213036,0.211225,2
151106,bullet4,13.6656,11.8085,0.8,0,1
151107,bullet3,13.6337,11.8084,0.8,0,1
151107,bullet1,9.60803,11.2507,0.8,0,1
151108,bullet2,5.6383,11.1644,0.8,0,1
151111,player,4.65263,11.192,-0.0717695,0.00337359,1
151111,flyer6,16.5,1.50125,-0.3,0,2
151111,flyer5,15.4348,3.72912,-0.213036,0.211225,2
151111,bullet5,5.05263,11.192,0.8,0,1
151112,bullet1,13.608,11.2507,0.8,0,1
151113,bullet2,9.6383,11.1644,0.8,0,1
151113,bullet6,5.0058,11.1942,0.8,0,1
151116,player,4.59499,10.8572,-0.00132435,-0.337438,1
151116,flyer6,15,1.50125,-0.3,0,2
151116,flyer5,14.3696,4.78525,-0.213036,0.211225,2
151116,bullet5,9.05263,11.192,0.8,0,1
151118,bullet2,13.6383,11.1644,0.8,0,1
151118,bullet6,9.0058,11.1942,0.8,0,1
151119,bullet4,4.994,10.1169,0.8,0,1
151121,player,4.59393,10.3352,-2.4438e-05,0.300519,1
151121,flyer6,13.5,1.50125,-0.3,0,2
151121,flyer5,13.3045,5.84137,-0.213036,0.211225,2
151121,bullet5,13.0526,11.192,0.8,0,1
151123,bullet6,13.0058,11.1942,0.8,0,1
151124,bullet4,8.994,10.1169,0.8,0,1
151126,player,5.15162,9.97425,0.0683433,-0.0082942,1
151126,flyer6,12,1.50125,-0.3,0,2
151126,flyer5,12.2393,6.89749,-0.213036,0.211225,2
151126,bullet3,5.55162,9.97425,0.8,0,1
151129,bullet4,12.994,10.1169,0.8,0,1
151129,bullet1,5.29182,10.4575,-0.8,-6.99382e-08,1
151131,player,6.13248,10.5561,0.369516,0.0306016,1
151131,flyer6,10.5,1.50125,-0.3,0,2
151131,flyer5,11.1741,7.95362,-0.213036,0.211225,2
151131,bullet3,9.55163,9.97425,0.8,0,1
151134,bullet1,1.29182,10.4575,-0.8,-6.99382e-08,1
151136,player,5.26921,11.183,-0.0753648,0.0144043,1
151136,flyer6,9,1.50125,-0.3,0,2
151136,flyer5,10.1089,9.00974,-0.213036,0.211225,2
151136,bullet3,13.5516,9.97425,0.8,0,1
151136,bullet2,5.66921,11.183,0.8,0,1
151137,bullet5,5.63529,11.1894,0.8,0,1
151141,player,5.7664,10.6368,0.0669531,-0.068078,1
151141,flyer6,7.5,1.50125,-0.3,0,2
151141,flyer5,9.04375,10.0659,-0.213036,0.211225,2
151141,bullet2,9.66921,11.183,0.8,0,1
151141,bullet6,6.1664,10.6368,0.8,0,1
151142,bullet5,9.63529,11.1894,0.8,0,1
151142,bullet4,6.19653,10.6062,0.8,0,1
151144,bullet1,6.21619,10.5862,0.8,0,1
151145,bullet3,6.21893,10.5834,0.8,0,1
151146,player,5.82017,10.5821,0.00123547,-0.00125623,1
151146,flyer6,5.99999,1.50125,-0.3,0,2
151146,bullet2,13.6692,11.183,0.8,0,1
151147,bullet5,13.6353,11.1894,0.8,0,1
151149,bullet1,10.2162,10.5862,0.8,0,1
151150,bullet3,10.2189,10.5834,0.8,0,1
151150,bullet6,6.22114,10.5811,0.8,0,1
151151,player,5.48366,10.9186,-0.337477,0.337477,1
151151,flyer6,4.49999,1.50125,-0.3,0,2
151154,bullet1,14.2162,10.5862,0.8,0,1
151155,bullet3,14.2189,10.5834,0.8,0,1
151155,bullet6,10.2211,10.5811,0.8,0,1
151156,player,5.24339,12.1156,-0.0438165,0.374482,1
151156,flyer6,2.99999,1.50125,-0.3,0,2
151157,flayer7,16.5,2.673,-0.22616,0.197108,2
151157,bullet4,5.62368,12.2841,0.8,0,1
151159,bullet2,5.61081,12.3941,0.8,0,1
151160,bullet6,14.2211,10.5811,0.8,0,1
151161,player,4.87071,12.7539,-0.338309,0.34441,1
151161,flyer6,1.49999,1.50125,-0.3,0,2
151162,flayer7,15.3692,3.65854,-0.22616,0.197108,2
151162,bullet4,9.62368,12.2841,0.8,0,1
151164,bullet2,9.61081,12.3941,0.8,0,1
151165,bullet5,4.41678,13.6126,0.8,0,1
151166,player,3.9967,13.6328,-0.0200824,0.0201949,1
151166,flyer6,-6.4373e-06,1.50125,-0.3,0,2
151167,flayer7,14.2384,4.64408,-0.22616,0.197108,2
151167,bullet4,13.6237,12.2841,0.8,0,1
151169,bullet2,13.6108,12.3941,0.8,0,1
151170,bullet5,8.41679,13.6126,0.8,0,1
151171,player,3.91223,13.2042,0.0831607,-0.206006,1
151171,flayer8,16.5,1.18944,-0.3,0,2
151172,flayer7,13.1076,5.62962,-0.22616,0.197108,2
151173,flyer1,16.5,1.18944,-0.3,0,2
151174,bullet1,4.37407,12.4933,0.8,0,1
151175,bullet5,12.4168,13.6126,0.8,0,1
151175,bullet3,4.37748,12.4541,0.8,0,1
151176,player,3.97902,12.4365,0.00153455,-0.017641,1
151176,flayer8,15,1.18944,-0.3,0,2
151177,flayer7,11.9768,6.61516,-0.22616,0.197108,2
151177,bullet6,4.37971,12.4285,0.8,0,1
151178,flyer1,15,1.18944,-0.3,0,2
151179,bullet1,8.37407,12.4933,0.8,0,1
151180,bullet3,8.37748,12.4541,0.8,0,1
151181,player,4.46962,11.9329,0.151903,-0.152201,1
151181,flayer8,13.5,1.18944,-0.3,0,2
151181,bullet4,4.86962,11.9329,0.8,0,1
151182,flayer7,10.846,7.6007,-0.22616,0.197108,2
151182,bullet6,8.37971,12.4285,0.8,0,1
151183,flyer1,13.5,1.18944,-0.3,0,2
151184,bullet1,12.3741,12.4933,0.8,0,1
151185,bullet3,12.3775,12.4541,0.8,0,1
151186,player,4.59161,11.8107,0.00280304,-0.00280853,1
151186,flayer8,12,1.18944,-0.3,0,2
151186,bullet4,8.86962,11.9329,0.8,0,1
151187,flayer7,9.7152,8.58623,-0.22616,0.197108,2
151187,bullet6,12.3797,12.4285,0.8,0,1
151188,flyer1,12,1.18944,-0.3,0,2
151189,bullet1,16.3741,12.4933,0.8,0,1
151190,bullet3,16.3775,12.4541,0.8,0,1
151191,player,4.25636,11.4709,-0.337448,-0.337552,1
151191,flayer8,10.5,1.18944,-0.3,0,2
151191,bullet4,12.8696,11.9329,0.8,0,1
151192,flayer7,8.5844,9.57177,-0.22616,0.197108,2
151192,bullet6,16.3797,12.4285,0.8,0,1
151193,flyer1,10.5,1.18944,-0.3,0,2
151194,bullet2,3.84771,11.7776,0.8,0,1
151195,bullet5,3.80312,11.7946,0.8,0,1
151196,player,3.38305,11.8022,-0.0200665,0.00761083,1
151196,flayer8,9,1.18944,-0.3,0,2
151197,flayer7,7.4536,10.5573,-0.22616,0.197108,2
151197,bullet1,3.77402,11.8056,0.8,0,1
151198,flyer1,9,1.18944,-0.3,0,2
151199,bullet3,3.76813,11.8078,0.8,0,1
151200,bullet6,3.76731,11.8081,0.8,0,1
151201,player,3.36694,11.8083,-0.000370283,0.000140441,1
151201,flayer8,7.5,1.18944,-0.3,0,2
151202,bullet1,7.77402,11.8056,0.8,0,1
151202,bullet4,3.76677,11.8083,0.8,0,1
151203,flyer1,7.5,1.18944,-0.3,0,2
151204,bullet3,7.76813,11.8078,0.8,0,1
151205,bullet6,7.76731,11.8081,0.8,0,1
151206,player,4.19351,12.5487,0.489368,-0.154868,1
151206,flayer8,5.99999,1.18944,-0.3,0,2
151207,bullet1,11.774,11.8056,0.8,0,1
151207,bullet4,7.76677,11.8083,0.8,0,1
151208,flyer1,5.99999,1.18944,-0.3,0,2
151209,bullet3,11.7681,11.8078,0.8,0,1
151210,bullet6,11.7673,11.8081,0.8,0,1
151211,player,4.58652,12.7619,0.00903022,0.334642,1
151211,flayer8,4.49999,1.18944,-0.3,0,2
151212,bullet1,15.774,11.8056,0.8,0,1
151212,bullet4,11.7668,11.8083,0.8,0,1
151213,flyer1,4.49999,1.18944,-0.3,0,2
151214,bullet3,15.7681,11.8078,0.8,0,1
151215,bullet6,15.7673,11.8081,0.8,0,1
151215,bullet2,4.9936,13.0244,0.8,0,1
151216,player,4.59377,13.3681,0.000166633,0.343675,1
151216,flayer8,2.99999,1.18944,-0.3,0,2
151217,bullet4,15.7668,11.8083,0.8,0,1
151218,flyer1,2.99999,1.18944,-0.3,0,2
151218,flyer2,16.5,1.18944,-0.3,0,2
151220,bullet2,8.9936,13.0244,0.8,0,1
151221,player,5.15162,12.4979,0.0683468,-0.0927567,1
151221,flayer8,1.49999,1.18944,-0.3,0,2
151221,bullet5,5.55162,12.4979,0.8,0,1
151222,bullet1,4.78237,12.4562,-0.8,-6.99382e-08,1
151223,flyer1,1.49999,1.18944,-0.3,0,2
151223,flyer2,15,1.18944,-0.3,0,2
151224,bullet3,5.60244,12.4289,0.8,0,1
151225,bullet2,12.9936,13.0244,0.8,0,1
151226,player,5.2065,12.4234,0.00126119,-0.00171162,1
151226,flayer8,-6.4373e-06,1.18944,-0.3,0,2
151226,bullet5,9.55162,12.4979,0.8,0,1
151227,bullet1,0.782374,12.4562,-0.8,-6.99382e-08,1
151228,flyer1,-6.4373e-06,1.18944,-0.3,0,2
151228,flyer2,13.5,1.18944,-0.3,0,2
151229,bullet3,9.60244,12.4289,0.8,0,1
151230,bullet2,16.9936,13.0244,0.8,0,1
151231,player,5.13917,11.375,0.0835545,-0.22025,1
151231,flyer4,16.5,5.34606,-0.291534,-0.0707673,2
151231,bullet5,13.5516,12.4979,0.8,0,1
151233,flyer2,12,1.18944,-0.3,0,2
151233,bullet6,6.08307,11.7206,0.8,0,1
151234,bullet3,13.6024,12.4289,0.8,0,1
151236,player,5.31921,11.9523,-0.136494,-0.17585,1
151236,flyer4,15.0423,4.99222,-0.291534,-0.0707673,2
151238,flyer2,10.5,1.18944,-0.3,0,2
151238,flyer3,16.5,5.34606,-0.3,0,2
151238,bullet6,10.0831,11.7206,0.8,0,1
151238,bullet4,5.63015,11.8375,0.8,0,1
151241,player,4.72022,11.811,-0.154394,-0.00324492,1
151241,flyer4,13.5847,4.63838,-0.291534,-0.0707673,2
151241,bullet1,5.12022,11.811,0.8,0,1
151243,flyer2,9,1.18944,-0.3,0,2
151243,flyer3,15,5.34606,-0.3,0,2
151243,bullet6,14.0831,11.7206,0.8,0,1
151243,bullet4,9.63015,11.8375,0.8,0,1
151243,bullet2,5.01948,11.8089,0.8,0,1
151246,player,4.59623,11.8084,-0.002849,-5.98779e-05,1
151246,flyer4,12.127,4.28455,-0.291534,-0.0707673,2
151246,bullet1,9.12022,11.811,0.8,0,1
151246,bullet5,4.99623,11.8084,0.8,0,1
151248,flyer2,7.5,1.18944,-0.3,0,2
151248,flyer3,13.5,5.34606,-0.3,0,2
151248,bullet4,13.6302,11.8375,0.8,0,1
151248,bullet2,9.01948,11.8089,0.8,0,1
151251,player,4.59394,11.8084,-5.2572e-05,-1.10492e-06,1
151251,flyer4,10.6693,3.93071,-0.291534,-0.0707673,2
151251,bullet1,13.1202,11.811,0.8,0,1
151251,bullet5,8.99623,11.8084,0.8,0,1
151253,flyer2,5.99999,1.18944,-0.3,0,2
151253,flyer3,12,5.34606,-0.3,0,2
151253,bullet2,13.0195,11.8089,0.8,0,1
151254,bullet3,4.9939,11.2507,0.8,0,1
151256,player,4.5939,11.2061,-9.70101e-07,-0.0138396,1
151256,flyer4,9.21166,3.57687,-0.291534,-0.0707673,2
151256,bullet5,12.9962,11.8084,0.8,0,1
151256,bullet6,4.9939,11.2061,0.8,0,1
151258,flyer2,4.49999,1.18944,-0.3,0,2
151258,flyer3,10.5,5.34606,-0.3,0,2
151259,bullet3,8.9939,11.2507,0.8,0,1
151261,player,3.92324,11.7289,0.0696916,0.0971155,1
151261,flyer4,7.75399,3.22304,-0.291534,-0.0707673,2
151261,bullet6,8.9939,11.2061,0.8,0,1
151263,flyer2,2.99999,1.18944,-0.3,0,2
151263,flyer3,9,5.34606,-0.3,0,2
151264,bullet3,12.9939,11.2507,0.8,0,1
151266,player,3.97921,13.3352,0.00128601,0.383886,1
151266,flyer4,6.29632,2.8692,-0.291534,-0.0707673,2
151266,bullet6,12.9939,11.2061,0.8,0,1
151268,flyer2,1.49999,1.18944,-0.3,0,2
151268,flyer3,7.5,5.34606,-0.3,0,2
151268,bullet4,4.38005,13.5857,0.8,0,1
151271,player,4.53796,14.2012,0.0683675,0.0754275,1
151271,flyer4,4.83865,2.51536,-0.291534,-0.0707673,2
151271,bullet1,4.93796,14.2012,0.8,0,1
151272,bullet2,4.96873,14.2352,0.8,0,1
151273,flyer2,-6.4373e-06,1.18944,-0.3,0,2
151273,flyer3,5.99999,5.34606,-0.3,0,2
151273,bullet4,8.38005,13.5857,0.8,0,1
151274,bullet5,4.9888,14.2573,0.8,0,1
151276,player,4.59287,14.2618,0.00126157,0.00139185,1
151276,flyer4,3.38099,2.16152,-0.291534,-0.0707673,2
151276,bullet1,8.93796,14.2012,0.8,0,1
151277,bullet2,8.96873,14.2352,0.8,0,1
151278,flyer3,4.49999,5.34606,-0.3,0,2
151278,bullet4,12.3801,13.5857,0.8,0,1
151279,bullet5,8.9888,14.2573,0.8,0,1
151281,player,5.75391,13.1029,0.0822066,-0.0821577,1
151281,flyer4,1.92332,1.80769,-0.291534,-0.0707673,2
151281,bullet1,12.938,14.2012,0.8,0,1
151282,bullet2,12.9687,14.2352,0.8,0,1
151283,flyer3,2.99999,5.34606,-0.3,0,2
151283,bullet4,16.3801,13.5857,0.8,0,1
151284,bullet5,12.9888,14.2573,0.8,0,1
151286,player,5.81993,13.0369,0.00151694,-0.00151604,1
151286,flyer4,0.465646,1.45385,-0.291534,-0.0707673,2
151287,flyer5,16.5,5.34606,-0.3,0,2
151288,flyer3,1.49999,5.34606,-0.3,0,2
151289,flyer6,16.5,11.5796,-0.3,0,2
151290,flayer7,16.5,5.34606,-0.289669,-0.0780496,2
151290,bullet3,5.63265,11.8895,0.8,0,1
151291,player,5.21884,11.8449,-0.0138116,-0.0446223,1
151292,flyer5,15,5.34606,-0.3,0,2
151293,flyer3,-6.4373e-06,5.34606,-0.3,0,2
151293,bullet6,5.60982,11.8158,0.8,0,1
151294,flyer6,15,11.5796,-0.3,0,2
151295,flayer7,15.0517,4.95581,-0.289669,-0.0780496,2
151295,bullet3,9.63265,11.8895,0.8,0,1
151296,player,5.20774,11.3197,-0.000254863,-0.152698,1
151296,bullet4,5.60774,11.3197,0.8,0,1
151297,flyer5,13.5,5.34606,-0.3,0,2
151298,bullet6,9.60982,11.8158,0.8,0,1
151299,flyer6,13.5,11.5796,-0.3,0,1
151300,flayer7,13.6033,4.56556,-0.289669,-0.0780496,2
151300,bullet1,6.16526,11.1999,0.8,0,1
151301,player,5.79601,11.5346,0.03075,0.334682,1
151301,bullet4,9.60774,11.3197,0.8,0,1
151302,flyer5,12,5.34606,-0.3,0,2
151303,bullet2,6.21608,11.753,0.8,0,1
151304,bullet5,6.21888,11.7835,0.8,0,1
151305,flayer7,12.155,4.17531,-0.289669,-0.0780496,2
151305,bullet1,10.1653,11.1999,0.8,0,1
151306,player,5.82071,11.8034,0.000567424,0.00617583,1
151306,bullet4,13.6077,11.3197,0.8,0,1
151307,flyer5,10.5,5.34606,-0.3,0,2
151308,bullet2,10.2161,11.753,0.8,0,1
151309,bullet5,10.2189,11.7835,0.8,0,1
151310,flayer7,10.7066,3.78506,-0.289669,-0.0780496,2
151310,bullet1,14.1653,11.1999,0.8,0,1
151310,bullet3,6.12205,12.3967,0.8,0,1
151311,player,5.77657,12.4106,0.0545146,0.0139536,1
151312,flyer5,9,5.34606,-0.3,0,2
151313,bullet2,14.2161,11.753,0.8,0,1
151314,bullet5,14.2189,11.7835,0.8,0,1
151315,flayer7,9.25827,3.39482,-0.289669,-0.0780496,2
151315,bullet3,10.1221,12.3967,0.8,0,1
151316,player,4.92513,11.8641,-0.404838,-0.0680863,1
151317,flyer5,7.5,5.34606,-0.3,0,2
151317,flayer8,16.5,11.5796,-0.288588,0.0819575,2
151317,bullet6,4.34295,11.8335,-0.8,-6.99382e-08,1
151319,bullet4,5.02408,11.8135,0.8,0,1
151320,flayer7,7.80993,3.00457,-0.289669,-0.0780496,2
151320,bullet3,14.1221,12.3967,0.8,0,1
151321,player,5.08939,11.8094,0.144405,-0.00125638,1
151322,flyer5,5.99999,5.34606,-0.3,0,2
151322,flayer8,15.0571,11.9894,-0.288588,0.0819575,1
151322,bullet6,0.342951,11.8335,-0.8,-6.99382e-08,1
151322,bullet1,5.55437,11.8089,0.8,0,1
151324,bullet4,9.02408,11.8135,0.8,0,1
151325,flayer7,6.36158,2.61432,-0.289669,-0.0780496,2
151326,player,3.79001,11.5575,-0.517465,0.306722,1
151327,flyer5,4.49999,5.34606,-0.3,0,2
151327,flayer8,13.6141,12.3992,-0.288588,0.0819575,1
151327,bullet1,9.55437,11.8089,0.8,0,1
151329,bullet2,3.31583,12.2749,0.8,0,1
151330,flayer7,4.91324,2.22407,-0.289669,-0.0780496,2
151331,player,2.44846,12.3923,-0.377803,0.0364146,1
151332,flyer5,2.99999,5.34606,-0.3,0,2
151332,bullet1,13.5544,11.8089,0.8,0,1
151334,bullet2,7.31583,12.2749,0.8,0,1
151335,flayer7,3.46489,1.83382,-0.289669,-0.0780496,2
151336,player,3.07103,12.6725,0.361283,-0.306073,1
151336,flyer1,16.5,5.34606,-0.3,0,2
151337,flyer5,1.49999,5.34606,-0.3,0,2
151339,bullet2,11.3158,12.2749,0.8,0,1
151339,bullet5,3.73969,11.9555,0.8,0,1
151340,flayer7,2.01655,1.44357,-0.289669,-0.0780496,2
151341,player,3.36117,11.8382,0.00666669,-0.0364026,1
151341,flyer1,15,5.34606,-0.3,0,2
151341,bullet3,3.76117,11.8382,0.8,0,1
151342,flyer5,-6.4373e-06,5.34606,-0.3,0,2
151344,bullet2,15.3158,12.2749,0.8,0,1
151344,bullet5,7.73969,11.9555,0.8,0,1
151344,bullet6,3.20841,11.8111,0.8,0,1
151345,flayer7,0.5682,1.05333,-0.289669,-0.0780496,2
151346,player,2.76421,11.809,-0.0137166,-0.00067173,1
151346,flyer1,13.5,5.34606,-0.3,0,2
151346,bullet3,7.76117,11.8382,0.8,0,1
151349,bullet5,11.7397,11.9555,0.8,0,1
151349,bullet6,7.20841,11.8111,0.8,0,1
151351,player,1.56241,12.3116,-0.0448474,0.134948,1
151351,flyer1,12,5.34606,-0.3,0,2
151351,bullet3,11.7612,11.8382,0.8,0,1
151354,bullet5,15.7397,11.9555,0.8,0,1
151354,bullet6,11.2084,11.8111,0.8,0,1
151355,flyer2,16.5,11.5796,-0.298176,-0.0330357,2
151356,player,1.63933,10.7706,-0.138863,-0.231568,1
151356,flyer1,10.5,5.34606,-0.3,0,2
151361,player,1.19031,9.39386,-0.340062,-0.0488674,1
151361,flyer1,9,5.34606,-0.3,0,2
151361,flyer4,16.5,6.57474,-0.3,0,2
151363,bullet4,1.36842,9.36197,0.8,0,1
151365,flyer3,16.5,13.8813,-0.259878,0.149878,2
151366,player,1.47493,9.91234,0.0620686,0.067442,1
151366,flyer1,7.5,5.34606,-0.3,0,2
151366,flyer4,15,6.57474,-0.3,0,2
151366,bullet1,1.87493,9.91234,0.8,0,1
151368,bullet4,5.36842,9.36197,0.8,0,1
151370,flyer3,15.2006,14.6307,-0.259878,0.149878,2
151371,player,1.18728,9.40878,-0.336355,-0.0670992,1
151371,flyer1,5.99999,5.34606,-0.3,0,2
151371,flyer4,13.5,6.57474,-0.3,0,2
151371,bullet1,5.87493,9.91234,0.8,0,1
151373,bullet4,9.36842,9.36197,0.8,0,1
151375,flyer3,13.9012,15.3801,-0.259878,0.149878,2
151376,player,1.47488,9.69239,0.0621371,0.336262,1
151376,flyer1,4.49999,5.34606,-0.3,0,2
151376,flyer4,12,6.57474,-0.3,0,2
151376,bullet1,9.87493,9.91234,0.8,0,1
151378,bullet4,13.3684,9.36197,0.8,0,1
151379,bullet2,1.92108,9.94245,0.8,0,1
151380,flyer3,12.6018,16.1295,-0.259878,0.149878,2
151381,player,1.0354,9.96244,-0.150728,0.00620498,1
151381,flyer1,2.99999,5.34606,-0.3,0,2
151381,flyer4,10.5,6.57474,-0.3,0,2
151381,bullet1,13.8749,9.91234,0.8,0,1
151384,bullet2,5.92108,9.94245,0.8,0,1
151385,flyer6,16.5,13.6484,-0.3,0,2
151386,player,1.01345,9.86833,-0.123902,0.121235,1
151386,flyer1,1.49999,5.34606,-0.3,0,2
151386,flyer4,9,6.57474,-0.3,0,2
151387,bullet5,1.3577,9.92288,0.8,0,1
151388,bullet3,1.33261,9.94743,0.8,0,1
151389,bullet2,9.92109,9.94245,0.8,0,1
151390,flyer6,15,13.6484,-0.3,0,2
151391,player,0.913951,9.96568,-0.00228633,0.00223712,1
151391,flyer1,-6.4373e-06,5.34606,-0.3,0,2
151391,flyer4,7.5,6.57474,-0.3,0,2
151392,bullet5,5.3577,9.92288,0.8,0,1
151392,bullet6,1.31292,9.96669,0.8,0,1
151393,bullet3,5.33261,9.94743,0.8,0,1
151394,bullet2,13.9211,9.94245,0.8,0,1
151395,flyer6,13.5,13.6484,-0.3,0,2
151396,player,0.574615,10.305,-0.337542,0.337541,1
151396,flyer4,5.99999,6.57474,-0.3,0,2
151397,bullet5,9.3577,9.92288,0.8,0,1
151397,bullet6,5.31292,9.96669,0.8,0,1
151398,bullet3,9.33261,9.94743,0.8,0,1
151400,flyer6,12,13.6484,-0.3,0,2
151401,player,1.22951,10.0183,0.362026,-0.0621152,1
151401,flyer4,4.49999,6.57474,-0.3,0,2
151402,bullet5,13.3577,9.92288,0.8,0,1
151402,bullet6,9.31292,9.96669,0.8,0,1
151403,bullet3,13.3326,9.94743,0.8,0,1
151405,flyer6,10.5,13.6484,-0.3,0,2
151406,player,0.962532,9.36614,-0.0616634,-0.0149858,1
151406,flyer4,2.99999,6.57474,-0.3,0,2
151406,bullet4,1.36253,9.36614,0.8,0,1
151407,bullet6,13.3129,9.96669,0.8,0,1
151409,bullet1,0.8,9.91272,0.8,0,1
151410,flyer6,9,13.6484,-0.3,0,2
151411,player,0.396256,9.95642,-0.00374437,0.0135631,1
151411,flyer4,1.49999,6.57474,-0.3,0,2
151411,bullet4,5.36253,9.36614,0.8,0,1
151411,bullet2,0.796256,9.95642,0.8,0,1
151414,bullet1,4.8,9.91272,0.8,0,1
151414,bullet5,0.793471,9.40878,0.8,0,1
151415,flyer6,7.5,13.6484,-0.3,0,2
151416,player,0.393248,9.365,-6.90941e-05,-0.0135893,1
151416,flyer4,-6.4373e-06,6.57474,-0.3,0,2
151416,bullet4,9.36253,9.36614,0.8,0,1
151416,bullet2,4.79626,9.95642,0.8,0,1
151419,bullet1,8.8,9.91272,0.8,0,1
151419,bullet5,4.79347,9.40878,0.8,0,1
151420,flyer6,5.99999,13.6484,-0.3,0,2
151421,player,0.393193,8.75177,-1.27498e-06,-0.0140904,1
151421,bullet4,13.3625,9.36614,0.8,0,1
151421,bullet2,8.79626,9.95642,0.8,0,1
151424,bullet1,12.8,9.91272,0.8,0,1
151424,bullet5,8.79347,9.40878,0.8,0,1
151425,flyer6,4.49999,13.6484,-0.3,0,2
151426,player,0.882567,8.25108,0.151875,-0.152135,1
151426,bullet2,12.7963,9.95642,0.8,0,1
151427,bullet3,1.35091,8.18262,0.8,0,1
151429,bullet5,12.7935,9.40878,0.8,0,1
151430,flyer6,2.99999,13.6484,-0.3,0,2
151430,bullet6,0.844014,8.68943,0.8,0,1
151431,player,0.416062,9.05488,-0.0279522,0.365447,1
151432,bullet3,5.35091,8.18262,0.8,0,1
151434,flayer8,16.5,13.6484,-0.3,0,2
151435,flyer6,1.49999,13.6484,-0.3,0,2
151435,bullet6,4.84401,8.68943,0.8,0,1
151436,player,0.957719,8.75989,0.0683438,-0.0240112,1
151436,bullet4,1.35772,8.75989,0.8,0,1
151437,bullet3,9.35091,8.18262,0.8,0,1
151437,bullet1,1.38847,8.74909,0.8,0,1
151439,flayer8,15,13.6484,-0.3,0,2
151440,flyer6,-6.4373e-06,13.6484,-0.3,0,2
151440,bullet6,8.84402,8.68943,0.8,0,1
151441,player,1.0126,8.74061,0.00126113,-0.000443073,1
151441,bullet4,5.35772,8.75989,0.8,0,1
151442,bullet3,13.3509,8.18262,0.8,0,1
151442,bullet1,5.38847,8.74909,0.8,0,1
151444,flayer8,13.5,13.6484,-0.3,0,2
151445,bullet6,12.844,8.68943,0.8,0,1
151446,player,0.411305,9.34257,-0.0138163,0.0138314,1
151446,bullet4,9.35772,8.75989,0.8,0,1
151446,bullet2,0.811305,9.34257,0.8,0,1
151447,bullet1,9.38847,8.74909,0.8,0,1
151449,flayer8,12,13.6484,-0.3,0,2
151450,bullet5,0.8,9.35342,0.8,0,1
151451,player,0.4,9.35367,0,0.000255229,1
151451,bullet4,13.3577,8.75989,0.8,0,1
151451,bullet2,4.81131,9.34257,0.8,0,1
151452,bullet1,13.3885,8.74909,0.8,0,1
151454,flayer8,10.5,13.6484,-0.3,0,2
151455,bullet5,4.8,9.35342,0.8,0,1
151456,player,0.512938,9.46682,-0.138035,-0.138031,1
151456,flyer5,16.5,15.0869,-0.3,0,2
151456,bullet2,8.81131,9.34257,0.8,0,1
151456,bullet3,0.112938,9.46682,-0.8,-6.99382e-08,1
151458,bullet6,0.82287,9.37675,0.8,0,1
151459,flayer8,9,13.6484,-0.3,0,2
151460,bullet5,8.8,9.35342,0.8,0,1
151461,player,0.402084,9.35597,-0.00254714,-0.00254705,1
151461,flyer5,15,15.0869,-0.3,0,2
151461,bullet2,12.8113,9.34257,0.8,0,1
151461,bullet4,0.802084,9.35597,0.8,0,1
151463,bullet6,4.82287,9.37675,0.8,0,1
151464,flayer8,7.5,13.6484,-0.3,0,2
151465,bullet5,12.8,9.35342,0.8,0,1
151466,player,0.737539,8.52705,0.337453,-0.489422,1
151466,flyer5,13.5,15.0869,-0.3,0,2
151466,bullet4,4.80208,9.35597,0.8,0,1
151468,bullet6,8.82287,9.37675,0.8,0,1
151468,bullet1,0.557727,8.2077,-0.8,-6.99382e-08,1
151469,flayer8,5.99999,13.6484,-0.3,0,2
151471,player,1.00854,8.134,0.00622696,-0.00903121,1
151471,flyer5,12,15.0869,-0.3,0,2
151471,bullet4,8.80208,9.35597,0.8,0,1
151471,bullet3,1.40854,8.134,0.8,0,1
151472,bullet2,0.611344,8.12994,-0.8,-6.99382e-08,1
151473,bullet6,12.8229,9.37675,0.8,0,1
151474,flayer8,4.49999,13.6484,-0.3,0,2
151474,bullet5,1.41317,8.12729,0.8,0,1
151476,player,1.50292,8.61613,0.15199,0.151708,1
151476,flyer5,10.5,15.0869,-0.3,0,2
151476,bullet4,12.8021,9.35597,0.8,0,1
151476,bullet3,5.40854,8.134,0.8,0,1
151479,flayer8,2.99999,13.6484,-0.3,0,2
151479,bullet5,5.41317,8.12729,0.8,0,1
151481,player,2.11435,7.66011,0.15468,-0.17983,1
151481,flyer5,9,15.0869,-0.3,0,2
151481,bullet3,9.40854,8.134,0.8,0,1
151484,flayer8,1.49999,13.6484,-0.3,0,2
151484,bullet5,9.41317,8.12729,0.8,0,1
151484,bullet1,1.82938,6.96867,-0.8,-6.99382e-08,1
151485,bullet2,2.63572,6.93054,0.8,0,1
151486,player,2.23857,6.91338,0.00285427,-0.017158,1
151486,flyer5,7.5,15.0869,-0.3,0,2
151486,bullet3,13.4085,8.134,0.8,0,1
151489,flayer8,-6.4373e-06,13.6484,-0.3,0,2
151489,bullet5,13.4132,8.12729,0.8,0,1
151490,bullet2,6.63572,6.93054,0.8,0,1
151490,bullet6,3.19853,6.31144,0.8,0,1
151491,player,3.16684,5.95979,0.368307,-0.351656,1
151491,flyer5,5.99999,15.0869,-0.3,0,2
151493,flayer7,16.5,15.0869,-0.263678,-0.143087,2
151495,bullet2,10.6357,6.93054,0.8,0,1
151495,bullet6,7.19853,6.31144,0.8,0,1
151496,player,3.49337,6.82357,-0.0307928,0.0926094,1
151496,flyer5,4.49999,15.0869,-0.3,0,2
151496,bullet4,3.89337,6.82357,0.8,0,1
151498,flayer7,15.1816,14.3714,-0.263678,-0.143087,2
151498,bullet1,3.87328,6.884,0.8,0,1
151500,bullet2,14.6357,6.93054,0.8,0,1
151500,bullet6,11.1985,6.31144,0.8,0,1
151501,player,3.46865,6.89794,-0.000568213,0.0017089,1
151501,flyer5,2.99999,15.0869,-0.3,0,2
151501,bullet4,7.89338,6.82357,0.8,0,1
151503,flayer7,13.8632,13.656,-0.263678,-0.143087,2
151503,bullet1,7.87328,6.884,0.8,0,1
151505,bullet6,15.1985,6.31144,0.8,0,1
151506,player,2.322,6.93007,-0.0991089,-0.0375575,1
151506,flyer5,1.49999,15.0869,-0.3,0,2
151506,bullet4,11.8934,6.82357,0.8,0,1
151506,bullet3,2.722,6.93007,0.8,0,1
151507,bullet5,2.6774,6.91317,0.8,0,1
151508,flayer7,12.5448,12.9406,-0.263678,-0.143087,2
151508,bullet1,11.8733,6.884,0.8,0,1
151511,player,2.80012,6.34219,0.0665149,-0.0690368,1
151511,flyer5,-6.4373e-06,15.0869,-0.3,0,2
151511,bullet4,15.8934,6.82357,0.8,0,1
151511,bullet3,6.722,6.93007,0.8,0,1
151512,bullet5,6.6774,6.91317,0.8,0,1
151513,flayer7,11.2264,12.2251,-0.263678,-0.143087,2
151513,bullet1,15.8733,6.884,0.8,0,1
151513,bullet2,3.24353,6.78652,0.8,0,1
151515,bullet6,3.25231,6.87649,0.8,0,1
151516,player,2.85354,6.88906,0.00122739,0.0125657,1
151516,bullet3,10.722,6.93007,0.8,0,1
151517,bullet5,10.6774,6.91317,0.8,0,1
151518,flayer7,9.90806,11.5097,-0.263678,-0.143087,2
151518,bullet2,7.24353,6.78652,0.8,0,1
151520,bullet6,7.25232,6.87649,0.8,0,1
151521,player,2.26605,7.48763,-0.030732,0.0309866,1
151521,bullet3,14.722,6.93007,0.8,0,1
151522,bullet5,14.6774,6.91317,0.8,0,1
151523,flayer7,8.58967,10.7943,-0.263678,-0.143087,2
151523,bullet2,11.2435,6.78652,0.8,0,1
151525,flyer2,16.5,15.0869,-0.3,0,2
151525,bullet6,11.2523,6.87649,0.8,0,1
151526,player,1.752,8.00189,-0.152442,0.152447,1
151526,bullet4,1.352,8.00189,-0.8,-6.99382e-08,1
151528,flayer7,7.27128,10.0788,-0.263678,-0.143087,2
151528,bullet2,15.2435,6.78652,0.8,0,1
151529,bullet1,2.03864,8.11525,0.8,0,1
151530,flyer2,15,15.0869,-0.3,0,2
151530,bullet6,15.2523,6.87649,0.8,0,1
151531,player,1.62958,8.12431,-0.00281299,0.00281307,1
151531,bullet3,2.02958,8.12431,0.8,0,1
151533,flayer7,5.95289,9.36339,-0.263678,-0.143087,2
151534,bullet1,6.03864,8.11525,0.8,0,1
151535,flyer2,13.5,15.0869,-0.3,0,2
151536,player,1.96482,8.12657,0.337448,5.19091e-05,1
151538,flayer7,4.6345,8.64795,-0.263678,-0.143087,1
151539,bullet1,10.0386,8.11525,0.8,0,1
151540,flyer2,12,15.0869,-0.3,0,2
151541,player,1.08962,8.68433,-0.0928716,0.0683447,1
151541,flyer3,16.5,15.0869,-0.3,0,2
151543,flayer7,3.31611,7.93252,-0.263678,-0.143087,1
151544,bullet1,14.0386,8.11525,0.8,0,1
151545,flyer2,10.5,15.0869,-0.3,0,2
151545,bullet5,0.927377,9.22733,0.8,0,1
151546,player,0.45732,9.29694,-0.0700575,0.0696049,1
151546,flyer3,15,15.0869,-0.3,0,2
151548,flayer7,1.99772,7.21708,-0.263678,-0.143087,1
151548,bullet4,0.811607,9.83173,0.8,0,1
151550,flyer2,9,15.0869,-0.3,0,2
151550,bullet5,4.92738,9.22733,0.8,0,1
151550,bullet2,0.802351,9.94003,0.8,0,1
151551,player,0.401058,10.2927,-0.00129276,0.352624,1
151551,flyer3,13.5,15.0869,-0.3,0,2
151553,flayer7,0.679331,6.50165,-0.263678,-0.143087,1
151553,bullet4,4.81161,9.83173,0.8,0,1
151555,flyer2,7.5,15.0869,-0.3,0,2
151555,bullet5,8.92738,9.22733,0.8,0,1
151555,bullet2,4.80235,9.94003,0.8,0,1
151555,bullet6,0.800044,11.127,0.8,0,1
151556,player,0.40002,11.1643,-2.3855e-05,0.0372616,1
151556,flyer3,12,15.0869,-0.3,0,2
151558,bullet4,8.81161,9.83173,0.8,0,1
151560,flyer2,5.99999,15.0869,-0.3,0,2
151560,bullet5,12.9274,9.22733,0.8,0,1
151560,bullet2,8.80235,9.94003,0.8,0,1
151560,bullet6,4.80004,11.127,0.8,0,1
151561,player,0.4,10.3674,-0,-0.488687,1
151561,flyer3,10.5,15.0869,-0.3,0,2
151563,bullet4,12.8116,9.83173,0.8,0,1
151565,flyer2,4.49999,15.0869,-0.3,0,2
151565,bullet2,12.8024,9.94003,0.8,0,1
151565,bullet6,8.80004,11.127,0.8,0,1
151566,player,0.4,10.5634,0,0.021737,1
151566,flyer3,9,15.0869,-0.3,0,2
151566,bullet3,0.8,10.5634,0.8,0,1
151569,bullet1,0.8,10.5795,0.8,0,1
151570,flyer2,2.99999,15.0869,-0.3,0,2
151570,bullet6,12.8,11.127,0.8,0,1
151571,player,0.4,10.0915,0,-0.151474,1
151571,flyer3,7.5,15.0869,-0.3,0,2
151571,bullet3,4.8,10.5634,0.8,0,1
151572,bullet5,0.8,10.0233,0.8,0,1
151574,bullet1,4.8,10.5795,0.8,0,1
151575,flyer2,1.49999,15.0869,-0.3,0,2
151576,player,0.4,10.5275,0,0.0655486,1
151576,flyer3,5.99999,15.0869,-0.3,0,2
151576,bullet3,8.8,10.5634,0.8,0,1
151576,bullet4,0.8,10.5275,0.8,0,1
151577,bullet5,4.8,10.0233,0.8,0,1
151579,bullet1,8.8,10.5795,0.8,0,1
151580,flyer2,-6.4373e-06,15.0869,-0.3,0,2
151581,player,0.4,11.0695,0,0.153085,1
151581,flyer3,4.49999,15.0869,-0.3,0,2
151581,bullet3,12.8,10.5634,0.8,0,1
151581,bullet4,4.8,10.5275,0.8,0,1
151582,bullet5,8.8,10.0233,0.8,0,1
151584,bullet1,12.8,10.5795,0.8,0,1
151586,player,0.988474,10.604,0.0307547,-0.0279298,1
151586,flyer3,2.99999,15.0869,-0.3,0,2
151586,bullet4,8.8,10.5275,0.8,0,1
151586,bullet2,1.38847,10.604,0.8,0,1
151587,bullet5,12.8,10.0233,0.8,0,1
151591,player,0.4,10.2748,-0,-0.375604,1
151591,flyer3,1.49999,15.0869,-0.3,0,2
151591,bullet4,12.8,10.5275,0.8,0,1
151591,bullet2,5.38847,10.604,0.8,0,1
151592,flyer1,16.5,15.0869,-0.3,0,2
151593,bullet6,0.8,10.0298,0.8,0,1
151595,bullet3,0.8,9.98013,0.8,0,1
151596,player,0.4,9.9732,0,-0.00693096,1
151596,flyer3,-6.4373e-06,15.0869,-0.3,0,2
151596,bullet2,9.38847,10.604,0.8,0,1
151596,bullet1,0.8,9.9732,0.8,0,1
151597,flyer1,15,15.0869,-0.3,0,2
151598,bullet6,4.8,10.0298,0.8,0,1
151600,bullet3,4.8,9.98013,0.8,0,1
151601,player,0.4,10.5561,0,0.0306268,1
151601,bullet2,13.3885,10.604,0.8,0,1
151601,bullet1,4.8,9.9732,0.8,0,1
151602,flyer1,13.5,15.0869,-0.3,0,2
151603,bullet6,8.8,10.0298,0.8,0,1
151605,bullet3,8.8,9.98013,0.8,0,1
151606,player,1.00231,9.97839,0.0138396,-0.0132745,1
151606,bullet1,8.8,9.9732,0.8,0,1
151606,bullet5,1.40231,9.97839,0.8,0,1
151607,flyer1,12,15.0869,-0.3,0,2
151608,bullet6,12.8,10.0298,0.8,0,1
151610,bullet3,12.8,9.98013,0.8,0,1
151611,player,0.675928,10.3052,-0.337245,0.337255,1
151611,bullet1,12.8,9.9732,0.8,0,1
151611,bullet5,5.40231,9.97839,0.8,0,1
151612,flyer1,10.5,15.0869,-0.3,0,2
151615,flyer4,16.5,4.52795,-0.277017,-0.11516,2
151616,player,0.889375,11.1338,0.151875,0.074567,1
151616,flyer6,16.5,4.52795,-0.3,0,2
151616,bullet5,9.40231,9.97839,0.8,0,1
151617,flyer1,9,15.0869,-0.3,0,2
151617,bullet4,1.35772,11.1673,0.8,0,1
151618,bullet2,1.38847,11.1824,0.8,0,1
151620,flyer4,15.1149,3.95215,-0.277017,-0.11516,2
151620,bullet6,1.40854,11.1923,0.8,0,1
151621,player,0.673844,11.1937,-0.334697,0.00137597,1
151621,flyer6,15,4.52795,-0.3,0,2
151621,bullet5,13.4023,9.97839,0.8,0,1
151621,finish,20.0647,8,-0.2,0,1
151622,flyer1,7.5,15.0869,-0.3,0,2
151622,bullet4,5.35772,11.1673,0.8,0,1
151623,bullet2,5.38847,11.1824,0.8,0,1
151625,flyer4,13.7298,3.37635,-0.277017,-0.11516,2
151625,bullet6,5.40854,11.1923,0.8,0,1
151625,bullet3,0.81123,11.1947,0.8,0,1
151626,player,0.405054,11.1948,-0.00617611,2.53905e-05,1
151626,flyer6,13.5,4.52795,-0.3,0,2
151626,finish,19.0647,8,-0.2,0,1
151627,flyer1,5.99999,15.0869,-0.3,0,2
151627,bullet4,9.35772,11.1673,0.8,0,1
151628,bullet2,9.38847,11.1824,0.8,0,1
151630,flyer4,12.3447,2.80056,-0.277017,-0.11516,2
151630,bullet6,9.40854,11.1923,0.8,0,1
151630,bullet3,4.81123,11.1947,0.8,0,1
151631,player,0.4,10.6063,0,-0.0307542,1
151631,flyer6,12,4.52795,-0.3,0,2
151631,finish,18.0647,8,-0.2,0,1
151632,flyer1,4.49999,15.0869,-0.3,0,2
151632,bullet4,13.3577,11.1673,0.8,0,1
151633,bullet2,13.3885,11.1824,0.8,0,1
151635,flyer4,10.9597,2.22476,-0.277017,-0.11516,2
151635,bullet6,13.4085,11.1923,0.8,0,1
151635,bullet3,8.81123,11.1947,0.8,0,1
151636,player,0.4,11.1701,0,0.0301872,1
151636,flyer6,10.5,4.52795,-0.3,0,2
151636,finish,17.0647,8,-0.2,0,1
151636,bullet1,0.8,11.1701,0.8,0,1
151637,flyer1,2.99999,15.0869,-0.3,0,2
151639,bullet5,0.8,10.6348,0.8,0,1
151640,flyer4,9.57458,1.64896,-0.277017,-0.11516,2
151640,bullet3,12.8112,11.1947,0.8,0,1
151640,bullet4,0.8,10.6053,0.8,0,1
151641,player,0.4,10.592,0,-0.0132826,1
151641,flyer6,9,4.52795,-0.3,0,2
151641,finish,16.0647,8,-0.2,0,1
151641,bullet1,4.8,11.1701,0.8,0,1
151642,flyer1,1.49999,15.0869,-0.3,0,2
151644,bullet5,4.8,10.6348,0.8,0,1
151645,flyer4,8.1895,1.07316,-0.277017,-0.11516,2
151645,bullet4,4.8,10.6053,0.8,0,1
151646,player,0.4,10.5813,0,-0.000245101,1
151646,flyer6,7.5,4.52795,-0.3,0,2
151646,finish,15.0647,8,-0.2,0,1
151646,bullet1,8.8,11.1701,0.8,0,1
151646,bullet2,0.8,10.5813,0.8,0,1
151647,flyer1,-6.4373e-06,15.0869,-0.3,0,2
151649,bullet5,8.8,10.6348,0.8,0,1
151650,flyer4,6.80442,0.497361,-0.277017,-0.11516,2
151650,bullet4,8.8,10.6053,0.8,0,1
151651,player,0.4,10.5811,0,-4.5228e-06,1
151651,flyer6,5.99999,4.52795,-0.3,0,2
151651,finish,14.0647,8,-0.2,0,1
151651,bullet1,12.8,11.1701,0.8,0,1
151651,bullet2,4.8,10.5813,0.8,0,1
151654,bullet5,12.8,10.6348,0.8,0,1
151655,flyer4,5.41933,-0.0784382,-0.277017,-0.11516,2
151655,bullet4,12.8,10.6053,0.8,0,1
151656,player,0.7375,10.2436,0.3375,-0.3375,1
151656,flyer6,4.49999,4.52795,-0.3,0,2
151656,finish,13.0647,8,-0.2,0,1
151656,bullet2,8.8,10.5813,0.8,0,1
151660,flayer8,16.5,4.52795,-0.293572,-0.0617705,2
151661,player,1.00854,8.82641,0.00622782,-0.105326,1
151661,flyer6,2.99999,4.52795,-0.3,0,2
151661,finish,12.0647,8,-0.2,0,1
151661,bullet2,12.8,10.5813,0.8,0,1
151661,bullet6,1.40854,8.82641,0.8,0,1
151663,bullet3,1.4126,8.75768,0.8,0,1
151665,flayer8,15.0321,4.2191,-0.293572,-0.0617705,2
151665,bullet1,1.41343,8.74376,0.8,0,1
151666,player,1.01354,8.74182,0.000114921,-0.00194357,1
151666,flyer6,1.49999,4.52795,-0.3,0,2
151666,finish,11.0647,8,-0.2,0,1
151666,bullet6,5.40854,8.82641,0.8,0,1
151666,bullet5,1.41354,8.74182,0.8,0,1
151668,bullet3,5.4126,8.75768,0.8,0,1
151670,flayer8,13.5643,3.91025,-0.293572,-0.0617705,2
151670,bullet1,5.41343,8.74376,0.8,0,1
151671,player,0.762661,8.18255,0.306747,-0.0683796,1
151671,flyer6,-6.4373e-06,4.52795,-0.3,0,2
151671,finish,10.0647,8,-0.2,0,1
151671,bullet6,9.40854,8.82641,0.8,0,1
151671,bullet5,5.41354,8.74182,0.8,0,1
151673,bullet3,9.41261,8.75768,0.8,0,1
151675,flayer8,12.0964,3.6014,-0.293572,-0.0617705,2
151675,bullet1,9.41343,8.74376,0.8,0,1
151676,player,1.00901,7.56991,0.00566035,-0.0696056,1
151676,finish,9.06472,8,-0.2,0,1
151676,bullet6,13.4085,8.82641,0.8,0,1
151676,bullet5,9.41354,8.74182,0.8,0,1
151678,bullet3,13.4126,8.75768,0.8,0,1
151680,flayer8,10.6286,3.29254,-0.293572,-0.0617705,2
151680,bullet1,13.4134,8.74376,0.8,0,1
151681,player,1.01355,6.46692,0.000104449,-0.221503,1
151681,finish,8.06472,8,-0.2,0,1
151681,bullet5,13.4135,8.74182,0.8,0,1
151682,bullet4,1.4136,6.36725,0.8,0,1
151684,bullet2,1.41363,6.30221,0.8,0,1
151685,flayer8,9.16071,2.98369,-0.293572,-0.0617705,2
151686,player,1.01364,5.79966,1.92739e-06,-0.155962,1
151686,finish,7.06472,8,-0.2,0,1
151687,bullet4,5.4136,6.36725,0.8,0,1
151687,bullet6,1.41364,5.72948,0.8,0,1
151689,bullet2,5.41363,6.30221,0.8,0,1
151690,flayer8,7.69285,2.67484,-0.293572,-0.0617705,2
151691,player,1.93961,7.08976,0.368255,0.517252,1
151691,finish,6.06472,8,-0.2,0,1
