304808,player,6.32474,11.2764,0,0,1
304810,bullet1,6.72474,10.787,0.8,0,1
304812,bullet2,6.72474,10.6879,0.8,0,1
304813,player,6.32474,10.674,0,-0.0138396,1
304813,bullet3,6.72474,10.674,0.8,0,1
304815,bullet1,10.7247,10.787,0.8,0,1
304815,bullet4,6.72474,10.665,0.8,0,1
304817,bullet2,10.7247,10.6879,0.8,0,1
304818,player,5.83536,10.1735,-0.151875,-0.15213,1
304818,bullet3,10.7247,10.674,0.8,0,1
304820,bullet1,14.7247,10.787,0.8,0,1
304820,bullet4,10.7247,10.665,0.8,0,1
304822,bullet2,14.7247,10.6879,0.8,0,1
304823,player,4.88652,9.22449,-0.492178,-0.492182,1
304823,bullet3,14.7247,10.674,0.8,0,1
304825,bullet4,14.7247,10.665,0.8,0,1
304828,player,3.56529,9.16673,-0.377337,0.328418,1
304833,player,2.18441,9.19208,-0.189593,-0.45256,1
304835,flyer1,16.5,1.43034,-0.3,0,2
304836,bullet5,2.44342,8.36617,0.8,0,1
304838,player,2.03215,8.24016,-0.00349852,-0.0391057,1
304840,flyer1,15,1.43034,-0.3,0,2
304840,flyer2,16.5,1.43034,-0.3,0,2
304840,bullet6,2.42986,8.70402,0.8,0,1
304841,bullet5,6.44342,8.36617,0.8,0,1
304842,bullet1,2.4294,8.79795,0.8,0,1
304843,player,2.02934,8.47357,-6.45575e-05,-0.324382,1
304845,flyer1,13.5,1.43034,-0.3,0,2
304845,flyer2,15,1.43034,-0.3,0,2
304845,bullet6,6.42987,8.70402,0.8,0,1
304846,bullet5,10.4434,8.36617,0.8,0,1
304846,bullet2,2.42929,8.72172,0.8,0,1
304847,bullet1,6.4294,8.79795,0.8,0,1
304848,player,2.02929,8.80153,-1.19127e-06,0.0247689,1
304850,flyer1,12,1.43034,-0.3,0,2
304850,flyer2,13.5,1.43034,-0.3,0,2
304850,bullet6,10.4299,8.70402,0.8,0,1
304851,bullet5,14.4434,8.36617,0.8,0,1
304851,bullet2,6.42929,8.72172,0.8,0,1
304852,bullet1,10.4294,8.79795,0.8,0,1
304853,player,1.87741,8.82142,0.185625,0.000457056,1
304855,flyer1,10.5,1.43034,-0.3,0,2
304855,flyer2,12,1.43034,-0.3,0,2
304855,bullet6,14.4299,8.70402,0.8,0,1
304856,bullet2,10.4293,8.72172,0.8,0,1
304856,bullet3,2.41545,8.82176,0.8,0,1
304857,bullet1,14.4294,8.79795,0.8,0,1
304858,player,2.02648,8.82179,0.0034253,8.43398e-06,1
304859,bullet4,2.42803,8.82179,0.8,0,1
304860,flyer1,9,1.43034,-0.3,0,2
304860,flyer2,10.5,1.43034,-0.3,0,2
304861,bullet2,14.4293,8.72172,0.8,0,1
304861,bullet3,6.41545,8.82176,0.8,0,1
304863,player,0.951387,8.92089,-0.182566,-0.12112,1
304864,bullet4,6.42803,8.82179,0.8,0,1
304865,flyer1,7.5,1.43034,-0.3,0,2
304865,flyer2,9,1.43034,-0.3,0,2
304866,bullet3,10.4154,8.82176,0.8,0,1
304868,player,0.4,9.4121,0,0.0285197,1
304869,bullet4,10.428,8.82179,0.8,0,1
304870,flyer1,5.99999,1.43034,-0.3,0,2
304870,flyer2,7.5,1.43034,-0.3,0,2
304870,bullet5,0.8,9.4307,0.8,0,1
304871,bullet3,14.4154,8.82176,0.8,0,1
304872,bullet6,0.8,9.43447,0.8,0,1
304873,player,0.4,9.435,0,0.000526268,1
304874,bullet4,14.428,8.82179,0.8,0,1
304875,flyer1,4.49999,1.43034,-0.3,0,2
304875,flyer2,5.99999,1.43034,-0.3,0,2
304875,bullet5,4.8,9.4307,0.8,0,1
304876,bullet1,1.28938,8.94601,0.8,0,1
304877,bullet6,4.8,9.43447,0.8,0,1
304878,player,0.988474,8.84694,0.0307547,-0.030745,1
304879,bullet2,1.40231,8.83311,0.8,0,1
304880,flyer1,2.99999,1.43034,-0.3,0,2
304880,flyer2,4.49999,1.43034,-0.3,0,2
304880,bullet5,8.8,9.4307,0.8,0,1
304881,bullet1,5.28938,8.94601,0.8,0,1
304882,bullet6,8.8,9.43447,0.8,0,1
304883,player,0.424699,9.41073,-0.0301872,0.0301874,1
304884,bullet2,5.40231,8.83311,0.8,0,1
304885,flyer1,1.49999,1.43034,-0.3,0,2
304885,flyer2,2.99999,1.43034,-0.3,0,2
304885,bullet5,12.8,9.4307,0.8,0,1
304886,bullet1,9.28938,8.94601,0.8,0,1
304887,bullet6,12.8,9.43447,0.8,0,1
304888,player,0.4,8.94559,0,-0.151318,1
304889,bullet2,9.40231,8.83311,0.8,0,1
304890,flyer1,-6.4373e-06,1.43034,-0.3,0,2
304890,flyer2,1.49999,1.43034,-0.3,0,2
304891,bullet1,13.2894,8.94601,0.8,0,1
304892,bullet6,16.8,9.43447,0.8,0,1
304893,player,0.4,9.65095,-0,0.486583,1
304893,flyer3,16.5,1.43034,-0.3,0,2
304894,bullet2,13.4023,8.83311,0.8,0,1
304895,flyer2,-6.4373e-06,1.43034,-0.3,0,2
304895,flyer4,16.5,1.43034,-0.3,0,2
304895,bullet3,0,9.96844,-0.8,-6.99382e-08,1
304896,bullet4,0.8,10.0128,0.8,0,1
304898,player,0.4,10.0417,0,0.00897882,1
304898,flyer3,15,1.43034,-0.3,0,2
304898,flyer5,16.5,0.745921,-0.245259,0.172765,2
304898,bullet5,0.8,10.0417,0.8,0,1
304900,flyer4,15,1.43034,-0.3,0,2
304901,bullet4,4.8,10.0128,0.8,0,1
304902,bullet6,0.8,9.49104,0.8,0,1
304903,player,0.4,9.46045,0,-0.030589,1
304903,flyer3,13.5,1.43034,-0.3,0,2
304903,flyer5,15.2737,1.60975,-0.245259,0.172765,2
304903,bullet5,4.8,10.0417,0.8,0,1
304905,flyer4,13.5,1.43034,-0.3,0,2
304905,bullet1,0.8,9.44049,0.8,0,1
304906,bullet4,8.8,10.0128,0.8,0,1
304907,bullet6,4.8,9.49104,0.8,0,1
304908,player,0.4,9.77339,-0,0.336936,1
304908,flyer3,12,1.43034,-0.3,0,2
304908,flyer5,14.0474,2.47358,-0.245259,0.172765,2
304908,bullet5,8.8,10.0417,0.8,0,1
304910,flyer4,12,1.43034,-0.3,0,2
304910,bullet1,4.8,9.44049,0.8,0,1
304911,bullet4,12.8,10.0128,0.8,0,1
304912,bullet6,8.8,9.49104,0.8,0,1
304913,player,0.889375,9.2171,0.151875,-0.483158,1
304913,flyer3,10.5,1.43034,-0.3,0,2
304913,flyer5,12.8211,3.3374,-0.245259,0.172765,2
304913,bullet5,12.8,10.0417,0.8,0,1
304915,flyer4,10.5,1.43034,-0.3,0,2
304915,bullet1,8.8,9.44049,0.8,0,1
304916,bullet3,1.40231,8.85781,0.8,0,1
304917,bullet6,12.8,9.49104,0.8,0,1
304918,player,1.01134,8.82908,0.00280252,-0.00891562,1
304918,flyer3,9,1.43034,-0.3,0,2
304918,flyer5,11.5948,4.20123,-0.245259,0.172765,2
304918,bullet2,1.41134,8.82908,0.8,0,1
304920,flyer4,9,1.43034,-0.3,0,2
304920,bullet1,12.8,9.44049,0.8,0,1
304921,bullet3,5.40231,8.85781,0.8,0,1
304923,player,1.01359,8.82192,5.17144e-05,-0.000164518,1
304923,flyer3,7.5,1.43034,-0.3,0,2
304923,flyer5,10.3685,5.06506,-0.245259,0.172765,2
304923,bullet2,5.41134,8.82908,0.8,0,1
304923,bullet4,1.41359,8.82192,0.8,0,1
304925,flyer4,7.5,1.43034,-0.3,0,2
304926,bullet3,9.40231,8.85781,0.8,0,1
304926,bullet5,0.055914,8.26408,-0.8,-6.99382e-08,1
304928,player,0.4,8.21947,0,-0.0138426,1
304928,flyer3,5.99999,1.43034,-0.3,0,2
304928,flyer5,9.14222,5.92888,-0.245259,0.172765,2
304928,bullet2,9.41134,8.82908,0.8,0,1
304928,bullet4,5.41359,8.82192,0.8,0,1
304930,flyer4,5.99999,1.43034,-0.3,0,2
304930,bullet6,0.8,8.21044,0.8,0,1
304931,bullet3,13.4023,8.85781,0.8,0,1
304933,player,0.4,8.20835,0,-0.000255436,1
304933,flyer3,4.49999,1.43034,-0.3,0,2
304933,flyer5,7.91593,6.79271,-0.245259,0.172765,2
304933,bullet2,13.4113,8.82908,0.8,0,1
304933,bullet4,9.4136,8.82192,0.8,0,1
304935,flyer4,4.49999,1.43034,-0.3,0,2
304935,bullet6,4.8,8.21044,0.8,0,1
304938,player,0.957719,8.20815,0.0683438,-4.71351e-06,1
304938,flyer3,2.99999,1.43034,-0.3,0,2
304938,flyer5,6.68963,7.65654,-0.245259,0.172765,1
304938,bullet4,13.4136,8.82192,0.8,0,1
304940,flyer4,2.99999,1.43034,-0.3,0,2
304940,bullet1,1.40231,8.20814,0.8,0,1
304943,player,1.57032,7.65042,0.0696049,-0.0683438,1
304943,flyer3,1.49999,1.43034,-0.3,0,2
304943,flyer5,5.46333,8.52036,-0.245259,0.172765,1
304943,bullet5,1.97032,7.65042,0.8,0,1
304944,bullet3,2.00165,7.61967,0.8,0,1
304945,flyer4,1.49999,1.43034,-0.3,0,2
304946,bullet2,2.02208,7.5996,0.8,0,1
304948,player,1.62622,7.59554,0.00128441,-0.00126114,1
304948,flyer3,-6.4373e-06,1.43034,-0.3,0,2
304948,bullet5,5.97032,7.65042,0.8,0,1
304949,bullet3,6.00165,7.61967,0.8,0,1
304950,flyer4,-6.4373e-06,1.43034,-0.3,0,2
304951,bullet2,6.02208,7.5996,0.8,0,1
304951,bullet6,2.02718,7.5946,0.8,0,1
304953,player,1.62725,7.59453,2.37009e-05,-2.32715e-05,1
304953,bullet5,9.97032,7.65042,0.8,0,1
304954,bullet3,10.0016,7.61967,0.8,0,1
304956,bullet2,10.0221,7.5996,0.8,0,1
304956,bullet6,6.02718,7.5946,0.8,0,1
304958,player,1.51433,6.99219,0.138036,-0.01384,1
304958,bullet5,13.9703,7.65042,0.8,0,1
304959,bullet3,14.0016,7.61967,0.8,0,1
304961,bullet2,14.0221,7.5996,0.8,0,1
304961,bullet6,10.0272,7.5946,0.8,0,1
304962,flyer6,16.5,0.745921,-0.3,0,2
304963,player,1.02288,7.02567,-0.0112925,-0.0547595,1
304963,flayer7,16.5,0.745921,-0.3,0,2
304963,bullet4,1.42288,7.02567,0.8,0,1
304964,bullet1,1.41779,7.00103,0.8,0,1
304966,bullet6,14.0272,7.5946,0.8,0,1
304967,flyer6,15,0.745921,-0.3,0,2
304967,bullet5,1.41401,6.49333,0.8,0,1
304968,player,1.01381,6.42398,-0.000208378,-0.0693542,1
304968,flayer7,15,0.745921,-0.3,0,2
304968,bullet4,5.42288,7.02567,0.8,0,1
304969,bullet1,5.41779,7.00103,0.8,0,1
304969,bullet3,1.41371,6.39277,0.8,0,1
304972,flyer6,13.5,0.745921,-0.3,0,2
304972,bullet5,5.41401,6.49333,0.8,0,1
304973,player,1.01364,5.81056,-3.84515e-06,-0.0696235,1
304973,flayer7,13.5,0.745921,-0.3,0,2
304973,bullet4,9.42288,7.02567,0.8,0,1
304974,bullet1,9.41779,7.00103,0.8,0,1
304974,bullet3,5.41371,6.39277,0.8,0,1
304977,flyer6,12,0.745921,-0.3,0,2
304977,bullet5,9.41402,6.49333,0.8,0,1
304978,player,1.01364,5.75465,-7.09539e-08,-0.00128475,1
304978,flayer7,12,0.745921,-0.3,0,2
304978,bullet4,13.4229,7.02567,0.8,0,1
304979,bullet1,13.4178,7.00103,0.8,0,1
304979,bullet3,9.41371,6.39277,0.8,0,1
304982,flyer6,10.5,0.745921,-0.3,0,2
304982,bullet5,13.414,6.49333,0.8,0,1
304983,player,1.01364,4.59359,-1.3093e-09,-0.0822071,1
304983,flayer7,10.5,0.745921,-0.3,0,2
304983,bullet2,1.41364,4.59359,0.8,0,1
304984,bullet3,13.4137,6.39277,0.8,0,1
304987,flyer6,9,0.745921,-0.3,0,2
304987,bullet6,1.90301,4.52908,0.8,0,1
304988,player,1.57135,4.52757,0.0683438,-0.00151695,1
304988,flayer7,9,0.745921,-0.3,0,2
304988,bullet2,5.41364,4.59359,0.8,0,1
304991,bullet4,2.5799,4.52644,0.8,0,1
304992,flyer6,7.5,0.745921,-0.3,0,2
304992,bullet6,5.90301,4.52908,0.8,0,1
304993,player,2.22855,4.52635,0.0151007,-2.7992e-05,1
304993,flayer7,7.5,0.745921,-0.3,0,2
304993,bullet2,9.41364,4.59359,0.8,0,1
304996,bullet4,6.5799,4.52644,0.8,0,1
304996,bullet1,2.08206,3.96861,0.8,0,1
304997,flyer6,5.99999,0.745921,-0.3,0,2
304997,bullet6,9.90301,4.52908,0.8,0,1
304998,player,1.63837,3.92401,-0.013561,-0.0138401,1
304998,flayer7,5.99999,0.745921,-0.3,0,2
304998,bullet2,13.4136,4.59359,0.8,0,1
305001,bullet4,10.5799,4.52644,0.8,0,1
305001,bullet1,6.08206,3.96861,0.8,0,1
305002,flyer6,4.49999,0.745921,-0.3,0,2
305002,bullet6,13.903,4.52908,0.8,0,1
305003,player,1.62748,4.40227,-0.000250238,0.15162,1
305003,flayer7,4.49999,0.745921,-0.3,0,2
305004,bullet5,2.02736,4.4705,0.8,0,1
305006,bullet4,14.5799,4.52644,0.8,0,1
305006,bullet1,10.0821,3.96861,0.8,0,1
305006,bullet3,2.02729,4.51502,0.8,0,1
305007,flyer6,2.99999,0.745921,-0.3,0,2
305008,player,1.62727,4.52404,-4.61759e-06,0.00279781,1
305008,flayer7,2.99999,0.745921,-0.3,0,2
305009,bullet5,6.02736,4.4705,0.8,0,1
305010,bullet2,2.02727,5.01524,0.8,0,1
305011,bullet1,14.0821,3.96861,0.8,0,1
305011,bullet3,6.02729,4.51502,0.8,0,1
305012,flyer6,1.49999,0.745921,-0.3,0,2
305013,player,1.62727,5.12859,-8.52076e-08,0.0138912,1
305013,flayer7,1.49999,0.745921,-0.3,0,2
305014,bullet5,10.0274,4.4705,0.8,0,1
305015,bullet2,6.02727,5.01524,0.8,0,1
305015,bullet6,2.02727,5.13766,0.8,0,1
305016,bullet3,10.0273,4.51502,0.8,0,1
305017,flyer6,-6.4373e-06,0.745921,-0.3,0,2
305018,player,1.62727,5.62913,-1.57232e-09,0.152131,1
305018,flayer7,-6.4373e-06,0.745921,-0.3,0,2
305019,bullet5,14.0274,4.4705,0.8,0,1
305020,bullet2,10.0273,5.01524,0.8,0,1
305020,bullet6,6.02727,5.13766,0.8,0,1
305021,bullet3,14.0273,4.51502,0.8,0,1
305022,flayer8,16.5,11.2065,-0.220422,-0.203504,2
305022,bullet4,1.46955,5.77925,0.8,0,1
305023,player,1.0388,5.76514,-0.0307547,-0.0141078,1
305025,bullet2,14.0273,5.01524,0.8,0,1
305025,bullet6,10.0273,5.13766,0.8,0,1
305025,bullet1,1.41873,5.75593,0.8,0,1
305027,flayer8,15.3979,10.189,-0.220422,-0.203504,2
305027,bullet4,5.46955,5.77925,0.8,0,1
305028,player,1.57182,6.31153,0.0677762,0.0680834,1
305028,bullet5,1.17182,6.31153,-0.8,-6.99382e-08,1
305030,bullet6,14.0273,5.13766,0.8,0,1
305030,bullet1,5.41873,5.75593,0.8,0,1
305032,flayer8,14.2958,9.17146,-0.220422,-0.203504,2
305032,bullet4,9.46955,5.77925,0.8,0,1
305033,player,2.11562,6.51808,0.153126,-0.184369,1
305033,flyer1,16.5,11.2065,-0.269746,-0.13129,2
305035,bullet1,9.41873,5.75593,0.8,0,1
305036,bullet3,2.62949,6.87035,0.8,0,1
305037,flayer8,13.1937,8.15394,-0.220422,-0.203504,2
305037,bullet4,13.4696,5.77925,0.8,0,1
305038,player,1.90109,6.62099,-0.334674,-0.310147,1
305038,flyer1,15.1513,10.5501,-0.269746,-0.13129,2
305040,bullet1,13.4187,5.75593,0.8,0,1
305041,bullet3,6.62949,6.87035,0.8,0,1
305042,flayer8,12.0916,7.13642,-0.220422,-0.203504,2
305043,player,1.67692,4.87438,-0.0606798,-0.425406,1
305043,flyer1,13.8025,9.8936,-0.269746,-0.13129,2
305044,flyer2,16.5,11.2065,-0.3,0,2
305047,flayer8,10.9895,6.11889,-0.220422,-0.203504,1
305048,player,1.62819,5.12122,-0.00111971,0.0229047,1
305048,flyer1,12.4538,9.23715,-0.269746,-0.13129,2
305048,bullet2,2.02819,5.12122,0.8,0,1
305049,flyer2,15,11.2065,-0.3,0,2
305050,bullet5,2.02746,5.13617,0.8,0,1
305052,flayer8,9.88734,5.10137,-0.220422,-0.203504,1
305053,player,1.62729,5.29149,-2.06619e-05,-0.185202,1
305053,flyer1,11.1051,8.5807,-0.269746,-0.13129,2
305053,bullet2,6.02819,5.12122,0.8,0,1
305054,flyer2,13.5,11.2065,-0.3,0,2
305055,bullet5,6.02746,5.13617,0.8,0,1
305058,player,1.59652,5.51101,0.0375887,0.296493,1
305058,flyer1,9.75635,7.92425,-0.269746,-0.13129,2
305059,flyer2,12,11.2065,-0.3,0,2
305060,bullet5,10.0275,5.13617,0.8,0,1
305062,flyer5,16.5,11.2065,-0.28992,-0.0771133,2
305062,bullet6,1.46829,6.30137,0.8,0,1
305063,player,1.03823,6.3376,-0.0300611,0.0362258,1
305063,flyer1,8.40762,7.26779,-0.269746,-0.13129,2
305063,bullet4,1.43823,6.3376,0.8,0,1
305064,flyer2,10.5,11.2065,-0.3,0,2
305065,bullet5,14.0275,5.13617,0.8,0,1
305067,flyer5,15.0504,10.8209,-0.28992,-0.0771133,2
305067,bullet6,5.46829,6.30137,0.8,0,1
305067,bullet1,1.41464,6.36602,0.8,0,1
305068,player,1.01409,6.36669,-0.000554711,0.000668468,1
305068,flyer1,7.0589,6.61134,-0.269746,-0.13129,1
305068,bullet4,5.43823,6.3376,0.8,0,1
305069,flyer2,9,11.2065,-0.3,0,2
305069,bullet3,1.41384,6.36699,0.8,0,1
305072,flyer5,13.6008,10.4354,-0.28992,-0.0771133,2
305072,bullet1,5.41464,6.36602,0.8,0,1
305073,player,1.11274,5.54035,-0.121131,-0.489363,1
305074,flyer2,7.5,11.2065,-0.3,0,2
305074,bullet3,5.41384,6.36699,0.8,0,1
305075,bullet2,1.4337,5.22104,0.8,0,1
305076,bullet5,1.42267,5.17645,0.8,0,1
305077,flyer5,12.1512,10.0498,-0.28992,-0.0771133,2
305077,bullet1,9.41464,6.36602,0.8,0,1
305078,player,1.01546,5.14735,-0.0022352,-0.00903012,1
305079,flyer2,5.99999,11.2065,-0.3,0,2
305079,bullet3,9.41384,6.36699,0.8,0,1
305080,bullet2,5.4337,5.22104,0.8,0,1
305081,bullet5,5.42267,5.17645,0.8,0,1
305082,flyer5,10.7016,9.66424,-0.28992,-0.0771133,2
305082,bullet1,13.4146,6.36602,0.8,0,1
305083,player,0.676168,4.88913,-0.337541,0.306579,1
305084,flyer2,4.49999,11.2065,-0.3,0,2
305084,bullet3,13.4138,6.36699,0.8,0,1
305085,bullet2,9.4337,5.22104,0.8,0,1
305086,bullet5,9.42267,5.17645,0.8,0,1
305087,flyer5,9.252,9.27868,-0.28992,-0.0771133,2
305088,player,0.405094,5.13533,-0.00622859,0.00565724,1
305088,bullet6,0.805094,5.13533,0.8,0,1
305089,flyer2,2.99999,11.2065,-0.3,0,2
305090,bullet2,13.4337,5.22104,0.8,0,1
305090,bullet4,0.80103,5.13903,0.8,0,1
305091,bullet5,13.4227,5.17645,0.8,0,1
305092,flyer5,7.8024,8.89311,-0.28992,-0.0771133,2
305093,player,0.400092,5.13988,-0.000114935,0.000104392,1
305093,bullet6,4.80509,5.13533,0.8,0,1
305094,flyer2,1.49999,11.2065,-0.3,0,2
305095,bullet4,4.80103,5.13903,0.8,0,1
305097,flyer5,6.3528,8.50755,-0.28992,-0.0771133,2
305098,player,0.4,4.58225,0,-0.0683418,1
305098,bullet6,8.8051,5.13533,0.8,0,1
305099,flyer2,-6.4373e-06,11.2065,-0.3,0,2
305099,bullet1,0,4.55149,-0.8,-6.99382e-08,1
305100,bullet4,8.80103,5.13903,0.8,0,1
305101,flyer3,16.5,10.8935,-0.235778,-0.185496,2
305102,flyer5,4.9032,8.12198,-0.28992,-0.0771133,2
305103,player,0.4,5.11583,0,0.0294936,1
305103,bullet6,12.8051,5.13533,0.8,0,1
305103,bullet3,0.8,5.11583,0.8,0,1
305105,bullet4,12.801,5.13903,0.8,0,1
305106,flyer3,15.3211,9.96602,-0.235778,-0.185496,2
305106,bullet2,1.28938,4.64839,0.8,0,1
305107,flyer5,3.45361,7.73641,-0.28992,-0.0771133,2
305108,player,0.650973,4.55105,-0.306745,-0.0302104,1
305108,bullet3,4.8,5.11583,0.8,0,1
305110,bullet5,0.850822,4.53133,0.8,0,1
305111,flyer3,14.1422,9.03854,-0.235778,-0.185496,2
305111,bullet2,5.28938,4.64839,0.8,0,1
305112,flyer5,2.00401,7.35085,-0.28992,-0.0771133,2
305113,player,0.4,4.52679,0,-0.000557468,1
305113,bullet3,8.8,5.11583,0.8,0,1
305113,bullet1,0.8,4.52679,0.8,0,1
305115,bullet5,4.85082,4.53133,0.8,0,1
305116,flyer3,12.9633,8.11106,-0.235778,-0.185496,2
305116,bullet2,9.28938,4.64839,0.8,0,1
305117,flyer5,0.554407,6.96528,-0.28992,-0.0771133,2
305118,player,0.4,5.08406,0,0.0683335,1
305118,bullet3,12.8,5.11583,0.8,0,1
305118,bullet1,4.8,4.52679,0.8,0,1
305120,bullet5,8.85082,4.53133,0.8,0,1
305121,flyer3,11.7844,7.18358,-0.235778,-0.185496,2
305121,bullet2,13.2894,4.64839,0.8,0,1
305123,player,0.4,5.13893,0,0.00126094,1
305123,bullet1,8.8,4.52679,0.8,0,1
305123,bullet6,0.8,5.13893,0.8,0,1
305125,bullet5,12.8508,4.53133,0.8,0,1
305126,flyer3,10.6056,6.2561,-0.235778,-0.185496,2
305126,bullet4,0,5.13987,-0.8,-6.99382e-08,1
305128,player,0.4,5.13995,0,2.3268e-05,1
305128,bullet1,12.8,4.52679,0.8,0,1
305128,bullet6,4.8,5.13893,0.8,0,1
305130,flyer4,16.5,11.2065,-0.288992,0.0805205,2
305130,bullet3,0.8,5.13996,0.8,0,1
305131,flyer3,9.42666,5.32862,-0.235778,-0.185496,2
305132,bullet2,0.8,5.13996,0.8,0,1
305133,player,0.4,5.13996,0,4.2936e-07,1
305133,bullet6,8.8,5.13893,0.8,0,1
305133,bullet4,0,5.13996,-0.8,-6.99382e-08,1
305135,flyer4,15.055,11.6091,-0.288992,0.0805205,2
305135,bullet3,4.8,5.13996,0.8,0,1
305136,flyer3,8.24777,4.40114,-0.235778,-0.185496,1
305136,bullet5,1.28938,5.13996,0.8,0,1
305137,bullet2,4.8,5.13996,0.8,0,1
305138,player,1.32597,5.47746,0.368255,0.3375,1
305140,flyer4,13.6101,12.0117,-0.288992,0.0805205,2
305140,bullet3,8.8,5.13996,0.8,0,1
305140,bullet1,1.96626,5.69768,0.8,0,1
305141,flyer3,7.06888,3.47366,-0.235778,-0.185496,1
305141,bullet5,5.28938,5.13996,0.8,0,1
305142,bullet2,8.8,5.13996,0.8,0,1
305143,player,1.62171,5.7485,0.00679533,0.00622782,1
305145,flyer4,12.1651,12.4143,-0.288992,0.0805205,2
305145,bullet3,12.8,5.13996,0.8,0,1
305145,bullet1,5.96626,5.69768,0.8,0,1
305146,flyer3,5.88999,2.54618,-0.235778,-0.185496,1
305146,bullet5,9.28938,5.13996,0.8,0,1
305147,bullet2,12.8,5.13996,0.8,0,1
305148,player,1.72627,6.091,-0.120995,0.337615,1
305150,flyer4,10.7202,12.8169,-0.288992,0.0805205,2
305150,bullet1,9.96626,5.69768,0.8,0,1
305151,flyer3,4.71111,1.6187,-0.235778,-0.185496,1
305151,bullet5,13.2894,5.13996,0.8,0,1
305153,player,2.21757,5.21594,0.028522,-0.0928685,1
305153,bullet6,1.81757,5.21594,-0.8,-6.99382e-08,1
305155,flyer4,9.2752,13.2195,-0.288992,0.0805205,2
305155,bullet1,13.9663,5.69768,0.8,0,1
305156,flyer3,3.53222,0.691225,-0.235778,-0.185496,1
305156,flyer6,16.5,10.8935,-0.299744,0.0124006,2
305158,player,2.82895,5.72983,0.031281,0.029041,1
305158,bullet4,3.22895,5.72983,0.8,0,1
305160,flyer4,7.83024,13.6221,-0.288992,0.0805205,2
305160,bullet3,3.24936,5.74878,0.8,0,1
305161,flyer3,2.35333,-0.236255,-0.235778,-0.185496,1
305161,flyer6,15.0013,10.9555,-0.299744,0.0124006,2
305163,player,3.74929,5.19544,0.406421,-0.0678079,1
305163,bullet4,7.22895,5.72983,0.8,0,1
305164,bullet2,4.33218,5.16492,0.8,0,1
305165,flyer4,6.38528,14.0247,-0.288992,0.0805205,2
305165,bullet3,7.24936,5.74878,0.8,0,1
305166,flyer6,13.5026,11.0175,-0.299744,0.0124006,2
305168,player,3.24881,5.63035,-0.481875,0.150624,1
305168,bullet4,11.229,5.72983,0.8,0,1
305169,bullet2,8.33218,5.16492,0.8,0,1
305170,flyer4,4.94032,14.4273,-0.288992,0.0805205,2
305170,bullet3,11.2494,5.74878,0.8,0,1
305170,bullet5,3.33438,5.72864,0.8,0,1
305171,flyer6,12.0038,11.0795,-0.299744,0.0124006,2
305173,player,2.86182,5.75132,-0.00889196,0.00277943,1
305173,bullet4,15.229,5.72983,0.8,0,1
305174,bullet2,12.3322,5.16492,0.8,0,1
305175,flyer4,3.49536,14.8299,-0.288992,0.0805205,2
305175,bullet3,15.2494,5.74878,0.8,0,1
305175,bullet5,7.33438,5.72864,0.8,0,1
305175,bullet6,2.76664,5.26376,0.8,0,1
305176,flyer6,10.5051,11.1415,-0.299744,0.0124006,2
305178,player,2.25237,5.64061,-0.0140037,0.138087,1
305178,bullet1,2.65237,5.64061,0.8,0,1
305179,bullet2,16.3322,5.16492,0.8,0,1
305180,flyer4,2.0504,15.2325,-0.288992,0.0805205,2
305180,bullet5,11.3344,5.72864,0.8,0,1
305180,bullet6,6.76664,5.26376,0.8,0,1
305181,flyer6,9.00641,11.2035,-0.299744,0.0124006,2
305183,player,1.65265,5.19379,-0.0310131,-0.0657957,1
305183,bullet1,6.65237,5.64061,0.8,0,1
305184,bullet4,2.03869,5.16418,0.8,0,1
305185,flyer4,0.605441,15.6351,-0.288992,0.0805205,2
305185,bullet5,15.3344,5.72864,0.8,0,1
305185,bullet6,10.7666,5.26376,0.8,0,1
305186,flyer6,7.50769,11.2655,-0.299744,0.0124006,2
305187,bullet3,2.58603,4.58444,0.8,0,1
305188,player,1.87871,4.21497,-0.307318,-0.369469,1
305188,bullet1,10.6524,5.64061,0.8,0,1
305189,bullet4,6.03869,5.16418,0.8,0,1
305190,bullet6,14.7666,5.26376,0.8,0,1
305191,flyer6,6.00897,11.3275,-0.299744,0.0124006,2
305192,bullet3,6.58603,4.58444,0.8,0,1
305193,player,2.18963,3.36054,0.0626729,-0.0751615,1
305193,bullet1,14.6524,5.64061,0.8,0,1
305194,bullet4,10.0387,5.16418,0.8,0,1
305194,bullet2,2.61783,3.32672,0.8,0,1
305196,flyer6,4.51025,11.3895,-0.299744,0.0124006,2
305197,bullet3,10.586,4.58444,0.8,0,1
305198,player,1.75059,3.78955,-0.150718,0.150488,1
305199,bullet4,14.0387,5.16418,0.8,0,1
305199,bullet2,6.61783,3.32672,0.8,0,1
305201,flyer6,3.01154,11.4515,-0.299744,0.0124006,2
305201,bullet5,2.03851,4.45918,0.8,0,1
305202,bullet3,14.586,4.58444,0.8,0,1
305202,bullet6,1.23233,4.4961,-0.8,-6.99382e-08,1
305203,player,1.62955,4.51272,-0.00278118,0.0166165,1
305204,bullet2,10.6178,3.32672,0.8,0,1
305205,flayer7,16.5,13.5264,-0.3,0,2
305206,flyer6,1.51282,11.5135,-0.299744,0.0124006,2
305206,bullet5,6.03851,4.45918,0.8,0,1
305208,player,1.1241,3.93759,-0.135011,-0.0304481,1
305208,bullet1,1.5241,3.93759,0.8,0,1
305209,bullet2,14.6178,3.32672,0.8,0,1
305210,flayer7,15,13.5264,-0.3,0,2
305210,bullet4,1.436,3.91772,0.8,0,1
305211,flyer6,0.0140992,11.5755,-0.299744,0.0124006,2
305211,bullet5,10.0385,4.45918,0.8,0,1
305212,bullet3,1.41816,3.9137,0.8,0,1
305213,player,1.01567,3.91314,-0.00249134,-0.000561853,1
305213,bullet1,5.5241,3.93759,0.8,0,1
305215,flayer7,13.5,13.5264,-0.3,0,2
305215,bullet4,5.436,3.91772,0.8,0,1
305216,bullet5,14.0385,4.45918,0.8,0,1
305217,bullet3,5.41816,3.9137,0.8,0,1
305218,player,1.01367,3.91269,-4.59722e-05,-1.03678e-05,1
305218,bullet1,9.5241,3.93759,0.8,0,1
305220,flayer7,12,13.5264,-0.3,0,2
305220,bullet4,9.436,3.91772,0.8,0,1
305222,bullet3,9.41816,3.9137,0.8,0,1
305223,player,1.01363,3.91268,-8.48316e-07,-1.91314e-07,1
305223,bullet1,13.5241,3.93759,0.8,0,1
305225,flayer7,10.5,13.5264,-0.3,0,2
305225,bullet4,13.436,3.91772,0.8,0,1
305227,flayer8,16.5,13.5264,-0.266853,-0.137076,2
305227,bullet3,13.4182,3.9137,0.8,0,1
305228,player,0.900696,2.82099,0.138035,-0.165715,1
305228,bullet6,1.3007,2.82099,0.8,0,1
305230,flayer7,9,13.5264,-0.3,0,2
305230,bullet2,1.39076,2.71286,0.8,0,1
305232,flayer8,15.1657,12.841,-0.266853,-0.137076,2
305233,player,0.522175,3.17729,-0.149328,0.148817,1
305233,bullet6,5.3007,2.82099,0.8,0,1
305234,bullet5,0.854977,3.24425,0.8,0,1
305235,flayer7,7.5,13.5264,-0.3,0,2
305235,bullet2,5.39076,2.71286,0.8,0,1
305237,flayer8,13.8315,12.1556,-0.266853,-0.137076,2
305238,player,1.4801,3.1977,0.179874,0.123866,1
305238,bullet6,9.3007,2.82099,0.8,0,1
305239,bullet5,4.85498,3.24425,0.8,0,1
305239,bullet1,1.96104,3.25344,0.8,0,1
305240,flayer7,5.99999,13.5264,-0.3,0,2
305240,bullet2,9.39076,2.71286,0.8,0,1
305242,flayer8,12.4972,11.4702,-0.266853,-0.137076,2
305243,player,1.13518,2.8078,-0.148556,-0.149589,1
305243,bullet6,13.3007,2.82099,0.8,0,1
305244,bullet5,8.85498,3.24425,0.8,0,1
305244,bullet1,5.96104,3.25344,0.8,0,1
305245,flayer7,4.49999,13.5264,-0.3,0,2
305245,bullet2,13.3908,2.71286,0.8,0,1
305247,flayer8,11.163,10.7848,-0.266853,-0.137076,2
305247,bullet4,1.41862,2.13271,0.8,0,1
305248,player,1.01588,2.09919,-0.00274127,-0.033515,1
305249,bullet5,12.855,3.24425,0.8,0,1
305249,bullet1,9.96104,3.25344,0.8,0,1
305250,flayer7,2.99999,13.5264,-0.3,0,2
305252,flayer8,9.82869,10.0995,-0.266853,-0.137076,2
305252,bullet4,5.41862,2.13271,0.8,0,1
305252,bullet3,1.31463,1.48442,0.8,0,1
305253,player,0.969081,1.46997,0.0544536,-0.0144581,1
305254,bullet1,13.961,3.25344,0.8,0,1
305255,flayer7,1.49999,13.5264,-0.3,0,2
305257,flayer8,8.49443,9.41409,-0.266853,-0.137076,2
305257,bullet4,9.41862,2.13271,0.8,0,1
305257,bullet3,5.31463,1.48442,0.8,0,1
305258,player,0.788249,0.4,-0.474531,0,1
305260,flayer7,-6.4373e-06,13.5264,-0.3,0,2
305262,flayer8,7.16017,8.72872,-0.266853,-0.137076,2
305262,flyer1,16.5,13.5264,-0.283287,-0.0987334,2
305262,bullet4,13.4186,2.13271,0.8,0,1
305262,bullet3,9.31463,1.48442,0.8,0,1
305262,bullet6,0.8,0.889375,0.8,0,1
305263,player,0.4,0.957719,0,0.0683438,1
305265,bullet2,0.8,1.49169,0.8,0,1
305267,flayer8,5.8259,8.04334,-0.266853,-0.137076,2
305267,flyer1,15.0836,13.0327,-0.283287,-0.0987334,2
305267,bullet3,13.3146,1.48442,0.8,0,1
305267,bullet6,4.8,0.889375,0.8,0,1
305267,bullet5,0.8,1.59982,0.8,0,1
305268,player,0.4,1.61492,0,0.0151007,1
305270,bullet2,4.8,1.49169,0.8,0,1
305272,flayer8,4.49164,7.35796,-0.266853,-0.137076,2
305272,flyer1,13.6671,12.539,-0.283287,-0.0987334,2
305272,bullet6,8.8,0.889375,0.8,0,1
305272,bullet5,4.8,1.59982,0.8,0,1
305272,bullet1,1.35772,1.62677,0.8,0,1
305273,player,0.988474,1.62705,0.0307547,0.000278651,1
305275,bullet2,8.8,1.49169,0.8,0,1
305277,flayer8,3.15738,6.67258,-0.266853,-0.137076,2
305277,flyer1,12.2507,12.0453,-0.283287,-0.0987334,2
305277,bullet6,12.8,0.889375,0.8,0,1
305277,bullet5,8.8,1.59982,0.8,0,1
305277,bullet1,5.35772,1.62677,0.8,0,1
305278,player,1.02701,2.81806,-0.0163476,0.0445994,1
305280,bullet2,12.8,1.49169,0.8,0,1
305282,flayer8,1.82312,5.9872,-0.266853,-0.137076,2
305282,flyer1,10.8343,11.5517,-0.283287,-0.0987334,2
305282,bullet5,12.8,1.59982,0.8,0,1
305282,bullet1,9.35772,1.62677,0.8,0,1
305282,bullet4,1.90356,3.34243,0.8,0,1
305283,player,1.5716,3.41159,0.0680421,0.0691667,1
305287,flayer8,0.488854,5.30182,-0.266853,-0.137076,2
305287,flyer1,9.41782,11.058,-0.283287,-0.0987334,2
305287,bullet1,13.3577,1.62677,0.8,0,1
305287,bullet4,5.90356,3.34243,0.8,0,1
305288,player,1.06853,3.46714,-0.0670882,0.00127632,1
305288,bullet3,1.46853,3.46714,0.8,0,1
305289,bullet6,1.43834,3.46771,0.8,0,1
305292,flyer1,8.00139,10.5643,-0.283287,-0.0987334,2
305292,bullet4,9.90356,3.34243,0.8,0,1
305293,player,1.57237,4.36338,0.0671058,0.405867,1
305293,bullet3,5.46853,3.46714,0.8,0,1
305294,bullet6,5.43834,3.46771,0.8,0,1
305297,flyer1,6.58495,10.0707,-0.283287,-0.0987334,2
305297,bullet4,13.9036,3.34243,0.8,0,1
305298,player,1.03779,4.72008,-0.0295164,-0.0300997,1
305298,bullet3,9.46853,3.46714,0.8,0,1
305298,bullet2,1.43779,4.72008,0.8,0,1
305299,bullet6,9.43834,3.46771,0.8,0,1
305302,flyer1,5.16851,9.577,-0.283287,-0.0987334,2
305303,player,0.4,5.743,-0,0.219663,1
305303,bullet3,13.4685,3.46714,0.8,0,1
305303,bullet2,5.43779,4.72008,0.8,0,1
305304,bullet6,13.4383,3.46771,0.8,0,1
305304,bullet5,0.8,5.84185,0.8,0,1
305307,flyer1,3.75208,9.08333,-0.283287,-0.0987334,2
305308,player,0.4,5.33094,0,-0.0267013,1
305308,flyer2,16.5,13.5264,-0.3,0,2
305308,bullet2,9.43779,4.72008,0.8,0,1
305308,bullet1,0.8,5.33094,0.8,0,1
305309,bullet5,4.8,5.84185,0.8,0,1
305309,bullet4,0.8,5.31892,0.8,0,1
305312,flyer1,2.33564,8.58966,-0.283287,-0.0987334,2
305313,player,0.4,5.30949,0,-0.000492714,1
305313,flyer2,15,13.5264,-0.3,0,2
305313,bullet2,13.4378,4.72008,0.8,0,1
305313,bullet1,4.8,5.33094,0.8,0,1
305314,bullet5,8.8,5.84185,0.8,0,1
305314,bullet4,4.8,5.31892,0.8,0,1
305317,flyer1,0.919203,8.09599,-0.283287,-0.0987334,2
305318,player,0.7375,5.30909,0.3375,-9.09195e-06,1
305318,flyer2,13.5,13.5264,-0.3,0,2
305318,bullet1,8.8,5.33094,0.8,0,1
305319,bullet5,12.8,5.84185,0.8,0,1
305319,bullet4,8.8,5.31892,0.8,0,1
305319,bullet3,1.28938,5.30909,0.8,0,1
305322,flyer1,-0.497234,7.60232,-0.283287,-0.0987334,2
305323,player,1.00854,5.30909,0.00622782,-1.67772e-07,1
305323,flyer2,12,13.5264,-0.3,0,2
305323,bullet1,12.8,5.33094,0.8,0,1
305324,bullet4,12.8,5.31892,0.8,0,1
305324,bullet3,5.28938,5.30909,0.8,0,1
305328,player,0.4,5.26449,0,0.0545041,1
305328,flyer2,10.5,13.5264,-0.3,0,2
305328,flyer5,16.5,13.5264,-0.3,0,2
305328,bullet6,0.8,5.26449,0.8,0,1
305329,bullet3,9.28938,5.30909,0.8,0,1
305329,bullet2,0.8,5.28902,0.8,0,1
305331,bullet5,0.8,5.30503,0.8,0,1
305333,player,0.4,5.30827,0,0.00100575,1
305333,flyer2,9,13.5264,-0.3,0,2
305333,flyer5,15,13.5264,-0.3,0,2
305333,bullet6,4.8,5.26449,0.8,0,1
305334,bullet3,13.2894,5.30909,0.8,0,1
305334,bullet2,4.8,5.28902,0.8,0,1
305336,bullet5,4.8,5.30503,0.8,0,1
305338,player,0.4,5.30908,0,1.8559e-05,1
305338,flyer2,7.5,13.5264,-0.3,0,2
305338,flyer5,13.5,13.5264,-0.3,0,2
305338,bullet6,8.8,5.26449,0.8,0,1
305338,bullet1,0.8,5.30908,0.8,0,1
305339,bullet2,8.8,5.28902,0.8,0,1
305341,bullet5,8.8,5.30503,0.8,0,1
305343,player,0.7375,4.70678,0.3375,-0.0138393,1
305343,flyer2,5.99999,13.5264,-0.3,0,2
305343,flyer5,12,13.5264,-0.3,0,2
305343,bullet6,12.8,5.26449,0.8,0,1
305343,bullet1,4.8,5.30908,0.8,0,1
305344,bullet2,12.8,5.28902,0.8,0,1
305346,bullet5,12.8,5.30503,0.8,0,1
305348,player,1.34604,5.25338,0.343728,0.0680884,1
305348,flyer2,4.49999,13.5264,-0.3,0,2
305348,flyer5,10.5,13.5264,-0.3,0,2
305348,bullet1,8.8,5.30908,0.8,0,1
305351,flyer3,16.5,1.87486,-0.3,0,2
305351,bullet4,2.00165,5.30402,0.8,0,1
305353,player,2.11146,4.81869,0.158218,-0.150619,1
305353,flyer2,2.99999,13.5264,-0.3,0,2
305353,flyer5,9,13.5264,-0.3,0,2
305353,bullet1,12.8,5.30908,0.8,0,1
305354,bullet3,2.58266,4.75091,0.8,0,1
305356,flyer3,15,1.87486,-0.3,0,2
305356,bullet4,6.00165,5.30402,0.8,0,1
305358,player,1.6808,4.69773,-0.0654242,-0.00277934,1
305358,flyer2,1.49999,13.5264,-0.3,0,2
305358,flyer5,7.5,13.5264,-0.3,0,2
305358,bullet6,2.0808,4.69773,0.8,0,1
305359,bullet3,6.58266,4.75091,0.8,0,1
305359,bullet2,2.05136,4.69648,0.8,0,1
305361,flyer3,13.5,1.87486,-0.3,0,2
305361,bullet4,10.0016,5.30402,0.8,0,1
305363,player,1.07054,4.6955,-0.069551,-5.12866e-05,1
305363,flyer2,-6.4373e-06,13.5264,-0.3,0,2
305363,flyer5,5.99999,13.5264,-0.3,0,2
305363,bullet6,6.0808,4.69773,0.8,0,1
305364,bullet3,10.5827,4.75091,0.8,0,1
305364,bullet2,6.05136,4.69648,0.8,0,1
305366,flyer3,12,1.87486,-0.3,0,2
305366,bullet4,14.0016,5.30402,0.8,0,1
305368,player,1.617,4.96027,0.0125562,-0.323661,1
305368,flyer5,4.49999,13.5264,-0.3,0,2
305368,bullet6,10.0808,4.69773,0.8,0,1
305369,bullet3,14.5827,4.75091,0.8,0,1
305369,bullet2,10.0514,4.69648,0.8,0,1
305369,bullet5,2.02265,4.81462,0.8,0,1
305371,flyer3,10.5,1.87486,-0.3,0,2
305372,bullet1,2.02685,4.70631,0.8,0,1
305373,player,1.62708,4.70034,0.000231697,-0.00597246,1
305373,flyer5,2.99999,13.5264,-0.3,0,2
305373,bullet6,14.0808,4.69773,0.8,0,1
305374,bullet2,14.0514,4.69648,0.8,0,1
305374,bullet5,6.02265,4.81462,0.8,0,1
305376,flyer3,9,1.87486,-0.3,0,2
305377,bullet1,6.02685,4.70631,0.8,0,1
305378,player,1.62727,4.09323,4.27546e-06,-0.0139498,1
305378,flyer5,1.49999,13.5264,-0.3,0,2
305379,bullet5,10.0226,4.81462,0.8,0,1
305381,flyer3,7.5,1.87486,-0.3,0,2
305382,bullet1,10.0269,4.70631,0.8,0,1
305382,bullet4,0.949423,4.08229,0.8,0,1
305383,player,0.46724,4.08203,-0.0821833,-0.000257413,1
305383,flyer5,-6.4373e-06,13.5264,-0.3,0,2
305384,bullet5,14.0227,4.81462,0.8,0,1
305386,flyer3,5.99999,1.87486,-0.3,0,2
305387,flyer4,16.5,1.87486,-0.3,0,2
305387,bullet1,14.0269,4.70631,0.8,0,1
305387,bullet4,4.94942,4.08229,0.8,0,1
305388,player,0.4,4.09566,0,-0.0169198,1
305388,bullet3,0.8,4.09566,0.8,0,1
305391,flyer3,4.49999,1.87486,-0.3,0,2
305392,flyer4,15,1.87486,-0.3,0,2
305392,bullet4,8.94942,4.08229,0.8,0,1
305393,player,0.4,4.03748,0,0.0541919,1
305393,bullet3,4.8,4.09566,0.8,0,1
305395,bullet6,0.8,4.07284,0.8,0,1
305396,flyer3,2.99999,1.87486,-0.3,0,2
305397,flyer4,13.5,1.87486,-0.3,0,2
305397,bullet4,12.9494,4.08229,0.8,0,1
305398,player,0.4,4.4185,0,0.3385,1
305398,bullet3,8.8,4.09566,0.8,0,1
305400,bullet6,4.8,4.07284,0.8,0,1
305401,flyer3,1.49999,1.87486,-0.3,0,2
305401,bullet2,0.8,4.67021,0.8,0,1
305402,flyer4,12,1.87486,-0.3,0,2
305403,player,0.889375,4.69034,0.151875,0.00624628,1
305403,bullet3,12.8,4.09566,0.8,0,1
305405,bullet6,8.8,4.07284,0.8,0,1
305405,bullet5,0.899099,4.20504,0.8,0,1
305406,flyer3,-6.4373e-06,1.87486,-0.3,0,2
305406,bullet2,4.8,4.67021,0.8,0,1
305407,flyer4,10.5,1.87486,-0.3,0,2
305408,player,0.898405,3.60367,0.140838,-0.165599,1
305408,bullet3,16.8,4.09566,0.8,0,1
305409,bullet1,1.36178,3.52915,0.8,0,1
305410,bullet6,12.8,4.07284,0.8,0,1
305410,bullet5,4.8991,4.20504,0.8,0,1
305411,bullet2,8.8,4.67021,0.8,0,1
305412,flyer4,9,1.87486,-0.3,0,2
305413,player,1.01151,3.47068,0.00259886,-0.00305577,1
305414,bullet1,5.36178,3.52915,0.8,0,1
305415,bullet5,8.8991,4.20504,0.8,0,1
305416,bullet2,12.8,4.67021,0.8,0,1
305417,flyer4,7.5,1.87486,-0.3,0,2
305417,bullet4,2.00202,3.43753,0.8,0,1
305418,player,1.95341,3.45439,0.351388,0.0168587,1
305419,bullet1,9.36178,3.52915,0.8,0,1
305420,bullet5,12.8991,4.20504,0.8,0,1
305422,flyer4,5.99999,1.87486,-0.3,0,2
305422,bullet4,6.00202,3.43753,0.8,0,1
305422,bullet3,2.13974,3.95699,0.8,0,1
305423,player,1.67788,4.02564,-0.0618597,0.0686548,1
305424,bullet1,13.3618,3.52915,0.8,0,1
305425,bullet6,2.5269,4.55982,0.8,0,1
305427,flyer4,4.49999,1.87486,-0.3,0,2
305427,bullet4,10.002,3.43753,0.8,0,1
305427,bullet3,6.13974,3.95699,0.8,0,1
305428,player,2.23052,4.68309,0.0126981,0.0151065,1
305428,bullet2,2.63052,4.68309,0.8,0,1
305430,bullet6,6.5269,4.55982,0.8,0,1
305432,flyer4,2.99999,1.87486,-0.3,0,2
305432,bullet4,14.002,3.43753,0.8,0,1
305432,bullet3,10.1397,3.95699,0.8,0,1
305433,player,2.14162,5.77307,0.121355,0.182908,1
305433,bullet2,6.63052,4.68309,0.8,0,1
305435,bullet6,10.5269,4.55982,0.8,0,1
305437,flyer4,1.49999,1.87486,-0.3,0,2
305437,bullet3,14.1397,3.95699,0.8,0,1
305437,bullet5,2.66759,5.32811,0.8,0,1
305438,player,2.25292,5.31765,-0.0146757,-0.0104644,1
305438,bullet2,10.6305,4.68309,0.8,0,1
305440,bullet6,14.5269,4.55982,0.8,0,1
305442,flyer4,-6.4373e-06,1.87486,-0.3,0,2
305442,bullet5,6.66759,5.32811,0.8,0,1
305442,bullet1,2.15203,4.82007,0.8,0,1
305443,player,1.68341,4.75153,-0.0686146,-0.0685368,1
305443,bullet2,14.6305,4.68309,0.8,0,1
305444,flyer6,16.5,1.87486,-0.25704,-0.154694,2
305445,bullet4,2.03864,5.19618,0.8,0,1
305447,bullet5,10.6676,5.32811,0.8,0,1
305447,bullet1,6.15203,4.82007,0.8,0,1
305448,player,1.13893,5.2988,-0.153141,0.0125749,1
305448,bullet3,1.53893,5.2988,0.8,0,1
305449,flyer6,15.2148,1.10139,-0.25704,-0.154694,2
305450,bullet4,6.03864,5.19618,0.8,0,1
305452,bullet5,14.6676,5.32811,0.8,0,1
305452,bullet1,10.152,4.82007,0.8,0,1
305453,player,0.526574,5.79828,-0.154701,0.152107,1
305453,bullet3,5.53894,5.2988,0.8,0,1
305454,flyer6,13.9296,0.32792,-0.25704,-0.154694,2
305455,bullet4,10.0386,5.19618,0.8,0,1
305457,bullet1,14.152,4.82007,0.8,0,1
305458,player,0.402337,5.92043,-0.00285467,0.0028068,1
305458,bullet3,9.53894,5.2988,0.8,0,1
305459,flyer6,12.6444,-0.445551,-0.25704,-0.154694,2
305460,flayer7,16.5,4.45035,-0.296554,0.0453393,2
305460,bullet4,14.0386,5.19618,0.8,0,1
305461,flayer8,16.5,4.45035,-0.299977,0.00374749,2
305461,bullet6,1.35793,6.48024,0.8,0,1
305462,bullet2,1.38857,6.51111,0.8,0,1
305463,player,1.00236,6.525,0.0137869,0.0138914,1
305463,bullet3,13.5389,5.2988,0.8,0,1
305465,flayer7,15.0172,4.67705,-0.296554,0.0453393,2
305466,bullet6,5.35793,6.48024,0.8,0,1
305467,bullet2,5.38857,6.51111,0.8,0,1
305467,bullet5,1.38242,6.56665,0.8,0,1
305468,player,0.99959,6.54999,0.0171695,-0.0166587,1
305470,flayer7,13.5345,4.90375,-0.296554,0.0453393,2
305471,bullet6,9.35793,6.48024,0.8,0,1
305471,bullet1,0.854639,6.53761,0.8,0,1
305472,bullet2,9.38857,6.51111,0.8,0,1
305472,bullet5,5.38242,6.56665,0.8,0,1
305473,player,0.411065,6.04724,-0.0135228,-0.152182,1
305475,flayer7,12.0517,5.13044,-0.296554,0.0453393,2
305476,bullet6,13.3579,6.48024,0.8,0,1
305476,bullet1,4.85464,6.53761,0.8,0,1
305477,bullet2,13.3886,6.51111,0.8,0,1
305477,bullet5,9.38242,6.56665,0.8,0,1
305478,player,0.400205,5.92503,-0.000249533,-0.00280819,1
305480,flayer7,10.5689,5.35714,-0.296554,0.0453393,2
305481,flyer1,16.5,4.45035,-0.3,0,2
305481,bullet1,8.85464,6.53761,0.8,0,1
305481,bullet4,0.80002,5.92294,0.8,0,1
305482,bullet5,13.3824,6.56665,0.8,0,1
305483,player,0.4,6.41215,0,0.151823,1
305485,flayer7,9.08614,5.58383,-0.296554,0.0453393,2
305486,flyer1,15,4.45035,-0.3,0,2
305486,bullet1,12.8546,6.53761,0.8,0,1
305486,bullet4,4.80002,5.92294,0.8,0,1
305488,player,0.499099,6.05854,-0.12112,-0.165989,1
305488,bullet3,0.899099,6.05854,0.8,0,1
305490,flayer7,7.60336,5.81053,-0.296554,0.0453393,1
305491,flyer1,13.5,4.45035,-0.3,0,2
305492,bullet6,0.8,5.43892,0.8,0,1
305493,player,0.4,5.36751,0,-0.0714067,1
305493,bullet3,4.8991,6.05854,0.8,0,1
305496,flyer1,12,4.45035,-0.3,0,2
305497,bullet6,4.8,5.43892,0.8,0,1
305498,player,0.889375,4.3842,0.151875,-0.369572,1
305499,flyer2,16.5,5.27203,-0.3,0,2
305500,flyer5,16.5,4.45035,-0.29962,0.0150915,2
305501,flyer1,10.5,4.45035,-0.3,0,2
305502,bullet6,8.8,5.43892,0.8,0,1
305502,bullet2,0.850822,3.5365,0.8,0,1
305503,player,0.42287,3.49892,-0.0279522,-0.0375743,1
305504,flyer2,15,5.27203,-0.3,0,2
305504,bullet5,0.810292,3.48202,0.8,0,1
305505,flyer5,15.0019,4.52581,-0.29962,0.0150915,2
305506,flyer1,9,4.45035,-0.3,0,2
305507,bullet6,12.8,5.43892,0.8,0,1
305507,bullet2,4.85082,3.5365,0.8,0,1
305508,player,0.4,2.7284,-0,0.154177,1
305509,flyer2,13.5,5.27203,-0.3,0,2
305509,bullet5,4.81029,3.48202,0.8,0,1
305510,flyer5,13.5038,4.60127,-0.29962,0.0150915,1
305511,flyer1,7.5,4.45035,-0.3,0,2
305512,bullet2,8.85082,3.5365,0.8,0,1
305513,player,0.4,2.95131,0,-0.118275,1
305513,bullet4,0.8,2.95131,0.8,0,1
305514,flyer2,12,5.27203,-0.3,0,2
305514,bullet5,8.81029,3.48202,0.8,0,1
305515,flyer5,12.0057,4.67673,-0.29962,0.0150915,1
305515,bullet1,0.8,2.87414,0.8,0,1
305516,flyer1,5.99999,4.45035,-0.3,0,2
305517,bullet2,12.8508,3.5365,0.8,0,1
305518,player,0.4,2.85633,0,-0.00218251,1
305518,bullet4,4.8,2.95131,0.8,0,1
305519,flyer2,10.5,5.27203,-0.3,0,2
305519,bullet5,12.8103,3.48202,0.8,0,1
305520,flyer5,10.5076,4.75218,-0.29962,0.0150915,1
305520,bullet1,4.8,2.87414,0.8,0,1
305521,flyer1,4.49999,4.45035,-0.3,0,2
305523,player,0.889375,2.3652,0.151875,-0.151915,1
305523,bullet4,8.8,2.95131,0.8,0,1
305524,flyer2,9,5.27203,-0.3,0,2
305524,bullet3,1.35772,2.29684,0.8,0,1
305525,flyer5,9.00949,4.82764,-0.29962,0.0150915,1
305525,bullet1,8.8,2.87414,0.8,0,1
305526,flyer1,2.99999,4.45035,-0.3,0,2
305526,bullet6,1.40231,2.25223,0.8,0,1
305528,player,0.521969,2.73258,-0.149072,0.149072,1
305528,bullet4,12.8,2.95131,0.8,0,1
305529,flyer2,7.5,5.27203,-0.3,0,2
305529,bullet3,5.35772,2.29684,0.8,0,1
305530,flyer5,7.51138,4.9031,-0.29962,0.0150915,1
305530,bullet1,12.8,2.87414,0.8,0,1
305531,flyer1,1.49999,4.45035,-0.3,0,2
305531,bullet6,5.40231,2.25223,0.8,0,1
305533,player,0.402251,2.62773,-0.00275081,-0.472785,1
305534,flyer2,5.99999,5.27203,-0.3,0,2
305534,bullet3,9.35772,2.29684,0.8,0,1
305535,flyer5,6.01328,4.97855,-0.29962,0.0150915,1
305535,bullet2,0.800456,2.31924,0.8,0,1
305535,finish,18.9485,8,-0.2,0,1
305536,flyer1,-6.4373e-06,4.45035,-0.3,0,2
305536,bullet6,9.40231,2.25223,0.8,0,1
305537,bullet5,0.800093,2.25677,0.8,0,1
305538,player,0.400042,2.24804,-5.07601e-05,-0.00872421,1
305539,flyer2,4.49999,5.27203,-0.3,0,2
305539,bullet3,13.3577,2.29684,0.8,0,1
305540,flyer5,4.51518,5.05401,-0.29962,0.0150915,1
305540,bullet2,4.80046,2.31924,0.8,0,1
305540,finish,17.9485,8,-0.2,0,1
305541,bullet6,13.4023,2.25223,0.8,0,1
305542,bullet5,4.80009,2.25677,0.8,0,1
305543,player,0.499099,2.24104,-0.121121,-0.000160986,1
305543,bullet4,0.899099,2.24104,0.8,0,1
305544,flyer2,2.99999,5.27203,-0.3,0,2
305545,flyer5,3.01708,5.12947,-0.29962,0.0150915,1
305545,bullet2,8.80046,2.31924,0.8,0,1
305545,finish,16.9485,8,-0.2,0,1
305545,bullet1,0.820068,2.24093,0.8,0,1
305547,bullet5,8.80009,2.25677,0.8,0,1
305548,player,0.401829,1.41403,-0.00223503,-0.489378,1
305548,bullet4,4.8991,2.24104,0.8,0,1
305549,flyer2,1.49999,5.27203,-0.3,0,2
305550,flyer5,1.51898,5.20493,-0.29962,0.0150915,1
305550,bullet2,12.8005,2.31924,0.8,0,1
305550,finish,15.9485,8,-0.2,0,1
305550,bullet1,4.82007,2.24093,0.8,0,1
305552,bullet5,12.8001,2.25677,0.8,0,1
305553,player,0.400034,1.02102,-4.12426e-05,-0.0090304,1
305553,bullet4,8.8991,2.24104,0.8,0,1
305554,flyer2,-6.4373e-06,5.27203,-0.3,0,2
305555,flyer5,0.0208792,5.28038,-0.29962,0.0150915,1
305555,finish,14.9485,8,-0.2,0,1
305555,bullet1,8.82007,2.24093,0.8,0,1
305555,bullet3,0.800007,1.01513,0.8,0,1
305557,bullet5,16.8001,2.25677,0.8,0,1
305558,player,0.400001,1.01377,-7.61041e-07,-0.000166636,1
305558,bullet4,12.8991,2.24104,0.8,0,1
305558,bullet6,0.800001,1.01377,0.8,0,1
305560,finish,13.9485,8,-0.2,0,1
305560,bullet1,12.8201,2.24093,0.8,0,1
305560,bullet3,4.80001,1.01513,0.8,0,1
305563,player,0.4,1.01364,-1.40433e-08,-3.07491e-06,1
305563,bullet6,4.8,1.01377,0.8,0,1
305564,bullet2,0.8,1.01364,0.8,0,1
305565,finish,12.9485,8,-0.2,0,1
305565,bullet3,8.80001,1.01513,0.8,0,1
305568,player,0.889375,1.11273,0.151875,-0.12112,1
305568,bullet6,8.8,1.01377,0.8,0,1
305569,bullet2,4.8,1.01364,0.8,0,1
305570,finish,11.9485,8,-0.2,0,1
305570,bullet3,12.8,1.01513,0.8,0,1
305573,player,0.4,2.10715,0,0.16348,1
305573,bullet6,12.8,1.01377,0.8,0,1
305573,bullet5,0.8,2.10715,0.8,0,1
305574,bullet2,8.8,1.01364,0.8,0,1
305575,finish,10.9485,8,-0.2,0,1
305576,bullet4,0.8,2.22872,0.8,0,1
305578,player,0.4,2.23844,0,0.00301666,1
305578,bullet5,4.8,2.10715,0.8,0,1
305579,bullet2,12.8,1.01364,0.8,0,1
305580,finish,9.9485,8,-0.2,0,1
305580,bullet1,0.8,2.24041,0.8,0,1
305581,bullet4,4.8,2.22872,0.8,0,1
305583,player,0.4,2.24086,0,5.56658e-05,1
305583,bullet5,8.8,2.10715,0.8,0,1
305584,bullet3,0.8,2.24089,0.8,0,1
305585,finish,8.94851,8,-0.2,0,1
305585,bullet1,4.8,2.24041,0.8,0,1
305586,bullet4,8.8,2.22872,0.8,0,1
305588,player,0.4,3.31875,0,0.182631,1
305588,bullet5,12.8,2.10715,0.8,0,1
305589,bullet3,4.8,2.24089,0.8,0,1
305590,finish,7.94851,8,-0.2,0,1
305590,bullet1,8.8,2.24041,0.8,0,1
305591,bullet4,12.8,2.22872,0.8,0,1
305593,player,0.4,3.46542,0,0.00337005,1
305593,bullet6,0.8,3.46542,0.8,0,1
305594,bullet3,8.8,2.24089,0.8,0,1
305595,finish,6.94851,8,-0.2,0,1
305595,bullet1,12.8,2.24041,0.8,0,1
305598,player,0.889375,3.46813,0.151875,6.21869e-05,1
305598,bullet6,4.8,3.46542,0.8,0,1
305599,bullet3,12.8,2.24089,0.8,0,1
305600,flyer3,16.5,5.27203,-0.3,0,2
305600,finish,5.94851,8,-0.2,0,1
305603,player,0.76037,3.46818,0.309548,1.14752e-06,1
305603,bullet6,8.8,3.46542,0.8,0,1
305604,flyer4,16.5,4.45035,-0.257593,0.153772,2
305605,flyer3,15,5.27203,-0.3,0,2
305605,finish,4.94851,8,-0.2,0,1
305608,player,1.00896,3.46818,0.00571203,2.1175e-08,1
305608,bullet6,12.8,3.46542,0.8,0,1
305608,bullet2,1.40896,3.46818,0.8,0,1
