510886,player,9.17327,5.529,0,0,1
510886,bullet1,8.77327,5.529,-0.8,-6.99382e-08,1
510891,player,8.61555,5.529,-0.0683438,0,1
510891,bullet1,4.77327,5.529,-0.8,-6.99382e-08,1
510893,bullet2,9.46033,6.01838,0.8,0,1
510895,bullet3,9.5504,6.11748,0.8,0,1
510896,player,9.16297,6.13131,0.0125785,0.0138396,1
510896,bullet1,0.773274,5.529,-0.8,-6.99382e-08,1
510896,bullet4,9.56297,6.13131,0.8,0,1
510898,bullet2,13.4603,6.01838,0.8,0,1
510899,flyer1,16.5,5.98076,-0.3,0,2
510900,bullet3,13.5504,6.11748,0.8,0,1
510900,bullet5,9.08347,6.14217,0.8,0,1
510901,player,8.61536,6.14243,-0.0681116,0.00025538,1
510901,bullet4,13.563,6.13131,0.8,0,1
510902,bullet6,8.98471,6.14254,0.8,0,1
510903,bullet1,8.97091,6.14259,0.8,0,1
510905,bullet5,13.0835,6.14217,0.8,0,1
510906,player,8.56066,6.96951,-0.00125685,0.48938,1
510907,bullet6,12.9847,6.14254,0.8,0,1
510908,flyer2,16.5,5.98076,-0.215827,-0.208372,2
510908,bullet1,12.9709,6.14259,0.8,0,1
510909,flyer3,16.5,4.2875,-0.277042,0.115099,2
510910,bullet2,8.4703,7.35349,0.8,0,1
510911,player,8.00193,7.36252,-0.0683669,0.00903043,1
510913,bullet3,7.86794,7.85779,0.8,0,1
510914,flyer3,15.1148,4.863,-0.277042,0.115099,2
510915,bullet2,12.4703,7.35349,0.8,0,1
510915,bullet4,7.75981,7.95808,0.8,0,1
510916,player,7.68221,7.97209,0.322399,0.0140062,1
510918,bullet3,11.8679,7.85779,0.8,0,1
510918,bullet5,8.29258,7.98122,0.8,0,1
510919,flyer3,13.7296,5.43849,-0.277042,0.115099,2
510920,bullet4,11.7598,7.95808,0.8,0,1
510921,player,7.94112,7.98333,0.00594917,0.000258455,1
510923,bullet3,15.8679,7.85779,0.8,0,1
510923,bullet5,12.2926,7.98122,0.8,0,1
510924,flyer3,12.3444,6.01398,-0.277042,0.115099,2
510924,flyer4,16.5,4.2875,-0.3,0,2
510925,bullet4,15.7598,7.95808,0.8,0,1
510926,player,7.49546,7.39507,-0.199355,-0.0307499,1
510926,flyer5,16.5,4.2875,-0.297796,0.0362954,2
510928,bullet5,16.2926,7.98122,0.8,0,1
510929,flyer3,10.9592,6.58948,-0.277042,0.115099,2
510929,flyer4,15,4.2875,-0.3,0,2
510929,flyer6,16.5,4.2875,-0.3,0,2
510931,player,7.08439,6.47515,0.303067,-0.406411,1
510931,flyer5,15.011,4.46898,-0.297796,0.0362954,2
510934,flyer3,9.57394,7.16497,-0.277042,0.115099,2
510934,flyer4,13.5,4.2875,-0.3,0,2
510934,flyer6,15,4.2875,-0.3,0,2
510934,bullet6,7.22038,5.68356,0.8,0,1
510936,player,6.7393,5.5603,-0.0251623,-0.0382541,1
510936,flyer5,13.522,4.65045,-0.297796,0.0362954,2
510936,bullet1,7.1393,5.5603,0.8,0,1
510939,flyer3,8.18873,7.74047,-0.277042,0.115099,2
510939,flyer4,12,4.2875,-0.3,0,2
510939,flyer6,13.5,4.2875,-0.3,0,2
510939,bullet6,11.2204,5.68356,0.8,0,1
510941,player,6.13062,4.45173,-0.031219,-0.183336,1
510941,flyer5,12.0331,4.83193,-0.297796,0.0362954,0
510941,bullet2,6.53062,4.45173,0.8,0,1
510944,flyer3,6.80352,8.31596,-0.277042,0.115099,2
510944,flyer4,10.5,4.2875,-0.3,0,2
510944,flyer6,12,4.2875,-0.3,0,2
510945,bullet3,7.06385,4.30788,0.8,0,1
510946,player,7.03153,4.3045,0.367679,-0.00338306,1
510948,bullet4,7.67144,4.30229,0.8,0,1
510949,flyer3,5.41831,8.89146,-0.277042,0.115099,2
510949,flyer6,10.5,4.2875,-0.3,0,2
510950,bullet5,7.72002,4.30184,0.8,0,1
510951,player,7.3268,4.30178,0.0067847,-6.24269e-05,1
510952,bullet6,7.72986,4.30175,0.8,0,1
510954,flyer3,4.0331,9.46695,-0.277042,0.115099,2
510956,player,6.50538,4.30173,-0.48925,-1.15195e-06,1
510957,flayer7,16.5,14.1622,-0.273875,0.122444,2
510957,bullet6,11.7299,4.30175,0.8,0,1
510958,flayer8,16.5,14.1622,-0.3,0,2
510959,flyer3,2.64789,10.0424,-0.277042,0.115099,2
510961,player,5.52399,3.81235,-0.0397827,-0.151875,1
510962,flayer7,15.1306,14.7745,-0.273875,0.122444,2
510962,bullet6,15.7299,4.30175,0.8,0,1
510963,flayer8,15,14.1622,-0.3,0,2
510963,flyer1,16.5,14.1622,-0.3,0,2
510964,flyer3,1.26268,10.6179,-0.277042,0.115099,2
510965,bullet1,5.89278,3.13547,0.8,0,1
510966,player,5.15454,2.76441,-0.338234,-0.371057,1
510967,flayer7,13.7612,15.3867,-0.273875,0.122444,2
510968,flayer8,13.5,14.1622,-0.3,0,2
510968,flyer1,15,14.1622,-0.3,0,2
510969,flyer3,-0.122529,11.1934,-0.277042,0.115099,2
510970,bullet1,9.89278,3.13547,0.8,0,1
510970,bullet2,4.73143,2.47327,0.8,0,1
510971,player,4.29444,2.46642,-0.0369961,-0.00684705,1
510972,flayer7,12.3919,15.9989,-0.273875,0.122444,2
510973,flayer8,12,14.1622,-0.3,0,2
510973,flyer1,13.5,14.1622,-0.3,0,2
510973,bullet3,5.15967,1.97258,0.8,0,1
510975,bullet1,13.8928,3.13547,0.8,0,1
510975,bullet2,8.73143,2.47327,0.8,0,1
510975,bullet4,5.25388,1.87257,0.8,0,1
510976,player,4.86704,1.85861,0.0131569,-0.013966,1
510978,flayer8,10.5,14.1622,-0.3,0,2
510978,flyer1,12,14.1622,-0.3,0,2
510978,bullet3,9.15967,1.97258,0.8,0,1
510980,bullet2,12.7314,2.47327,0.8,0,1
510980,bullet4,9.25388,1.87257,0.8,0,1
510981,player,5.36698,2.33677,0.152118,0.151617,1
510983,flayer8,9,14.1622,-0.3,0,2
510983,flyer1,10.5,14.1622,-0.3,0,2
510983,bullet3,13.1597,1.97258,0.8,0,1
510985,bullet4,13.2539,1.87257,0.8,0,1
510986,player,4.98593,2.35943,-0.132153,0.123918,1
510986,bullet5,5.38593,2.35943,0.8,0,1
510988,flayer8,7.5,14.1622,-0.3,0,2
510988,flyer1,9,14.1622,-0.3,0,2
510989,flyer2,16.5,13.9104,-0.3,0,2
510991,player,3.83271,1.41185,-0.222657,-0.217932,1
510991,bullet5,9.38593,2.35943,0.8,0,1
510993,flayer8,5.99999,14.1622,-0.3,0,2
510993,flyer1,7.5,14.1622,-0.3,0,2
510993,bullet6,4.5768,1.75903,0.8,0,1
510994,flyer2,15,13.9104,-0.3,0,2
510996,player,4.25621,1.83915,0.00973096,0.00981815,1
510996,bullet5,13.3859,2.35943,0.8,0,1
510996,bullet1,4.65621,1.83915,0.8,0,1
510998,flayer8,4.49999,14.1622,-0.3,0,2
510998,flyer1,5.99999,14.1622,-0.3,0,2
510998,bullet6,8.5768,1.75903,0.8,0,1
510999,flyer2,13.5,13.9104,-0.3,0,2
510999,bullet2,4.10572,2.40417,0.8,0,1
511001,player,3.17233,2.44935,-0.165535,0.0140208,1
511001,bullet1,8.65621,1.83915,0.8,0,1
511002,bullet3,3.49784,2.45565,0.8,0,1
511003,flayer8,2.99999,14.1622,-0.3,0,2
511003,flyer1,4.49999,14.1622,-0.3,0,2
511003,bullet6,12.5768,1.75903,0.8,0,1
511004,flyer2,12,13.9104,-0.3,0,2
511004,bullet2,8.10573,2.40417,0.8,0,1
511006,player,3.19127,2.46061,-0.18868,0.000258723,1
511006,bullet1,12.6562,1.83915,0.8,0,1
511007,bullet3,7.49784,2.45565,0.8,0,1
511008,flayer8,1.49999,14.1622,-0.3,0,2
511008,flyer1,2.99999,14.1622,-0.3,0,2
511009,flyer2,10.5,13.9104,-0.3,0,2
511009,bullet2,12.1057,2.40417,0.8,0,1
511011,player,3.03974,2.39247,-0.00348167,0.083536,1
511012,bullet3,11.4978,2.45565,0.8,0,1
511013,flayer8,-6.4373e-06,14.1622,-0.3,0,2
511013,flyer1,1.49999,14.1622,-0.3,0,2
511014,flyer2,9,13.9104,-0.3,0,2
511014,bullet2,16.1057,2.40417,0.8,0,1
511015,flyer5,16.5,13.9104,-0.269576,-0.131638,2
511016,player,2.47923,2.57249,-0.068408,-0.136494,1
511017,bullet3,15.4978,2.45565,0.8,0,1
511017,bullet4,2.84845,2.51107,0.8,0,1
511018,flyer1,-6.4373e-06,14.1622,-0.3,0,2
511019,flyer2,7.5,13.9104,-0.3,0,2
511019,bullet5,2.82836,2.47099,0.8,0,1
511020,flyer5,15.1521,13.2522,-0.269576,-0.131638,2
511021,player,2.42429,1.9735,-0.00126232,-0.154394,1
511022,bullet4,6.84845,2.51107,0.8,0,1
511022,bullet6,2.82372,1.90403,0.8,0,1
511024,flyer2,5.99999,13.9104,-0.3,0,2
511024,bullet5,6.82836,2.47099,0.8,0,1
511025,flyer5,13.8042,12.594,-0.269576,-0.131638,2
511026,player,2.42328,1.84951,-2.32934e-05,-0.002849,1
511027,bullet4,10.8484,2.51107,0.8,0,1
511027,bullet6,6.82372,1.90403,0.8,0,1
511027,bullet1,2.82327,1.84823,0.8,0,1
511029,flyer2,4.49999,13.9104,-0.3,0,2
511029,bullet5,10.8284,2.47099,0.8,0,1
511030,flyer5,12.4564,11.9358,-0.269576,-0.131638,2
511031,player,2.42326,1.84722,-4.29828e-07,-5.2572e-05,1
511032,bullet4,14.8484,2.51107,0.8,0,1
511032,bullet6,10.8237,1.90403,0.8,0,1
511032,bullet1,6.82327,1.84823,0.8,0,1
511034,flyer2,2.99999,13.9104,-0.3,0,2
511034,bullet5,14.8284,2.47099,0.8,0,1
511035,flyer5,11.1085,11.2777,-0.269576,-0.131638,2
511035,bullet2,3.41173,1.84718,0.8,0,1
511036,player,3.02557,1.84718,0.0138396,-9.70101e-07,1
511037,bullet6,14.8237,1.90403,0.8,0,1
511037,bullet1,10.8233,1.84823,0.8,0,1
511037,bullet3,3.4318,1.84718,0.8,0,1
511039,flyer2,1.49999,13.9104,-0.3,0,2
511040,flyer5,9.7606,10.6195,-0.269576,-0.131638,2
511040,bullet2,7.41173,1.84718,0.8,0,1
511040,bullet4,3.43643,1.84718,0.8,0,1
511041,player,3.03669,1.84718,0.00025538,-1.79011e-08,1
511042,bullet1,14.8233,1.84823,0.8,0,1
511042,bullet3,7.4318,1.84718,0.8,0,1
511044,flyer2,-6.4373e-06,13.9104,-0.3,0,2
511045,flyer5,8.41272,9.96127,-0.269576,-0.131638,2
511045,bullet2,11.4117,1.84718,0.8,0,1
511045,bullet4,7.43643,1.84718,0.8,0,1
511045,bullet5,3.43689,2.4049,0.8,0,1
511046,player,3.03689,2.43565,4.71247e-06,0.0307547,1
511047,bullet3,11.4318,1.84718,0.8,0,1
511050,flyer5,7.06484,9.30307,-0.269576,-0.131638,2
511050,bullet2,15.4117,1.84718,0.8,0,1
511050,bullet4,11.4364,1.84718,0.8,0,1
511050,bullet5,7.43689,2.4049,0.8,0,1
511051,player,2.54752,1.97098,-0.151875,-0.151307,1
511052,bullet3,15.4318,1.84718,0.8,0,1
511052,bullet6,2.87918,1.90289,0.8,0,1
511054,bullet1,2.83458,1.85846,0.8,0,1
511055,flyer5,5.71696,8.64488,-0.269576,-0.131638,2
511055,bullet4,15.4364,1.84718,0.8,0,1
511055,bullet5,11.4369,2.4049,0.8,0,1
511056,player,2.42555,2.33884,-0.00280252,0.149083,1
511057,bullet6,6.87918,1.90289,0.8,0,1
511057,bullet2,2.82429,2.40593,0.8,0,1
511059,bullet1,6.83458,1.85846,0.8,0,1
511060,flyer5,4.36908,7.98669,-0.269576,-0.131638,2
511060,bullet5,15.4369,2.4049,0.8,0,1
511061,player,2.7608,1.53259,0.337448,-0.365504,1
511062,bullet6,10.8792,1.90289,0.8,0,1
511062,bullet2,6.82429,2.40593,0.8,0,1
511064,bullet1,10.8346,1.85846,0.8,0,1
511064,bullet3,3.41174,1.81851,0.8,0,1
511065,flyer5,3.02119,7.3285,-0.269576,-0.131638,2
511066,player,3.0318,1.84137,0.00622687,0.00709504,1
511067,bullet6,14.8792,1.90289,0.8,0,1
511067,bullet2,10.8243,2.40593,0.8,0,1
511069,bullet1,14.8346,1.85846,0.8,0,1
511069,bullet3,7.41174,1.81851,0.8,0,1
511070,flyer5,1.67331,6.6703,-0.269576,-0.131638,2
511071,player,3.05064,3.03786,-0.0168002,0.0447252,1
511071,flyer4,16.5,13.9104,-0.294684,-0.0562249,2
511071,bullet4,3.45064,3.03786,0.8,0,1
511072,bullet2,14.8243,2.40593,0.8,0,1
511074,bullet3,11.4117,1.81851,0.8,0,1
511074,bullet5,3.99587,3.62884,0.8,0,1
511075,flyer5,0.325432,6.01211,-0.269576,-0.131638,2
511076,player,3.15009,4.16546,-0.138345,0.16654,1
511076,flyer4,15.0266,13.6293,-0.294684,-0.0562249,2
511076,bullet4,7.45064,3.03786,0.8,0,1
511077,bullet6,3.48783,4.24041,0.8,0,1
511079,bullet3,15.4117,1.81851,0.8,0,1
511079,bullet5,7.99587,3.62884,0.8,0,1
511081,player,2.54961,4.20011,-0.154428,0.124193,1
511081,flyer4,13.5532,13.3482,-0.294684,-0.0562249,2
511081,bullet4,11.4506,3.03786,0.8,0,1
511081,bullet1,2.94961,4.20011,0.8,0,1
511082,bullet6,7.48783,4.24041,0.8,0,1
511084,bullet5,11.9959,3.62884,0.8,0,1
511086,player,3.01407,4.39895,0.0279051,-0.118829,1
511086,flyer4,12.0797,13.067,-0.294684,-0.0562249,2
511086,bullet4,15.4506,3.03786,0.8,0,1
511086,bullet1,6.94961,4.20011,0.8,0,1
511087,bullet6,11.4878,4.24041,0.8,0,1
511088,bullet2,3.43227,3.83204,0.8,0,1
511089,bullet5,15.9959,3.62884,0.8,0,1
511091,player,3.37397,3.70121,0.338015,-0.0160323,1
511091,flyer4,10.6063,12.7859,-0.294684,-0.0562249,2
511091,bullet1,10.9496,4.20011,0.8,0,1
511092,bullet6,15.4878,4.24041,0.8,0,1
511093,bullet2,7.43227,3.83204,0.8,0,1
511094,flyer6,16.5,10.492,-0.3,0,2
511096,player,3.15605,4.73543,-0.145638,0.219923,1
511096,flyer4,9.13289,12.5048,-0.294684,-0.0562249,2
511096,bullet1,14.9496,4.20011,0.8,0,1
511098,flyer3,16.5,10.492,-0.225626,0.197719,2
511098,bullet2,11.4323,3.83204,0.8,0,1
511099,flyer6,15,10.492,-0.3,0,2
511100,bullet3,3.44178,4.93874,0.8,0,1
511101,player,3.0391,5.26339,-0.00268742,0.324643,1
511101,flyer4,7.65947,12.2237,-0.294684,-0.0562249,2
511103,flyer3,15.3719,11.4806,-0.225626,0.197719,2
511103,bullet2,15.4323,3.83204,0.8,0,1
511103,bullet4,3.43734,5.47522,0.8,0,1
511104,flyer6,13.5,10.492,-0.3,0,2
511105,bullet3,7.44178,4.93874,0.8,0,1
511106,player,3.03694,6.01348,-4.95905e-05,0.157866,1
511106,flyer4,6.18605,11.9426,-0.294684,-0.0562249,2
511107,bullet5,3.43691,6.08452,0.8,0,1
511108,flyer3,14.2437,12.4692,-0.225626,0.197719,2
511108,bullet4,7.43734,5.47522,0.8,0,1
511108,bullet6,3.4369,6.11648,0.8,0,1
511109,flyer6,12,10.492,-0.3,0,2
511110,bullet3,11.4418,4.93874,0.8,0,1
511111,player,3.0369,6.14026,-9.15085e-07,0.00291306,1
511111,flyer4,4.71262,11.6614,-0.294684,-0.0562249,2
511112,bullet5,7.43692,6.08452,0.8,0,1
511113,flyer3,13.1156,13.4578,-0.225626,0.197719,2
511113,bullet4,11.4373,5.47522,0.8,0,1
511113,bullet6,7.4369,6.11648,0.8,0,1
511114,flyer6,10.5,10.492,-0.3,0,2
511115,bullet3,15.4418,4.93874,0.8,0,1
511116,player,3.63921,5.65322,0.0138396,-0.151821,1
511116,flyer4,3.2392,11.3803,-0.294684,-0.0562249,2
511117,bullet5,11.4369,6.08452,0.8,0,1
511117,bullet1,4.04544,5.5849,0.8,0,1
511118,flyer3,11.9875,14.4463,-0.225626,0.197719,2
511118,bullet4,15.4373,5.47522,0.8,0,1
511118,bullet6,11.4369,6.11648,0.8,0,1
511119,flyer6,9,10.492,-0.3,0,2
511120,bullet2,4.05007,5.53409,0.8,0,1
511121,player,3.65032,5.53129,0.000255379,-0.00280153,1
511121,flyer4,1.76578,11.0992,-0.294684,-0.0562249,2
511122,bullet5,15.4369,6.08452,0.8,0,1
511122,bullet1,8.04544,5.5849,0.8,0,1
511123,flyer3,10.8594,15.4349,-0.225626,0.197719,2
511123,bullet6,15.4369,6.11648,0.8,0,1
511124,flyer6,7.5,10.492,-0.3,0,2
511125,bullet2,8.05007,5.53409,0.8,0,1
511126,player,4.81056,6.1997,0.0821881,-0.0697433,1
511126,flyer4,0.292361,10.8181,-0.294684,-0.0562249,2
511127,bullet1,12.0454,5.5849,0.8,0,1
511127,bullet3,5.24754,6.16831,0.8,0,1
511128,flyer3,9.73122,16.4235,-0.225626,0.197719,2
511129,flyer6,5.99999,10.492,-0.3,0,2
511130,bullet2,12.0501,5.53409,0.8,0,1
511130,bullet4,4.78567,5.6556,0.8,0,1
511131,player,4.31884,5.58597,-0.0668271,-0.0696307,1
511132,bullet1,16.0454,5.5849,0.8,0,1
511132,bullet3,9.24755,6.16831,0.8,0,1
511134,flyer6,4.49999,10.492,-0.3,0,2
511134,bullet5,4.11143,4.97647,0.8,0,1
511135,bullet2,16.0501,5.53409,0.8,0,1
511135,bullet4,8.78567,5.6556,0.8,0,1
511136,player,3.66286,4.92774,-0.0150728,-0.0151245,1
511137,bullet3,13.2475,6.16831,0.8,0,1
511137,bullet6,4.05608,4.92093,0.8,0,1
511139,flyer6,2.99999,10.492,-0.3,0,2
511139,bullet5,8.11143,4.97647,0.8,0,1
511140,bullet4,12.7857,5.6556,0.8,0,1
511141,player,3.43054,5.47331,0.268878,0.0680647,1
511142,bullet6,8.05608,4.92093,0.8,0,1
511144,flyer6,1.49999,10.492,-0.3,0,2
511144,bullet5,12.1114,4.97647,0.8,0,1
511145,flayer7,16.5,10.492,-0.3,0,2
511146,player,4.79266,5.55872,0.10406,-0.0363331,1
511146,bullet1,5.19266,5.55872,0.8,0,1
511147,bullet6,12.0561,4.92093,0.8,0,1
511148,bullet2,5.26056,5.53502,0.8,0,1
511149,flyer6,-6.4373e-06,10.492,-0.3,0,2
511149,bullet5,16.1114,4.97647,0.8,0,1
511150,flayer7,15,10.492,-0.3,0,2
511151,player,5.43395,4.97183,0.070264,-0.0690142,1
511151,bullet1,9.19267,5.55872,0.8,0,1
511151,bullet3,5.83395,4.97183,0.8,0,1
511152,bullet6,16.0561,4.92093,0.8,0,1
511153,bullet2,9.26056,5.53502,0.8,0,1
511154,bullet4,5.8862,4.92051,0.8,0,1
511155,flayer7,13.5,10.492,-0.3,0,2
511156,player,5.49038,4.91641,0.00129657,-0.00127351,1
511156,bullet1,13.1927,5.55872,0.8,0,1
511156,bullet3,9.83395,4.97183,0.8,0,1
511158,bullet2,13.2606,5.53502,0.8,0,1
511159,bullet4,9.8862,4.92051,0.8,0,1
511160,flayer7,12,10.492,-0.3,0,2
511161,player,5.00205,4.91539,-0.151851,-2.34998e-05,1
511161,bullet3,13.834,4.97183,0.8,0,1
511161,bullet5,5.40205,4.91539,0.8,0,1
511164,bullet4,13.8862,4.92051,0.8,0,1
511165,flayer7,10.5,10.492,-0.3,0,2
511165,flayer8,16.5,10.492,-0.253394,0.160597,2
511166,player,5.95795,5.50384,0.179828,0.0307543,1
511166,bullet5,9.40205,4.91539,0.8,0,1
511167,bullet6,6.43887,5.51768,0.8,0,1
511170,flayer7,9,10.492,-0.3,0,2
511170,flayer8,15.233,11.295,-0.253394,0.160597,2
511170,bullet1,7.05676,4.97025,0.8,0,1
511171,player,6.35334,5.27756,-0.303427,0.307313,1
511171,bullet5,13.4021,4.91539,0.8,0,1
511172,bullet6,10.4389,5.51768,0.8,0,1
511174,bullet2,7.01708,5.99546,0.8,0,1
511175,flayer7,7.5,10.492,-0.3,0,2
511175,flayer8,13.9661,12.0979,-0.253394,0.160597,2
511175,bullet1,11.0568,4.97025,0.8,0,1
511176,player,6.69813,6.11283,0.0251556,0.0364255,1
511176,bullet3,7.09813,6.11283,0.8,0,1
511177,bullet6,14.4389,5.51768,0.8,0,1
511179,bullet2,11.0171,5.99546,0.8,0,1
511180,flayer7,5.99999,10.492,-0.3,0,2
511180,flayer8,12.6991,12.9009,-0.253394,0.160597,2
511180,bullet1,15.0568,4.97025,0.8,0,1
511181,player,6.95674,6.39306,0.459084,-0.306073,1
511181,bullet3,11.0981,6.11283,0.8,0,1
511184,bullet2,15.0171,5.99546,0.8,0,1
511184,bullet4,7.69812,6.16545,0.8,0,1
511185,flayer7,4.49999,10.492,-0.3,0,2
511185,flayer8,11.4321,13.7039,-0.253394,0.160597,2
511186,player,7.8148,5.65788,0.160346,-0.157523,1
511186,bullet3,15.0981,6.11283,0.8,0,1
511188,flyer1,16.5,10.492,-0.294454,-0.0574201,2
511188,bullet5,7.83005,5.06572,0.8,0,1
511189,bullet4,11.6981,6.16545,0.8,0,1
511190,flayer7,2.99999,10.492,-0.3,0,2
511190,flayer8,10.1651,14.5069,-0.253394,0.160597,2
511190,bullet6,7.75214,4.94581,0.8,0,1
511191,player,7.34125,5.26656,-0.0108808,0.320754,1
511193,flyer1,15.0277,10.2049,-0.294454,-0.0574201,2
511193,bullet5,11.83,5.06572,0.8,0,1
511194,bullet4,15.6981,6.16545,0.8,0,1
511195,flayer7,1.49999,10.492,-0.3,0,2
511195,flayer8,8.89818,15.3099,-0.253394,0.160597,2
511195,bullet6,11.7521,4.94581,0.8,0,1
511195,bullet1,7.73272,6.00761,0.8,0,1
511196,player,7.33252,6.08187,-0.000200781,0.0742626,1
511197,bullet2,7.73243,6.11529,0.8,0,1
511198,flyer1,13.5555,9.91778,-0.294454,-0.0574201,2
511198,bullet5,15.83,5.06572,0.8,0,1
511200,flayer7,-6.4373e-06,10.492,-0.3,0,2
511200,flayer8,7.63121,16.1129,-0.253394,0.160597,2
511200,bullet6,15.7521,4.94581,0.8,0,1
511200,bullet1,11.7327,6.00761,0.8,0,1
511200,bullet3,8.29008,6.14014,0.8,0,1
511201,player,7.92083,6.14151,0.030751,0.00137035,1
511202,bullet2,11.7324,6.11529,0.8,0,1
511202,bullet4,8.33467,6.14213,0.8,0,1
511203,flyer1,12.0832,9.63068,-0.294454,-0.0574201,2
511205,bullet1,15.7327,6.00761,0.8,0,1
511205,bullet3,12.2901,6.14014,0.8,0,1
511206,player,8.4349,6.14261,0.152442,2.52869e-05,1
511207,bullet2,15.7324,6.11529,0.8,0,1
511207,bullet4,12.3347,6.14213,0.8,0,1
511207,bullet5,8.9035,6.14262,0.8,0,1
511208,flyer1,10.6109,9.34358,-0.294454,-0.0574201,2
511210,bullet3,16.2901,6.14014,0.8,0,1
511211,player,8.06795,6.14263,-0.149062,4.66614e-07,1
511211,flyer2,16.5,1.04757,-0.2463,0.171279,2
511212,bullet4,16.3347,6.14213,0.8,0,1
511212,bullet5,12.9035,6.14262,0.8,0,1
511213,flyer1,9.13866,9.05648,-0.294454,-0.0574201,2
511213,flyer5,16.5,7.63194,-0.294265,0.0583782,2
511214,bullet6,8.3571,5.58491,0.8,0,1
511216,player,7.94824,5.05094,-0.00275061,-0.165715,1
511216,flyer2,15.2685,1.90397,-0.2463,0.171279,2
511218,flyer1,7.66639,8.76938,-0.294454,-0.0574201,2
511218,flyer5,15.0287,7.92383,-0.294265,0.0583782,2
511219,bullet6,12.3571,5.58491,0.8,0,1
511221,player,8.68638,5.18267,-0.154921,-0.326718,1
511221,flyer2,14.037,2.76036,-0.2463,0.171279,2
511223,flyer1,6.19412,8.48228,-0.294454,-0.0574201,2
511223,flyer5,13.5574,8.21572,-0.294265,0.0583782,2
511224,bullet6,16.3571,5.58491,0.8,0,1
511224,bullet1,8.97117,4.93972,0.8,0,1
511225,bullet2,8.96482,4.92632,0.8,0,1
511226,player,8.56196,4.92029,-0.00285873,-0.00602887,1
511226,flyer2,12.8055,3.61675,-0.2463,0.171279,2
511228,flyer1,4.72186,8.19518,-0.294454,-0.0574201,2
511228,flyer5,12.086,8.50761,-0.294265,0.0583782,2
511229,bullet1,12.9712,4.93972,0.8,0,1
511231,player,7.95735,4.91545,-0.0138924,-0.00011125,1
511231,flyer2,11.574,4.47315,-0.2463,0.171279,1
511231,bullet3,8.35735,4.91545,0.8,0,1
511233,flyer1,3.24959,7.90808,-0.294454,-0.0574201,2
511233,flyer5,10.6147,8.7995,-0.294265,0.0583782,2
511235,bullet4,8.44555,4.81626,0.8,0,1
511236,player,7.99079,4.87077,-0.0547605,0.0545021,1
511238,flyer1,1.77732,7.62098,-0.294454,-0.0574201,2
511238,flyer5,9.14338,9.09139,-0.294265,0.0583782,2
511240,flyer4,16.5,7.63194,-0.292686,-0.0658406,2
511240,bullet4,12.4456,4.81626,0.8,0,1
511241,player,8.28432,4.32606,0.336489,-0.029749,1
511242,bullet5,8.83574,4.31268,0.8,0,1
511243,flyer1,0.305052,7.33388,-0.294454,-0.0574201,2
511243,flyer5,7.67205,9.38328,-0.294265,0.0583782,2
511245,flyer4,15.0366,7.30273,-0.292686,-0.0658406,2
511246,player,9.44976,4.85989,0.412053,0.0677948,1
511246,flyer3,16.5,7.63194,-0.3,0,2
511247,bullet5,12.8357,4.31268,0.8,0,1
511248,flyer5,6.20073,9.67517,-0.294265,0.0583782,2
511250,flyer4,13.5731,6.97353,-0.292686,-0.0658406,2
511251,player,8.8547,4.69412,-0.360651,0.270407,1
511251,flyer3,15,7.63194,-0.3,0,2
511252,flyer6,16.5,0.796776,-0.3,0,2
511253,flyer5,4.7294,9.96707,-0.294265,0.0583782,2
511255,flyer4,12.1097,6.64433,-0.292686,-0.0658406,2
511256,player,8.56507,6.07131,-0.00665503,0.0871731,1
511256,flyer3,13.5,7.63194,-0.3,0,2
511257,flyer6,15,0.796776,-0.3,0,2
511258,flyer5,3.25808,10.259,-0.294265,0.0583782,2
511260,flyer4,10.6463,6.31512,-0.292686,-0.0658406,2
511261,player,8.55972,6.11057,-0.000122804,0.0391977,1
511261,flyer3,12,7.63194,-0.3,0,2
511261,bullet6,8.95972,6.11057,0.8,0,1
511262,flyer6,13.5,0.796776,-0.3,0,2
511262,bullet2,8.95967,6.12821,0.8,0,1
511263,flyer5,1.78675,10.5508,-0.294265,0.0583782,2
511264,bullet1,8.95963,6.13972,0.8,0,1
511265,bullet3,8.95963,6.14132,0.8,0,1
511266,player,8.55962,6.14205,-2.26608e-06,0.000723307,1
511266,flyer3,10.5,7.63194,-0.3,0,2
511267,flyer6,12,0.796776,-0.3,0,2
511267,bullet4,8.95962,6.14237,0.8,0,1
511268,flyer5,0.315423,10.8427,-0.294265,0.0583782,2
511269,bullet1,12.9596,6.13972,0.8,0,1
511270,bullet3,12.9596,6.14132,0.8,0,1
511271,player,9.11734,5.58491,0.0683437,-0.0683304,1
511271,flyer3,9,7.63194,-0.3,0,2
511271,bullet5,9.51734,5.58491,0.8,0,1
511272,flyer6,10.5,0.796776,-0.3,0,2
511272,bullet4,12.9596,6.14237,0.8,0,1
511274,bullet6,9.56817,5.53409,0.8,0,1
511276,player,8.68285,6.01941,-0.150614,0.150614,1
511276,flyer3,7.5,7.63194,-0.3,0,2
511276,bullet5,13.5173,5.58491,0.8,0,1
511277,flyer6,9,0.796776,-0.3,0,2
511278,bullet2,8.98458,6.11768,0.8,0,1
511279,bullet6,13.5682,5.53409,0.8,0,1
511279,bullet1,8.97085,6.13141,0.8,0,1
511281,player,8.5619,6.14036,-0.00277925,0.00277925,1
511281,flyer3,5.99999,7.63194,-0.3,0,2
511282,flyer6,7.5,0.796776,-0.3,0,2
511283,bullet2,12.9846,6.11768,0.8,0,1
511284,bullet1,12.9709,6.13141,0.8,0,1
511285,bullet3,8.37124,6.73102,0.8,0,1
511286,player,7.95735,6.74491,-0.0138909,0.0138909,1
511286,flyer3,4.49999,7.63194,-0.3,0,2
511286,bullet4,8.35735,6.74491,0.8,0,1
511287,flyer6,5.99999,0.796776,-0.3,0,2
511289,bullet5,8.34702,6.26586,0.8,0,1
511290,bullet3,12.3712,6.73102,0.8,0,1
511291,player,7.9462,5.83009,-0.000256326,-0.367998,1
511291,flyer3,2.99999,7.63194,-0.3,0,2
511291,bullet4,12.3574,6.74491,0.8,0,1
511292,flyer6,4.49999,0.796776,-0.3,0,2
511294,bullet5,12.347,6.26586,0.8,0,1
511295,bullet3,16.3712,6.73102,0.8,0,1
511296,player,7.20564,5.09795,0.154866,-0.22317,1
511296,flyer3,1.49999,7.63194,-0.3,0,2
511296,bullet4,16.3574,6.74491,0.8,0,1
511297,flyer6,2.99999,0.796776,-0.3,0,2
511297,flayer7,16.5,12.1796,-0.283324,0.0986282,2
511299,bullet5,16.347,6.26586,0.8,0,1
511300,flayer8,16.5,12.1796,-0.238519,0.181958,2
511301,player,7.88773,4.91873,0.0712015,-0.00411812,1
511301,flyer3,-6.4373e-06,7.63194,-0.3,0,2
511301,bullet6,7.48773,4.91873,-0.8,-6.99382e-08,1
511302,flyer6,1.49999,0.796776,-0.3,0,2
511302,flayer7,15.0834,12.6727,-0.283324,0.0986282,2
511304,bullet2,7.78296,4.35795,0.8,0,1
511305,flayer8,15.3074,13.0894,-0.238519,0.181958,2
511306,player,7.3426,4.31311,-0.0125257,-0.0139156,1
511306,bullet6,3.48773,4.91873,-0.8,-6.99382e-08,1
511306,bullet1,7.7426,4.31311,0.8,0,1
511307,flyer6,-6.4373e-06,0.796776,-0.3,0,2
511307,flayer7,13.6668,13.1659,-0.283324,0.0986282,2
511308,bullet3,7.73443,4.30403,0.8,0,1
511309,bullet2,11.783,4.35795,0.8,0,1
511310,flayer8,14.1148,13.9992,-0.238519,0.181958,2
511311,player,7.67004,5.19715,0.337269,0.405587,1
511311,bullet1,11.7426,4.31311,0.8,0,1
511312,flayer7,12.2501,13.659,-0.283324,0.0986282,2
511312,bullet4,8.22181,5.37967,0.8,0,1
511313,bullet3,11.7344,4.30403,0.8,0,1
511314,bullet2,15.783,4.35795,0.8,0,1
511315,flayer8,12.9222,14.909,-0.238519,0.181958,2
511316,player,7.38318,6.08059,-0.0621202,0.075828,1
511316,bullet1,15.7426,4.31311,0.8,0,1
511317,flayer7,10.8335,14.1521,-0.283324,0.0986282,2
511317,bullet4,12.2218,5.37967,0.8,0,1
511318,bullet3,15.7344,4.30403,0.8,0,1
511319,flyer2,16.5,12.1796,-0.286361,-0.0894284,2
511320,flayer8,11.7296,15.8187,-0.238519,0.181958,2
511321,player,8.2731,5.58377,0.350193,-0.0669445,1
511322,flayer7,9.41689,14.6453,-0.283324,0.0986282,2
511322,bullet4,16.2218,5.37967,0.8,0,1
511323,flyer1,16.5,7.08971,-0.236711,-0.184303,2
511324,flyer2,15.0682,11.7324,-0.286361,-0.0894284,2
511324,flyer4,16.5,12.1796,-0.280887,0.105369,2
511324,bullet5,8.3758,6.09171,0.8,0,1
511325,bullet6,7.5594,6.11972,-0.8,-6.99382e-08,1
511326,player,7.95203,6.13232,-0.00737756,0.0126043,1
511327,flayer7,8.00027,15.1384,-0.283324,0.0986282,2
511328,flyer1,15.3164,6.16819,-0.236711,-0.184303,2
511329,flyer2,13.6364,11.2853,-0.286361,-0.0894284,2
511329,flyer4,15.0956,12.7064,-0.280887,0.105369,2
511329,bullet5,12.3758,6.09171,0.8,0,1
511329,bullet2,7.05717,6.63107,-0.8,-6.99382e-08,1
511330,bullet6,3.5594,6.11972,-0.8,-6.99382e-08,1
511331,player,7.02013,7.06841,-0.368391,0.368487,1
511332,flayer7,6.58365,15.6316,-0.283324,0.0986282,2
511333,flyer1,14.1329,5.24668,-0.236711,-0.184303,1
511334,flyer2,12.2046,10.8382,-0.286361,-0.0894284,2
511334,flyer4,13.6911,13.2333,-0.280887,0.105369,2
511334,bullet2,3.05716,6.63107,-0.8,-6.99382e-08,1
511336,player,5.63259,8.45603,-0.172512,0.172514,1
511336,bullet1,6.03259,8.45603,0.8,0,1
511337,flayer7,5.16704,16.1247,-0.283324,0.0986282,2
511338,flyer1,12.9493,4.32516,-0.236711,-0.184303,1
511339,flyer2,10.7728,10.391,-0.286361,-0.0894284,2
511339,flyer4,12.2867,13.7601,-0.280887,0.105369,2
511341,player,6.05177,9.1523,0.0651604,0.0715271,1
511341,bullet1,10.0326,8.45603,0.8,0,1
511341,bullet3,6.45177,9.1523,0.8,0,1
511342,bullet4,6.48109,9.18449,0.8,0,1
511343,flyer1,11.7658,3.40364,-0.236711,-0.184303,1
511344,flyer2,9.34098,9.94388,-0.286361,-0.0894284,1
511344,flyer4,10.8823,14.287,-0.280887,0.105369,2
511346,player,6.59347,8.87224,0.153077,-0.33618,1
511346,bullet1,14.0326,8.45603,0.8,0,1
511348,flyer1,10.5822,2.48213,-0.236711,-0.184303,1
511348,bullet5,7.09335,8.65288,0.8,0,1
511349,flyer4,9.47783,14.8138,-0.280887,0.105369,2
511349,bullet6,7.1073,8.62225,0.8,0,1
511351,player,6.7164,8.60226,0.00282471,-0.00620347,1
511351,bullet2,7.1164,8.60226,0.8,0,1
511353,flyer1,9.39865,1.56061,-0.236711,-0.184303,1
511353,bullet5,11.0934,8.65288,0.8,0,1
511354,flyer4,8.0734,15.3406,-0.280887,0.105369,2
511354,bullet6,11.1073,8.62225,0.8,0,1
511356,player,6.2293,8.0088,-0.151823,-0.0308692,1
511356,bullet2,11.1164,8.60226,0.8,0,1
511356,bullet3,6.6293,8.0088,0.8,0,1
511358,flyer1,8.2151,0.639093,-0.236711,-0.184303,1
511358,bullet5,15.0934,8.65288,0.8,0,1
511359,flyer4,6.66897,15.8675,-0.280887,0.105369,2
511359,bullet6,15.1073,8.62225,0.8,0,1
511361,player,5.5189,7.39554,-0.0335562,-0.0313243,1
511361,bullet2,15.1164,8.60226,0.8,0,1
511361,bullet3,10.6293,8.0088,0.8,0,1
511361,bullet4,5.9189,7.39554,0.8,0,1
511362,bullet1,5.90379,7.38144,0.8,0,1
511363,flyer1,7.03154,-0.282423,-0.236711,-0.184303,1
511364,flyer4,5.26453,16.3943,-0.280887,0.105369,2
511366,player,6.04966,6.81266,0.0677245,-0.0689218,1
511366,flyer5,16.5,7.08971,-0.3,0,2
511366,bullet3,14.6293,8.0088,0.8,0,1
511366,bullet4,9.9189,7.39554,0.8,0,1
511366,bullet5,6.44966,6.81266,0.8,0,1
511367,bullet1,9.9038,7.38144,0.8,0,1
511371,player,6.66177,6.16884,0.0695935,-0.0320265,1
511371,flyer5,15,7.08971,-0.3,0,2
511371,bullet4,13.9189,7.39554,0.8,0,1
511371,bullet5,10.4497,6.81266,0.8,0,1
511371,bullet6,7.06177,6.16884,0.8,0,1
511372,bullet1,13.9038,7.38144,0.8,0,1
511372,bullet2,7.09309,6.15443,0.8,0,1
511375,bullet3,6.627,6.63309,0.8,0,1
511376,player,6.15994,6.70084,-0.0670595,0.0677528,1
511376,bullet5,14.4497,6.81266,0.8,0,1
511376,bullet6,11.0618,6.16884,0.8,0,1
511377,bullet2,11.0931,6.15443,0.8,0,1
511380,flyer3,16.5,7.37416,-0.3,0,2
511380,bullet3,10.627,6.63309,0.8,0,1
511381,player,7.00131,7.34372,0.404606,0.0320049,1
511381,bullet6,15.0618,6.16884,0.8,0,1
511382,bullet2,15.0931,6.15443,0.8,0,1
511382,bullet4,7.58338,7.35812,0.8,0,1
511384,flyer6,16.5,7.37416,-0.3,0,2
511385,flyer3,15,7.37416,-0.3,0,1
511386,player,6.27914,7.36942,-0.212753,0.000590581,1
511387,bullet4,11.5834,7.35812,0.8,0,1
511388,bullet1,6.54032,7.36981,0.8,0,1
511389,flyer6,15,7.37416,-0.3,0,2
511391,player,6.3285,7.14968,-0.273082,0.269167,1
511393,bullet1,10.5403,7.36981,0.8,0,1
511394,flyer6,13.5,7.37416,-0.3,0,2
511394,flayer8,16.5,7.37416,-0.284858,-0.0941058,2
511395,flayer7,16.5,7.37416,-0.296143,0.0479538,2
511395,bullet5,7.00361,7.26178,0.8,0,1
511396,player,6.66691,7.32125,0.0633046,0.059471,1
511397,bullet6,7.0954,7.34801,0.8,0,1
511399,flyer6,12,7.37416,-0.3,0,1
511399,flayer8,15.0757,6.90364,-0.284858,-0.0941058,2
511400,flayer7,15.0193,7.61393,-0.296143,0.0479538,2
511401,player,6.16003,7.36901,-0.0671756,0.00109741,1
511401,bullet2,6.56003,7.36901,0.8,0,1
511402,bullet6,11.0954,7.34801,0.8,0,1
511404,flayer8,13.6514,6.43311,-0.284858,-0.0941058,2
511404,bullet3,7.06779,6.81211,0.8,0,1
511405,flayer7,13.5386,7.8537,-0.296143,0.0479538,1
511405,bullet4,7.09579,6.7814,0.8,0,1
511406,player,6.70839,6.76758,0.0126,-0.0138194,1
511406,bullet2,10.56,7.36901,0.8,0,1
511407,bullet1,7.11406,6.76136,0.8,0,1
511409,flayer8,12.2271,5.96258,-0.284858,-0.0941058,2
511409,bullet3,11.0678,6.81211,0.8,0,1
511410,bullet4,11.0958,6.7814,0.8,0,1
511411,player,6.61942,6.65738,0.121353,0.120865,1
511412,bullet1,11.1141,6.76136,0.8,0,1
511414,flayer8,10.8028,5.49205,-0.284858,-0.0941058,2
511414,bullet3,15.0678,6.81211,0.8,0,1
511414,bullet5,7.10966,6.74726,0.8,0,1
511415,bullet4,15.0958,6.7814,0.8,0,1
511416,player,6.2275,7.24382,-0.149636,0.154105,1
511417,flyer2,16.5,7.37416,-0.240215,0.179713,2
511417,bullet1,15.1141,6.76136,0.8,0,1
511418,bullet6,6.04049,7.34438,0.8,0,1
511419,flayer8,9.37856,5.02152,-0.284858,-0.0941058,2
511419,bullet5,11.1097,6.74726,0.8,0,1
511420,bullet2,5.92162,7.36474,0.8,0,1
511421,player,5.50502,7.36758,-0.0166008,0.00284368,1
511422,flyer2,15.2989,8.27273,-0.240215,0.179713,1
511423,bullet6,10.0405,7.34438,0.8,0,1
511424,flayer8,7.95427,4.55099,-0.284858,-0.0941058,2
511424,bullet5,15.1097,6.74726,0.8,0,1
511424,bullet3,5.89267,7.3697,0.8,0,1
511425,bullet2,9.92162,7.36474,0.8,0,1
511426,player,5.98106,7.85924,0.151569,0.151927,1
511427,flyer2,14.0978,9.1713,-0.240215,0.179713,1
511428,bullet6,14.0405,7.34438,0.8,0,1
511429,flayer8,6.52997,4.08046,-0.284858,-0.0941058,2
511429,bullet3,9.89267,7.3697,0.8,0,1
511430,bullet2,13.9216,7.36474,0.8,0,1
511431,player,6.44028,7.39278,0.340297,-0.0279512,1
511432,flyer2,12.8968,10.0699,-0.240215,0.179713,1
511432,bullet4,6.19342,7.3802,-0.8,-6.99382e-08,1
511434,flayer8,5.10568,3.60993,-0.284858,-0.0941058,2
511434,bullet3,13.8927,7.3697,0.8,0,1
511436,player,7.27129,7.03283,0.0746232,-0.338016,1
511437,flyer2,11.6957,10.9684,-0.240215,0.179713,1
511437,bullet4,2.19342,7.3802,-0.8,-6.99382e-08,1
511438,flyer1,16.5,11.6277,-0.299043,0.023944,2
511439,flayer8,3.68139,3.1394,-0.284858,-0.0941058,2
511439,bullet1,8.21616,6.2921,0.8,0,1
511441,player,7.91969,6.1729,0.0321317,-0.036992,1
511441,bullet5,8.31969,6.1729,0.8,0,1
511442,flyer2,10.4946,11.867,-0.240215,0.179713,1
511443,flyer1,15.0048,11.7474,-0.299043,0.023944,2
511444,flayer8,2.2571,2.66887,-0.284858,-0.0941058,2
511444,bullet1,12.2162,6.2921,0.8,0,1
511445,bullet6,8.3449,6.7016,0.8,0,1
511446,player,7.94549,6.73167,0.00059292,0.0300721,1
511446,bullet5,12.3197,6.1729,0.8,0,1
511446,bullet2,8.34549,6.73167,0.8,0,1
511447,flyer2,9.29354,12.7656,-0.240215,0.179713,1
511448,flyer1,13.5096,11.8671,-0.299043,0.023944,2
511449,flayer8,0.832813,2.19835,-0.284858,-0.0941058,2
511449,bullet1,16.2162,6.2921,0.8,0,1
511450,bullet6,12.3449,6.7016,0.8,0,1
511451,player,7.94597,7.24519,1.0941e-05,0.15243,1
511451,bullet5,16.3197,6.1729,0.8,0,1
511451,bullet2,12.3455,6.73167,0.8,0,1
511452,flyer2,8.09246,13.6641,-0.240215,0.179713,1
511453,flyer1,12.0144,11.9868,-0.299043,0.023944,2
511455,bullet6,16.3449,6.7016,0.8,0,1
511455,bullet3,7.51522,7.92251,-0.8,-6.99382e-08,1
511456,player,7.93214,7.95608,0.0169153,0.0335674,1
511456,bullet2,16.3455,6.73167,0.8,0,1
511456,bullet4,8.33214,7.95608,0.8,0,1
511457,flyer2,6.89139,14.5627,-0.240215,0.179713,1
511458,flyer1,10.5191,12.1066,-0.299043,0.023944,2
511459,bullet1,8.34472,7.98104,0.8,0,1
511460,bullet3,3.51522,7.92251,-0.8,-6.99382e-08,1
511461,player,7.60822,8.32054,-0.337188,0.338119,1
511461,bullet4,12.3321,7.95608,0.8,0,1
511462,flyer2,5.69032,15.4613,-0.240215,0.179713,1
511463,flyer1,9.02393,12.2263,-0.299043,0.023944,2
511463,bullet5,7.78821,8.54116,0.8,0,1
511464,bullet1,12.3447,7.98104,0.8,0,1
511465,bullet6,6.94366,8.58584,-0.8,-6.99382e-08,1
511466,player,6.99993,8.59208,-0.343722,0.00623925,1
511466,bullet4,16.3321,7.95608,0.8,0,1
511467,flyer2,4.48924,16.3598,-0.240215,0.179713,1
511468,flyer1,7.52872,12.346,-0.299043,0.023944,2
511468,bullet5,11.7882,8.54116,0.8,0,1
511468,bullet2,7.17566,8.59615,0.8,0,1
511469,bullet1,16.3447,7.98104,0.8,0,1
511470,bullet6,2.94366,8.58584,-0.8,-6.99382e-08,1
511471,player,6.7239,8.59709,-0.00634264,0.000115132,1
511472,bullet3,7.12104,8.59715,0.8,0,1
511473,flyer1,6.0335,12.4657,-0.299043,0.023944,2
511473,bullet5,15.7882,8.54116,0.8,0,1
511473,bullet2,11.1757,8.59615,0.8,0,1
511475,flyer4,16.5,11.6277,-0.3,0,2
511475,bullet4,7.67664,8.03947,0.8,0,1
511476,player,7.30728,8.34621,0.0306376,0.306747,1
511477,bullet3,11.121,8.59715,0.8,0,1
511478,flyer1,4.53829,12.5854,-0.299043,0.023944,2
511478,bullet2,15.1757,8.59615,0.8,0,1
511480,flyer4,15,11.6277,-0.3,0,2
511480,bullet4,11.6766,8.03947,0.8,0,1
511480,bullet1,7.24194,9.07627,0.8,0,1
511481,player,6.77416,9.15028,-0.0677784,0.0740041,1
511482,bullet3,15.121,8.59715,0.8,0,1
511482,bullet5,7.14366,9.18358,0.8,0,1
511483,flyer1,3.04307,12.7052,-0.299043,0.023944,2
511485,flyer4,13.5,11.6277,-0.3,0,2
511485,bullet4,15.6766,8.03947,0.8,0,1
511485,bullet1,11.2419,9.07627,0.8,0,1
511485,bullet6,7.12098,8.65063,0.8,0,1
511486,player,6.71973,8.62124,-0.0012507,-0.0293891,1
511487,bullet5,11.1437,9.18358,0.8,0,1
511488,flyer1,1.54786,12.8249,-0.299043,0.023944,2
511490,flyer4,12,11.6277,-0.3,0,2
511490,bullet1,15.2419,9.07627,0.8,0,1
511490,bullet6,11.121,8.65063,0.8,0,1
511490,bullet2,6.0409,8.69728,0.8,0,1
511491,player,5.5587,8.64223,-0.0822064,-0.0550465,1
511492,bullet5,15.1437,9.18358,0.8,0,1
511492,bullet3,5.9217,8.61746,0.8,0,1
511493,flyer1,0.0526409,12.9446,-0.299043,0.023944,2
511495,flyer4,10.5,11.6277,-0.3,0,2
511495,bullet6,15.121,8.65063,0.8,0,1
511495,bullet2,10.0409,8.69728,0.8,0,1
511496,player,6.08115,8.59802,0.0292377,-0.00101576,1
511496,bullet4,6.48115,8.59802,0.8,0,1
511497,bullet3,9.9217,8.61746,0.8,0,1
511497,bullet1,6.49431,8.59756,0.8,0,1
511500,flyer4,9,11.6277,-0.3,0,2
511500,bullet2,14.0409,8.69728,0.8,0,1
511501,player,6.66235,9.15492,0.0688833,0.068325,1
511501,bullet4,10.4811,8.59802,0.8,0,1
511502,bullet3,13.9217,8.61746,0.8,0,1
511502,bullet1,10.4943,8.59756,0.8,0,1
511505,flyer4,7.5,11.6277,-0.3,0,2
511506,player,6.70383,8.60748,0.0181862,-0.0125788,1
511506,flyer5,16.5,11.6277,-0.254123,0.159441,2
511506,bullet4,14.4812,8.59802,0.8,0,1
511507,bullet1,14.4943,8.59756,0.8,0,1
511509,flyer3,16.5,10.7412,-0.233276,-0.188633,2
511509,bullet5,7.67507,8.59813,0.8,0,1
511510,flyer4,5.99999,11.6277,-0.3,0,2
511510,bullet6,7.70657,8.59761,0.8,0,1
511511,player,7.32074,8.59738,0.0141752,-0.000232115,1
511511,flyer5,15.2294,12.4249,-0.254123,0.159441,2
511513,bullet2,7.72999,8.59723,0.8,0,1
511514,flyer3,15.3336,9.79808,-0.233276,-0.188633,2
511514,bullet5,11.6751,8.59813,0.8,0,1
511514,bullet3,7.73128,8.59721,0.8,0,1
511515,flyer4,4.49999,11.6277,-0.3,0,2
511515,bullet6,11.7066,8.59761,0.8,0,1
511516,player,7.33213,8.59719,0.000261572,-4.28317e-06,1
511516,flyer5,13.9588,13.2221,-0.254123,0.159441,2
511518,bullet2,11.73,8.59723,0.8,0,1
511519,bullet3,11.7313,8.59721,0.8,0,1
511520,flyer4,2.99999,11.6277,-0.3,0,2
511521,player,7.78277,9.42407,0.199469,0.489375,1
511521,flyer5,12.6882,14.0193,-0.254123,0.159441,2
511523,bullet2,15.73,8.59723,0.8,0,1
511524,bullet3,15.7313,8.59721,0.8,0,1
511525,flyer4,1.49999,11.6277,-0.3,0,2
511525,flyer6,16.5,10.7412,-0.3,0,2
511526,player,7.01699,10.743,-0.364574,0.377285,1
511526,flyer5,11.4175,14.8165,-0.254123,0.159441,2
511526,flayer7,16.5,10.7412,-0.3,0,2
511530,flyer4,-6.4373e-06,11.6277,-0.3,0,2
511530,flyer6,15,10.7412,-0.3,0,2
511531,player,7.32652,11.6484,0.00711219,0.0208016,1
511531,flyer5,10.1469,15.6137,-0.254123,0.159441,2
511531,flayer7,15,10.7412,-0.3,0,2
511531,bullet4,7.72652,11.6484,0.8,0,1
511534,bullet1,6.93181,11.1744,-0.8,-6.99382e-08,1
511535,flyer6,13.5,10.7412,-0.3,0,2
511536,player,7.33223,11.0766,0.00013124,-0.0303708,1
511536,flyer5,8.87632,16.4109,-0.254123,0.159441,2
511536,flayer7,13.5,10.7412,-0.3,0,2
511536,bullet4,11.7265,11.6484,0.8,0,1
511537,bullet5,7.73229,11.0629,0.8,0,1
511539,bullet1,2.93181,11.1744,-0.8,-6.99382e-08,1
511540,flyer6,12,10.7412,-0.3,0,2
511541,player,6.84297,10.9531,-0.151873,0.12056,1
511541,flayer7,12,10.7412,-0.3,0,2
511541,bullet4,15.7265,11.6484,0.8,0,1
511541,bullet6,7.24297,10.9531,0.8,0,1
511545,flyer6,10.5,10.7412,-0.3,0,1
511545,bullet2,7.61318,10.5583,0.8,0,1
511546,player,7.27872,10.4922,0.0655413,-0.0661191,1
511546,flayer7,10.5,10.7412,-0.3,0,1
511548,bullet3,8.21086,9.95968,0.8,0,1
511551,player,7.44429,9.34741,-0.136826,-0.166935,1
511551,bullet5,7.84429,9.34741,0.8,0,1
511553,flayer8,16.5,10.7412,-0.3,0,2
511553,bullet4,7.75501,9.23848,0.8,0,1
511555,flyer2,16.5,11.0898,-0.260957,-0.147991,2
511556,player,6.84503,9.21334,-0.1544,-0.00308041,1
511556,bullet5,11.8443,9.34741,0.8,0,1
511556,bullet1,7.24503,9.21334,0.8,0,1
511558,flayer8,15,10.7412,-0.3,0,2
511558,bullet4,11.755,9.23848,0.8,0,1
511560,flyer2,15.1952,10.3498,-0.260957,-0.147991,2
511560,bullet6,6.56617,9.21093,0.8,0,1
511561,player,6.13256,9.21087,-0.0336038,-5.68423e-05,1
511561,bullet5,15.8443,9.34741,0.8,0,1
511561,bullet1,11.245,9.21334,0.8,0,1
511563,flayer8,13.5,10.7412,-0.3,0,2
511565,bullet6,10.5662,9.21093,0.8,0,1
511565,bullet2,6.47544,9.7993,0.8,0,1
511566,player,6.09174,9.81314,0.016295,0.0138386,1
511568,flayer8,12,10.7412,-0.3,0,2
511569,bullet3,5.94614,10.3811,0.8,0,1
511570,bullet6,14.5662,9.21093,0.8,0,1
511570,bullet2,10.4754,9.7993,0.8,0,1
511571,player,5.50251,10.4266,-0.0135389,0.014095,1
511572,bullet5,5.89642,10.4329,0.8,0,1
511573,flayer8,10.5,10.7412,-0.3,0,2
511573,bullet4,5.89368,10.4358,0.8,0,1
511575,bullet2,14.4754,9.7993,0.8,0,1
511576,player,5.49164,10.4379,-0.000249831,0.000260092,1
511578,bullet4,9.89368,10.4358,0.8,0,1
511579,flyer1,16.5,11.0898,-0.3,0,2
511581,player,6.58313,11.0404,0.16571,0.0138444,1
511581,flyer3,16.5,11.0898,-0.272935,0.124524,2
511582,flyer4,16.5,11.0898,-0.285408,0.0924239,2
511583,bullet4,13.8937,10.4358,0.8,0,1
511584,flyer1,15,11.0898,-0.3,0,1
511586,player,7.06754,11.9048,0.323643,-0.29265,1
511586,flyer3,15.1353,11.7124,-0.272935,0.124524,2
511587,flyer4,15.073,11.5519,-0.285408,0.0924239,2
511589,flyer1,13.5,11.0898,-0.3,0,1
511589,flyer5,16.5,2.16014,-0.3,0,2
511591,player,6.28036,11.1358,-0.214247,-0.102771,1
511591,flyer3,13.7706,12.335,-0.272935,0.124524,2
511592,flyer4,13.6459,12.014,-0.285408,0.0924239,2
511594,flyer1,12,11.0898,-0.3,0,1
511594,flyer5,15,2.16014,-0.3,0,2
511596,player,5.50599,11.611,-0.0177931,0.0664473,1
511596,flyer3,12.406,12.9576,-0.272935,0.124524,2
511596,bullet1,5.90599,11.611,0.8,0,1
511597,flyer4,12.2189,12.4761,-0.285408,0.0924239,2
511599,flyer1,10.5,11.0898,-0.3,0,1
511599,flyer5,13.5,2.16014,-0.3,0,2
511599,bullet6,6.45048,11.6604,0.8,0,1
511600,bullet3,5.68051,11.6631,-0.8,-6.99382e-08,1
511601,player,6.09402,11.6644,0.0135113,0.00122614,1
511601,flyer3,11.0413,13.5803,-0.272935,0.124524,2
511602,flyer4,10.7918,12.9383,-0.285408,0.0924239,2
511602,bullet5,6.5001,11.6649,0.8,0,1
511604,flyer5,12,2.16014,-0.3,0,2
511604,bullet6,10.4505,11.6604,0.8,0,1
511605,bullet3,1.68051,11.6631,-0.8,-6.99382e-08,1
511606,player,5.54715,12.2231,-0.0680944,0.0683664,1
511606,flyer3,9.6766,14.2029,-0.272935,0.124524,2
511606,bullet2,5.94715,12.2231,0.8,0,1
511607,flyer4,9.3648,13.4004,-0.285408,0.0924239,2
511607,bullet5,10.5001,11.6649,0.8,0,1
511609,flyer5,10.5,2.16014,-0.3,0,2
511609,bullet6,14.4505,11.6604,0.8,0,1
511611,player,5.98184,13.3251,0.150618,0.22148,1
511611,flyer3,8.31192,14.8255,-0.272935,0.124524,2
511611,bullet2,9.94715,12.2231,0.8,0,1
511612,flyer4,7.93776,13.8625,-0.285408,0.0924239,2
511612,bullet5,14.5001,11.6649,0.8,0,1
511614,flyer5,9,2.16014,-0.3,0,2
511614,bullet4,6.49384,13.0004,0.8,0,1
511616,player,6.1028,12.9145,0.00277933,-0.0266678,1
511616,flyer3,6.94725,15.4481,-0.272935,0.124524,2
511616,bullet2,13.9472,12.2231,0.8,0,1
511616,bullet1,6.5028,12.9145,0.8,0,1
511617,flyer4,6.51072,14.3246,-0.285408,0.0924239,2
511619,flyer5,7.5,2.16014,-0.3,0,2
511619,bullet4,10.4938,13.0004,0.8,0,1
511620,bullet3,5.91651,13.482,0.8,0,1
511621,player,5.16522,13.1579,-0.351288,-0.324152,1
511621,flyer3,5.58257,16.0707,-0.272935,0.124524,2
511621,bullet1,10.5028,12.9145,0.8,0,1
511622,flyer4,5.08368,14.7867,-0.285408,0.0924239,2
511623,bullet6,5.336,12.9464,0.8,0,1
511624,flyer5,5.99999,2.16014,-0.3,0,2
511624,bullet4,14.4938,13.0004,0.8,0,1
511625,bullet3,9.91651,13.482,0.8,0,1
511626,player,4.8831,13.235,-0.00648226,0.331518,1
511626,bullet1,14.5028,12.9145,0.8,0,1
511627,flyer4,3.65664,15.2488,-0.285408,0.0924239,2
511628,bullet6,9.336,12.9464,0.8,0,1
511628,bullet5,5.27887,13.4514,0.8,0,1
511629,flyer5,4.49999,2.16014,-0.3,0,2
511630,bullet3,13.9165,13.482,0.8,0,1
511630,bullet2,5.27802,13.4952,0.8,0,1
511631,player,4.8779,13.5013,-0.000119616,0.00611745,1
511632,flyer4,2.2296,15.711,-0.285408,0.0924239,2
511633,bullet6,13.336,12.9464,0.8,0,1
511633,bullet5,9.27888,13.4514,0.8,0,1
511634,flyer5,2.99999,2.16014,-0.3,0,2
511634,bullet4,5.27781,13.5058,0.8,0,1
511635,bullet2,9.27802,13.4952,0.8,0,1
511636,player,4.38843,13.0168,-0.151877,-0.151762,1
511637,flyer4,0.802556,16.1731,-0.285408,0.0924239,2
511637,bullet1,4.72008,12.9485,0.8,0,1
511638,bullet5,13.2789,13.4514,0.8,0,1
511639,flyer5,1.49999,2.16014,-0.3,0,2
511639,bullet4,9.27781,13.5058,0.8,0,1
511640,bullet2,13.278,13.4952,0.8,0,1
511641,player,4.26646,12.8949,-0.00280256,-0.00280044,1
511642,bullet1,8.72008,12.9485,0.8,0,1
511643,bullet3,4.66463,12.8931,0.8,0,1
511644,flyer5,-6.4373e-06,2.16014,-0.3,0,2
511644,bullet4,13.2778,13.5058,0.8,0,1
511645,bullet6,4.66426,12.8927,0.8,0,1
511646,player,4.26421,12.8927,-5.17151e-05,-5.1676e-05,1
511647,bullet1,12.7201,12.9485,0.8,0,1
511648,flyer6,16.5,6.99095,-0.279969,-0.107783,2
511648,bullet3,8.66463,12.8931,0.8,0,1
511650,bullet6,8.66426,12.8927,0.8,0,1
511651,player,4.36327,13.4811,-0.121121,0.0307537,1
511651,bullet5,4.76327,13.4811,0.8,0,1
511653,flyer6,15.1002,6.45203,-0.279969,-0.107783,2
511653,bullet3,12.6646,12.8931,0.8,0,1
511655,bullet6,12.6643,12.8927,0.8,0,1
511655,bullet2,4.17886,13.9946,0.8,0,1
511656,player,3.70828,14.0635,-0.0705788,0.0689112,1
511656,bullet5,8.76327,13.4811,0.8,0,1
511658,flyer6,13.7003,5.91312,-0.279969,-0.107783,2
511658,bullet4,4.06223,14.5979,0.8,0,1
511660,bullet2,8.17886,13.9946,0.8,0,1
511660,bullet1,4.0529,14.7061,0.8,0,1
511661,player,3.9891,15.0587,0.336198,0.352611,1
511661,bullet5,12.7633,13.4811,0.8,0,1
511663,flyer6,12.3005,5.37421,-0.279969,-0.107783,2
511663,bullet4,8.06223,14.5979,0.8,0,1
511665,bullet2,12.1789,13.9946,0.8,0,1
511665,bullet1,8.0529,14.7061,0.8,0,1
511666,player,4.84757,14.7534,0.0369585,-0.024248,1
511668,flyer6,10.9006,4.83529,-0.279969,-0.107783,2
511668,bullet4,12.0622,14.5979,0.8,0,1
511668,bullet3,4.78231,14.2482,0.8,0,1
511670,bullet2,16.1789,13.9946,0.8,0,1
511670,bullet1,12.0529,14.7061,0.8,0,1
511671,player,4.27494,14.1316,-0.0131576,-0.0142871,1
511672,bullet6,4.66902,14.1252,0.8,0,1
511673,flyer6,9.50077,4.29638,-0.279969,-0.107783,2
511673,bullet4,16.0622,14.5979,0.8,0,1
511673,bullet3,8.78231,14.2482,0.8,0,1
511674,bullet5,4.66515,14.121,0.8,0,1
511675,bullet1,16.0529,14.7061,0.8,0,1
511676,player,4.26437,14.1202,-0.000242795,-0.000263636,1
511677,bullet6,8.66902,14.1252,0.8,0,1
511677,bullet2,4.66426,14.12,0.8,0,1
511678,flyer6,8.10092,3.75746,-0.279969,-0.107783,2
511678,bullet3,12.7823,14.2482,0.8,0,1
511679,bullet5,8.66515,14.121,0.8,0,1
511681,player,4.85265,14.7084,0.0307502,0.0307498,1
511682,bullet6,12.669,14.1252,0.8,0,1
511682,bullet2,8.66426,14.12,0.8,0,1
511683,flyer6,6.70108,3.21855,-0.279969,-0.107783,2
511684,bullet5,12.6652,14.121,0.8,0,1
511686,player,5.46582,14.2437,0.0313221,-0.151308,1
511687,flayer7,16.5,6.99095,-0.292617,-0.066148,2
511687,bullet2,12.6643,14.12,0.8,0,1
511688,flyer6,5.30123,2.67963,-0.279969,-0.107783,2
511689,flyer2,16.5,6.99095,-0.299997,-0.0014463,2
511691,player,4.41312,12.9314,-0.182052,-0.0473863,1
511692,flayer7,15.0369,6.66021,-0.292617,-0.066148,2
511692,flayer8,16.5,6.99095,-0.3,0,2
511693,flyer6,3.90138,2.14072,-0.279969,-0.107783,2
511694,flyer2,15,6.98372,-0.299997,-0.0014463,2
511696,player,3.07613,12.8795,-0.0479537,0.0160407,1
511696,bullet4,2.67613,12.8795,-0.8,-6.99382e-08,1
511697,flayer7,13.5738,6.32947,-0.292617,-0.066148,2
511697,flayer8,15,6.99095,-0.3,0,2
511698,flyer6,2.50154,1.6018,-0.279969,-0.107783,2
511699,flyer2,13.5,6.97649,-0.299997,-0.0014463,2
511699,bullet1,3.44047,12.8915,0.8,0,1
511700,bullet3,3.43851,12.8921,0.8,0,1
511701,player,3.03762,12.8924,-0.00088488,0.000295995,1
511702,flayer7,12.1107,5.99873,-0.292617,-0.066148,2
511702,flayer8,13.5,6.99095,-0.3,0,2
511703,flyer6,1.10169,1.06288,-0.279969,-0.107783,2
511704,flyer2,12.0001,6.96925,-0.299997,-0.0014463,2
511704,bullet1,7.44047,12.8915,0.8,0,1
511705,bullet3,7.43851,12.8921,0.8,0,1
511706,player,3.62538,13.4811,0.0307384,0.0307602,1
511706,bullet6,4.02538,13.4811,0.8,0,1
511707,flayer7,10.6477,5.66799,-0.292617,-0.066148,2
511707,flayer8,12,6.99095,-0.3,0,2
511708,flyer6,-0.298155,0.523969,-0.279969,-0.107783,2
511709,flyer2,10.5001,6.96202,-0.299997,-0.0014463,2
511709,bullet1,11.4405,12.8915,0.8,0,1
511710,bullet3,11.4385,12.8921,0.8,0,1
511710,bullet5,3.2495,13.9946,-0.8,-6.99382e-08,1
511711,player,3.65007,14.0636,0.000567209,0.0689114,1
511711,bullet6,8.02539,13.4811,0.8,0,1
511712,flayer7,9.18458,5.33725,-0.292617,-0.066148,2
511712,flayer8,10.5,6.99095,-0.3,0,2
511714,flyer2,9.00009,6.95479,-0.299997,-0.0014463,2
511714,bullet1,15.4405,12.8915,0.8,0,1
511715,bullet3,15.4385,12.8921,0.8,0,1
511716,player,3.98803,14.1189,0.33751,0.00127161,1
511716,bullet6,12.0254,13.4811,0.8,0,1
511717,flayer7,7.7215,5.00651,-0.292617,-0.066148,2
511717,flayer8,9,6.99095,-0.3,0,2
511719,flyer2,7.50011,6.94756,-0.299997,-0.0014463,2
511721,player,3.70136,14.0753,-0.0621157,0.0545276,1
511721,bullet6,16.0254,13.4811,0.8,0,1
511722,flayer7,6.25841,4.67577,-0.292617,-0.066148,2
511722,flayer8,7.5,6.99095,-0.3,0,2
511722,flyer1,16.5,6.99095,-0.260385,-0.148996,2
511723,bullet2,4.06083,14.1109,0.8,0,1
511724,flyer2,6.00013,6.94033,-0.299997,-0.0014463,2
511724,bullet4,4.05517,14.1159,0.8,0,1
511726,player,3.98897,13.7816,0.336354,-0.336494,1
511727,flayer7,4.79533,4.34504,-0.292617,-0.066148,2
511727,flayer8,5.99999,6.99095,-0.3,0,2
511727,flyer1,15.1981,6.24597,-0.260385,-0.148996,2
511728,bullet2,8.06083,14.1109,0.8,0,1
511729,flyer2,4.50014,6.9331,-0.299997,-0.0014463,2
511729,bullet4,8.05517,14.1159,0.8,0,1
511729,bullet5,5.19681,14.0891,0.8,0,1
511731,player,4.86141,14.1137,0.0200463,0.00763035,1
511731,bullet1,5.26141,14.1137,0.8,0,1
511732,flayer7,3.33225,4.0143,-0.292617,-0.066148,2
511732,flayer8,4.49999,6.99095,-0.3,0,2
511732,flyer1,13.8962,5.50099,-0.260385,-0.148996,2
511733,bullet2,12.0608,14.1109,0.8,0,1
511734,flyer2,3.00016,6.92587,-0.299997,-0.0014463,2
511734,bullet4,12.0552,14.1159,0.8,0,1
511734,bullet5,9.19681,14.0891,0.8,0,1
511736,player,4.54001,14.4573,-0.33713,0.337641,1
511736,bullet1,9.26141,14.1137,0.8,0,1
511737,flayer7,1.86917,3.68356,-0.292617,-0.066148,2
511737,flayer8,2.99999,6.99095,-0.3,0,2
511737,flyer1,12.5942,4.75601,-0.260385,-0.148996,2
511738,bullet2,16.0608,14.1109,0.8,0,1
511739,flyer2,1.50018,6.91864,-0.299997,-0.0014463,2
511739,bullet4,16.0552,14.1159,0.8,0,1
511739,bullet5,13.1968,14.0891,0.8,0,1
511741,player,4.20092,14.7968,0.0773102,-0.0773008,1
511741,bullet1,13.2614,14.1137,0.8,0,1
511742,flayer7,0.406084,3.35282,-0.292617,-0.066148,2
511742,flayer8,1.49999,6.99095,-0.3,0,2
511742,flyer1,11.2923,4.01103,-0.260385,-0.148996,2
511744,flyer2,0.000195801,6.9114,-0.299997,-0.0014463,2
511744,bullet3,4.65841,14.7393,0.8,0,1
511746,player,4.6005,14.3972,0.338927,-0.338926,1
511747,flayer8,-6.4373e-06,6.99095,-0.3,0,2
511747,flyer1,9.99039,3.26605,-0.260385,-0.148996,2
511747,flyer3,16.5,10.3242,-0.294338,0.0580086,2
511749,flyer4,16.5,10.3242,-0.278925,-0.110458,2
511749,bullet3,8.65841,14.7393,0.8,0,1
511751,player,4.31497,15.2851,-0.0620896,0.0759292,1
511751,bullet6,4.71497,15.2851,0.8,0,1
511752,flyer1,8.68846,2.52107,-0.260385,-0.148996,2
511752,flyer3,15.0283,10.6143,-0.294338,0.0580086,2
511754,flyer4,15.1054,9.77192,-0.278925,-0.110458,2
511754,bullet3,12.6584,14.7393,0.8,0,1
511756,player,3.70739,15.3015,-0.0694895,0.0559052,1
511756,bullet6,8.71497,15.2851,0.8,0,1
511756,bullet2,4.10739,15.3015,0.8,0,1
511757,flyer1,7.38654,1.7761,-0.260385,-0.148996,2
511757,flyer3,13.5566,10.9043,-0.294338,0.0580086,2
511759,flyer4,13.7108,9.21963,-0.278925,-0.110458,2
511759,bullet4,4.05571,14.8536,0.8,0,1
511761,player,3.31408,15.0954,-0.338782,0.307777,1
511761,bullet6,12.715,15.2851,0.8,0,1
511761,bullet2,8.10739,15.3015,0.8,0,1
511762,flyer1,6.08461,1.03112,-0.260385,-0.148996,2
511762,flyer3,12.0849,11.1943,-0.294338,0.0580086,2
511762,bullet5,3.56163,15.2339,0.8,0,1
511764,flyer4,12.3161,8.66734,-0.278925,-0.110458,2
511764,bullet4,8.05571,14.8536,0.8,0,1
511766,player,3.04201,15.3425,-0.00625149,0.00567935,1
511766,bullet2,12.1074,15.3015,0.8,0,1
511767,flyer1,4.78269,0.286138,-0.260385,-0.148996,2
511767,flyer3,10.6132,11.4844,-0.294338,0.0580086,2
511767,bullet5,7.56163,15.2339,0.8,0,1
511768,bullet1,3.43793,15.3462,0.8,0,1
511769,flyer4,10.9215,8.11505,-0.278925,-0.110458,2
511769,bullet4,12.0557,14.8536,0.8,0,1
511771,player,2.69949,15.6,-0.337615,0.253204,1
511771,bullet2,16.1074,15.3015,0.8,0,1
511772,flyer1,3.48076,-0.458841,-0.260385,-0.148996,2
511772,flyer3,9.14154,11.7744,-0.294338,0.0580086,2
511772,bullet5,11.5616,15.2339,0.8,0,1
511772,bullet3,2.94756,15.6,0.8,0,1
511773,bullet1,7.43793,15.3462,0.8,0,1
511774,flyer4,9.52688,7.56276,-0.278925,-0.110458,2
511774,bullet4,16.0557,14.8536,0.8,0,1
511776,player,2.76586,15.2625,0.33127,-0.3375,1
511777,flyer3,7.66985,12.0645,-0.294338,0.0580086,2
511777,bullet5,15.5616,15.2339,0.8,0,1
511777,bullet3,6.94757,15.6,0.8,0,1
511778,bullet1,11.4379,15.3462,0.8,0,1
511779,flyer4,8.13225,7.01046,-0.278925,-0.110458,2
511780,bullet6,3.52488,14.5083,0.8,0,1
511781,player,3.07649,14.4337,-0.0483913,-0.0745716,1
511782,flyer3,6.19816,12.3545,-0.294338,0.0580086,2
511782,bullet3,10.9476,15.6,0.8,0,1
511783,bullet1,15.4379,15.3462,0.8,0,1
511784,flyer4,6.73763,6.45817,-0.278925,-0.110458,2
511785,bullet6,7.52488,14.5083,0.8,0,1
511786,player,3.9636,13.2277,0.367362,-0.100474,1
511787,flyer3,4.72647,12.6445,-0.294338,0.0580086,2
511787,bullet3,14.9476,15.6,0.8,0,1
