509227,player,1.35723,13.6864,0,0,1
509231,bullet1,1.19951,14.8326,0.8,0,1
509232,player,0.768757,14.8772,-0.0307547,0.0445943,1
509232,bullet2,1.16876,14.8772,0.8,0,1
509234,bullet3,1.14869,14.9063,0.8,0,1
509236,bullet1,5.19951,14.8326,0.8,0,1
509237,player,1.30178,14.3553,0.0677762,-0.0675209,1
509237,bullet2,5.16876,14.8772,0.8,0,1
509237,bullet4,1.70178,14.3553,0.8,0,1
509239,bullet3,5.14869,14.9063,0.8,0,1
509241,bullet1,9.19951,14.8326,0.8,0,1
509242,player,1.35621,13.9636,0.00125066,-0.338746,1
509242,bullet2,9.16876,14.8772,0.8,0,1
509242,bullet4,5.70178,14.3553,0.8,0,1
509244,bullet3,9.14869,14.9063,0.8,0,1
509246,bullet1,13.1995,14.8326,0.8,0,1
509247,player,0.799492,13.1338,-0.0683207,-0.0745946,1
509247,bullet2,13.1688,14.8772,0.8,0,1
509247,bullet4,9.70178,14.3553,0.8,0,1
509249,bullet3,13.1487,14.9063,0.8,0,1
509251,flyer1,16.5,5.08806,-0.282411,0.101214,2
509251,bullet5,1.14589,13.0753,0.8,0,1
509252,player,0.744625,13.4114,-0.00126071,0.336124,1
509252,bullet4,13.7018,14.3553,0.8,0,1
509254,flyer2,16.5,5.08806,-0.3,0,2
509255,bullet6,1.14369,13.6614,0.8,0,1
509256,flyer1,15.0879,5.59413,-0.282411,0.101214,2
509256,bullet5,5.14589,13.0753,0.8,0,1
509257,player,0.743612,13.192,-2.32636e-05,-0.145673,1
509258,bullet1,1.1436,13.1264,0.8,0,1
509259,flyer2,15,5.08806,-0.3,0,2
509260,bullet6,5.14369,13.6614,0.8,0,1
509261,flyer1,13.6759,6.1002,-0.282411,0.101214,2
509261,bullet5,9.14589,13.0753,0.8,0,1
509261,bullet2,1.14359,13.6354,0.8,0,1
509262,player,0.743593,13.6635,-4.29279e-07,0.0280666,1
509263,bullet1,5.1436,13.1264,0.8,0,1
509264,flyer2,13.5,5.08806,-0.3,0,2
509265,bullet6,9.14369,13.6614,0.8,0,1
509266,flyer1,12.2638,6.60627,-0.282411,0.101214,2
509266,bullet5,13.1459,13.0753,0.8,0,1
509266,bullet2,5.14359,13.6354,0.8,0,1
509267,player,0.743593,13.686,-7.92141e-09,0.000517908,1
509268,bullet1,9.1436,13.1264,0.8,0,1
509269,flyer2,12,5.08806,-0.3,0,2
509270,bullet6,13.1437,13.6614,0.8,0,1
509271,flyer1,10.8518,7.11234,-0.282411,0.101214,2
509271,bullet2,9.14359,13.6354,0.8,0,1
509272,player,1.57047,13.6864,0.489375,9.55686e-06,1
509273,bullet1,13.1436,13.1264,0.8,0,1
509274,flyer2,10.5,5.08806,-0.3,0,2
509276,flyer1,9.43973,7.61841,-0.282411,0.101214,2
509276,bullet2,13.1436,13.6354,0.8,0,1
509277,player,2.55195,12.5402,0.039785,-0.0990983,1
509278,flyer3,16.5,5.08806,-0.3,0,2
509279,flyer2,9,5.08806,-0.3,0,2
509279,bullet3,2.97791,12.4756,0.8,0,1
509281,flyer1,8.02768,8.12447,-0.282411,0.101214,2
509282,player,2.09453,12.4606,-0.151141,-0.00182864,1
509283,flyer3,15,5.08806,-0.3,0,2
509284,flyer2,7.5,5.08806,-0.3,0,2
509284,bullet3,6.97791,12.4756,0.8,0,1
509284,bullet4,2.39591,12.4594,0.8,0,1
509286,flyer1,6.61563,8.63054,-0.282411,0.101214,2
509286,bullet5,2.37594,12.4592,0.8,0,1
509287,player,1.97315,12.4592,-0.00278897,-3.37436e-05,1
509288,flyer3,13.5,5.08806,-0.3,0,2
509288,bullet6,2.37189,12.4592,0.8,0,1
509289,flyer2,5.99999,5.08806,-0.3,0,2
509289,bullet3,10.9779,12.4756,0.8,0,1
509289,bullet4,6.39591,12.4594,0.8,0,1
509291,flyer1,5.20357,9.13661,-0.282411,0.101214,2
509291,bullet5,6.37594,12.4592,0.8,0,1
509292,player,2.46028,12.9485,0.151824,0.151874,1
509293,flyer3,12,5.08806,-0.3,0,2
509293,bullet6,6.37189,12.4592,0.8,0,1
509294,flyer2,4.49999,5.08806,-0.3,0,2
509294,bullet3,14.9779,12.4756,0.8,0,1
509294,bullet4,10.3959,12.4594,0.8,0,1
509296,flyer1,3.79152,9.64268,-0.282411,0.101214,2
509296,bullet5,10.3759,12.4592,0.8,0,1
509296,bullet1,2.49004,13.0677,0.8,0,1
509297,player,2.02449,13.0705,-0.0655422,0.00280251,1
509298,flyer3,10.5,5.08806,-0.3,0,2
509298,bullet6,10.3719,12.4592,0.8,0,1
509299,flyer2,2.99999,5.08806,-0.3,0,2
509299,bullet4,14.3959,12.4594,0.8,0,1
509301,flyer1,2.37947,10.1487,-0.282411,0.101214,2
509301,bullet5,14.3759,12.4592,0.8,0,1
509301,bullet1,6.49004,13.0677,0.8,0,1
509302,player,1.9857,14.2635,-0.0181245,0.044646,1
509303,flyer3,9,5.08806,-0.3,0,2
509303,bullet6,14.3719,12.4592,0.8,0,1
509303,bullet2,2.37754,14.2836,0.8,0,1
509304,flyer2,1.49999,5.08806,-0.3,0,2
509306,flyer1,0.967415,10.6548,-0.282411,0.101214,2
509306,bullet1,10.49,13.0677,0.8,0,1
509307,player,1.9028,13.81,0.0831968,-0.151051,1
509308,flyer3,7.5,5.08806,-0.3,0,2
509308,bullet2,6.37754,14.2836,0.8,0,1
509309,flyer2,-6.4373e-06,5.08806,-0.3,0,2
509309,bullet3,2.84646,13.2221,0.8,0,1
509311,flyer1,-0.444639,11.1609,-0.282411,0.101214,2
509311,bullet1,14.49,13.0677,0.8,0,1
509311,bullet4,2.95655,13.103,0.8,0,1
509312,player,2.57192,13.0864,0.0153748,-0.0166269,1
509313,flyer3,5.99999,5.08806,-0.3,0,2
509313,bullet2,10.3775,14.2836,0.8,0,1
509314,bullet3,6.84646,13.2221,0.8,0,1
509316,bullet4,6.95655,13.103,0.8,0,1
509317,player,3.07365,13.073,0.152159,-0.000306814,1
509318,flyer3,4.49999,5.08806,-0.3,0,2
509318,bullet2,14.3775,14.2836,0.8,0,1
509319,bullet3,10.8465,13.2221,0.8,0,1
509319,bullet5,3.57293,13.5622,0.8,0,1
509321,bullet4,10.9566,13.103,0.8,0,1
509322,player,2.70647,13.1857,-0.149067,-0.138041,1
509323,flyer3,2.99999,5.08806,-0.3,0,2
509324,bullet3,14.8465,13.2221,0.8,0,1
509324,bullet5,7.57293,13.5622,0.8,0,1
509326,flyer4,16.5,12.7618,-0.3,0,2
509326,bullet4,14.9566,13.103,0.8,0,1
509326,bullet6,2.40103,13.5668,0.8,0,1
509327,player,1.98444,13.6326,-0.0165903,0.0657965,1
509328,flyer3,1.49999,5.08806,-0.3,0,2
509328,bullet1,2.37698,13.6622,0.8,0,1
509329,bullet5,11.5729,13.5622,0.8,0,1
509331,flyer4,15,12.7618,-0.3,0,1
509331,bullet6,6.40103,13.5668,0.8,0,1
509332,player,1.4134,13.6171,-0.0686499,0.0847454,1
509333,flyer3,-6.4373e-06,5.08806,-0.3,0,2
509333,bullet1,6.37698,13.6622,0.8,0,1
509333,bullet2,1.78251,13.6552,0.8,0,1
509334,bullet3,1.76861,13.6724,0.8,0,1
509336,bullet6,10.401,13.5668,0.8,0,1
509337,player,1.69577,14.0226,0.336233,0.339064,1
509338,bullet1,10.377,13.6622,0.8,0,1
509338,bullet2,5.78251,13.6552,0.8,0,1
509339,bullet3,5.76861,13.6724,0.8,0,1
509341,bullet6,14.401,13.5668,0.8,0,1
509342,player,0.918698,14.2266,-0.214014,0.0897879,1
509343,bullet1,14.377,13.6622,0.8,0,1
509343,bullet2,9.78251,13.6552,0.8,0,1
509344,flyer5,16.5,12.7618,-0.3,0,2
509344,bullet3,9.76861,13.6724,0.8,0,1
509346,flyer6,16.5,12.7618,-0.3,0,2
509346,bullet4,0.8,13.1508,0.8,0,1
509347,player,0.733162,13.1079,0.333162,-0.0429375,1
509348,bullet2,13.7825,13.6552,0.8,0,1
509349,flyer5,15,12.7618,-0.3,0,1
509349,bullet3,13.7686,13.6724,0.8,0,1
509351,flyer6,15,12.7618,-0.3,0,2
509351,bullet4,4.8,13.1508,0.8,0,1
509352,player,1.09982,12.9743,-0.114973,0.120328,1
509353,bullet5,1.44808,13.0285,0.8,0,1
509354,flyer5,13.5,12.7618,-0.3,0,1
509356,flyer6,13.5,12.7618,-0.3,0,2
509356,bullet4,8.8,13.1508,0.8,0,1
509357,player,1.59596,13.071,0.0286331,0.00222039,1
509357,bullet6,1.99596,13.071,0.8,0,1
509358,bullet5,5.44808,13.0285,0.8,0,1
509359,flyer5,12,12.7618,-0.3,0,0
509359,bullet1,2.01464,13.0724,0.8,0,1
509361,flyer6,12,12.7618,-0.3,0,2
509361,bullet2,2.01842,13.0727,0.8,0,1
509362,player,1.61895,13.0727,0.000528362,4.09724e-05,1
509362,bullet6,5.99596,13.071,0.8,0,1
509363,bullet5,9.44808,13.0285,0.8,0,1
509364,bullet1,6.01464,13.0724,0.8,0,1
509364,bullet3,2.50867,13.0728,0.8,0,1
509366,flyer6,10.5,12.7618,-0.3,0,1
509366,bullet2,6.01842,13.0727,0.8,0,1
509367,player,2.22169,13.0728,0.0138494,7.56057e-07,1
509367,bullet4,2.62169,13.0728,0.8,0,1
509369,bullet1,10.0146,13.0724,0.8,0,1
509369,bullet3,6.50867,13.0728,0.8,0,1
509371,bullet2,10.0184,13.0727,0.8,0,1
509372,player,2.23281,13.4103,0.00025556,0.3375,1
509372,bullet4,6.62169,13.0728,0.8,0,1
509374,bullet1,14.0146,13.0724,0.8,0,1
509374,bullet3,10.5087,13.0728,0.8,0,1
509376,bullet2,14.0184,13.0727,0.8,0,1
509377,player,2.23302,13.1919,4.71579e-06,-0.145647,1
509377,flayer7,16.5,12.7618,-0.249807,0.166121,2
509377,bullet4,10.6217,13.0728,0.8,0,1
509379,bullet3,14.5087,13.0728,0.8,0,1
509379,bullet5,2.14364,12.6075,0.8,0,1
509382,player,1.63071,12.962,-0.0138395,0.135348,1
509382,bullet4,14.6217,13.0728,0.8,0,1
509382,bullet6,2.03071,12.962,0.8,0,1
509384,bullet5,6.14365,12.6075,0.8,0,1
509385,flayer8,16.5,12.7618,-0.3,0,2
509385,bullet1,2.50979,13.0627,0.8,0,1
509387,player,2.20807,13.0707,0.0304993,0.00249755,1
509387,bullet6,6.03071,12.962,0.8,0,1
509389,bullet5,10.1436,12.6075,0.8,0,1
509389,bullet2,2.62797,13.0724,0.8,0,1
509390,flayer8,15,12.7618,-0.3,0,2
509390,bullet1,6.50979,13.0627,0.8,0,1
509392,player,2.23256,13.0727,0.000562798,4.60868e-05,1
509392,bullet6,10.0307,12.962,0.8,0,1
509394,bullet2,6.62797,13.0724,0.8,0,1
509394,bullet3,2.63293,13.0728,0.8,0,1
509395,flayer8,13.5,12.7618,-0.3,0,1
509395,bullet1,10.5098,13.0627,0.8,0,1
509397,player,1.74364,13.5621,-0.151865,0.151876,1
509398,bullet4,2.0753,13.6305,0.8,0,1
509399,bullet2,10.628,13.0724,0.8,0,1
509399,bullet3,6.63293,13.0728,0.8,0,1
509400,bullet1,14.5098,13.0627,0.8,0,1
509402,player,1.62168,12.8572,-0.00280233,-0.486572,1
509403,flyer2,16.5,6.04503,-0.280551,-0.106259,2
509403,bullet4,6.0753,13.6305,0.8,0,1
509404,bullet2,14.628,13.0724,0.8,0,1
509404,bullet3,10.6329,13.0728,0.8,0,1
509407,player,1.61943,11.3886,-5.17109e-05,-0.191608,1
509407,flyer1,16.5,6.04503,-0.299983,-0.00320234,2
509408,flyer2,15.0972,5.51373,-0.280551,-0.106259,2
509408,bullet4,10.0753,13.6305,0.8,0,1
509409,bullet3,14.6329,13.0728,0.8,0,1
509411,bullet5,1.98863,11.269,0.8,0,1
509412,player,1.94305,10.9111,0.354414,-0.357951,1
509412,flyer1,15.0001,6.02902,-0.299983,-0.00320234,2
509413,flyer2,13.6945,4.98244,-0.280551,-0.106259,2
509413,bullet4,14.0753,13.6305,0.8,0,1
509414,bullet6,2.5743,10.6775,0.8,0,1
509416,bullet5,5.98863,11.269,0.8,0,1
509416,bullet1,1.82113,10.6302,-0.8,-6.99382e-08,1
509417,player,2.22767,10.6236,0.00653994,-0.0066052,1
509417,flyer1,13.5002,6.013,-0.299983,-0.00320234,2
509417,bullet2,2.62767,10.6236,0.8,0,1
509418,flyer2,12.2917,4.45114,-0.280551,-0.106259,2
509419,bullet6,6.5743,10.6775,0.8,0,1
509420,bullet3,2.63253,10.6187,0.8,0,1
509421,bullet5,9.98863,11.269,0.8,0,1
509422,player,2.7223,10.6183,0.151996,-0.000121884,1
509422,flyer1,12.0003,5.99699,-0.299983,-0.00320234,2
509422,bullet2,6.62767,10.6236,0.8,0,1
509423,flyer2,10.889,3.91985,-0.280551,-0.106259,2
509424,bullet6,10.5743,10.6775,0.8,0,1
509425,bullet3,6.63253,10.6187,0.8,0,1
509426,bullet5,13.9886,11.269,0.8,0,1
509427,player,1.75268,11.1076,-0.16291,0.151873,1
509427,flyer1,10.5003,5.98098,-0.299983,-0.00320234,2
509427,bullet2,10.6277,10.6236,0.8,0,1
509428,flyer2,9.4862,3.38856,-0.280551,-0.106259,2
509429,bullet6,14.5743,10.6775,0.8,0,1
509430,bullet3,10.6325,10.6187,0.8,0,1
509430,bullet4,2.03153,11.2205,0.8,0,1
509432,player,2.11122,10.7402,0.148869,-0.149073,1
509432,flyer1,9.00043,5.96497,-0.299983,-0.00320234,2
509432,bullet2,14.6277,10.6236,0.8,0,1
509433,flyer2,8.08344,2.85726,-0.280551,-0.106259,2
509435,bullet3,14.6325,10.6187,0.8,0,1
509435,bullet4,6.03153,11.2205,0.8,0,1
509437,player,1.03999,11.8113,-0.0418472,0.0418435,1
509437,flyer1,7.50051,5.94895,-0.299983,-0.00320234,2
509437,bullet1,1.43999,11.8113,0.8,0,1
509438,flyer2,6.68069,2.32597,-0.280551,-0.106259,2
509438,bullet5,1.42116,11.8301,0.8,0,1
509440,bullet4,10.0315,11.2205,0.8,0,1
509441,bullet6,0.917779,11.3547,0.8,0,1
509442,player,0.448663,11.2871,-0.069116,-0.0675716,1
509442,flyer1,6.0006,5.93294,-0.299983,-0.00320234,2
509442,bullet1,5.43999,11.8113,0.8,0,1
509443,flyer2,5.27793,1.79468,-0.280551,-0.106259,2
509443,bullet5,5.42116,11.8301,0.8,0,1
509445,bullet4,14.0315,11.2205,0.8,0,1
509446,bullet6,4.91778,11.3547,0.8,0,1
509447,player,0.393157,11.2329,-0.00127538,-0.00124689,1
509447,flyer1,4.50068,5.91693,-0.299983,-0.00320234,2
509447,bullet1,9.43999,11.8113,0.8,0,1
509448,flyer2,3.87517,1.26338,-0.280551,-0.106259,2
509448,bullet5,9.42116,11.8301,0.8,0,1
509451,bullet6,8.91778,11.3547,0.8,0,1
509451,bullet2,0.8,11.331,0.8,0,1
509452,player,0.4,11.2765,0,-0.0545271,1
509452,flyer1,3.00076,5.90092,-0.299983,-0.00320234,2
509452,bullet1,13.44,11.8113,0.8,0,1
509453,flyer2,2.47241,0.732091,-0.280551,-0.106259,2
509453,bullet5,13.4212,11.8301,0.8,0,1
509456,bullet6,12.9178,11.3547,0.8,0,1
509456,bullet2,4.8,11.331,0.8,0,1
509457,player,0.620219,12.7164,-0.269156,0.435592,1
509457,flyer1,1.50085,5.88491,-0.299983,-0.00320234,2
509458,flyer2,1.06966,0.200798,-0.280551,-0.106259,2
509460,bullet3,0.820068,13.0403,0.8,0,1
509461,bullet2,8.8,11.331,0.8,0,1
509461,bullet4,0.809031,13.0582,0.8,0,1
509462,player,0.404064,13.0662,-0.00496669,0.0080379,1
509462,flyer1,0.000935435,5.86889,-0.299983,-0.00320234,2
509463,flyer2,-0.3331,-0.330495,-0.280551,-0.106259,2
509465,flyer4,16.5,6.04503,-0.214206,0.210037,2
509465,bullet3,4.82007,13.0403,0.8,0,1
509466,bullet2,12.8,11.331,0.8,0,1
509466,bullet4,4.80903,13.0582,0.8,0,1
509467,player,0.4,12.8078,-0,0.323809,1
509468,bullet1,0.8,12.9536,0.8,0,1
509470,flyer4,15.429,7.09521,-0.214206,0.210037,2
509470,bullet3,8.82007,13.0403,0.8,0,1
509471,bullet4,8.80903,13.0582,0.8,0,1
509472,player,0.4,13.0679,0,0.00597518,1
509472,bullet5,0.8,13.0679,0.8,0,1
509473,bullet1,4.8,12.9536,0.8,0,1
509475,flyer4,14.3579,8.1454,-0.214206,0.210037,2
509475,bullet3,12.8201,13.0403,0.8,0,1
509476,bullet4,12.809,13.0582,0.8,0,1
509477,player,0.957719,13.0727,0.0683438,0.000110259,1
509477,bullet5,4.8,13.0679,0.8,0,1
509478,bullet1,8.8,12.9536,0.8,0,1
509480,flyer4,13.2869,9.19559,-0.214206,0.210037,2
509481,flyer3,16.5,6.04503,-0.3,0,2
509481,bullet6,1.41134,13.0728,0.8,0,1
509482,player,1.0126,13.0728,0.00126113,2.03459e-06,1
509482,bullet5,8.8,13.0679,0.8,0,1
509482,bullet2,1.4126,13.0728,0.8,0,1
509483,bullet1,12.8,12.9536,0.8,0,1
509485,flyer4,12.2159,10.2458,-0.214206,0.210037,2
509486,flyer3,15,6.04503,-0.3,0,2
509486,bullet6,5.41134,13.0728,0.8,0,1
509487,player,0.914519,12.4843,0.121144,-0.0307546,1
509487,bullet5,12.8,13.0679,0.8,0,1
509487,bullet2,5.4126,13.0728,0.8,0,1
509488,bullet3,1.36903,12.4705,0.8,0,1
509490,flyer4,11.1449,11.296,-0.214206,0.210037,2
509491,flyer3,13.5,6.04503,-0.3,0,2
509491,bullet6,9.41134,13.0728,0.8,0,1
509492,player,0.423334,11.9702,-0.0285192,-0.152442,1
509492,bullet2,9.41261,13.0728,0.8,0,1
509492,bullet4,0.823334,11.9702,0.8,0,1
509493,bullet3,5.36903,12.4705,0.8,0,1
509495,flyer4,10.0738,12.3461,-0.214206,0.210037,2
509496,flyer3,12,6.04503,-0.3,0,2
509496,bullet6,13.4113,13.0728,0.8,0,1
509497,player,0.4,11.3584,0,-0.154688,1
509497,bullet2,13.4126,13.0728,0.8,0,1
509497,bullet4,4.82333,11.9702,0.8,0,1
509500,flyer4,9.0028,13.3963,-0.214206,0.210037,1
509501,flyer3,10.5,6.04503,-0.3,0,2
509502,player,0.4,11.4726,-0,0.455766,1
509502,bullet4,8.82333,11.9702,0.8,0,1
509503,flyer5,16.5,6.04503,-0.3,0,2
509505,flyer4,7.93177,14.4465,-0.214206,0.210037,1
509505,bullet1,0.8,11.8115,0.8,0,1
509506,flyer3,9,6.04503,-0.3,0,2
509507,player,0.4,11.8386,0,0.00841016,1
509507,bullet4,12.8233,11.9702,0.8,0,1
509507,bullet5,0.8,11.8386,0.8,0,1
509508,flyer5,15,6.04503,-0.3,0,2
509509,bullet3,0.8,11.8441,0.8,0,1
509510,flyer4,6.86074,15.4967,-0.214206,0.210037,1
509510,bullet1,4.8,11.8115,0.8,0,1
509511,flyer3,7.5,6.04503,-0.3,0,2
509512,player,0.4,11.8454,0,0.000155191,1
509512,bullet5,4.8,11.8386,0.8,0,1
509513,flyer5,13.5,6.04503,-0.3,0,2
509514,bullet3,4.8,11.8441,0.8,0,1
509515,bullet1,8.8,11.8115,0.8,0,1
509515,bullet6,1.28938,11.3561,0.8,0,1
509516,flyer3,5.99999,6.04503,-0.3,0,2
509517,player,0.988474,11.257,0.0307547,-0.0307518,1
509517,bullet5,8.8,11.8386,0.8,0,1
509518,flyer5,12,6.04503,-0.3,0,2
509519,bullet3,8.8,11.8441,0.8,0,1
509520,bullet1,12.8,11.8115,0.8,0,1
509520,bullet6,5.28938,11.3561,0.8,0,1
509521,flyer3,4.49999,6.04503,-0.3,0,2
509522,player,1.11227,11.7217,-0.120553,0.151308,1
509522,bullet5,12.8,11.8386,0.8,0,1
509523,flyer5,10.5,6.04503,-0.3,0,2
509524,bullet3,12.8,11.8441,0.8,0,1
509525,bullet6,9.28938,11.3561,0.8,0,1
509526,flyer3,2.99999,6.04503,-0.3,0,2
509526,bullet2,0.859962,12.3981,0.8,0,1
509527,player,0.426983,12.4317,-0.0329792,0.0335467,1
509527,bullet4,0.826983,12.4317,0.8,0,1
509528,flyer5,9,6.04503,-0.3,0,2
509530,bullet6,13.2894,11.3561,0.8,0,1
509531,flyer3,1.49999,6.04503,-0.3,0,2
509531,bullet2,4.85996,12.3981,0.8,0,1
509532,player,0.4,12.948,0,0.152494,1
509532,bullet4,4.82698,12.4317,0.8,0,1
509533,flyer5,7.5,6.04503,-0.3,0,2
509534,bullet1,1.28938,13.0475,0.8,0,1
509536,flyer3,-6.4373e-06,6.04503,-0.3,0,2
509536,bullet2,8.85996,12.3981,0.8,0,1
509537,player,0.664813,12.5811,-0.32366,-0.149061,1
509537,bullet4,8.82698,12.4317,0.8,0,1
509538,flyer5,5.99999,6.04503,-0.3,0,2
509539,bullet1,5.28938,13.0475,0.8,0,1
509541,bullet2,12.86,12.3981,0.8,0,1
509541,bullet5,0.8,12.4641,0.8,0,1
509542,player,0.4,12.4614,0,-0.0027506,1
509542,bullet4,12.827,12.4317,0.8,0,1
509543,flyer5,4.49999,6.04503,-0.3,0,2
509544,bullet1,9.28938,13.0475,0.8,0,1
509546,bullet5,4.8,12.4641,0.8,0,1
509546,bullet3,0.8,12.4592,0.8,0,1
509547,player,0.4,12.1217,-0,-0.337551,1
509548,flyer5,2.99999,6.04503,-0.3,0,2
509549,bullet1,13.2894,13.0475,0.8,0,1
509549,bullet6,0.8,11.9014,0.8,0,1
509551,bullet5,8.8,12.4641,0.8,0,1
509551,bullet3,4.8,12.4592,0.8,0,1
509552,player,0.4,11.8506,0,-0.00622876,1
509553,flyer5,1.49999,6.04503,-0.3,0,2
509554,bullet6,4.8,11.9014,0.8,0,1
509556,bullet5,12.8,12.4641,0.8,0,1
509556,bullet3,8.8,12.4592,0.8,0,1
509557,player,1.25329,12.7854,-0.292906,0.351225,1
509558,flyer5,-6.4373e-06,6.04503,-0.3,0,2
509559,bullet6,8.8,11.9014,0.8,0,1
509560,flyer6,16.5,10.7812,-0.233692,0.188117,2
509560,bullet2,1.43547,12.5572,0.8,0,1
509561,bullet3,12.8,12.4592,0.8,0,1
509562,player,1.01806,12.479,-0.00540493,-0.0242736,1
509563,bullet4,1.41563,12.4681,0.8,0,1
509564,bullet6,12.8,11.9014,0.8,0,1
509565,flyer6,15.3315,11.7218,-0.233692,0.188117,1
509565,bullet2,5.43547,12.5572,0.8,0,1
509567,player,1.50309,12.4595,0.151775,-0.000447916,1
509567,bullet1,1.90309,12.4595,0.8,0,1
509568,bullet4,5.41563,12.4681,0.8,0,1
509570,bullet2,9.43548,12.5572,0.8,0,1
509570,bullet5,2.01596,12.4592,0.8,0,1
509572,player,1.62498,12.4591,0.00280068,-8.26531e-06,1
509572,bullet1,5.90309,12.4595,0.8,0,1
509573,bullet4,9.41563,12.4681,0.8,0,1
509575,bullet2,13.4355,12.5572,0.8,0,1
509575,bullet5,6.01596,12.4592,0.8,0,1
509577,player,1.96473,11.8707,0.337552,-0.0307548,1
509577,bullet1,9.90309,12.4595,0.8,0,1
509578,bullet4,13.4156,12.4681,0.8,0,1
509579,flayer7,16.5,14.0498,-0.293765,0.0608429,2
509580,bullet5,10.016,12.4592,0.8,0,1
509582,player,2.72519,11.2575,0.158104,-0.0313222,1
509582,flayer8,16.5,4.08806,-0.3,0,2
509582,bullet1,13.9031,12.4595,0.8,0,1
509584,flayer7,15.0312,14.354,-0.293765,0.0608429,2
509585,bullet5,14.016,12.4592,0.8,0,1
509586,flyer2,16.5,4.08806,-0.3,0,2
509586,bullet3,2.10305,11.8214,0.8,0,1
509587,player,1.66137,11.8346,-0.0416768,0.0132616,1
509587,flayer8,15,4.08806,-0.3,0,2
509587,bullet6,2.06137,11.8346,0.8,0,1
509589,flayer7,13.5623,14.6582,-0.293765,0.0608429,2
509590,bullet2,2.03038,11.8445,0.8,0,1
509591,flyer2,15,4.08806,-0.3,0,2
509591,bullet3,6.10305,11.8214,0.8,0,1
509592,player,1.13853,11.3559,-0.152644,-0.15163,1
509592,flayer8,13.5,4.08806,-0.3,0,2
509592,bullet6,6.06137,11.8346,0.8,0,1
509593,bullet4,0.669837,11.2877,-0.8,-6.99382e-08,1
509594,flayer7,12.0935,14.9624,-0.293765,0.0608429,2
509595,bullet2,6.03038,11.8445,0.8,0,1
509596,flyer2,13.5,4.08806,-0.3,0,2
509596,bullet3,10.1031,11.8214,0.8,0,1
509597,player,1.11504,10.6457,-0.123937,-0.0335527,1
509597,flayer8,12,4.08806,-0.3,0,2
509597,bullet6,10.0614,11.8346,0.8,0,1
509599,flayer7,10.6247,15.2667,-0.293765,0.0608429,2
509600,bullet2,10.0304,11.8445,0.8,0,1
509601,flyer2,12,4.08806,-0.3,0,2
509601,bullet3,14.1031,11.8214,0.8,0,1
509602,player,1.12845,10.061,-0.140322,-0.0689629,1
509602,flayer8,10.5,4.08806,-0.3,0,2
509602,bullet6,14.0614,11.8346,0.8,0,1
509603,bullet1,1.4653,10.03,0.8,0,1
509604,flayer7,9.15587,15.5709,-0.293765,0.0608429,2
509604,bullet5,1.43688,10.016,0.8,0,1
509605,bullet2,14.0304,11.8445,0.8,0,1
509606,flyer2,10.5,4.08806,-0.3,0,2
509607,player,1.01575,10.0056,-0.00258934,-0.00127256,1
509607,flayer8,9,4.08806,-0.3,0,2
509608,bullet1,5.4653,10.03,0.8,0,1
509608,bullet4,1.41459,10.0051,0.8,0,1
509609,flayer7,7.68705,15.8751,-0.293765,0.0608429,2
509609,bullet5,5.43688,10.016,0.8,0,1
509611,flyer2,9,4.08806,-0.3,0,2
509611,bullet3,1.41372,9.51525,0.8,0,1
509612,player,1.01367,9.44688,-4.77807e-05,-0.0683672,1
509612,flayer8,7.5,4.08806,-0.3,0,2
509613,bullet1,9.4653,10.03,0.8,0,1
509613,bullet4,5.41459,10.0051,0.8,0,1
509614,flayer7,6.21822,16.1793,-0.293765,0.0608429,2
509614,bullet5,9.43689,10.016,0.8,0,1
509616,flyer2,7.5,4.08806,-0.3,0,2
509616,bullet3,5.41372,9.51525,0.8,0,1
509617,player,0.455918,9.39198,-0.0683446,-0.00126157,1
509617,flayer8,5.99999,4.08806,-0.3,0,2
509618,bullet1,13.4653,10.03,0.8,0,1
509618,bullet4,9.41459,10.0051,0.8,0,1
509619,flayer7,4.74939,16.4835,-0.293765,0.0608429,2
509619,bullet5,13.4369,10.016,0.8,0,1
509621,flyer2,5.99999,4.08806,-0.3,0,2
509621,bullet3,9.41372,9.51525,0.8,0,1
509622,player,0.889375,10.4827,0.151875,0.165691,1
509622,flayer8,4.49999,4.08806,-0.3,0,2
509623,bullet4,13.4146,10.0051,0.8,0,1
509623,bullet6,0.557719,10.5572,-0.8,-6.99382e-08,1
509626,flyer2,4.49999,4.08806,-0.3,0,2
509626,bullet3,13.4137,9.51525,0.8,0,1
509627,player,1.93732,11.2042,0.371057,0.0338122,1
509627,flayer8,2.99999,4.08806,-0.3,0,2
509627,flyer1,16.5,4.08806,-0.295479,-0.0518851,2
509628,bullet2,2.50429,11.2194,0.8,0,1
509630,bullet1,2.61324,11.2293,0.8,0,1
509631,flyer2,2.99999,4.08806,-0.3,0,2
509632,player,2.23531,10.742,0.00684705,-0.151251,1
509632,flayer8,1.49999,4.08806,-0.3,0,2
509632,flyer1,15.0226,3.82863,-0.295479,-0.0518851,2
509633,bullet2,6.50429,11.2194,0.8,0,1
509635,bullet1,6.61325,11.2293,0.8,0,1
509635,bullet5,2.6404,10.6295,0.8,0,1
509636,flyer2,1.49999,4.08806,-0.3,0,2
509636,bullet6,2.64068,10.6233,0.8,0,1
509637,player,2.24081,10.6205,0.000126347,-0.00279101,1
509637,flayer8,-6.4373e-06,4.08806,-0.3,0,2
509637,flyer1,13.5452,3.56921,-0.295479,-0.0518851,2
509638,bullet2,10.5043,11.2194,0.8,0,1
509640,bullet1,10.6132,11.2293,0.8,0,1
509640,bullet5,6.6404,10.6295,0.8,0,1
509641,flyer2,-6.4373e-06,4.08806,-0.3,0,2
509641,bullet6,6.64068,10.6233,0.8,0,1
509642,player,2.24091,10.6183,2.33146e-06,-5.15019e-05,1
509642,flyer1,12.0678,3.30978,-0.295479,-0.0518851,2
509643,bullet2,14.5043,11.2194,0.8,0,1
509645,bullet1,14.6132,11.2293,0.8,0,1
509645,bullet5,10.6404,10.6295,0.8,0,1
509646,bullet6,10.6407,10.6233,0.8,0,1
509647,player,2.02069,10.9111,0.269156,0.392003,1
509647,flyer1,10.5904,3.05035,-0.295479,-0.0518851,2
509648,flyer4,16.5,13.9674,-0.290029,0.0767031,2
509650,bullet5,14.6404,10.6295,0.8,0,1
509651,bullet6,14.6407,10.6233,0.8,0,1
509652,player,1.85475,10.933,-0.278029,-0.384771,1
509652,flyer1,9.11303,2.79093,-0.295479,-0.0518851,2
509653,flyer4,15.0499,14.351,-0.290029,0.0767031,2
509653,flyer3,16.5,13.9674,-0.3,0,2
509654,flyer5,16.5,15.1595,-0.237427,0.183381,2
509655,bullet4,1.49028,11.2046,0.8,0,1
509657,player,1.02916,11.2263,-0.01897,0.00673951,1
509657,flyer1,7.63563,2.5315,-0.295479,-0.0518851,2
509658,flyer4,13.5997,14.7345,-0.290029,0.0767031,2
509658,flyer3,15,13.9674,-0.3,0,2
509659,flyer5,15.3129,16.0764,-0.237427,0.183381,2
509660,bullet4,5.49028,11.2046,0.8,0,1
509660,bullet3,0.857331,11.7891,0.8,0,1
509662,player,0.411609,11.8341,-0.0141897,0.013964,1
509662,flyer1,6.15824,2.27208,-0.295479,-0.0518851,2
509662,bullet2,0.811609,11.8341,0.8,0,1
509663,flyer4,12.1496,15.118,-0.290029,0.0767031,2
509663,flyer3,13.5,13.9674,-0.3,0,2
509665,bullet4,9.49028,11.2046,0.8,0,1
509665,bullet3,4.85733,11.7891,0.8,0,1
509667,player,0.836812,11.5078,0.216118,-0.337242,1
509667,flyer1,4.68084,2.01265,-0.295479,-0.0518851,2
509667,bullet2,4.81161,11.8341,0.8,0,1
509668,flyer4,10.6994,15.5015,-0.290029,0.0767031,2
509668,flyer3,12,13.9674,-0.3,0,2
509669,bullet1,1.37783,11.2877,0.8,0,1
509670,bullet4,13.4903,11.2046,0.8,0,1
509670,bullet3,8.85733,11.7891,0.8,0,1
509672,player,1.01037,11.5744,0.00398798,0.331277,1
509672,flyer1,3.20344,1.75323,-0.295479,-0.0518851,2
509672,bullet2,8.81161,11.8341,0.8,0,1
509673,flyer4,9.24928,15.885,-0.290029,0.0767031,2
509673,flyer3,10.5,13.9674,-0.3,0,2
509674,bullet1,5.37783,11.2877,0.8,0,1
509674,bullet5,1.41298,11.7906,0.8,0,1
509675,bullet3,12.8573,11.7891,0.8,0,1
509677,player,0.676076,11.8405,-0.337426,0.00611299,1
509677,flyer1,1.72605,1.4938,-0.295479,-0.0518851,2
509677,bullet2,12.8116,11.8341,0.8,0,1
509678,flyer4,7.79914,16.2685,-0.290029,0.0767031,2
509678,flyer3,9,13.9674,-0.3,0,2
509679,bullet1,9.37783,11.2877,0.8,0,1
509679,bullet5,5.41298,11.7906,0.8,0,1
509682,player,0.894469,11.8454,0.145649,0.000112802,1
509682,flyer1,0.248653,1.23438,-0.295479,-0.0518851,2
509682,bullet2,16.8116,11.8341,0.8,0,1
509683,flyer3,7.5,13.9674,-0.3,0,2
509684,bullet1,13.3778,11.2877,0.8,0,1
509684,bullet5,9.41298,11.7906,0.8,0,1
509684,bullet6,0.90013,12.3349,0.8,0,1
509686,bullet4,0.820276,12.434,0.8,0,1
509687,player,0.409124,12.4478,-0.011152,0.0138417,1
509688,flyer3,5.99999,13.9674,-0.3,0,2
509689,bullet5,13.413,11.7906,0.8,0,1
509689,bullet6,4.90013,12.3349,0.8,0,1
509691,bullet4,4.82028,12.434,0.8,0,1
509692,player,1.10158,11.3811,-0.107486,-0.182374,1
509693,flyer3,4.49999,13.9674,-0.3,0,2
509693,flyer6,16.5,15.1595,-0.3,0,2
509694,bullet6,8.90013,12.3349,0.8,0,1
509696,bullet4,8.82028,12.434,0.8,0,1
509697,player,0.4,11.1217,-0,0.13467,1
509698,flyer3,2.99999,13.9674,-0.3,0,2
509698,flyer6,15,15.1595,-0.3,0,2
509699,bullet6,12.9001,12.3349,0.8,0,1
509700,bullet3,0.8,10.6641,0.8,0,1
509701,bullet4,12.8203,12.434,0.8,0,1
509701,bullet2,0.8,10.6389,0.8,0,1
509702,player,0.4,10.6275,0,-0.0113546,1
509703,flyer3,1.49999,13.9674,-0.3,0,2
509703,flyer6,13.5,15.1595,-0.3,0,2
509704,bullet1,0.8,10.6201,0.8,0,1
509705,bullet3,4.8,10.6641,0.8,0,1
509706,bullet2,4.8,10.6389,0.8,0,1
509707,player,0.4,10.6184,0,-0.000209524,1
509707,bullet5,0.8,10.6184,0.8,0,1
509708,flyer3,-6.4373e-06,13.9674,-0.3,0,2
509708,flyer6,12,15.1595,-0.3,0,2
509709,bullet1,4.8,10.6201,0.8,0,1
509710,bullet3,8.8,10.6641,0.8,0,1
509711,bullet2,8.8,10.6389,0.8,0,1
509712,player,0.4,10.0605,0,-0.0683476,1
509712,bullet5,4.8,10.6184,0.8,0,1
509713,flyer6,10.5,15.1595,-0.3,0,2
509714,bullet1,8.8,10.6201,0.8,0,1
509715,bullet3,12.8,10.6641,0.8,0,1
509716,bullet2,12.8,10.6389,0.8,0,1
509717,player,0.4,10.5941,0,0.0294935,1
509717,bullet5,8.8,10.6184,0.8,0,1
509718,flyer6,9,15.1595,-0.3,0,2
509719,bullet1,12.8,10.6201,0.8,0,1
509720,bullet6,1.35772,10.616,0.8,0,1
509722,player,1.00231,10.6178,0.0138396,0.000544238,1
509722,bullet5,12.8,10.6184,0.8,0,1
509723,flyer6,7.5,15.1595,-0.3,0,2
509723,bullet4,1.40854,10.618,0.8,0,1
509725,bullet6,5.35772,10.616,0.8,0,1
509725,bullet3,1.4126,10.6182,0.8,0,1
509727,player,1.01343,10.6182,0.00025538,1.00427e-05,1
509727,bullet2,1.41343,10.6182,0.8,0,1
509728,flyer6,5.99999,15.1595,-0.3,0,2
509728,bullet4,5.40854,10.618,0.8,0,1
509730,bullet6,9.35772,10.616,0.8,0,1
509730,bullet3,5.4126,10.6182,0.8,0,1
509732,player,0.524258,10.5499,-0.15187,0.0835314,1
509732,bullet2,5.41343,10.6182,0.8,0,1
509733,flyer6,4.49999,15.1595,-0.3,0,2
509733,bullet4,9.40854,10.618,0.8,0,1
509735,bullet6,13.3577,10.616,0.8,0,1
509735,bullet3,9.41261,10.6182,0.8,0,1
509737,player,0.990767,10.617,0.0279523,0.00154139,1
509737,bullet2,9.41343,10.6182,0.8,0,1
509738,flyer6,2.99999,15.1595,-0.3,0,2
509738,bullet4,13.4085,10.618,0.8,0,1
509740,bullet3,13.4126,10.6182,0.8,0,1
509740,bullet1,0.0538336,10.0604,-0.8,-6.99382e-08,1
509741,bullet5,0.824225,10.0297,0.8,0,1
509742,player,0.410901,10.0159,-0.0133238,-0.0138112,1
509742,bullet2,13.4134,10.6182,0.8,0,1
509743,flyer6,1.49999,15.1595,-0.3,0,2
509743,bullet6,0.804906,10.0097,0.8,0,1
509746,flayer7,16.5,15.1595,-0.3,0,2
509746,bullet5,4.82423,10.0297,0.8,0,1
509747,player,0.988675,9.41633,0.0305088,-0.0310095,1
509747,bullet1,1.38867,9.41633,0.8,0,1
509748,flyer6,-6.4373e-06,15.1595,-0.3,0,2
509748,bullet6,4.80491,10.0097,0.8,0,1
509749,bullet4,1.40858,9.3961,0.8,0,1
509751,flayer7,15,15.1595,-0.3,0,2
509751,bullet5,8.82423,10.0297,0.8,0,1
509752,player,0.5238,9.8808,-0.151312,0.151303,1
509752,bullet1,5.38867,9.41633,0.8,0,1
509753,bullet6,8.80491,10.0097,0.8,0,1
509754,bullet4,5.40858,9.3961,0.8,0,1
509756,flayer7,13.5,15.1595,-0.3,0,2
509756,bullet5,12.8242,10.0297,0.8,0,1
509757,player,0.753624,10.2533,0.317793,-0.303953,1
509757,bullet1,9.38868,9.41633,0.8,0,1
509758,bullet6,12.8049,10.0097,0.8,0,1
509759,bullet4,9.40858,9.3961,0.8,0,1
509761,flayer7,12,15.1595,-0.3,0,2
509761,bullet3,1.89235,10.0148,0.8,0,1
509762,player,1.56656,10.0092,0.0742079,-0.00560879,1
509762,bullet1,13.3887,9.41633,0.8,0,1
509764,bullet4,13.4086,9.3961,0.8,0,1
509765,bullet2,2.57946,10.005,0.8,0,1
509766,flayer7,10.5,15.1595,-0.3,0,2
509766,bullet3,5.89235,10.0148,0.8,0,1
509767,player,1.89096,10.3422,-0.322291,0.337397,1
509768,flayer8,16.5,6.72148,-0.249167,0.167081,2
509770,bullet2,6.57946,10.005,0.8,0,1
509770,bullet5,2.0513,11.1508,0.8,0,1
509771,flayer7,9,15.1595,-0.3,0,2
509771,bullet3,9.89235,10.0148,0.8,0,1
509771,bullet6,2.03808,11.1954,0.8,0,1
509772,player,1.63214,11.2154,-0.00594718,0.0200655,1
509773,flayer8,15.2542,7.55688,-0.249167,0.167081,2
509775,bullet2,10.5795,10.005,0.8,0,1
509775,bullet5,6.0513,11.1508,0.8,0,1
509776,flayer7,7.5,15.1595,-0.3,0,2
509776,bullet3,13.8924,10.0148,0.8,0,1
509776,bullet6,6.03809,11.1954,0.8,0,1
509777,player,1.28986,10.8941,-0.33761,-0.33713,1
509778,flayer8,14.0083,8.39229,-0.249167,0.167081,2
509780,bullet2,14.5795,10.005,0.8,0,1
509780,bullet5,10.0513,11.1508,0.8,0,1
509781,flayer7,5.99999,15.1595,-0.3,0,2
509781,bullet6,10.0381,11.1954,0.8,0,1
509781,bullet1,1.42496,10.0411,0.8,0,1
509782,player,1.01873,10.021,-0.00622985,-0.0200606,1
509783,flayer8,12.7625,9.22769,-0.249167,0.167081,2
509784,bullet4,1.41467,10.0079,0.8,0,1
509785,bullet5,14.0513,11.1508,0.8,0,1
509786,flayer7,4.49999,15.1595,-0.3,0,2
509786,bullet6,14.0381,11.1954,0.8,0,1
509786,bullet1,5.42496,10.0411,0.8,0,1
509787,player,0.456011,10.5626,-0.0684587,0.0679736,1
509788,flayer8,11.5167,10.0631,-0.249167,0.167081,2
509788,bullet3,0.825204,10.5932,0.8,0,1
509789,bullet4,5.41467,10.0079,0.8,0,1
509790,bullet2,0.805103,10.6132,0.8,0,1
509791,flayer7,2.99999,15.1595,-0.3,0,2
509791,bullet1,9.42496,10.0411,0.8,0,1
509792,player,0.4,10.1278,0,-0.150621,1
509793,flayer8,10.2708,10.8985,-0.249167,0.167081,1
509793,bullet3,4.8252,10.5932,0.8,0,1
509794,bullet4,9.41467,10.0079,0.8,0,1
509795,bullet2,4.8051,10.6132,0.8,0,1
509796,flayer7,1.49999,15.1595,-0.3,0,2
509797,player,0.4,9.11164,-0.098001,-0.408623,1
509798,flayer8,9.02501,11.7339,-0.249167,0.167081,1
509798,bullet3,8.8252,10.5932,0.8,0,1
509798,bullet5,0.8,8.92776,0.8,0,1
509799,bullet4,13.4147,10.0079,0.8,0,1
509800,bullet2,8.8051,10.6132,0.8,0,1
509801,flayer7,-6.4373e-06,15.1595,-0.3,0,2
509802,player,0.957719,8.78348,0.0683438,-0.00754025,1
509803,flayer8,7.77917,12.5693,-0.249167,0.167081,1
509803,bullet3,12.8252,10.5932,0.8,0,1
509803,bullet5,4.8,8.92776,0.8,0,1
509805,bullet2,12.8051,10.6132,0.8,0,1
509807,player,0.675105,9.67265,-0.336239,0.405705,1
509808,flyer2,16.5,15.1595,-0.255302,-0.157546,2
509808,flayer8,6.53334,13.4047,-0.249167,0.167081,1
509808,bullet5,8.8,8.92776,0.8,0,1
509808,bullet6,0.923797,9.85521,0.8,0,1
509811,bullet1,1.30066,9.5016,0.8,0,1
509812,player,0.962795,9.44074,0.0621392,-0.0608574,1
509813,flyer2,15.2235,14.3718,-0.255302,-0.157546,2
509813,flayer8,5.28751,14.2401,-0.249167,0.167081,1
509813,bullet5,12.8,8.92776,0.8,0,1
509813,bullet6,4.9238,9.85521,0.8,0,1
509815,bullet4,1.89838,8.90611,0.8,0,1
509816,bullet1,5.30066,9.5016,0.8,0,1
509817,player,1.60117,8.4659,0.0319013,-0.369378,1
509818,flyer2,13.947,13.584,-0.255302,-0.157546,2
509818,flayer8,4.04168,15.0755,-0.249167,0.167081,1
509818,bullet6,8.9238,9.85521,0.8,0,1
509820,bullet4,5.89838,8.90611,0.8,0,1
509821,bullet1,9.30066,9.5016,0.8,0,1
509822,player,2.2291,7.00923,0.0144283,-0.0889994,1
509822,bullet3,1.8291,7.00923,-0.8,-6.99382e-08,1
509823,flyer2,12.6705,12.7963,-0.255302,-0.157546,2
509823,flayer8,2.79584,15.9109,-0.249167,0.167081,1
509823,bullet6,12.9238,9.85521,0.8,0,1
509825,bullet4,9.89838,8.90611,0.8,0,1
509826,bullet1,13.3007,9.5016,0.8,0,1
509827,player,1.0945,6.34928,-0.0988322,-0.032397,1
509827,bullet2,1.4945,6.34928,0.8,0,1
509828,flyer2,11.394,12.0086,-0.255302,-0.157546,2
509830,flyer5,16.5,6.72148,-0.3,0,2
509830,bullet4,13.8984,8.90611,0.8,0,1
509832,player,1.45173,6.91174,0.214556,0.0301569,1
509832,bullet2,5.4945,6.34928,0.8,0,1
509833,flyer2,10.1174,11.2209,-0.255302,-0.157546,2
509834,flyer4,16.5,0.862574,-0.289987,0.0768602,2
509834,bullet5,1.99172,6.93141,0.8,0,1
509835,flyer5,15,6.72148,-0.3,0,2
509835,bullet3,2.01128,6.93416,0.8,0,1
509837,player,1.62403,6.59846,0.00395916,-0.336944,1
509837,bullet2,9.4945,6.34928,0.8,0,1
509838,flyer2,8.84093,10.4331,-0.255302,-0.157546,2
509839,flyer4,15.0501,1.24688,-0.289987,0.0768602,2
509839,bullet5,5.99172,6.93141,0.8,0,1
509839,bullet6,2.02662,6.3786,0.8,0,1
509840,flyer5,13.5,6.72148,-0.3,0,2
509840,bullet3,6.01128,6.93416,0.8,0,1
509841,bullet1,2.02714,6.33408,0.8,0,1
509842,player,1.62721,6.32786,7.30577e-05,-0.00621756,1
509843,flyer2,7.56442,9.64539,-0.255302,-0.157546,2
509844,flyer4,13.6001,1.63118,-0.289987,0.0768602,2
509844,bullet5,9.99172,6.93141,0.8,0,1
509844,bullet6,6.02662,6.3786,0.8,0,1
509845,flyer5,12,6.72148,-0.3,0,1
509845,bullet3,10.0113,6.93416,0.8,0,1
509846,bullet1,6.02714,6.33408,0.8,0,1
509847,player,1.28977,6.32287,-0.337499,-0.000114731,1
509848,flyer2,6.28791,8.85766,-0.255302,-0.157546,2
509848,bullet4,1.5379,6.32281,0.8,0,1
509849,flyer4,12.1502,2.01548,-0.289987,0.0768602,2
509849,bullet6,10.0266,6.3786,0.8,0,1
509851,bullet1,10.0271,6.33408,0.8,0,1
509852,player,0.529355,5.8334,-0.158103,-0.151877,1
509852,bullet2,0.929355,5.8334,0.8,0,1
509853,flyer2,5.0114,8.06993,-0.255302,-0.157546,2
509853,bullet4,5.5379,6.32281,0.8,0,1
509854,flyer4,10.7002,2.39978,-0.289987,0.0768602,2
509854,bullet6,14.0266,6.3786,0.8,0,1
509856,bullet1,14.0271,6.33408,0.8,0,1
509857,player,0.43314,6.26915,-0.0405065,0.0655412,1
509857,bullet2,4.92936,5.8334,0.8,0,1
509858,flyer2,3.73489,7.2822,-0.255302,-0.157546,2
509858,bullet4,9.5379,6.32281,0.8,0,1
509859,flyer4,9.25031,2.78408,-0.289987,0.0768602,2
509862,player,1.47846,6.825,0.181882,0.136169,1
509862,bullet2,8.92936,5.8334,0.8,0,1
509863,flyer2,2.45838,6.49447,-0.255302,-0.157546,2
509863,bullet4,13.5379,6.32281,0.8,0,1
