599631,player,3.64779,12.4226,0,0,1
599631,bullet1,4.04779,12.4226,0.8,0,1
599633,bullet2,4.04779,12.4226,0.8,0,1
599635,bullet3,4.04779,12.4226,0.8,0,1
599636,player,3.64779,12.4226,0,0,1
599636,bullet1,8.0478,12.4226,0.8,0,1
599636,bullet4,4.04779,12.4226,0.8,0,1
599638,bullet2,8.0478,12.4226,0.8,0,1
599640,bullet3,8.0478,12.4226,0.8,0,1
599641,player,3.05932,11.9332,-0.0307547,-0.151875,1
599641,bullet1,12.0478,12.4226,0.8,0,1
599641,bullet4,8.0478,12.4226,0.8,0,1
599643,bullet2,12.0478,12.4226,0.8,0,1
599645,bullet3,12.0478,12.4226,0.8,0,1
599646,player,2.69712,11.8113,-0.338068,-0.00280252,1
599646,bullet1,16.0478,12.4226,0.8,0,1
599646,bullet4,12.0478,12.4226,0.8,0,1
599647,bullet5,2.94499,11.81,0.8,0,1
599648,bullet2,16.0478,12.4226,0.8,0,1
599650,bullet3,16.0478,12.4226,0.8,0,1
599651,player,3.47272,12.8561,0.21398,0.220167,1
599651,bullet4,16.0478,12.4226,0.8,0,1
599652,bullet5,6.94499,11.81,0.8,0,1
599653,flyer1,16.5,15.2326,-0.277013,-0.115169,2
599656,player,4.1201,13.5223,0.172739,0.155938,1
599657,bullet5,10.945,11.81,0.8,0,1
599657,bullet6,4.59783,13.5925,0.8,0,1
599658,flyer1,15.1149,14.6568,-0.277013,-0.115169,2
599659,bullet1,4.64855,13.6382,0.8,0,1
599660,bullet2,4.65564,13.6446,0.8,0,1
599661,player,4.25883,13.6475,0.00318751,0.00287749,1
599662,bullet5,14.945,11.81,0.8,0,1
599662,bullet6,8.59783,13.5925,0.8,0,1
599663,flyer1,13.7299,14.0809,-0.277013,-0.115169,2
599664,bullet1,8.64855,13.6382,0.8,0,1
599665,bullet2,8.65564,13.6446,0.8,0,1
599666,player,4.84986,14.2383,0.0308135,0.0308078,1
599666,bullet3,5.24986,14.2383,0.8,0,1
599668,flyer1,12.3448,13.5051,-0.277013,-0.115169,0
599670,bullet2,12.6556,13.6446,0.8,0,1
599671,player,4.80626,14.797,0.0840998,0.0979394,1
599671,bullet3,9.24986,14.2383,0.8,0,1
599672,bullet4,5.24411,14.8411,0.8,0,1
599673,bullet5,5.26114,14.8609,0.8,0,1
599675,flyer2,16.5,4.50577,-0.294099,-0.0592088,2
599676,player,4.8738,14.3863,0.00155188,-0.150068,1
599676,bullet3,13.2499,14.2383,0.8,0,1
599677,bullet4,9.24411,14.8411,0.8,0,1
599677,bullet6,5.2745,14.3188,0.8,0,1
599678,bullet5,9.26114,14.8609,0.8,0,1
599680,flyer2,15.0295,4.20972,-0.294099,-0.0592088,2
599681,player,4.38567,13.7764,-0.151846,-0.154644,1
599682,bullet4,13.2441,14.8411,0.8,0,1
599682,bullet6,9.2745,14.3188,0.8,0,1
599683,bullet5,13.2611,14.8609,0.8,0,1
599683,bullet1,4.68659,13.6755,0.8,0,1
599685,flyer2,13.559,3.91368,-0.294099,-0.0592088,2
599686,player,3.77435,14.1416,-0.154677,0.149021,1
599687,flyer3,16.5,4.50577,-0.3,0,2
599687,bullet6,13.2745,14.3188,0.8,0,1
599688,bullet1,8.68659,13.6755,0.8,0,1
599688,bullet2,4.5628,14.2388,0.8,0,1
599690,flyer2,12.0885,3.61764,-0.294099,-0.0592088,2
599691,player,5.07932,14.4131,0.50036,-0.182875,1
599692,flyer3,15,4.50577,-0.3,0,2
599693,bullet1,12.6866,13.6755,0.8,0,1
599693,bullet2,8.5628,14.2388,0.8,0,1
599695,flyer2,10.618,3.32159,-0.294099,-0.0592088,2
599696,player,4.99178,14.824,-0.142642,0.0649692,1
599697,flyer3,13.5,4.50577,-0.3,0,2
599698,flyer4,16.5,4.50577,-0.3,0,2
599698,bullet2,12.5628,14.2388,0.8,0,1
599698,bullet3,5.2987,15.3557,0.8,0,1
599700,flyer2,9.14753,3.02555,-0.294099,-0.0592088,2
599701,player,4.87722,15.6,-0.00263215,0.0881346,1
599702,flyer3,12,4.50577,-0.3,0,2
599703,flyer4,15,4.50577,-0.3,0,2
599703,bullet3,9.29871,15.3557,0.8,0,1
599704,bullet4,5.27527,15.6,0.8,0,1
599705,flyer2,7.67703,2.7295,-0.294099,-0.0592088,2
599706,player,4.38573,15.6,-0.151924,0,1
599707,flyer3,10.5,4.50577,-0.3,0,2
599708,flyer4,13.5,4.50577,-0.3,0,2
599708,bullet3,13.2987,15.3557,0.8,0,1
599708,bullet5,4.19723,15.1106,0.8,0,1
599709,bullet4,9.27527,15.6,0.8,0,1
599710,flyer2,6.20654,2.43346,-0.294099,-0.0592088,2
599711,player,3.17204,15.4871,-0.168518,0.138035,1
599712,flyer3,9,4.50577,-0.3,0,2
599712,bullet6,3.49621,15.5492,0.8,0,1
599713,flyer4,12,4.50577,-0.3,0,2
599713,bullet5,8.19723,15.1106,0.8,0,1
599714,bullet4,13.2753,15.6,0.8,0,1
599715,flyer2,4.73604,2.13741,-0.294099,-0.0592088,2
599715,bullet1,3.43982,15.5954,0.8,0,1
599716,player,3.03671,15.5979,-0.00310963,0.00254714,1
599717,flyer3,7.5,4.50577,-0.3,0,2
599717,bullet6,7.49621,15.5492,0.8,0,1
599718,flyer4,10.5,4.50577,-0.3,0,2
599718,bullet5,12.1972,15.1106,0.8,0,1
599720,flyer2,3.26554,1.84137,-0.294099,-0.0592088,2
599720,bullet1,7.43982,15.5954,0.8,0,1
599721,player,2.44573,15.1106,-0.0308121,-0.151828,1
599722,flyer3,5.99999,4.50577,-0.3,0,2
599722,bullet6,11.4962,15.5492,0.8,0,1
599723,flyer4,9,4.50577,-0.3,0,2
599723,bullet5,16.1972,15.1106,0.8,0,1
599724,bullet2,2.82282,14.44,0.8,0,1
599725,flyer2,1.79505,1.54533,-0.294099,-0.0592088,2
599725,bullet1,11.4398,15.5954,0.8,0,1
599726,player,2.91036,13.897,0.151306,-0.168516,1
599727,flyer3,4.49999,4.50577,-0.3,0,2
599727,bullet6,15.4962,15.5492,0.8,0,1
599728,flyer4,7.5,4.50577,-0.3,0,2
599729,bullet2,6.82282,14.44,0.8,0,1
599730,flyer2,0.324552,1.24928,-0.294099,-0.0592088,2
599730,bullet1,15.4398,15.5954,0.8,0,1
599731,player,2.4434,14.3501,-0.0279627,0.0276451,1
599732,flyer3,2.99999,4.50577,-0.3,0,2
599733,flyer4,5.99999,4.50577,-0.3,0,2
599733,flyer5,16.5,4.50577,-0.298013,-0.0344693,2
599734,bullet2,10.8228,14.44,0.8,0,1
599736,player,2.48929,13.3252,-0.0840472,-0.219709,1
599737,flyer3,1.49999,4.50577,-0.3,0,2
599738,flyer4,4.49999,4.50577,-0.3,0,2
599738,flyer5,15.0099,4.33342,-0.298013,-0.0344693,2
599739,bullet2,14.8228,14.44,0.8,0,1
599741,player,3.02411,12.5464,0.0122887,-0.0178939,1
599741,flyer6,16.5,9.36378,-0.3,0,2
599741,bullet3,3.42411,12.5464,0.8,0,1
599742,flyer3,-6.4373e-06,4.50577,-0.3,0,2
599743,flyer4,2.99999,4.50577,-0.3,0,2
599743,flyer5,13.5199,4.16108,-0.298013,-0.0344693,2
599745,bullet4,3.43375,12.5324,0.8,0,1
599746,player,3.03398,12.5321,0.000226761,-0.000330192,1
599746,flyer6,15,9.36378,-0.3,0,2
599746,bullet3,7.42411,12.5464,0.8,0,1
599746,bullet5,3.43398,12.5321,0.8,0,1
599748,flyer4,1.49999,4.50577,-0.3,0,2
599748,flyer5,12.0298,3.98873,-0.298013,-0.0344693,2
599749,bullet6,3.43415,13.0212,0.8,0,1
599750,bullet4,7.43375,12.5324,0.8,0,1
599751,player,2.69666,13.1203,-0.337496,0.0307486,1
599751,flyer6,13.5,9.36378,-0.3,0,2
599751,bullet3,11.4241,12.5464,0.8,0,1
599751,bullet5,7.43398,12.5321,0.8,0,1
599753,flyer4,-6.4373e-06,4.50577,-0.3,0,2
599753,flyer5,10.5397,3.81638,-0.298013,-0.0344693,2
599754,bullet6,7.43415,13.0212,0.8,0,1
599755,bullet4,11.4338,12.5324,0.8,0,1
599756,player,3.0141,13.7335,0.0245269,0.0313221,1
599756,flyer6,12,9.36378,-0.3,0,2
599756,bullet3,15.4241,12.5464,0.8,0,1
599756,bullet5,11.434,12.5321,0.8,0,1
599758,flyer5,9.04966,3.64404,-0.298013,-0.0344693,2
599759,bullet6,11.4341,13.0212,0.8,0,1
599759,bullet1,3.92171,14.2461,0.8,0,1
599760,bullet4,15.4338,12.5324,0.8,0,1
599761,player,3.28477,14.3471,-0.306293,0.0313327,1
599761,flyer6,10.5,9.36378,-0.3,0,2
599761,bullet5,15.434,12.5321,0.8,0,1
599762,bullet2,3.54693,14.3612,0.8,0,1
599763,flyer5,7.55959,3.47169,-0.298013,-0.0344693,2
599764,bullet6,15.4341,13.0212,0.8,0,1
599764,bullet1,7.92171,14.2461,0.8,0,1
599766,player,3.59651,13.8145,0.0626918,-0.0677656,1
599766,flyer6,9,9.36378,-0.3,0,2
599767,bullet2,7.54694,14.3612,0.8,0,1
599768,flyer5,6.06952,3.29934,-0.298013,-0.0344693,2
599769,bullet1,11.9217,14.2461,0.8,0,1
599769,bullet3,3.55375,14.2535,0.8,0,1
599771,player,3.05838,14.3486,-0.0295978,0.0295042,1
599771,flyer6,7.5,9.36378,-0.3,0,2
599771,bullet4,3.45838,14.3486,0.8,0,1
599772,bullet2,11.5469,14.3612,0.8,0,1
599773,flyer5,4.57946,3.127,-0.298013,-0.0344693,2
599774,bullet1,15.9217,14.2461,0.8,0,1
599774,bullet3,7.55375,14.2535,0.8,0,1
599775,bullet5,3.43515,13.8823,0.8,0,1
599776,player,3.03461,13.8145,-0.000546164,-0.0677993,1
599776,flyer6,5.99999,9.36378,-0.3,0,2
599776,bullet4,7.45838,14.3486,0.8,0,1
599777,bullet2,15.5469,14.3612,0.8,0,1
599778,flyer5,3.08939,2.95465,-0.298013,-0.0344693,2
599779,bullet3,11.5538,14.2535,0.8,0,1
599780,bullet5,7.43516,13.8823,0.8,0,1
599781,player,3.63648,13.661,0.0138295,0.119869,1
599781,flyer6,4.49999,9.36378,-0.3,0,2
599781,bullet4,11.4584,14.3486,0.8,0,1
599782,bullet6,3.24271,13.7149,-0.8,-6.99382e-08,1
599783,flyer5,1.59933,2.7823,-0.298013,-0.0344693,2
599784,bullet3,15.5538,14.2535,0.8,0,1
599785,bullet5,11.4352,13.8823,0.8,0,1
599786,player,3.64759,13.7573,0.000255194,0.00221192,1
599786,flyer6,2.99999,9.36378,-0.3,0,2
599786,bullet4,15.4584,14.3486,0.8,0,1
599788,flyer5,0.10926,2.60996,-0.298013,-0.0344693,2
599788,flayer7,16.5,4.50577,-0.289151,0.0799495,2
599788,bullet1,4.53713,13.7587,0.8,0,1
599790,bullet5,15.4352,13.8823,0.8,0,1
599791,player,4.73948,14.2484,0.165719,0.151916,1
599791,flyer6,1.49999,9.36378,-0.3,0,2
599792,flayer8,16.5,9.36378,-0.23483,0.186695,2
599793,flayer7,15.0542,4.90552,-0.289151,0.0799495,2
599793,bullet1,8.53713,13.7587,0.8,0,1
599796,player,3.78088,14.8598,-0.162657,0.154678,1
599796,flyer6,-6.4373e-06,9.36378,-0.3,0,2
599797,flayer8,15.3258,10.2973,-0.23483,0.186695,2
599798,flayer7,13.6085,5.30526,-0.289151,0.0799495,2
599798,flyer1,16.5,9.36378,-0.260481,-0.148828,2
599798,bullet1,12.5371,13.7587,0.8,0,1
599799,bullet2,4.61765,14.9748,0.8,0,1
599801,player,4.25257,14.984,0.0108381,0.00285425,1
599801,bullet3,4.65257,14.984,0.8,0,1
599802,flayer8,14.1517,11.2307,-0.23483,0.186695,2
599803,flayer7,12.1627,5.70501,-0.289151,0.0799495,2
599803,flyer1,15.1976,8.61964,-0.260481,-0.148828,2
599804,bullet2,8.61765,14.9748,0.8,0,1
599805,bullet6,4.76017,14.3978,0.8,0,1
599806,player,4.30586,14.384,-0.0543041,-0.0137869,1
599806,bullet3,8.65257,14.984,0.8,0,1
599807,flayer8,12.9775,12.1642,-0.23483,0.186695,2
599808,flayer7,10.717,6.10476,-0.289151,0.0799495,2
599808,flyer1,13.8952,7.87551,-0.260481,-0.148828,2
599809,bullet2,12.6176,14.9748,0.8,0,1
599809,bullet4,4.66548,14.3737,0.8,0,1
599810,bullet6,8.76017,14.3978,0.8,0,1
599811,player,4.26226,14.3729,-0.00100206,-0.000254408,1
599811,bullet3,12.6526,14.984,0.8,0,1
599812,flayer8,11.8034,13.0977,-0.23483,0.186695,2
599813,flayer7,9.27124,6.5045,-0.289151,0.0799495,2
599813,flyer1,12.5928,7.13137,-0.260481,-0.148828,2
599814,bullet4,8.66548,14.3737,0.8,0,1
599815,bullet6,12.7602,14.3978,0.8,0,1
599816,player,4.52627,15.3125,-0.323679,0.351335,1
599817,flayer8,10.6293,14.0311,-0.23483,0.186695,1
599818,flayer7,7.82549,6.90425,-0.289151,0.0799495,2
599818,flyer1,11.2904,6.38723,-0.260481,-0.148828,2
599819,bullet5,5.24329,15.5738,0.8,0,1
599821,player,5.20614,15.2572,0.345367,-0.331017,1
599822,flayer8,9.4551,14.9646,-0.23483,0.186695,1
599823,flayer7,6.37974,7.304,-0.289151,0.0799495,2
599823,flyer1,9.98798,5.64309,-0.260481,-0.148828,2
599825,bullet1,5.38775,14.9975,0.8,0,1
599826,player,4.92578,14.9914,-0.0619708,-0.00610819,1
599828,flayer7,4.93399,7.70374,-0.289151,0.0799495,2
599828,flyer1,8.68557,4.89895,-0.260481,-0.148828,2
599829,flyer2,16.5,1.24179,-0.3,0,2
599829,bullet2,4.79032,14.4974,0.8,0,1
599830,bullet1,9.38775,14.9975,0.8,0,1
599831,player,4.28754,14.398,-0.0318982,-0.0308674,1
599831,bullet3,4.68754,14.398,0.8,0,1
599833,flayer7,3.48823,8.10349,-0.289151,0.0799495,2
599833,flyer1,7.38317,4.15481,-0.260481,-0.148828,2
599834,flyer2,15,1.24179,-0.3,0,2
599834,bullet2,8.79032,14.4974,0.8,0,1
599835,bullet1,13.3878,14.9975,0.8,0,1
599836,player,5.35361,13.7709,0.165126,-0.0144092,1
599836,bullet3,8.68754,14.398,0.8,0,1
599836,bullet4,5.75361,13.7709,0.8,0,1
599838,flayer7,2.04248,8.50324,-0.289151,0.0799495,2
599838,flyer1,6.08076,3.41067,-0.260481,-0.148828,2
599839,flyer2,13.5,1.24179,-0.3,0,2
599839,bullet2,12.7903,14.4974,0.8,0,1
599839,bullet6,5.8764,13.7601,0.8,0,1
599841,player,5.82372,14.0968,0.340547,0.337234,1
599841,bullet3,12.6875,14.398,0.8,0,1
599841,bullet4,9.75361,13.7709,0.8,0,1
599843,flayer7,0.596725,8.90298,-0.289151,0.0799495,2
599843,flyer1,4.77836,2.66652,-0.260481,-0.148828,2
599844,flyer2,12,1.24179,-0.3,0,2
599844,bullet6,9.8764,13.7601,0.8,0,1
599844,bullet5,7.03468,14.3476,0.8,0,1
599846,player,6.69952,14.3676,0.0201237,0.00622292,1
599846,bullet4,13.7536,13.7709,0.8,0,1
599846,bullet1,7.09952,14.3676,0.8,0,1
599848,flyer1,3.47596,1.92238,-0.260481,-0.148828,2
599849,flyer2,10.5,1.24179,-0.3,0,2
599849,bullet6,13.8764,13.7601,0.8,0,1
599849,bullet5,11.0347,14.3476,0.8,0,1
599851,player,7.2734,14.9303,0.0687151,0.0684586,1
599851,bullet1,11.0995,14.3676,0.8,0,1
599851,bullet2,7.6734,14.9303,0.8,0,1
599853,flyer1,2.17355,1.17824,-0.260481,-0.148828,2
599853,bullet3,7.71824,14.975,0.8,0,1
599854,flyer2,9,1.24179,-0.3,0,2
599854,bullet5,15.0347,14.3476,0.8,0,1
599856,player,8.15546,15.6,0.490643,0.245319,1
599856,bullet1,15.0995,14.3676,0.8,0,1
599856,bullet2,11.6734,14.9303,0.8,0,1
599858,flyer1,0.871148,0.434104,-0.260481,-0.148828,2
599858,bullet3,11.7182,14.975,0.8,0,1
599858,bullet4,8.0756,15.6,-0.8,-6.99382e-08,1
599859,flyer2,7.5,1.24179,-0.3,0,2
599861,player,8.54948,15.6,0.00905374,0,1
599861,bullet2,15.6734,14.9303,0.8,0,1
599861,bullet6,8.94948,15.6,0.8,0,1
599863,flyer1,-0.431256,-0.310036,-0.260481,-0.148828,2
599863,bullet3,15.7182,14.975,0.8,0,1
599863,bullet4,4.0756,15.6,-0.8,-6.99382e-08,1
599864,flyer2,5.99999,1.24179,-0.3,0,2
599865,flyer3,16.5,9.80038,-0.3,0,2
599865,bullet5,8.39887,15.6,0.8,0,1
599866,player,8.30578,15.6,0.306912,0,1
599866,bullet6,12.9495,15.6,0.8,0,1
599868,bullet4,0.0756027,15.6,-0.8,-6.99382e-08,1
599868,bullet1,8.90604,15.6,0.8,0,1
599869,flyer2,4.49999,1.24179,-0.3,0,2
599869,bullet2,8.934,15.6,0.8,0,1
599870,flyer3,15,9.80038,-0.3,0,2
599870,bullet5,12.3989,15.6,0.8,0,1
599871,player,8.21475,15.6,-0.331837,0,1
599873,bullet1,12.906,15.6,0.8,0,1
599874,flyer2,2.99999,1.24179,-0.3,0,2
599874,bullet2,12.934,15.6,0.8,0,1
599875,flyer3,13.5,9.80038,-0.3,0,2
599875,bullet5,16.3989,15.6,0.8,0,1
599875,bullet3,7.76591,15.6,0.8,0,1
599876,player,7.34595,15.6,-0.0199629,0,1
599878,bullet4,7.73292,15.6,0.8,0,1
599879,flyer2,1.49999,1.24179,-0.3,0,2
599879,bullet6,6.9311,15.6,-0.8,-6.99382e-08,1
599880,flyer3,12,9.80038,-0.3,0,2
599880,bullet3,11.7659,15.6,0.8,0,1
599881,player,6.99241,15.6,-0.337868,0,1
599883,bullet4,11.7329,15.6,0.8,0,1
599884,flyer2,-6.4373e-06,1.24179,-0.3,0,2
599884,bullet6,2.9311,15.6,-0.8,-6.99382e-08,1
599885,flyer3,10.5,9.80038,-0.3,0,2
599885,bullet3,15.7659,15.6,0.8,0,1
599886,player,6.4701,15.2625,0.300511,-0.3375,1
599887,flyer4,16.5,9.80038,-0.3,0,2
599888,bullet4,15.7329,15.6,0.8,0,1
599889,flyer5,16.5,9.80038,-0.3,0,2
599889,bullet6,-1.0689,15.6,-0.8,-6.99382e-08,1
599889,bullet5,7.09357,15.0115,0.8,0,1
599890,flyer3,9,9.80038,-0.3,0,2
599891,player,6.71144,14.5021,0.00554527,-0.158103,1
599892,flyer4,15,9.80038,-0.3,0,2
599893,bullet1,6.62568,14.8883,0.8,0,1
599894,flyer5,15,9.80038,-0.3,0,2
599894,bullet5,11.0936,15.0115,0.8,0,1
599895,flyer3,7.5,9.80038,-0.3,0,2
599896,player,6.11358,14.9774,-0.0137373,0.0109222,1
599896,bullet2,6.51358,14.9774,0.8,0,1
599897,flyer4,13.5,9.80038,-0.3,0,2
599897,bullet3,6.5074,14.9823,0.8,0,1
599898,bullet1,10.6257,14.8883,0.8,0,1
599899,flyer5,13.5,9.80038,-0.3,0,2
599899,bullet5,15.0936,15.0115,0.8,0,1
599900,flyer3,5.99999,9.80038,-0.3,0,2
599901,player,5.54483,15.5439,-0.0685972,0.0685453,1
599901,bullet2,10.5136,14.9774,0.8,0,1
599902,flyer4,12,9.80038,-0.3,0,2
599902,bullet3,10.5074,14.9823,0.8,0,1
599902,bullet4,5.91396,15.5748,0.8,0,1
599903,bullet1,14.6257,14.8883,0.8,0,1
599904,flyer5,12,9.80038,-0.3,0,2
599905,flyer3,4.49999,9.80038,-0.3,0,2
599906,player,5.48974,15.599,-0.00126581,0.00126485,1
599906,bullet2,14.5136,14.9774,0.8,0,1
599906,bullet6,5.88974,15.599,0.8,0,1
599907,flyer4,10.5,9.80038,-0.3,0,2
599907,bullet3,14.5074,14.9823,0.8,0,1
599907,bullet4,9.91396,15.5748,0.8,0,1
599909,flyer5,10.5,9.80038,-0.3,0,2
599910,flyer3,2.99999,9.80038,-0.3,0,2
599911,player,4.44163,15.6,-0.220242,0,1
599911,bullet6,9.88974,15.599,0.8,0,1
599912,flyer4,9,9.80038,-0.3,0,2
599912,bullet4,13.914,15.5748,0.8,0,1
599914,flyer5,9,9.80038,-0.3,0,2
599915,flyer3,1.49999,9.80038,-0.3,0,2
599916,player,4.37769,14.5083,-0.142099,-0.165715,1
599916,bullet6,13.8897,15.599,0.8,0,1
599916,bullet5,4.77769,14.5083,0.8,0,1
599917,flyer4,7.5,9.80038,-0.3,0,2
599919,flyer5,7.5,9.80038,-0.3,0,2
599920,flyer3,-6.4373e-06,9.80038,-0.3,0,2
599920,bullet1,5.15557,14.3783,0.8,0,1
599921,player,4.8213,14.3752,0.0657216,-0.0030579,1
599921,bullet5,8.77769,14.5083,0.8,0,1
599922,flyer4,5.99999,9.80038,-0.3,0,2
599922,bullet2,5.25087,14.3738,0.8,0,1
599924,flyer5,5.99999,9.80038,-0.3,0,2
599925,bullet1,9.15557,14.3783,0.8,0,1
599926,player,5.46255,14.3728,0.0319674,-5.64269e-05,1
599926,bullet5,12.7777,14.5083,0.8,0,1
599926,bullet3,5.86255,14.3728,0.8,0,1
599927,flyer4,4.49999,9.80038,-0.3,0,2
599927,bullet2,9.25087,14.3738,0.8,0,1
599929,flyer5,4.49999,9.80038,-0.3,0,2
599930,bullet1,13.1556,14.3783,0.8,0,1
599931,player,5.48822,15.4198,0.000589889,0.220218,1
599931,bullet3,9.86255,14.3728,0.8,0,1
599932,flyer4,2.99999,9.80038,-0.3,0,2
599932,bullet2,13.2509,14.3738,0.8,0,1
599934,flyer5,2.99999,9.80038,-0.3,0,2
599936,player,4.88638,15.2592,-0.0138287,-0.333436,1
599936,flyer6,16.5,9.80038,-0.3,0,2
599936,bullet3,13.8626,14.3728,0.8,0,1
599937,flyer4,1.49999,9.80038,-0.3,0,2
599937,bullet4,5.28016,15.1091,0.8,0,1
599939,flyer5,1.49999,9.80038,-0.3,0,2
599939,bullet6,5.2761,15.0112,0.8,0,1
599940,bullet5,5.27553,14.9975,0.8,0,1
599941,player,4.87527,14.9914,-0.000255179,-0.00615284,1
599941,flyer6,15,9.80038,-0.3,0,2
599942,flyer4,-6.4373e-06,9.80038,-0.3,0,2
599942,bullet4,9.28016,15.1091,0.8,0,1
599944,flyer5,-6.4373e-06,9.80038,-0.3,0,2
599944,bullet6,9.2761,15.0112,0.8,0,1
599945,bullet5,9.27553,14.9975,0.8,0,1
599946,player,4.97417,15.6,-0.121125,0,1
599946,flyer6,13.5,9.80038,-0.3,0,2
599947,bullet4,13.2802,15.1091,0.8,0,1
599949,bullet6,13.2761,15.0112,0.8,0,1
599950,bullet5,13.2755,14.9975,0.8,0,1
599951,player,4.31917,15.0423,-0.0705789,-0.0683438,1
599951,flyer6,12,9.80038,-0.3,0,2
599951,flayer8,16.5,2.00181,-0.3,0,2
599953,flayer7,16.5,2.00181,-0.252785,0.161554,2
599954,flyer1,16.5,2.00181,-0.3,0,2
599956,player,4.61383,15.5759,0.319283,0.0294936,1
599956,flyer6,10.5,9.80038,-0.3,0,2
599956,flayer8,15,2.00181,-0.3,0,2
599958,flayer7,15.2361,2.80958,-0.252785,0.161554,2
599959,flyer1,15,2.00181,-0.3,0,2
599961,player,5.31502,15.0418,0.212271,-0.0677995,1
599961,flyer6,9,9.80038,-0.3,0,2
599961,flayer8,13.5,2.00181,-0.3,0,2
599962,bullet1,5.81055,15.0113,0.8,0,1
599963,flayer7,13.9722,3.61735,-0.252785,0.161554,2
599964,flyer1,13.5,2.00181,-0.3,0,2
599966,player,4.92777,15.0557,-0.0644268,-0.0847823,1
599966,flyer6,7.5,9.80038,-0.3,0,2
599966,flayer8,12,2.00181,-0.3,0,2
599967,bullet1,9.81055,15.0113,0.8,0,1
599967,bullet2,5.29878,15.0176,0.8,0,1
599968,flayer7,12.7082,4.42512,-0.252785,0.161554,2
599969,flyer1,12,2.00181,-0.3,0,2
599969,bullet3,5.27987,14.9927,0.8,0,1
599971,player,4.38666,15.477,-0.153064,0.150311,1
599971,flyer6,5.99999,9.80038,-0.3,0,2
599971,flayer8,10.5,2.00181,-0.3,0,2
599972,bullet1,13.8105,15.0113,0.8,0,1
599972,bullet2,9.29878,15.0176,0.8,0,1
599972,bullet4,4.71778,15.5447,0.8,0,1
599973,flayer7,11.4443,5.23289,-0.252785,0.161554,2
599974,flyer1,10.5,2.00181,-0.3,0,2
599974,bullet3,9.27987,14.9927,0.8,0,1
599976,player,3.92624,15.5977,-0.340324,0.00277365,1
599976,flyer6,4.49999,9.80038,-0.3,0,2
599976,flayer8,9,2.00181,-0.3,0,2
599977,bullet2,13.2988,15.0176,0.8,0,1
599977,bullet4,8.71778,15.5447,0.8,0,1
599977,bullet6,4.17309,15.599,0.8,0,1
599978,flayer7,10.1804,6.04066,-0.252785,0.161554,2
599979,flyer1,9,2.00181,-0.3,0,2
599979,bullet3,13.2799,14.9927,0.8,0,1
599981,player,4.21065,15.6,0.0620638,5.11817e-05,1
599981,flyer6,2.99999,9.80038,-0.3,0,2
599981,flayer8,7.5,2.00181,-0.3,0,2
599982,bullet4,12.7178,15.5447,0.8,0,1
599982,bullet6,8.17309,15.599,0.8,0,1
599983,flayer7,8.91646,6.84844,-0.252785,0.161554,2
599984,flyer1,7.5,2.00181,-0.3,0,2
599986,player,4.84896,15.6,0.0318999,9.44446e-07,1
599986,flyer6,1.49999,9.80038,-0.3,0,2
599986,flayer8,5.99999,2.00181,-0.3,0,2
599987,bullet6,12.1731,15.599,0.8,0,1
599988,flayer7,7.65253,7.65621,-0.252785,0.161554,2
599989,flyer1,5.99999,2.00181,-0.3,0,2
599989,bullet5,5.27268,15.6,0.8,0,1
599991,player,4.87458,15.1106,0.000588644,-0.151875,1
599991,flyer6,-6.4373e-06,9.80038,-0.3,0,2
599991,flayer8,4.49999,2.00181,-0.3,0,2
599992,bullet6,16.1731,15.599,0.8,0,1
599992,bullet1,5.27485,15.0423,0.8,0,1
599993,flayer7,6.38861,8.46398,-0.252785,0.161554,2
599994,flyer1,4.49999,2.00181,-0.3,0,2
599994,bullet5,9.27268,15.6,0.8,0,1
599994,bullet2,5.27502,14.9977,0.8,0,1
599996,player,4.87505,14.9887,1.08621e-05,-0.00280252,1
599996,flayer8,2.99999,2.00181,-0.3,0,2
599996,bullet3,5.27505,14.9887,0.8,0,1
599997,bullet1,9.27485,15.0423,0.8,0,1
599998,flayer7,5.12468,9.27175,-0.252785,0.161554,2
599999,flyer1,2.99999,2.00181,-0.3,0,2
599999,bullet5,13.2727,15.6,0.8,0,1
599999,bullet2,9.27502,14.9977,0.8,0,1
600001,player,4.87506,14.4287,2.00437e-07,-0.0683955,1
600001,flayer8,1.49999,2.00181,-0.3,0,2
600001,bullet3,9.27505,14.9887,0.8,0,1
600002,bullet1,13.2748,15.0423,0.8,0,1
600003,flayer7,3.86076,10.0795,-0.252785,0.161554,2
600003,bullet4,5.27506,14.3841,0.8,0,1
600004,flyer1,1.49999,2.00181,-0.3,0,2
600004,bullet2,13.275,14.9977,0.8,0,1
600006,player,4.87506,13.816,3.69862e-09,-0.0696058,1
600006,flayer8,-6.4373e-06,2.00181,-0.3,0,2
600006,bullet3,13.2751,14.9887,0.8,0,1
600006,bullet6,5.27506,13.816,0.8,0,1
600008,flayer7,2.59683,10.8873,-0.252785,0.161554,2
600008,bullet4,9.27506,14.3841,0.8,0,1
600009,flyer1,-6.4373e-06,2.00181,-0.3,0,2
600009,bullet5,5.27506,13.7643,0.8,0,1
600011,player,4.87506,13.4226,6.825e-11,-0.338784,1
600011,bullet6,9.27506,13.816,0.8,0,1
600013,flayer7,1.33291,11.6951,-0.252785,0.161554,2
600013,bullet4,13.2751,14.3841,0.8,0,1
600014,bullet5,9.27506,13.7643,0.8,0,1
600016,player,5.80104,13.4881,0.368255,0.331248,1
600016,bullet6,13.2751,13.816,0.8,0,1
600017,flyer2,16.5,2.00181,-0.239125,-0.181161,2
600018,flayer7,0.0689803,12.5028,-0.252785,0.161554,2
600019,bullet5,13.2751,13.7643,0.8,0,1
600019,bullet1,6.47488,14.2921,0.8,0,1
600020,bullet2,6.48998,14.3364,0.8,0,1
600021,player,6.09678,14.3564,0.00679533,0.0199521,1
600022,flyer2,15.3044,1.096,-0.239125,-0.181161,2
600023,flyer3,16.5,2.00181,-0.291482,-0.0709821,2
600023,bullet3,6.50121,14.3694,0.8,0,1
600024,bullet1,10.4749,14.2921,0.8,0,1
600024,bullet4,6.50183,14.3712,0.8,0,1
600025,bullet2,10.49,14.3364,0.8,0,1
600026,player,6.10223,14.3724,0.000125393,0.000368172,1
600027,flyer2,14.1087,0.190199,-0.239125,-0.181161,2
600028,flyer3,15.0426,1.6469,-0.291482,-0.0709821,2
600028,bullet3,10.5012,14.3694,0.8,0,1
600029,bullet1,14.4749,14.2921,0.8,0,1
600029,bullet4,10.5018,14.3712,0.8,0,1
600030,bullet2,14.49,14.3364,0.8,0,1
600031,player,6.70465,14.3727,0.0138419,6.79381e-06,1
600033,flyer3,13.5852,1.29199,-0.291482,-0.0709821,2
600033,flyer4,16.5,14.4767,-0.220003,-0.203957,2
600033,bullet3,14.5012,14.3694,0.8,0,1
600034,bullet4,14.5018,14.3712,0.8,0,1
600036,player,5.56957,15.1814,-0.098843,-0.238401,1
600038,flyer3,12.1278,0.937078,-0.291482,-0.0709821,2
600040,flyer5,16.5,14.4767,-0.255677,-0.156937,2
600041,player,4.55038,15.3275,-0.353164,0.333101,1
600041,flyer6,16.5,14.4767,-0.3,0,2
600042,flayer8,16.5,9.73527,-0.22447,-0.199031,2
600043,flyer3,10.6704,0.582168,-0.291482,-0.0709821,2
600045,flyer5,15.2216,13.692,-0.255677,-0.156937,2
600046,player,4.36586,15.1056,-0.127637,-0.145728,1
600046,flyer6,15,14.4767,-0.3,0,2
600047,flayer8,15.3776,8.74012,-0.22447,-0.199031,2
600048,flyer3,9.21295,0.227257,-0.291482,-0.0709821,2
600048,bullet6,4.68258,15.0105,0.8,0,1
600050,flyer5,13.9432,12.9073,-0.255677,-0.156937,2
600050,bullet5,4.66572,14.9912,0.8,0,1
600051,player,4.26336,14.9886,-0.00235526,-0.0026891,1
600051,flyer6,13.5,14.4767,-0.3,0,2
600051,bullet1,3.86336,14.9886,-0.8,-6.99382e-08,1
600052,flayer8,14.2553,7.74496,-0.22447,-0.199031,2
600053,flyer3,7.75554,-0.127653,-0.291482,-0.0709821,2
600053,bullet6,8.68258,15.0105,0.8,0,1
600055,flyer5,12.6648,12.1226,-0.255677,-0.156937,2
600055,bullet5,8.66572,14.9912,0.8,0,1
600056,player,3.18362,15.6,-0.182673,0,1
600056,flyer6,12,14.4767,-0.3,0,2
600056,bullet1,-0.13664,14.9886,-0.8,-6.99382e-08,1
600057,flayer8,13.1329,6.74981,-0.22447,-0.199031,2
600058,flyer3,6.29813,-0.482564,-0.291482,-0.0709821,2
600060,flyer5,11.3865,11.338,-0.255677,-0.156937,2
600061,player,3.13602,15.5009,-0.124491,0.12112,1
600062,flayer8,12.0106,5.75465,-0.22447,-0.199031,2
600062,bullet2,3.48,15.5554,0.8,0,1
600064,flyer1,16.5,8.49578,-0.3,0,2
600065,flyer5,10.1081,10.5533,-0.255677,-0.156937,2
600066,player,3.52542,15.6,0.149578,0,1
600067,flayer8,10.8882,4.7595,-0.22447,-0.199031,2
600067,bullet2,7.48,15.5554,0.8,0,1
600069,flyer1,15,8.49578,-0.3,0,2
600070,flyer5,8.82968,9.7686,-0.255677,-0.156937,2
600070,bullet3,4.07353,15.6,0.8,0,1
600071,player,3.65938,15.6,-0.0141549,0,1
600072,flayer8,9.7659,3.76435,-0.22447,-0.199031,2
600072,bullet2,11.48,15.5554,0.8,0,1
600074,flyer1,13.5,8.49578,-0.3,0,2
600075,flyer5,7.5513,8.98392,-0.255677,-0.156937,2
600075,bullet3,8.07353,15.6,0.8,0,1
600075,bullet4,3.5589,14.5222,0.8,0,1
600076,player,3.09029,14.44,-0.068605,-0.0821834,1
600077,flayer8,8.64355,2.76919,-0.22447,-0.199031,2
600077,bullet2,15.48,15.5554,0.8,0,1
600077,bullet6,3.45942,14.403,0.8,0,1
600079,flyer1,12,8.49578,-0.3,0,2
600079,bullet5,2.63928,14.3789,-0.8,-6.99382e-08,1
600080,flyer5,6.27291,8.19923,-0.255677,-0.156937,2
600080,bullet3,12.0735,15.6,0.8,0,1
600080,bullet4,7.5589,14.5222,0.8,0,1
600081,player,2.6977,14.7115,-0.338766,0.335983,1
600082,flayer8,7.5212,1.77403,-0.22447,-0.199031,2
600082,bullet6,7.45942,14.403,0.8,0,1
600084,flyer1,10.5,8.49578,-0.3,0,2
600085,flyer5,4.99453,7.41455,-0.255677,-0.156937,2
600085,bullet3,16.0735,15.6,0.8,0,1
600085,bullet4,11.5589,14.5222,0.8,0,1
600086,player,2.38105,15.6,0.048253,0,1
600087,flayer8,6.39885,0.77888,-0.22447,-0.199031,2
600087,bullet6,11.4594,14.403,0.8,0,1
600088,bullet1,2.81253,15.6,0.8,0,1
600089,flyer1,9,8.49578,-0.3,0,2
600090,flyer5,3.71614,6.62986,-0.255677,-0.156937,2
600090,bullet4,15.5589,14.5222,0.8,0,1
600091,player,3.31502,15.6,0.406734,0,1
600092,flayer8,5.2765,-0.216276,-0.22447,-0.199031,2
600092,bullet6,15.4594,14.403,0.8,0,1
600093,bullet1,6.81253,15.6,0.8,0,1
600093,bullet2,3.98041,15.6,0.8,0,1
600094,flyer1,7.5,8.49578,-0.3,0,2
600095,flyer5,2.43776,5.84518,-0.255677,-0.156937,2
600096,player,2.74644,15.6,-0.398338,0,1
600097,bullet5,2.96719,15.6,0.8,0,1
600098,bullet1,10.8125,15.6,0.8,0,1
600098,bullet2,7.98041,15.6,0.8,0,1
600099,flyer1,5.99999,8.49578,-0.3,0,2
600099,bullet3,2.85022,15.6,0.8,0,1
600100,flyer5,1.15937,5.06049,-0.255677,-0.156937,2
600101,player,2.42654,15.6,-0.00735046,0,1
600102,bullet5,6.96719,15.6,0.8,0,1
600103,bullet1,14.8125,15.6,0.8,0,1
600103,bullet2,11.9804,15.6,0.8,0,1
600104,flyer1,4.49999,8.49578,-0.3,0,2
600104,bullet3,6.85022,15.6,0.8,0,1
600105,flyer5,-0.119015,4.27581,-0.255677,-0.156937,2
600106,player,2.75814,15.6,0.337364,0,1
600107,bullet5,10.9672,15.6,0.8,0,1
600107,bullet4,3.30995,15.6,0.8,0,1
600108,bullet2,15.9804,15.6,0.8,0,1
600109,flyer1,2.99999,8.49578,-0.3,0,2
600109,bullet3,10.8502,15.6,0.8,0,1
600109,bullet6,2.60901,15.6,-0.8,-6.99382e-08,1
600111,player,3.51844,15.6,0.1581,0,1
600112,bullet5,14.9672,15.6,0.8,0,1
600112,bullet4,7.30995,15.6,0.8,0,1
600114,flyer1,1.49999,8.49578,-0.3,0,2
600114,flayer7,16.5,5.26716,-0.3,0,2
600114,bullet3,14.8502,15.6,0.8,0,1
600114,bullet1,4.03601,15.6,0.8,0,1
600116,player,3.64541,15.6,0.0029174,0,1
600117,bullet4,11.31,15.6,0.8,0,1
600117,bullet2,4.04672,15.6,0.8,0,1
600119,flyer1,-6.4373e-06,8.49578,-0.3,0,2
600119,flayer7,15,5.26716,-0.3,0,2
600119,bullet1,8.03601,15.6,0.8,0,1
600119,bullet6,4.04758,15.6,0.8,0,1
600121,player,3.64775,15.6,5.38342e-05,0,1
600122,bullet4,15.31,15.6,0.8,0,1
600122,bullet2,8.04672,15.6,0.8,0,1
600124,flayer7,13.5,5.26716,-0.3,0,2
600124,bullet1,12.036,15.6,0.8,0,1
600124,bullet6,8.04758,15.6,0.8,0,1
600124,bullet5,4.04779,15.6,0.8,0,1
600126,player,3.64779,15.6,9.93392e-07,0,1
600127,bullet2,12.0467,15.6,0.8,0,1
600129,flayer7,12,5.26716,-0.3,0,2
600129,bullet1,16.036,15.6,0.8,0,1
600129,bullet6,12.0476,15.6,0.8,0,1
600129,bullet5,8.04779,15.6,0.8,0,1
600131,player,3.5487,15.4481,0.12112,0.185625,1
600132,bullet2,16.0467,15.6,0.8,0,1
600133,flyer2,16.5,5.26716,-0.288413,0.0825716,2
600133,bullet3,3.22773,15.5692,-0.8,-6.99382e-08,1
600134,flayer7,10.5,5.26716,-0.3,0,2
600134,bullet6,16.0476,15.6,0.8,0,1
600134,bullet5,12.0478,15.6,0.8,0,1
600134,bullet4,4.03876,15.5862,0.8,0,1
600136,player,3.64597,15.5972,0.00223501,0.0034253,1
600137,bullet1,4.04697,15.5987,0.8,0,1
600138,flyer2,15.0579,5.68001,-0.288413,0.0825716,2
600139,flayer7,9,5.26716,-0.3,0,2
600139,bullet5,16.0478,15.6,0.8,0,1
600139,bullet4,8.03876,15.5862,0.8,0,1
600141,player,3.05929,15.5999,-0.0307134,6.32065e-05,1
600142,bullet1,8.04697,15.5987,0.8,0,1
600142,bullet2,3.44547,15.6,0.8,0,1
600143,flyer2,13.6159,6.09287,-0.288413,0.0825716,2
600144,flayer7,7.5,5.26716,-0.3,0,2
600144,bullet4,12.0388,15.5862,0.8,0,1
600144,bullet6,3.43645,15.6,0.8,0,1
600146,player,3.03462,15.6,-0.000566749,1.16634e-06,1
600147,bullet1,12.047,15.5987,0.8,0,1
600147,bullet2,7.44547,15.6,0.8,0,1
600148,flyer2,12.1738,6.50573,-0.288413,0.0825716,2
600149,flayer7,5.99999,5.26716,-0.3,0,2
600149,bullet4,16.0388,15.5862,0.8,0,1
600149,bullet6,7.43645,15.6,0.8,0,1
600151,player,1.60498,15.6,-0.503225,0,1
600152,bullet1,16.047,15.5987,0.8,0,1
600152,bullet2,11.4455,15.6,0.8,0,1
600153,flyer2,10.7317,6.91859,-0.288413,0.0825716,2
600154,flayer7,4.49999,5.26716,-0.3,0,2
600154,bullet6,11.4365,15.6,0.8,0,1
600155,bullet3,1.61013,15.0423,0.8,0,1
600156,player,1.20085,15.0115,-0.00928592,-0.0307547,1
600157,bullet2,15.4455,15.6,0.8,0,1
600157,bullet5,1.59667,14.9977,0.8,0,1
600158,flyer2,9.28967,7.33144,-0.288413,0.0825716,2
600159,flayer7,2.99999,5.26716,-0.3,0,2
600159,bullet6,15.4365,15.6,0.8,0,1
600160,bullet3,5.61013,15.0423,0.8,0,1
600161,player,0.855889,14.6493,-0.337671,-0.338068,1
600162,bullet5,5.59667,14.9977,0.8,0,1
600163,flyer2,7.84761,7.7443,-0.288413,0.0825716,2
600164,flayer7,1.49999,5.26716,-0.3,0,2
600165,bullet3,9.61013,15.0423,0.8,0,1
600166,player,0.468344,13.8439,-0.0835313,-0.103609,1
600167,bullet5,9.59667,14.9977,0.8,0,1
600167,bullet4,0.830755,13.7972,0.8,0,1
600168,flyer2,6.40554,8.15716,-0.288413,0.0825716,2
600169,flayer7,-6.4373e-06,5.26716,-0.3,0,2
600170,bullet3,13.6101,15.0423,0.8,0,1
600171,player,0.4,14.3184,0,0.0664319,1
600171,bullet1,0.8,14.3184,0.8,0,1
600172,bullet5,13.5967,14.9977,0.8,0,1
600172,bullet4,4.83075,13.7972,0.8,0,1
600173,flyer2,4.96348,8.57002,-0.288413,0.0825716,2
600174,bullet2,0.8,14.3678,0.8,0,1
600176,player,0.4,14.3717,0,0.00122585,1
600176,bullet1,4.8,14.3184,0.8,0,1
600177,bullet4,8.83076,13.7972,0.8,0,1
600178,flyer2,3.52141,8.98288,-0.288413,0.0825716,2
600179,bullet2,4.8,14.3678,0.8,0,1
600179,bullet6,0.8,14.3726,0.8,0,1
600181,player,0.4,14.3727,0,2.26205e-05,1
600181,bullet1,8.8,14.3184,0.8,0,1
600182,bullet4,12.8308,13.7972,0.8,0,1
600183,flyer2,2.07935,9.39574,-0.288413,0.0825716,2
600184,bullet2,8.8,14.3678,0.8,0,1
600184,bullet6,4.8,14.3726,0.8,0,1
600186,player,0.4,14.8621,0,0.151875,1
600186,bullet1,12.8,14.3184,0.8,0,1
600188,flyer2,0.637286,9.8086,-0.288413,0.0825716,2
600189,bullet2,12.8,14.3678,0.8,0,1
600189,bullet6,8.8,14.3726,0.8,0,1
600189,bullet3,1.28938,14.975,0.8,0,1
600191,player,0.988474,14.9841,0.0307547,0.00280253,1
600191,bullet5,1.38847,14.9841,0.8,0,1
600194,flyer4,16.5,5.26716,-0.3,0,2
600194,bullet6,12.8,14.3726,0.8,0,1
600194,bullet3,5.28938,14.975,0.8,0,1
600194,bullet4,1.41134,15.5439,0.8,0,1
600196,player,1.01317,15.5886,0.00056751,0.0138913,1
600196,bullet5,5.38847,14.9841,0.8,0,1
600199,flyer4,15,5.26716,-0.3,0,2
600199,bullet3,9.28938,14.975,0.8,0,1
600199,bullet4,5.41134,15.5439,0.8,0,1
600201,player,0.455909,15.6,-0.0683333,0,1
600201,bullet5,9.38847,14.9841,0.8,0,1
600201,bullet1,0.855909,15.6,0.8,0,1
600204,flyer4,13.5,5.26716,-0.3,0,2
600204,bullet3,13.2894,14.975,0.8,0,1
600204,bullet4,9.41134,15.5439,0.8,0,1
600206,player,0.4,15.6,0,0,1
600206,bullet5,13.3885,14.9841,0.8,0,1
600206,bullet1,4.85591,15.6,0.8,0,1
600209,flyer4,12,5.26716,-0.3,0,2
600209,bullet4,13.4113,15.5439,0.8,0,1
600210,flyer3,16.5,5.26716,-0.3,0,2
600211,player,0.650973,15.6,-0.306745,0,1
600211,bullet1,8.85591,15.6,0.8,0,1
600212,bullet2,0.912938,15.6,0.8,0,1
600214,flyer4,10.5,5.26716,-0.3,0,2
600215,flyer3,15,5.26716,-0.3,0,2
600215,bullet6,0.810292,15.1106,0.8,0,1
600216,player,0.404631,15.0423,-0.00566031,-0.0683438,1
600216,bullet1,12.8559,15.6,0.8,0,1
600217,bullet2,4.91294,15.6,0.8,0,1
600219,flyer4,9,5.26716,-0.3,0,2
600219,bullet3,0.8,14.9915,0.8,0,1
600220,flyer3,13.5,5.26716,-0.3,0,2
600220,bullet6,4.81029,15.1106,0.8,0,1
600221,player,0.7375,15.3249,0.3375,0.336239,1
600222,bullet2,8.91294,15.6,0.8,0,1
600222,bullet5,0.489375,15.4762,-0.8,-6.99382e-08,1
600224,flyer4,7.5,5.26716,-0.3,0,2
600224,bullet3,4.8,14.9915,0.8,0,1
600225,flyer3,12,5.26716,-0.3,0,2
600225,bullet6,8.81029,15.1106,0.8,0,1
600225,bullet4,0.912938,15.5887,0.8,0,1
600226,player,0.450822,15.5949,-0.0621159,0.00620455,1
600227,bullet2,12.9129,15.6,0.8,0,1
600229,flyer4,5.99999,5.26716,-0.3,0,2
600229,bullet3,8.8,14.9915,0.8,0,1
600230,flyer3,10.5,5.26716,-0.3,0,2
600230,bullet6,12.8103,15.1106,0.8,0,1
600230,bullet4,4.91294,15.5887,0.8,0,1
600231,player,0.4,15.6,-0,0,1
600234,flyer4,4.49999,5.26716,-0.3,0,2
600234,bullet3,12.8,14.9915,0.8,0,1
600234,bullet1,0.8,15.6,0.8,0,1
600235,flyer3,9,5.26716,-0.3,0,2
600235,bullet4,8.91294,15.5887,0.8,0,1
600236,player,0.4,15.6,0,0,1
600236,bullet5,0.8,15.6,0.8,0,1
600239,flyer4,2.99999,5.26716,-0.3,0,2
600239,bullet1,4.8,15.6,0.8,0,1
600240,flyer3,7.5,5.26716,-0.3,0,2
600240,bullet4,12.9129,15.5887,0.8,0,1
600241,player,0.4,15.0423,0,-0.0683438,1
600241,bullet5,4.8,15.6,0.8,0,1
600242,bullet2,0.8,15.0115,0.8,0,1
600244,flyer4,1.49999,5.26716,-0.3,0,2
600244,bullet1,8.8,15.6,0.8,0,1
600245,flyer3,5.99999,5.26716,-0.3,0,2
600246,player,0.4,14.9874,0,-0.00126113,1
600246,bullet5,8.8,15.6,0.8,0,1
600247,bullet2,4.8,15.0115,0.8,0,1
600249,flyer4,-6.4373e-06,5.26716,-0.3,0,2
600249,bullet1,12.8,15.6,0.8,0,1
600249,bullet6,0.8,14.9865,0.8,0,1
600250,flyer3,4.49999,5.26716,-0.3,0,2
600251,player,0.4,15.4758,0,0.151852,1
600251,bullet5,12.8,15.6,0.8,0,1
600252,bullet2,8.8,15.0115,0.8,0,1
600254,bullet6,4.8,14.9865,0.8,0,1
600254,bullet3,0.8,15.5887,0.8,0,1
600255,flyer3,2.99999,5.26716,-0.3,0,2
600256,player,0.4,15.2602,0,-0.334698,1
600257,bullet2,12.8,15.0115,0.8,0,1
600259,bullet6,8.8,14.9865,0.8,0,1
600259,bullet3,4.8,15.5887,0.8,0,1
600259,bullet4,0.8,15.569,0.8,0,1
600260,flyer3,1.49999,5.26716,-0.3,0,2
600261,player,0.7375,15.6,0.3375,0,1
600264,bullet6,12.8,14.9865,0.8,0,1
600264,bullet3,8.8,15.5887,0.8,0,1
600264,bullet4,4.8,15.569,0.8,0,1
600265,flyer3,-6.4373e-06,5.26716,-0.3,0,2
600266,player,0.4,15.6,-0.099904,0,1
600267,flyer6,16.5,5.26716,-0.3,0,2
600269,flayer8,16.5,7.38863,-0.299904,-0.00758425,2
600269,bullet3,12.8,15.5887,0.8,0,1
600269,bullet4,8.8,15.569,0.8,0,1
600271,player,0.7375,14.7048,0.3375,-0.405844,1
600272,flyer6,15,5.26716,-0.3,0,2
600273,bullet1,1.35772,14.44,0.8,0,1
600274,flayer8,15.0005,7.35071,-0.299904,-0.00758425,2
600274,bullet4,12.8,15.569,0.8,0,1
600274,bullet5,1.38847,14.403,0.8,0,1
600276,player,1.00854,14.3789,0.00622782,-0.00748896,1
600277,flyer6,13.5,5.26716,-0.3,0,2
600278,bullet1,5.35772,14.44,0.8,0,1
600279,flayer8,13.501,7.31279,-0.299904,-0.00758425,2
600279,bullet5,5.38847,14.403,0.8,0,1
600281,player,1.12648,13.295,-0.13792,-0.182768,1
600282,flyer6,12,5.26716,-0.3,0,2
600283,bullet1,9.35772,14.44,0.8,0,1
600284,flayer8,12.0014,7.27487,-0.299904,-0.00758425,2
600284,bullet5,9.38847,14.403,0.8,0,1
600284,bullet2,0.866201,13.7168,0.8,0,1
600285,bullet6,0.829791,13.7401,0.8,0,1
600286,player,0.413406,13.7505,-0.0163846,0.010467,1
600287,flyer6,10.5,5.26716,-0.3,0,2
600288,bullet1,13.3577,14.44,0.8,0,1
600289,flayer8,10.5019,7.23695,-0.299904,-0.00758425,2
600289,bullet5,13.3885,14.403,0.8,0,1
600289,bullet2,4.8662,13.7168,0.8,0,1
600290,bullet6,4.82979,13.7401,0.8,0,1
600291,player,0.4,13.7451,0,0.0171082,1
600292,flyer6,9,5.26716,-0.3,0,2
600294,flayer8,9.0024,7.19903,-0.299904,-0.00758425,2
600294,bullet2,8.8662,13.7168,0.8,0,1
600295,bullet6,8.82979,13.7401,0.8,0,1
600296,player,0.499099,12.681,-0.12112,-0.182314,1
600297,flyer6,7.5,5.26716,-0.3,0,2
600299,flayer8,7.50288,7.16111,-0.299904,-0.00758425,2
600299,bullet2,12.8662,13.7168,0.8,0,1
600300,bullet6,12.8298,13.7401,0.8,0,1
600300,bullet3,1.39254,13.1264,0.8,0,1
600301,player,1.00414,13.1369,0.0116046,0.0104754,1
600302,flyer6,5.99999,5.26716,-0.3,0,2
600302,bullet4,1.40936,13.1416,0.8,0,1
600304,flayer8,6.00336,7.12319,-0.299904,-0.00758425,2
600305,bullet3,5.39254,13.1264,0.8,0,1
600306,player,0.914363,12.6559,0.121334,-0.151682,1
600307,flyer6,4.49999,5.26716,-0.3,0,2
600307,bullet4,5.40936,13.1416,0.8,0,1
600309,flayer8,4.50384,7.08527,-0.299904,-0.00758425,2
600310,bullet3,9.39254,13.1264,0.8,0,1
600310,bullet1,0.920191,13.0263,0.8,0,1
600311,player,0.454086,13.0918,-0.0661048,0.0655448,1
600312,flyer6,2.99999,5.26716,-0.3,0,2
600312,bullet4,9.40936,13.1416,0.8,0,1
600312,bullet5,0.824339,13.1213,0.8,0,1
600314,flayer8,3.00432,7.04735,-0.299904,-0.00758425,2
600315,bullet3,13.3925,13.1264,0.8,0,1
600315,bullet1,4.92019,13.0263,0.8,0,1
600316,player,0.738498,12.807,0.33628,-0.336291,1
600317,flyer6,1.49999,5.26716,-0.3,0,2
600317,bullet4,13.4094,13.1416,0.8,0,1
600317,bullet5,4.82434,13.1213,0.8,0,1
600319,flayer8,1.5048,7.00943,-0.299904,-0.00758425,2
600320,bullet1,8.92019,13.0263,0.8,0,1
600321,player,0.406246,12.5369,-0.00763429,-0.00620551,1
600321,bullet2,0.806247,12.5369,0.8,0,1
600322,flyer6,-6.4373e-06,5.26716,-0.3,0,2
600322,bullet5,8.82434,13.1213,0.8,0,1
600322,bullet6,0.802811,12.5341,0.8,0,1
600324,flayer8,0.00527757,6.97151,-0.299904,-0.00758425,2
600325,bullet1,12.9202,13.0263,0.8,0,1
600326,player,0.4,11.6367,0,-0.405958,1
600326,bullet2,4.80625,12.5369,0.8,0,1
600327,bullet5,12.8243,13.1213,0.8,0,1
600327,bullet6,4.80281,12.5341,0.8,0,1
600330,flyer5,16.5,3.86793,-0.3,0,2
600331,player,0.4,11.8684,0,0.0608527,1
600331,bullet2,8.80625,12.5369,0.8,0,1
600331,bullet3,0.8,11.8684,0.8,0,1
600332,bullet6,8.80281,12.5341,0.8,0,1
600334,bullet4,0.8,11.9136,0.8,0,1
600335,flyer5,15,3.86793,-0.3,0,2
600336,player,0.7375,12.2547,0.3375,0.338623,1
600336,bullet2,12.8062,12.5369,0.8,0,1
600336,bullet3,4.8,11.8684,0.8,0,1
600337,bullet6,12.8028,12.5341,0.8,0,1
600339,bullet4,4.8,11.9136,0.8,0,1
600340,flyer5,13.5,3.86793,-0.3,0,2
600341,player,1.00854,12.0373,0.00622782,-0.145626,1
600341,bullet3,8.8,11.8684,0.8,0,1
600342,flyer1,16.5,3.86793,-0.3,0,2
600342,bullet1,1.41134,11.9718,0.8,0,1
600344,bullet4,8.8,11.9136,0.8,0,1
600345,flyer5,12,3.86793,-0.3,0,2
600346,player,1.57126,11.5829,0.0684587,-0.340187,1
600346,bullet3,12.8,11.8684,0.8,0,1
600347,flyer1,15,3.86793,-0.3,0,2
600347,bullet1,5.41134,11.9718,0.8,0,1
600349,bullet4,12.8,11.9136,0.8,0,1
600349,bullet5,2.02217,11.3299,0.8,0,1
600350,flyer5,10.5,3.86793,-0.3,0,2
600351,player,1.62624,11.3097,0.00126326,-0.00627741,1
600352,flyer1,13.5,3.86793,-0.3,0,2
600352,bullet1,9.41134,11.9718,0.8,0,1
600352,bullet2,2.02681,11.3068,0.8,0,1
600354,bullet5,6.02217,11.3299,0.8,0,1
600355,flyer5,9,3.86793,-0.3,0,2
600356,player,2.18497,11.5248,0.0683671,-0.269272,1
600357,flyer1,12,3.86793,-0.3,0,2
600357,bullet1,13.4113,11.9718,0.8,0,1
600357,bullet2,6.02681,11.3068,0.8,0,1
600357,bullet6,2.61574,11.4037,0.8,0,1
600359,bullet5,10.0222,11.3299,0.8,0,1
600360,flyer5,7.5,3.86793,-0.3,0,2
600361,player,2.57738,11.6461,0.338762,0.332531,1
600362,flyer1,10.5,3.86793,-0.3,0,2
600362,bullet2,10.0268,11.3068,0.8,0,1
600362,bullet6,6.61574,11.4037,0.8,0,1
600364,bullet5,14.0222,11.3299,0.8,0,1
600365,flyer5,5.99999,3.86793,-0.3,0,2
600366,player,2.84943,12.4709,0.0062511,0.0744799,1
600366,bullet3,3.24943,12.4709,0.8,0,1
600367,flyer1,9,3.86793,-0.3,0,2
600367,bullet2,14.0268,11.3068,0.8,0,1
600367,bullet6,10.6157,11.4037,0.8,0,1
600367,bullet4,3.25225,12.5044,0.8,0,1
600370,flyer5,4.49999,3.86793,-0.3,0,2
600370,bullet1,3.25434,12.5293,0.8,0,1
600371,player,2.85445,12.5307,0.00011535,0.00137436,1
600371,bullet3,7.24943,12.4709,0.8,0,1
600372,flyer1,7.5,3.86793,-0.3,0,2
600372,bullet6,14.6157,11.4037,0.8,0,1
600372,bullet4,7.25225,12.5044,0.8,0,1
600375,flyer5,2.99999,3.86793,-0.3,0,2
600375,bullet1,7.25434,12.5293,0.8,0,1
600376,player,2.51704,12.8693,-0.337498,0.337525,1
600376,bullet3,11.2494,12.4709,0.8,0,1
600377,flyer1,5.99999,3.86793,-0.3,0,2
600377,bullet4,11.2522,12.5044,0.8,0,1
600377,bullet5,2.76517,13.0212,0.8,0,1
600380,flyer5,1.49999,3.86793,-0.3,0,2
600380,bullet1,11.2543,12.5293,0.8,0,1
600381,player,2.24601,13.2087,-0.00622779,-0.077303,1
600381,bullet3,15.2494,12.4709,0.8,0,1
600382,flyer1,4.49999,3.86793,-0.3,0,2
600382,bullet4,15.2522,12.5044,0.8,0,1
600382,bullet5,6.76517,13.0212,0.8,0,1
600384,bullet2,2.152,12.6618,0.8,0,1
600385,flyer5,-6.4373e-06,3.86793,-0.3,0,2
600385,bullet1,15.2543,12.5293,0.8,0,1
600386,player,1.65253,12.5581,-0.0308696,-0.0321811,1
600386,bullet6,2.05253,12.5581,0.8,0,1
600387,flyer1,2.99999,3.86793,-0.3,0,2
600387,bullet5,10.7652,13.0212,0.8,0,1
600389,bullet2,6.152,12.6618,0.8,0,1
600389,bullet3,2.58729,12.5342,0.8,0,1
600391,player,2.23005,12.5323,0.01327,-0.000593833,1
600391,bullet6,6.05253,12.5581,0.8,0,1
600392,flyer1,1.49999,3.86793,-0.3,0,2
600392,bullet5,14.7652,13.0212,0.8,0,1
600394,bullet2,10.152,12.6618,0.8,0,1
600394,bullet3,6.5873,12.5342,0.8,0,1
600396,player,2.79843,12.5318,0.0685886,-1.09579e-05,1
600396,bullet6,10.0525,12.5581,0.8,0,1
600396,bullet4,3.19843,12.5318,0.8,0,1
600397,flyer1,-6.4373e-06,3.86793,-0.3,0,2
600399,bullet2,14.152,12.6618,0.8,0,1
600399,bullet3,10.5873,12.5342,0.8,0,1
600401,player,3.41123,11.9741,0.0696094,-0.068344,1
600401,bullet6,14.0525,12.5581,0.8,0,1
600401,bullet4,7.19843,12.5318,0.8,0,1
600402,flayer7,16.5,1.77202,-0.3,0,2
600404,flyer2,16.5,3.86793,-0.3,0,2
600404,bullet3,14.5873,12.5342,0.8,0,1
600404,bullet1,3.37362,11.4339,0.8,0,1
600406,player,2.87866,11.3307,-0.0294702,-0.0320158,1
600406,bullet4,11.1984,12.5318,0.8,0,1
600406,bullet5,3.27866,11.3307,0.8,0,1
600407,flayer7,15,1.77202,-0.3,0,2
600409,flyer2,15,3.86793,-0.3,0,2
600409,bullet1,7.37362,11.4339,0.8,0,1
600411,player,2.89959,10.2579,-0.055048,-0.22081,1
600411,bullet4,15.1984,12.5318,0.8,0,1
600411,bullet5,7.27866,11.3307,0.8,0,1
600412,flayer7,13.5,1.77202,-0.3,0,2
600412,bullet2,3.27481,10.1585,0.8,0,1
600414,flyer2,13.5,3.86793,-0.3,0,2
600414,bullet1,11.3736,11.4339,0.8,0,1
600416,player,1.96016,10.0806,-0.40686,-0.00407456,1
600416,bullet5,11.2787,11.3307,0.8,0,1
600417,flayer7,12,1.77202,-0.3,0,2
600417,bullet2,7.27482,10.1585,0.8,0,1
600417,bullet6,2.17707,10.0787,0.8,0,1
600419,flyer2,12,3.86793,-0.3,0,2
600419,bullet1,15.3736,11.4339,0.8,0,1
600421,player,1.63342,9.58793,-0.0075077,-0.15195,1
600421,bullet5,15.2787,11.3307,0.8,0,1
600422,flayer7,10.5,1.77202,-0.3,0,2
600422,bullet2,11.2748,10.1585,0.8,0,1
600422,bullet6,6.17707,10.0787,0.8,0,1
600424,flyer2,10.5,3.86793,-0.3,0,2
600426,player,0.687575,10.9634,-0.351478,0.416879,1
600427,flayer7,9,1.77202,-0.3,0,2
600427,bullet2,15.2748,10.1585,0.8,0,1
600427,bullet6,10.1771,10.0787,0.8,0,1
600427,bullet3,0.92941,11.151,0.8,0,1
600429,flyer2,9,3.86793,-0.3,0,2
600429,bullet4,0.826207,11.2734,0.8,0,1
600430,bullet1,0.811795,11.2905,0.8,0,1
600431,player,0.405309,11.2982,-0.00648576,0.0076926,1
600432,flayer7,7.5,1.77202,-0.3,0,2
600432,bullet6,14.1771,10.0787,0.8,0,1
600432,bullet3,4.92941,11.151,0.8,0,1
600434,flyer2,7.5,3.86793,-0.3,0,2
600434,bullet4,4.82621,11.2734,0.8,0,1
600435,bullet1,4.81179,11.2905,0.8,0,1
600436,player,0.7375,11.0842,0.3375,0.269298,1
600437,flayer7,5.99999,1.77202,-0.3,0,2
600437,bullet3,8.92941,11.151,0.8,0,1
600437,bullet5,0.489375,11.2054,-0.8,-6.99382e-08,1
600439,flyer2,5.99999,3.86793,-0.3,0,2
600439,bullet4,8.82621,11.2734,0.8,0,1
600440,bullet1,8.8118,11.2905,0.8,0,1
600441,player,0.940197,11.3688,0.0897591,-0.0785619,1
600442,flayer7,4.49999,1.77202,-0.3,0,2
600442,bullet3,12.9294,11.151,0.8,0,1
600442,bullet2,1.38059,11.3334,0.8,0,1
600444,flyer2,4.49999,3.86793,-0.3,0,2
600444,bullet4,12.8262,11.2734,0.8,0,1
600445,bullet1,12.8118,11.2905,0.8,0,1
600446,player,1.57,11.8634,0.0700001,0.0668941,1
600447,flayer7,2.99999,1.77202,-0.3,0,2
600447,bullet2,5.38059,11.3334,0.8,0,1
600447,bullet6,2.0015,11.8935,0.8,0,1
600449,flyer2,2.99999,3.86793,-0.3,0,2
600450,bullet5,2.5143,11.9159,0.8,0,1
600451,player,2.18393,11.9171,0.0696354,0.00123438,1
600452,flayer7,1.49999,1.77202,-0.3,0,2
600452,bullet2,9.38059,11.3334,0.8,0,1
600452,bullet6,6.0015,11.8935,0.8,0,1
600452,bullet3,2.61527,11.9177,0.8,0,1
600454,flyer2,1.49999,3.86793,-0.3,0,2
600455,bullet5,6.5143,11.9159,0.8,0,1
600456,player,2.23986,11.5806,0.00128497,-0.337477,1
600457,flayer7,-6.4373e-06,1.77202,-0.3,0,2
600457,bullet2,13.3806,11.3334,0.8,0,1
600457,bullet6,10.0015,11.8935,0.8,0,1
600457,bullet3,6.61527,11.9177,0.8,0,1
600459,flyer2,-6.4373e-06,3.86793,-0.3,0,2
600460,bullet5,10.5143,11.9159,0.8,0,1
600461,player,2.79861,11.8673,0.0683675,0.0621164,1
600462,flyer4,16.5,3.86793,-0.299705,-0.0132998,2
600462,bullet6,14.0015,11.8935,0.8,0,1
600462,bullet3,10.6153,11.9177,0.8,0,1
600463,bullet4,3.24322,11.9079,0.8,0,1
600465,bullet5,14.5143,11.9159,0.8,0,1
600466,player,2.85351,11.9172,0.00126157,0.00114622,1
600466,bullet1,3.25351,11.9172,0.8,0,1
600467,flyer4,15.0015,3.80143,-0.299705,-0.0132998,2
600467,bullet3,14.6153,11.9177,0.8,0,1
600468,bullet4,7.24322,11.9079,0.8,0,1
600469,bullet2,3.81217,11.3603,0.8,0,1
600471,player,2.96746,10.8264,-0.138012,-0.165693,1
600471,bullet1,7.25351,11.9172,0.8,0,1
600472,flyer4,13.5029,3.73493,-0.299705,-0.0132998,2
600473,bullet4,11.2432,11.9079,0.8,0,1
600474,bullet2,7.81217,11.3603,0.8,0,1
600474,bullet6,2.77546,11.1926,0.8,0,1
600476,player,2.26816,11.2819,-0.0333014,0.0276972,1
600476,bullet1,11.2535,11.9172,0.8,0,1
600477,flyer4,12.0044,3.66843,-0.299705,-0.0132998,2
600478,bullet4,15.2432,11.9079,0.8,0,1
600479,bullet2,11.8122,11.3603,0.8,0,1
600479,bullet6,6.77546,11.1926,0.8,0,1
600481,player,2.24141,10.257,-0.000614504,-0.219708,1
600481,bullet1,15.2535,11.9172,0.8,0,1
600482,flyer4,10.5059,3.60193,-0.299705,-0.0132998,2
600482,bullet5,2.64114,10.1581,0.8,0,1
600484,bullet2,15.8122,11.3603,0.8,0,1
600484,bullet6,10.7755,11.1926,0.8,0,1
600484,bullet3,2.64095,10.0936,0.8,0,1
600485,bullet4,2.64093,10.0846,0.8,0,1
600486,player,2.24092,10.0806,-1.13393e-05,-0.00405422,1
600487,flyer4,9.00736,3.53543,-0.299705,-0.0132998,2
600487,bullet5,6.64114,10.1581,0.8,0,1
600489,bullet6,14.7755,11.1926,0.8,0,1
600489,bullet3,6.64096,10.0936,0.8,0,1
600490,bullet4,6.64093,10.0846,0.8,0,1
600491,player,2.24091,10.0773,-2.09243e-07,-7.48118e-05,1
600492,flyer4,7.50884,3.46893,-0.299705,-0.0132998,2
600492,bullet5,10.6411,10.1581,0.8,0,1
600494,bullet3,10.641,10.0936,0.8,0,1
600495,bullet4,10.6409,10.0846,0.8,0,1
600496,player,3.3326,8.98556,0.165715,-0.165716,1
600496,bullet1,3.7326,8.98556,0.8,0,1
600497,flyer4,6.01031,3.40243,-0.299705,-0.0132998,2
600497,bullet5,14.6411,10.1581,0.8,0,1
600499,bullet3,14.641,10.0936,0.8,0,1
600500,bullet4,14.6409,10.0846,0.8,0,1
600501,player,3.6859,8.85247,-0.266098,-0.00305793,1
600501,bullet1,7.7326,8.98556,0.8,0,1
600502,flyer4,4.51179,3.33593,-0.299705,-0.0132998,2
600502,flyer3,16.5,1.77202,-0.3,0,2
600503,flyer6,16.5,5.99741,-0.275276,0.119262,2
600506,player,2.91448,9.74523,-0.073254,0.405787,1
600506,bullet1,11.7326,8.98556,0.8,0,1
600507,flyer4,3.01326,3.26943,-0.299705,-0.0132998,2
600507,flyer3,15,1.77202,-0.3,0,2
600508,flyer6,15.1236,6.59372,-0.275276,0.119262,2
600508,bullet2,3.26668,10.01,0.8,0,1
600509,bullet6,3.26001,10.047,0.8,0,1
600511,player,3.19315,9.73361,0.336148,-0.330012,1
600511,bullet1,15.7326,8.98556,0.8,0,1
600512,flyer4,1.51474,3.20293,-0.299705,-0.0132998,2
600512,flyer3,13.5,1.77202,-0.3,0,2
600512,bullet5,3.74442,9.58511,0.8,0,1
600513,flyer6,13.7472,7.19003,-0.275276,0.119262,2
600513,bullet2,7.26669,10.01,0.8,0,1
600514,bullet6,7.26001,10.047,0.8,0,1
600514,bullet3,3.84312,9.48821,0.8,0,1
600516,player,3.95248,8.97922,0.158078,-0.157965,1
600517,flyer4,0.01621,3.13643,-0.299705,-0.0132998,2
600517,flyer3,12,1.77202,-0.3,0,2
600517,bullet5,7.74442,9.58511,0.8,0,1
600518,flyer6,12.3709,7.78634,-0.275276,0.119262,2
600518,bullet2,11.2667,10.01,0.8,0,1
600519,bullet6,11.26,10.047,0.8,0,1
600519,bullet3,7.84312,9.48821,0.8,0,1
600521,player,4.41693,8.85236,0.340417,-0.00291489,1
600522,flyer3,10.5,1.77202,-0.3,0,2
600522,bullet5,11.7444,9.58511,0.8,0,1
600523,flyer6,10.9945,8.38264,-0.275276,0.119262,2
600523,bullet2,15.2667,10.01,0.8,0,1
600524,bullet6,15.26,10.047,0.8,0,1
600524,bullet3,11.8431,9.48821,0.8,0,1
600526,player,4.69032,8.85002,0.00628165,-5.37879e-05,1
600526,bullet4,5.09032,8.85002,0.8,0,1
600527,flyer3,9,1.77202,-0.3,0,2
600527,bullet5,15.7444,9.58511,0.8,0,1
600528,flyer6,9.61812,8.97895,-0.275276,0.119262,2
600528,bullet1,5.09442,8.84999,0.8,0,1
600529,bullet3,15.8431,9.48821,0.8,0,1
600531,player,4.35786,9.18748,-0.337384,0.337499,1
600532,flyer3,7.5,1.77202,-0.3,0,2
600532,bullet2,3.80604,9.33935,-0.8,-6.99382e-08,1
600534,bullet6,4.50697,9.43845,0.8,0,1
600536,player,4.08691,9.45852,-0.00622569,0.00622781,1
600537,flyer3,5.99999,1.77202,-0.3,0,2
600537,bullet2,-0.193961,9.33935,-0.8,-6.99382e-08,1
600538,flayer8,16.5,5.99741,-0.225225,-0.198176,2
600539,flyer5,16.5,5.99741,-0.3,0,2
600539,bullet6,8.50697,9.43845,0.8,0,1
600539,bullet5,4.97166,8.97378,0.8,0,1
600541,player,4.33289,9.21255,-0.30686,0.30686,1
600542,flyer3,4.49999,1.77202,-0.3,0,2
600543,flayer8,15.3739,5.00653,-0.225225,-0.198176,2
600544,flyer5,15,5.99741,-0.3,0,2
600544,bullet6,12.507,9.43845,0.8,0,1
600544,bullet5,8.97166,8.97378,0.8,0,1
600544,bullet3,4.5047,9.44074,0.8,0,1
600546,player,4.42395,9.79648,0.331838,0.343162,1
600547,flyer3,2.99999,1.77202,-0.3,0,2
600547,bullet4,4.97328,9.95091,0.8,0,1
600548,flayer8,14.2477,4.01565,-0.225225,-0.198176,2
600549,flyer5,13.5,5.99741,-0.3,0,2
600549,bullet5,12.9717,8.97378,0.8,0,1
600549,bullet3,8.5047,9.44074,0.8,0,1
600551,player,4.20107,10.5614,-0.145752,0.158207,1
600551,bullet1,3.80107,10.5614,-0.8,-6.99382e-08,1
600552,flyer3,1.49999,1.77202,-0.3,0,2
600552,bullet4,8.97328,9.95091,0.8,0,1
600553,flayer8,13.1216,3.02477,-0.225225,-0.198176,2
600554,flyer5,12,5.99741,-0.3,0,2
600554,bullet3,12.5047,9.44074,0.8,0,1
600556,player,4.89272,10.9395,-0.241091,-0.303826,1
600556,bullet1,-0.198927,10.5614,-0.8,-6.99382e-08,1
600557,flyer3,-6.4373e-06,1.77202,-0.3,0,2
600557,bullet4,12.9733,9.95091,0.8,0,1
600558,flayer8,11.9955,2.03389,-0.225225,-0.198176,2
600559,flyer5,10.5,5.99741,-0.3,0,2
600559,flyer1,16.5,5.99741,-0.3,0,2
600561,player,4.24866,12.1247,-0.203913,0.497608,1
600562,flayer7,16.5,5.99741,-0.270334,0.130075,2
600563,flayer8,10.8694,1.04302,-0.225225,-0.198176,2
600564,flyer5,9,5.99741,-0.3,0,2
600564,flyer1,15,5.99741,-0.3,0,2
600566,player,3.49643,12.8925,-0.0345175,0.309093,1
600567,flayer7,15.1483,6.64778,-0.270334,0.130075,2
600568,flayer8,9.74324,0.0521373,-0.225225,-0.198176,2
600568,bullet2,3.87391,13.0942,0.8,0,1
600569,flyer5,7.5,5.99741,-0.3,0,2
600569,flyer1,13.5,5.99741,-0.3,0,2
600571,player,3.95809,13.6301,0.151238,0.157579,1
600571,bullet6,4.35809,13.6301,0.8,0,1
600572,flayer7,13.7967,7.29816,-0.270334,0.130075,2
600573,bullet2,7.87391,13.0942,0.8,0,1
600574,flyer5,5.99999,5.99741,-0.3,0,2
600574,flyer1,12,5.99741,-0.3,0,2
600576,player,3.49107,13.1682,-0.0279639,-0.0278469,1
600576,bullet6,8.35809,13.6301,0.8,0,1
600576,bullet5,3.89107,13.1682,0.8,0,1
600577,flayer7,12.445,7.94853,-0.270334,0.130075,2
600578,bullet2,11.8739,13.0942,0.8,0,1
600579,flyer5,4.49999,5.99741,-0.3,0,2
600579,flyer1,10.5,5.99741,-0.3,0,2
600581,player,3.95799,13.6352,0.151359,0.151361,1
600581,bullet6,12.3581,13.6301,0.8,0,1
600581,bullet5,7.89107,13.1682,0.8,0,1
600581,bullet1,4.35799,13.6352,0.8,0,1
600582,flayer7,11.0933,8.59891,-0.270334,0.130075,2
600583,bullet2,15.8739,13.0942,0.8,0,1
600584,flyer5,2.99999,5.99741,-0.3,0,2
600584,flyer1,9,5.99741,-0.3,0,2
600584,bullet3,4.47054,14.2372,0.8,0,1
600586,player,4.07954,14.3453,0.002793,0.0335477,1
600586,bullet6,16.3581,13.6301,0.8,0,1
600586,bullet5,11.8911,13.1682,0.8,0,1
600586,bullet1,8.35799,13.6352,0.8,0,1
600587,flayer7,9.74164,9.24929,-0.270334,0.130075,2
600589,flyer5,1.49999,5.99741,-0.3,0,2
600589,flyer1,7.5,5.99741,-0.3,0,2
600589,bullet3,8.47054,14.2372,0.8,0,1
600591,player,3.49331,14.386,-0.0307031,-0.016296,1
600591,bullet5,15.8911,13.1682,0.8,0,1
600591,bullet1,12.358,13.6352,0.8,0,1
600591,bullet4,3.89331,14.386,0.8,0,1
600592,flayer7,8.38997,9.89967,-0.270334,0.130075,2
600594,flyer5,-6.4373e-06,5.99741,-0.3,0,2
600594,flyer1,5.99999,5.99741,-0.3,0,2
600594,bullet3,12.4705,14.2372,0.8,0,1
600595,bullet2,3.37984,14.8626,0.8,0,1
600596,player,2.91093,14.9307,-0.0689103,0.068043,1
600596,bullet1,16.358,13.6352,0.8,0,1
600596,bullet4,7.89331,14.386,0.8,0,1
600597,flayer7,7.0383,10.55,-0.270334,0.130075,2
600599,flyer1,4.49999,5.99741,-0.3,0,2
600600,bullet2,7.37984,14.8626,0.8,0,1
600601,player,1.6648,15.6,-0.0458659,0,1
600601,bullet4,11.8933,14.386,0.8,0,1
600601,bullet6,2.06481,15.6,0.8,0,1
600602,flayer7,5.68663,11.2004,-0.270334,0.130075,2
600604,flyer1,2.99999,5.99741,-0.3,0,2
600605,bullet2,11.3798,14.8626,0.8,0,1
600606,player,1.29047,15.2625,-0.338346,-0.3375,1
600606,bullet4,15.8933,14.386,0.8,0,1
600606,bullet6,6.06481,15.6,0.8,0,1
600607,flayer7,4.33496,11.8508,-0.270334,0.130075,2
600609,flyer1,1.49999,5.99741,-0.3,0,2
600609,bullet5,0.949493,14.5222,0.8,0,1
600610,bullet2,15.3798,14.8626,0.8,0,1
600611,player,0.430277,14.0655,-0.0369981,-0.374483,1
600611,bullet6,10.0648,15.6,0.8,0,1
600612,flayer7,2.98329,12.5012,-0.270334,0.130075,2
600614,flyer1,-6.4373e-06,5.99741,-0.3,0,2
600614,bullet5,4.94949,14.5222,0.8,0,1
600616,player,0.4,13.207,0,-0.075254,1
600616,flyer2,16.5,4.55752,-0.217168,-0.206974,2
600616,bullet6,14.0648,15.6,0.8,0,1
600616,bullet1,0.8,13.207,0.8,0,1
600617,flayer7,1.63162,13.1516,-0.270334,0.130075,1
600619,bullet5,8.94949,14.5222,0.8,0,1
