183596,player,8.41882,12.1101,0,0.3375,1
183597,bullet1,8.81882,12.262,0.8,0,1
183598,bullet2,8.81882,12.3303,0.8,0,1
183601,player,7.37173,12.3811,-0.220219,0.00622782,1
183601,bullet3,7.77173,12.3811,0.8,0,1
183602,bullet1,12.8188,12.262,0.8,0,1
183602,bullet4,7.67263,12.3839,0.8,0,1
183603,bullet2,12.8188,12.3303,0.8,0,1
183606,player,7.19487,11.5593,-0.00406366,-0.48926,1
183606,bullet3,11.7717,12.3811,0.8,0,1
183607,bullet4,11.6726,12.3839,0.8,0,1
183607,bullet5,7.59304,11.3391,0.8,0,1
183609,bullet6,6.30247,10.7061,-0.8,-6.99382e-08,1
183611,player,6.60313,10.0885,-0.0308297,-0.191658,1
183611,bullet3,15.7717,12.3811,0.8,0,1
183612,flyer1,16.5,9.88427,-0.3,0,2
183612,bullet4,15.6726,12.3839,0.8,0,1
183612,bullet5,11.593,11.3391,0.8,0,1
183614,bullet6,2.30247,10.7061,-0.8,-6.99382e-08,1
183615,flyer2,16.5,9.88427,-0.3,0,2
183616,player,5.82419,8.67544,0.171216,0.0354003,1
183617,flyer1,15,9.88427,-0.3,0,2
183617,bullet5,15.593,11.3391,0.8,0,1
183618,bullet1,5.84653,9.18792,0.8,0,1
183619,bullet2,5.79379,9.25949,0.8,0,1
183620,flyer2,15,9.88427,-0.3,0,2
183621,player,5.69688,9.15431,0.32682,0.200118,1
183622,flyer1,13.5,9.88427,-0.3,0,2
183622,bullet3,6.24395,9.24437,0.8,0,1
183623,bullet1,9.84653,9.18792,0.8,0,1
183624,bullet2,9.79379,9.25949,0.8,0,1
183624,bullet4,5.85053,9.7925,0.8,0,1
183625,flyer2,13.5,9.88427,-0.3,0,2
183626,player,5.86024,9.9035,0.127151,0.0344474,1
183626,bullet6,6.26024,9.9035,0.8,0,1
183627,flyer1,12,9.88427,-0.3,0,1
183627,bullet3,10.2439,9.24437,0.8,0,1
183627,bullet5,6.31746,9.919,0.8,0,1
183629,bullet4,9.85054,9.7925,0.8,0,1
183629,bullet1,6.3548,9.92912,0.8,0,1
183630,flyer2,12,9.88427,-0.3,0,1
183631,player,6.29986,9.93117,0.339846,0.000635652,1
183631,bullet6,10.2602,9.9035,0.8,0,1
183632,bullet5,10.3175,9.919,0.8,0,1
183634,bullet1,10.3548,9.92912,0.8,0,1
183636,player,5.1436,9.41155,-0.496943,-0.114274,1
183636,bullet6,14.2602,9.9035,0.8,0,1
183637,flyer3,16.5,9.88427,-0.299665,0.0141672,2
183637,bullet5,14.3175,9.919,0.8,0,1
183639,bullet1,14.3548,9.92912,0.8,0,1
183639,bullet2,6.22115,9.32657,0.8,0,1
183640,bullet3,5.49987,9.32189,-0.8,-6.99382e-08,1
183641,player,5.9353,9.65728,0.0354243,0.335391,1
183643,bullet4,5.86904,10.3655,0.8,0,1
183644,bullet2,10.2212,9.32657,0.8,0,1
183645,flyer4,16.5,6.43382,-0.3,0,2
183645,bullet3,1.49987,9.32189,-0.8,-6.99382e-08,1
183646,player,5.29309,9.97122,0.0703453,-0.0483152,1
183646,bullet6,5.69309,9.97122,0.8,0,1
183648,bullet4,9.86904,10.3655,0.8,0,1
183648,bullet5,5.24961,9.93969,0.8,0,1
183649,bullet2,14.2212,9.32657,0.8,0,1
183650,flyer4,15,6.43382,-0.3,0,2
183651,player,5.30498,9.93242,0.0558022,-0.000891552,1
183651,bullet6,9.69309,9.97122,0.8,0,1
183653,bullet4,13.869,10.3655,0.8,0,1
183653,bullet5,9.24961,9.93969,0.8,0,1
183653,bullet1,5.25202,9.44246,0.8,0,1
183655,flyer4,13.5,6.43382,-0.3,0,2
183656,player,4.74748,9.32939,-0.0128099,-0.0138561,1
183656,bullet6,13.6931,9.97122,0.8,0,1
183658,bullet5,13.2496,9.93969,0.8,0,1
183658,bullet1,9.25202,9.44246,0.8,0,1
183659,bullet3,3.78024,8.272,-0.8,-6.99382e-08,1
183660,flyer4,12,6.43382,-0.3,0,2
183661,player,4.62426,8.12748,0.137799,-0.04485,1
183661,bullet2,5.02426,8.12748,0.8,0,1
183662,bullet4,5.08627,8.1073,0.8,0,1
183663,bullet1,13.252,9.44246,0.8,0,1
183664,bullet3,-0.219761,8.272,-0.8,-6.99382e-08,1
183665,flyer4,10.5,6.43382,-0.3,0,2
183666,player,5.25505,7.8223,0.116829,-0.421859,1
183666,bullet2,9.02426,8.12748,0.8,0,1
183667,flyer5,16.5,6.43382,-0.226126,0.197148,2
183667,bullet4,9.08627,8.1073,0.8,0,1
183667,bullet6,5.70762,7.63246,0.8,0,1
183669,bullet5,5.25255,7.01922,0.8,0,1
183670,flyer4,9,6.43382,-0.3,0,2
183671,player,4.7604,6.89504,-0.0285989,-0.0385392,1
183671,bullet2,13.0243,8.12748,0.8,0,1
183672,flyer5,15.3694,7.41956,-0.226126,0.197148,2
183672,bullet4,13.0863,8.1073,0.8,0,1
183672,bullet6,9.70762,7.63246,0.8,0,1
183672,bullet3,5.14753,6.8777,0.8,0,1
183675,flyer4,7.5,6.43382,-0.3,0,0
183676,player,4.51721,6.86409,0.268629,-0.000711156,1
183677,bullet6,13.7076,7.63246,0.8,0,1
183680,flyer6,16.5,6.43382,-0.3,0,2
183680,bullet1,4.53951,7.94138,0.8,0,1
183681,player,4.13063,8.02355,-0.00888266,0.0821702,1
183682,flayer7,16.5,6.43382,-0.3,0,2
183683,flayer8,16.5,3.286,-0.3,0,2
183685,flyer6,15,6.43382,-0.3,0,2
183685,bullet1,8.53951,7.94138,0.8,0,1
183686,player,4.2226,8.57891,-0.121284,0.153391,1
183687,flayer7,15,6.43382,-0.3,0,2
183688,flayer8,15,3.286,-0.3,0,2
183690,flyer6,13.5,6.43382,-0.3,0,2
183690,bullet1,12.5395,7.94138,0.8,0,1
183690,bullet5,5.01681,8.2099,0.8,0,1
183691,player,4.68291,8.14438,0.0661057,-0.0655133,1
183692,flayer7,13.5,6.43382,-0.3,0,2
183693,flayer8,13.5,3.286,-0.3,0,2
183695,flyer6,12,6.43382,-0.3,0,2
183695,bullet5,9.01681,8.2099,0.8,0,1
183696,player,5.92679,8.09177,0.0458141,-0.0012089,1
183697,flayer7,12,6.43382,-0.3,0,2
183698,flayer8,12,3.286,-0.3,0,2
183700,flyer6,10.5,6.43382,-0.3,0,2
183700,bullet5,13.0168,8.2099,0.8,0,1
183701,player,6.88955,8.3292,0.3691,0.458598,1
183702,flayer7,10.5,6.43382,-0.3,0,2
183703,flayer8,10.5,3.286,-0.3,0,2
183705,flyer6,9,6.43382,-0.3,0,2
183705,flyer1,16.5,3.286,-0.271905,0.126758,2
183706,player,7.08688,9.77534,0.127931,0.191092,1
183707,flayer7,9,6.43382,-0.3,0,2
183708,flayer8,9,3.286,-0.3,0,2
183708,bullet2,7.57035,9.90003,0.8,0,1
183710,flyer6,7.5,6.43382,-0.3,0,2
183710,flyer1,15.1405,3.91978,-0.271905,0.126758,2
183710,bullet4,7.58725,9.92528,0.8,0,1
183711,player,7.52711,9.9288,0.339861,0.00352619,1
183712,flayer7,7.5,6.43382,-0.3,0,2
183713,flayer8,7.5,3.286,-0.3,0,2
183713,bullet2,11.5704,9.90003,0.8,0,1
183713,bullet3,8.14887,9.9311,0.8,0,1
183715,flyer6,5.99999,6.43382,-0.3,0,2
183715,flyer1,13.7809,4.55357,-0.271905,0.126758,2
183715,bullet4,11.5873,9.92528,0.8,0,1
183716,player,8.35777,9.37391,0.0746151,-0.0682787,1
183717,flayer7,5.99999,6.43382,-0.3,0,2
183718,flayer8,5.99999,3.286,-0.3,0,2
183718,bullet2,15.5704,9.90003,0.8,0,1
183718,bullet3,12.1489,9.9311,0.8,0,1
183718,bullet6,8.80645,9.32936,0.8,0,1
183720,flyer6,4.49999,6.43382,-0.3,0,2
183720,flyer1,12.4214,5.18736,-0.271905,0.126758,2
183720,bullet4,15.5873,9.92528,0.8,0,1
183721,player,8.41769,9.80846,0.00137686,0.150615,1
183721,bullet1,8.81769,9.80846,0.8,0,1
183722,flayer7,4.49999,6.43382,-0.3,0,2
183723,flayer8,4.49999,3.286,-0.3,0,2
183723,bullet3,16.1489,9.9311,0.8,0,1
183723,bullet6,12.8065,9.32936,0.8,0,1
183723,bullet5,8.01859,9.90673,-0.8,-6.99382e-08,1
183724,bullet2,8.81871,9.92046,0.8,0,1
183725,flyer6,2.99999,6.43382,-0.3,0,2
183725,flyer1,11.0619,5.82115,-0.271905,0.126758,2
183726,player,8.41879,9.92941,2.54069e-05,0.00277927,1
183726,bullet1,12.8177,9.80846,0.8,0,1
183727,flayer7,2.99999,6.43382,-0.3,0,2
183728,flayer8,2.99999,3.286,-0.3,0,2
183728,bullet5,4.01858,9.90673,-0.8,-6.99382e-08,1
183729,bullet2,12.8187,9.92046,0.8,0,1
183730,flyer6,1.49999,6.43382,-0.3,0,2
183730,flyer1,9.70238,6.45494,-0.271905,0.126758,2
183731,player,9.24569,10.2691,0.489375,0.337551,1
183732,flayer7,1.49999,6.43382,-0.3,0,2
183733,flayer8,1.49999,3.286,-0.3,0,2
183733,bullet5,0.0185844,9.90673,-0.8,-6.99382e-08,1
183733,bullet4,9.96501,10.4894,0.8,0,1
183734,bullet2,16.8187,9.92046,0.8,0,1
183735,flyer6,-6.4373e-06,6.43382,-0.3,0,2
183735,flyer1,8.34285,7.08873,-0.271905,0.126758,2
183736,player,9.08098,10.2027,-0.0593134,-0.331271,1
183737,flayer7,-6.4373e-06,6.43382,-0.3,0,2
183738,flayer8,-6.4373e-06,3.286,-0.3,0,2
183738,bullet4,13.965,10.4894,0.8,0,1
183739,flyer2,16.5,3.286,-0.3,0,2
183739,bullet3,9.43687,9.95639,0.8,0,1
183740,flyer1,6.98332,7.72251,-0.271905,0.126758,2
183741,player,9.37084,9.9367,0.336405,-0.00611289,1
183742,flyer3,16.5,3.286,-0.3,0,2
183744,flyer2,15,3.286,-0.3,0,2
183744,bullet3,13.4369,9.95639,0.8,0,1
183745,flyer1,5.6238,8.3563,-0.271905,0.126758,2
183746,player,8.54931,9.44242,-0.159507,-0.151988,1
183747,flyer3,15,3.286,-0.3,0,2
183748,flyer5,16.5,7.59103,-0.284018,0.0966106,2
183748,bullet6,8.04524,9.34324,-0.8,-6.99382e-08,1
183749,flyer2,13.5,3.286,-0.3,0,2
183750,flyer1,4.26427,8.99009,-0.271905,0.126758,2
183751,player,8.97893,9.32036,0.0654004,-0.0028046,1
183751,bullet1,9.37893,9.32036,0.8,0,1
183752,flyer3,13.5,3.286,-0.3,0,2
183752,bullet5,9.40836,9.31909,0.8,0,1
183753,flyer5,15.0799,8.07408,-0.284018,0.0966106,2
183754,flyer2,12,3.286,-0.3,0,2
183755,flyer1,2.90474,9.62388,-0.271905,0.126758,1
183755,bullet2,9.91962,9.31816,0.8,0,1
183756,player,9.58917,9.3181,0.0695506,-5.17528e-05,1
183756,bullet1,13.3789,9.32036,0.8,0,1
183757,flyer3,12,3.286,-0.3,0,2
183757,bullet5,13.4084,9.31909,0.8,0,1
183757,bullet4,10.0205,9.31808,0.8,0,1
183759,flyer2,10.5,3.286,-0.3,0,2
183760,flyer1,1.54522,10.2577,-0.271905,0.126758,1
183760,bullet2,13.9196,9.31816,0.8,0,1
183761,player,9.88343,10.244,0.459904,0.368254,1
183762,flyer3,10.5,3.286,-0.3,0,2
183762,bullet4,14.0205,9.31808,0.8,0,1
183764,flyer2,9,3.286,-0.3,0,2
183765,flyer1,0.185689,10.8915,-0.271905,0.126758,1
183766,player,10.3211,11.0291,-0.0750447,0.15867,1
183766,flyer4,16.5,7.59103,-0.3,0,2
183767,flyer3,9,3.286,-0.3,0,2
183768,flyer6,16.5,7.59103,-0.255421,0.157353,2
183768,bullet3,10.6721,11.1327,0.8,0,1
183769,flyer2,7.5,3.286,-0.3,0,2
183770,bullet6,10.6622,11.1536,0.8,0,1
183771,player,9.92334,10.8191,-0.338885,-0.334572,1
183771,flyer4,15,7.59103,-0.3,0,2
183772,flyer3,7.5,3.286,-0.3,0,2
183773,flyer6,15.2229,8.3778,-0.255421,0.157353,2
183773,bullet3,14.6721,11.1327,0.8,0,1
183773,bullet1,10.1022,10.6008,0.8,0,1
183774,flyer2,5.99999,3.286,-0.3,0,2
183775,bullet6,14.6622,11.1536,0.8,0,1
183775,bullet5,10.0574,10.5566,0.8,0,1
183776,player,9.65119,10.5504,-0.00625338,-0.0061738,1
183776,flyer4,13.5,7.59103,-0.3,0,2
183777,flyer3,5.99999,3.286,-0.3,0,2
183777,bullet2,10.0484,10.5476,0.8,0,1
183778,flyer6,13.9458,9.16456,-0.255421,0.157353,2
183778,bullet1,14.1022,10.6008,0.8,0,1
183779,flyer2,4.49999,3.286,-0.3,0,2
183780,bullet5,14.0574,10.5566,0.8,0,1
183781,player,9.64617,10.3936,-0.000115392,0.185511,1
183781,flyer4,12,7.59103,-0.3,0,2
183782,flyer3,4.49999,3.286,-0.3,0,2
183782,bullet2,14.0484,10.5476,0.8,0,1
183783,flyer6,12.6687,9.95133,-0.255421,0.157353,2
183783,bullet4,10.0461,10.5146,0.8,0,1
183784,flyer2,2.99999,3.286,-0.3,0,2
183786,player,10.2038,9.98482,0.0683416,-0.0649206,1
183786,flyer4,10.5,7.59103,-0.3,0,2
183786,bullet3,10.6038,9.98482,0.8,0,1
183787,flyer3,2.99999,3.286,-0.3,0,2
183788,bullet6,10.6484,9.94246,0.8,0,1
183789,flyer2,1.49999,3.286,-0.3,0,2
183790,bullet1,10.6574,9.93389,0.8,0,1
183791,player,10.2587,9.93269,0.0012611,-0.00119797,1
183791,flyer4,9,7.59103,-0.3,0,2
183792,flyer3,1.49999,3.286,-0.3,0,2
183793,bullet6,14.6484,9.94246,0.8,0,1
183793,bullet5,10.6595,9.93191,0.8,0,1
183794,flyer2,-6.4373e-06,3.286,-0.3,0,2
183795,bullet1,14.6574,9.93389,0.8,0,1
183796,player,10.2597,10.4894,2.32708e-05,0.0683216,1
183796,flyer4,7.5,7.59103,-0.3,0,2
183796,bullet2,10.6597,10.4894,0.8,0,1
183797,flyer3,-6.4373e-06,3.286,-0.3,0,2
183798,bullet5,14.6595,9.93191,0.8,0,1
183799,flayer7,16.5,1.15789,-0.3,0,2
183801,player,10.2151,11.1466,0.0545046,0.0151003,1
183801,flyer4,5.99999,7.59103,-0.3,0,2
183801,flayer8,16.5,7.59103,-0.3,0,2
183801,bullet2,14.6597,10.4894,0.8,0,1
183801,bullet4,10.6151,11.1466,0.8,0,1
183803,bullet3,10.6507,11.1565,0.8,0,1
183804,flayer7,15,1.15789,-0.3,0,2
183804,bullet6,10.6557,11.1579,0.8,0,1
183806,player,10.2589,11.1588,0.00100576,0.000278644,1
183806,flyer4,4.49999,7.59103,-0.3,0,2
183806,flayer8,15,7.59103,-0.3,0,2
183806,bullet4,14.6151,11.1466,0.8,0,1
183806,bullet1,10.6589,11.1588,0.8,0,1
183808,bullet3,14.6507,11.1565,0.8,0,1
183809,flayer7,13.5,1.15789,-0.3,0,2
183809,bullet6,14.6557,11.1579,0.8,0,1
183809,bullet5,10.6596,11.159,0.8,0,1
183811,player,9.77033,10.6696,-0.151856,-0.15187,1
183811,flyer4,2.99999,7.59103,-0.3,0,2
183811,flayer8,13.5,7.59103,-0.3,0,2
183811,bullet1,14.6589,11.1588,0.8,0,1
183814,flayer7,12,1.15789,-0.3,0,2
183814,bullet5,14.6596,11.159,0.8,0,1
183816,player,9.35547,10.7679,-0.394806,-0.271959,1
183816,flyer4,1.49999,7.59103,-0.3,0,2
183816,flayer8,12,7.59103,-0.3,0,2
183817,flyer5,16.5,7.59103,-0.224494,-0.199004,2
183817,bullet2,9.57781,10.6455,0.8,0,1
183819,flayer7,10.5,1.15789,-0.3,0,2
183821,player,9.10676,10.6178,-0.0908165,-0.0885497,1
183821,flyer4,-6.4373e-06,7.59103,-0.3,0,2
183821,flayer8,10.5,7.59103,-0.3,0,2
183822,flyer5,15.3775,6.59601,-0.224494,-0.199004,2
183822,bullet2,13.5778,10.6455,0.8,0,1
183824,flayer7,9,1.15789,-0.3,0,2
183826,player,10.1939,11.4419,0.0805075,0.40421,1
183826,flayer8,9,7.59103,-0.3,0,2
183826,flyer1,16.5,9.19864,-0.272331,-0.125839,2
183827,flyer5,14.2551,5.60099,-0.224494,-0.199004,2
183827,bullet4,10.6301,11.6238,0.8,0,1
183829,flayer7,7.5,1.15789,-0.3,0,2
183830,bullet3,10.657,11.2697,0.8,0,1
183831,player,10.2585,11.2088,0.00148559,-0.0608849,1
183831,flayer8,7.5,7.59103,-0.3,0,2
183831,flyer1,15.1383,8.56944,-0.272331,-0.125839,2
183832,flyer5,13.1326,4.60597,-0.224494,-0.199004,2
183832,bullet4,14.6301,11.6238,0.8,0,1
183833,bullet6,10.6595,11.1691,0.8,0,1
183834,flayer7,5.99999,1.15789,-0.3,0,2
183835,bullet3,14.657,11.2697,0.8,0,1
183836,player,10.2597,10.8224,2.74133e-05,-0.338623,1
183836,flayer8,5.99999,7.59103,-0.3,0,2
183836,flyer1,13.7767,7.94025,-0.272331,-0.125839,2
183837,flyer5,12.0101,3.61095,-0.224494,-0.199004,2
183838,bullet6,14.6595,11.1691,0.8,0,1
183839,flayer7,4.49999,1.15789,-0.3,0,2
183839,bullet1,11.2174,11.1283,0.8,0,1
183840,bullet5,11.2482,11.1452,0.8,0,1
183841,player,10.862,11.1528,0.0138401,0.00759105,1
183841,flayer8,4.49999,7.59103,-0.3,0,2
183841,flyer1,12.415,7.31105,-0.272331,-0.125839,2
183842,flyer5,10.8876,2.61594,-0.224494,-0.199004,2
183844,flayer7,2.99999,1.15789,-0.3,0,2
183844,bullet1,15.2174,11.1283,0.8,0,1
183844,bullet2,10.7146,11.7161,0.8,0,1
183845,bullet5,15.2482,11.1452,0.8,0,1
183846,player,10.2708,11.7612,-0.0135842,0.0139797,1
183846,flayer8,2.99999,7.59103,-0.3,0,2
183846,flyer1,11.0534,6.68185,-0.272331,-0.125839,2
183846,bullet4,10.6708,11.7612,0.8,0,1
183847,flyer5,9.76518,1.62092,-0.224494,-0.199004,2
183847,bullet3,9.86473,11.7675,-0.8,-6.99382e-08,1
183849,flayer7,1.49999,1.15789,-0.3,0,2
183849,bullet2,14.7146,11.7161,0.8,0,1
183849,bullet6,10.6607,11.7716,0.8,0,1
183851,player,9.77056,11.283,-0.152126,-0.151617,1
183851,flayer8,1.49999,7.59103,-0.3,0,2
183851,flyer1,9.69172,6.05265,-0.272331,-0.125839,2
183851,bullet4,14.6708,11.7612,0.8,0,1
183852,flyer5,8.64271,0.6259,-0.224494,-0.199004,2
183852,bullet3,5.86473,11.7675,-0.8,-6.99382e-08,1
183852,bullet1,10.1021,11.2148,0.8,0,1
183854,flayer7,-6.4373e-06,1.15789,-0.3,0,2
183854,bullet6,14.6607,11.7716,0.8,0,1
183855,bullet5,9.49348,11.1641,0.8,0,1
183856,player,8.72241,10.8238,-0.371062,-0.340298,1
183856,flayer8,-6.4373e-06,7.59103,-0.3,0,2
183856,flyer1,8.33006,5.42345,-0.272331,-0.125839,2
183857,flyer5,7.52024,-0.369118,-0.224494,-0.199004,2
183857,bullet3,1.86473,11.7675,-0.8,-6.99382e-08,1
183857,bullet1,14.1021,11.2148,0.8,0,1
183860,flyer6,16.5,9.19864,-0.3,0,2
183860,bullet5,13.4935,11.1641,0.8,0,1
183861,player,8.42442,10.6496,-0.00684713,-0.1274,1
183861,flyer1,6.96841,4.79426,-0.272331,-0.125839,2
183861,flyer2,16.5,9.19864,-0.256627,0.155378,2
183862,bullet2,8.82133,10.5923,0.8,0,1
183865,flyer6,15,9.19864,-0.3,0,2
183865,bullet4,8.26132,11.1073,0.8,0,1
183866,player,7.83044,11.1357,-0.030881,0.0284038,1
183866,flyer1,5.60675,4.16506,-0.272331,-0.125839,2
183866,flyer2,15.2169,9.97553,-0.256627,0.155378,2
183866,bullet6,8.23044,11.1357,0.8,0,1
183867,bullet2,12.8213,10.5923,0.8,0,1
183870,flyer6,13.5,9.19864,-0.3,0,2
183870,bullet4,12.2613,11.1073,0.8,0,1
183870,bullet3,7.64849,11.7157,0.8,0,1
183871,player,7.21717,11.747,-0.0313245,0.0312788,1
183871,flyer1,4.24509,3.53586,-0.272331,-0.125839,2
183871,flyer2,13.9337,10.7524,-0.256627,0.155378,0
183871,bullet6,12.2304,11.1357,0.8,0,1
183873,bullet1,6.30735,12.2568,-0.8,-6.99382e-08,1
183875,flyer6,12,9.19864,-0.3,0,2
183875,bullet3,11.6485,11.7157,0.8,0,1
183876,player,6.5897,11.8851,-0.0144176,-0.137458,1
183876,flyer1,2.88344,2.90666,-0.272331,-0.125839,2
183876,bullet6,16.2304,11.1357,0.8,0,1
183876,bullet5,6.9897,11.8851,0.8,0,1
183878,bullet1,2.30735,12.2568,-0.8,-6.99382e-08,1
183880,flyer6,10.5,9.19864,-0.3,0,2
183880,bullet3,15.6485,11.7157,0.8,0,1
183881,player,5.98964,11.7747,-0.0310207,-0.00253649,1
183881,flyer1,1.52178,2.27746,-0.272331,-0.125839,2
183881,bullet5,10.9897,11.8851,0.8,0,1
183881,bullet2,6.38964,11.7747,0.8,0,1
183882,bullet4,6.37568,11.7736,0.8,0,1
183884,bullet6,6.36658,11.7728,0.8,0,1
183885,flyer6,9,9.19864,-0.3,0,2
183886,player,5.96473,11.7727,-0.00057242,-4.68054e-05,1
183886,flyer1,0.160122,1.64827,-0.272331,-0.125839,2
183886,bullet5,14.9897,11.8851,0.8,0,1
183886,bullet2,10.3896,11.7747,0.8,0,1
183887,bullet4,10.3757,11.7736,0.8,0,1
183888,bullet3,6.36436,11.7726,0.8,0,1
183889,bullet6,10.3666,11.7728,0.8,0,1
183890,flyer6,7.5,9.19864,-0.3,0,2
183891,player,6.30177,11.7726,0.337489,-8.63691e-07,1
183891,bullet2,14.3896,11.7747,0.8,0,1
183892,bullet4,14.3757,11.7736,0.8,0,1
183893,bullet3,10.3644,11.7726,0.8,0,1
183894,bullet6,14.3666,11.7728,0.8,0,1
183895,flyer6,5.99999,9.19864,-0.3,0,2
183895,flyer3,16.5,9.99807,-0.3,0,2
183896,player,5.52571,11.841,-0.213991,-0.0835313,1
183897,flyer4,16.5,10.8402,-0.3,0,2
183897,bullet1,5.82942,11.8034,0.8,0,1
183898,bullet3,14.3644,11.7726,0.8,0,1
183899,bullet5,5.76658,11.7789,0.8,0,1
183900,flyer6,4.49999,9.19864,-0.3,0,2
183900,flyer3,15,9.99807,-0.3,0,2
183901,player,5.35386,11.7739,-0.00394874,-0.00154139,1
183902,flyer4,15,10.8402,-0.3,0,2
183902,bullet1,9.82942,11.8034,0.8,0,1
183902,bullet2,5.75208,11.7732,0.8,0,1
183904,bullet5,9.76658,11.7789,0.8,0,1
183904,bullet4,5.75092,11.7727,0.8,0,1
183905,flyer6,2.99999,9.19864,-0.3,0,2
183905,flyer3,13.5,9.99807,-0.3,0,2
183906,player,5.35069,11.7726,-7.28653e-05,-2.84429e-05,1
183907,flyer4,13.5,10.8402,-0.3,0,2
183907,bullet1,13.8294,11.8034,0.8,0,1
183907,bullet2,9.75208,11.7732,0.8,0,1
183909,bullet5,13.7666,11.7789,0.8,0,1
183909,bullet4,9.75092,11.7727,0.8,0,1
183910,flyer6,1.49999,9.19864,-0.3,0,2
183910,flyer3,12,9.99807,-0.3,0,2
183911,player,5.09966,11.8717,0.306744,-0.121121,1
183912,flyer4,12,10.8402,-0.3,0,2
183912,bullet2,13.7521,11.7732,0.8,0,1
183913,bullet6,5.69981,11.7927,0.8,0,1
183914,bullet4,13.7509,11.7727,0.8,0,1
183915,flyer6,-6.4373e-06,9.19864,-0.3,0,2
183915,flyer3,10.5,9.99807,-0.3,0,2
183916,player,5.346,11.7745,0.00566029,-0.00223502,1
183917,flyer4,10.5,10.8402,-0.3,0,2
183917,bullet3,5.74854,11.7734,0.8,0,1
183918,bullet6,9.69981,11.7927,0.8,0,1
183920,flyer3,9,9.99807,-0.3,0,2
183920,bullet1,5.19272,11.7727,0.8,0,1
183921,player,4.42457,11.7727,-0.36815,-4.12424e-05,1
183922,flyer4,9,10.8402,-0.3,0,2
183922,bullet3,9.74854,11.7734,0.8,0,1
183923,bullet6,13.6998,11.7927,0.8,0,1
183925,flyer3,7.5,9.99807,-0.3,0,2
183925,bullet1,9.19272,11.7727,0.8,0,1
183926,player,4.15967,11.7726,-0.0443825,-7.61038e-07,1
183926,bullet5,4.55967,11.7726,0.8,0,1
183927,flyer4,7.5,10.8402,-0.3,0,2
183927,bullet3,13.7485,11.7734,0.8,0,1
183930,flyer3,5.99999,9.99807,-0.3,0,2
183930,bullet1,13.1927,11.7727,0.8,0,1
183930,bullet2,4.52484,11.7726,0.8,0,1
183931,player,4.12403,12.1101,-0.000818981,0.3375,1
183931,bullet5,8.55967,11.7726,0.8,0,1
183932,flyer4,5.99999,10.8402,-0.3,0,2
183933,bullet4,4.52349,12.3303,0.8,0,1
183935,flyer3,4.49999,9.99807,-0.3,0,2
183935,bullet2,8.52485,11.7726,0.8,0,1
183936,player,4.68109,12.3812,0.0683286,0.00622782,1
183936,bullet5,12.5597,11.7726,0.8,0,1
183936,bullet6,5.08109,12.3812,0.8,0,1
183937,flyer4,4.49999,10.8402,-0.3,0,2
183938,bullet4,8.52349,12.3303,0.8,0,1
183940,flyer3,2.99999,9.99807,-0.3,0,2
183940,bullet2,12.5248,11.7726,0.8,0,1
183941,player,4.73596,12.3862,0.00126086,0.000114921,1
183941,bullet6,9.08109,12.3812,0.8,0,1
183941,bullet3,5.13596,12.3862,0.8,0,1
183942,flyer4,2.99999,10.8402,-0.3,0,2
183943,bullet4,12.5235,12.3303,0.8,0,1
183945,flyer3,1.49999,9.99807,-0.3,0,2
183946,player,4.73697,12.3863,2.32663e-05,2.12061e-06,1
183946,bullet6,13.0811,12.3812,0.8,0,1
183946,bullet3,9.13596,12.3862,0.8,0,1
183946,bullet1,5.13697,12.3863,0.8,0,1
183947,flyer4,1.49999,10.8402,-0.3,0,2
183950,flyer3,-6.4373e-06,9.99807,-0.3,0,2
183951,player,4.17927,11.8285,-0.0683433,-0.0683437,1
183951,bullet3,13.136,12.3862,0.8,0,1
183951,bullet1,9.13697,12.3863,0.8,0,1
183951,bullet5,4.57927,11.8285,0.8,0,1
183952,flyer4,-6.4373e-06,10.8402,-0.3,0,2
183952,bullet2,4.54851,11.7978,0.8,0,1
183956,player,3.56666,11.2159,-0.0696049,-0.0696049,1
183956,flayer7,16.5,3.77202,-0.284468,-0.0952778,2
183956,bullet1,13.137,12.3863,0.8,0,1
183956,bullet5,8.57927,11.8285,0.8,0,1
183957,bullet2,8.54852,11.7978,0.8,0,1
183957,bullet4,3.93534,11.1846,0.8,0,1
183961,player,2.46367,11.7178,-0.221503,0.0670593,1
183961,flayer7,15.0777,3.29563,-0.284468,-0.0952778,2
183961,bullet5,12.5793,11.8285,0.8,0,1
183962,bullet2,12.5485,11.7978,0.8,0,1
183962,bullet4,7.93534,11.1846,0.8,0,1
183964,bullet6,2.69896,11.2099,0.8,0,1
183966,player,2.28579,11.1693,-0.00408736,-0.0126022,1
183966,flayer7,13.6553,2.81924,-0.284468,-0.0952778,2
183967,flayer8,16.5,7.52733,-0.3,0,2
183967,bullet4,11.9353,11.1846,0.8,0,1
183969,bullet6,6.69896,11.2099,0.8,0,1
183971,player,2.16957,10.6698,0.13796,-0.152108,1
183971,flayer7,12.233,2.34285,-0.284468,-0.0952778,2
183972,flayer8,15,7.52733,-0.3,0,2
183972,bullet4,15.9353,11.1846,0.8,0,1
183972,bullet3,2.63165,10.6014,0.8,0,1
183974,bullet6,10.699,11.2099,0.8,0,1
183976,player,1.69189,10.5476,-0.0282089,-0.00280681,1
183976,flayer7,10.8106,1.86646,-0.284468,-0.0952778,2
183976,bullet1,2.09189,10.5476,0.8,0,1
183977,flayer8,13.5,7.52733,-0.3,0,2
183977,bullet3,6.63165,10.6014,0.8,0,1
183979,bullet6,14.699,11.2099,0.8,0,1
183979,bullet5,2.07091,10.5456,0.8,0,1
183981,player,1.66923,10.5454,-0.000520534,-5.17936e-05,1
183981,flayer7,9.38831,1.39007,-0.284468,-0.0952778,2
183981,bullet1,6.09189,10.5476,0.8,0,1
183982,flayer8,12,7.52733,-0.3,0,2
183982,bullet3,10.6316,10.6014,0.8,0,1
183982,bullet2,2.069,10.5454,0.8,0,1
183984,bullet5,6.07091,10.5456,0.8,0,1
183986,player,0.742842,10.8828,-0.368264,0.337499,1
183986,flayer7,7.96597,0.913682,-0.284468,-0.0952778,2
183986,bullet1,10.0919,10.5476,0.8,0,1
183987,flayer8,10.5,7.52733,-0.3,0,2
183987,bullet3,14.6317,10.6014,0.8,0,1
183987,bullet2,6.069,10.5454,0.8,0,1
183989,bullet5,10.0709,10.5456,0.8,0,1
183990,bullet4,0.8,11.1477,0.8,0,1
183991,player,0.4,11.1539,0,0.00622781,1
183991,flayer7,6.54363,0.437293,-0.284468,-0.0952778,2
183991,bullet1,14.0919,10.5476,0.8,0,1
183992,flayer8,9,7.52733,-0.3,0,2
183992,bullet2,10.069,10.5454,0.8,0,1
183994,bullet5,14.0709,10.5456,0.8,0,1
183995,bullet4,4.8,11.1477,0.8,0,1
183996,player,0.4,10.6695,0,-0.15176,1
183996,flayer7,5.12129,-0.0390959,-0.284468,-0.0952778,2
183996,bullet6,0.8,10.6695,0.8,0,1
183997,flayer8,7.5,7.52733,-0.3,0,2
183997,bullet2,14.069,10.5454,0.8,0,1
183999,bullet3,0,10.5567,-0.8,-6.99382e-08,1
184000,bullet4,8.8,11.1477,0.8,0,1
184001,player,0.4,10.8851,-0,0.3347,1
184001,flyer5,16.5,7.52733,-0.3,0,2
184001,bullet6,4.8,10.6695,0.8,0,1
184002,flayer8,5.99999,7.52733,-0.3,0,2
184003,bullet1,0.8,11.1035,0.8,0,1
184005,bullet4,12.8,11.1477,0.8,0,1
184006,player,1.22688,11.0021,0.489375,0.191801,1
184006,flyer5,15,7.52733,-0.3,0,2
184006,bullet6,8.8,10.6695,0.8,0,1
184007,flayer8,4.49999,7.52733,-0.3,0,2
184008,bullet1,4.8,11.1035,0.8,0,1
184011,player,1.36891,11.4071,0.315776,-0.303206,1
184011,flyer5,13.5,7.52733,-0.3,0,2
184011,bullet6,12.8,10.6695,0.8,0,1
184012,flayer8,2.99999,7.52733,-0.3,0,2
184013,bullet1,8.8,11.1035,0.8,0,1
184015,bullet5,1.5273,10.6798,0.8,0,1
184016,player,1.06479,10.6058,-0.0625168,-0.0739387,1
184016,flyer5,12,7.52733,-0.3,0,2
184017,flayer8,1.49999,7.52733,-0.3,0,2
184018,bullet1,12.8,11.1035,0.8,0,1
184020,bullet5,5.5273,10.6798,0.8,0,1
184021,player,0.983826,11.1349,0.0364355,0.0293903,1
184021,flyer5,10.5,7.52733,-0.3,0,2
184022,flayer8,-6.4373e-06,7.52733,-0.3,0,2
184023,flyer2,16.5,7.52733,-0.3,0,2
184024,flyer1,16.5,7.52733,-0.226698,0.196489,2
184025,bullet5,9.5273,10.6798,0.8,0,1
184026,player,0.4,12.0984,-0,0.351882,1
184026,flyer5,9,7.52733,-0.3,0,2
184028,flyer2,15,7.52733,-0.3,0,2
184029,flyer1,15.3665,8.50978,-0.226698,0.196489,2
184030,bullet5,13.5273,10.6798,0.8,0,1
184031,player,0.957719,13.5271,0.0683438,0.105592,1
184031,flyer5,7.5,7.52733,-0.3,0,2
184031,bullet2,1.35772,13.5271,0.8,0,1
184032,bullet3,1.38847,13.5747,0.8,0,1
184033,flyer2,13.5,7.52733,-0.3,0,2
184034,flyer1,14.233,9.49223,-0.226698,0.196489,2
184036,player,0.454886,14.1697,-0.0670826,0.0702922,1
184036,flyer5,5.99999,7.52733,-0.3,0,2
184036,bullet2,5.35772,13.5271,0.8,0,1
184036,bullet4,0.854886,14.1697,0.8,0,1
184037,bullet3,5.38847,13.5747,0.8,0,1
184038,flyer2,12,7.52733,-0.3,0,2
184038,bullet6,0.811115,14.2155,0.8,0,1
184039,flyer1,13.0995,10.4747,-0.226698,0.196489,2
184041,player,0.958732,14.0059,0.0671059,0.270453,1
184041,flyer5,4.49999,7.52733,-0.3,0,2
184041,bullet2,9.35772,13.5271,0.8,0,1
184041,bullet4,4.85489,14.1697,0.8,0,1
184042,bullet3,9.38847,13.5747,0.8,0,1
184043,flyer2,10.5,7.52733,-0.3,0,2
184043,bullet6,4.81111,14.2155,0.8,0,1
184044,flyer1,11.966,11.4571,-0.226698,0.196489,2
184046,player,0.4,13.0631,-0,-0.0771927,1
184046,flyer5,2.99999,7.52733,-0.3,0,2
184046,bullet2,13.3577,13.5271,0.8,0,1
184046,bullet4,8.85489,14.1697,0.8,0,1
184047,bullet3,13.3885,13.5747,0.8,0,1
184048,flyer2,9,7.52733,-0.3,0,2
184048,bullet6,8.81112,14.2155,0.8,0,1
184049,flyer1,10.8326,12.4396,-0.226698,0.196489,2
184051,player,0.4,13.0011,0,-0.00142442,1
184051,flyer5,1.49999,7.52733,-0.3,0,2
184051,bullet4,12.8549,14.1697,0.8,0,1
184051,bullet1,0,13.0011,-0.8,-6.99382e-08,1
184052,bullet5,0.8,13.0004,0.8,0,1
184053,flyer2,7.5,7.52733,-0.3,0,2
184053,bullet6,12.8111,14.2155,0.8,0,1
184054,flyer1,9.69906,13.422,-0.226698,0.196489,2
184054,bullet2,0.8,13,0.8,0,1
184056,player,0.4,12.9999,0,-2.62846e-05,1
184056,flyer5,-6.4373e-06,7.52733,-0.3,0,2
184057,bullet5,4.8,13.0004,0.8,0,1
184057,bullet3,0.8,12.9999,0.8,0,1
184058,flyer2,5.99999,7.52733,-0.3,0,2
184059,flyer1,8.56557,14.4045,-0.226698,0.196489,2
184059,bullet2,4.8,13,0.8,0,1
184061,player,0.4,12.7797,0,0.269156,1
184062,bullet5,8.8,13.0004,0.8,0,1
184062,bullet3,4.8,12.9999,0.8,0,1
184063,flyer2,4.49999,7.52733,-0.3,0,2
184064,flyer1,7.43208,15.3869,-0.226698,0.196489,2
184064,bullet2,8.8,13,0.8,0,1
184064,bullet1,0.8,12.9798,0.8,0,1
184066,player,0.4,12.9958,0,0.00496668,1
184067,bullet5,12.8,13.0004,0.8,0,1
184067,bullet3,8.8,12.9999,0.8,0,1
184068,flyer2,2.99999,7.52733,-0.3,0,2
184069,flyer1,6.29859,16.3694,-0.226698,0.196489,2
184069,bullet2,12.8,13,0.8,0,1
184069,bullet1,4.8,12.9798,0.8,0,1
184071,player,1.56003,12.06,0.0821834,-0.351248,1
184072,bullet3,12.8,12.9999,0.8,0,1
184073,flyer2,1.49999,7.52733,-0.3,0,2
184074,flyer6,16.5,3.45325,-0.3,0,2
184074,bullet1,8.8,12.9798,0.8,0,1
184074,bullet4,2.57886,11.7988,0.8,0,1
184076,player,1.73897,11.7779,-0.136519,-0.00648151,1
184078,flyer2,-6.4373e-06,7.52733,-0.3,0,2
184078,bullet6,2.53927,11.7737,0.8,0,1
184079,flyer6,15,3.45325,-0.3,0,2
184079,bullet1,12.8,12.9798,0.8,0,1
184079,bullet4,6.57886,11.7988,0.8,0,1
184081,player,2.23165,11.7727,0.0113205,-0.000119602,1
184081,bullet5,2.63165,11.7727,0.8,0,1
184083,bullet6,6.53927,11.7737,0.8,0,1
184084,flyer6,13.5,3.45325,-0.3,0,2
184084,bullet4,10.5789,11.7988,0.8,0,1
184084,bullet2,2.64007,11.7726,0.8,0,1
184086,player,2.73011,12.262,0.152084,0.151873,1
184086,bullet5,6.63165,11.7727,0.8,0,1
184088,bullet6,10.5393,11.7737,0.8,0,1
184089,flyer6,12,3.45325,-0.3,0,2
184089,bullet4,14.5789,11.7988,0.8,0,1
184089,bullet2,6.64007,11.7726,0.8,0,1
184091,player,2.85225,12.3394,0.00280638,0.0573066,1
184091,bullet5,10.6316,11.7727,0.8,0,1
184093,bullet6,14.5393,11.7737,0.8,0,1
184094,flyer6,10.5,3.45325,-0.3,0,2
184094,bullet2,10.6401,11.7726,0.8,0,1
184094,bullet3,3.81206,12.382,0.8,0,1
184096,player,3.45682,12.3854,0.0138914,0.00105747,1
184096,bullet5,14.6316,11.7727,0.8,0,1
184098,bullet1,3.86588,11.8967,0.8,0,1
184099,flyer6,9,3.45325,-0.3,0,2
184099,bullet2,14.6401,11.7726,0.8,0,1
184099,bullet3,7.81206,12.382,0.8,0,1
184101,player,3.61985,10.9571,-0.185369,-0.503195,1
184102,flyer3,16.5,7.52733,-0.3,0,2
184103,bullet1,7.86588,11.8967,0.8,0,1
184104,flyer6,7.5,3.45325,-0.3,0,2
184104,bullet3,11.8121,12.382,0.8,0,1
184106,player,2.39313,10.553,-0.18605,-0.00928536,1
184107,flyer3,15,7.52733,-0.3,0,2
184108,bullet1,11.8659,11.8967,0.8,0,1
184108,bullet4,2.18236,11.0363,0.8,0,1
184109,flyer6,5.99999,3.45325,-0.3,0,2
184109,bullet3,15.8121,12.382,0.8,0,1
184111,player,2.13078,11.1478,0.134602,0.0136683,1
184111,bullet6,2.53078,11.1478,0.8,0,1
184112,flyer3,13.5,7.52733,-0.3,0,2
184113,bullet1,15.8659,11.8967,0.8,0,1
184113,bullet4,6.18236,11.0363,0.8,0,1
184114,flyer6,4.49999,3.45325,-0.3,0,2
184115,bullet5,3.19411,10.6008,0.8,0,1
184116,player,2.82735,10.5703,0.0332385,-0.0305025,1
184116,bullet6,6.53078,11.1478,0.8,0,1
184117,flyer3,12,7.52733,-0.3,0,2
184117,bullet2,3.24231,10.5566,0.8,0,1
184118,bullet4,10.1824,11.0363,0.8,0,1
184119,flyer6,2.99999,3.45325,-0.3,0,2
184120,bullet5,7.19411,10.6008,0.8,0,1
184121,player,3.19154,10.8833,0.338113,0.336937,1
184121,bullet6,10.5308,11.1478,0.8,0,1
184122,flyer3,10.5,7.52733,-0.3,0,2
184122,bullet2,7.24231,10.5566,0.8,0,1
184123,bullet4,14.1824,11.0363,0.8,0,1
184124,flyer6,1.49999,3.45325,-0.3,0,2
184125,bullet5,11.1941,10.6008,0.8,0,1
184126,player,3.46308,11.7424,0.00623914,0.0369721,1
184126,bullet6,14.5308,11.1478,0.8,0,1
184127,flyer3,9,7.52733,-0.3,0,2
184127,bullet2,11.2423,10.5566,0.8,0,1
184127,bullet3,3.86588,11.759,0.8,0,1
184129,flyer6,-6.4373e-06,3.45325,-0.3,0,2
184130,bullet5,15.1941,10.6008,0.8,0,1
184130,bullet1,3.86797,11.7714,0.8,0,1
184131,player,3.46809,11.7721,0.00011513,0.00068224,1
184132,flyer3,7.5,7.52733,-0.3,0,2
184132,bullet2,15.2423,10.5566,0.8,0,1
184132,bullet3,7.86589,11.759,0.8,0,1
184134,flyer4,16.5,3.45325,-0.257839,-0.153359,2
184135,bullet1,7.86797,11.7714,0.8,0,1
184135,bullet4,3.31046,11.7726,0.8,0,1
184136,player,2.87971,11.7726,-0.0307526,1.25892e-05,1
184137,flyer3,5.99999,7.52733,-0.3,0,2
184137,bullet3,11.8659,11.759,0.8,0,1
184138,bullet6,2.77027,11.2832,0.8,0,1
184139,flyer4,15.2108,2.68645,-0.257839,-0.153359,2
184140,bullet1,11.868,11.7714,0.8,0,1
184140,bullet4,7.31046,11.7726,0.8,0,1
184141,player,2.2527,11.1703,-0.0144071,-0.0138394,1
184142,flyer3,4.49999,7.52733,-0.3,0,2
184142,bullet3,15.8659,11.759,0.8,0,1
184143,bullet6,6.77027,11.2832,0.8,0,1
184144,flyer4,13.9216,1.91966,-0.257839,-0.153359,2
184144,bullet5,2.15261,11.6494,0.8,0,1
184145,bullet1,15.868,11.7714,0.8,0,1
184145,bullet4,11.3105,11.7726,0.8,0,1
184146,player,1.99015,11.7477,0.306479,0.0304993,1
184147,flyer3,2.99999,7.52733,-0.3,0,2
184148,bullet6,10.7703,11.2832,0.8,0,1
184149,flyer4,12.6324,1.15287,-0.257839,-0.153359,2
184149,bullet5,6.15261,11.6494,0.8,0,1
184150,bullet4,15.3105,11.7726,0.8,0,1
184151,player,0.586876,11.8168,-0.228403,-0.0539413,1
184152,flyer3,1.49999,7.52733,-0.3,0,2
184152,bullet2,0.884095,11.7925,0.8,0,1
184153,bullet6,14.7703,11.2832,0.8,0,1
184154,flyer4,11.3432,0.386073,-0.257839,-0.153359,2
184154,bullet5,10.1526,11.6494,0.8,0,1
184156,player,0.4,11.2157,0,-0.0693391,1
184156,bullet3,0.8,11.2157,0.8,0,1
184157,flyer3,-6.4373e-06,7.52733,-0.3,0,2
184157,bullet2,4.8841,11.7925,0.8,0,1
184157,bullet1,0.8,11.1845,0.8,0,1
184159,flyer4,10.054,-0.380721,-0.257839,-0.153359,2
184159,bullet5,14.1526,11.6494,0.8,0,1
184161,player,0.4,11.16,0,-0.0012795,1
184161,bullet3,4.8,11.2157,0.8,0,1
184162,flayer7,16.5,3.45325,-0.3,0,2
184162,bullet2,8.8841,11.7925,0.8,0,1
184162,bullet1,4.8,11.1845,0.8,0,1
184164,bullet4,1.35772,10.6014,0.8,0,1
184166,player,1.00231,10.8942,0.0138396,0.323637,1
184166,bullet3,8.8,11.2157,0.8,0,1
184167,flayer7,15,3.45325,-0.3,0,2
184167,bullet2,12.8841,11.7925,0.8,0,1
184167,bullet1,8.8,11.1845,0.8,0,1
184169,bullet4,5.35772,10.6014,0.8,0,1
184171,player,0.455709,10.5964,-0.0680884,-0.0623717,1
184171,bullet3,12.8,11.2157,0.8,0,1
184172,flayer7,13.5,3.45325,-0.3,0,2
184172,bullet1,12.8,11.1845,0.8,0,1
184172,bullet6,0.825069,10.5683,0.8,0,1
184174,bullet4,9.35772,10.6014,0.8,0,1
184176,player,0.958747,11.104,0.0670873,0.0671928,1
184176,bullet5,1.35875,11.104,0.8,0,1
184177,flayer7,12,3.45325,-0.3,0,2
184177,bullet6,4.82507,10.5683,0.8,0,1
184179,bullet4,13.3577,10.6014,0.8,0,1
184179,bullet2,1.40863,10.5963,0.8,0,1
184181,player,1.01262,10.5557,0.00123795,-0.0125997,1
184181,bullet5,5.35875,11.104,0.8,0,1
184182,flayer7,10.5,3.45325,-0.3,0,2
184182,bullet6,8.82507,10.5683,0.8,0,1
184183,bullet3,1.41343,10.5474,0.8,0,1
184184,bullet2,5.40864,10.5963,0.8,0,1
184186,player,1.35112,10.5455,0.337523,-0.0002325,1
184186,bullet5,9.35875,11.104,0.8,0,1
184187,flayer7,9,3.45325,-0.3,0,2
184187,bullet6,12.8251,10.5683,0.8,0,1
184188,bullet3,5.41343,10.5474,0.8,0,1
184189,bullet2,9.40864,10.5963,0.8,0,1
184191,player,1.62218,10.5454,0.00622825,-4.29028e-06,1
184191,bullet5,13.3587,11.104,0.8,0,1
184192,flayer7,7.5,3.45325,-0.3,0,2
184193,bullet3,9.41343,10.5474,0.8,0,1
184194,bullet2,13.4086,10.5963,0.8,0,1
184195,flayer8,16.5,14.128,-0.261021,-0.147879,2
184195,bullet1,2.05782,9.98763,0.8,0,1
184196,player,1.30352,10.2944,-0.3543,0.306745,1
184197,flayer7,5.99999,3.45325,-0.3,0,2
184198,bullet3,13.4134,10.5474,0.8,0,1
184200,flayer8,15.1949,13.3886,-0.261021,-0.147879,2
184200,bullet1,6.05782,9.98763,0.8,0,1
184201,player,1.60746,10.5407,0.0242169,0.00566031,1
184201,bullet4,2.00746,10.5407,0.8,0,1
184202,flayer7,4.49999,3.45325,-0.3,0,2
184205,flayer8,13.8898,12.6492,-0.261021,-0.147879,2
184205,bullet1,10.0578,9.98763,0.8,0,1
184205,bullet6,2.02646,11.1029,0.8,0,1
184206,player,1.28941,11.4712,-0.337053,0.368359,1
184206,bullet4,6.00746,10.5407,0.8,0,1
184207,flayer7,2.99999,3.45325,-0.3,0,2
184210,flayer8,12.5847,11.9099,-0.261021,-0.147879,2
184210,bullet1,14.0578,9.98763,0.8,0,1
184210,bullet6,6.02646,11.1029,0.8,0,1
184211,player,0.4,12.6623,-0.103016,0.412641,1
184211,bullet4,10.0075,10.5407,0.8,0,1
184212,flayer7,1.49999,3.45325,-0.3,0,2
184215,flayer8,11.2796,11.1705,-0.261021,-0.147879,1
184215,bullet6,10.0265,11.1029,0.8,0,1
184216,player,0.919583,13.596,0.0119387,0.021454,1
184217,flayer7,-6.4373e-06,3.45325,-0.3,0,2
184219,flyer5,16.5,14.128,-0.241316,0.178232,2
184219,bullet5,1.32846,13.1226,0.8,0,1
184221,player,0.92917,12.6872,0.000220302,-0.367859,1
184221,flyer1,16.5,14.128,-0.258917,0.151532,2
184222,flyer2,16.5,14.128,-0.3,0,2
184222,bullet2,1.32927,12.5217,0.8,0,1
184224,flyer5,15.2934,15.0192,-0.241316,0.178232,2
184224,bullet5,5.32846,13.1226,0.8,0,1
184225,bullet3,1.32934,12.888,0.8,0,1
184226,player,0.929347,12.9495,4.06519e-06,0.0615557,1
184226,flyer1,15.2054,14.8857,-0.258917,0.151532,2
184227,flyer2,15,14.128,-0.3,0,2
184227,bullet2,5.32927,12.5217,0.8,0,1
184229,flyer5,14.0868,15.9103,-0.241316,0.178232,2
184229,bullet5,9.32846,13.1226,0.8,0,1
184230,bullet3,5.32934,12.888,0.8,0,1
184231,player,0.4,13.5567,-0.0341718,0.0694796,1
184231,flyer1,13.9108,15.6434,-0.258917,0.151532,2
184231,bullet1,0.8,13.5567,0.8,0,1
184232,flyer2,13.5,14.128,-0.3,0,2
184232,bullet2,9.32927,12.5217,0.8,0,1
184234,bullet5,13.3285,13.1226,0.8,0,1
184235,bullet3,9.32934,12.888,0.8,0,1
184236,player,0.889375,13.4995,0.151875,0.139317,1
184236,flyer1,12.6162,16.401,-0.258917,0.151532,2
184236,bullet1,4.8,13.5567,0.8,0,1
184237,flyer2,12,14.128,-0.3,0,2
184237,bullet2,13.3293,12.5217,0.8,0,1
184240,bullet3,13.3293,12.888,0.8,0,1
184241,player,0.889375,13.5976,0.151875,0.0194859,1
184241,flyer6,16.5,14.128,-0.270784,-0.129135,2
184241,bullet1,8.8,13.5567,0.8,0,1
184242,flyer2,10.5,14.128,-0.3,0,1
184242,bullet4,1.35772,13.6064,0.8,0,1
184246,player,0.453625,13.6816,-0.0655412,-0.0831717,1
184246,flyer6,15.1461,13.4824,-0.270784,-0.129135,1
184247,flyer2,9,14.128,-0.3,0,1
184247,flyer3,16.5,7.66172,-0.3,0,2
184247,bullet4,5.35772,13.6064,0.8,0,1
184247,bullet6,0.824131,13.6442,0.8,0,1
184248,bullet5,0.810859,13.6273,0.8,0,1
184251,player,0.4,13.1254,0,-0.15341,1
184251,flyer6,13.7922,12.8367,-0.270784,-0.129135,1
184251,bullet2,0.8,13.1254,0.8,0,1
184252,flyer3,15,7.66172,-0.3,0,2
184252,bullet6,4.82413,13.6442,0.8,0,1
184253,bullet5,4.81086,13.6273,0.8,0,1
184253,bullet1,0.8,13.0253,0.8,0,1
184256,player,0.957719,13.5599,0.0683438,0.0655129,1
184256,flyer6,12.4382,12.191,-0.270784,-0.129135,1
184256,bullet2,4.8,13.1254,0.8,0,1
184257,flyer3,13.5,7.66172,-0.3,0,2
184257,bullet6,8.82413,13.6442,0.8,0,1
184258,bullet5,8.81086,13.6273,0.8,0,1
184258,bullet1,4.8,13.0253,0.8,0,1
184261,player,1.0126,13.6125,0.00126113,0.0012089,1
184261,flyer6,11.0843,11.5453,-0.270784,-0.129135,1
184261,bullet2,8.8,13.1254,0.8,0,1
184262,flyer3,12,7.66172,-0.3,0,2
184262,bullet6,12.8241,13.6442,0.8,0,1
184263,bullet5,12.8109,13.6273,0.8,0,1
184263,bullet1,8.8,13.0253,0.8,0,1
184266,player,1.01362,13.6135,2.32715e-05,2.23076e-05,1
184266,flyer6,9.73039,10.8997,-0.270784,-0.129135,1
184266,bullet2,12.8,13.1254,0.8,0,1
184267,flyer3,10.5,7.66172,-0.3,0,2
184268,bullet1,12.8,13.0253,0.8,0,1
184271,player,1.11273,14.202,-0.12112,0.0307551,1
184271,flyer6,8.37647,10.254,-0.270784,-0.129135,1
184271,flyer4,16.5,7.66172,-0.3,0,2
184271,bullet3,1.51273,14.202,0.8,0,1
184272,flyer3,9,7.66172,-0.3,0,2
184276,player,1.32221,13.92,0.372854,-0.374522,1
184276,flyer6,7.02255,9.6083,-0.270784,-0.129135,1
184276,flyer4,15,7.66172,-0.3,0,2
184276,bullet3,5.51273,14.202,0.8,0,1
184277,flyer3,7.5,7.66172,-0.3,0,2
184277,bullet4,1.88999,13.7514,0.8,0,1
184281,player,1.06393,13.6192,-0.0614635,-0.00691098,1
184281,flyer6,5.66862,8.96263,-0.270784,-0.129135,1
184281,flyer4,13.5,7.66172,-0.3,0,2
184281,bullet3,9.51274,14.202,0.8,0,1
184282,flyer3,5.99999,7.66172,-0.3,0,2
184282,bullet4,5.89,13.7514,0.8,0,1
184286,player,0.4,14.5396,-0,0.368127,1
184286,flyer6,4.3147,8.31695,-0.270784,-0.129135,1
184286,flyer4,12,7.66172,-0.3,0,2
184286,bullet3,13.5127,14.202,0.8,0,1
184287,flyer3,4.49999,7.66172,-0.3,0,2
184287,bullet4,9.89,13.7514,0.8,0,1
184289,bullet6,1.35772,14.8134,0.8,0,1
184291,player,1.49169,14.8352,0.165715,0.00679298,1
184291,flyer6,2.96078,7.67128,-0.270784,-0.129135,1
184291,flyer4,10.5,7.66172,-0.3,0,2
184292,flyer3,2.99999,7.66172,-0.3,0,2
184292,bullet4,13.89,13.7514,0.8,0,1
184294,bullet6,5.35772,14.8134,0.8,0,1
184296,player,2.7848,14.8407,0.0852413,0.00012535,1
184296,flyer6,1.60686,7.0256,-0.270784,-0.129135,1
184296,flyer4,9,7.66172,-0.3,0,2
184297,flyer3,1.49999,7.66172,-0.3,0,2
184297,bullet5,3.22316,14.8408,0.8,0,1
184299,bullet6,9.35772,14.8134,0.8,0,1
184300,bullet2,2.45169,14.8408,-0.8,-6.99382e-08,1
184301,player,2.85326,14.8408,0.00157294,2.31305e-06,1
184301,flyer6,0.252937,6.37992,-0.270784,-0.129135,1
184301,flyer4,7.5,7.66172,-0.3,0,2
184302,flyer3,-6.4373e-06,7.66172,-0.3,0,2
184302,bullet5,7.22316,14.8408,0.8,0,1
184304,bullet6,13.3577,14.8134,0.8,0,1
184305,flayer8,16.5,7.66172,-0.3,0,2
184305,bullet1,3.25449,14.2831,0.8,0,1
184306,player,2.85452,14.2523,2.90252e-05,-0.0307546,1
184306,flyer4,5.99999,7.66172,-0.3,0,2
184307,bullet5,11.2232,14.8408,0.8,0,1
184308,bullet3,2.76517,13.7429,0.8,0,1
184310,flayer8,15,7.66172,-0.3,0,2
184310,bullet1,7.25449,14.2831,0.8,0,1
184311,player,1.76286,13.6253,-0.165714,-0.0144071,1
184311,flyer4,4.49999,7.66172,-0.3,0,2
184312,bullet5,15.2232,14.8408,0.8,0,1
184313,bullet3,6.76517,13.7429,0.8,0,1
184313,bullet4,1.56535,13.6159,0.8,0,1
184315,flayer8,13.5,7.66172,-0.3,0,2
184315,bullet1,11.2545,14.2831,0.8,0,1
184316,player,0.538086,14.1031,-0.168773,0.151609,1
184316,flyer4,2.99999,7.66172,-0.3,0,2
184318,bullet3,10.7652,13.7429,0.8,0,1
184318,bullet4,5.56535,13.6159,0.8,0,1
184320,flayer8,12,7.66172,-0.3,0,2
184320,bullet1,15.2545,14.2831,0.8,0,1
184321,player,0.4,14.3767,0,-0.182827,1
184321,flyer4,1.49999,7.66172,-0.3,0,2
184323,bullet3,14.7652,13.7429,0.8,0,1
184323,bullet4,9.56535,13.6159,0.8,0,1
184323,bullet2,0.8,14.2575,0.8,0,1
184325,flayer8,10.5,7.66172,-0.3,0,2
184326,player,0.4,14.0097,-0,0.265783,1
184326,flyer4,-6.4373e-06,7.66172,-0.3,0,2
184328,flayer7,16.5,10.4308,-0.221936,-0.201853,2
184328,bullet4,13.5654,13.6159,0.8,0,1
184328,bullet2,4.8,14.2575,0.8,0,1
184328,bullet6,0.8,14.1831,0.8,0,1
184330,flayer8,9,7.66172,-0.3,0,2
184330,bullet5,0.8,14.2182,0.8,0,1
184331,player,0.4,13.8857,-0,-0.332596,1
184332,finish,18.9485,8,-0.2,0,1
184333,flayer7,15.3903,9.42159,-0.221936,-0.201853,2
184333,bullet2,8.8,14.2575,0.8,0,1
184333,bullet6,4.8,14.1831,0.8,0,1
184333,bullet1,0.8,13.6686,0.8,0,1
184335,flayer8,7.5,7.66172,-0.3,0,2
184335,bullet5,4.8,14.2182,0.8,0,1
184336,player,0.4,13.6185,-0,-0.00613732,1
184337,finish,17.9485,8,-0.2,0,1
184338,flayer7,14.2806,8.41232,-0.221936,-0.201853,2
184338,bullet2,12.8,14.2575,0.8,0,1
184338,bullet6,8.8,14.1831,0.8,0,1
184338,bullet1,4.8,13.6686,0.8,0,1
184340,flayer8,5.99999,7.66172,-0.3,0,2
184340,bullet5,8.8,14.2182,0.8,0,1
184341,player,0.4,14.1713,0,0.0682305,1
184342,finish,16.9485,8,-0.2,0,1
184343,flayer7,13.171,7.40306,-0.221936,-0.201853,2
184343,bullet6,12.8,14.1831,0.8,0,1
184343,bullet1,8.8,13.6686,0.8,0,1
184343,bullet3,0.8,14.2159,0.8,0,1
184345,flayer8,4.49999,7.66172,-0.3,0,2
184345,bullet5,12.8,14.2182,0.8,0,1
184346,player,0.7375,14.2261,0.3375,0.00125904,1
184347,finish,15.9485,8,-0.2,0,1
184348,flayer7,12.0613,6.3938,-0.221936,-0.201853,2
184348,bullet1,12.8,13.6686,0.8,0,1
184348,bullet3,4.8,14.2159,0.8,0,1
184349,bullet4,1.38847,13.6693,0.8,0,1
184350,flayer8,2.99999,7.66172,-0.3,0,2
184351,player,1.00854,13.1355,0.00622782,-0.165691,1
184352,finish,14.9485,8,-0.2,0,1
184353,flayer7,10.9516,5.38454,-0.221936,-0.201853,2
184353,bullet3,8.8,14.2159,0.8,0,1
184353,bullet2,1.4126,12.538,0.8,0,1
184354,bullet4,5.38847,13.6693,0.8,0,1
184355,flayer8,1.49999,7.66172,-0.3,0,2
184355,bullet6,1.41343,12.417,0.8,0,1
184356,player,1.01354,12.4001,0.000114921,-0.0168971,1
184357,finish,13.9485,8,-0.2,0,1
184358,flayer7,9.84192,4.37527,-0.221936,-0.201853,2
184358,bullet3,12.8,14.2159,0.8,0,1
184358,bullet2,5.4126,12.538,0.8,0,1
184359,bullet4,9.38847,13.6693,0.8,0,1
184360,flayer8,-6.4373e-06,7.66172,-0.3,0,2
184360,bullet6,5.41343,12.417,0.8,0,1
184361,player,1.01363,12.3865,2.12061e-06,-0.000311799,1
184362,finish,12.9485,8,-0.2,0,1
184363,flayer7,8.73223,3.36601,-0.221936,-0.201853,2
184363,bullet2,9.41261,12.538,0.8,0,1
184364,bullet4,13.3885,13.6693,0.8,0,1
184365,bullet6,9.41343,12.417,0.8,0,1
184365,bullet5,0.8,12.9747,0.8,0,1
184366,player,0.4,12.9886,0,0.0138339,1
184367,finish,11.9485,8,-0.2,0,1
184368,flayer7,7.62255,2.35675,-0.221936,-0.201853,2
184368,bullet2,13.4126,12.538,0.8,0,1
184370,bullet6,13.4134,12.417,0.8,0,1
184370,bullet5,4.8,12.9747,0.8,0,1
184371,player,0.889375,13.068,0.151875,-0.083276,1
184372,finish,10.9485,8,-0.2,0,1
184373,flayer7,6.51288,1.34749,-0.221936,-0.201853,2
184374,flyer5,16.5,7.66172,-0.3,0,2
184375,bullet5,8.8,12.9747,0.8,0,1
184376,player,0.4,14.6813,0,0.194933,1
184377,finish,9.9485,8,-0.2,0,1
184378,flayer7,5.4032,0.338223,-0.221936,-0.201853,2
184379,flyer5,15,7.66172,-0.3,0,2
184379,bullet1,0.8,14.8263,0.8,0,1
184380,bullet5,12.8,12.9747,0.8,0,1
184380,bullet3,0.8,14.8343,0.8,0,1
184381,player,0.4,14.8379,0,0.00359706,1
184382,finish,8.94851,8,-0.2,0,1
184382,bullet4,0.8,14.8395,0.8,0,1
184384,flyer5,13.5,7.66172,-0.3,0,2
184384,bullet1,4.8,14.8263,0.8,0,1
184385,bullet3,4.8,14.8343,0.8,0,1
184385,bullet2,0.8,15.3984,0.8,0,1
184386,player,0.4,15.4292,0,0.0308211,1
184387,finish,7.94851,8,-0.2,0,1
184387,bullet4,4.8,14.8395,0.8,0,1
184389,flyer5,12,7.66172,-0.3,0,2
184389,bullet1,8.8,14.8263,0.8,0,1
184390,bullet3,8.8,14.8343,0.8,0,1
184390,bullet2,4.8,15.3984,0.8,0,1
184391,player,0.4,15.454,0,0.000568735,1
184392,finish,6.94851,8,-0.2,0,1
184392,bullet4,8.8,14.8395,0.8,0,1
184394,flyer5,10.5,7.66172,-0.3,0,2
184394,bullet1,12.8,14.8263,0.8,0,1
184395,bullet3,12.8,14.8343,0.8,0,1
184395,bullet2,8.8,15.3984,0.8,0,1
184396,player,0.4,15.6,0,0,1
184397,finish,5.94851,8,-0.2,0,1
184397,bullet4,12.8,14.8395,0.8,0,1
184399,flyer5,9,7.66172,-0.3,0,2
184400,bullet2,12.8,15.3984,0.8,0,1
184401,player,1.14035,15.6,-0.15487,0,1
184402,flyer1,16.5,10.4308,-0.3,0,2
184402,finish,4.94851,8,-0.2,0,1
184404,flyer5,7.5,7.66172,-0.3,0,2
