135357,player,11.3036,1.38398,0,0,1
135362,player,10.7151,0.880769,-0.0307547,-0.13496,1
135363,bullet1,11.1013,0.820037,0.8,0,1
135366,bullet2,11.6487,1.33259,0.8,0,1
135367,player,11.2789,1.36086,0.0301872,0.0282643,1
135368,bullet1,15.1013,0.820037,0.8,0,1
135368,bullet3,11.6925,1.37358,0.8,0,1
135369,bullet4,11.6986,1.3793,0.8,0,1
135371,flyer1,16.5,0.912304,-0.233565,-0.188275,2
135371,bullet2,15.6487,1.33259,0.8,0,1
135372,player,11.3031,1.38356,0.000557038,0.000521556,1
135372,bullet5,11.7031,1.38356,0.8,0,1
135374,bullet4,15.6986,1.3793,0.8,0,1
135376,flyer2,16.5,0.912304,-0.3,0,2
135377,player,11.2045,1.48307,0.121131,-0.121111,1
135381,flyer2,15,0.912304,-0.3,0,1
135381,flyer3,16.5,0.912304,-0.294726,-0.0560072,2
135381,bullet6,11.6995,1.94577,0.8,0,1
135382,player,11.3018,1.63679,0.0022352,-0.30898,1
135384,bullet1,11.7032,1.43518,0.8,0,1
135386,flyer2,13.5,0.912304,-0.3,0,0
135386,flyer3,15.0264,0.632268,-0.294726,-0.0560072,2
135386,bullet6,15.6995,1.94577,0.8,0,1
135387,player,10.4084,0.83093,-0.405803,-0.0740453,1
135388,flyer4,16.5,0.912304,-0.3,0,2
135389,bullet2,10.5436,0.782616,0.8,0,1
135391,flyer3,13.5527,0.352232,-0.294726,-0.0560072,2
135391,bullet3,10.4899,0.772832,0.8,0,1
135392,player,10.0825,0.771465,-0.0074882,-0.00136634,1
135392,bullet4,10.4825,0.771465,0.8,0,1
135393,flyer4,15,0.912304,-0.3,0,2
135394,bullet5,10.4776,0.770574,0.8,0,1
135395,bullet1,10.4769,0.77045,0.8,0,1
135397,player,10.0764,0.770368,-0.000138178,-2.52129e-05,1
135397,bullet6,10.4764,0.770368,0.8,0,1
135398,flyer4,13.5,0.912304,-0.3,0,-1
135399,bullet5,14.4776,0.770574,0.8,0,1
135402,player,10.0763,1.86204,-2.54978e-06,0.165714,1
135402,bullet6,14.4764,0.770368,0.8,0,1
135402,bullet2,10.4763,1.86204,0.8,0,1
135404,flyer5,16.5,5.54827,-0.3,0,2
135405,flyer6,16.5,0.912304,-0.3,0,2
135405,bullet3,9.98696,2.47464,0.8,0,1
135407,player,9.48786,2.58359,-0.0307547,0.0338126,1
135407,bullet2,14.4763,1.86204,0.8,0,1
135407,bullet4,9.88786,2.58359,0.8,0,1
135409,flyer5,15,5.54827,-0.3,0,2
135410,flyer6,15,0.912304,-0.3,0,2
135410,bullet3,13.987,2.47464,0.8,0,1
135410,bullet1,10.4227,3.16645,0.8,0,1
135411,bullet5,10.4522,3.1986,0.8,0,1
135412,player,10.0655,3.21306,0.0132721,0.0144635,1
135412,bullet4,13.8879,2.58359,0.8,0,1
135414,flyer5,13.5,5.54827,-0.3,0,2
135415,flyer6,13.5,0.912304,-0.3,0,2
135415,bullet1,14.4227,3.16645,0.8,0,1
135416,bullet5,14.4522,3.1986,0.8,0,1
135416,bullet6,9.91818,2.66669,0.8,0,1
135417,player,9.48767,2.6362,-0.0305098,-0.0304878,1
135418,bullet2,9.87394,2.62248,0.8,0,1
135419,flyer5,12,5.54827,-0.3,0,2
135420,flyer6,12,0.912304,-0.3,0,2
135421,bullet6,13.9182,2.66669,0.8,0,1
135421,bullet3,10.4214,2.05456,0.8,0,1
135422,player,10.0516,2.02324,0.0301917,-0.0313173,1
135422,bullet4,10.4516,2.02324,0.8,0,1
135423,bullet2,13.8739,2.62248,0.8,0,1
135424,flyer5,10.5,5.54827,-0.3,0,2
135425,flyer6,10.5,0.912304,-0.3,0,2
135426,bullet3,14.4214,2.05456,0.8,0,1
135427,player,9.51817,1.99809,-0.0677866,-0.000577892,1
135427,bullet4,14.4516,2.02324,0.8,0,1
135428,bullet1,9.88767,1.99783,0.8,0,1
135429,flyer5,9,5.54827,-0.3,0,2
135429,bullet5,9.87394,1.99772,0.8,0,1
135430,flyer6,9,0.912304,-0.3,0,2
135431,bullet6,9.86499,1.99764,0.8,0,1
135432,player,9.46374,2.33513,-0.00125085,0.337489,1
135433,bullet1,13.8877,1.99783,0.8,0,1
135434,flyer5,7.5,5.54827,-0.3,0,2
135434,bullet5,13.8739,1.99772,0.8,0,1
135435,flyer6,7.5,0.912304,-0.3,0,2
135436,bullet6,13.865,1.99764,0.8,0,1
135437,player,8.87426,2.63692,-0.0307778,-0.0313614,1
135438,flayer7,16.5,5.54827,-0.3,0,2
135438,bullet2,9.26041,2.6228,0.8,0,1
135439,flyer5,5.99999,5.54827,-0.3,0,2
135439,bullet3,9.25417,2.61645,0.8,0,1
135440,flyer6,5.99999,0.912304,-0.3,0,2
135442,player,8.84954,3.43861,-0.000567936,0.488796,1
135443,flayer7,15,5.54827,-0.3,0,2
135443,bullet2,13.2604,2.6228,0.8,0,1
135444,flyer5,4.49999,5.54827,-0.3,0,2
135444,bullet3,13.2542,2.61645,0.8,0,1
135444,bullet4,9.24917,3.75754,0.8,0,1
135445,flyer6,4.49999,0.912304,-0.3,0,2
135447,player,8.29137,3.83115,-0.0683542,0.00901967,1
135447,bullet1,8.69137,3.83115,0.8,0,1
135448,flayer7,13.5,5.54827,-0.3,0,2
135449,flyer5,2.99999,5.54827,-0.3,0,2
135449,bullet4,13.2492,3.75754,0.8,0,1
135449,bullet5,8.64676,3.83703,0.8,0,1
135450,flyer6,2.99999,0.912304,-0.3,0,2
135451,bullet6,8.63773,3.83823,0.8,0,1
135452,player,7.89897,3.83839,-0.338761,0.000166438,1
135452,bullet1,12.6914,3.83115,0.8,0,1
135453,flayer7,12,5.54827,-0.3,0,2
135454,flyer5,1.49999,5.54827,-0.3,0,2
135454,bullet5,12.6468,3.83703,0.8,0,1
135454,bullet2,8.07793,3.8385,0.8,0,1
135455,flyer6,1.49999,0.912304,-0.3,0,2
135456,bullet6,12.6377,3.83823,0.8,0,1
135457,player,7.62692,3.83853,-0.0062511,3.07125e-06,1
135458,flayer7,10.5,5.54827,-0.3,0,2
135459,flyer5,-6.4373e-06,5.54827,-0.3,0,2
135459,bullet2,12.0779,3.8385,0.8,0,1
135460,flyer6,-6.4373e-06,0.912304,-0.3,0,2
135460,bullet3,8.02227,3.83853,0.8,0,1
135462,player,8.11127,3.34915,0.15176,-0.151875,1
135462,flayer8,16.5,5.54827,-0.3,0,2
135463,flayer7,9,5.54827,-0.3,0,2
135463,bullet4,8.57956,3.28081,0.8,0,1
135464,bullet2,16.0779,3.8385,0.8,0,1
135465,bullet3,12.0223,3.83853,0.8,0,1
135465,bullet1,8.62412,3.23622,0.8,0,1
135467,player,8.23314,3.22719,0.00280039,-0.00280252,1
135467,flayer8,15,5.54827,-0.3,0,2
135467,bullet5,8.63314,3.22719,0.8,0,1
135468,flayer7,7.5,5.54827,-0.3,0,2
135468,bullet4,12.5796,3.28081,0.8,0,1
135470,bullet3,16.0223,3.83853,0.8,0,1
135470,bullet1,12.6241,3.23622,0.8,0,1
135471,bullet6,8.63534,2.63651,0.8,0,1
135472,player,8.23539,2.62262,5.16751e-05,-0.0138913,1
135472,flayer8,13.5,5.54827,-0.3,0,2
135472,bullet5,12.6331,3.22719,0.8,0,1
135473,flayer7,5.99999,5.54827,-0.3,0,2
135474,bullet2,9.1248,2.61356,0.8,0,1
135476,bullet6,12.6353,2.63651,0.8,0,1
135477,player,8.83775,2.61147,0.0138406,-0.000256334,1
135477,flayer8,12,5.54827,-0.3,0,2
135477,bullet3,9.23775,2.61147,0.8,0,1
135478,flayer7,4.49999,5.54827,-0.3,0,2
135479,bullet2,13.1248,2.61356,0.8,0,1
135481,bullet4,9.14951,2.51217,0.8,0,1
135482,player,8.80427,2.56667,0.0547595,0.0544994,1
135482,flayer8,10.5,5.54827,-0.3,0,2
135482,bullet3,13.2377,2.61147,0.8,0,1
135483,flayer7,2.99999,5.54827,-0.3,0,2
135483,bullet1,9.22891,2.59119,0.8,0,1
135484,bullet5,9.24,2.60223,0.8,0,1
135486,bullet4,13.1495,2.51217,0.8,0,1
135487,player,8.84825,3.09981,0.00101047,0.152881,1
135487,flayer8,9,5.54827,-0.3,0,2
135488,flayer7,1.49999,5.54827,-0.3,0,2
135488,bullet1,13.2289,2.59119,0.8,0,1
135489,bullet5,13.24,2.60223,0.8,0,1
135490,bullet6,9.00672,3.21349,-0.8,-6.99382e-08,1
135492,player,8.962,3.22258,-0.138017,0.00282108,1
135492,flayer8,7.5,5.54827,-0.3,0,2
135493,flayer7,-6.4373e-06,5.54827,-0.3,0,2
135493,flyer1,16.5,5.54827,-0.3,0,2
135495,flyer2,16.5,12.8671,-0.3,0,2
135495,bullet6,5.00672,3.21349,-0.8,-6.99382e-08,1
135497,player,10.1938,3.36289,-0.143578,-0.168658,1
135497,flayer8,5.99999,5.54827,-0.3,0,2
135498,flyer1,15,5.54827,-0.3,0,2
135499,bullet2,10.5001,3.25284,0.8,0,1
135500,flyer2,15,12.8671,-0.3,0,2
135500,bullet6,1.00672,3.21349,-0.8,-6.99382e-08,1
135500,bullet3,10.4871,3.23747,0.8,0,1
135502,player,10.416,3.22744,0.334851,-0.00311221,1
135502,flayer8,4.49999,5.54827,-0.3,0,2
135503,flyer1,13.5,5.54827,-0.3,0,2
135504,bullet2,14.5001,3.25284,0.8,0,1
135505,flyer2,13.5,12.8671,-0.3,0,2
135505,bullet3,14.4871,3.23747,0.8,0,1
135507,player,10.6849,3.22494,0.00617894,-5.74291e-05,1
135507,flayer8,2.99999,5.54827,-0.3,0,2
135507,bullet4,11.0849,3.22494,0.8,0,1
135508,flyer1,12,5.54827,-0.3,0,2
135509,bullet1,11.089,3.2249,0.8,0,1
135510,flyer2,12,12.8671,-0.3,0,2
135512,player,10.6899,2.66717,0.000114019,-0.0683448,1
135512,flayer8,1.49999,5.54827,-0.3,0,2
135512,bullet4,15.0849,3.22494,0.8,0,1
135512,bullet5,11.0899,2.66717,0.8,0,1
135513,flyer1,10.5,5.54827,-0.3,0,2
135513,bullet6,11.0899,2.63642,0.8,0,1
135514,bullet1,15.089,3.2249,0.8,0,1
135515,flyer2,10.5,12.8671,-0.3,0,2
135515,bullet2,11.09,2.61635,0.8,0,1
135516,bullet3,11.09,2.61355,0.8,0,1
135517,player,10.69,2.61229,2.10397e-06,-0.00126115,1
135517,flayer8,-6.4373e-06,5.54827,-0.3,0,2
135517,bullet5,15.0899,2.66717,0.8,0,1
135518,flyer1,9,5.54827,-0.3,0,2
135518,bullet6,15.0899,2.63642,0.8,0,1
135519,bullet4,11.09,2.61147,0.8,0,1
135520,flyer2,9,12.8671,-0.3,0,2
135520,bullet2,15.09,2.61635,0.8,0,1
135520,bullet1,11.09,2.61135,0.8,0,1
135521,bullet3,15.09,2.61355,0.8,0,1
135522,player,10.69,2.61128,3.88241e-08,-2.32718e-05,1
135522,bullet5,11.09,2.61128,0.8,0,1
135523,flyer1,7.5,5.54827,-0.3,0,2
135524,bullet4,15.09,2.61147,0.8,0,1
135525,flyer2,7.5,12.8671,-0.3,0,2
135525,bullet1,15.09,2.61135,0.8,0,1
135525,bullet6,10.5323,3.16898,0.8,0,1
135527,player,10.4252,3.55107,0.32366,0.351339,1
135527,bullet5,15.09,2.61128,0.8,0,1
135528,flyer1,5.99999,5.54827,-0.3,0,2
135529,flyer3,16.5,5.54827,-0.245122,0.17296,2
135530,flyer2,5.99999,12.8671,-0.3,0,2
135530,bullet6,14.5323,3.16898,0.8,0,1
135532,player,10.7297,4.39094,-0.0485317,0.0748269,1
135532,bullet2,11.1297,4.39094,0.8,0,1
135533,flyer1,4.49999,5.54827,-0.3,0,2
135533,bullet3,11.1079,4.42462,0.8,0,1
135534,flyer3,15.2744,6.41307,-0.245122,0.17296,2
135535,flyer2,4.49999,12.8671,-0.3,0,2
135536,bullet4,11.581,3.96028,0.8,0,1
135537,player,11.2484,3.89332,0.0674482,-0.066963,1
135537,bullet2,15.1297,4.39094,0.8,0,1
135538,flyer1,2.99999,5.54827,-0.3,0,2
135538,bullet3,15.1079,4.42462,0.8,0,1
135538,bullet1,11.6788,3.86318,0.8,0,1
135539,flyer3,14.0488,7.27787,-0.245122,0.17296,2
135540,flyer2,2.99999,12.8671,-0.3,0,2
135541,bullet4,15.581,3.96028,0.8,0,1
135542,player,10.3766,3.50204,-0.36701,-0.338736,1
135543,flyer1,1.49999,5.54827,-0.3,0,2
135543,bullet1,15.6788,3.86318,0.8,0,1
135544,flyer3,12.8232,8.14267,-0.245122,0.17296,2
135544,flyer4,16.5,12.8671,-0.276063,-0.117429,2
135545,flyer2,1.49999,12.8671,-0.3,0,2
135545,bullet5,9.94599,3.25015,0.8,0,1
135547,player,9.96895,3.71938,0.131263,0.145624,1
135548,flyer1,-6.4373e-06,5.54827,-0.3,0,2
135549,flyer3,11.5976,9.00747,-0.245122,0.17296,2
135549,flyer4,15.1197,12.28,-0.276063,-0.117429,2
135550,flyer2,-6.4373e-06,12.8671,-0.3,0,2
135550,bullet5,13.946,3.25015,0.8,0,1
135551,bullet6,10.4719,3.83364,0.8,0,1
135552,player,10.0744,3.83633,0.00242217,0.00268718,1
135553,bullet2,10.4755,3.83754,0.8,0,1
135554,flyer3,10.3719,9.87227,-0.245122,0.17296,2
135554,flyer4,13.7394,11.6928,-0.276063,-0.117429,2
135556,bullet6,14.4719,3.83364,0.8,0,1
135556,bullet3,10.4763,4.32782,0.8,0,1
135557,player,10.0763,4.39621,4.46959e-05,0.0683933,1
135558,bullet2,14.4755,3.83754,0.8,0,1
135558,bullet4,10.4763,4.42699,0.8,0,1
135559,flyer3,9.14634,10.7371,-0.245122,0.17296,2
135559,flyer4,12.3591,11.1057,-0.276063,-0.117429,2
135561,bullet3,14.4763,4.32782,0.8,0,1
135562,player,9.58697,5.86648,-0.151874,0.521392,1
135563,bullet4,14.4763,4.42699,0.8,0,1
135564,flyer3,7.92073,11.6019,-0.245122,0.17296,2
135564,flyer4,10.9787,10.5185,-0.276063,-0.117429,2
135564,flyer5,16.5,1.66157,-0.3,0,2
135565,bullet1,10.3634,6.74358,0.8,0,1
135567,player,10.0535,6.87368,0.0279522,0.0403758,1
135568,bullet5,10.466,6.89185,0.8,0,1
135569,flyer3,6.69512,12.4667,-0.245122,0.17296,2
135569,flyer4,9.59843,9.9314,-0.276063,-0.117429,2
135569,flyer5,15,1.66157,-0.3,0,2
135569,bullet6,10.4717,6.90002,0.8,0,1
135570,bullet1,14.3634,6.74358,0.8,0,1
135571,bullet2,10.4754,6.90536,0.8,0,1
135572,player,9.73842,6.5686,-0.336984,-0.336755,1
135573,bullet5,14.466,6.89185,0.8,0,1
135574,flyer3,5.46951,13.3315,-0.245122,0.17296,2
135574,flyer4,8.21811,9.34425,-0.276063,-0.117429,2
135574,flyer5,13.5,1.66157,-0.3,0,2
135574,bullet6,14.4717,6.90002,0.8,0,1
135574,bullet3,9.91853,6.34887,0.8,0,1
135576,bullet2,14.4754,6.90536,0.8,0,1
135577,player,8.97842,6.78753,-0.158093,0.145661,1
135579,flyer3,4.2439,14.1963,-0.245122,0.17296,2
135579,flyer4,6.8378,8.75711,-0.276063,-0.117429,2
135579,flyer5,12,1.66157,-0.3,0,2
135579,bullet3,13.9185,6.34887,0.8,0,1
135579,bullet4,9.76463,6.3932,0.8,0,1
135582,player,9.94314,6.3022,0.162797,-0.0111518,1
135582,bullet1,9.54314,6.3022,-0.8,-6.99382e-08,1
135584,flyer3,3.01829,15.0611,-0.245122,0.17296,2
135584,flyer4,5.45749,8.16996,-0.276063,-0.117429,2
135584,flyer5,10.5,1.66157,-0.3,0,2
135584,bullet4,13.7646,6.3932,0.8,0,1
135584,bullet5,10.4494,6.29492,0.8,0,1
135586,bullet6,10.4709,6.29345,0.8,0,1
135587,player,10.0739,6.29324,0.00300407,-0.000205781,1
135587,bullet1,5.54314,6.3022,-0.8,-6.99382e-08,1
135589,flyer3,1.79268,15.9259,-0.245122,0.17296,2
135589,flyer4,4.07717,7.58282,-0.276063,-0.117429,2
135589,flyer5,9,1.66157,-0.3,0,2
135589,bullet5,14.4494,6.29492,0.8,0,1
135589,bullet2,10.4758,6.2931,0.8,0,1
135591,bullet6,14.4709,6.29345,0.8,0,1
135592,player,9.24941,5.8037,-0.48932,-0.151879,1
135592,bullet1,1.54314,6.3022,-0.8,-6.99382e-08,1
135594,flyer4,2.69686,6.99568,-0.276063,-0.117429,2
135594,flyer5,7.5,1.66157,-0.3,0,2
135594,bullet2,14.4758,6.2931,0.8,0,1
135595,flyer6,16.5,1.66157,-0.3,0,2
135597,player,9.68333,5.52985,0.480346,0.182822,1
135597,flayer7,16.5,10.3022,-0.29967,-0.0140675,2
135599,flyer4,1.31655,6.40853,-0.276063,-0.117429,2
135599,flyer5,5.99999,1.66157,-0.3,0,2
135600,flyer6,15,1.66157,-0.3,0,2
135600,bullet3,10.9299,5.17643,0.8,0,1
135602,player,10.6576,5.0882,0.0396184,-0.0273811,1
135602,flayer7,15.0016,10.2319,-0.29967,-0.0140675,2
135604,flyer4,-0.0637628,5.82139,-0.276063,-0.117429,2
135604,flyer5,4.49999,1.66157,-0.3,0,2
135605,flyer6,13.5,1.66157,-0.3,0,2
135605,bullet3,14.9299,5.17643,0.8,0,1
135607,player,9.7634,5.65468,-0.367524,0.0302494,1
135607,flayer7,13.5033,10.1615,-0.29967,-0.0140675,2
135607,flayer8,16.5,10.3022,-0.3,0,2
135609,flyer5,2.99999,1.66157,-0.3,0,2
135610,flyer6,12,1.66157,-0.3,0,2
135611,bullet4,10.9529,4.60057,0.8,0,1
135612,player,10.6283,4.51894,0.0754015,-0.0816252,1
135612,flayer7,12.0049,10.0912,-0.29967,-0.0140675,2
135612,flayer8,15,10.3022,-0.3,0,2
135614,flyer5,1.49999,1.66157,-0.3,0,2
135615,flyer6,10.5,1.66157,-0.3,0,2
135616,bullet4,14.9529,4.60057,0.8,0,1
135617,player,11.2228,5.50049,0.0987622,0.218713,1
135617,flayer7,10.5066,10.0208,-0.29967,-0.0140675,2
135617,flayer8,13.5,10.3022,-0.3,0,2
135619,flyer5,-6.4373e-06,1.66157,-0.3,0,2
135620,flyer6,9,1.66157,-0.3,0,2
135621,flyer1,16.5,10.3022,-0.275065,0.119747,2
135622,player,11.3705,4.58444,-0.0817088,-0.161679,1
135622,flayer7,9.00825,9.95051,-0.29967,-0.0140675,2
135622,flayer8,12,10.3022,-0.3,0,2
135623,bullet5,11.7337,4.51169,0.8,0,1
135625,flyer6,7.5,1.66157,-0.3,0,2
135626,flyer1,15.1247,10.9009,-0.275065,0.119747,2
135627,player,10.5645,4.70557,0.153363,-0.309729,1
135627,flayer7,7.50989,9.88017,-0.29967,-0.0140675,2
135627,flayer8,10.5,10.3022,-0.3,0,2
135628,bullet5,15.7337,4.51169,0.8,0,1
135630,flyer6,5.99999,1.66157,-0.3,0,2
135630,bullet6,11.0785,4.47525,0.8,0,1
135631,flyer1,13.7494,11.4997,-0.275065,0.119747,2
135632,player,10.1983,4.94621,-0.149045,0.14616,1
135632,flayer7,6.01154,9.80983,-0.29967,-0.0140675,2
135632,flayer8,9,10.3022,-0.3,0,2
135635,flyer6,4.49999,1.66157,-0.3,0,2
135635,bullet6,15.0785,4.47525,0.8,0,1
135636,flyer1,12.374,12.0984,-0.275065,0.119747,2
135637,player,10.0786,5.66591,-0.0027503,0.0165367,1
135637,flayer7,4.51319,9.73949,-0.29967,-0.0140675,2
135637,flayer8,7.5,10.3022,-0.3,0,2
135637,bullet1,10.4786,5.66591,0.8,0,1
135638,bullet2,10.4774,5.67335,0.8,0,1
135640,flyer6,2.99999,1.66157,-0.3,0,2
135640,bullet3,10.4765,5.6782,0.8,0,1
135641,flyer1,10.9987,12.6971,-0.275065,0.119747,2
135641,bullet4,10.4764,5.67888,0.8,0,1
135642,player,10.0764,5.67919,-5.07508e-05,0.000305148,1
135642,flayer7,3.01484,9.66915,-0.29967,-0.0140675,2
135642,flayer8,5.99999,10.3022,-0.3,0,2
135642,bullet1,14.4786,5.66591,0.8,0,1
135643,bullet2,14.4774,5.67335,0.8,0,1
135645,flyer6,1.49999,1.66157,-0.3,0,2
135645,bullet3,14.4765,5.6782,0.8,0,1
135646,flyer1,9.62339,13.2959,-0.275065,0.119747,2
135646,bullet4,14.4764,5.67888,0.8,0,1
135647,player,10.6341,5.67943,0.0683428,5.63084e-06,1
135647,flayer7,1.51649,9.59881,-0.29967,-0.0140675,2
135647,flayer8,4.49999,10.3022,-0.3,0,2
135647,bullet5,11.0341,5.67943,0.8,0,1
135650,flyer6,-6.4373e-06,1.66157,-0.3,0,2
135650,bullet6,10.5272,6.23716,0.8,0,1
135651,flyer1,8.24807,13.8946,-0.275065,0.119747,2
135651,bullet1,10.4992,6.26791,0.8,0,1
135652,player,10.0866,6.28175,-0.0125785,0.0138397,1
135652,flayer7,0.0181422,9.52848,-0.29967,-0.0140675,2
135652,flayer8,2.99999,10.3022,-0.3,0,2
135652,bullet5,15.0341,5.67943,0.8,0,1
135653,bullet2,10.481,6.28798,0.8,0,1
135655,bullet6,14.5272,6.23716,0.8,0,1
135656,flyer1,6.87274,14.4933,-0.275065,0.119747,2
135656,bullet1,14.4992,6.26791,0.8,0,1
135656,bullet3,9.11904,6.85033,-0.8,-6.99382e-08,1
135657,player,9.48806,6.88134,-0.0309868,0.0310101,1
135657,flayer8,1.49999,10.3022,-0.3,0,2
135658,bullet2,14.481,6.28798,0.8,0,1
135661,flyer1,5.49742,15.0921,-0.275065,0.119747,2
135661,flyer2,16.5,7.96676,-0.3,0,2
135661,bullet3,5.11904,6.85033,-0.8,-6.99382e-08,1
135662,player,8.9738,5.82839,-0.152447,-0.182057,1
135662,flayer8,-6.4373e-06,10.3022,-0.3,0,2
135662,bullet4,9.3738,5.82839,0.8,0,1
135666,flyer1,4.1221,15.6908,-0.275065,0.119747,2
135666,flyer2,15,7.96676,-0.3,0,2
135666,bullet3,1.11904,6.85033,-0.8,-6.99382e-08,1
135667,player,7.77352,5.78128,-0.185443,-0.12448,1
135667,bullet4,13.3738,5.82839,0.8,0,1
135667,bullet5,8.17352,5.78128,0.8,0,1
135669,bullet6,8.05252,5.70006,0.8,0,1
135671,flyer1,2.74678,16.2896,-0.275065,0.119747,2
135671,flyer2,13.5,7.96676,-0.3,0,2
135671,bullet1,8.02802,5.68361,0.8,0,1
135672,player,7.6246,5.68132,-0.00342194,-0.002297,1
135672,bullet5,12.1735,5.78128,0.8,0,1
135672,bullet2,8.0246,5.68132,0.8,0,1
135674,bullet6,12.0525,5.70006,0.8,0,1
135676,flyer2,12,7.96676,-0.3,0,2
135676,bullet1,12.028,5.68361,0.8,0,1
135677,player,8.21032,5.67947,0.0306915,-4.23861e-05,1
135677,bullet5,16.1735,5.78128,0.8,0,1
135677,bullet2,12.0246,5.68132,0.8,0,1
135679,bullet6,16.0525,5.70006,0.8,0,1
135680,flyer3,16.5,7.96676,-0.3,0,2
135680,bullet3,8.14377,5.19006,0.8,0,1
135681,flyer2,10.5,7.96676,-0.3,0,2
135681,bullet1,16.028,5.68361,0.8,0,1
135682,player,7.6465,5.42846,-0.0301883,0.306745,1
135682,bullet2,16.0246,5.68132,0.8,0,1
135683,flyer4,16.5,1.59882,-0.3,0,2
135685,flyer3,15,7.96676,-0.3,0,2
135685,bullet3,12.1438,5.19006,0.8,0,1
135685,bullet4,8.02405,5.65657,0.8,0,1
135686,flyer2,9,7.96676,-0.3,0,2
135687,player,7.62226,5.3373,-0.00055706,-0.33184,1
135688,flyer4,15,1.59882,-0.3,0,2
135690,flyer3,13.5,7.96676,-0.3,0,2
135690,bullet3,16.1438,5.19006,0.8,0,1
135690,bullet4,12.0241,5.65657,0.8,0,1
135690,bullet5,7.53247,4.60116,0.8,0,1
135691,flyer2,7.5,7.96676,-0.3,0,2
135692,player,7.37084,4.81983,0.306735,0.300622,1
135693,flyer4,13.5,1.59882,-0.3,0,2
135693,bullet6,7.90887,4.95512,0.8,0,1
135695,flyer3,12,7.96676,-0.3,0,2
135695,bullet4,16.0241,5.65657,0.8,0,1
135695,bullet5,11.5325,4.60116,0.8,0,1
135696,flyer2,5.99999,7.96676,-0.3,0,2
135697,player,7.61718,5.06126,0.00566012,0.00554732,1
135697,bullet1,8.01717,5.06126,0.8,0,1
135698,flyer4,12,1.59882,-0.3,0,2
135698,bullet6,11.9089,4.95512,0.8,0,1
135700,flyer3,10.5,7.96676,-0.3,0,2
135700,bullet5,15.5325,4.60116,0.8,0,1
135700,bullet2,8.51076,4.57601,0.8,0,1
135701,flyer2,4.49999,7.96676,-0.3,0,2
135702,player,8.2102,4.47724,0.0308591,-0.0306523,1
135702,bullet1,12.0172,5.06126,0.8,0,1
135702,bullet3,8.6102,4.47724,0.8,0,1
135703,flyer4,10.5,1.59882,-0.3,0,2
135703,bullet6,15.9089,4.95512,0.8,0,1
135705,flyer3,9,7.96676,-0.3,0,2
135705,bullet2,12.5108,4.57601,0.8,0,1
135706,flyer2,2.99999,7.96676,-0.3,0,2
135707,player,8.57248,3.85031,0.338069,-0.0144052,1
135707,bullet1,16.0172,5.06126,0.8,0,1
135707,bullet3,12.6102,4.47724,0.8,0,1
135708,flyer4,9,1.59882,-0.3,0,2
135709,bullet4,9.19307,3.84091,0.8,0,1
135710,flyer3,7.5,7.96676,-0.3,0,2
135711,flyer2,1.49999,7.96676,-0.3,0,2
135712,player,8.84397,3.28102,0.00623833,-0.0686096,1
135712,bullet5,9.24397,3.28102,0.8,0,1
135713,flyer4,7.5,1.59882,-0.3,0,2
135714,bullet4,13.1931,3.84091,0.8,0,1
135715,flyer3,5.99999,7.96676,-0.3,0,2
135716,flyer2,-6.4373e-06,7.96676,-0.3,0,2
135717,player,7.75729,4.27302,-0.165599,0.218953,1
135717,bullet5,13.244,3.28102,0.8,0,1
135718,flyer4,5.99999,1.59882,-0.3,0,2
135719,flyer5,16.5,7.96676,-0.3,0,2
135719,bullet6,8.04924,4.41588,0.8,0,1
135720,flyer3,4.49999,7.96676,-0.3,0,2
135720,bullet1,8.03415,4.43584,0.8,0,1
135722,player,7.6243,4.44885,-0.00305578,0.00404029,1
135722,bullet2,8.0243,4.44885,0.8,0,1
135723,flyer4,4.49999,1.59882,-0.3,0,2
135723,bullet3,8.02293,4.45067,0.8,0,1
135724,flyer5,15,7.96676,-0.3,0,2
135724,bullet6,12.0492,4.41588,0.8,0,1
135725,flyer3,2.99999,7.96676,-0.3,0,2
135725,bullet1,12.0341,4.43584,0.8,0,1
135727,player,8.11122,4.4521,0.151819,7.45548e-05,1
135727,bullet2,12.0243,4.44885,0.8,0,1
135728,flyer4,2.99999,1.59882,-0.3,0,2
135728,bullet3,12.0229,4.45067,0.8,0,1
135729,flyer5,13.5,7.96676,-0.3,0,2
135729,bullet6,16.0492,4.41588,0.8,0,1
135730,flyer3,1.49999,7.96676,-0.3,0,2
135730,bullet1,16.0341,4.43584,0.8,0,1
135730,bullet4,8.62412,4.45216,0.8,0,1
135731,bullet5,8.63035,4.45216,0.8,0,1
135732,player,8.23315,4.45216,0.00280148,1.37575e-06,1
135732,bullet2,16.0243,4.44885,0.8,0,1
135733,flyer4,1.49999,1.59882,-0.3,0,2
135733,bullet3,16.0229,4.45067,0.8,0,1
135734,flyer5,12,7.96676,-0.3,0,2
135735,flyer3,-6.4373e-06,7.96676,-0.3,0,2
135735,bullet4,12.6241,4.45216,0.8,0,1
135736,bullet5,12.6303,4.45216,0.8,0,1
135737,player,7.70143,4.49676,-0.0973192,-0.0545041,1
135738,flyer4,-6.4373e-06,1.59882,-0.3,0,2
135739,flyer5,10.5,7.96676,-0.3,0,2
135740,flyer6,16.5,7.96676,-0.267463,-0.135881,2
135740,bullet4,16.6241,4.45216,0.8,0,1
135741,flayer7,16.5,7.96676,-0.3,0,2
135741,bullet5,16.6303,4.45216,0.8,0,1
135741,bullet6,7.43659,3.3078,0.8,0,1
135742,player,7.35846,3.5997,0.321865,0.2919,1
135744,flyer5,9,7.96676,-0.3,0,2
135744,bullet1,7.96847,3.79016,0.8,0,1
135745,flyer6,15.1627,7.28736,-0.267463,-0.135881,2
135746,flayer7,15,7.96676,-0.3,0,2
135746,bullet6,11.4366,3.3078,0.8,0,1
135746,bullet2,8.011,3.82873,0.8,0,1
135747,player,7.61694,3.83412,0.00593931,0.00538637,1
135749,flyer5,7.5,7.96676,-0.3,0,2
135749,bullet1,11.9685,3.79016,0.8,0,1
135750,flyer6,13.8254,6.60795,-0.267463,-0.135881,2
135751,flayer7,13.5,7.96676,-0.3,0,2
135751,bullet6,15.4366,3.3078,0.8,0,1
135751,bullet2,12.011,3.82873,0.8,0,1
135751,bullet3,6.87541,3.8691,0.8,0,1
135752,player,6.76843,3.51479,0.293015,-0.354316,1
135754,flyer5,5.99999,7.96676,-0.3,0,2
135754,bullet1,15.9685,3.79016,0.8,0,1
135755,flyer6,12.4881,5.92855,-0.267463,-0.135881,2
135755,bullet4,6.89695,3.74068,0.8,0,1
135756,flayer7,12,7.96676,-0.3,0,2
135756,bullet2,16.011,3.82873,0.8,0,1
135756,bullet3,10.8754,3.8691,0.8,0,1
135757,player,6.41527,3.81871,-0.0253477,0.0242166,1
135757,bullet5,6.01527,3.81871,-0.8,-6.99382e-08,1
135759,flyer5,4.49999,7.96676,-0.3,0,2
135760,flyer6,11.1507,5.24915,-0.267463,-0.135881,2
135760,bullet4,10.8969,3.74068,0.8,0,1
135760,bullet6,6.2387,3.83672,0.8,0,1
135761,flayer7,10.5,7.96676,-0.3,0,2
135761,bullet3,14.8754,3.8691,0.8,0,1
135762,player,5.7926,3.83816,-0.0143073,0.000446864,1
135762,bullet5,2.01527,3.81871,-0.8,-6.99382e-08,1
135763,bullet1,6.18616,3.83836,0.8,0,1
135764,flyer5,2.99999,7.96676,-0.3,0,2
135765,flyer6,9.81343,4.56974,-0.267463,-0.135881,1
135765,bullet4,14.8969,3.74068,0.8,0,1
135766,flayer7,9,7.96676,-0.3,0,2
135767,player,6.33883,4.17602,0.0680797,0.337508,1
135768,bullet1,10.1862,3.83836,0.8,0,1
135769,flyer5,1.49999,7.96676,-0.3,0,2
135771,flayer7,7.5,7.96676,-0.3,0,2
135772,player,6.4381,4.40247,-0.0532479,0.0607321,1
135772,flayer8,16.5,15.1166,-0.291788,-0.0697121,2
135773,flyer1,16.5,13.9084,-0.3,0,2
135774,flyer5,-6.4373e-06,7.96676,-0.3,0,2
135776,flayer7,5.99999,7.96676,-0.3,0,2
135776,flyer2,16.5,3.90542,-0.3,0,2
135777,player,6.40917,5.03972,-0.0178977,0.0318754,1
135777,flayer8,15.0411,14.768,-0.291788,-0.0697121,2
135777,bullet2,6.00917,5.03972,-0.8,-6.99382e-08,1
135778,flyer1,15,13.9084,-0.3,0,2
135778,bullet3,6.80112,5.05407,0.8,0,1
135780,bullet6,6.79587,5.06342,0.8,0,1
135781,flayer7,4.49999,7.96676,-0.3,0,2
135781,flyer2,15,3.90542,-0.3,0,2
135781,bullet5,6.79513,5.06473,0.8,0,1
135782,player,6.3948,5.06532,-0.000330262,0.00058819,1
135782,flayer8,13.5821,14.4195,-0.291788,-0.0697121,2
135782,bullet2,2.00917,5.03972,-0.8,-6.99382e-08,1
135783,flyer1,13.5,13.9084,-0.3,0,2
135783,bullet3,10.8011,5.05407,0.8,0,1
135785,bullet6,10.7959,5.06342,0.8,0,1
135786,flayer7,2.99999,7.96676,-0.3,0,2
135786,flyer2,13.5,3.90542,-0.3,0,2
135786,bullet5,10.7951,5.06473,0.8,0,1
135787,player,6.49363,5.65426,-0.121126,0.0307655,1
135787,flayer8,12.1232,14.0709,-0.291788,-0.0697121,2
135788,flyer1,12,13.9084,-0.3,0,2
135788,bullet3,14.8011,5.05407,0.8,0,1
135789,bullet4,6.32523,5.18496,0.8,0,1
135790,bullet6,14.7959,5.06342,0.8,0,1
135791,flayer7,1.49999,7.96676,-0.3,0,2
135791,flyer2,12,3.90542,-0.3,0,2
135791,bullet5,14.7951,5.06473,0.8,0,1
135791,bullet1,6.21012,5.08993,0.8,0,1
135792,player,5.79405,5.07666,-0.0160747,-0.0132719,1
135792,flayer8,10.6642,13.7223,-0.291788,-0.0697121,2
135793,flyer1,10.5,13.9084,-0.3,0,2
135793,bullet2,6.18681,5.07069,0.8,0,1
135794,bullet4,10.3252,5.18496,0.8,0,1
135794,bullet3,6.18356,5.068,0.8,0,1
135796,flayer7,-6.4373e-06,7.96676,-0.3,0,2
135796,flyer2,10.5,3.90542,-0.3,0,2
135796,bullet1,10.2101,5.08993,0.8,0,1
135797,player,5.29176,5.066,-0.152172,-0.000244904,1
135797,flayer8,9.2053,13.3738,-0.291788,-0.0697121,2
135798,flyer1,9,13.9084,-0.3,0,2
135798,bullet2,10.1868,5.07069,0.8,0,1
135799,bullet4,14.3252,5.18496,0.8,0,1
135799,bullet3,10.1836,5.068,0.8,0,1
135801,flyer2,9,3.90542,-0.3,0,2
135801,bullet1,14.2101,5.08993,0.8,0,1
135802,player,5.75803,5.0658,0.0279467,-4.51917e-06,1
135802,flayer8,7.74636,13.0252,-0.291788,-0.0697121,2
135803,flyer1,7.5,13.9084,-0.3,0,2
135803,bullet2,14.1868,5.07069,0.8,0,1
135803,bullet6,6.1706,5.0658,0.8,0,1
135804,bullet3,14.1836,5.068,0.8,0,1
135806,flyer2,7.5,3.90542,-0.3,0,2
135806,bullet5,5.62223,5.62352,0.8,0,1
135807,player,5.19199,5.65428,-0.030239,0.0307546,1
135807,flayer8,6.28742,12.6767,-0.291788,-0.0697121,2
135807,bullet4,5.59199,5.65428,0.8,0,1
135808,flyer1,5.99999,13.9084,-0.3,0,2
135808,bullet6,10.1706,5.0658,0.8,0,1
135811,flyer2,5.99999,3.90542,-0.3,0,2
135811,bullet5,9.62223,5.62352,0.8,0,1
135812,player,5.75619,5.67897,0.0301967,0.000567509,1
135812,flayer8,4.82848,12.3281,-0.291788,-0.0697121,2
135812,bullet4,9.592,5.65428,0.8,0,1
135812,bullet1,6.15619,5.67897,0.8,0,1
135813,flyer1,4.49999,13.9084,-0.3,0,2
135813,bullet6,14.1706,5.0658,0.8,0,1
135816,flyer2,4.49999,3.90542,-0.3,0,2
135816,bullet5,13.6222,5.62352,0.8,0,1
135817,player,6.36891,6.1688,0.0313119,0.151885,1
135817,flayer8,3.36954,11.9796,-0.291788,-0.0697121,2
135817,bullet4,13.592,5.65428,0.8,0,1
135817,bullet1,10.1562,5.67897,0.8,0,1
135817,bullet2,6.76891,6.1688,0.8,0,1
135818,flyer1,2.99999,13.9084,-0.3,0,2
135821,flyer2,2.99999,3.90542,-0.3,0,2
135822,player,6.39405,6.8485,0.000577793,0.0711465,1
135822,flayer8,1.9106,11.631,-0.291788,-0.0697121,2
135822,bullet1,14.1562,5.67897,0.8,0,1
135822,bullet2,10.7689,6.1688,0.8,0,1
135823,flyer1,1.49999,13.9084,-0.3,0,2
135826,flyer2,1.49999,3.90542,-0.3,0,2
135826,bullet3,6.23679,7.46204,0.8,0,1
135827,player,5.46854,7.49411,-0.368244,0.0320675,1
135827,flayer8,0.451655,11.2824,-0.291788,-0.0697121,2
135827,bullet2,14.7689,6.1688,0.8,0,1
135828,flyer1,-6.4373e-06,13.9084,-0.3,0,2
135830,bullet6,5.59471,7.51796,0.8,0,1
135831,flyer2,-6.4373e-06,3.90542,-0.3,0,2
135831,bullet3,10.2368,7.46204,0.8,0,1
135832,player,5.17281,7.85736,-0.00679514,0.338092,1
135832,flyer3,16.5,3.90542,-0.3,0,2
135833,flyer4,16.5,3.90542,-0.3,0,2
135835,bullet6,9.59471,7.51796,0.8,0,1
135836,bullet3,14.2368,7.46204,0.8,0,1
135837,player,5.05442,8.66285,0.13791,0.10361,1
135837,flyer3,15,3.90542,-0.3,0,2
135838,flyer4,15,3.90542,-0.3,0,2
135839,flyer6,16.5,4.16945,-0.264578,0.141415,2
135840,bullet6,13.5947,7.51796,0.8,0,1
135842,player,6.06039,7.26236,0.408389,-0.434687,1
135842,flyer3,13.5,3.90542,-0.3,0,2
135843,flyer4,13.5,3.90542,-0.3,0,2
135843,bullet5,6.64416,7.06675,0.8,0,1
135844,flyer6,15.1771,4.87652,-0.264578,0.141415,2
135846,bullet4,6.78082,6.43192,0.8,0,1
135847,player,6.38836,6.35555,0.00753592,-0.0763649,1
135847,flyer3,12,3.90542,-0.3,0,2
135848,flyer4,12,3.90542,-0.3,0,2
135848,bullet5,10.6442,7.06675,0.8,0,1
135848,bullet1,6.79175,6.32119,0.8,0,1
135849,flyer6,13.8542,5.5836,-0.264578,0.141415,2
135850,bullet2,6.79396,6.29876,0.8,0,1
135851,bullet4,10.7808,6.43192,0.8,0,1
135852,player,6.05691,6.29422,-0.337361,-0.00140915,1
135852,flyer3,10.5,3.90542,-0.3,0,2
135853,flyer4,10.5,3.90542,-0.3,0,2
135853,bullet5,14.6442,7.06675,0.8,0,1
135853,bullet1,10.7918,6.32119,0.8,0,1
135854,flyer6,12.5313,6.29067,-0.264578,0.141415,1
135855,bullet2,10.794,6.29876,0.8,0,1
135855,bullet3,5.64832,6.85089,0.8,0,1
135856,bullet6,5.60374,6.88159,0.8,0,1
135857,player,5.18367,6.8954,-0.0200649,0.0138136,1
135857,flyer3,9,3.90542,-0.3,0,2
135858,flyer4,9,3.90542,-0.3,0,2
135858,bullet4,5.57464,6.90162,0.8,0,1
135860,bullet2,14.794,6.29876,0.8,0,1
135860,bullet3,9.64832,6.85089,0.8,0,1
135861,bullet6,9.60374,6.88159,0.8,0,1
135862,player,5.16756,6.9065,-0.000370253,0.0002549,1
135862,flyer3,7.5,3.90542,-0.3,0,2
135863,flyer4,7.5,3.90542,-0.3,0,2
135863,bullet4,9.57464,6.90162,0.8,0,1
135865,bullet3,13.6483,6.85089,0.8,0,1
135865,bullet1,5.56728,6.90669,0.8,0,1
135866,bullet6,13.6037,6.88159,0.8,0,1
135867,player,4.67789,7.39608,-0.151882,0.15188,1
135867,flyer3,5.99999,3.90542,-0.3,0,2
135868,flyer4,5.99999,3.90542,-0.3,0,2
135868,bullet4,13.5746,6.90162,0.8,0,1
135869,bullet5,4.48941,7.00581,0.8,0,1
135870,bullet1,9.56728,6.90669,0.8,0,1
135871,bullet2,4.37024,6.92678,0.8,0,1
135872,player,3.6161,7.25324,-0.354142,0.326463,1
135872,flyer3,4.49999,3.90542,-0.3,0,2
135873,flyer4,4.49999,3.90542,-0.3,0,2
135874,bullet5,8.48941,7.00581,0.8,0,1
135875,bullet1,13.5673,6.90669,0.8,0,1
135875,bullet3,3.75275,7.49601,0.8,0,1
135876,bullet2,8.37024,6.92678,0.8,0,1
135877,player,3.33169,7.51542,-0.00653492,0.00602416,1
135877,flyer3,2.99999,3.90542,-0.3,0,2
135878,flyer4,2.99999,3.90542,-0.3,0,2
135879,bullet5,12.4894,7.00581,0.8,0,1
135880,bullet3,7.75275,7.49601,0.8,0,1
135881,bullet2,12.3702,6.92678,0.8,0,1
135882,player,3.82966,5.84009,0.134839,-0.196358,1
135882,flyer3,1.49999,3.90542,-0.3,0,2
135883,flyer4,1.49999,3.90542,-0.3,0,2
135884,bullet6,4.31764,5.71197,0.8,0,1
135885,bullet3,11.7528,7.49601,0.8,0,1
135886,bullet2,16.3702,6.92678,0.8,0,1
135886,bullet4,4.33546,5.68602,0.8,0,1
135887,player,3.93795,5.6824,0.00248816,-0.00362336,1
135887,flyer3,-6.4373e-06,3.90542,-0.3,0,2
135888,flyer4,-6.4373e-06,3.90542,-0.3,0,2
135888,bullet1,4.33907,5.68077,0.8,0,1
135889,bullet6,8.31764,5.71197,0.8,0,1
135890,bullet3,15.7528,7.49601,0.8,0,1
135891,flyer5,16.5,3.90542,-0.3,0,2
135891,bullet4,8.33546,5.68602,0.8,0,1
135891,bullet5,4.89762,5.67956,0.8,0,1
135892,player,4.52842,5.67949,0.0308006,-6.68612e-05,1
135893,bullet1,8.33907,5.68077,0.8,0,1
135894,bullet6,12.3176,5.71197,0.8,0,1
135896,flyer5,15,3.90542,-0.3,0,2
135896,bullet4,12.3355,5.68602,0.8,0,1
135896,bullet5,8.89762,5.67956,0.8,0,1
135897,player,5.14163,6.26791,0.031323,0.0307535,1
135898,bullet1,12.3391,5.68077,0.8,0,1
135899,bullet6,16.3176,5.71197,0.8,0,1
135901,flyer5,13.5,3.90542,-0.3,0,2
135901,bullet4,16.3355,5.68602,0.8,0,1
135901,bullet5,12.8976,5.67956,0.8,0,1
135901,bullet2,5.5662,6.29204,0.8,0,1
135902,player,5.16678,6.29261,0.000577998,0.000567488,1
135902,bullet3,5.56678,6.29261,0.8,0,1
135903,bullet1,16.3391,5.68077,0.8,0,1
135904,bullet6,5.56716,6.29298,0.8,0,1
135906,flyer5,12,3.90542,-0.3,0,2
135906,bullet2,9.5662,6.29204,0.8,0,1
135907,player,5.16724,6.29306,1.06657e-05,1.04717e-05,1
135907,bullet3,9.56678,6.29261,0.8,0,1
135907,bullet4,5.56724,6.29306,0.8,0,1
135909,bullet6,9.56716,6.29298,0.8,0,1
135911,flyer5,10.5,3.90542,-0.3,0,2
135911,bullet2,13.5662,6.29204,0.8,0,1
135912,player,5.16725,6.29307,1.96812e-07,1.93233e-07,1
135912,bullet3,13.5668,6.29261,0.8,0,1
135912,bullet4,9.56724,6.29306,0.8,0,1
135914,bullet6,13.5672,6.29298,0.8,0,1
135916,flyer5,9,3.90542,-0.3,0,2
135916,flayer7,16.5,3.90542,-0.254681,-0.158548,2
135917,player,4.34472,6.29307,0.255317,3.5657e-09,1
135917,bullet4,13.5672,6.29306,0.8,0,1
135918,flyer1,16.5,5.58546,-0.254028,-0.159592,2
135920,bullet1,4.93458,6.85079,0.8,0,1
135921,flyer5,7.5,3.90542,-0.3,0,2
135921,flayer7,15.2266,3.11268,-0.254681,-0.158548,2
135921,bullet5,4.94505,6.88154,0.8,0,1
135922,player,4.54976,6.89538,0.00471131,0.0138396,1
135923,flyer1,15.2299,4.7875,-0.254028,-0.159592,2
135925,bullet1,8.93458,6.85079,0.8,0,1
135926,flyer5,5.99999,3.90542,-0.3,0,2
135926,flayer7,13.9532,2.31994,-0.254681,-0.158548,2
135926,bullet5,8.94505,6.88154,0.8,0,1
135927,player,3.50645,7.39587,-0.220132,0.15213,1
135928,flyer1,13.9597,3.98954,-0.254028,-0.159592,2
135928,bullet2,3.80739,7.46433,0.8,0,1
135930,bullet1,12.9346,6.85079,0.8,0,1
135930,bullet3,3.74276,7.50899,0.8,0,1
135931,flyer5,4.49999,3.90542,-0.3,0,2
135931,flayer7,12.6798,1.52721,-0.254681,-0.158548,2
135931,bullet5,12.9451,6.88154,0.8,0,1
135932,player,3.32967,7.51804,-0.00406205,0.00280723,1
135933,flyer1,12.6896,3.19157,-0.254028,-0.159592,2
135933,bullet2,7.80739,7.46433,0.8,0,1
135935,bullet3,7.74276,7.50899,0.8,0,1
135936,flyer5,2.99999,3.90542,-0.3,0,2
135936,flayer7,11.4064,0.734465,-0.254681,-0.158548,2
135937,player,1.98375,8.33333,0.140956,0.506342,1
135938,flyer1,11.4194,2.39361,-0.254028,-0.159592,2
135938,bullet2,11.8074,7.46433,0.8,0,1
135940,bullet3,11.7428,7.50899,0.8,0,1
135940,bullet6,2.48856,8.70986,0.8,0,1
135941,flyer5,1.49999,3.90542,-0.3,0,2
135941,flayer7,10.133,-0.0582747,-0.254681,-0.158548,2
135942,player,2.09695,8.73997,0.00260103,0.00934343,1
135942,bullet4,2.49695,8.73997,0.8,0,1
135943,flyer1,10.1493,1.59565,-0.254028,-0.159592,2
135943,bullet2,15.8074,7.46433,0.8,0,1
135945,bullet3,15.7428,7.50899,0.8,0,1
135945,bullet6,6.48857,8.70986,0.8,0,1
135946,flyer5,-6.4373e-06,3.90542,-0.3,0,2
135947,player,2.99425,8.74747,0.405892,0.000172413,1
135947,bullet4,6.49695,8.73997,0.8,0,1
135948,flyer1,8.87915,0.797689,-0.254028,-0.159592,2
135948,flayer8,16.5,9.84814,-0.297393,-0.0394639,2
135949,bullet1,3.6591,8.74758,0.8,0,1
135950,bullet6,10.4886,8.70986,0.8,0,1
135952,player,3.87794,8.18989,0.0758336,-0.0683406,1
135952,bullet4,10.4969,8.73997,0.8,0,1
135952,bullet5,4.27794,8.18989,0.8,0,1
135953,flyer1,7.60901,-0.000272185,-0.254028,-0.159592,2
135953,flayer8,15.013,9.65082,-0.297393,-0.0394639,2
135954,bullet1,7.6591,8.74758,0.8,0,1
135957,player,2.28943,9.18209,-0.232659,0.218958,1
135957,bullet5,8.27794,8.18989,0.8,0,1
135958,bullet2,2.58473,9.28062,0.8,0,1
135959,bullet1,11.6591,8.74758,0.8,0,1
135959,bullet3,2.53762,9.32496,0.8,0,1
135962,player,2.10258,8.86856,-0.00429321,-0.147835,1
135962,bullet5,12.2779,8.18989,0.8,0,1
135963,bullet2,6.58473,9.28062,0.8,0,1
135964,bullet1,15.6591,8.74758,0.8,0,1
135964,bullet3,6.53762,9.32496,0.8,0,1
135965,flyer2,16.5,0.979059,-0.289024,-0.0804049,2
135967,player,1.00745,9.30755,-0.165794,0.0656158,1
135967,bullet5,16.2779,8.18989,0.8,0,1
135968,flyer6,16.5,0.979059,-0.3,0,2
135968,bullet2,10.5847,9.28062,0.8,0,1
135968,bullet6,1.33284,9.33708,0.8,0,1
135969,bullet3,10.5376,9.32496,0.8,0,1
135969,bullet4,0.499269,9.35036,-0.8,-6.99382e-08,1
135970,flyer2,15.0549,0.577034,-0.289024,-0.0804049,2
135971,bullet1,1.27736,9.35903,0.8,0,1
135972,player,1.2118,9.02274,0.334441,-0.336289,1
135973,flyer6,15,0.979059,-0.3,0,2
135973,bullet2,14.5847,9.28062,0.8,0,1
135973,bullet6,5.33284,9.33708,0.8,0,1
135974,bullet3,14.5376,9.32496,0.8,0,1
135975,flyer2,13.6098,0.17501,-0.289024,-0.0804049,2
135976,bullet1,5.27736,9.35903,0.8,0,1
135977,player,1.84864,8.75267,0.306082,-0.00620548,1
135978,flyer6,13.5,0.979059,-0.3,0,2
135978,bullet6,9.33284,9.33708,0.8,0,1
135978,bullet5,2.38638,8.74988,0.8,0,1
135980,flyer2,12.1646,-0.227014,-0.289024,-0.0804049,2
135980,bullet4,2.47625,8.74806,0.8,0,1
135981,bullet1,9.27736,9.35903,0.8,0,1
135982,player,2.09445,8.74769,0.00564808,-0.000114509,1
135983,flyer6,12,0.979059,-0.3,0,2
135983,bullet6,13.3328,9.33708,0.8,0,1
135983,bullet5,6.38638,8.74988,0.8,0,1
135985,bullet4,6.47625,8.74806,0.8,0,1
135986,bullet1,13.2774,9.35903,0.8,0,1
135987,player,1.20377,7.85238,-0.40574,-0.405846,1
135988,flyer6,10.5,0.979059,-0.3,0,2
135988,bullet5,10.3864,8.74988,0.8,0,1
135988,bullet2,1.42119,7.66975,0.8,0,1
135990,bullet4,10.4763,8.74806,0.8,0,1
135990,bullet3,1.30205,7.55058,0.8,0,1
135992,player,0.877926,7.52645,-0.00748704,-0.007489,1
135993,flyer6,9,0.979059,-0.3,0,2
135993,bullet5,14.3864,8.74988,0.8,0,1
135993,bullet2,5.42119,7.66975,0.8,0,1
135995,bullet4,14.4763,8.74806,0.8,0,1
135995,bullet3,5.30205,7.55058,0.8,0,1
135997,player,0.7375,6.66715,0.3375,0.292768,1
135998,flyer6,7.5,0.979059,-0.3,0,2
135998,flyer3,16.5,0.979059,-0.3,0,2
135998,bullet2,9.42119,7.66975,0.8,0,1
135999,bullet6,1.35772,6.85818,0.8,0,1
136000,bullet3,9.30205,7.55058,0.8,0,1
136001,bullet1,1.40231,6.89687,0.8,0,1
136002,player,1.00854,6.90227,0.00622782,0.00540238,1
136003,flyer6,5.99999,0.979059,-0.3,0,2
136003,flyer3,15,0.979059,-0.3,0,2
136003,bullet2,13.4212,7.66975,0.8,0,1
136004,bullet6,5.35772,6.85818,0.8,0,1
136005,bullet3,13.3021,7.55058,0.8,0,1
136006,bullet1,5.40231,6.89687,0.8,0,1
136007,player,0.576944,7.24411,-0.216265,0.3376,1
136008,flyer6,4.49999,0.979059,-0.3,0,2
136008,flyer3,13.5,0.979059,-0.3,0,2
136009,bullet6,9.35772,6.85818,0.8,0,1
136009,bullet5,0.835831,7.46439,0.8,0,1
136011,bullet1,9.40231,6.89687,0.8,0,1
136012,player,0.403265,7.85273,-0.00399069,0.34373,1
136013,flyer6,2.99999,0.979059,-0.3,0,2
136013,flyer3,12,0.979059,-0.3,0,2
136014,bullet6,13.3577,6.85818,0.8,0,1
136014,bullet5,4.83583,7.46439,0.8,0,1
136015,bullet4,0.8,8.10833,0.8,0,1
136016,bullet1,13.4023,6.89687,0.8,0,1
136017,player,0.4,8.12877,0,0.00634278,1
136018,flyer6,1.49999,0.979059,-0.3,0,2
136018,flyer3,10.5,0.979059,-0.3,0,2
136019,bullet5,8.83583,7.46439,0.8,0,1
136019,bullet2,0.8,8.13291,0.8,0,1
136020,bullet4,4.8,8.10833,0.8,0,1
136022,player,0.957719,8.69159,0.0683438,0.0684608,1
136022,bullet3,0.557719,8.69159,-0.8,-6.99382e-08,1
136023,flyer6,-6.4373e-06,0.979059,-0.3,0,2
136023,flyer3,9,0.979059,-0.3,0,2
136024,bullet5,12.8358,7.46439,0.8,0,1
136024,bullet2,4.8,8.13291,0.8,0,1
136025,bullet4,8.8,8.10833,0.8,0,1
136026,bullet6,1.51044,8.25593,0.8,0,1
136027,player,1.0572,8.18885,-0.053243,-0.0670805,1
136028,flyer3,7.5,0.979059,-0.3,0,2
136029,bullet2,8.8,8.13291,0.8,0,1
136030,bullet4,12.8,8.10833,0.8,0,1
136031,bullet6,5.51044,8.25593,0.8,0,1
136032,player,0.456722,8.13498,-0.0693262,-0.00123782,1
136032,bullet1,0.856722,8.13498,0.8,0,1
136033,flyer3,5.99999,0.979059,-0.3,0,2
136034,bullet2,12.8,8.13291,0.8,0,1
136035,bullet3,0.805169,8.13406,0.8,0,1
136036,bullet6,9.51044,8.25593,0.8,0,1
136037,player,0.4,8.13398,0,-2.28413e-05,1
136037,bullet1,4.85672,8.13498,0.8,0,1
136038,flyer3,4.49999,0.979059,-0.3,0,2
136039,bullet5,0.8,8.62334,0.8,0,1
136040,bullet3,4.80517,8.13406,0.8,0,1
136041,bullet6,13.5104,8.25593,0.8,0,1
136042,player,0.7375,8.73628,0.3375,0.0138392,1
136042,bullet1,8.85672,8.13498,0.8,0,1
136043,flyer3,2.99999,0.979059,-0.3,0,2
136044,bullet5,4.8,8.62334,0.8,0,1
136045,bullet3,8.80517,8.13406,0.8,0,1
136046,bullet4,1.40231,8.74714,0.8,0,1
136047,player,1.34604,8.4099,0.343728,-0.337245,1
136047,bullet1,12.8567,8.13498,0.8,0,1
136048,flyer3,1.49999,0.979059,-0.3,0,2
136049,bullet5,8.8,8.62334,0.8,0,1
136050,bullet3,12.8052,8.13406,0.8,0,1
136051,bullet4,5.40231,8.74714,0.8,0,1
136052,player,1.87306,8.13906,-0.300403,-0.00622311,1
136053,flyer3,-6.4373e-06,0.979059,-0.3,0,2
136054,bullet5,12.8,8.62334,0.8,0,1
136055,flyer4,16.5,0.979059,-0.295684,0.0507037,2
136055,bullet3,16.8052,8.13406,0.8,0,1
136055,bullet2,2.04967,8.13444,0.8,0,1
136056,bullet4,9.40231,8.74714,0.8,0,1
136057,player,1.96931,7.79657,0.331957,-0.337615,1
136059,flayer7,16.5,11.9506,-0.28527,0.0928482,2
136060,flyer4,15.0216,1.23258,-0.295684,0.0507037,2
136060,bullet2,6.04967,8.13444,0.8,0,1
136061,bullet4,13.4023,8.74714,0.8,0,1
136061,bullet6,2.1404,6.45381,0.8,0,1
136062,player,1.67818,6.3654,-0.0622182,-0.0884133,1
136063,bullet1,2.05018,6.32562,0.8,0,1
136064,flayer7,15.0736,12.4149,-0.28527,0.0928482,2
136065,flyer4,13.5432,1.4861,-0.295684,0.0507037,2
136065,bullet2,10.0497,8.13444,0.8,0,1
136066,bullet6,6.1404,6.45381,0.8,0,1
136067,player,1.13884,6.85212,-0.153023,0.0667123,1
136068,bullet1,6.05018,6.32562,0.8,0,1
136068,bullet3,1.46998,6.88213,0.8,0,1
136069,flayer7,13.6473,12.8791,-0.28527,0.0928482,2
136070,flyer4,12.0647,1.73961,-0.295684,0.0507037,2
136070,bullet2,14.0497,8.13444,0.8,0,1
136071,bullet6,10.1404,6.45381,0.8,0,1
136072,player,1.01595,6.90569,-0.00282371,0.00123103,1
136073,bullet1,10.0502,6.32562,0.8,0,1
136073,bullet3,5.46998,6.88213,0.8,0,1
136074,flayer7,12.2209,13.3434,-0.28527,0.0928482,2
136074,bullet5,1.41411,6.90649,0.8,0,1
136075,flyer4,10.5863,1.99313,-0.295684,0.0507037,2
136076,bullet6,14.1404,6.45381,0.8,0,1
136077,player,1.01368,6.90668,-5.21053e-05,2.27159e-05,1
136078,bullet1,14.0502,6.32562,0.8,0,1
136078,bullet3,9.46998,6.88213,0.8,0,1
136079,flayer7,10.7946,13.8076,-0.28527,0.0928482,2
136079,bullet5,5.41411,6.90649,0.8,0,1
136080,flyer4,9.1079,2.24665,-0.295684,0.0507037,2
136080,bullet4,1.41364,6.90669,0.8,0,1
136082,player,0.524263,7.39607,-0.151876,0.151875,1
136083,bullet3,13.47,6.88213,0.8,0,1
136083,bullet2,0.855919,7.46441,0.8,0,1
136084,flayer7,9.36823,14.2718,-0.28527,0.0928482,2
136084,bullet5,9.41411,6.90649,0.8,0,1
136085,flyer4,7.62948,2.50017,-0.295684,0.0507037,2
136085,bullet4,5.41364,6.90669,0.8,0,1
136087,player,0.402294,7.51804,-0.00280254,0.00280253,1
136088,bullet2,4.85592,7.46441,0.8,0,1
136089,flayer7,7.94188,14.7361,-0.28527,0.0928482,2
136089,bullet5,13.4141,6.90649,0.8,0,1
136090,flyer4,6.15106,2.75369,-0.295684,0.0507037,2
136090,bullet4,9.41364,6.90669,0.8,0,1
136091,bullet6,1.87794,8.59808,0.8,0,1
136092,player,1.56007,8.68031,0.0821316,0.0822351,1
136093,bullet2,8.85592,7.46441,0.8,0,1
136093,bullet1,1.99703,8.71732,0.8,0,1
136094,flayer7,6.51553,15.2003,-0.28527,0.0928482,2
136095,flyer4,4.67264,3.00721,-0.295684,0.0507037,2
136095,bullet4,13.4136,6.90669,0.8,0,1
136096,bullet6,5.87794,8.59808,0.8,0,1
136097,player,1.47416,9.23573,0.187141,0.153392,1
136098,bullet2,12.8559,7.46441,0.8,0,1
136098,bullet1,5.99703,8.71732,0.8,0,1
136099,flayer7,5.08917,15.6646,-0.28527,0.0928482,2
136099,bullet3,1.99627,9.33582,0.8,0,1
136100,flyer4,3.19422,3.26073,-0.295684,0.0507037,2
136101,bullet6,9.87794,8.59808,0.8,0,1
136102,player,1.62445,9.35892,0.00345327,0.00283052,1
136103,bullet1,9.99704,8.71732,0.8,0,1
136104,flayer7,3.66282,16.1288,-0.28527,0.0928482,2
136104,bullet3,5.99627,9.33582,0.8,0,1
136104,bullet5,1.53733,9.85014,0.8,0,1
136105,flyer4,1.7158,3.51424,-0.295684,0.0507037,2
136106,bullet6,13.8779,8.59808,0.8,0,1
136107,player,1.02491,9.96351,-0.0137759,0.0138918,1
136108,bullet1,13.997,8.71732,0.8,0,1
136109,bullet3,9.99627,9.33582,0.8,0,1
136109,bullet5,5.53733,9.85014,0.8,0,1
136110,flyer4,0.237376,3.76776,-0.295684,0.0507037,2
136110,bullet4,1.41466,9.97384,0.8,0,1
136112,player,1.01385,9.97466,-0.000254204,0.000256344,1
136112,bullet2,1.41385,9.97466,0.8,0,1
136114,bullet3,13.9963,9.33582,0.8,0,1
136114,bullet5,9.53733,9.85014,0.8,0,1
136115,bullet4,5.41466,9.97384,0.8,0,1
136117,player,0.4,10.8701,-0.101462,0.405848,1
136117,bullet2,5.41385,9.97466,0.8,0,1
136118,flyer5,16.5,0.979059,-0.3,0,2
136119,bullet5,13.5373,9.85014,0.8,0,1
136119,bullet6,0,11.1349,-0.8,-6.99382e-08,1
136120,bullet4,9.41467,9.97384,0.8,0,1
136120,bullet1,0.8,11.1719,0.8,0,1
136122,player,0.4,10.8585,-0,-0.330011,1
136122,bullet2,9.41385,9.97466,0.8,0,1
136123,flyer5,15,0.979059,-0.3,0,2
136123,bullet3,0.8,10.71,0.8,0,1
136125,bullet4,13.4147,9.97384,0.8,0,1
136125,bullet1,4.8,11.1719,0.8,0,1
136127,player,0.889375,10.0358,0.151875,-0.0744334,1
136127,bullet2,13.4138,9.97466,0.8,0,1
136128,flyer5,13.5,0.979059,-0.3,0,2
136128,bullet3,4.8,10.71,0.8,0,1
136130,bullet1,8.8,11.1719,0.8,0,1
136131,flyer1,16.5,9.83154,-0.248613,0.167903,2
136132,player,0.966749,8.81597,0.0573067,-0.0835569,1
136132,bullet6,1.36675,8.81597,0.8,0,1
136133,flyer5,12,0.979059,-0.3,0,2
136133,bullet3,8.8,10.71,0.8,0,1
136135,bullet1,12.8,11.1719,0.8,0,1
136135,bullet5,1.40936,8.75383,0.8,0,1
136136,flyer1,15.2569,10.6711,-0.248613,0.167903,2
136137,player,1.01277,9.23824,0.00105747,0.150333,1
136137,bullet6,5.36675,8.81597,0.8,0,1
136138,flyer5,10.5,0.979059,-0.3,0,2
136138,bullet3,12.8,10.71,0.8,0,1
136139,bullet4,1.90284,9.8257,0.8,0,1
136140,bullet5,5.40936,8.75383,0.8,0,1
136142,player,1.12656,9.96128,-0.138016,0.0166137,1
136142,bullet6,9.36675,8.81597,0.8,0,1
136143,flyer5,9,0.979059,-0.3,0,2
136143,bullet2,1.46445,9.96876,0.8,0,1
136144,bullet4,5.90284,9.8257,0.8,0,1
136145,bullet5,9.40936,8.75383,0.8,0,1
136147,player,0.916622,10.464,0.118574,0.152182,1
136147,bullet6,13.3668,8.81597,0.8,0,1
136148,flyer5,7.5,0.979059,-0.3,0,2
136148,bullet2,5.46445,9.96876,0.8,0,1
136149,bullet4,9.90284,9.8257,0.8,0,1
136150,bullet5,13.4094,8.75383,0.8,0,1
136151,bullet1,0.821185,10.5526,0.8,0,1
136152,player,0.409533,10.5724,-0.0116516,0.0197233,1
136153,flyer5,5.99999,0.979059,-0.3,0,2
136153,bullet2,9.46445,9.96876,0.8,0,1
136154,bullet4,13.9028,9.8257,0.8,0,1
136156,bullet1,4.82119,10.5526,0.8,0,1
136157,player,1.54637,9.99973,0.0988834,-0.0303907,1
136157,bullet3,1.94637,9.99973,0.8,0,1
136158,flyer5,4.49999,0.979059,-0.3,0,2
136158,bullet2,13.4645,9.96876,0.8,0,1
136161,bullet1,8.82119,10.5526,0.8,0,1
136162,player,2.78581,10.0199,0.084008,-0.0550649,1
136162,flayer8,16.5,9.83154,-0.283738,0.0974315,2
136162,bullet3,5.94637,9.99973,0.8,0,1
136162,bullet6,3.18581,10.0199,0.8,0,1
136163,flyer5,2.99999,0.979059,-0.3,0,2
136165,bullet5,3.806,9.97898,0.8,0,1
136166,bullet1,12.8212,10.5526,0.8,0,1
136167,player,3.45559,9.9757,0.0153898,-0.0010161,1
136167,flayer8,15.0813,10.3187,-0.283738,0.0974315,2
136167,bullet3,9.94637,9.99973,0.8,0,1
136167,bullet6,7.18581,10.0199,0.8,0,1
136168,flyer5,1.49999,0.979059,-0.3,0,2
136170,bullet5,7.806,9.97898,0.8,0,1
136170,bullet4,4.42475,9.97495,0.8,0,1
136171,bullet2,4.45614,9.97491,0.8,0,1
136172,player,4.07026,9.97489,0.0141236,-1.875e-05,1
136172,bullet6,11.1858,10.0199,0.8,0,1
136173,flyer5,-6.4373e-06,0.979059,-0.3,0,2
136175,bullet5,11.806,9.97898,0.8,0,1
136175,bullet4,8.42475,9.97495,0.8,0,1
136176,bullet2,8.45614,9.97491,0.8,0,1
136177,player,3.47929,9.37256,-0.013579,-0.01384,1
136177,bullet6,15.1858,10.0199,0.8,0,1
136179,flyer2,16.5,9.83154,-0.276917,0.115398,2
136180,bullet4,12.4248,9.97495,0.8,0,1
136181,bullet2,12.4561,9.97491,0.8,0,1
136181,bullet1,4.35801,9.85107,0.8,0,1
136182,player,4.0261,9.91916,0.0680932,0.0680884,1
136184,bullet3,3.67053,9.96359,-0.8,-6.99382e-08,1
136186,bullet1,8.35801,9.85107,0.8,0,1
136186,bullet6,4.47953,9.97258,0.8,0,1
136187,player,4.08079,9.97384,0.00125651,0.00125642,1
136188,bullet5,4.48135,9.9744,0.8,0,1
136189,bullet3,-0.329466,9.96359,-0.8,-6.99382e-08,1
136190,flyer6,16.5,9.83154,-0.288057,-0.0838042,2
136190,bullet4,4.48172,9.97477,0.8,0,1
136191,bullet1,12.358,9.85107,0.8,0,1
136191,bullet6,8.47953,9.97258,0.8,0,1
136192,player,4.0818,9.97485,2.31862e-05,2.31845e-05,1
136193,bullet5,8.48135,9.9744,0.8,0,1
136195,flyer6,15.0597,9.41252,-0.288057,-0.0838042,1
136195,bullet4,8.48172,9.97477,0.8,0,1
136196,bullet6,12.4795,9.97258,0.8,0,1
136197,player,3.00396,9.87577,-0.182629,0.121121,1
136197,bullet2,3.40396,9.87577,0.8,0,1
136198,bullet5,12.4814,9.9744,0.8,0,1
136200,bullet4,12.4817,9.97477,0.8,0,1
136200,bullet3,3.75753,9.47646,0.8,0,1
136202,player,3.44577,9.38457,0.0273847,-0.0285197,1
136202,bullet2,7.40397,9.87577,0.8,0,1
136204,flyer3,16.5,8.63687,-0.3,0,2
136205,flayer7,16.5,8.63687,-0.296524,-0.0455377,2
136205,bullet3,7.75753,9.47646,0.8,0,1
136207,player,3.36867,10.777,0.121626,0.519603,1
136207,bullet2,11.404,9.87577,0.8,0,1
136209,flyer3,15,8.63687,-0.3,0,2
136209,bullet1,3.84803,11.1161,0.8,0,1
136210,flayer7,15.0174,8.40918,-0.296524,-0.0455377,2
136210,bullet3,11.7575,9.47646,0.8,0,1
136212,player,3.12884,11.4145,-0.335256,-0.259568,1
136212,bullet2,15.404,9.87577,0.8,0,1
136214,flyer3,13.5,8.63687,-0.3,0,1
136214,bullet1,7.84803,11.1161,0.8,0,1
136215,flayer7,13.5348,8.18149,-0.296524,-0.0455377,2
136217,player,1.96439,10.046,-0.41203,-0.0869731,1
136217,flyer4,16.5,8.63687,-0.264896,0.140819,2
136219,flyer3,12,8.63687,-0.3,0,1
136219,bullet1,11.848,11.1161,0.8,0,1
136219,bullet6,2.09554,9.98928,0.8,0,1
136220,flayer7,12.0521,7.9538,-0.296524,-0.0455377,2
136220,bullet5,2.05799,9.98136,0.8,0,1
136222,player,1.29599,10.3137,-0.345103,0.335895,1
136222,flyer4,15.1755,9.34097,-0.264896,0.140819,2
136223,bullet4,1.54069,10.4648,0.8,0,1
136224,flyer3,10.5,8.63687,-0.3,0,1
136224,bullet1,15.848,11.1161,0.8,0,1
136224,bullet6,6.09554,9.98928,0.8,0,1
136225,flayer7,10.5695,7.72611,-0.296524,-0.0455377,2
136225,bullet5,6.05799,9.98136,0.8,0,1
136225,bullet3,1.43936,10.5635,0.8,0,1
136227,player,1.50822,11.0728,0.145507,0.158073,1
136227,flyer4,13.851,10.0451,-0.264896,0.140819,2
136228,bullet4,5.54069,10.4648,0.8,0,1
136229,flyer3,9,8.63687,-0.3,0,1
136229,bullet6,10.0955,9.98928,0.8,0,1
136230,flayer7,9.0869,7.49842,-0.296524,-0.0455377,2
136230,bullet5,10.058,9.98136,0.8,0,1
136230,bullet3,5.43936,10.5635,0.8,0,1
136232,player,1.62507,11.5373,0.00268501,0.340417,1
136232,flyer4,12.5266,10.7492,-0.264896,0.140819,0
136233,bullet4,9.5407,10.4648,0.8,0,1
136233,bullet2,2.02628,11.6904,0.8,0,1
136234,flyer3,7.5,8.63687,-0.3,0,1
136235,flayer7,7.60428,7.27073,-0.296524,-0.0455377,2
136235,bullet3,9.43936,10.5635,0.8,0,1
136236,bullet1,2.51656,11.315,0.8,0,1
136237,player,2.18495,11.2529,0.0683933,-0.0620621,1
136238,bullet4,13.5407,10.4648,0.8,0,1
136238,bullet2,6.02628,11.6904,0.8,0,1
136239,flyer3,5.99999,8.63687,-0.3,0,1
136240,flayer7,6.12166,7.04304,-0.296524,-0.0455377,2
136240,bullet3,13.4394,10.5635,0.8,0,1
136241,bullet1,6.51656,11.315,0.8,0,1
136242,player,1.34466,10.9829,-0.404582,0.268011,1
136243,bullet2,10.0263,11.6904,0.8,0,1
136244,flyer3,4.49999,8.63687,-0.3,0,1
136245,flayer7,4.63904,6.81535,-0.296524,-0.0455377,2
136246,bullet1,10.5166,11.315,0.8,0,1
136246,bullet6,0.838735,11.094,0.8,0,1
136247,player,0.41743,11.1535,-0.0213053,0.0594497,1
136248,bullet2,14.0263,11.6904,0.8,0,1
136248,bullet5,0.807843,11.1803,0.8,0,1
136249,flyer3,2.99999,8.63687,-0.3,0,1
136250,flayer7,3.15643,6.58766,-0.296524,-0.0455377,2
136251,bullet1,14.5166,11.315,0.8,0,1
136251,bullet6,4.83874,11.094,0.8,0,1
136252,player,0.4,11.2012,0,0.00109701,1
136253,bullet5,4.80784,11.1803,0.8,0,1
136253,bullet4,0.8,11.2017,0.8,0,1
136254,flyer3,1.49999,8.63687,-0.3,0,1
136255,flayer7,1.67381,6.35997,-0.296524,-0.0455377,2
136255,bullet3,0.8,11.2021,0.8,0,1
136256,bullet6,8.83874,11.094,0.8,0,1
136257,player,0.889375,11.6915,0.151875,0.151895,1
136258,bullet5,8.80784,11.1803,0.8,0,1
136258,bullet4,4.8,11.2017,0.8,0,1
136259,flyer3,-6.4373e-06,8.63687,-0.3,0,1
136260,flayer7,0.191188,6.13229,-0.296524,-0.0455377,2
136260,bullet3,4.8,11.2021,0.8,0,1
136261,bullet6,12.8387,11.094,0.8,0,1
136262,player,1.01134,11.8135,0.00280252,0.00280289,1
136263,bullet5,12.8078,11.1803,0.8,0,1
136263,bullet4,8.8,11.2017,0.8,0,1
136265,bullet3,8.8,11.2021,0.8,0,1
136266,flyer1,16.5,8.63687,-0.296753,-0.0440207,2
136267,player,1.01359,11.8157,5.17144e-05,5.17213e-05,1
136268,flayer8,16.5,8.63687,-0.298341,0.0315057,2
136268,bullet4,12.8,11.2017,0.8,0,1
136269,bullet2,0.924253,12.3051,0.8,0,1
136270,bullet3,12.8,11.2021,0.8,0,1
136271,flyer1,15.0162,8.41677,-0.296753,-0.0440207,2
136271,bullet1,0.825161,12.4042,0.8,0,1
136272,player,0.411323,12.0806,-0.0138387,-0.323659,1
136273,flayer8,15.0083,8.7944,-0.298341,0.0315057,2
136274,bullet2,4.92425,12.3051,0.8,0,1
136274,bullet6,0.802293,11.8694,0.8,0,1
136275,bullet5,0.801032,11.8399,0.8,0,1
136276,flyer1,13.5325,8.19667,-0.296753,-0.0440207,2
136276,bullet1,4.82516,12.4042,0.8,0,1
136277,player,0.4,12.1582,-0,0.331528,1
136278,flayer8,13.5166,8.95193,-0.298341,0.0315057,2
136279,bullet2,8.92425,12.3051,0.8,0,1
136279,bullet6,4.80229,11.8694,0.8,0,1
136280,bullet5,4.80103,11.8399,0.8,0,1
136281,flyer1,12.0487,7.97656,-0.296753,-0.0440207,2
136281,bullet1,8.82516,12.4042,0.8,0,1
136282,player,0.4,12.0869,0,-0.331382,1
136283,flayer8,12.0249,9.10946,-0.298341,0.0315057,2
136284,bullet2,12.9243,12.3051,0.8,0,1
136284,bullet6,8.80229,11.8694,0.8,0,1
136285,bullet5,8.80103,11.8399,0.8,0,1
136286,flyer1,10.5649,7.75646,-0.296753,-0.0440207,2
136286,bullet1,12.8252,12.4042,0.8,0,1
136287,player,0.4,11.5698,-0,0.30063,1
136288,flayer8,10.5332,9.26698,-0.298341,0.0315057,2
136289,bullet6,12.8023,11.8694,0.8,0,1
136290,bullet5,12.801,11.8399,0.8,0,1
136290,bullet4,0.8,11.7934,0.8,0,1
136291,flyer1,9.08118,7.53636,-0.296753,-0.0440207,2
136291,bullet3,0.8,11.8057,0.8,0,1
136292,player,0.4,11.8112,0,0.00554748,1
136293,flayer8,9.04148,9.42451,-0.298341,0.0315057,2
136295,bullet4,4.8,11.7934,0.8,0,1
136296,flyer1,7.59741,7.31625,-0.296753,-0.0440207,2
136296,bullet3,4.8,11.8057,0.8,0,1
136297,player,0.957719,10.6557,0.0683438,-0.082081,1
136298,flayer8,7.54977,9.58204,-0.298341,0.0315057,2
136298,bullet2,1.38847,10.6187,0.8,0,1
136300,bullet4,8.8,11.7934,0.8,0,1
136301,flyer1,6.11365,7.09615,-0.296753,-0.0440207,2
136301,bullet3,8.8,11.8057,0.8,0,1
136301,bullet1,1.90072,10.1019,0.8,0,1
136302,player,1.57032,10.032,0.0696049,-0.0698584,1
136303,flayer8,6.05807,9.73957,-0.298341,0.0315057,1
136305,bullet4,12.8,11.7934,0.8,0,1
136306,flyer1,4.62988,6.87605,-0.296753,-0.0440207,2
136306,bullet3,12.8,11.8057,0.8,0,1
136307,player,0.534534,10.4791,-0.16443,0.133671,1
136310,flyer5,16.5,2.72677,-0.239649,-0.180467,2
136311,flyer1,3.14612,6.65594,-0.296753,-0.0440207,2
136311,flyer2,16.5,2.72677,-0.256477,-0.155626,2
136312,player,0.4,9.77345,-0.230827,-0.503823,1
136312,flyer6,16.5,2.72677,-0.29057,-0.0746257,2
136315,flyer5,15.3018,1.82443,-0.239649,-0.180467,2
136316,flyer1,1.66236,6.43584,-0.296753,-0.0440207,2
136316,flyer2,15.2176,1.94863,-0.256477,-0.155626,2
136316,bullet6,0.8,8.82042,0.8,0,1
136317,player,0.4,8.78037,0,-0.0400516,1
136317,flyer6,15.0471,2.35364,-0.29057,-0.0746257,2
136317,bullet5,0.8,8.78037,0.8,0,1
136319,bullet2,0.8,8.75424,0.8,0,1
136320,flyer5,14.1035,0.922096,-0.239649,-0.180467,2
136321,flyer1,0.178592,6.21574,-0.296753,-0.0440207,2
136321,flyer2,13.9352,1.1705,-0.256477,-0.155626,2
136321,bullet6,4.8,8.82042,0.8,0,1
136322,player,0.4,8.7482,0,-0.000739066,1
136322,flyer6,13.5943,1.98051,-0.29057,-0.0746257,2
136322,bullet5,4.8,8.78037,0.8,0,1
136322,bullet1,0.8,8.7482,0.8,0,1
136324,bullet2,4.8,8.75424,0.8,0,1
136325,flyer5,12.9053,0.0197613,-0.239649,-0.180467,2
136326,flyer2,12.6528,0.392369,-0.256477,-0.155626,2
136326,bullet6,8.8,8.82042,0.8,0,1
136327,player,0.4,8.74761,0,-1.36378e-05,1
136327,flyer6,12.1414,1.60738,-0.29057,-0.0746257,2
136327,bullet5,8.8,8.78037,0.8,0,1
136327,bullet1,4.8,8.7482,0.8,0,1
136329,bullet2,8.8,8.75424,0.8,0,1
136331,flyer2,11.3705,-0.385763,-0.256477,-0.155626,2
136331,bullet6,12.8,8.82042,0.8,0,1
136332,player,0.4,8.52738,-0,0.269156,1
136332,flyer6,10.6886,1.23425,-0.29057,-0.0746257,2
136332,bullet5,12.8,8.78037,0.8,0,1
136332,bullet1,8.8,8.7482,0.8,0,1
136334,bullet2,12.8,8.75424,0.8,0,1
136337,player,0.4,8.74353,0,0.00496669,1
136337,flyer6,9.23574,0.861122,-0.29057,-0.0746257,2
136337,flyer4,16.5,2.72677,-0.3,0,2
136337,bullet1,12.8,8.7482,0.8,0,1
136337,bullet4,0.8,8.74353,0.8,0,1
136338,bullet3,0.8,8.74577,0.8,0,1
136340,bullet6,0.8,8.74723,0.8,0,1
136342,player,0.4,8.74752,-0,9.16493e-05,1
136342,flyer6,7.78289,0.487994,-0.29057,-0.0746257,2
136342,flyer4,15,2.72677,-0.3,0,2
136342,bullet4,4.8,8.74353,0.8,0,1
136343,bullet3,4.8,8.74577,0.8,0,1
136345,bullet6,4.8,8.74723,0.8,0,1
136345,bullet5,0.8,8.74759,0.8,0,1
136347,player,0.4,8.74759,0,1.69119e-06,1
136347,flyer6,6.33004,0.114865,-0.29057,-0.0746257,2
136347,flyer4,13.5,2.72677,-0.3,0,2
136347,bullet4,8.8,8.74353,0.8,0,1
136348,bullet3,8.8,8.74577,0.8,0,1
136350,bullet6,8.8,8.74723,0.8,0,1
136350,bullet5,4.8,8.74759,0.8,0,1
136352,player,0.4,9.34991,0,0.0138396,1
136352,flyer6,4.87719,-0.258264,-0.29057,-0.0746257,2
136352,flyer4,12,2.72677,-0.3,0,2
136352,bullet4,12.8,8.74353,0.8,0,1
136353,bullet3,12.8,8.74577,0.8,0,1
136355,bullet6,12.8,8.74723,0.8,0,1
136355,bullet5,8.8,8.74759,0.8,0,1
