231058,player,9.71256,10.6371,0,0,1
231058,bullet1,10.1126,10.6371,0.8,0,1
231061,bullet2,9.06547,11.6842,0.8,0,1
231062,bullet3,8.96637,11.7833,0.8,0,1
231063,player,8.52178,11.8279,-0.0445943,0.0445943,1
231063,bullet1,14.1126,10.6371,0.8,0,1
231063,bullet4,8.92177,11.8279,0.8,0,1
231066,bullet2,13.0655,11.6842,0.8,0,1
231066,bullet5,8.39924,12.3504,0.8,0,1
231067,bullet3,12.9664,11.7833,0.8,0,1
231068,player,7.40811,11.9628,-0.183453,-0.120297,1
231068,bullet4,12.9218,11.8279,0.8,0,1
231071,bullet5,12.3992,12.3504,0.8,0,1
231071,bullet6,6.6246,11.9417,0.8,0,1
231072,bullet1,6.51798,11.8992,0.8,0,1
231073,player,6.4075,12.2175,0.28952,0.318365,1
231075,bullet2,6.99641,12.4253,0.8,0,1
231076,bullet5,16.3992,12.3504,0.8,0,1
231076,bullet6,10.6246,11.9417,0.8,0,1
231077,bullet1,10.518,11.8992,0.8,0,1
231077,bullet3,7.03466,12.4673,0.8,0,1
231078,player,6.64001,12.4732,0.00534247,0.00587473,1
231080,bullet2,10.9964,12.4253,0.8,0,1
231081,bullet6,14.6246,11.9417,0.8,0,1
231082,bullet1,14.518,11.8992,0.8,0,1
231082,bullet3,11.0347,12.4673,0.8,0,1
231083,player,6.6443,11.8894,9.85836e-05,-0.0306463,1
231084,flyer1,16.5,6.82165,-0.253513,-0.160409,2
231084,bullet4,7.04434,11.8756,0.8,0,1
231085,bullet2,14.9964,12.4253,0.8,0,1
231085,bullet5,7.04436,11.8694,0.8,0,1
231087,bullet3,15.0347,12.4673,0.8,0,1
231088,player,6.64437,11.3755,1.81914e-06,-0.152441,1
231089,flyer1,15.2324,6.01961,-0.253513,-0.160409,2
231089,flyer2,16.5,6.82165,-0.291693,-0.0701098,2
231089,bullet4,11.0443,11.8756,0.8,0,1
231090,bullet5,11.0444,11.8694,0.8,0,1
231090,bullet6,6.555,10.7866,0.8,0,1
231091,bullet1,6.48666,10.7044,0.8,0,1
231093,player,6.04206,10.6507,-0.0138396,-0.0166526,1
231094,flyer1,13.9649,5.21756,-0.253513,-0.160409,2
231094,flyer2,15.0415,6.4711,-0.291693,-0.0701098,2
231094,bullet4,15.0443,11.8756,0.8,0,1
231095,bullet5,15.0444,11.8694,0.8,0,1
231095,bullet6,10.555,10.7866,0.8,0,1
231096,bullet1,10.4867,10.7044,0.8,0,1
231096,bullet2,5.9424,11.1277,0.8,0,1
231098,player,5.44247,10.7364,-0.0310101,-0.121428,1
231098,bullet3,5.84247,10.7364,0.8,0,1
231099,flyer1,12.6973,4.41552,-0.253513,-0.160409,2
231099,flyer2,13.5831,6.12055,-0.291693,-0.0701098,2
231100,bullet6,14.555,10.7866,0.8,0,1
231101,bullet1,14.4867,10.7044,0.8,0,1
231101,bullet2,9.9424,11.1277,0.8,0,1
231103,player,5.98913,10.0059,0.0508564,0.0215088,1
231103,bullet3,9.84248,10.7364,0.8,0,1
231103,bullet4,6.38913,10.0059,0.8,0,1
231104,flyer1,11.4297,3.61347,-0.253513,-0.160409,2
231104,flyer2,12.1246,5.77001,-0.291693,-0.0701098,2
231106,bullet2,13.9424,11.1277,0.8,0,1
231108,player,5.82359,10.5947,0.25318,0.0518256,1
231108,bullet3,13.8425,10.7364,0.8,0,1
231108,bullet4,10.3891,10.0059,0.8,0,1
231109,flyer1,10.1622,2.81143,-0.253513,-0.160409,2
231109,flyer2,10.6661,5.41946,-0.291693,-0.0701098,2
231109,bullet5,6.33752,10.618,0.8,0,1
231111,bullet6,6.41186,10.6332,0.8,0,1
231113,player,5.53754,10.1469,-0.147203,-0.150919,1
231113,bullet4,14.3891,10.0059,0.8,0,1
231113,bullet1,5.93754,10.1469,0.8,0,1
231114,flyer1,8.8946,2.00939,-0.253513,-0.160409,2
231114,flyer2,9.20768,5.06891,-0.291693,-0.0701098,2
231114,bullet5,10.3375,10.618,0.8,0,1
231116,bullet6,10.4119,10.6332,0.8,0,1
231116,bullet2,5.82808,10.0347,0.8,0,1
231118,player,5.9087,10.0257,0.149159,-0.00278487,1
231118,bullet1,9.93754,10.1469,0.8,0,1
231119,flyer1,7.62703,1.20734,-0.253513,-0.160409,2
231119,flyer2,7.74922,4.71836,-0.291693,-0.0701098,2
231119,bullet5,14.3375,10.618,0.8,0,1
231121,bullet6,14.4119,10.6332,0.8,0,1
231121,bullet2,9.82808,10.0347,0.8,0,1
231123,player,5.44001,10.0235,-0.0280023,-5.13888e-05,1
231123,bullet1,13.9375,10.1469,0.8,0,1
231123,bullet3,5.84001,10.0235,0.8,0,1
231124,flyer1,6.35947,0.4053,-0.253513,-0.160409,2
231124,flyer2,6.29075,4.36781,-0.291693,-0.0701098,2
231125,bullet4,6.31112,10.5128,0.8,0,1
231126,bullet2,13.8281,10.0347,0.8,0,1
231128,player,4.97275,10.1364,-0.206896,-0.138036,1
231128,bullet3,9.84002,10.0235,0.8,0,1
231128,bullet5,5.37275,10.1364,0.8,0,1
231129,flyer1,5.0919,-0.396744,-0.253513,-0.160409,2
231129,flyer2,4.83229,4.01726,-0.291693,-0.0701098,2
231130,bullet4,10.3111,10.5128,0.8,0,1
231131,bullet6,4.66118,10.1021,0.8,0,1
231133,player,3.86678,10.3769,-0.355157,0.318038,1
231133,bullet3,13.84,10.0235,0.8,0,1
231133,bullet5,9.37275,10.1364,0.8,0,1
231134,flyer2,3.37383,3.66671,-0.291693,-0.0701098,2
231135,bullet4,14.3111,10.5128,0.8,0,1
231136,bullet6,8.66118,10.1021,0.8,0,1
231138,player,3.58156,10.6323,-0.00655365,0.00586869,1
231138,flyer3,16.5,6.82165,-0.3,0,2
231138,bullet5,13.3727,10.1364,0.8,0,1
231138,bullet1,3.98156,10.6323,0.8,0,1
231139,flyer2,1.91536,3.31616,-0.291693,-0.0701098,2
231141,bullet6,12.6612,10.1021,0.8,0,1
231141,bullet2,4.46606,10.6367,0.8,0,1
231143,player,4.16477,10.637,0.0306338,0.000108294,1
231143,flyer3,15,6.82165,-0.3,0,2
231143,bullet1,7.98156,10.6323,0.8,0,1
231143,bullet3,4.56477,10.637,0.8,0,1
231144,flyer2,0.4569,2.96561,-0.291693,-0.0701098,2
231146,bullet2,8.46606,10.6367,0.8,0,1
231147,bullet4,4.00033,10.0486,0.8,0,1
231148,player,3.58706,10.0348,-0.0132743,-0.0138376,1
231148,flyer3,13.5,6.82165,-0.3,0,2
231148,bullet1,11.9816,10.6323,0.8,0,1
231148,bullet3,8.56477,10.637,0.8,0,1
231151,bullet2,12.4661,10.6367,0.8,0,1
231152,bullet4,8.00033,10.0486,0.8,0,1
231153,player,3.2389,10.3612,-0.337745,0.337245,1
231153,flyer3,12,6.82165,-0.3,0,2
231153,bullet1,15.9816,10.6323,0.8,0,1
231153,bullet3,12.5648,10.637,0.8,0,1
231156,flyer4,16.5,6.82165,-0.245509,-0.172411,2
231156,bullet5,2.83002,10.612,0.8,0,1
231157,bullet4,12.0003,10.0486,0.8,0,1
231158,player,2.70285,10.632,0.317428,0.00622311,1
231158,flyer3,10.5,6.82165,-0.3,0,2
231161,flyer4,15.2725,5.9596,-0.245509,-0.172411,2
231161,bullet5,6.83002,10.612,0.8,0,1
231161,bullet6,3.02827,11.126,-0.8,-6.99382e-08,1
231162,bullet4,16.0003,10.0486,0.8,0,1
231163,player,3.54624,11.2255,0.0366121,0.0308695,1
231163,flyer3,9,6.82165,-0.3,0,2
231163,bullet1,3.94624,11.2255,0.8,0,1
231164,bullet2,3.96272,11.2394,0.8,0,1
231166,flyer4,14.0449,5.09754,-0.245509,-0.172411,2
231166,bullet5,10.83,10.612,0.8,0,1
231166,bullet3,3.17347,11.2484,-0.8,-6.99382e-08,1
231168,player,3.08627,10.7609,-0.151199,-0.151305,1
231168,flyer3,7.5,6.82165,-0.3,0,2
231168,bullet1,7.94624,11.2255,0.8,0,1
231169,bullet2,7.96272,11.2394,0.8,0,1
231171,flyer4,12.8174,4.23549,-0.245509,-0.172411,2
231171,bullet5,14.83,10.612,0.8,0,1
231173,player,2.40712,9.74416,-0.0711338,-0.408636,1
231173,flyer3,5.99999,6.82165,-0.3,0,2
231173,bullet1,11.9462,11.2255,0.8,0,1
231174,bullet2,11.9627,11.2394,0.8,0,1
231174,bullet4,2.77511,9.56027,0.8,0,1
231176,flyer4,11.5898,3.37343,-0.245509,-0.172411,2
231178,player,3.17687,8.92662,0.488062,-0.159415,1
231178,flyer3,4.49999,6.82165,-0.3,0,2
231178,bullet1,15.9462,11.2255,0.8,0,1
231179,bullet2,15.9627,11.2394,0.8,0,1
231179,bullet4,6.77511,9.56027,0.8,0,1
231180,flyer5,16.5,6.59659,-0.3,0,2
231181,flyer4,10.3623,2.51138,-0.245509,-0.172411,2
231181,bullet6,4.42918,8.3187,0.8,0,1
231183,player,4.1573,8.21012,0.0397608,-0.0336964,1
231183,flyer3,2.99999,6.82165,-0.3,0,2
231183,bullet3,4.5573,8.21012,0.8,0,1
231184,bullet4,10.7751,9.56027,0.8,0,1
231185,flyer5,15,6.59659,-0.3,0,2
231186,flyer4,9.13475,1.64932,-0.245509,-0.172411,2
231186,bullet6,8.42918,8.3187,0.8,0,1
231186,bullet5,4.58687,7.62734,0.8,0,1
231188,player,4.18923,7.58074,0.000733699,-0.0144614,1
231188,flyer3,1.49999,6.82165,-0.3,0,2
231188,bullet3,8.5573,8.21012,0.8,0,1
231189,bullet4,14.7751,9.56027,0.8,0,1
231190,flyer5,13.5,6.59659,-0.3,0,2
231191,flyer4,7.90721,0.787269,-0.245509,-0.172411,2
231191,bullet6,12.4292,8.3187,0.8,0,1
231191,bullet5,8.58687,7.62734,0.8,0,1
231193,player,3.60135,8.1576,-0.0307411,0.0304878,1
231193,flyer3,-6.4373e-06,6.82165,-0.3,0,2
231193,bullet3,12.5573,8.21012,0.8,0,1
231193,bullet1,4.00135,8.1576,0.8,0,1
231195,flyer5,12,6.59659,-0.3,0,2
231196,flyer4,6.67967,-0.0747864,-0.245509,-0.172411,2
231196,bullet5,12.5869,7.62734,0.8,0,1
231198,player,3.23916,8.18208,-0.338067,0.000562586,1
231198,bullet1,8.00135,8.1576,0.8,0,1
231199,flyer6,16.5,14.7968,-0.3,0,2
231200,flyer5,10.5,6.59659,-0.3,0,2
231201,flayer7,16.5,14.7968,-0.3,0,2
231201,bullet2,2.8984,8.67187,0.8,0,1
231203,player,2.0417,9.1085,-0.374493,0.368265,1
231203,bullet1,12.0014,8.1576,0.8,0,1
231204,flyer6,15,14.7968,-0.3,0,2
231205,flyer5,9,6.59659,-0.3,0,2
231206,flayer7,15,14.7968,-0.3,0,2
231206,bullet2,6.8984,8.67187,0.8,0,1
231207,bullet4,2.70558,9.95518,0.8,0,1
231208,player,2.32942,9.99273,0.0238442,0.0375502,1
231208,bullet1,16.0014,8.1576,0.8,0,1
231208,bullet6,2.72942,9.99273,0.8,0,1
231209,flyer6,13.5,14.7968,-0.3,0,2
231210,flyer5,7.5,6.59659,-0.3,0,2
231210,bullet3,1.94498,10.0172,-0.8,-6.99382e-08,1
231211,flayer7,13.5,14.7968,-0.3,0,2
231211,bullet2,10.8984,8.67187,0.8,0,1
231212,bullet4,6.70558,9.95518,0.8,0,1
231213,player,2.34857,10.0229,0.000439993,0.000692907,1
231213,bullet6,6.72942,9.99273,0.8,0,1
231213,bullet5,2.74857,10.0229,0.8,0,1
231214,flyer6,12,14.7968,-0.3,0,2
231215,flyer5,5.99999,6.59659,-0.3,0,2
231216,flayer7,12,14.7968,-0.3,0,2
231216,bullet2,14.8984,8.67187,0.8,0,1
231217,bullet4,10.7056,9.95518,0.8,0,1
231218,player,3.08927,10.0234,-0.154862,1.27861e-05,1
231218,bullet6,10.7294,9.99273,0.8,0,1
231218,bullet5,6.74857,10.0229,0.8,0,1
231219,flyer6,10.5,14.7968,-0.3,0,2
231220,flyer5,4.49999,6.59659,-0.3,0,2
231220,bullet1,3.38822,10.0235,0.8,0,1
231221,flayer7,10.5,14.7968,-0.3,0,2
231222,bullet4,14.7056,9.95518,0.8,0,1
231223,player,2.9649,10.0235,-0.00285764,2.35939e-07,1
231223,bullet6,14.7294,9.99273,0.8,0,1
231223,bullet5,10.7486,10.0229,0.8,0,1
231224,flyer6,9,14.7968,-0.3,0,2
231225,flyer5,2.99999,6.59659,-0.3,0,2
231225,bullet1,7.38822,10.0235,0.8,0,1
231226,flayer7,9,14.7968,-0.3,0,2
231227,bullet3,2.21647,9.43498,0.8,0,1
231228,player,1.77182,9.42114,-0.044647,-0.0138396,1
231228,bullet5,14.7486,10.0229,0.8,0,1
231229,flyer6,7.5,14.7968,-0.3,0,2
231230,flyer5,1.49999,6.59659,-0.3,0,2
231230,bullet1,11.3882,10.0235,0.8,0,1
231231,flayer7,7.5,14.7968,-0.3,0,2
231231,bullet2,2.13862,8.85313,0.8,0,1
231232,bullet3,6.21647,9.43498,0.8,0,1
231233,player,1.73597,8.31833,-0.000823863,-0.16597,1
231234,flyer6,5.99999,14.7968,-0.3,0,2
231235,flyer5,-6.4373e-06,6.59659,-0.3,0,2
231235,bullet1,15.3882,10.0235,0.8,0,1
231236,flayer7,5.99999,14.7968,-0.3,0,2
231236,bullet2,6.13862,8.85313,0.8,0,1
231237,bullet3,10.2165,9.43498,0.8,0,1
231238,player,0.544518,7.69567,-0.0446095,-0.154938,1
231238,bullet4,0.944518,7.69567,0.8,0,1
231239,flyer6,4.49999,14.7968,-0.3,0,2
231241,flayer7,4.49999,14.7968,-0.3,0,2
231241,bullet2,10.1386,8.85313,0.8,0,1
231242,bullet3,14.2165,9.43498,0.8,0,1
231242,bullet6,0.909516,7.5741,0.8,0,1
231243,player,0.508693,7.57124,-0.000823171,-0.00285903,1
231243,bullet4,4.94452,7.69567,0.8,0,1
231244,flyer6,2.99999,14.7968,-0.3,0,2
231246,flayer7,2.99999,14.7968,-0.3,0,2
231246,bullet2,14.1386,8.85313,0.8,0,1
231247,bullet6,4.90952,7.5741,0.8,0,1
231248,player,1.58588,7.56895,0.182615,-5.27572e-05,1
231248,bullet4,8.94452,7.69567,0.8,0,1
231248,bullet5,1.98588,7.56895,0.8,0,1
231249,flyer6,1.49999,14.7968,-0.3,0,2
231251,flayer7,1.49999,14.7968,-0.3,0,2
231252,bullet6,8.90952,7.5741,0.8,0,1
231253,player,2.22191,7.4698,0.155245,0.121119,1
231253,bullet4,12.9445,7.69567,0.8,0,1
231253,bullet5,5.98588,7.56895,0.8,0,1
231254,flyer6,-6.4373e-06,14.7968,-0.3,0,2
231255,bullet1,2.72321,8.03821,0.8,0,1
231256,flayer7,-6.4373e-06,14.7968,-0.3,0,2
231257,bullet6,12.9095,7.5741,0.8,0,1
231258,player,2.00908,8.50688,-0.334635,0.353575,1
231258,bullet4,16.9445,7.69567,0.8,0,1
231258,bullet5,9.98588,7.56895,0.8,0,1
231259,flayer8,16.5,9.85139,-0.3,0,2
231260,bullet1,6.72321,8.03821,0.8,0,1
231260,bullet3,2.19073,8.73759,0.8,0,1
231263,player,1.25097,9.2802,-0.15805,0.158399,1
231263,bullet5,13.9859,7.56895,0.8,0,1
231264,flayer8,15,9.85139,-0.3,0,2
231265,bullet1,10.7232,8.03821,0.8,0,1
231265,bullet3,6.19073,8.73759,0.8,0,1
231265,bullet2,1.05847,9.87293,0.8,0,1
231268,player,0.4,10.4991,-0,0.168638,1
231268,bullet4,0.8,10.4991,0.8,0,1
231269,flayer8,13.5,9.85139,-0.3,0,2
231270,bullet1,14.7232,8.03821,0.8,0,1
231270,bullet3,10.1907,8.73759,0.8,0,1
231270,bullet2,5.05847,9.87293,0.8,0,1
231273,player,0.4,10.5662,0,0.0866431,1
231273,bullet4,4.8,10.4991,0.8,0,1
231274,flayer8,12,9.85139,-0.3,0,2
231274,bullet6,0.8,10.6052,0.8,0,1
231275,bullet3,14.1907,8.73759,0.8,0,1
231275,bullet2,9.05847,9.87293,0.8,0,1
231277,bullet5,0.557719,11.1919,-0.8,-6.99382e-08,1
231278,player,0.988474,11.2242,0.0307547,0.0323535,1
231278,bullet4,8.8,10.4991,0.8,0,1
231278,bullet1,1.38847,11.2242,0.8,0,1
231279,flayer8,10.5,9.85139,-0.3,0,0
231279,bullet6,4.8,10.6052,0.8,0,1
231283,player,0.4,12.3964,0,0.0996955,1
231283,bullet1,5.38847,11.2242,0.8,0,1
231284,flyer1,16.5,4.11475,-0.235005,-0.186475,2
231284,bullet6,8.8,10.6052,0.8,0,1
231284,bullet2,0.8,12.4413,0.8,0,1
231285,bullet3,0.8,12.4615,0.8,0,1
231288,player,0.4,12.4765,0,0.00183966,1
231288,bullet1,9.38847,11.2242,0.8,0,1
231289,flyer1,15.325,3.18238,-0.235005,-0.186475,2
231289,bullet6,12.8,10.6052,0.8,0,1
231289,bullet2,4.8,12.4413,0.8,0,1
231290,bullet3,4.8,12.4615,0.8,0,1
231293,player,1.44709,10.8286,0.220219,-0.234024,1
231293,bullet1,13.3885,11.2242,0.8,0,1
231294,flyer1,14.15,2.25001,-0.235005,-0.186475,2
231294,bullet2,8.8,12.4413,0.8,0,1
231295,bullet3,8.8,12.4615,0.8,0,1
231295,bullet4,1.99079,10.6759,0.8,0,1
231297,bullet5,2.01988,10.6449,0.8,0,1
231298,player,1.62395,10.6406,0.00406366,-0.00431841,1
231299,flyer1,12.9749,1.31764,-0.235005,-0.186475,2
231299,bullet2,12.8,12.4413,0.8,0,1
231300,bullet3,12.8,12.4615,0.8,0,1
231300,bullet4,5.99079,10.6759,0.8,0,1
231302,bullet5,6.01988,10.6449,0.8,0,1
231303,player,1.62721,10.1478,7.49859e-05,-0.151955,1
231304,flyer1,11.7999,0.385262,-0.235005,-0.186475,2
231305,flyer2,16.5,4.11475,-0.3,0,2
231305,bullet4,9.99079,10.6759,0.8,0,1
231306,bullet6,2.02727,10.0348,0.8,0,1
231307,bullet5,10.0199,10.6449,0.8,0,1
231308,player,1.28977,10.3632,-0.337499,0.334696,1
231309,bullet1,1.5379,10.5139,0.8,0,1
231310,flyer2,15,4.11475,-0.3,0,2
231310,bullet4,13.9908,10.6759,0.8,0,1
231311,bullet6,6.02727,10.0348,0.8,0,1
231312,bullet5,14.0199,10.6449,0.8,0,1
231313,player,1.01873,10.632,-0.0062278,0.00617608,1
231314,bullet1,5.5379,10.5139,0.8,0,1
231314,bullet2,1.41593,10.6348,0.8,0,1
231315,flyer2,13.5,4.11475,-0.3,0,2
231316,bullet6,10.0273,10.0348,0.8,0,1
231316,bullet3,1.4141,10.6366,0.8,0,1
231318,player,1.35123,10.637,0.337385,0.000113966,1
231319,bullet1,9.5379,10.5139,0.8,0,1
231319,bullet2,5.41593,10.6348,0.8,0,1
231320,flyer2,12,4.11475,-0.3,0,2
231321,bullet6,14.0273,10.0348,0.8,0,1
231321,bullet3,5.4141,10.6366,0.8,0,1
231323,player,1.62218,10.3723,0.0062257,0.323662,1
231324,bullet1,13.5379,10.5139,0.8,0,1
231324,bullet2,9.41593,10.6348,0.8,0,1
231325,flyer2,10.5,4.11475,-0.3,0,2
231325,bullet4,2.02624,10.5835,0.8,0,1
231326,bullet3,9.4141,10.6366,0.8,0,1
231328,player,1.62718,10.6322,0.000114882,0.00597248,1
231328,bullet5,2.02718,10.6322,0.8,0,1
231329,bullet2,13.4159,10.6348,0.8,0,1
231330,flyer2,9,4.11475,-0.3,0,2
231330,bullet4,6.02624,10.5835,0.8,0,1
231331,bullet3,13.4141,10.6366,0.8,0,1
231333,player,1.96477,10.637,0.337502,0.000110209,1
231333,bullet5,6.02718,10.6322,0.8,0,1
231335,flyer2,7.5,4.11475,-0.3,0,2
231335,flyer3,16.5,4.11475,-0.220118,0.203833,2
231335,bullet4,10.0262,10.5835,0.8,0,1
231335,bullet6,2.58499,10.6371,0.8,0,1
231338,player,2.79353,10.6371,0.0745716,2.03367e-06,1
231338,bullet5,10.0272,10.6322,0.8,0,1
231338,bullet1,3.19353,10.6371,0.8,0,1
231340,flyer2,5.99999,4.11475,-0.3,0,2
231340,flyer3,15.3994,5.13392,-0.220118,0.203833,2
231340,bullet4,14.0262,10.5835,0.8,0,1
231340,bullet6,6.58499,10.6371,0.8,0,1
231343,player,2.6332,10.6371,0.270532,3.75269e-08,1
231343,bullet5,14.0272,10.6322,0.8,0,1
231343,bullet1,7.19353,10.6371,0.8,0,1
231345,flyer2,4.49999,4.11475,-0.3,0,2
231345,flyer3,14.2988,6.15308,-0.220118,0.203833,2
231345,bullet6,10.585,10.6371,0.8,0,1
231345,bullet2,3.20972,10.6371,0.8,0,1
231346,bullet3,2.43437,10.6371,-0.8,-6.99382e-08,1
231348,player,2.85046,10.6371,0.00499208,6.92477e-10,1
231348,bullet1,11.1935,10.6371,0.8,0,1
231350,flyer2,2.99999,4.11475,-0.3,0,2
231350,flyer3,13.1982,7.17225,-0.220118,0.203833,2
231350,bullet6,14.585,10.6371,0.8,0,1
231350,bullet2,7.20972,10.6371,0.8,0,1
231353,player,3.34384,10.6371,0.151967,1.27781e-11,1
231353,bullet1,15.1935,10.6371,0.8,0,1
231355,flyer2,1.49999,4.11475,-0.3,0,2
231355,flyer3,12.0976,8.19142,-0.220118,0.203833,2
231355,flyer4,16.5,9.34254,-0.3,0,2
231355,bullet2,11.2097,10.6371,0.8,0,1
231355,bullet4,3.843,10.6371,0.8,0,1
231358,player,3.6861,10.4169,-0.266352,0.269156,1
231360,flyer2,-6.4373e-06,4.11475,-0.3,0,2
231360,flyer3,10.997,9.21058,-0.220118,0.203833,2
231360,flyer4,15,9.34254,-0.3,0,2
231360,bullet2,15.2097,10.6371,0.8,0,1
231360,bullet4,7.843,10.6371,0.8,0,1
231362,bullet5,4.43483,10.6281,0.8,0,1
231363,player,3.72317,10.633,-0.31166,0.00496669,1
231365,flyer3,9.89645,10.2298,-0.220118,0.203833,1
231365,flyer4,13.5,9.34254,-0.3,0,2
231367,bullet5,8.43483,10.6281,0.8,0,1
231368,player,4.06136,10.637,0.0250037,9.16494e-05,1
231370,flyer4,12,9.34254,-0.3,0,2
231370,flyer5,16.5,9.34254,-0.3,0,2
231370,bullet3,3.9883,10.1477,0.8,0,1
231372,bullet6,3.8925,10.0486,0.8,0,1
231373,player,3.47912,10.0348,-0.0133782,-0.0138379,1
231373,bullet1,3.87912,10.0348,0.8,0,1
231375,flyer4,10.5,9.34254,-0.3,0,2
231375,flyer5,15,9.34254,-0.3,0,2
231375,bullet3,7.9883,10.1477,0.8,0,1
231377,bullet6,7.8925,10.0486,0.8,0,1
231378,player,2.87991,10.0544,-0.0310016,-0.0378444,1
231378,bullet1,7.87913,10.0348,0.8,0,1
231378,bullet2,3.27991,10.0544,0.8,0,1
231380,flyer5,13.5,9.34254,-0.3,0,2
231383,player,2.51751,10.2486,-0.338072,0.474837,1
231383,bullet2,7.27991,10.0544,0.8,0,1
231385,flyer5,12,9.34254,-0.3,0,2
231385,flyer6,16.5,9.34254,-0.3,0,2
231385,bullet4,2.69692,10.5584,0.8,0,1
231388,player,1.68829,11.1876,-0.0745821,0.0771058,1
231388,bullet5,2.08829,11.1876,0.8,0,1
231390,flyer5,10.5,9.34254,-0.3,0,1
231390,flyer6,15,9.34254,-0.3,0,2
231390,bullet4,6.69692,10.5584,0.8,0,1
231391,bullet3,1.47511,11.8027,0.8,0,1
231393,player,0.536708,11.3625,-0.167091,-0.136613,1
231393,bullet5,6.08829,11.1876,0.8,0,1
231394,bullet6,0.861518,11.301,0.8,0,1
231395,flyer5,9,9.34254,-0.3,0,1
231395,flyer6,13.5,9.34254,-0.3,0,2
231395,bullet4,10.6969,10.5584,0.8,0,1
231396,bullet3,5.47511,11.8027,0.8,0,1
231398,player,0.40252,10.9153,-0.0030833,-0.340021,1
231398,bullet5,10.0883,11.1876,0.8,0,1
231399,bullet6,4.86152,11.301,0.8,0,1
231400,flyer5,7.5,9.34254,-0.3,0,1
231400,flyer6,12,9.34254,-0.3,0,2
231400,bullet4,14.6969,10.5584,0.8,0,1
231401,bullet3,9.47511,11.8027,0.8,0,1
231403,player,0.4,9.70242,-0,-0.357614,1
231403,bullet5,14.0883,11.1876,0.8,0,1
231404,bullet6,8.86152,11.301,0.8,0,1
231405,flyer5,5.99999,9.34254,-0.3,0,1
231405,flyer6,10.5,9.34254,-0.3,0,2
231405,bullet1,0.8,9.46907,0.8,0,1
231406,bullet3,13.4751,11.8027,0.8,0,1
231406,bullet2,0.8,9.43648,0.8,0,1
231408,player,0.4,9.41522,0,-0.00659898,1
231409,bullet6,12.8615,11.301,0.8,0,1
231409,bullet4,0.8,9.41225,0.8,0,1
231410,flyer6,9,9.34254,-0.3,0,2
231411,bullet2,4.8,9.43648,0.8,0,1
231412,bullet5,0.8,9.89942,0.8,0,1
231413,player,0.4,9.96764,0,0.068222,1
231414,bullet4,4.8,9.41225,0.8,0,1
231415,flyer6,7.5,9.34254,-0.3,0,1
231415,bullet1,0.8,10.0122,0.8,0,1
231416,bullet3,0.8,10.0184,0.8,0,1
231417,bullet5,4.8,9.89942,0.8,0,1
231418,player,0.4,10.0224,0,0.00125889,1
231418,bullet6,0.8,10.0224,0.8,0,1
231420,bullet1,4.8,10.0122,0.8,0,1
231421,bullet3,4.8,10.0184,0.8,0,1
231422,bullet5,8.8,9.89942,0.8,0,1
231423,player,0.4,10.3609,-0,0.337523,1
231423,bullet6,4.8,10.0224,0.8,0,1
231425,bullet1,8.8,10.0122,0.8,0,1
231426,bullet3,8.8,10.0184,0.8,0,1
231427,bullet5,12.8,9.89942,0.8,0,1
231428,player,0.4,9.73679,0,-0.399615,1
231428,bullet6,8.8,10.0224,0.8,0,1
231430,bullet1,12.8,10.0122,0.8,0,1
231431,bullet3,12.8,10.0184,0.8,0,1
231432,flayer7,16.5,5.00009,-0.3,0,2
231433,player,0.889375,9.41586,0.151875,-0.00737403,1
231433,bullet6,12.8,10.0224,0.8,0,1
231433,bullet2,0.489375,9.41586,-0.8,-6.99382e-08,1
231435,flayer8,16.5,9.34254,-0.3,0,2
231435,bullet4,1.38847,9.41105,0.8,0,1
231437,flayer7,15,5.00009,-0.3,0,2
231438,player,0.791125,8.85222,0.271959,-0.0684798,1
231440,bullet4,5.38847,9.41105,0.8,0,1
231442,flyer1,16.5,9.34254,-0.293247,0.0632923,2
231442,flayer7,13.5,5.00009,-0.3,0,2
231443,player,0.520155,7.70553,-0.146857,-0.166978,1
231443,flyer2,16.5,2.86022,-0.3,0,2
231444,bullet5,0.85407,7.63039,0.8,0,1
231445,bullet4,9.38847,9.41105,0.8,0,1
231446,bullet1,0.810949,7.58136,0.8,0,1
231447,flyer1,15.0338,9.65901,-0.293247,0.0632923,2
231447,flayer7,12,5.00009,-0.3,0,2
231448,player,0.402217,7.57144,-0.00270992,-0.00308122,1
231448,flyer2,15,2.86022,-0.3,0,2
231448,bullet2,0.802217,7.57144,0.8,0,1
231449,bullet5,4.85407,7.63039,0.8,0,1
231451,bullet1,4.81095,7.58136,0.8,0,1
231452,flyer1,13.5675,9.97547,-0.293247,0.0632923,1
231452,flayer7,10.5,5.00009,-0.3,0,2
231452,bullet3,0.8,8.15749,0.8,0,1
231453,player,0.4,8.17127,0,0.0137828,1
231453,flyer2,13.5,2.86022,-0.3,0,2
231453,bullet2,4.80222,7.57144,0.8,0,1
231454,bullet5,8.85407,7.63039,0.8,0,1
231456,bullet1,8.81095,7.58136,0.8,0,1
231457,flyer1,12.1013,10.2919,-0.293247,0.0632923,1
231457,flayer7,9,5.00009,-0.3,0,2
231457,bullet3,4.8,8.15749,0.8,0,1
231458,player,0.889375,8.29528,0.151875,-0.137781,1
231458,flyer2,12,2.86022,-0.3,0,2
231458,bullet2,8.80222,7.57144,0.8,0,1
231459,bullet5,12.8541,7.63039,0.8,0,1
231461,bullet1,12.811,7.58136,0.8,0,1
231462,flyer1,10.6351,10.6084,-0.293247,0.0632923,1
231462,flayer7,7.5,5.00009,-0.3,0,2
231462,bullet3,8.8,8.15749,0.8,0,1
231463,player,0.966749,8.78694,0.0573067,0.0112972,1
231463,flyer2,10.5,2.86022,-0.3,0,2
231463,bullet2,12.8022,7.57144,0.8,0,1
231465,bullet6,1.89352,8.79432,0.8,0,1
231467,flyer1,9.16882,10.9249,-0.293247,0.0632923,1
231467,flayer7,5.99999,5.00009,-0.3,0,2
231467,bullet3,12.8,8.15749,0.8,0,1
231467,bullet4,2.00019,8.79581,0.8,0,1
231468,player,1.61508,8.79602,0.0148971,0.000208464,1
231468,flyer2,9,2.86022,-0.3,0,2
231469,bullet5,2.02179,8.79611,0.8,0,1
231470,bullet6,5.89352,8.79432,0.8,0,1
231472,flyer1,7.70258,11.2413,-0.293247,0.0632923,1
231472,flayer7,4.49999,5.00009,-0.3,0,2
231472,bullet4,6.00019,8.79581,0.8,0,1
231473,player,1.13767,9.28556,-0.1516,0.151879,1
231473,flyer2,7.5,2.86022,-0.3,0,2
231474,bullet5,6.02179,8.79611,0.8,0,1
231475,bullet6,9.89352,8.79432,0.8,0,1
231475,bullet1,1.43875,9.38466,0.8,0,1
231477,flyer1,6.23634,11.5578,-0.293247,0.0632923,1
231477,flayer7,2.99999,5.00009,-0.3,0,2
231477,bullet4,10.0002,8.79581,0.8,0,1
231478,player,1.57364,9.96525,0.0655463,0.0711463,1
231478,flyer2,5.99999,2.86022,-0.3,0,2
231479,bullet5,10.0218,8.79611,0.8,0,1
231480,bullet6,13.8935,8.79432,0.8,0,1
231480,bullet1,5.43875,9.38466,0.8,0,1
231482,flyer1,4.77011,11.8742,-0.293247,0.0632923,1
231482,flayer7,1.49999,5.00009,-0.3,0,2
231482,bullet4,14.0002,8.79581,0.8,0,1
231483,player,2.184,9.46467,0.0695533,-0.0670309,1
231483,flyer2,4.49999,2.86022,-0.3,0,2
231484,bullet5,14.0218,8.79611,0.8,0,1
231485,bullet1,9.43876,9.38466,0.8,0,1
231485,bullet2,2.62939,9.42094,0.8,0,1
231486,bullet3,2.63572,9.41483,0.8,0,1
231487,flyer1,3.30387,12.1907,-0.293247,0.0632923,1
231487,flayer7,-6.4373e-06,5.00009,-0.3,0,2
231488,player,2.23986,9.41084,0.00128345,-0.00123691,1
231488,flyer2,2.99999,2.86022,-0.3,0,2
231488,bullet6,1.83986,9.41084,-0.8,-6.99382e-08,1
231490,bullet1,13.4388,9.38466,0.8,0,1
231490,bullet2,6.62939,9.42094,0.8,0,1
231491,bullet3,6.63573,9.41483,0.8,0,1
231491,bullet4,2.64082,9.40992,0.8,0,1
231492,flyer1,1.83763,12.5072,-0.293247,0.0632923,1
231493,player,2.24089,9.40985,2.36833e-05,-2.28244e-05,1
231493,flyer2,1.49999,2.86022,-0.3,0,2
231495,bullet2,10.6294,9.42094,0.8,0,1
231496,bullet3,10.6357,9.41483,0.8,0,1
231496,bullet4,6.64082,9.40992,0.8,0,1
231497,flyer1,0.371393,12.8236,-0.293247,0.0632923,1
231498,player,1.68319,9.40983,-0.0683433,-4.21175e-07,1
231498,flyer2,-6.4373e-06,2.86022,-0.3,0,2
231498,bullet5,2.08319,9.40983,0.8,0,1
231500,bullet2,14.6294,9.42094,0.8,0,1
231501,bullet3,14.6357,9.41483,0.8,0,1
231501,bullet4,10.6408,9.40992,0.8,0,1
231503,player,1.07059,9.40983,-0.0696049,-7.77187e-09,1
231503,flyer3,16.5,2.86022,-0.226372,0.196865,2
231503,bullet5,6.08319,9.40983,0.8,0,1
231503,bullet6,1.47059,9.40983,0.8,0,1
231506,bullet4,14.6408,9.40992,0.8,0,1
231508,player,0.426217,8.82136,-0.0320391,-0.0307547,1
231508,flyer3,15.3681,3.84455,-0.226372,0.196865,2
231508,bullet5,10.0832,9.40983,0.8,0,1
231508,bullet6,5.47059,9.40983,0.8,0,1
231508,bullet1,0.826217,8.82136,0.8,0,1
231509,bullet2,0.811799,8.80752,0.8,0,1
231513,player,0.4,8.30728,0,-0.152442,1
231513,flyer3,14.2363,4.82887,-0.226372,0.196865,2
231513,bullet5,14.0832,9.40983,0.8,0,1
231513,bullet6,9.47059,9.40983,0.8,0,1
231513,bullet1,4.82622,8.82136,0.8,0,1
231514,bullet2,4.8118,8.80752,0.8,0,1
231516,bullet3,0.8,8.19392,0.8,0,1
231518,player,0.4,8.18485,0,-0.00281299,1
231518,flyer3,13.1044,5.81319,-0.226372,0.196865,2
231518,bullet6,13.4706,9.40983,0.8,0,1
231518,bullet1,8.82622,8.82136,0.8,0,1
231519,bullet2,8.8118,8.80752,0.8,0,1
231521,bullet3,4.8,8.19392,0.8,0,1
231523,player,0.4,8.77107,0,0.0307028,1
231523,flyer3,11.9726,6.79751,-0.226372,0.196865,2
231523,bullet1,12.8262,8.82136,0.8,0,1
231523,bullet4,0,8.77107,-0.8,-6.99382e-08,1
231524,bullet2,12.8118,8.80752,0.8,0,1
231525,bullet5,0.8,8.79111,0.8,0,1
231526,bullet3,8.8,8.19392,0.8,0,1
231528,player,0.957719,8.23801,0.0683438,-0.0677772,1
231528,flyer3,10.8407,7.78184,-0.226372,0.196865,1
231530,flyer4,16.5,2.86022,-0.3,0,2
231530,bullet5,4.8,8.79111,0.8,0,1
231533,player,0.4,8.04555,-0.235599,0.167459,1
231533,flyer3,9.70885,8.76616,-0.226372,0.196865,1
231533,flyer5,16.5,12.1733,-0.256087,0.156267,2
231535,flyer4,15,2.86022,-0.3,0,2
231536,bullet6,0.8,8.17007,0.8,0,1
231538,player,0.4,8.18003,0,0.00309009,1
231538,flyer5,15.2196,12.9546,-0.256087,0.156267,2
231538,bullet4,0.8,8.18003,0.8,0,1
231540,flyer4,13.5,2.86022,-0.3,0,2
231541,bullet6,4.8,8.17007,0.8,0,1
231542,bullet1,0.8,7.62473,0.8,0,1
231543,player,0.4,7.59404,0,-0.0306977,1
231543,flyer5,13.9391,13.736,-0.256087,0.156267,2
231543,bullet4,4.8,8.18003,0.8,0,1
231543,bullet2,0,7.59404,-0.8,-6.99382e-08,1
231545,flyer4,12,2.86022,-0.3,0,2
231546,bullet6,8.8,8.17007,0.8,0,1
231547,bullet1,4.8,7.62473,0.8,0,1
231547,bullet3,1.35772,7.56995,0.8,0,1
231548,player,0.988474,7.56938,0.0307547,-0.000566458,1
231548,flyer5,12.6587,14.5173,-0.256087,0.156267,2
231548,bullet4,8.8,8.18003,0.8,0,1
231550,flyer4,10.5,2.86022,-0.3,0,2
231551,bullet6,12.8,8.17007,0.8,0,1
231552,bullet1,8.8,7.62473,0.8,0,1
231552,bullet3,5.35772,7.56995,0.8,0,1
231553,player,1.50255,8.64678,0.152442,0.182619,1
231553,flyer5,11.3783,15.2986,-0.256087,0.156267,2
231553,bullet4,12.8,8.18003,0.8,0,1
231555,flyer4,9,2.86022,-0.3,0,2
231557,bullet1,12.8,7.62473,0.8,0,1
231557,bullet3,9.35772,7.56995,0.8,0,1
231557,bullet5,2.02216,8.79006,0.8,0,1
231558,player,1.62497,8.79343,0.00281299,0.00336984,1
231558,flyer5,10.0978,16.08,-0.256087,0.156267,2
231559,bullet2,2.02624,8.79495,0.8,0,1
231560,flyer4,7.5,2.86022,-0.3,0,2
231562,bullet3,13.3577,7.56995,0.8,0,1
231562,bullet5,6.02216,8.79006,0.8,0,1
231562,bullet6,2.51655,8.79608,0.8,0,1
231563,player,2.18495,8.79614,0.0683957,6.2183e-05,1
231564,bullet2,6.02624,8.79495,0.8,0,1
231565,flyer4,5.99999,2.86022,-0.3,0,2
231567,bullet5,10.0222,8.79006,0.8,0,1
231567,bullet6,6.51655,8.79608,0.8,0,1
231568,player,1.68216,8.79618,-0.0670817,1.14745e-06,1
231569,bullet2,10.0262,8.79495,0.8,0,1
231569,bullet4,2.05197,8.79618,0.8,0,1
231570,flyer4,4.49999,2.86022,-0.3,0,2
231572,bullet5,14.0222,8.79006,0.8,0,1
231572,bullet6,10.5166,8.79608,0.8,0,1
231573,player,2.186,8.23846,0.0671059,-0.0683437,1
231574,bullet2,14.0262,8.79495,0.8,0,1
231574,bullet4,6.05197,8.79618,0.8,0,1
231575,flyer4,2.99999,2.86022,-0.3,0,2
231577,flyer6,16.5,12.1733,-0.3,0,2
231577,bullet6,14.5166,8.79608,0.8,0,1
231577,bullet1,2.05018,8.08574,0.8,0,1
231578,player,1.63758,8.13898,-0.0126013,0.053243,1
231579,bullet4,10.052,8.79618,0.8,0,1
231580,flyer4,1.49999,2.86022,-0.3,0,2
231582,flyer6,15,12.1733,-0.3,0,2
231582,bullet1,6.05018,8.08574,0.8,0,1
231583,player,1.58287,8.25008,0.0542716,-0.0825488,1
231584,bullet4,14.052,8.79618,0.8,0,1
231584,bullet3,2.00729,8.21293,0.8,0,1
231585,flyer4,-6.4373e-06,2.86022,-0.3,0,2
231587,flyer6,13.5,12.1733,-0.3,0,2
231587,bullet1,10.0502,8.08574,0.8,0,1
231587,bullet5,1.71483,8.18531,-0.8,-6.99382e-08,1
231588,player,2.18417,8.18379,0.0693452,-0.00152326,1
231589,bullet3,6.00729,8.21293,0.8,0,1
231589,bullet2,2.61538,8.1831,0.8,0,1
231592,flyer6,12,12.1733,-0.3,0,2
231592,bullet1,14.0502,8.08574,0.8,0,1
231593,player,2.82834,7.84507,0.0320343,-0.337528,1
231594,bullet3,10.0073,8.21293,0.8,0,1
231594,bullet2,6.61538,8.1831,0.8,0,1
231595,flayer8,16.5,12.1733,-0.3,0,2
231596,bullet6,2.69444,7.59407,0.8,0,1
231597,flyer6,10.5,12.1733,-0.3,0,2
231597,bullet4,2.665,7.58023,0.8,0,1
231598,player,2.25175,7.574,-0.0132485,-0.00622834,1
231599,bullet3,14.0073,8.21293,0.8,0,1
231599,bullet2,10.6154,8.1831,0.8,0,1
231600,flayer8,15,12.1733,-0.3,0,2
231601,bullet6,6.69444,7.59407,0.8,0,1
231602,flyer6,9,12.1733,-0.3,0,2
231602,bullet4,6.665,7.58023,0.8,0,1
231603,player,2.24111,7.55516,-0.000244472,0.0168001,1
231603,bullet5,2.64111,7.55516,0.8,0,1
231604,bullet2,14.6154,8.1831,0.8,0,1
231605,flayer8,13.5,12.1733,-0.3,0,2
231606,bullet6,10.6944,7.59407,0.8,0,1
231607,flyer6,7.5,12.1733,-0.3,0,2
231607,bullet4,10.665,7.58023,0.8,0,1
231607,bullet1,2.64092,7.56834,0.8,0,1
231608,player,2.24091,7.56866,-4.51119e-06,0.00031001,1
231608,bullet5,6.64111,7.55516,0.8,0,1
231610,flayer8,12,12.1733,-0.3,0,2
231611,bullet6,14.6944,7.59407,0.8,0,1
231612,flyer6,5.99999,12.1733,-0.3,0,2
231612,bullet4,14.665,7.58023,0.8,0,1
231612,bullet1,6.64092,7.56834,0.8,0,1
231613,player,2.24091,7.5689,-8.32442e-08,5.72056e-06,1
231613,bullet5,10.6411,7.55516,0.8,0,1
231615,flayer8,10.5,12.1733,-0.3,0,2
231615,bullet3,1.35154,8.05828,-0.8,-6.99382e-08,1
231617,flyer6,4.49999,12.1733,-0.3,0,2
231617,bullet1,10.6409,7.56834,0.8,0,1
231618,player,1.9761,7.83372,0.32366,-0.32366,1
231618,bullet5,14.6411,7.55516,0.8,0,1
231619,bullet2,2.52174,7.68807,0.8,0,1
231620,flayer8,9,12.1733,-0.3,0,2
231622,flyer6,2.99999,12.1733,-0.3,0,2
231622,bullet1,14.6409,7.56834,0.8,0,1
231622,bullet6,3.11943,8.06914,0.8,0,1
231623,player,2.79374,8.13151,0.0743162,0.0623713,1
231624,bullet2,6.52175,7.68807,0.8,0,1
231625,flayer8,7.5,12.1733,-0.3,0,2
231626,bullet4,3.80673,7.62018,0.8,0,1
231627,flyer6,1.49999,12.1733,-0.3,0,2
231627,bullet6,7.11943,8.06914,0.8,0,1
231628,player,3.45574,7.57929,0.015211,-0.0126887,1
231628,bullet3,3.85574,7.57929,0.8,0,1
231629,bullet2,10.5217,7.68807,0.8,0,1
231630,flayer8,5.99999,12.1733,-0.3,0,2
231631,bullet4,7.80673,7.62018,0.8,0,1
231632,flyer6,-6.4373e-06,12.1733,-0.3,0,2
231632,bullet6,11.1194,8.06914,0.8,0,1
231633,player,2.86564,6.40907,-0.0135589,-0.0824175,1
231633,bullet3,7.85574,7.57929,0.8,0,1
231634,bullet2,14.5217,7.68807,0.8,0,1
231635,flayer8,4.49999,12.1733,-0.3,0,2
231636,bullet4,11.8067,7.62018,0.8,0,1
231637,bullet6,15.1194,8.06914,0.8,0,1
231638,player,4.00094,6.93135,0.0988482,0.0292339,1
231638,bullet3,11.8557,7.57929,0.8,0,1
231638,bullet5,4.40094,6.93135,0.8,0,1
231640,flayer8,2.99999,12.1733,-0.3,0,2
231641,bullet4,15.8067,7.62018,0.8,0,1
231642,flayer7,16.5,7.1294,-0.299907,-0.00745844,2
231643,player,3.52261,7.51255,-0.0665197,0.0688832,1
231643,bullet5,8.40094,6.93135,0.8,0,1
231643,bullet1,3.92261,7.51255,0.8,0,1
231645,flayer8,1.49999,12.1733,-0.3,0,2
231647,flayer7,15.0005,7.09211,-0.299907,-0.00745844,1
231648,player,4.02691,6.9794,0.0671163,-0.0294836,1
231648,bullet5,12.4009,6.93135,0.8,0,1
231648,bullet1,7.92261,7.51255,0.8,0,1
231648,bullet2,4.42691,6.9794,0.8,0,1
231650,flayer8,-6.4373e-06,12.1733,-0.3,0,2
231651,bullet6,3.98744,7.44685,0.8,0,1
231653,player,3.49233,7.5442,-0.0295162,0.0302106,1
231653,bullet1,11.9226,7.51255,0.8,0,1
231653,bullet2,8.42691,6.9794,0.8,0,1
231653,bullet4,3.09233,7.5442,-0.8,-6.99382e-08,1
231656,bullet6,7.98744,7.44685,0.8,0,1
231658,player,2.88015,6.97998,-0.0312993,-0.0301972,1
231658,flyer1,16.5,13.851,-0.3,0,2
231658,bullet1,15.9226,7.51255,0.8,0,1
231658,bullet2,12.4269,6.9794,0.8,0,1
231659,flyer2,16.5,13.851,-0.3,0,2
231659,bullet3,3.26607,6.9664,0.8,0,1
231660,bullet5,3.25973,6.96028,0.8,0,1
231661,bullet6,11.9874,7.44685,0.8,0,1
231663,player,2.85502,6.95573,-0.000577561,-0.000557224,1
231663,flyer1,15,13.851,-0.3,0,2
231664,flyer2,15,13.851,-0.3,0,2
231664,bullet3,7.26607,6.9664,0.8,0,1
231664,bullet4,3.25476,6.95548,0.8,0,1
231665,bullet5,7.25973,6.96028,0.8,0,1
231666,bullet6,15.9874,7.44685,0.8,0,1
231667,bullet1,3.74394,6.9553,0.8,0,1
231668,player,3.41227,6.95529,0.0683331,-1.02823e-05,1
231668,flyer1,13.5,13.851,-0.3,0,2
231669,flyer2,13.5,13.851,-0.3,0,2
231669,bullet3,11.2661,6.9664,0.8,0,1
231669,bullet4,7.25476,6.95548,0.8,0,1
231670,bullet5,11.2597,6.96028,0.8,0,1
231672,bullet1,7.74394,6.9553,0.8,0,1
231673,player,3.95652,6.95528,0.153136,-1.89738e-07,1
231673,flyer1,12,13.851,-0.3,0,2
231674,flyer2,12,13.851,-0.3,0,2
231674,bullet3,15.2661,6.9664,0.8,0,1
231674,bullet4,11.2548,6.95548,0.8,0,1
231675,bullet5,15.2597,6.96028,0.8,0,1
231676,bullet2,4.4704,6.95528,0.8,0,1
231677,bullet1,11.7439,6.9553,0.8,0,1
231677,bullet6,3.67668,6.95528,-0.8,-6.99382e-08,1
231678,player,4.07951,6.95528,0.00282579,-3.5012e-09,1
231678,flyer1,10.5,13.851,-0.3,0,2
231679,flyer2,10.5,13.851,-0.3,0,2
231679,bullet4,15.2548,6.95548,0.8,0,1
231681,bullet2,8.4704,6.95528,0.8,0,1
231681,bullet3,4.48161,6.95528,0.8,0,1
231682,bullet1,15.7439,6.9553,0.8,0,1
231682,bullet6,-0.323321,6.95528,-0.8,-6.99382e-08,1
231683,player,3.74428,7.29278,-0.337448,0.3375,1
231683,flyer1,9,13.851,-0.3,0,2
231684,flyer2,9,13.851,-0.3,0,2
231684,bullet5,3.99242,7.44466,0.8,0,1
231686,bullet2,12.4704,6.95528,0.8,0,1
231686,bullet3,8.48161,6.95528,0.8,0,1
231688,player,2.42618,7.56382,-0.226446,0.00622782,1
231688,flyer1,7.5,13.851,-0.3,0,2
231689,flyer2,7.5,13.851,-0.3,0,2
231689,bullet5,7.99242,7.44466,0.8,0,1
231690,bullet4,2.67843,7.56788,0.8,0,1
231691,bullet3,12.4816,6.95528,0.8,0,1
231691,bullet1,2.65779,7.56845,0.8,0,1
231693,player,1.90683,7.56882,-0.341679,0.000114921,1
231693,flyer1,5.99999,13.851,-0.3,0,2
231694,flyer2,5.99999,13.851,-0.3,0,2
231694,bullet5,11.9924,7.44466,0.8,0,1
231695,bullet4,6.67843,7.56788,0.8,0,1
231696,bullet1,6.65779,7.56845,0.8,0,1
231698,player,2.19015,7.52432,0.0620388,0.0545063,1
231698,flyer1,4.49999,13.851,-0.3,0,2
231699,flyer2,4.49999,13.851,-0.3,0,2
231699,bullet5,15.9924,7.44466,0.8,0,1
231700,bullet4,10.6784,7.56788,0.8,0,1
231700,bullet6,3.12001,7.07051,0.8,0,1
231701,bullet1,10.6578,7.56845,0.8,0,1
231703,player,2.84229,6.96578,0.0149844,-0.0128338,1
231703,flyer1,2.99999,13.851,-0.3,0,2
231703,bullet2,3.24229,6.96578,0.8,0,1
231704,flyer2,2.99999,13.851,-0.3,0,2
231705,bullet4,14.6784,7.56788,0.8,0,1
231705,bullet6,7.12001,7.07051,0.8,0,1
231706,bullet1,14.6578,7.56845,0.8,0,1
231708,player,2.2966,7.51319,-0.0680673,0.0681069,1
231708,flyer1,1.49999,13.851,-0.3,0,2
231708,bullet2,7.24229,6.96578,0.8,0,1
231709,flyer2,1.49999,13.851,-0.3,0,2
231710,bullet6,11.12,7.07051,0.8,0,1
231710,bullet3,2.65219,7.55763,0.8,0,1
231711,bullet5,2.64599,7.56384,0.8,0,1
231713,player,2.24194,7.56789,-0.00125603,0.00125676,1
231713,flyer1,-6.4373e-06,13.851,-0.3,0,2
231713,bullet2,11.2423,6.96578,0.8,0,1
231714,flyer2,-6.4373e-06,13.851,-0.3,0,2
231715,bullet6,15.12,7.07051,0.8,0,1
231715,bullet3,6.65219,7.55763,0.8,0,1
231716,bullet5,6.64599,7.56384,0.8,0,1
231717,flyer3,16.5,13.851,-0.266947,0.136892,2
231718,player,1.14924,9.2183,-0.165738,0.234082,1
231718,bullet2,15.2423,6.96578,0.8,0,1
231720,flyer5,16.5,10.89,-0.275093,-0.119683,2
231720,bullet3,10.6522,7.55763,0.8,0,1
231721,bullet5,10.646,7.56384,0.8,0,1
231722,flyer3,15.1653,14.5355,-0.266947,0.136892,2
231723,player,0.4,10.3015,-0,0.410163,1
231725,flyer5,15.1245,10.2916,-0.275093,-0.119683,2
231725,bullet3,14.6522,7.55763,0.8,0,1
231726,bullet5,14.646,7.56384,0.8,0,1
231727,flyer3,13.8305,15.2199,-0.266947,0.136892,2
231727,bullet4,1.38847,10.6233,0.8,0,1
231728,player,1.00231,10.6309,0.0138396,0.00756867,1
231728,bullet1,1.40231,10.6309,0.8,0,1
231730,flyer5,13.7491,9.6932,-0.275093,-0.119683,2
231731,bullet6,0.92323,10.6365,0.8,0,1
231732,flyer3,12.4958,15.9044,-0.266947,0.136892,2
231732,bullet4,5.38847,10.6233,0.8,0,1
231733,player,0.424954,10.637,-0.0304993,0.000139663,1
231733,bullet1,5.40231,10.6309,0.8,0,1
231734,bullet2,0.81123,10.637,0.8,0,1
231735,flyer5,12.3736,9.09479,-0.275093,-0.119683,2
231736,bullet6,4.92323,10.6365,0.8,0,1
231737,bullet4,9.38847,10.6233,0.8,0,1
231738,player,0.400461,10.6371,-0.000562798,2.57718e-06,1
231738,bullet1,9.40231,10.6309,0.8,0,1
231739,bullet2,4.81123,10.637,0.8,0,1
231740,flyer5,10.9981,8.49637,-0.275093,-0.119683,2
231741,bullet6,8.92323,10.6365,0.8,0,1
231742,bullet4,13.3885,10.6233,0.8,0,1
231743,player,0.400009,10.6371,-1.03852e-05,4.75562e-08,1
231743,bullet1,13.4023,10.6309,0.8,0,1
231744,bullet2,8.81123,10.637,0.8,0,1
231745,flyer5,9.62267,7.89796,-0.275093,-0.119683,2
231746,bullet6,12.9232,10.6365,0.8,0,1
231747,flyer4,16.5,10.89,-0.29982,-0.0103867,2
231748,player,0.4,11.7288,0,0.165715,1
231748,bullet3,0.8,11.7288,0.8,0,1
231749,bullet2,12.8112,10.637,0.8,0,1
231750,flyer5,8.24721,7.29954,-0.275093,-0.119683,2
231753,player,1.14035,12.2985,-0.15487,0.219438,1
231753,bullet3,4.8,11.7288,0.8,0,1
231755,flyer5,6.87174,6.70113,-0.275093,-0.119683,2
231755,bullet5,1.4393,12.4416,0.8,0,1
231757,flyer6,16.5,8.34244,-0.3,0,2
231758,player,0.458256,12.4747,-0.0712015,0.00404924,1
231758,bullet3,8.8,11.7288,0.8,0,1
231760,flyer5,5.49628,6.10271,-0.275093,-0.119683,2
231760,bullet5,5.4393,12.4416,0.8,0,1
231762,flyer6,15,8.34244,-0.3,0,2
231763,player,0.500174,11.7765,-0.122434,0.107355,1
231763,bullet3,12.8,11.7288,0.8,0,1
231765,flyer5,4.12082,5.5043,-0.275093,-0.119683,2
231765,bullet5,9.4393,12.4416,0.8,0,1
231767,flyer6,13.5,8.34244,-0.3,0,2
231767,bullet4,1.39258,10.7146,0.8,0,1
231768,player,1.00416,10.672,0.0115804,-0.0426133,1
231770,flyer5,2.74535,4.90589,-0.275093,-0.119683,2
231770,bullet5,13.4393,12.4416,0.8,0,1
231772,flyer6,12,8.34244,-0.3,0,2
231772,bullet4,5.39258,10.7146,0.8,0,1
231773,player,1.0273,12.3179,-0.0167014,0.195683,1
231774,flayer7,16.5,8.34244,-0.298345,0.0314726,2
231774,bullet1,1.41979,12.406,0.8,0,1
231775,flyer5,1.36989,4.30747,-0.275093,-0.119683,2
231775,bullet6,1.4164,12.4456,0.8,0,1
231777,flyer6,10.5,8.34244,-0.3,0,2
231777,bullet4,9.39258,10.7146,0.8,0,1
231778,player,1.01389,12.4751,-0.000308188,0.0036109,1
231779,flayer7,15.0083,8.4998,-0.298345,0.0314726,2
231779,bullet1,5.41979,12.406,0.8,0,1
231780,flyer5,-0.00557309,3.70906,-0.275093,-0.119683,2
231780,bullet6,5.4164,12.4456,0.8,0,1
231782,flyer6,9,8.34244,-0.3,0,2
231782,bullet4,13.3926,10.7146,0.8,0,1
231783,player,2.66305,12.5909,0.234053,-0.137969,1
231784,flayer7,13.5166,8.65716,-0.298345,0.0314726,2
231784,bullet1,9.41979,12.406,0.8,0,1
231785,bullet6,9.4164,12.4456,0.8,0,1
231786,bullet2,1.87938,12.4883,-0.8,-6.99382e-08,1
231787,flyer6,7.5,8.34244,-0.3,0,2
231788,player,1.75932,11.9907,-0.161396,-0.154421,1
231789,flayer7,12.0248,8.81452,-0.298345,0.0314726,2
231789,bullet1,13.4198,12.406,0.8,0,1
231789,bullet3,2.0867,11.9212,0.8,0,1
231790,bullet6,13.4164,12.4456,0.8,0,1
231791,bullet5,2.03931,11.8759,0.8,0,1
231792,flyer6,5.99999,8.34244,-0.3,0,2
231793,player,1.62971,11.8667,-0.0029782,-0.0028495,1
231794,flayer7,10.5331,8.97189,-0.298345,0.0314726,2
231794,bullet3,6.0867,11.9212,0.8,0,1
231796,bullet5,6.03931,11.8759,0.8,0,1
231797,flyer6,4.49999,8.34244,-0.3,0,2
231798,player,1.62732,11.3067,-5.49562e-05,-0.0683963,1
231798,bullet4,2.02732,11.3067,0.8,0,1
231799,flayer7,9.04139,9.12925,-0.298345,0.0314726,2
231799,bullet3,10.0867,11.9212,0.8,0,1
231801,bullet5,10.0393,11.8759,0.8,0,1
231801,bullet2,1.46956,11.2558,0.8,0,1
231802,flyer6,2.99999,8.34244,-0.3,0,2
231803,player,0.687461,11.2518,-0.351341,-0.0012621,1
231803,bullet4,6.02732,11.3067,0.8,0,1
231804,flayer7,7.54966,9.28661,-0.298345,0.0314726,2
231804,bullet3,14.0867,11.9212,0.8,0,1
231806,bullet5,14.0393,11.8759,0.8,0,1
231806,bullet2,5.46956,11.2558,0.8,0,1
231807,flyer6,1.49999,8.34244,-0.3,0,2
231808,player,0.4,11.2508,0,-2.32894e-05,1
231808,bullet4,10.0273,11.3067,0.8,0,1
231809,flayer7,6.05794,9.44397,-0.298345,0.0314726,2
231810,bullet1,0.8,10.7614,0.8,0,1
231811,bullet2,9.46956,11.2558,0.8,0,1
231812,flyer6,-6.4373e-06,8.34244,-0.3,0,2
231813,player,0.4,11.1378,0,0.138035,1
231813,bullet4,14.0273,11.3067,0.8,0,1
231813,bullet6,0.8,11.1378,0.8,0,1
231814,flayer7,4.56622,9.60133,-0.298345,0.0314726,2
231815,bullet1,4.8,10.7614,0.8,0,1
231816,bullet2,13.4696,11.2558,0.8,0,1
231816,bullet3,0.8,11.2404,0.8,0,1
231818,player,0.4,11.2486,0,0.00254713,1
231818,bullet6,4.8,11.1378,0.8,0,1
231819,flayer7,3.07449,9.75869,-0.298345,0.0314726,2
231820,bullet1,8.8,10.7614,0.8,0,1
231821,bullet3,4.8,11.2404,0.8,0,1
231823,player,0.4,10.6622,-0,-0.0307077,1
231823,bullet6,8.8,11.1378,0.8,0,1
231824,flayer7,1.58277,9.91605,-0.298345,0.0314726,2
231824,bullet5,0.8,10.6484,0.8,0,1
231825,bullet1,12.8,10.7614,0.8,0,1
