150533,player,6.98866,6.34635,0,0,1
150538,player,6.97482,6.94866,0.0169151,0.0138396,1
150540,bullet1,6.58586,6.46831,-0.8,-6.99382e-08,1
150543,player,6.98841,6.84683,0.000312131,0.138291,1
150543,bullet2,7.38841,6.84683,0.8,0,1
150545,bullet1,2.58586,6.46831,-0.8,-6.99382e-08,1
150548,player,6.76844,7.51561,0.269162,0.0708956,1
150548,bullet2,11.3884,6.84683,0.8,0,1
150551,bullet3,7.36859,7.56833,0.8,0,1
150553,player,6.9846,7.57254,0.0049668,0.00130822,1
150553,bullet2,15.3884,6.84683,0.8,0,1
150553,bullet4,7.3846,7.57254,0.8,0,1
150556,bullet3,11.3686,7.56833,0.8,0,1
150556,bullet5,6.83057,8.13124,0.8,0,1
150558,player,6.38627,8.17591,-0.013748,0.0138637,1
150558,flyer1,16.5,1.11936,-0.3,0,2
150558,bullet4,11.3846,7.57254,0.8,0,1
150558,bullet6,6.78627,8.17591,0.8,0,1
150561,bullet3,15.3686,7.56833,0.8,0,1
150561,bullet5,10.8306,8.13124,0.8,0,1
150563,player,6.93295,7.02701,0.0680901,-0.0819275,1
150563,flyer1,15,1.11936,-0.3,0,2
150563,bullet4,15.3846,7.57254,0.8,0,1
150563,bullet6,10.7863,8.17591,0.8,0,1
150565,flyer2,16.5,1.11936,-0.3,0,2
150566,bullet5,14.8306,8.13124,0.8,0,1
150568,player,6.98763,7.45059,0.00125645,0.150363,1
150568,flyer1,13.5,1.11936,-0.3,0,2
150568,flyer3,16.5,1.11936,-0.26874,0.133338,2
150568,bullet6,14.7863,8.17591,0.8,0,1
150570,flyer2,15,1.11936,-0.3,0,2
150570,bullet1,6.89907,7.5487,0.8,0,1
150572,bullet2,6.80014,7.56857,0.8,0,1
150573,player,6.38632,7.57135,-0.0138164,0.00277462,1
150573,flyer1,12,1.11936,-0.3,0,2
150573,flyer3,15.1563,1.78605,-0.26874,0.133338,2
150573,bullet3,6.78632,7.57135,0.8,0,1
150575,flyer2,13.5,1.11936,-0.3,0,2
150575,bullet1,10.8991,7.5487,0.8,0,1
150575,bullet4,6.77731,7.57316,0.8,0,1
150577,bullet2,10.8001,7.56857,0.8,0,1
150578,player,6.8646,7.0842,0.15162,-0.151824,1
150578,flyer1,10.5,1.11936,-0.3,0,2
150578,flyer3,13.8126,2.45274,-0.26874,0.133338,2
150578,bullet3,10.7863,7.57135,0.8,0,1
150580,flyer2,12,1.11936,-0.3,0,2
150580,bullet1,14.8991,7.5487,0.8,0,1
150580,bullet4,10.7773,7.57316,0.8,0,1
150582,bullet2,14.8001,7.56857,0.8,0,1
150583,player,7.23734,7.21325,-0.303948,-0.309547,1
150583,flyer1,9,1.11936,-0.3,0,2
150583,flyer3,12.4689,3.11943,-0.26874,0.133338,2
150583,bullet3,14.7863,7.57135,0.8,0,1
150584,bullet5,7.50056,7.07395,0.8,0,1
150585,flyer2,10.5,1.11936,-0.3,0,2
150585,bullet4,14.7773,7.57316,0.8,0,1
150586,bullet6,7.41132,6.98306,0.8,0,1
150588,player,7.33074,6.62716,0.331891,-0.343212,1
150588,flyer1,7.5,1.11936,-0.3,0,2
150588,flyer3,11.1252,3.78612,-0.26874,0.133338,2
150589,bullet5,11.5006,7.07395,0.8,0,1
150590,flyer2,9,1.11936,-0.3,0,2
150591,bullet6,11.4113,6.98306,0.8,0,1
150591,bullet1,7.97755,6.37194,0.8,0,1
150593,player,7.59728,6.35153,0.00612433,-0.00633323,1
150593,flyer1,5.99999,1.11936,-0.3,0,2
150593,flyer3,9.78151,4.4528,-0.26874,0.133338,2
150593,bullet2,7.99728,6.35153,0.8,0,1
150594,bullet5,15.5006,7.07395,0.8,0,1
150595,flyer2,7.5,1.11936,-0.3,0,2
150596,bullet6,15.4113,6.98306,0.8,0,1
150596,bullet1,11.9775,6.37194,0.8,0,1
150596,bullet3,8.00183,6.34682,0.8,0,1
150598,player,8.09157,6.34644,0.151988,-0.000116866,1
150598,flyer1,4.49999,1.11936,-0.3,0,2
150598,flyer3,8.43781,5.11949,-0.26874,0.133338,2
150598,bullet2,11.9973,6.35153,0.8,0,1
150600,flyer2,5.99999,1.11936,-0.3,0,2
150601,bullet1,15.9775,6.37194,0.8,0,1
150601,bullet3,12.0018,6.34682,0.8,0,1
150602,bullet4,9.1993,7.49255,0.8,0,1
150603,player,8.81595,7.53714,0.0166442,0.0445921,1
150603,flyer1,2.99999,1.11936,-0.3,0,2
150603,flyer3,7.09411,5.78618,-0.26874,0.133338,2
150603,bullet2,15.9973,6.35153,0.8,0,1
150603,bullet5,9.21595,7.53714,0.8,0,1
150605,flyer2,4.49999,1.11936,-0.3,0,2
150605,bullet6,9.22681,7.56623,0.8,0,1
150606,bullet3,16.0018,6.34682,0.8,0,1
150607,bullet4,13.1993,7.49255,0.8,0,1
150607,bullet1,9.22901,7.57213,0.8,0,1
150608,player,8.82932,7.57295,0.000307133,0.000822851,1
150608,flyer1,1.49999,1.11936,-0.3,0,2
150608,flyer3,5.75041,6.45287,-0.26874,0.133338,2
150608,bullet5,13.2159,7.53714,0.8,0,1
150610,flyer2,2.99999,1.11936,-0.3,0,2
150610,bullet6,13.2268,7.56623,0.8,0,1
150612,bullet1,13.229,7.57213,0.8,0,1
150613,player,8.00269,7.91111,-0.489369,0.337515,1
150613,flyer1,-6.4373e-06,1.11936,-0.3,0,2
150613,flyer3,4.40671,7.11955,-0.26874,0.133338,2
150615,flyer2,1.49999,1.11936,-0.3,0,2
150615,flyer4,16.5,8.22324,-0.3,0,2
150616,bullet2,8.03878,7.67272,0.8,0,1
150618,player,7.60968,7.59369,-0.00903024,-0.0245266,1
150618,flyer3,3.06301,7.78624,-0.26874,0.133338,2
150618,bullet3,8.00968,7.59369,0.8,0,1
150620,flyer2,-6.4373e-06,1.11936,-0.3,0,2
150620,flyer4,15,8.22324,-0.3,0,1
150621,bullet2,12.0388,7.67272,0.8,0,1
150623,player,7.00012,7.57399,-0.0140062,-0.000452584,1
150623,flyer3,1.71932,8.45293,-0.26874,0.133338,2
150623,bullet3,12.0097,7.59369,0.8,0,1
150628,player,8.1489,8.13135,0.0819249,0.0683354,1
150628,flyer3,0.375617,9.11962,-0.26874,0.133338,2
150628,flyer5,16.5,1.11936,-0.247095,-0.170129,2
150628,bullet3,16.0097,7.59369,0.8,0,1
150629,flyer6,16.5,8.22324,-0.3,0,2
150630,flayer7,16.5,8.22324,-0.227211,-0.195895,2
150631,bullet4,8.0521,8.73988,0.8,0,1
150633,player,8.10176,9.27791,0.139547,0.166976,1
150633,flyer5,15.2645,0.268716,-0.247095,-0.170129,2
150634,flyer6,15,8.22324,-0.3,0,2
150635,flayer7,15.3639,7.24377,-0.227211,-0.195895,2
150636,bullet4,12.0521,8.73988,0.8,0,1
150638,player,7.76338,9.90139,-0.19689,0.154956,1
150638,flayer8,16.5,7.12947,-0.218576,-0.205486,2
150639,flyer6,13.5,8.22324,-0.3,0,1
150640,flayer7,14.2279,6.26429,-0.227211,-0.195895,2
150642,bullet5,7.45118,10.5807,0.8,0,1
150643,player,7.35429,10.6143,0.303112,0.0336141,1
150643,flayer8,15.4071,6.10204,-0.218576,-0.205486,2
150644,flyer6,12,8.22324,-0.3,0,1
150645,flayer7,13.0918,5.28482,-0.227211,-0.195895,2
150647,bullet5,11.4512,10.5807,0.8,0,1
150648,player,7.56696,10.0836,0.0431823,-0.0677235,1
150648,flayer8,14.3142,5.0746,-0.218576,-0.205486,2
150648,bullet6,7.96696,10.0836,0.8,0,1
150649,flyer6,10.5,8.22324,-0.3,0,1
150650,flayer7,11.9558,4.30534,-0.227211,-0.195895,2
150650,bullet1,7.19514,10.0394,-0.8,-6.99382e-08,1
150652,bullet5,15.4512,10.5807,0.8,0,1
150653,player,7.60164,10.0292,0.000796836,-0.00124969,1
150653,flayer8,13.2214,4.04717,-0.218576,-0.205486,2
150653,bullet6,11.967,10.0836,0.8,0,1
150653,bullet2,8.00164,10.0292,0.8,0,1
150654,flyer6,9,8.22324,-0.3,0,1
150655,flayer7,10.8197,3.32586,-0.227211,-0.195895,2
150655,bullet1,3.19514,10.0394,-0.8,-6.99382e-08,1
150655,bullet3,8.00216,10.0284,0.8,0,1
150658,player,7.60228,10.0282,1.47039e-05,-2.30603e-05,1
150658,flayer8,12.1285,3.01974,-0.218576,-0.205486,2
150658,bullet6,15.967,10.0836,0.8,0,1
150658,bullet2,12.0016,10.0292,0.8,0,1
150659,flyer6,7.5,8.22324,-0.3,0,1
150659,bullet4,8.00229,10.0282,0.8,0,1
150660,flayer7,9.68367,2.34639,-0.227211,-0.195895,2
150660,bullet3,12.0022,10.0284,0.8,0,1
150663,player,7.82251,9.80795,-0.269156,0.269156,1
150663,flayer8,11.0356,1.99231,-0.218576,-0.205486,2
150663,bullet2,16.0016,10.0292,0.8,0,1
150664,flyer6,5.99999,8.22324,-0.3,0,1
150664,bullet4,12.0023,10.0282,0.8,0,1
150665,flayer7,8.54762,1.36691,-0.227211,-0.195895,2
150665,bullet3,16.0022,10.0284,0.8,0,1
150668,player,7.00404,9.53474,-0.0188063,-0.146908,1
150668,flayer8,9.94273,0.964882,-0.218576,-0.205486,2
150669,flyer6,4.49999,8.22324,-0.3,0,1
150669,bullet4,16.0023,10.0282,0.8,0,1
150670,flayer7,7.41156,0.387431,-0.227211,-0.195895,2
150670,flyer1,16.5,7.12947,-0.3,0,2
150673,player,7.05728,9.30382,-0.0838783,0.135325,1
150673,flayer8,8.84986,-0.062549,-0.218576,-0.205486,2
150674,flyer6,2.99999,8.22324,-0.3,0,1
150675,flyer1,15,7.12947,-0.3,0,2
150675,flyer2,16.5,7.12947,-0.295286,0.0529742,2
150676,flyer4,16.5,2.65177,-0.270166,0.130423,2
150676,bullet5,7.39491,8.84673,0.8,0,1
150678,player,6.50055,9.29956,-0.153423,0.140533,1
150679,flyer6,1.49999,8.22324,-0.3,0,1
150679,bullet6,6.83151,9.3628,0.8,0,1
150680,flyer1,13.5,7.12947,-0.3,0,2
150680,flyer2,15.0236,7.39434,-0.295286,0.0529742,2
150680,bullet1,6.80044,9.39126,0.8,0,1
150681,flyer4,15.1492,3.30389,-0.270166,0.130423,2
150681,bullet5,11.3949,8.84673,0.8,0,1
150683,player,5.55046,10.2393,-0.492206,0.491968,1
150684,flyer6,-6.4373e-06,8.22324,-0.3,0,1
150684,bullet6,10.8315,9.3628,0.8,0,1
150685,flyer1,12,7.12947,-0.3,0,2
150685,flyer2,13.5471,7.65921,-0.295286,0.0529742,2
150685,bullet1,10.8004,9.39126,0.8,0,1
150686,flyer4,13.7983,3.95601,-0.270166,0.130423,2
150686,bullet5,15.3949,8.84673,0.8,0,1
150688,player,4.59746,10.7027,-0.0774263,-0.0744531,1
150689,bullet6,14.8315,9.3628,0.8,0,1
150690,flyer1,10.5,7.12947,-0.3,0,2
150690,flyer2,12.0707,7.92408,-0.295286,0.0529742,2
150690,bullet1,14.8004,9.39126,0.8,0,1
150691,flyer4,12.4475,4.60812,-0.270166,0.130423,2
150692,flyer3,16.5,2.65177,-0.298233,0.0325134,2
150692,bullet2,4.93671,9.49813,0.8,0,1
150693,player,4.53528,9.11466,-0.00142873,-0.383468,1
150695,flyer1,9,7.12947,-0.3,0,2
150695,flyer2,10.5943,8.18895,-0.295286,0.0529742,2
150696,flyer4,11.0967,5.26024,-0.270166,0.130423,2
150697,flyer3,15.0088,2.81434,-0.298233,0.0325134,2
150697,bullet2,8.93671,9.49813,0.8,0,1
150697,bullet3,4.37644,8.25606,0.8,0,1
150698,player,3.94566,8.21823,-0.0307811,-0.0378308,1
150700,flyer1,7.5,7.12947,-0.3,0,2
150700,flyer2,9.11785,8.45382,-0.295286,0.0529742,2
150700,bullet4,3.8362,8.19354,0.8,0,1
150701,flyer4,9.74584,5.91236,-0.270166,0.130423,2
150702,flyer3,13.5177,2.97691,-0.298233,0.0325134,2
150702,bullet2,12.9367,9.49813,0.8,0,1
150702,bullet5,3.73303,8.18854,0.8,0,1
150703,player,2.98113,8.52534,-0.351908,0.336802,1
150705,flyer1,5.99999,7.12947,-0.3,0,2
150705,flyer2,7.64142,8.71869,-0.295286,0.0529742,0
150705,bullet6,3.15151,8.74511,0.8,0,1
150706,flyer4,8.39501,6.56448,-0.270166,0.130423,2
150707,flyer3,12.0265,3.13947,-0.298233,0.0325134,2
150707,bullet5,7.73303,8.18854,0.8,0,1
150707,bullet1,3.10501,8.78961,0.8,0,1
150708,player,3.03601,8.79582,0.331006,0.00621494,1
150710,flyer1,4.49999,7.12947,-0.3,0,2
150710,bullet6,7.15151,8.74511,0.8,0,1
150711,flyer4,7.04418,7.2166,-0.270166,0.130423,2
150712,flyer3,10.5353,3.30204,-0.298233,0.0325134,2
150712,bullet5,11.733,8.18854,0.8,0,1
150712,bullet1,7.10501,8.78961,0.8,0,1
150713,player,3.30184,8.21234,0.006108,-0.03064,1
150713,bullet3,3.70184,8.21234,0.8,0,1
150715,flyer1,2.99999,7.12947,-0.3,0,2
150715,bullet6,11.1515,8.74511,0.8,0,1
150716,flyer4,5.69335,7.86871,-0.270166,0.130423,1
150717,flyer3,9.04417,3.46461,-0.298233,0.0325134,2
150717,bullet5,15.733,8.18854,0.8,0,1
150717,bullet1,11.105,8.78961,0.8,0,1
150718,player,3.55772,8.52523,-0.306633,0.336935,1
150720,flyer1,1.49999,7.12947,-0.3,0,2
150720,bullet6,15.1515,8.74511,0.8,0,1
150721,flyer4,4.34252,8.52083,-0.270166,0.130423,1
150721,bullet4,3.24032,8.77579,0.8,0,1
150722,flyer3,7.55301,3.62717,-0.298233,0.0325134,2
150722,bullet1,15.105,8.78961,0.8,0,1
150723,player,2.72299,8.79582,-0.0364129,0.00621739,1
150723,bullet2,3.12299,8.79582,0.8,0,1
150725,flyer1,-6.4373e-06,7.12947,-0.3,0,2
150726,bullet3,2.5382,8.24273,0.8,0,1
150727,flyer3,6.06184,3.78974,-0.298233,0.0325134,2
150728,player,1.75394,8.1985,-0.352012,-0.0137249,1
150728,flyer5,16.5,2.65177,-0.296853,-0.0433424,2
150728,bullet2,7.12299,8.79582,0.8,0,1
150729,bullet5,1.99553,8.19233,0.8,0,1
150731,bullet3,6.5382,8.24273,0.8,0,1
150731,bullet6,1.89217,8.1883,0.8,0,1
150732,flyer3,4.57068,3.95231,-0.298233,0.0325134,2
150733,player,1.47124,8.18748,-0.0064956,-0.000253263,1
150733,flyer5,15.0157,2.43506,-0.296853,-0.0433424,2
150733,bullet2,11.123,8.79582,0.8,0,1
150734,bullet5,5.99553,8.19233,0.8,0,1
150736,bullet3,10.5382,8.24273,0.8,0,1
150736,bullet6,5.89217,8.1883,0.8,0,1
150737,flyer3,3.07951,4.11487,-0.298233,0.0325134,2
150738,player,0.908307,8.18728,-0.0684636,-4.67341e-06,1
150738,flyer5,13.5315,2.21835,-0.296853,-0.0433424,2
150738,bullet2,15.123,8.79582,0.8,0,1
150739,bullet5,9.99553,8.19233,0.8,0,1
150741,bullet3,14.5382,8.24273,0.8,0,1
150741,bullet6,9.89217,8.1883,0.8,0,1
150742,flyer3,1.58835,4.27744,-0.298233,0.0325134,2
150742,bullet4,1.74396,8.18727,0.8,0,1
150743,player,1.41104,8.18727,0.0670804,-8.62375e-08,1
150743,flyer5,12.0472,2.00164,-0.296853,-0.0433424,2
150744,bullet5,13.9955,8.19233,0.8,0,1
150745,bullet1,1.85481,8.18727,0.8,0,1
150746,bullet6,13.8922,8.1883,0.8,0,1
150747,flyer3,0.097184,4.44,-0.298233,0.0325134,2
150747,bullet4,5.74396,8.18727,0.8,0,1
150748,player,1.46491,8.18727,0.00123782,-1.59132e-09,1
150748,flyer5,10.563,1.78492,-0.296853,-0.0433424,2
150748,bullet2,1.86491,8.18727,0.8,0,1
150750,bullet1,5.85481,8.18727,0.8,0,1
150751,bullet3,2.42355,7.62955,0.8,0,1
150752,bullet4,9.74396,8.18727,0.8,0,1
150753,player,2.06822,7.58496,0.0138625,-0.0138396,1
150753,flyer5,9.0787,1.56821,-0.296853,-0.0433424,2
150753,bullet2,5.86491,8.18727,0.8,0,1
150755,bullet1,9.85481,8.18727,0.8,0,1
150756,bullet3,6.42355,7.62955,0.8,0,1
150757,bullet4,13.744,8.18727,0.8,0,1
150758,player,2.07936,7.01613,0.000255801,-0.0685991,1
150758,flyer5,7.59444,1.3515,-0.296853,-0.0433424,2
150758,bullet2,9.86492,8.18727,0.8,0,1
150760,bullet1,13.8548,8.18727,0.8,0,1
150761,bullet3,10.4236,7.62955,0.8,0,1
150762,bullet5,2.47956,7.55077,0.8,0,1
150763,player,2.07956,7.56335,4.72025e-06,0.0125738,1
150763,flyer5,6.11017,1.13479,-0.296853,-0.0433424,2
150763,bullet2,13.8649,8.18727,0.8,0,1
150765,bullet6,2.47956,7.57155,0.8,0,1
150766,bullet3,14.4236,7.62955,0.8,0,1
150767,bullet5,6.47956,7.55077,0.8,0,1
150768,player,1.92769,7.42157,0.185625,0.185857,1
150768,flyer5,4.62591,0.918077,-0.296853,-0.0433424,2
150769,flayer7,16.5,2.65177,-0.3,0,2
150770,bullet6,6.47956,7.57155,0.8,0,1
150770,bullet4,2.44881,7.54284,0.8,0,1
150772,bullet5,10.4796,7.55077,0.8,0,1
150772,bullet1,2.47334,7.5674,0.8,0,1
150773,player,2.07676,7.57083,0.00342531,0.00342958,1
150773,flyer5,3.14165,0.701365,-0.296853,-0.0433424,2
150774,flayer7,15,2.65177,-0.3,0,2
150775,bullet6,10.4796,7.57155,0.8,0,1
150775,bullet4,6.44881,7.54284,0.8,0,1
150777,bullet5,14.4796,7.55077,0.8,0,1
150777,bullet1,6.47334,7.5674,0.8,0,1
150778,player,2.33049,6.64761,-0.306682,-0.368191,1
150778,flyer5,1.65738,0.484653,-0.296853,-0.0433424,2
150779,flayer7,13.5,2.65177,-0.3,0,2
150780,bullet6,14.4796,7.57155,0.8,0,1
150780,bullet4,10.4488,7.54284,0.8,0,1
150780,bullet2,2.53038,6.40737,0.8,0,1
150782,bullet1,10.4733,7.5674,0.8,0,1
150783,player,2.08419,6.01442,-0.00565915,-0.344294,1
150783,flyer5,0.173121,0.267941,-0.296853,-0.0433424,2
150784,flayer7,12,2.65177,-0.3,0,2
150785,bullet4,14.4488,7.54284,0.8,0,1
150785,bullet2,6.53038,6.40737,0.8,0,1
150785,bullet3,2.4805,5.78977,0.8,0,1
150787,bullet1,14.4733,7.5674,0.8,0,1
150788,player,1.59027,5.73793,-0.151979,-0.0063532,1
150788,bullet5,1.99027,5.73793,0.8,0,1
150789,flayer7,10.5,2.65177,-0.3,0,2
150790,bullet2,10.5304,6.40737,0.8,0,1
150790,bullet3,6.4805,5.78977,0.8,0,1
150790,bullet6,1.89111,5.73378,0.8,0,1
150793,player,0.573003,6.07032,-0.408648,0.337383,1
150793,bullet5,5.99027,5.73793,0.8,0,1
150794,flayer7,9,2.65177,-0.3,0,2
150795,bullet2,14.5304,6.40737,0.8,0,1
150795,bullet3,10.4805,5.78977,0.8,0,1
150795,bullet6,5.89111,5.73378,0.8,0,1
150798,player,0.4,6.83065,0,0.158101,1
150798,bullet5,9.99028,5.73793,0.8,0,1
150798,bullet4,0.8,6.83065,0.8,0,1
150799,flayer7,7.5,2.65177,-0.3,0,2
150800,bullet3,14.4805,5.78977,0.8,0,1
150800,bullet6,9.89111,5.73378,0.8,0,1
150803,player,0.430755,8.4413,-0.0375891,0.439516,1
150803,bullet5,13.9903,5.73793,0.8,0,1
150803,bullet4,4.8,6.83065,0.8,0,1
150804,flayer7,5.99999,2.65177,-0.3,0,2
150805,bullet6,13.8911,5.73378,0.8,0,1
150807,flayer8,16.5,9.65203,-0.3,0,2
150808,player,0.513506,8.19196,-0.138729,-0.00572931,1
150808,bullet4,8.8,6.83065,0.8,0,1
150809,flayer7,4.49999,2.65177,-0.3,0,2
150809,flyer6,16.5,14.6752,-0.3,0,2
150809,bullet1,0.851078,8.18938,0.8,0,1
150811,bullet2,0.810344,8.1877,0.8,0,1
150812,flayer8,15,9.65203,-0.3,0,2
150813,player,0.739595,8.52485,0.33494,0.337394,1
150813,bullet4,12.8,6.83065,0.8,0,1
150814,flayer7,2.99999,2.65177,-0.3,0,2
150814,flyer6,15,14.6752,-0.3,0,2
150814,bullet1,4.85108,8.18938,0.8,0,1
150814,bullet3,1.29032,8.67668,0.8,0,1
150816,bullet2,4.81034,8.1877,0.8,0,1
150817,flayer8,13.5,9.65203,-0.3,0,2
150818,player,2.05567,8.30644,0.226399,-0.145649,1
150819,flayer7,1.49999,2.65177,-0.3,0,2
150819,flyer6,13.5,14.6752,-0.3,0,2
150819,bullet1,8.85108,8.18938,0.8,0,1
150819,bullet3,5.29032,8.67668,0.8,0,1
150819,bullet5,2.55755,8.2409,0.8,0,1
150821,bullet2,8.81034,8.1877,0.8,0,1
150822,flayer8,12,9.65203,-0.3,0,2
150823,player,2.82596,8.18947,0.0349324,-0.00268764,1
150824,flayer7,-6.4373e-06,2.65177,-0.3,0,2
150824,flyer6,12,14.6752,-0.3,0,2
150824,bullet1,12.8511,8.18938,0.8,0,1
150824,bullet3,9.29032,8.67668,0.8,0,1
150824,bullet5,6.55755,8.2409,0.8,0,1
150826,bullet2,12.8103,8.1877,0.8,0,1
150827,flayer8,10.5,9.65203,-0.3,0,2
150828,player,3.34339,8.67668,0.15252,0.151825,1
150829,flyer6,10.5,14.6752,-0.3,0,2
150829,bullet3,13.2903,8.67668,0.8,0,1
150829,bullet5,10.5576,8.2409,0.8,0,1
150829,bullet6,3.81203,8.745,0.8,0,1
150832,flayer8,9,9.65203,-0.3,0,2
150833,player,3.95525,8.79861,0.154689,0.00280161,1
150834,flyer6,9,14.6752,-0.3,0,2
150834,bullet5,14.5576,8.2409,0.8,0,1
150834,bullet6,7.81203,8.745,0.8,0,1
150834,bullet4,4.42486,8.79987,0.8,0,1
150836,bullet1,4.47028,8.80069,0.8,0,1
150837,flayer8,7.5,9.65203,-0.3,0,1
150837,bullet2,4.47663,8.80081,0.8,0,1
150838,player,4.07948,8.80086,0.00285445,5.16975e-05,1
150839,flyer6,7.5,14.6752,-0.3,0,2
150839,bullet6,11.812,8.745,0.8,0,1
150840,bullet3,4.97072,8.8009,0.8,0,1
150843,player,5.17346,9.29028,0.165767,0.151876,1
150843,bullet5,5.57346,9.29028,0.8,0,1
150844,flyer6,5.99999,14.6752,-0.3,0,2
150844,bullet6,15.812,8.745,0.8,0,1
150845,bullet3,8.97072,8.8009,0.8,0,1
150846,bullet4,5.69673,9.40321,0.8,0,1
150848,player,5.79596,9.90162,0.154934,0.154678,1
150848,bullet5,9.57346,9.29028,0.8,0,1
150849,flyer6,4.49999,14.6752,-0.3,0,2
150850,bullet3,12.9707,8.8009,0.8,0,1
150850,bullet1,6.78643,10.0025,0.8,0,1
150851,bullet4,9.69673,9.40321,0.8,0,1
150853,player,6.03333,10.5152,-0.135176,0.154729,1
150853,bullet5,13.5735,9.29028,0.8,0,1
150854,flyer6,2.99999,14.6752,-0.3,0,2
150855,bullet1,10.7864,10.0025,0.8,0,1
150855,bullet2,6.34512,10.6162,0.8,0,1
150856,bullet4,13.6967,9.40321,0.8,0,1
150858,player,5.43539,10.6395,-0.154369,0.00285519,1
150858,bullet6,5.83539,10.6395,0.8,0,1
150859,flyer6,1.49999,14.6752,-0.3,0,2
150860,bullet1,14.7864,10.0025,0.8,0,1
150860,bullet2,10.3451,10.6162,0.8,0,1
150862,bullet3,5.15655,11.1994,0.8,0,1
150863,player,4.72295,11.5677,-0.0336032,0.368307,1
150863,bullet6,9.83539,10.6395,0.8,0,1
150864,flyer6,-6.4373e-06,14.6752,-0.3,0,2
150865,bullet2,14.3451,10.6162,0.8,0,1
150866,flyer2,16.5,14.6752,-0.3,0,2
150866,bullet5,5.58734,11.3523,0.8,0,1
150867,bullet3,9.15655,11.1994,0.8,0,1
150868,player,5.62194,11.275,0.367635,-0.0239584,1
150868,bullet6,13.8354,10.6395,0.8,0,1
150871,flyer2,15,14.6752,-0.3,0,2
150871,bullet5,9.58734,11.3523,0.8,0,1
150872,flyer4,16.5,14.6752,-0.290203,-0.0760409,2
150872,bullet3,13.1566,11.1994,0.8,0,1
150872,bullet4,5.75268,11.814,0.8,0,1
150873,player,5.3287,11.8443,-0.0239708,0.0303126,1
150873,bullet1,5.7287,11.8443,0.8,0,1
150876,flyer2,13.5,14.6752,-0.3,0,2
150876,bullet5,13.5873,11.3523,0.8,0,1
150877,flyer4,15.049,14.295,-0.290203,-0.0760409,2
150877,bullet4,9.75268,11.814,0.8,0,1
150877,bullet2,5.7099,11.8681,0.8,0,1
150878,player,5.30946,11.8686,-0.000442329,0.000559352,1
150878,bullet1,9.72871,11.8443,0.8,0,1
150880,bullet6,5.70917,11.869,0.8,0,1
150881,flyer2,12,14.6752,-0.3,0,2
150882,flyer4,13.598,13.9148,-0.290203,-0.0760409,2
150882,bullet4,13.7527,11.814,0.8,0,1
150882,bullet2,9.7099,11.8681,0.8,0,1
150883,player,5.3091,11.3797,-8.16221e-06,-0.151865,1
150883,bullet1,13.7287,11.8443,0.8,0,1
150885,bullet6,9.70917,11.869,0.8,0,1
150886,flyer2,10.5,14.6752,-0.3,0,2
150887,flyer4,12.147,13.5346,-0.290203,-0.0760409,2
150887,bullet2,13.7099,11.8681,0.8,0,1
150888,player,4.38312,12.4039,-0.368255,0.0962961,1
150890,bullet6,13.7092,11.869,0.8,0,1
150891,flyer2,9,14.6752,-0.3,0,2
150891,flyer1,16.5,14.5552,-0.3,0,2
150892,flyer4,10.6959,13.1544,-0.290203,-0.0760409,2
150892,bullet3,4.49418,13.0372,0.8,0,1
150893,player,4.08738,13.0697,-0.00679534,0.0325316,1
150893,bullet5,3.68738,13.0697,-0.8,-6.99382e-08,1
150895,bullet4,4.48295,13.091,0.8,0,1
150896,flyer2,7.5,14.6752,-0.3,0,2
150896,flyer1,15,14.5552,-0.3,0,2
150897,flyer4,9.24492,12.7742,-0.290203,-0.0760409,1
150898,player,3.5242,13.3161,-0.0684691,-0.268556,1
150898,bullet5,-0.312621,13.0697,-0.8,-6.99382e-08,1
150901,flyer2,5.99999,14.6752,-0.3,0,2
150901,flyer1,13.5,14.5552,-0.3,0,2
150901,bullet1,3.31557,12.5587,0.8,0,1
150903,player,2.8669,12.4981,-0.0151031,-0.0187952,1
150903,bullet2,3.2669,12.4981,0.8,0,1
150905,bullet6,3.25705,12.4858,0.8,0,1
150906,flyer2,4.49999,14.6752,-0.3,0,2
150906,flyer1,12,14.5552,-0.3,0,2
150906,bullet1,7.31557,12.5587,0.8,0,1
150908,player,2.85478,11.9253,-0.000278694,-0.0686906,1
150908,bullet2,7.26691,12.4981,0.8,0,1
150908,bullet3,3.25478,11.9253,0.8,0,1
150910,bullet6,7.25705,12.4858,0.8,0,1
150911,flyer2,2.99999,14.6752,-0.3,0,2
150911,flyer1,10.5,14.5552,-0.3,0,2
150911,bullet1,11.3156,12.5587,0.8,0,1
150913,player,2.29683,11.8018,-0.0683489,0.0822637,1
150913,bullet2,11.2669,12.4981,0.8,0,1
150913,bullet3,7.25478,11.9253,0.8,0,1
150915,bullet6,11.2571,12.4858,0.8,0,1
150916,flyer2,1.49999,14.6752,-0.3,0,2
150916,flyer1,9,14.5552,-0.3,0,2
150916,bullet1,15.3156,12.5587,0.8,0,1
150918,player,2.46216,12.2053,-0.270417,0.339018,1
150918,bullet2,15.2669,12.4981,0.8,0,1
150918,bullet3,11.2548,11.9253,0.8,0,1
150919,bullet5,2.74048,12.3579,0.8,0,1
150920,bullet6,15.2571,12.4858,0.8,0,1
150921,flyer2,-6.4373e-06,14.6752,-0.3,0,2
150921,flyer1,7.5,14.5552,-0.3,0,2
150921,bullet4,2.66107,12.4574,0.8,0,1
150923,player,1.75562,11.9882,-0.156865,-0.145619,1
150923,bullet3,15.2548,11.9253,0.8,0,1
150924,bullet5,6.74048,12.3579,0.8,0,1
150924,bullet1,2.08503,11.9227,0.8,0,1
150926,flyer1,5.99999,14.5552,-0.3,0,2
150926,bullet4,6.66107,12.4574,0.8,0,1
150926,bullet2,1.23897,11.8799,-0.8,-6.99382e-08,1
150928,player,1.62964,12.2088,-0.0028946,0.334813,1
150929,bullet5,10.7405,12.3579,0.8,0,1
150929,bullet1,6.08503,11.9227,0.8,0,1
150929,bullet6,2.02834,12.3594,0.8,0,1
150931,flyer1,4.49999,14.5552,-0.3,0,2
150931,bullet4,10.6611,12.4574,0.8,0,1
150933,player,1.62732,12.4777,-5.34135e-05,0.00617824,1
150934,bullet5,14.7405,12.3579,0.8,0,1
150934,bullet1,10.085,11.9227,0.8,0,1
150934,bullet6,6.02834,12.3594,0.8,0,1
150936,flyer1,2.99999,14.5552,-0.3,0,2
150936,bullet4,14.6611,12.4574,0.8,0,1
150938,player,1.62728,11.8942,-9.85629e-07,-0.0306407,1
150938,bullet3,2.02728,11.8942,0.8,0,1
150939,bullet1,14.085,11.9227,0.8,0,1
150939,bullet6,10.0283,12.3594,0.8,0,1
150941,flyer1,1.49999,14.5552,-0.3,0,2
150942,flyer3,16.5,14.6752,-0.271215,-0.128229,2
150943,player,1.06956,11.9825,-0.0683438,-0.138601,1
150943,bullet3,6.02728,11.8942,0.8,0,1
150944,bullet6,14.0283,12.3594,0.8,0,1
150946,flyer1,-6.4373e-06,14.5552,-0.3,0,2
150947,flyer3,15.1439,14.0341,-0.271215,-0.128229,2
150947,flyer5,16.5,14.5552,-0.3,0,2
150948,player,2.09252,12.9629,0.181369,0.163157,1
150948,flayer7,16.5,14.6752,-0.299163,0.0223977,2
150948,bullet3,10.0273,11.8942,0.8,0,1
150948,bullet2,2.49252,12.9629,0.8,0,1
150952,flyer3,13.7879,13.3929,-0.271215,-0.128229,2
150952,flyer5,15,14.5552,-0.3,0,2
150952,bullet5,2.07711,13.6486,0.8,0,1
150953,player,1.6497,13.6824,-0.0274079,0.0337654,1
150953,flayer7,15.0042,14.7872,-0.299163,0.0223977,2
150953,bullet3,14.0273,11.8942,0.8,0,1
150953,bullet2,6.49252,12.9629,0.8,0,1
150957,flyer3,12.4318,12.7518,-0.271215,-0.128229,2
150957,flyer5,13.5,14.5552,-0.3,0,2
150957,bullet5,6.07711,13.6486,0.8,0,1
150958,player,1.47581,13.4849,0.185119,-0.474912,1
150958,flayer7,13.5084,14.8992,-0.299163,0.0223977,2
150958,bullet2,10.4925,12.9629,0.8,0,1
150962,flyer3,11.0757,12.1107,-0.271215,-0.128229,1
150962,flyer5,12,14.5552,-0.3,0,2
150962,bullet5,10.0771,13.6486,0.8,0,1
150962,bullet4,2.02106,13.1123,0.8,0,1
150963,player,1.62448,13.1035,0.00341597,-0.00876347,1
150963,flayer7,12.0126,15.0112,-0.299163,0.0223977,2
150963,bullet1,1.22448,13.1035,-0.8,-6.99382e-08,1
150967,flyer3,9.71964,11.4695,-0.271215,-0.128229,1
150967,flyer5,10.5,14.5552,-0.3,0,2
150967,bullet5,14.0771,13.6486,0.8,0,1
150967,bullet4,6.02107,13.1123,0.8,0,1
150968,player,2.2157,14.2427,0.0308177,0.0989367,1
150968,flayer7,10.5167,15.1232,-0.299163,0.0223977,2
150968,bullet6,2.6157,14.2427,0.8,0,1
150969,bullet3,2.62957,14.2872,0.8,0,1
150972,flyer3,8.36356,10.8284,-0.271215,-0.128229,1
150972,flyer5,9,14.5552,-0.3,0,2
150972,bullet4,10.0211,13.1123,0.8,0,1
150973,player,2.24045,13.7644,0.000568674,-0.0665181,1
150973,flayer7,9.02093,15.2352,-0.299163,0.0223977,2
150973,bullet6,6.6157,14.2427,0.8,0,1
150973,bullet2,2.64045,13.7644,0.8,0,1
150974,bullet3,6.62957,14.2872,0.8,0,1
150977,flyer3,7.00749,10.1872,-0.271215,-0.128229,1
150977,bullet4,14.0211,13.1123,0.8,0,1
150978,player,1.93416,13.46,-0.375079,0.305518,1
150978,flayer7,7.52512,15.3472,-0.299163,0.0223977,2
150978,bullet2,6.64045,13.7644,0.8,0,1
150979,bullet1,2.16537,13.5975,0.8,0,1
150982,flyer3,5.65142,9.5461,-0.271215,-0.128229,1
150983,player,1.85316,13.9256,-0.276078,-0.263519,1
150983,flayer7,6.0293,15.4592,-0.299163,0.0223977,2
150983,bullet2,10.6404,13.7644,0.8,0,1
150984,bullet1,6.16537,13.5975,0.8,0,1
150984,bullet5,2.12892,13.807,0.8,0,1
150986,bullet6,2.04786,13.7296,0.8,0,1
150987,flyer3,4.29534,8.90496,-0.271215,-0.128229,1
150988,player,1.63144,13.714,-0.00509441,-0.00486266,1
150988,flayer7,4.53349,15.5711,-0.299163,0.0223977,2
150988,bullet2,14.6405,13.7644,0.8,0,1
150989,bullet1,10.1654,13.5975,0.8,0,1
150989,bullet5,6.12892,13.807,0.8,0,1
150991,bullet6,6.04786,13.7296,0.8,0,1
150992,flyer3,2.93927,8.26382,-0.271215,-0.128229,1
150992,bullet3,2.12655,14.788,0.8,0,1
150993,player,1.67195,14.8701,-0.0545981,0.0820936,1
150993,flayer7,3.03767,15.6831,-0.299163,0.0223977,1
150994,bullet1,14.1654,13.5975,0.8,0,1
150994,bullet5,10.1289,13.807,0.8,0,1
150994,bullet4,2.04738,14.907,0.8,0,1
