501942,player,3.55134,0.958426,-0.3375,-0.3375,1
501944,bullet1,4.2205,1.22758,0.8,0,1
501947,player,3.17302,2.18492,0.124893,0.413456,1
501949,bullet1,8.2205,1.22758,0.8,0,1
501949,bullet2,3.16514,2.4547,0.8,0,1
501950,bullet3,3.10818,2.49237,0.8,0,1
501952,player,2.33351,2.85446,-0.349035,0.345129,1
501954,bullet1,12.2205,1.22758,0.8,0,1
501954,bullet2,7.16514,2.4547,0.8,0,1
501955,bullet3,7.10818,2.49237,0.8,0,1
501955,bullet4,2.40561,2.55338,0.8,0,1
501957,player,1.21249,2.52931,-0.478901,-0.007471,1
501959,bullet1,16.2205,1.22758,0.8,0,1
501959,bullet2,11.1651,2.4547,0.8,0,1
501960,flyer1,16.5,8.54391,-0.3,0,2
501960,bullet3,11.1082,2.49237,0.8,0,1
501960,bullet4,6.40561,2.55338,0.8,0,1
501960,bullet5,1.25637,3.08147,0.8,0,1
501962,player,0.4,3.46312,-0.080356,0.351202,1
501964,bullet2,15.1651,2.4547,0.8,0,1
501965,flyer1,15,8.54391,-0.3,0,2
501965,bullet3,15.1082,2.49237,0.8,0,1
501965,bullet4,10.4056,2.55338,0.8,0,1
501965,bullet5,5.25637,3.08147,0.8,0,1
501967,player,0.988474,4.28905,0.0307547,0.0917395,1
501967,flyer2,16.5,8.54391,-0.3,0,2
501967,bullet6,1.38847,4.28905,0.8,0,1
501970,flyer1,13.5,8.54391,-0.3,0,2
501970,bullet4,14.4056,2.55338,0.8,0,1
501970,bullet5,9.25637,3.08147,0.8,0,1
501970,bullet1,0.8,5.40436,0.8,0,1
501972,player,0.4,5.55351,0,0.0462871,1
501972,flyer2,15,8.54391,-0.3,0,2
501972,bullet6,5.38847,4.28905,0.8,0,1
501974,bullet2,0.8,5.09433,0.8,0,1
501975,flyer1,12,8.54391,-0.3,0,2
501975,bullet5,13.2564,3.08147,0.8,0,1
501975,bullet1,4.8,5.40436,0.8,0,1
501977,player,0.4,4.49899,0,-0.16486,1
501977,flyer2,13.5,8.54391,-0.3,0,2
501977,bullet6,9.38847,4.28905,0.8,0,1
501979,bullet2,4.8,5.09433,0.8,0,1
501980,flyer1,10.5,8.54391,-0.3,0,2
501980,bullet1,8.8,5.40436,0.8,0,1
501981,bullet3,0.8,4.92736,0.8,0,1
501982,player,0.7375,4.95507,0.3375,0.0277125,1
501982,flyer2,12,8.54391,-0.3,0,2
501982,bullet6,13.3885,4.28905,0.8,0,1
501984,bullet2,8.8,5.09433,0.8,0,1
501985,flyer1,9,8.54391,-0.3,0,2
501985,bullet1,12.8,5.40436,0.8,0,1
501986,bullet3,4.8,4.92736,0.8,0,1
501986,bullet4,0.8,4.97681,0.8,0,1
501987,player,0.4,4.97732,-0,0.000511374,1
501987,flyer2,10.5,8.54391,-0.3,0,2
501989,bullet2,12.8,5.09433,0.8,0,1
501990,flyer1,7.5,8.54391,-0.3,0,2
501990,bullet5,0.8,4.48833,0.8,0,1
501991,bullet3,8.8,4.92736,0.8,0,1
501991,bullet4,4.8,4.97681,0.8,0,1
501992,player,0.4,4.23739,0,0.15488,1
501992,flyer2,9,8.54391,-0.3,0,2
501995,flyer1,5.99999,8.54391,-0.3,0,2
501995,bullet5,4.8,4.48833,0.8,0,1
501996,bullet3,12.8,4.92736,0.8,0,1
501996,bullet4,8.8,4.97681,0.8,0,1
501996,bullet6,1.28938,4.42726,0.8,0,1
501997,player,0.957719,4.73002,0.0683438,0.302769,1
501997,flyer2,7.5,8.54391,-0.3,0,2
502000,flyer1,4.49999,8.54391,-0.3,0,2
502000,bullet5,8.8,4.48833,0.8,0,1
502001,bullet4,12.8,4.97681,0.8,0,1
502001,bullet6,5.28938,4.42726,0.8,0,1
502002,player,0.4,4.4838,0,-0.146288,1
502002,flyer2,5.99999,8.54391,-0.3,0,2
502002,bullet1,0.8,4.4838,0.8,0,1
502005,flyer1,2.99999,8.54391,-0.3,0,2
502005,bullet5,12.8,4.48833,0.8,0,1
502006,bullet6,9.28938,4.42726,0.8,0,1
502007,player,0.4,3.91588,-0,-0.202164,1
502007,flyer2,4.49999,8.54391,-0.3,0,2
502007,bullet1,4.8,4.4838,0.8,0,1
502009,bullet2,0.8,3.29459,0.8,0,1
502010,flyer1,1.49999,8.54391,-0.3,0,2
502010,bullet3,0.8,3.20782,0.8,0,1
502011,bullet6,13.2894,4.42726,0.8,0,1
502012,player,0.889375,3.15121,0.151875,-0.0175701,1
502012,flyer2,2.99999,8.54391,-0.3,0,2
502012,bullet1,8.8,4.4838,0.8,0,1
502014,bullet2,4.8,3.29459,0.8,0,1
502015,flyer1,-6.4373e-06,8.54391,-0.3,0,2
502015,bullet3,4.8,3.20782,0.8,0,1
502016,bullet4,0.919166,3.13742,0.8,0,1
502017,player,0.4,2.7996,-0.10076,-0.337824,1
502017,flyer2,1.49999,8.54391,-0.3,0,2
502017,bullet1,12.8,4.4838,0.8,0,1
502019,bullet2,8.8,3.29459,0.8,0,1
502020,bullet3,8.8,3.20782,0.8,0,1
502021,bullet4,4.91917,3.13742,0.8,0,1
502022,player,0.4,1.43661,0,-0.171948,1
502022,flyer2,-6.4373e-06,8.54391,-0.3,0,2
502022,bullet5,0,1.43661,-0.8,-6.99382e-08,1
502024,flyer3,16.5,8.54391,-0.263414,0.143573,2
502024,bullet2,12.8,3.29459,0.8,0,1
502025,bullet3,12.8,3.20782,0.8,0,1
502025,bullet6,0.8,1.79812,0.8,0,1
502026,bullet4,8.91917,3.13742,0.8,0,1
502027,player,0.4,1.88699,0,0.0275818,1
502029,flyer3,15.1829,9.26177,-0.263414,0.143573,2
502030,flyer4,16.5,9.7881,-0.247485,0.169562,2
502030,bullet6,4.8,1.79812,0.8,0,1
502031,bullet4,12.9192,3.13742,0.8,0,1
502032,player,0.4,1.08227,0,-0.488866,1
502034,flyer3,13.8659,9.97964,-0.263414,0.143573,2
502034,bullet1,0.8,0.763284,0.8,0,1
502035,flyer4,15.2626,10.6359,-0.247485,0.169562,2
502035,bullet6,8.8,1.79812,0.8,0,1
502035,bullet5,0,0.718736,-0.8,-6.99382e-08,1
502037,player,0.4,1.02717,0,0.328479,1
502039,flyer3,12.5488,10.6975,-0.263414,0.143573,2
502039,bullet1,4.8,0.763284,0.8,0,1
502040,flyer4,14.0252,11.4837,-0.247485,0.169562,2
502040,bullet6,12.8,1.79812,0.8,0,1
502041,bullet2,0.8,1.87338,0.8,0,1
502042,player,0.4,1.89328,-0,0.019901,1
502044,flyer3,11.2317,11.4154,-0.263414,0.143573,2
502044,bullet1,8.8,0.763284,0.8,0,1
502045,flyer4,12.7877,12.3315,-0.247485,0.169562,2
502046,bullet2,4.8,1.87338,0.8,0,1
502047,player,1.54619,3.05545,0.0990984,0.0994657,1
502048,bullet3,1.99079,3.10021,0.8,0,1
502049,flyer3,9.91464,12.1332,-0.263414,0.143573,2
502049,bullet1,12.8,0.763284,0.8,0,1
502049,bullet4,2.01085,3.12035,0.8,0,1
502050,flyer4,11.5503,13.1793,-0.247485,0.169562,2
502051,bullet2,8.8,1.87338,0.8,0,1
502052,player,1.62578,3.13533,0.00182864,0.00183542,1
502053,bullet3,5.99079,3.10021,0.8,0,1
502054,flyer3,8.59757,12.8511,-0.263414,0.143573,2
502054,bullet4,6.01085,3.12035,0.8,0,1
502055,flyer4,10.3129,14.0271,-0.247485,0.169562,2
502056,bullet2,12.8,1.87338,0.8,0,1
502057,player,1.62724,1.99061,3.37436e-05,-0.0990646,1
502057,bullet5,2.02724,1.99061,0.8,0,1
502058,bullet3,9.99079,3.10021,0.8,0,1
502059,flyer3,7.2805,13.569,-0.263414,0.143573,2
502059,bullet4,10.0109,3.12035,0.8,0,1
502060,flyer4,9.07545,14.8749,-0.247485,0.169562,2
502062,player,1.1379,2.40043,-0.151874,0.150047,1
502062,bullet5,6.02725,1.99061,0.8,0,1
502062,bullet6,1.5379,2.40043,0.8,0,1
502063,bullet3,13.9908,3.10021,0.8,0,1
502064,flyer3,5.96343,14.2868,-0.263414,0.143573,2
502064,bullet4,14.0109,3.12035,0.8,0,1
502065,flyer4,7.83802,15.7228,-0.247485,0.169562,2
502067,player,1.01593,2.52093,-0.00280251,0.00276879,1
502067,bullet5,10.0272,1.99061,0.8,0,1
502067,bullet6,5.5379,2.40043,0.8,0,1
502067,bullet1,1.41593,2.52093,0.8,0,1
502069,flyer3,4.64636,15.0047,-0.263414,0.143573,2
502071,bullet2,1.41373,2.5231,0.8,0,1
502072,player,1.01368,2.52315,-5.17142e-05,5.10919e-05,1
502072,bullet5,14.0272,1.99061,0.8,0,1
502072,bullet6,9.5379,2.40043,0.8,0,1
502072,bullet1,5.41593,2.52093,0.8,0,1
502074,flyer3,3.32929,15.7226,-0.263414,0.143573,2
502075,bullet3,1.90301,2.52319,0.8,0,1
502076,bullet2,5.41373,2.5231,0.8,0,1
502077,player,1.60211,2.5232,0.0307537,9.4279e-07,1
502077,bullet6,13.5379,2.40043,0.8,0,1
502077,bullet1,9.41593,2.52093,0.8,0,1
502079,flyer3,2.01222,16.4404,-0.263414,0.143573,2
502080,bullet3,5.90301,2.52319,0.8,0,1
502081,flyer5,16.5,9.7881,-0.3,0,2
502081,bullet2,9.41373,2.5231,0.8,0,1
502082,player,1.17637,2.86069,-0.198897,0.3375,1
502082,bullet1,13.4159,2.52093,0.8,0,1
502084,bullet4,0.646588,3.08091,-0.8,-6.99382e-08,1
502085,bullet3,9.90302,2.52319,0.8,0,1
502086,flyer5,15,9.7881,-0.3,0,2
502086,flyer6,16.5,9.7881,-0.293866,0.0603567,2
502086,bullet2,13.4137,2.5231,0.8,0,1
502087,player,0.458919,3.68945,-0.072014,0.0745716,1
502089,bullet5,0.8,3.24874,0.8,0,1
502090,bullet3,13.903,2.52319,0.8,0,1
502091,flyer5,13.5,9.7881,-0.3,0,2
502091,flyer6,15.0307,10.0899,-0.293866,0.0603567,2
502091,bullet6,0.8,3.15949,0.8,0,1
502092,player,0.4,3.14703,0,-0.0124636,1
502092,bullet1,0.8,3.14703,0.8,0,1
502094,bullet5,4.8,3.24874,0.8,0,1
502096,flyer5,12,9.7881,-0.3,0,2
502096,flyer6,13.5613,10.3917,-0.293866,0.0603567,2
502096,bullet6,4.8,3.15949,0.8,0,1
502096,bullet4,0.8,3.62663,0.8,0,1
502097,player,0.4,3.69474,0,0.0681138,1
502097,bullet1,4.8,3.14703,0.8,0,1
502099,bullet5,8.8,3.24874,0.8,0,1
502101,flyer5,10.5,9.7881,-0.3,0,2
502101,flyer6,12.092,10.6935,-0.293866,0.0603567,2
502101,bullet6,8.8,3.15949,0.8,0,1
502101,bullet4,4.8,3.62663,0.8,0,1
502102,player,0.512938,4.23881,-0.138035,0.153132,1
502102,bullet1,8.8,3.14703,0.8,0,1
502104,bullet5,12.8,3.24874,0.8,0,1
502106,flyer5,9,9.7881,-0.3,0,2
502106,flyer6,10.6227,10.9952,-0.293866,0.0603567,2
502106,bullet6,12.8,3.15949,0.8,0,1
502106,bullet4,8.8,3.62663,0.8,0,1
502107,player,0.402084,4.36179,-0.00254714,0.00282571,1
502107,bullet1,12.8,3.14703,0.8,0,1
502109,bullet2,0.800422,4.36363,0.8,0,1
502111,flyer5,7.5,9.7881,-0.3,0,2
502111,flyer6,9.15335,11.297,-0.293866,0.0603567,2
502111,bullet4,12.8,3.62663,0.8,0,1
502111,bullet3,0.800086,4.36401,0.8,0,1
502112,player,0.400039,4.36406,-4.70019e-05,5.21424e-05,1
502113,bullet5,0.800017,4.36408,0.8,0,1
502114,bullet2,4.80042,4.36363,0.8,0,1
502116,flyer5,5.99999,9.7881,-0.3,0,2
502116,flyer6,7.68402,11.5988,-0.293866,0.0603567,2
502116,bullet3,4.80009,4.36401,0.8,0,1
502117,player,0.400001,4.3641,-8.67317e-07,9.62173e-07,1
502118,bullet5,4.80002,4.36408,0.8,0,1
502119,bullet2,8.80042,4.36363,0.8,0,1
502121,flyer5,4.49999,9.7881,-0.3,0,2
502121,flyer6,6.21469,11.9006,-0.293866,0.0603567,2
502121,bullet3,8.80009,4.36401,0.8,0,1
502121,bullet6,1.38847,3.77563,0.8,0,1
502122,player,1.00231,3.42429,0.0138396,-0.35134,1
502123,bullet5,8.80002,4.36408,0.8,0,1
502124,bullet2,12.8004,4.36363,0.8,0,1
502126,flyer5,2.99999,9.7881,-0.3,0,2
502126,flyer6,4.74536,12.2024,-0.293866,0.0603567,2
502126,bullet3,12.8001,4.36401,0.8,0,1
502126,bullet6,5.38847,3.77563,0.8,0,1
502127,player,1.01343,3.14213,0.000255379,-0.0064832,1
502128,bullet5,12.8,4.36408,0.8,0,1
502129,bullet1,1.41359,3.1379,0.8,0,1
502131,flyer5,1.49999,9.7881,-0.3,0,2
502131,flyer6,3.27603,12.5042,-0.293866,0.0603567,2
502131,bullet6,9.38847,3.77563,0.8,0,1
502132,player,1.50301,3.6263,0.15188,0.151755,1
502133,bullet4,1.97135,3.69459,0.8,0,1
502134,bullet1,5.41359,3.1379,0.8,0,1
502136,flyer5,-6.4373e-06,9.7881,-0.3,0,2
502136,flyer6,1.8067,12.806,-0.293866,0.0603567,2
502136,bullet6,13.3885,3.77563,0.8,0,1
502137,player,1.1356,4.30589,-0.149072,0.0711441,1
502138,bullet4,5.97135,3.69459,0.8,0,1
502138,bullet2,1.46852,4.33791,0.8,0,1
502139,bullet1,9.4136,3.1379,0.8,0,1
502141,flyer6,0.337375,13.1077,-0.293866,0.0603567,2
502142,player,0.526512,4.85241,-0.154626,0.153188,1
502143,bullet4,9.97135,3.69459,0.8,0,1
502143,bullet2,5.46852,4.33791,0.8,0,1
502144,flayer7,16.5,14.3488,-0.3,0,2
502144,bullet1,13.4136,3.1379,0.8,0,1
502145,bullet3,1.36925,4.4086,0.8,0,1
502147,player,0.515273,4.37311,-0.140889,-0.0110129,1
502148,bullet4,13.9714,3.69459,0.8,0,1
502148,bullet2,9.46852,4.33791,0.8,0,1
502148,bullet5,0.851873,4.36816,0.8,0,1
502149,flayer7,15,14.3488,-0.3,0,2
502150,bullet3,5.36925,4.4086,0.8,0,1
502152,player,0.739627,4.70177,0.3349,0.337297,1
502153,bullet2,13.4685,4.33791,0.8,0,1
502153,bullet5,4.85187,4.36816,0.8,0,1
502154,flayer7,13.5,14.3488,-0.3,0,2
502155,bullet3,9.36925,4.4086,0.8,0,1
502157,player,0.420107,4.97265,-0.0245748,0.00622407,1
502157,flayer8,16.5,14.3488,-0.286865,0.0877984,2
502158,bullet5,8.85187,4.36816,0.8,0,1
502158,bullet6,0.809048,4.97545,0.8,0,1
502159,flayer7,12,14.3488,-0.3,0,2
502160,bullet3,13.3692,4.4086,0.8,0,1
502162,player,0.4,4.97765,0,0.000114852,1
502162,flayer8,15.0657,14.7878,-0.286865,0.0877984,2
502162,bullet1,0.8,4.97765,0.8,0,1
502163,bullet5,12.8519,4.36816,0.8,0,1
502163,bullet6,4.80905,4.97545,0.8,0,1
502164,flayer7,10.5,14.3488,-0.3,0,2
502166,bullet4,0.8,4.42002,0.8,0,1
502167,player,0.4,4.38926,0,-0.0307526,1
502167,flayer8,13.6313,15.2268,-0.286865,0.0877984,2
502167,bullet1,4.8,4.97765,0.8,0,1
502168,bullet6,8.80905,4.97545,0.8,0,1
502169,flayer7,9,14.3488,-0.3,0,2
502169,bullet2,1.28938,3.87982,0.8,0,1
502171,bullet4,4.8,4.42002,0.8,0,1
502172,player,0.512938,3.76225,-0.138035,-0.0144071,1
502172,flayer8,12.197,15.6658,-0.286865,0.0877984,2
502172,bullet1,8.8,4.97765,0.8,0,1
502173,bullet6,12.809,4.97545,0.8,0,1
502174,flayer7,7.5,14.3488,-0.3,0,2
502174,bullet2,5.28938,3.87982,0.8,0,1
502176,bullet4,8.8,4.42002,0.8,0,1
502177,player,0.402084,3.26131,-0.00254714,-0.152141,1
502177,flayer8,10.7627,16.1048,-0.286865,0.0877984,2
502177,bullet1,12.8,4.97765,0.8,0,1
502178,bullet3,0.800938,3.19285,0.8,0,1
502179,flayer7,5.99999,14.3488,-0.3,0,2
502179,bullet2,9.28938,3.87982,0.8,0,1
502181,bullet4,12.8,4.42002,0.8,0,1
502182,player,0.400039,2.88815,-4.70019e-05,0.303938,1
502182,bullet1,16.8,4.97765,0.8,0,1
502183,bullet3,4.80094,3.19285,0.8,0,1
502183,bullet5,0.800017,3.02493,0.8,0,1
502184,flayer7,4.49999,14.3488,-0.3,0,2
502184,bullet2,13.2894,3.87982,0.8,0,1
502187,player,0.400001,3.13224,-8.67317e-07,0.00560851,1
502188,flyer1,16.5,14.3488,-0.3,0,2
502188,bullet3,8.80094,3.19285,0.8,0,1
502188,bullet5,4.80002,3.02493,0.8,0,1
502189,flayer7,2.99999,14.3488,-0.3,0,2
502192,player,0.4,4.28294,-0,0.0992019,1
502193,flyer1,15,14.3488,-0.3,0,2
502193,bullet3,12.8009,3.19285,0.8,0,1
502193,bullet5,8.80002,3.02493,0.8,0,1
502194,flayer7,1.49999,14.3488,-0.3,0,2
502197,player,0.957719,4.4072,0.0683438,-0.0526736,1
502197,bullet6,1.35772,4.4072,0.8,0,1
502198,flyer1,13.5,14.3488,-0.3,0,2
502198,bullet5,12.8,3.02493,0.8,0,1
502199,flayer7,-6.4373e-06,14.3488,-0.3,0,2
502200,bullet1,1.89792,3.87866,0.8,0,1
502202,player,1.93858,3.43893,0.369516,-0.369227,1
502202,bullet6,5.35772,4.4072,0.8,0,1
502203,flyer1,12,14.3488,-0.3,0,2
502203,flyer2,16.5,7.63173,-0.263034,-0.144268,2
502203,bullet4,2.50486,3.27278,0.8,0,1
502205,bullet1,5.89792,3.87866,0.8,0,1
502205,bullet2,2.61336,3.16436,0.8,0,1
502207,player,1.89783,3.47991,-0.330681,0.330687,1
502207,bullet6,9.35772,4.4072,0.8,0,1
502208,flyer1,10.5,14.3488,-0.3,0,2
502208,flyer2,15.1848,6.91039,-0.263034,-0.144268,2
502208,bullet4,6.50486,3.27278,0.8,0,1
502210,bullet1,9.89792,3.87866,0.8,0,1
502210,bullet2,6.61336,3.16436,0.8,0,1
502212,player,0.486074,3.74548,-0.1052,0.0061021,1
502212,bullet6,13.3577,4.4072,0.8,0,1
502213,flyer1,9,14.3488,-0.3,0,2
502213,flyer2,13.8697,6.18905,-0.263034,-0.144268,2
502213,bullet4,10.5049,3.27278,0.8,0,1
502215,bullet1,13.8979,3.87866,0.8,0,1
502215,bullet2,10.6134,3.16436,0.8,0,1
502216,bullet3,1.36125,3.19255,0.8,0,1
502217,player,0.990063,3.1619,0.0288134,-0.0306421,1
502218,flyer1,7.5,14.3488,-0.3,0,2
502218,flyer2,12.5545,5.46771,-0.263034,-0.144268,2
502218,bullet4,14.5049,3.27278,0.8,0,1
502220,bullet2,14.6134,3.16436,0.8,0,1
502220,bullet5,0.922115,2.64974,0.8,0,1
502221,bullet3,5.36125,3.19255,0.8,0,1
502222,player,0.424729,2.54882,-0.030223,-0.0313201,1
502222,bullet6,0.824729,2.54882,0.8,0,1
502223,flyer1,5.99999,14.3488,-0.3,0,2
502223,flyer2,11.2393,4.74637,-0.263034,-0.144268,2
502224,bullet1,0.805009,2.52839,0.8,0,1
502225,bullet5,4.92211,2.64974,0.8,0,1
502226,bullet3,9.36125,3.19255,0.8,0,1
502227,player,0.400458,3.01304,-0.000557699,0.151297,1
502227,bullet6,4.82473,2.54882,0.8,0,1
502228,flyer1,4.49999,14.3488,-0.3,0,2
502228,flyer2,9.92415,4.02503,-0.263034,-0.144268,2
502229,bullet1,4.80501,2.52839,0.8,0,1
502230,bullet5,8.92212,2.64974,0.8,0,1
502231,bullet3,13.3613,3.19255,0.8,0,1
502232,player,0.4,3.23365,0,-0.118328,1
502233,flyer1,2.99999,14.3488,-0.3,0,2
502233,flyer2,8.60898,3.30369,-0.263034,-0.144268,0
502233,bullet4,0.8,3.1804,0.8,0,1
502234,bullet2,0.8,3.15644,0.8,0,1
502235,bullet5,12.9221,2.64974,0.8,0,1
502237,player,0.4,3.47612,-0,0.335316,1
502238,flyer1,1.49999,14.3488,-0.3,0,2
502238,bullet4,4.8,3.1804,0.8,0,1
502239,bullet2,4.8,3.15644,0.8,0,1
502240,flyer4,16.5,14.3488,-0.297314,-0.040055,2
502241,bullet6,0.8,3.83832,0.8,0,1
502242,player,0.4,3.79,0,-0.0483166,1
502243,flyer1,-6.4373e-06,14.3488,-0.3,0,2
502243,bullet4,8.8,3.1804,0.8,0,1
502244,bullet2,8.8,3.15644,0.8,0,1
502245,flyer4,15.0134,14.1485,-0.297314,-0.040055,2
502246,bullet6,4.8,3.83832,0.8,0,1
502246,bullet1,0.8,4.30981,0.8,0,1
502247,player,0.4,4.33967,0,0.0298631,1
502248,bullet4,12.8,3.1804,0.8,0,1
502249,bullet2,12.8,3.15644,0.8,0,1
502250,flyer4,13.5269,13.9483,-0.297314,-0.040055,2
502251,bullet6,8.8,3.83832,0.8,0,1
502251,bullet1,4.8,4.30981,0.8,0,1
502252,player,0.4,4.36366,0,0.000551058,1
502253,bullet3,0.8,4.36391,0.8,0,1
502255,flyer4,12.0403,13.748,-0.297314,-0.040055,2
502256,bullet6,12.8,3.83832,0.8,0,1
502256,bullet1,8.8,4.30981,0.8,0,1
502257,player,0.988474,3.77563,0.0307547,-0.0307445,1
502257,bullet5,1.38847,3.77563,0.8,0,1
502258,bullet3,4.8,4.36391,0.8,0,1
502260,flyer4,10.5537,13.5477,-0.297314,-0.040055,2
502261,bullet1,12.8,4.30981,0.8,0,1
502262,player,1.12611,3.26156,-0.137468,-0.152442,1
502262,bullet5,5.38847,3.77563,0.8,0,1
502263,bullet3,8.8,4.36391,0.8,0,1
502264,bullet4,1.92579,2.67272,0.8,0,1
502265,flyer4,9.06716,13.3474,-0.297314,-0.040055,2
502267,player,1.28053,2.53682,-0.326197,-0.0166526,1
502267,bullet5,9.38847,3.77563,0.8,0,1
502268,bullet3,12.8,4.36391,0.8,0,1
502269,bullet4,5.92579,2.67272,0.8,0,1
502270,flyer4,7.58059,13.1472,-0.297314,-0.040055,2
502270,bullet2,0.880239,3.08216,0.8,0,1
502272,player,0.905624,3.12577,0.132016,0.0135323,1
502272,bullet5,13.3885,3.77563,0.8,0,1
502274,bullet4,9.92579,2.67272,0.8,0,1
502274,bullet6,1.88114,2.64522,0.8,0,1
502275,flyer4,6.09402,12.9469,-0.297314,-0.040055,2
502275,bullet2,4.88024,3.08216,0.8,0,1
502276,bullet1,1.99768,2.54791,0.8,0,1
502277,player,1.95146,2.53432,0.353776,-0.0135899,1
502279,bullet4,13.9258,2.67272,0.8,0,1
502279,bullet6,5.88114,2.64522,0.8,0,1
502280,flyer4,4.60745,12.7466,-0.297314,-0.040055,2
502280,bullet2,8.88024,3.08216,0.8,0,1
502281,bullet1,5.99768,2.54791,0.8,0,1
502282,player,2.23557,2.5234,0.00652816,-0.000250772,1
502283,bullet3,2.63851,2.52329,0.8,0,1
502284,bullet6,9.88114,2.64522,0.8,0,1
502285,flyer4,3.12088,12.5463,-0.297314,-0.040055,2
502285,bullet2,12.8802,3.08216,0.8,0,1
502286,bullet1,9.99768,2.54791,0.8,0,1
502287,player,2.82929,3.44918,0.0308752,0.36825,1
502288,bullet3,6.63851,2.52329,0.8,0,1
502289,bullet6,13.8811,2.64522,0.8,0,1
502290,flyer4,1.63431,12.346,-0.297314,-0.040055,2
502290,bullet5,3.25224,3.72302,0.8,0,1
502291,bullet1,13.9977,2.54791,0.8,0,1
502292,player,2.85408,3.74491,0.000569733,0.00679525,1
502293,bullet3,10.6385,2.52329,0.8,0,1
502294,bullet4,3.74383,3.74935,0.8,0,1
502295,flyer4,0.147737,12.1458,-0.297314,-0.040055,2
502295,bullet5,7.25225,3.72302,0.8,0,1
502297,player,3.30498,3.75037,0.199475,0.000125391,1
502298,flyer3,16.5,7.63173,-0.229335,-0.193405,2
502298,bullet3,14.6385,2.52329,0.8,0,1
502299,bullet4,7.74383,3.74935,0.8,0,1
502300,bullet5,11.2522,3.72302,0.8,0,1
502301,flyer5,16.5,7.63173,-0.3,0,2
502301,bullet2,3.86149,4.30819,0.8,0,1
502302,player,3.46517,4.33894,0.00368088,0.030757,1
502303,flyer3,15.3533,6.66471,-0.229335,-0.193405,2
502304,bullet4,11.7438,3.74935,0.8,0,1
502305,bullet5,15.2522,3.72302,0.8,0,1
502306,flyer5,15,7.63173,-0.3,0,2
502306,bullet2,7.86149,4.30819,0.8,0,1
502307,player,5.14829,3.77517,0.196537,-0.0301871,1
502308,flyer3,14.2066,5.69768,-0.229335,-0.193405,2
502309,bullet4,15.7438,3.74935,0.8,0,1
502310,flyer6,16.5,12.4236,-0.299356,-0.0196541,2
502311,flyer5,13.5,7.63173,-0.3,0,2
502311,bullet2,11.8615,4.30819,0.8,0,1
502311,bullet6,5.11402,3.75148,0.8,0,1
502312,player,4.70381,3.75093,-0.0102129,-0.000557038,1
502313,flyer3,13.06,4.73066,-0.229335,-0.193405,1
502313,bullet1,5.09921,3.75068,0.8,0,1
502315,flyer6,15.0032,12.3253,-0.299356,-0.0196541,2
502316,flyer5,12,7.63173,-0.3,0,2
502316,bullet6,9.11403,3.75148,0.8,0,1
502317,player,4.7947,4.23985,-0.121309,0.151865,1
502318,flyer3,11.9133,3.76364,-0.229335,-0.193405,1
502318,bullet1,9.09921,3.75068,0.8,0,1
502320,flyer6,13.5064,12.2271,-0.299356,-0.0196541,2
502320,bullet3,5.1045,3.79507,0.8,0,1
502321,flyer5,10.5,7.63173,-0.3,0,2
502322,player,4.20791,3.27013,-0.154114,-0.162912,1
502323,bullet1,13.0992,3.75068,0.8,0,1
502325,flyer6,12.0097,12.1288,-0.299356,-0.0196541,2
502325,bullet3,9.1045,3.79507,0.8,0,1
502325,bullet5,4.49331,3.14898,0.8,0,1
502326,flyer5,9,7.63173,-0.3,0,2
502327,player,4.08414,3.13929,-0.00284383,-0.00300619,1
502327,bullet4,4.48414,3.13929,0.8,0,1
502328,bullet2,3.68286,3.13794,-0.8,-6.99382e-08,1
502330,flyer6,10.5129,12.0305,-0.299356,-0.0196541,2
502330,bullet3,13.1045,3.79507,0.8,0,1
502330,bullet5,8.49331,3.14898,0.8,0,1
502331,flyer5,7.5,7.63173,-0.3,0,2
502332,player,4.08186,3.13688,-5.24766e-05,-5.54727e-05,1
502332,bullet4,8.48414,3.13929,0.8,0,1
502333,bullet2,-0.317137,3.13794,-0.8,-6.99382e-08,1
502335,flyer6,9.01611,11.9322,-0.299356,-0.0196541,2
502335,bullet5,12.4933,3.14898,0.8,0,1
502335,bullet6,3.99244,3.13684,0.8,0,1
502336,flyer5,5.99999,7.63173,-0.3,0,2
502337,player,3.49334,3.13684,-0.0307557,-1.02363e-06,1
502337,bullet4,12.4841,3.13929,0.8,0,1
502337,bullet1,3.89334,3.13684,0.8,0,1
502340,flyer6,7.51934,11.834,-0.299356,-0.0196541,2
502340,bullet6,7.99245,3.13684,0.8,0,1
502340,bullet2,3.31275,3.69456,0.8,0,1
502341,flyer5,4.49999,7.63173,-0.3,0,2
502342,player,2.86633,3.40165,-0.0144071,-0.32366,1
502342,bullet1,7.89334,3.13684,0.8,0,1
502345,flyer6,6.02256,11.7357,-0.299356,-0.0196541,2
502345,bullet6,11.9924,3.13684,0.8,0,1
502345,bullet2,7.31275,3.69456,0.8,0,1
502346,flyer5,2.99999,7.63173,-0.3,0,2
502347,player,2.89936,4.30175,-0.05477,0.0762109,1
502347,bullet1,11.8933,3.13684,0.8,0,1
502347,bullet3,3.29936,4.30175,0.8,0,1
502350,flyer6,4.52578,11.6374,-0.299356,-0.0196541,2
502350,bullet6,15.9924,3.13684,0.8,0,1
502350,bullet2,11.3128,3.69456,0.8,0,1
502351,flyer5,1.49999,7.63173,-0.3,0,2
502352,player,3.19287,4.14274,0.336489,0.270563,1
502352,bullet1,15.8933,3.13684,0.8,0,1
502352,bullet3,7.29936,4.30175,0.8,0,1
502354,bullet5,3.81243,4.31928,0.8,0,1
502355,flyer6,3.029,11.5392,-0.299356,-0.0196541,2
502355,bullet2,15.3128,3.69456,0.8,0,1
502356,flyer5,-6.4373e-06,7.63173,-0.3,0,2
502357,player,3.68332,5.25524,-0.262947,0.410836,1
502357,bullet3,11.2994,4.30175,0.8,0,1
502358,flayer8,16.5,12.4236,-0.3,0,2
502359,bullet5,7.81243,4.31928,0.8,0,1
502360,flyer6,1.53223,11.4409,-0.299356,-0.0196541,2
502360,bullet4,3.88778,5.56075,0.8,0,1
502362,player,3.47215,5.58518,-0.00485211,0.00758109,1
502362,bullet3,15.2994,4.30175,0.8,0,1
502362,bullet6,3.87215,5.58518,0.8,0,1
502363,flayer8,15,12.4236,-0.3,0,2
502364,bullet5,11.8124,4.31928,0.8,0,1
502365,flyer6,0.0354481,11.3426,-0.299356,-0.0196541,2
502365,bullet4,7.88779,5.56075,0.8,0,1
502367,player,2.57303,5.59127,-0.405933,0.000139892,1
502367,bullet6,7.87215,5.58518,0.8,0,1
502368,flayer8,13.5,12.4236,-0.3,0,2
502369,bullet5,15.8124,4.31928,0.8,0,1
502370,flayer7,16.5,12.4236,-0.266809,0.13716,2
502370,bullet4,11.8878,5.56075,0.8,0,1
502372,player,2.84935,4.98907,0.006349,-0.013837,1
502372,bullet6,11.8722,5.58518,0.8,0,1
502372,bullet1,3.24935,4.98907,0.8,0,1
502373,flayer8,12,12.4236,-0.3,0,2
502375,flayer7,15.166,13.1094,-0.266809,0.13716,2
502375,bullet4,15.8878,5.56075,0.8,0,1
502377,player,2.29673,5.53567,-0.0682266,0.0680884,1
502377,bullet6,15.8722,5.58518,0.8,0,1
502377,bullet1,7.24935,4.98907,0.8,0,1
502378,flayer8,10.5,12.4236,-0.3,0,2
502378,flyer2,16.5,12.7326,-0.3,0,2
502380,flayer7,13.8319,13.7952,-0.266809,0.13716,2
502381,bullet2,2.43167,4.44291,-0.8,-6.99382e-08,1
502382,player,2.84425,4.06207,0.0125806,-0.380838,1
502382,bullet1,11.2494,4.98907,0.8,0,1
502383,flayer8,9,12.4236,-0.3,0,2
502383,flyer2,15,12.7326,-0.3,0,2
502385,flayer7,12.4979,14.481,-0.266809,0.13716,2
502386,bullet3,3.25412,3.27388,0.8,0,1
502387,player,2.85435,3.1985,0.000232148,-0.0753713,1
502387,bullet1,15.2494,4.98907,0.8,0,1
502388,flayer8,7.5,12.4236,-0.3,0,2
502388,flyer2,13.5,12.7326,-0.3,0,2
502388,bullet5,3.25446,3.16459,0.8,0,1
502390,flayer7,11.1638,15.1668,-0.266809,0.13716,2
502391,bullet3,7.25412,3.27388,0.8,0,1
502392,player,1.77669,3.03888,-0.182625,0.11973,1
502393,flayer8,5.99999,12.4236,-0.3,0,2
502393,flyer2,12,12.7326,-0.3,0,2
502393,bullet5,7.25446,3.16459,0.8,0,1
502395,flayer7,9.82976,15.8526,-0.266809,0.13716,2
502396,bullet3,11.2541,3.27388,0.8,0,1
502396,bullet4,0.887205,3.69054,0.8,0,1
502397,player,0.43924,3.7235,-0.0479642,0.032964,1
502398,flayer8,4.49999,12.4236,-0.3,0,2
502398,flyer2,10.5,12.7326,-0.3,0,2
502398,bullet5,11.2545,3.16459,0.8,0,1
502399,bullet6,0.807944,3.25564,0.8,0,1
502401,bullet3,15.2541,3.27388,0.8,0,1
502401,bullet4,4.8872,3.69054,0.8,0,1
502402,player,0.400721,3.14766,-0.000885075,-0.0132313,1
502403,flayer8,2.99999,12.4236,-0.3,0,2
502403,flyer2,9,12.7326,-0.3,0,2
502403,bullet5,15.2545,3.16459,0.8,0,1
502403,bullet2,0.800323,3.14171,0.8,0,1
502404,bullet6,4.80794,3.25564,0.8,0,1
502406,bullet4,8.88721,3.69054,0.8,0,1
502406,bullet1,1.35775,2.57956,0.8,0,1
502407,player,0.988484,2.54856,0.0307384,-0.0309988,1
502408,flayer8,1.49999,12.4236,-0.3,0,2
502408,flyer2,7.5,12.7326,-0.3,0,2
502408,bullet2,4.80032,3.14171,0.8,0,1
502409,bullet6,8.80794,3.25564,0.8,0,1
502411,bullet4,12.8872,3.69054,0.8,0,1
502411,bullet1,5.35775,2.57956,0.8,0,1
502412,player,1.01317,3.08139,0.000567209,0.0677717,1
502413,flayer8,-6.4373e-06,12.4236,-0.3,0,2
502413,flyer2,5.99999,12.7326,-0.3,0,2
502413,bullet2,8.80032,3.14171,0.8,0,1
502414,bullet6,12.8079,3.25564,0.8,0,1
502416,bullet1,9.35775,2.57956,0.8,0,1
502417,player,0.425151,3.13581,-0.0307442,0.00125058,1
502417,bullet3,0.825151,3.13581,0.8,0,1
502418,flyer2,4.49999,12.7326,-0.3,0,2
502418,bullet2,12.8003,3.14171,0.8,0,1
502421,bullet1,13.3577,2.57956,0.8,0,1
502422,player,1.56049,2.60285,0.081616,-0.0973478,1
502422,bullet3,4.82515,3.13581,0.8,0,1
502423,flyer2,2.99999,12.7326,-0.3,0,2
502423,flyer1,16.5,12.7326,-0.3,0,2
502423,bullet5,1.99722,2.55904,0.8,0,1
502427,player,2.21451,1.44682,0.0322607,-0.184426,1
502427,bullet3,8.82515,3.13581,0.8,0,1
502428,flyer2,1.49999,12.7326,-0.3,0,2
502428,flyer1,15,12.7326,-0.3,0,2
502428,bullet5,5.99722,2.55904,0.8,0,1
502430,bullet4,3.19622,1.30968,0.8,0,1
502432,player,2.35336,1.29871,-0.13744,-0.00340318,1
502432,bullet3,12.8252,3.13581,0.8,0,1
502433,flyer2,-6.4373e-06,12.7326,-0.3,0,2
502433,flyer1,13.5,12.7326,-0.3,0,2
502433,bullet5,9.99722,2.55904,0.8,0,1
502435,bullet4,7.19622,1.30968,0.8,0,1
502437,player,1.05219,2.97614,-0.0471305,0.196406,1
502437,flyer4,16.5,6.07965,-0.284892,-0.0940043,2
502437,bullet6,1.45219,2.97614,0.8,0,1
502438,flyer1,12,12.7326,-0.3,0,2
502438,bullet5,13.9972,2.55904,0.8,0,1
502439,bullet2,1.42144,3.10429,0.8,0,1
502440,bullet4,11.1962,1.30968,0.8,0,1
502442,player,1.01434,3.13387,-0.000869689,0.00362425,1
502442,flyer4,15.0755,5.60962,-0.284892,-0.0940043,2
502442,bullet6,5.4522,2.97614,0.8,0,1
502443,flyer1,10.5,12.7326,-0.3,0,2
502443,bullet1,1.41395,3.1355,0.8,0,1
502444,bullet2,5.42144,3.10429,0.8,0,1
502445,bullet4,15.1962,1.30968,0.8,0,1
502447,player,0.425173,3.13678,-0.0307707,6.68776e-05,1
502447,flyer4,13.6511,5.1396,-0.284892,-0.0940043,2
502447,bullet6,9.4522,2.97614,0.8,0,1
502447,bullet3,0.825173,3.13678,0.8,0,1
502448,flyer1,9,12.7326,-0.3,0,2
502448,bullet1,5.41395,3.1355,0.8,0,1
502449,bullet2,9.42144,3.10429,0.8,0,1
502452,player,0.737961,2.79933,0.336932,-0.337499,1
502452,flyer4,12.2266,4.66958,-0.284892,-0.0940043,2
502452,bullet6,13.4522,2.97614,0.8,0,1
502452,bullet3,4.82517,3.13678,0.8,0,1
502453,flyer1,7.5,12.7326,-0.3,0,2
502453,bullet1,9.41395,3.1355,0.8,0,1
502454,bullet2,13.4214,3.10429,0.8,0,1
502457,player,1.00855,2.03892,0.00621735,-0.158103,1
502457,flyer4,10.8022,4.19956,-0.284892,-0.0940043,2
502457,bullet3,8.82517,3.13678,0.8,0,1
502458,flyer1,5.99999,12.7326,-0.3,0,2
502458,bullet1,13.414,3.1355,0.8,0,1
502458,bullet5,1.41134,1.96777,0.8,0,1
502459,bullet4,1.4126,1.93576,0.8,0,1
502462,player,1.50291,1.42257,0.15199,-0.154792,1
502462,flyer4,9.37772,3.72954,-0.284892,-0.0940043,1
502463,flyer1,4.49999,12.7326,-0.3,0,2
502463,bullet5,5.41134,1.96777,0.8,0,1
502464,bullet4,5.4126,1.93576,0.8,0,1
502466,bullet6,2.51155,0.811744,0.8,0,1
502467,player,2.18269,0.740544,0.0711484,-0.0712001,1
502467,flyer4,7.95327,3.25952,-0.284892,-0.0940043,1
502468,flyer1,2.99999,12.7326,-0.3,0,2
502468,bullet5,9.41134,1.96777,0.8,0,1
502469,bullet4,9.4126,1.93576,0.8,0,1
502469,bullet2,2.62912,0.694085,0.8,0,1
502471,bullet6,6.51155,0.811744,0.8,0,1
502472,player,2.72921,0.4,0.153188,-0,1
502472,flyer4,6.52881,2.7895,-0.284892,-0.0940043,1
502473,flyer1,1.49999,12.7326,-0.3,0,2
502473,bullet5,13.4113,1.96777,0.8,0,1
502474,bullet4,13.4126,1.93576,0.8,0,1
502474,bullet2,6.62912,0.694085,0.8,0,1
502476,bullet6,10.5115,0.811744,0.8,0,1
502477,player,2.18157,0.4,0.0725184,0,1
502477,flyer4,5.10435,2.31947,-0.284892,-0.0940043,1
502478,flyer1,-6.4373e-06,12.7326,-0.3,0,2
502479,bullet2,10.6291,0.694085,0.8,0,1
502480,flyer3,16.5,6.07965,-0.3,0,2
502480,bullet3,2.6355,0.957719,0.8,0,1
502481,bullet6,14.5115,0.811744,0.8,0,1
502482,player,2.23981,0.664813,0.00133817,-0.32366,1
502482,flyer4,3.67989,1.84945,-0.284892,-0.0940043,0
502484,bullet2,14.6291,0.694085,0.8,0,1
502485,flyer3,15,6.07965,-0.3,0,2
502486,bullet1,2.73996,0.889375,0.8,0,1
502487,player,2.28548,0.957719,-0.0544794,0.0683438,1
502487,flyer5,16.5,6.07965,-0.3,0,2
502488,flyer6,16.5,6.07965,-0.3,0,2
502488,bullet5,2.66096,0.988474,0.8,0,1
502490,flyer3,13.5,6.07965,-0.3,0,2
502490,bullet4,2.64497,1.00854,0.8,0,1
502491,bullet1,6.73996,0.889375,0.8,0,1
502492,player,2.24173,1.0126,-0.0010053,0.00126113,1
502492,flyer5,15,6.07965,-0.3,0,2
502492,bullet3,2.64173,1.0126,0.8,0,1
502493,flyer6,15,6.07965,-0.3,0,2
502493,bullet5,6.66096,0.988474,0.8,0,1
502495,flyer3,12,6.07965,-0.3,0,2
502495,bullet4,6.64497,1.00854,0.8,0,1
502496,bullet1,10.74,0.889375,0.8,0,1
502497,player,2.57842,0.411305,0.337481,-0.0138163,1
502497,flyer5,13.5,6.07965,-0.3,0,2
502497,bullet3,6.64173,1.0126,0.8,0,1
502498,flyer6,13.5,6.07965,-0.3,0,2
502498,bullet5,10.661,0.988474,0.8,0,1
502500,flyer3,10.5,6.07965,-0.3,0,2
502500,bullet4,10.645,1.00854,0.8,0,1
502501,bullet1,14.74,0.889375,0.8,0,1
502502,player,2.26097,0.400209,-0.0245272,-0.00025495,1
502502,flyer5,12,6.07965,-0.3,0,2
502502,bullet3,10.6417,1.0126,0.8,0,1
502503,flyer6,12,6.07965,-0.3,0,2
502503,bullet5,14.661,0.988474,0.8,0,1
502504,bullet6,2.64497,0.400043,0.8,0,1
502505,flyer3,9,6.07965,-0.3,0,2
502505,bullet4,14.645,1.00854,0.8,0,1
502506,bullet2,2.64173,0.400009,0.8,0,1
502507,player,2.57877,0.400004,0.337047,-4.70455e-06,1
502507,flyer5,10.5,6.07965,-0.3,0,2
502507,bullet3,14.6417,1.0126,0.8,0,1
502508,flyer6,10.5,6.07965,-0.3,0,2
502509,bullet6,6.64497,0.400043,0.8,0,1
502510,flyer3,7.5,6.07965,-0.3,0,2
502510,bullet1,3.22941,0.400001,0.8,0,1
502511,bullet2,6.64173,0.400009,0.8,0,1
502511,bullet5,3.24323,0.4,0.8,0,1
502512,player,2.84945,0.4,0.00621947,-8.68122e-08,1
502512,flyer5,9,6.07965,-0.3,0,2
502513,flyer6,9,6.07965,-0.3,0,2
502514,bullet6,10.645,0.400043,0.8,0,1
502515,flyer3,5.99999,6.07965,-0.3,0,2
502515,bullet1,7.22941,0.400001,0.8,0,1
502516,bullet2,10.6417,0.400009,0.8,0,1
502516,bullet5,7.24323,0.4,0.8,0,1
502517,player,2.35123,1.00231,-0.134845,0.0138396,1
502517,flyer5,7.5,6.07965,-0.3,0,2
502518,flyer6,7.5,6.07965,-0.3,0,2
502519,bullet6,14.645,0.400043,0.8,0,1
502520,flyer3,4.49999,6.07965,-0.3,0,2
502520,bullet1,11.2294,0.400001,0.8,0,1
502521,bullet2,14.6417,0.400009,0.8,0,1
502521,bullet5,11.2432,0.4,0.8,0,1
502522,player,2.24294,1.01343,-0.00248827,0.00025538,1
502522,flyer5,5.99999,6.07965,-0.3,0,2
502523,flyer6,5.99999,6.07965,-0.3,0,2
502523,bullet4,2.64182,1.01354,0.8,0,1
502525,flyer3,2.99999,6.07965,-0.3,0,2
502525,bullet1,15.2294,0.400001,0.8,0,1
502526,bullet5,15.2432,0.4,0.8,0,1
502526,bullet3,2.08327,1.57135,0.8,0,1
502527,player,1.65247,1.60211,-0.0308006,0.0307594,1
502527,flyer5,4.49999,6.07965,-0.3,0,2
502527,bullet6,2.05247,1.60211,0.8,0,1
502528,flyer6,4.49999,6.07965,-0.3,0,2
502528,bullet4,6.64182,1.01354,0.8,0,1
502530,flyer3,1.49999,6.07965,-0.3,0,2
502530,bullet2,2.51894,1.62498,0.8,0,1
502531,bullet3,6.08327,1.57135,0.8,0,1
502532,player,2.2162,1.62681,0.0301863,0.000567597,1
502532,flyer5,2.99999,6.07965,-0.3,0,2
502532,bullet6,6.05247,1.60211,0.8,0,1
502533,flyer6,2.99999,6.07965,-0.3,0,2
502533,bullet4,10.6418,1.01354,0.8,0,1
502535,flyer3,-6.4373e-06,6.07965,-0.3,0,2
502535,bullet2,6.51894,1.62498,0.8,0,1
502536,bullet3,10.0833,1.57135,0.8,0,1
502537,player,2.24045,1.62726,0.000557023,1.04738e-05,1
502537,flyer5,1.49999,6.07965,-0.3,0,2
502537,bullet6,10.0525,1.60211,0.8,0,1
502538,flyer6,1.49999,6.07965,-0.3,0,2
502538,bullet4,14.6418,1.01354,0.8,0,1
502540,bullet2,10.5189,1.62498,0.8,0,1
502541,bullet3,14.0833,1.57135,0.8,0,1
502542,player,2.73027,1.62727,0.151885,1.9327e-07,1
502542,flyer5,-6.4373e-06,6.07965,-0.3,0,2
502542,bullet6,14.0525,1.60211,0.8,0,1
502543,flyer6,-6.4373e-06,6.07965,-0.3,0,2
502544,finish,18.9485,8,-0.2,0,1
502545,bullet2,14.5189,1.62498,0.8,0,1
502546,flayer7,16.5,11.7451,-0.3,0,2
502547,player,2.89684,0.46724,-0.0517014,-0.0821834,1
502547,flayer8,16.5,7.71701,-0.3,0,2
502547,bullet1,3.29684,0.46724,0.8,0,1
502549,finish,17.9485,8,-0.2,0,1
502551,flayer7,15,11.7451,-0.3,0,2
502552,player,1.76363,0.4,-0.166669,0,1
502552,flayer8,15,7.71701,-0.3,0,2
502552,bullet1,7.29684,0.46724,0.8,0,1
502552,bullet5,2.16363,0.4,0.8,0,1
502554,finish,16.9485,8,-0.2,0,1
502554,bullet4,2.05488,0.4,0.8,0,1
502555,bullet3,2.03969,0.4,0.8,0,1
502556,flayer7,13.5,11.7451,-0.3,0,2
502557,player,1.62978,0.4,-0.00307551,0,1
502557,flayer8,13.5,7.71701,-0.3,0,2
502557,bullet1,11.2968,0.46724,0.8,0,1
502557,bullet5,6.16363,0.4,0.8,0,1
502559,finish,15.9485,8,-0.2,0,1
502559,bullet4,6.05488,0.4,0.8,0,1
502560,bullet3,6.03969,0.4,0.8,0,1
502561,flayer7,12,11.7451,-0.3,0,2
502562,player,1.13794,0.4,-0.151932,-0,1
502562,flayer8,12,7.71701,-0.3,0,2
502562,bullet1,15.2968,0.46724,0.8,0,1
502562,bullet5,10.1636,0.4,0.8,0,1
502564,finish,14.9485,8,-0.2,0,1
502564,bullet4,10.0549,0.4,0.8,0,1
502564,bullet6,1.4388,0.4,0.8,0,1
502565,bullet3,10.0397,0.4,0.8,0,1
502566,flayer7,10.5,11.7451,-0.3,0,2
502567,player,1.01592,0.4,-0.00280357,0,1
502567,flayer8,10.5,7.71701,-0.3,0,2
502567,bullet5,14.1636,0.4,0.8,0,1
502569,finish,13.9485,8,-0.2,0,1
502569,bullet4,14.0549,0.4,0.8,0,1
502569,bullet6,5.4388,0.4,0.8,0,1
502570,bullet3,14.0397,0.4,0.8,0,1
502571,flayer7,9,11.7451,-0.3,0,2
502571,bullet2,0.825249,0.4,0.8,0,1
502572,player,0.748857,0.4,0.323609,0,1
502572,flayer8,9,7.71701,-0.3,0,2
502574,finish,12.9485,8,-0.2,0,1
502574,bullet6,9.4388,0.4,0.8,0,1
502574,bullet1,1.36001,0.4,0.8,0,1
502576,flayer7,7.5,11.7451,-0.3,0,2
502576,bullet2,4.82525,0.4,0.8,0,1
502577,player,0.451024,0.957719,-0.0623723,0.0683438,1
502577,flayer8,7.5,7.71701,-0.3,0,2
502577,bullet5,0.851024,0.957719,0.8,0,1
502579,finish,11.9485,8,-0.2,0,1
502579,bullet6,13.4388,0.4,0.8,0,1
502579,bullet1,5.36001,0.4,0.8,0,1
502581,flayer7,5.99999,11.7451,-0.3,0,2
502581,bullet2,8.82525,0.4,0.8,0,1
502582,player,0.4,0.96801,0,0.0557653,1
502582,flayer8,5.99999,7.71701,-0.3,0,2
502582,bullet5,4.85102,0.957719,0.8,0,1
502584,finish,10.9485,8,-0.2,0,1
502584,bullet1,9.36001,0.4,0.8,0,1
502584,bullet4,0,1.0044,-0.8,-6.99382e-08,1
502585,bullet3,0.8,1.00948,0.8,0,1
502586,flayer7,4.49999,11.7451,-0.3,0,2
502586,bullet2,12.8253,0.4,0.8,0,1
502587,player,0.4,1.35029,-0,0.338529,1
502587,flayer8,4.49999,7.71701,-0.3,0,2
502587,bullet5,8.85102,0.957719,0.8,0,1
502589,finish,9.9485,8,-0.2,0,1
502589,bullet1,13.36,0.4,0.8,0,1
502590,bullet3,4.8,1.00948,0.8,0,1
502591,flayer7,2.99999,11.7451,-0.3,0,2
502592,player,0.4,2.21064,0,0.0370015,1
502592,flayer8,2.99999,7.71701,-0.3,0,2
502592,bullet5,12.851,0.957719,0.8,0,1
502594,finish,8.94851,8,-0.2,0,1
502595,bullet3,8.8,1.00948,0.8,0,1
502596,flayer7,1.49999,11.7451,-0.3,0,2
502597,player,0.889375,1.75098,0.151875,-0.151192,1
502597,flayer8,1.49999,7.71701,-0.3,0,2
502597,bullet6,1.28938,1.75098,0.8,0,1
502599,finish,7.94851,8,-0.2,0,1
502600,bullet3,12.8,1.00948,0.8,0,1
502601,flayer7,-6.4373e-06,11.7451,-0.3,0,2
502601,bullet4,1.96626,1.07463,0.8,0,1
502602,player,1.59982,1.04108,0.0335572,-0.0335446,1
502602,flayer8,-6.4373e-06,7.71701,-0.3,0,2
502602,bullet6,5.28938,1.75098,0.8,0,1
502604,finish,6.94851,8,-0.2,0,1
502604,bullet2,2.51109,1.50857,0.8,0,1
502606,bullet4,5.96626,1.07463,0.8,0,1
502607,player,2.56658,1.95396,0.351959,0.350721,1
502607,bullet6,9.28938,1.75098,0.8,0,1
