264355,player,9.93394,9.70648,0,0,1
264357,bullet1,9.84456,10.1959,0.8,0,1
264360,player,9.33162,10.3088,-0.0138396,0.0138396,1
264360,bullet2,9.73162,10.3088,0.8,0,1
264362,bullet1,13.8446,10.1959,0.8,0,1
264365,player,9.92282,10.3645,0.0135842,-0.0542488,1
264365,bullet2,13.7316,10.3088,0.8,0,1
264368,bullet3,10.3329,9.83479,0.8,0,1
264369,flyer1,16.5,12.1725,-0.3,0,2
264370,player,9.93372,9.73247,0.000250667,-0.0317557,1
264370,bullet4,10.3337,9.73247,0.8,0,1
264371,bullet5,10.3338,9.71818,0.8,0,1
264373,bullet3,14.3329,9.83479,0.8,0,1
264374,flyer1,15,12.1725,-0.3,0,2
264374,bullet6,9.53392,9.70755,-0.8,-6.99382e-08,1
264375,player,9.93393,9.70696,4.62552e-06,-0.000585982,1
264375,bullet4,14.3337,9.73247,0.8,0,1
264376,bullet5,14.3338,9.71818,0.8,0,1
264378,flyer2,16.5,12.1725,-0.294711,-0.0560847,2
264378,bullet1,10.8233,9.70653,0.8,0,1
264379,flyer1,13.5,12.1725,-0.3,0,2
264379,bullet6,5.53392,9.70755,-0.8,-6.99382e-08,1
264380,player,10.8599,10.044,0.368255,0.337489,1
264383,flyer2,15.0264,11.8921,-0.294711,-0.0560847,2
264383,bullet1,14.8233,9.70653,0.8,0,1
264383,bullet2,10.976,9.73724,0.8,0,1
264384,flyer1,12,12.1725,-0.3,0,2
264384,bullet6,1.53392,9.70755,-0.8,-6.99382e-08,1
264385,player,10.5533,9.22333,-0.00704427,-0.159487,1
264387,flyer3,16.5,12.1725,-0.3,0,2
264388,flyer2,13.5529,11.6116,-0.294711,-0.0560847,2
264388,bullet2,14.976,9.73724,0.8,0,1
264389,flyer1,10.5,12.1725,-0.3,0,2
264390,player,10.5477,9.0645,-0.000129987,0.0346461,1
264390,flyer4,16.5,8.9611,-0.287786,-0.0847297,2
264390,bullet3,10.9477,9.0645,0.8,0,1
264391,bullet4,10.9476,9.08009,0.8,0,1
264392,flyer3,15,12.1725,-0.3,0,2
264393,flyer2,12.0793,11.3312,-0.294711,-0.0560847,2
264393,bullet5,10.9476,9.09026,0.8,0,1
264394,flyer1,9,12.1725,-0.3,0,2
264395,player,10.8851,9.42982,0.337498,0.338139,1
264395,flyer4,15.0611,8.53745,-0.287786,-0.0847297,1
264397,flyer3,13.5,12.1725,-0.3,0,2
264397,bullet1,11.5053,9.65046,0.8,0,1
264398,flyer2,10.6058,11.0508,-0.294711,-0.0560847,2
264398,bullet5,14.9476,9.09026,0.8,0,1
264398,bullet6,11.536,9.68127,0.8,0,1
264399,flyer1,7.5,12.1725,-0.3,0,2
264400,player,11.1561,9.70138,0.00622778,0.00623962,1
264400,bullet2,11.5561,9.70138,0.8,0,1
264402,flyer3,12,12.1725,-0.3,0,2
264402,bullet1,15.5053,9.65046,0.8,0,1
264403,flyer2,9.13222,10.7704,-0.294711,-0.0560847,2
264403,bullet6,15.536,9.68127,0.8,0,1
264404,flyer1,5.99999,12.1725,-0.3,0,2
264405,player,9.66358,9.99929,-0.419568,0.392119,1
264405,bullet2,15.5561,9.70138,0.8,0,1
264407,flyer3,10.5,12.1725,-0.3,0,2
264407,flyer5,16.5,8.9611,-0.249805,0.166125,2
264408,flyer2,7.65867,10.4899,-0.294711,-0.0560847,2
264408,bullet3,10.241,9.80151,0.8,0,1
264409,flyer1,4.49999,12.1725,-0.3,0,2
264410,player,9.91511,9.72573,0.0230125,-0.023519,1
264410,bullet4,10.3151,9.72573,0.8,0,1
264412,flyer3,9,12.1725,-0.3,0,2
264412,flyer5,15.251,9.79173,-0.249805,0.166125,2
264413,flyer2,6.18511,10.2095,-0.294711,-0.0560847,2
264414,flyer1,2.99999,12.1725,-0.3,0,2
264414,bullet5,10.8909,9.70727,0.8,0,1
264415,player,10.8596,10.0443,0.368679,0.337066,1
264417,flyer3,7.5,12.1725,-0.3,0,2
264417,bullet1,10.7001,10.2643,-0.8,-6.99382e-08,1
264418,flyer2,4.71156,9.9291,-0.294711,-0.0560847,2
264419,flyer1,1.49999,12.1725,-0.3,0,2
264419,bullet5,14.8909,9.70727,0.8,0,1
264420,player,11.1556,10.315,0.00680317,0.00621982,1
264421,bullet6,11.5587,10.3178,0.8,0,1
264422,flyer3,5.99999,12.1725,-0.3,0,2
264422,bullet1,6.70013,10.2643,-0.8,-6.99382e-08,1
264423,flyer2,3.238,9.64868,-0.294711,-0.0560847,2
264424,flyer1,-6.4373e-06,12.1725,-0.3,0,2
264424,bullet2,12.1187,10.3199,0.8,0,1
264425,player,11.7496,10.32,0.0308802,0.000114773,1
264426,bullet6,15.5587,10.3178,0.8,0,1
264427,flyer3,4.49999,12.1725,-0.3,0,2
264427,bullet3,12.1697,10.3201,0.8,0,1
264428,flyer2,1.76445,9.36826,-0.294711,-0.0560847,1
264429,bullet2,16.1187,10.3199,0.8,0,1
264430,player,11.2167,10.3201,-0.0677739,2.11789e-06,1
264430,bullet4,11.6167,10.3201,0.8,0,1
264432,flyer3,2.99999,12.1725,-0.3,0,2
264432,bullet3,16.1697,10.3201,0.8,0,1
264432,bullet5,11.5724,10.3201,0.8,0,1
264433,flyer2,0.290893,9.08783,-0.294711,-0.0560847,1
264434,bullet1,11.5635,10.3201,0.8,0,1
264435,player,11.1622,10.3201,-0.00125062,3.9081e-08,1
264435,bullet4,15.6167,10.3201,0.8,0,1
264435,bullet6,11.5622,10.3201,0.8,0,1
264437,flyer3,1.49999,12.1725,-0.3,0,2
264437,bullet5,15.5724,10.3201,0.8,0,1
264439,flyer6,16.5,8.9611,-0.296033,-0.048626,2
264439,bullet1,15.5635,10.3201,0.8,0,1
264439,bullet2,11.5613,10.8778,0.8,0,1
264440,player,11.1612,10.9086,-2.30774e-05,0.0307547,1
264440,bullet6,15.5622,10.3201,0.8,0,1
264441,bullet3,11.5612,10.9224,0.8,0,1
264442,flyer3,-6.4373e-06,12.1725,-0.3,0,2
264442,bullet4,11.5612,10.9287,0.8,0,1
264444,flyer6,15.0198,8.71797,-0.296033,-0.048626,2
264444,bullet2,15.5613,10.8778,0.8,0,1
264444,bullet5,11.5612,10.9327,0.8,0,1
264445,player,11.1612,10.9333,-4.25844e-07,0.00056751,1
264446,bullet3,15.5612,10.9224,0.8,0,1
264446,bullet1,11.5612,10.9336,0.8,0,1
264447,bullet4,15.5612,10.9287,0.8,0,1
264449,flyer6,13.5397,8.47484,-0.296033,-0.048626,2
264449,flayer7,16.5,8.9611,-0.234288,0.187374,2
264449,bullet5,15.5612,10.9327,0.8,0,1
264450,player,10.6718,11.4231,-0.151875,0.151885,1
264451,flayer8,16.5,8.9611,-0.233479,0.188382,2
264451,bullet1,15.5612,10.9336,0.8,0,1
264452,bullet6,10.9727,11.5222,0.8,0,1
264454,flyer6,12.0595,8.23171,-0.296033,-0.048626,2
264454,flayer7,15.3286,9.89797,-0.234288,0.187374,2
264455,player,10.0605,12.0345,-0.154678,0.154678,1
264456,flayer8,15.3326,9.90301,-0.233479,0.188382,2
264457,bullet6,14.9727,11.5222,0.8,0,1
264459,flyer6,10.5793,7.98858,-0.296033,-0.048626,2
264459,flayer7,14.1571,10.8348,-0.234288,0.187374,2
264459,flyer4,16.5,4.11315,-0.26633,-0.138089,2
264459,bullet2,9.19293,12.1559,0.8,0,1
264460,player,8.74548,12.1587,-0.0474485,0.00285424,1
264460,bullet3,9.14548,12.1587,0.8,0,1
264461,flayer8,14.1652,10.8449,-0.233479,0.188382,2
264463,bullet4,9.1102,12.1608,0.8,0,1
264464,flyer6,9.09918,7.74545,-0.296033,-0.048626,2
264464,flayer7,12.9857,11.7717,-0.234288,0.187374,0
264464,flyer4,15.1684,3.42271,-0.26633,-0.138089,2
264464,bullet5,9.10826,12.161,0.8,0,1
264465,player,8.70738,12.161,-0.000875559,5.26687e-05,1
264466,flayer8,12.9978,11.7868,-0.233479,0.188382,2
264466,bullet1,8.30699,12.161,-0.8,-6.99382e-08,1
264469,flyer6,7.61901,7.50232,-0.296033,-0.048626,2
264469,flyer4,13.8367,2.73226,-0.26633,-0.138089,2
264470,player,9.29515,12.2601,0.0307385,-0.121119,1
264470,bullet6,9.69515,12.2601,0.8,0,1
264471,bullet1,4.30698,12.161,-0.8,-6.99382e-08,1
264473,bullet2,9.718,12.1701,0.8,0,1
264474,flyer6,6.13885,7.25919,-0.296033,-0.048626,2
264474,flyer4,12.5051,2.04182,-0.26633,-0.138089,2
264474,bullet3,9.71926,12.1651,0.8,0,1
264475,player,9.31983,12.1629,0.000567212,-0.00223499,1
264475,bullet6,13.6951,12.2601,0.8,0,1
264476,bullet1,0.306985,12.161,-0.8,-6.99382e-08,1
264478,bullet2,13.718,12.1701,0.8,0,1
264479,flyer6,4.65868,7.01606,-0.296033,-0.048626,2
264479,flyer4,11.1734,1.35138,-0.26633,-0.138089,2
264479,bullet3,13.7193,12.1651,0.8,0,1
264479,bullet4,8.36256,12.7188,-0.8,-6.99382e-08,1
264480,player,8.73182,12.7495,-0.0307442,0.0307134,1
264481,bullet5,9.11798,12.7634,0.8,0,1
264482,bullet1,9.11175,12.7696,0.8,0,1
264484,flyer6,3.17852,6.77293,-0.296033,-0.048626,2
264484,flyer4,9.84176,0.660932,-0.26633,-0.138089,2
264484,bullet4,4.36256,12.7188,-0.8,-6.99382e-08,1
264484,bullet6,8.3077,12.7736,-0.8,-6.99382e-08,1
264485,player,8.70713,12.7742,-0.000567317,0.000566749,1
264486,bullet5,13.118,12.7634,0.8,0,1
264487,bullet1,13.1118,12.7696,0.8,0,1
264489,flyer6,1.69835,6.5298,-0.296033,-0.048626,2
264489,flyer4,8.51011,-0.0295123,-0.26633,-0.138089,2
264489,bullet4,0.362558,12.7188,-0.8,-6.99382e-08,1
264489,bullet6,4.30769,12.7736,-0.8,-6.99382e-08,1
264490,player,9.19604,12.2853,0.151865,-0.151865,1
264491,bullet2,9.66438,12.217,0.8,0,1
264493,flyer5,16.5,4.11315,-0.237127,-0.183768,2
264494,flyer6,0.218189,6.28667,-0.296033,-0.048626,2
264494,bullet6,0.307695,12.7736,-0.8,-6.99382e-08,1
264495,player,8.98051,11.8258,-0.334698,-0.340302,1
264495,flyer1,16.5,4.11315,-0.3,0,2
264496,bullet2,13.6644,12.217,0.8,0,1
264496,bullet3,9.22989,11.6727,0.8,0,1
264498,flyer5,15.3144,3.19431,-0.237127,-0.183768,2
264498,bullet4,9.13162,11.5728,0.8,0,1
264500,player,8.71172,11.0632,-0.00617611,-0.158155,1
264500,flyer1,15,4.11315,-0.3,0,2
264501,bullet3,13.2299,11.6727,0.8,0,1
264503,flyer5,14.1287,2.27547,-0.237127,-0.183768,2
264503,bullet4,13.1316,11.5728,0.8,0,1
264503,bullet5,9.10712,11.4349,0.8,0,1
264505,player,9.04425,11.5246,0.337386,0.0278363,1
264505,flyer1,13.5,4.11315,-0.3,0,2
264508,flyer5,12.9431,1.35663,-0.237127,-0.183768,2
264508,flyer2,16.5,4.11315,-0.3,0,2
264508,bullet5,13.1071,11.4349,0.8,0,1
264510,player,9.60811,12.707,0.39823,0.082697,1
264510,flyer1,12,4.11315,-0.3,0,2
264513,flyer5,11.7575,0.437784,-0.237127,-0.183768,2
264513,flyer2,15,4.11315,-0.3,0,2
264513,flyer3,16.5,10.0972,-0.3,0,2
264513,bullet1,10.3042,12.2791,0.8,0,1
264515,player,9.59043,11.8474,-0.330152,-0.366729,1
264515,flyer1,10.5,4.11315,-0.3,0,2
264518,flyer5,10.5718,-0.481058,-0.237127,-0.183768,2
264518,flyer2,13.5,4.11315,-0.3,0,2
264518,flyer3,15,10.0972,-0.3,0,2
264518,bullet1,14.3042,12.2791,0.8,0,1
264520,player,9.77007,11.5975,0.200287,-0.0612713,1
264520,flyer1,9,4.11315,-0.3,0,2
264521,flayer7,16.5,10.0972,-0.283132,0.0991766,2
264521,bullet6,10.2602,11.57,0.8,0,1
264523,flyer2,12,4.11315,-0.3,0,2
264523,flyer3,13.5,10.0972,-0.3,0,2
264525,player,9.93092,11.5483,0.00369586,-0.00113063,1
264525,flyer1,7.5,4.11315,-0.3,0,2
264525,bullet2,10.3309,11.5483,0.8,0,1
264526,flayer7,15.0843,10.593,-0.283132,0.0991766,2
264526,bullet6,14.2602,11.57,0.8,0,1
264528,flyer2,10.5,4.11315,-0.3,0,2
264528,flyer3,12,10.0972,-0.3,0,2
264528,bullet3,9.77594,10.9898,0.8,0,1
264530,player,9.33157,10.9451,-0.0137714,-0.0138605,1
264530,flyer1,5.99999,4.11315,-0.3,0,2
264530,bullet4,9.73157,10.9451,0.8,0,1
264531,bullet5,8.92537,10.9389,-0.8,-6.99382e-08,1
264533,flyer2,9,4.11315,-0.3,0,2
264535,player,9.25216,11.9811,0.0832771,0.219963,1
264535,flyer1,4.49999,4.11315,-0.3,0,2
264536,bullet5,4.92537,10.9389,-0.8,-6.99382e-08,1
264538,flyer2,7.5,4.11315,-0.3,0,2
264538,flayer8,16.5,10.0972,-0.3,-0.000507312,2
264540,player,8.71673,12.7154,-0.0123029,0.0724027,1
264540,flyer1,2.99999,4.11315,-0.3,0,2
264540,bullet1,9.11673,12.7154,0.8,0,1
264541,bullet5,0.92537,10.9389,-0.8,-6.99382e-08,1
264543,flyer2,5.99999,4.11315,-0.3,0,2
264543,flayer8,15,10.0946,-0.3,-0.000507312,2
264545,player,8.66225,12.8182,0.0542771,-0.0531681,1
264545,flyer1,1.49999,4.11315,-0.3,0,2
264545,bullet1,13.1167,12.7154,0.8,0,1
264545,bullet6,9.06225,12.8182,0.8,0,1
264547,bullet2,9.09767,12.7835,0.8,0,1
264548,flyer2,4.49999,4.11315,-0.3,0,2
264548,flayer8,13.5,10.0921,-0.3,-0.000507312,2
264550,player,8.14812,12.7755,-0.0673422,-0.000981101,1
264550,flyer1,-6.4373e-06,4.11315,-0.3,0,2
264550,bullet6,13.0623,12.8182,0.8,0,1
264550,bullet3,8.54812,12.7755,0.8,0,1
264552,bullet2,13.0977,12.7835,0.8,0,1
264553,flyer2,2.99999,4.11315,-0.3,0,2
264553,flayer8,12,10.0895,-0.3,-0.000507312,2
264554,bullet4,8.49528,12.217,0.8,0,1
264555,player,8.43154,12.5237,0.336257,0.306727,1
264555,bullet3,12.5481,12.7755,0.8,0,1
264558,flyer2,1.49999,4.11315,-0.3,0,2
264558,flayer8,10.5,10.087,-0.3,-0.000507312,2
264558,bullet5,9.57097,12.7518,0.8,0,1
264559,bullet4,12.4953,12.217,0.8,0,1
264560,player,9.29007,12.77,0.0369596,0.00565998,1
264560,bullet1,9.69007,12.77,0.8,0,1
264562,bullet6,9.71418,12.7737,0.8,0,1
264563,flyer2,-6.4373e-06,4.11315,-0.3,0,2
264563,flayer8,9.00002,10.0845,-0.3,-0.000507312,2
264563,bullet5,13.571,12.7518,0.8,0,1
264564,bullet2,8.91907,12.7745,-0.8,-6.99382e-08,1
264565,player,9.65725,12.4371,0.338182,-0.337396,1
264565,bullet1,13.6901,12.77,0.8,0,1
264567,bullet6,13.7142,12.7737,0.8,0,1
264567,bullet3,10.2779,12.2169,0.8,0,1
264568,flayer8,7.50002,10.0819,-0.3,-0.000507312,2
264569,bullet2,4.91906,12.7745,-0.8,-6.99382e-08,1
264570,player,9.37112,11.6084,-0.0621033,-0.0745696,1
264570,bullet4,9.77112,11.6084,0.8,0,1
264571,bullet5,9.74317,11.5749,0.8,0,1
264572,bullet3,14.2779,12.2169,0.8,0,1
264573,flayer8,6.00002,10.0794,-0.3,-0.000507312,2
264574,bullet2,0.919064,12.7745,-0.8,-6.99382e-08,1
264575,player,9.32124,11.5485,-0.00114598,-0.00137602,1
264575,bullet4,13.7711,11.6084,0.8,0,1
264575,bullet1,9.72124,11.5485,0.8,0,1
264576,bullet5,13.7432,11.5749,0.8,0,1
264578,flayer8,4.50002,10.0769,-0.3,-0.000507312,2
264579,flyer4,16.5,11.4948,-0.3,0,2
264580,player,9.28957,11.5782,0.0375679,-0.0376145,1
264580,flyer6,16.5,11.4948,-0.3,0,2
264580,bullet1,13.7212,11.5485,0.8,0,1
264580,bullet6,9.68957,11.5782,0.8,0,1
264581,bullet3,9.70647,11.5613,0.8,0,1
264583,flayer8,3.00003,10.0743,-0.3,-0.000507312,2
264584,flyer4,15,11.4948,-0.3,0,1
264584,bullet2,9.71904,11.5487,0.8,0,1
264585,player,8.98223,11.8855,-0.336807,0.336806,1
264585,flyer6,15,11.4948,-0.3,0,1
264585,bullet6,13.6896,11.5782,0.8,0,1
264586,bullet3,13.7065,11.5613,0.8,0,1
264587,bullet4,9.16247,12.1052,0.8,0,1
264588,flayer8,1.50003,10.0718,-0.3,-0.000507312,2
264589,bullet2,13.719,11.5487,0.8,0,1
264590,player,8.15403,11.5982,-0.0745588,-0.0621287,1
264591,bullet5,8.52048,11.5703,0.8,0,1
264592,bullet4,13.1625,12.1052,0.8,0,1
264593,flayer8,2.99215e-05,10.0693,-0.3,-0.000507312,2
264594,flyer5,16.5,11.4948,-0.298273,0.0321424,2
264594,bullet1,8.49553,10.9918,0.8,0,1
264595,player,8.09416,10.9599,-0.00137582,-0.0319011,1
264595,bullet6,8.49416,10.9599,0.8,0,1
264596,bullet5,12.5205,11.5703,0.8,0,1
264598,bullet3,8.49314,10.9362,0.8,0,1
264599,flyer5,15.0086,11.6555,-0.298273,0.0321424,0
264599,bullet1,12.4955,10.9918,0.8,0,1
264600,player,7.60368,10.4449,-0.1519,-0.152464,1
264600,bullet6,12.4942,10.9599,0.8,0,1
264603,bullet3,12.4931,10.9362,0.8,0,1
264604,flayer7,16.5,11.4948,-0.216371,-0.207807,2
264605,player,5.9534,10.1844,-0.384897,0.165897,1
264605,flyer3,16.5,3.88845,-0.299579,-0.0158893,2
264606,flyer1,16.5,11.4948,-0.299308,-0.0203635,2
264609,flayer7,15.4181,10.4558,-0.216371,-0.207807,1
264610,player,5.15492,10.2185,-0.158977,0.124182,1
264610,flyer3,15.0021,3.809,-0.299579,-0.0158893,2
264611,flyer1,15.0035,11.393,-0.299308,-0.0203635,1
264611,bullet2,5.48338,10.2744,0.8,0,1
264614,flayer7,14.3363,9.41672,-0.216371,-0.207807,1
264614,bullet4,5.43019,10.316,0.8,0,1
264615,player,4.68975,9.98076,-0.340434,-0.335209,1
264615,flyer3,13.5042,3.72955,-0.299579,-0.0158893,2
264616,flyer1,13.5069,11.2911,-0.299308,-0.0203635,1
264616,bullet2,9.48339,10.2744,0.8,0,1
264619,flayer7,13.2544,8.37769,-0.216371,-0.207807,1
264619,bullet4,9.43019,10.316,0.8,0,1
264619,bullet5,4.26492,10.2755,0.8,0,1
264620,player,3.82788,10.3,-0.0370366,0.0245691,1
264620,flyer3,12.0063,3.65011,-0.299579,-0.0158893,2
264621,flyer1,12.0104,11.1893,-0.299308,-0.0203635,1
264621,bullet2,13.4834,10.2744,0.8,0,1
264621,bullet1,4.21122,10.3111,0.8,0,1
264622,bullet6,4.20372,10.3161,0.8,0,1
264624,flayer7,12.1726,7.33865,-0.216371,-0.207807,1
264624,bullet5,8.26492,10.2755,0.8,0,1
264625,player,3.79814,9.83039,-0.00068343,-0.151422,1
264625,flyer3,10.5084,3.57066,-0.299579,-0.0158893,2
264626,bullet1,8.21122,10.3111,0.8,0,1
264627,bullet6,8.20372,10.3161,0.8,0,1
264627,bullet3,4.19769,9.73159,0.8,0,1
264629,flayer7,11.0907,6.29962,-0.216371,-0.207807,1
264629,bullet5,12.2649,10.2755,0.8,0,1
264630,player,3.23987,9.15107,-0.0683564,-0.0711379,1
264630,flyer3,9.01053,3.49122,-0.299579,-0.0158893,2
264631,bullet1,12.2112,10.3111,0.8,0,1
264632,bullet6,12.2037,10.3161,0.8,0,1
264632,bullet3,8.19769,9.73159,0.8,0,1
264634,flayer7,10.0089,5.26058,-0.216371,-0.207807,1
264634,bullet5,16.2649,10.2755,0.8,0,1
264635,player,3.28407,9.53054,-0.122382,0.215067,1
264635,flyer3,7.51264,3.41177,-0.299579,-0.0158893,2
264636,bullet1,16.2112,10.3111,0.8,0,1
264637,bullet6,16.2037,10.3161,0.8,0,1
264637,bullet3,12.1977,9.73159,0.8,0,1
264638,flyer2,16.5,6.11754,-0.3,0,2
264639,flayer7,8.92703,4.22155,-0.216371,-0.207807,1
264640,player,3.67517,9.70326,0.149617,0.00396859,1
264640,flyer3,6.01474,3.33232,-0.299579,-0.0158893,2
264642,bullet3,16.1977,9.73159,0.8,0,1
264643,flyer2,15,6.11754,-0.3,0,2
264643,flyer4,16.5,14.377,-0.3,0,2
264644,flayer7,7.84517,3.18251,-0.216371,-0.207807,1
264645,player,4.98611,9.11797,0.0473551,-0.0306815,1
264645,flyer3,4.51685,3.25288,-0.299579,-0.0158893,2
264645,bullet4,5.38611,9.11797,0.8,0,1
264648,flyer2,13.5,6.11754,-0.3,0,2
264648,flyer4,15,14.377,-0.3,0,2
264649,flayer7,6.76332,2.14348,-0.216371,-0.207807,1
264650,player,5.51351,8.53561,0.152749,-0.0689099,1
264650,flyer3,3.01895,3.17343,-0.299579,-0.0158893,2
264650,bullet4,9.38611,9.11797,0.8,0,1
264653,flyer2,12,6.11754,-0.3,0,2
264653,flyer4,13.5,14.377,-0.3,0,2
264653,bullet2,5.53772,7.99499,0.8,0,1
264654,flayer7,5.68147,1.10444,-0.216371,-0.207807,1
264655,player,5.04771,7.8918,-0.027936,-0.0320263,1
264655,flyer3,1.52106,3.09399,-0.299579,-0.0158893,2
264655,bullet4,13.3861,9.11797,0.8,0,1
264655,bullet5,5.44771,7.8918,0.8,0,1
264658,flyer2,10.5,6.11754,-0.3,0,2
264658,flyer4,12,14.377,-0.3,0,2
264658,bullet2,9.53772,7.99499,0.8,0,1
264658,bullet1,5.42693,8.4257,0.8,0,1
264659,flayer7,4.59962,0.0654075,-0.216371,-0.207807,1
264660,player,4.53589,8.95777,-0.15239,0.165124,1
264660,flyer3,0.0231628,3.01454,-0.299579,-0.0158893,2
264660,bullet5,9.44771,7.8918,0.8,0,1
264661,bullet6,4.86732,9.03207,0.8,0,1
264663,flyer2,9,6.11754,-0.3,0,2
264663,flyer4,10.5,14.377,-0.3,0,2
264663,bullet2,13.5377,7.99499,0.8,0,1
264663,bullet1,9.42693,8.4257,0.8,0,1
264665,player,3.92414,9.09037,-0.154687,0.003047,1
264665,bullet5,13.4477,7.8918,0.8,0,1
264666,bullet6,8.86732,9.03207,0.8,0,1
264668,flyer2,7.5,6.11754,-0.3,0,2
264668,flyer4,9,14.377,-0.3,0,2
264668,bullet1,13.4269,8.4257,0.8,0,1
264668,bullet3,4.20911,9.09264,0.8,0,1
264669,bullet4,4.20276,9.09276,0.8,0,1
264670,player,3.79991,9.09282,-0.00285441,5.62256e-05,1
264671,bullet6,12.8673,9.03207,0.8,0,1
264673,flyer2,5.99999,6.11754,-0.3,0,2
264673,flyer4,7.5,14.377,-0.3,0,2
264673,bullet3,8.20911,9.09264,0.8,0,1
264674,bullet4,8.20277,9.09276,0.8,0,1
264675,player,4.35534,8.49055,0.0682911,-0.0138386,1
264675,bullet2,4.75534,8.49055,0.8,0,1
264678,flyer2,4.49999,6.11754,-0.3,0,2
264678,flyer4,5.99999,14.377,-0.3,0,2
264678,bullet3,12.2091,9.09264,0.8,0,1
264679,bullet4,12.2028,9.09276,0.8,0,1
264680,player,3.47037,7.87712,-0.350079,-0.014095,1
264680,bullet2,8.75534,8.49055,0.8,0,1
264682,bullet5,3.64194,7.86793,0.8,0,1
264683,flyer2,2.99999,6.11754,-0.3,0,2
264683,flyer4,4.49999,14.377,-0.3,0,2
264683,bullet3,16.2091,9.09264,0.8,0,1
264684,bullet4,16.2028,9.09276,0.8,0,1
264685,player,3.18922,7.64558,-0.00645995,0.268896,1
264685,bullet2,12.7553,8.49055,0.8,0,1
264687,bullet5,7.64194,7.86793,0.8,0,1
264687,bullet1,3.58501,7.82104,0.8,0,1
264688,flyer2,1.49999,6.11754,-0.3,0,2
264688,flyer4,2.99999,14.377,-0.3,0,2
264690,player,3.03216,7.70966,0.185506,0.190587,1
264692,bullet5,11.6419,7.86793,0.8,0,1
264692,bullet1,7.58501,7.82104,0.8,0,1
264692,bullet6,3.5532,7.83401,0.8,0,1
264693,flyer2,-6.4373e-06,6.11754,-0.3,0,2
264693,flyer4,1.49999,14.377,-0.3,0,2
264693,bullet3,3.57011,7.85138,0.8,0,1
264695,player,3.18114,7.86271,0.0034231,0.00351686,1
264697,bullet5,15.6419,7.86793,0.8,0,1
264697,bullet1,11.585,7.82104,0.8,0,1
264697,bullet6,7.55321,7.83401,0.8,0,1
264698,flyer4,-6.4373e-06,14.377,-0.3,0,2
264698,bullet3,7.57011,7.85138,0.8,0,1
264700,player,3.5478,8.46785,-0.444718,0.0139045,1
264700,flyer6,16.5,14.377,-0.272817,-0.124784,2
264702,bullet1,15.585,7.82104,0.8,0,1
264702,bullet6,11.5532,7.83401,0.8,0,1
264703,bullet3,11.5701,7.85138,0.8,0,1
264704,flayer8,16.5,14.377,-0.3,0,2
264705,player,2.60218,8.96839,-0.038961,0.152132,1
264705,flyer6,15.1359,13.753,-0.272817,-0.124784,2
264707,bullet6,15.5532,7.83401,0.8,0,1
264708,bullet3,15.5701,7.85138,0.8,0,1
264709,flayer8,15,14.377,-0.3,0,2
264709,flyer5,16.5,12.7679,-0.3,0,2
264709,bullet4,2.41389,9.057,0.8,0,1
264710,player,1.64492,9.07672,-0.368974,0.0197223,1
264710,flyer6,13.7718,13.1291,-0.272817,-0.124784,2
264714,flayer8,13.5,14.377,-0.3,0,2
264714,flyer5,15,12.7679,-0.3,0,2
264714,bullet4,6.41389,9.057,0.8,0,1
264715,player,0.4,9.31278,-0,-0.268792,1
264715,flyer6,12.4077,12.5052,-0.272817,-0.124784,2
264719,flayer8,12,14.377,-0.3,0,2
264719,flyer5,13.5,12.7679,-0.3,0,2
264719,bullet4,10.4139,9.057,0.8,0,1
264719,bullet2,0.8,8.5134,0.8,0,1
264720,player,0.4,8.1571,0,-0.3563,1
264720,flyer6,11.0437,11.8813,-0.272817,-0.124784,2
264724,flayer8,10.5,14.377,-0.3,0,2
264724,flyer5,12,12.7679,-0.3,0,2
264724,bullet4,14.4139,9.057,0.8,0,1
264724,bullet2,4.8,8.5134,0.8,0,1
264725,player,0.957719,9.01715,0.0683438,0.0925237,1
264725,flyer6,9.67958,11.2574,-0.272817,-0.124784,2
264725,bullet5,1.35772,9.01715,0.8,0,1
264727,bullet1,1.40231,9.07753,0.8,0,1
264729,flayer8,9,14.377,-0.3,0,2
264729,flyer5,10.5,12.7679,-0.3,0,2
264729,bullet2,8.8,8.5134,0.8,0,1
264729,bullet6,1.41134,9.08976,0.8,0,1
264730,player,1.0126,9.09146,0.00126113,0.00170732,1
264730,flyer6,8.3155,10.6334,-0.272817,-0.124784,2
264730,bullet5,5.35772,9.01715,0.8,0,1
264732,bullet1,5.40231,9.07753,0.8,0,1
264734,flayer8,7.5,14.377,-0.3,0,2
264734,flyer5,9,12.7679,-0.3,0,2
264734,bullet2,12.8,8.5134,0.8,0,1
264734,bullet6,5.41134,9.08976,0.8,0,1
264735,player,1.60209,9.09283,0.030778,3.15049e-05,1
264735,flyer6,6.95142,10.0095,-0.272817,-0.124784,2
264735,bullet5,9.35772,9.01715,0.8,0,1
264736,bullet3,2.01594,9.09285,0.8,0,1
264737,bullet1,9.40231,9.07753,0.8,0,1
264739,flayer8,5.99999,14.377,-0.3,0,2
264739,flyer5,7.5,12.7679,-0.3,0,2
264740,player,2.36716,8.65626,-0.154302,-0.216379,1
264740,flyer6,5.58733,9.38561,-0.272817,-0.124784,0
264740,bullet5,13.3577,9.01715,0.8,0,1
264742,bullet1,13.4023,9.07753,0.8,0,1
264743,bullet4,2.65241,8.00598,0.8,0,1
264744,flayer8,4.49999,14.377,-0.3,0,2
264744,flyer5,5.99999,12.7679,-0.3,0,2
264745,player,2.24324,7.89402,-0.00284731,-0.0347475,1
264745,bullet6,2.64324,7.89402,0.8,0,1
264748,bullet4,6.65241,8.00598,0.8,0,1
264748,bullet2,2.0834,8.4259,0.8,0,1
264749,flayer8,2.99999,14.377,-0.3,0,2
264749,flyer5,4.49999,12.7679,-0.3,0,2
264750,player,1.63864,8.46843,-0.0138922,0.0131984,1
264750,bullet6,6.64324,7.89402,0.8,0,1
264750,bullet3,2.03864,8.46843,0.8,0,1
264753,bullet4,10.6524,8.00598,0.8,0,1
264753,bullet2,6.0834,8.4259,0.8,0,1
264754,flayer8,1.49999,14.377,-0.3,0,2
264754,flyer5,2.99999,12.7679,-0.3,0,2
264755,player,0.732262,7.92132,-0.4061,-0.0681002,1
264755,bullet6,10.6432,7.89402,0.8,0,1
264755,bullet3,6.03864,8.46843,0.8,0,1
264758,bullet4,14.6524,8.00598,0.8,0,1
264758,bullet2,10.0834,8.4259,0.8,0,1
264759,flayer8,-6.4373e-06,14.377,-0.3,0,2
264759,flyer5,1.49999,12.7679,-0.3,0,2
264760,player,0.40613,6.21722,-0.00749369,-0.235315,1
264760,bullet6,14.6432,7.89402,0.8,0,1
264760,bullet3,10.0386,8.46843,0.8,0,1
264763,flyer1,16.5,12.7679,-0.3,0,2
264763,bullet2,14.0834,8.4259,0.8,0,1
264764,flyer5,-6.4373e-06,12.7679,-0.3,0,2
264764,bullet5,0.8,6.00183,0.8,0,1
264765,player,0.4,6.0144,0,0.0125729,1
264765,bullet3,14.0386,8.46843,0.8,0,1
264767,flayer7,16.5,12.7679,-0.3,0,2
264768,flyer1,15,12.7679,-0.3,0,2
264768,flyer3,16.5,12.7679,-0.3,0,2
264768,bullet1,0.8,6.58147,0.8,0,1
264769,bullet5,4.8,6.00183,0.8,0,1
264769,bullet4,0.8,6.61274,0.8,0,1
264770,player,0.4,6.62681,0,0.0140716,1
264771,bullet6,0.8,6.63314,0.8,0,1
264772,flayer7,15,12.7679,-0.3,0,2
264773,flyer1,13.5,12.7679,-0.3,0,2
264773,flyer3,15,12.7679,-0.3,0,2
264773,bullet1,4.8,6.58147,0.8,0,1
264774,bullet5,8.8,6.00183,0.8,0,1
264774,bullet4,4.8,6.61274,0.8,0,1
264775,player,0.988474,6.63811,0.0307547,0.000259661,1
264776,bullet6,4.8,6.63314,0.8,0,1
264777,flayer7,13.5,12.7679,-0.3,0,2
264778,flyer1,12,12.7679,-0.3,0,2
264778,flyer3,13.5,12.7679,-0.3,0,2
264778,bullet1,8.8,6.58147,0.8,0,1
264779,bullet5,12.8,6.00183,0.8,0,1
264779,bullet4,8.8,6.61274,0.8,0,1
264780,player,1.50255,6.63832,0.152442,4.79147e-06,1
264781,bullet6,8.8,6.63314,0.8,0,1
264782,flayer7,12,12.7679,-0.3,0,2
264783,flyer1,10.5,12.7679,-0.3,0,2
264783,flyer3,12,12.7679,-0.3,0,2
264783,bullet1,12.8,6.58147,0.8,0,1
264784,bullet4,12.8,6.61274,0.8,0,1
264785,player,1.73791,6.03601,-0.135222,-0.0138395,1
264786,bullet6,12.8,6.63314,0.8,0,1
264787,flayer7,10.5,12.7679,-0.3,0,2
264788,flyer1,9,12.7679,-0.3,0,2
264788,flyer3,10.5,12.7679,-0.3,0,2
264789,bullet2,1.54244,6.51453,0.8,0,1
264790,player,1.0716,6.58262,-0.070839,0.0680884,1
264791,bullet3,1.43972,6.61326,0.8,0,1
264792,flayer7,9,12.7679,-0.3,0,2
264793,flyer1,7.5,12.7679,-0.3,0,2
264793,flyer3,9,12.7679,-0.3,0,2
264793,bullet5,1.41892,6.63325,0.8,0,1
264794,bullet2,5.54244,6.51453,0.8,0,1
264795,player,0.525332,6.6373,-0.153182,0.00125642,1
264796,bullet3,5.43972,6.61326,0.8,0,1
264797,flayer7,7.5,12.7679,-0.3,0,2
264797,bullet1,1.31476,6.14874,0.8,0,1
264798,flyer1,5.99999,12.7679,-0.3,0,2
264798,flyer3,7.5,12.7679,-0.3,0,2
264798,bullet5,5.41892,6.63325,0.8,0,1
264799,bullet2,9.54244,6.51453,0.8,0,1
264800,player,1.00463,6.036,0.011013,-0.0138164,1
264801,bullet3,9.43972,6.61326,0.8,0,1
264802,flayer7,5.99999,12.7679,-0.3,0,2
264802,bullet1,5.31476,6.14874,0.8,0,1
264803,flyer1,4.49999,12.7679,-0.3,0,2
264803,flyer3,5.99999,12.7679,-0.3,0,2
264803,bullet5,9.41892,6.63325,0.8,0,1
264804,bullet2,13.5424,6.51453,0.8,0,1
264805,player,2.06056,6.0249,0.220422,-0.000254952,1
264806,bullet3,13.4397,6.61326,0.8,0,1
264807,flayer7,4.49999,12.7679,-0.3,0,2
264807,bullet1,9.31476,6.14874,0.8,0,1
264808,flyer1,2.99999,12.7679,-0.3,0,2
264808,flyer3,4.49999,12.7679,-0.3,0,2
264808,bullet5,13.4189,6.63325,0.8,0,1
264810,player,2.38946,6.85157,-0.181558,0.48937,1
264812,flayer7,2.99999,12.7679,-0.3,0,2
264812,bullet1,13.3148,6.14874,0.8,0,1
264813,flyer1,1.49999,12.7679,-0.3,0,2
264813,flyer3,2.99999,12.7679,-0.3,0,2
264815,player,2.24365,7.31292,-0.00335025,-0.074501,1
264816,flyer2,16.5,10.333,-0.227147,-0.195971,2
264816,bullet4,2.64214,7.27939,0.8,0,1
264817,flayer7,1.49999,12.7679,-0.3,0,2
264818,flyer1,-6.4373e-06,12.7679,-0.3,0,2
264818,flyer3,1.49999,12.7679,-0.3,0,2
264819,bullet6,2.0833,6.69674,0.8,0,1
264820,player,1.65249,6.66461,-0.0308165,-0.0321294,1
264820,bullet2,2.05249,6.66461,0.8,0,1
264821,flyer2,15.3643,9.35313,-0.227147,-0.195971,2
264821,bullet4,6.64214,7.27939,0.8,0,1
264822,flayer7,-6.4373e-06,12.7679,-0.3,0,2
264822,bullet3,2.03238,6.64365,0.8,0,1
264823,flyer3,-6.4373e-06,12.7679,-0.3,0,2
264824,bullet6,6.0833,6.69674,0.8,0,1
264825,player,1.62774,6.63881,-0.000568651,-0.000592878,1
264825,bullet2,6.05249,6.66461,0.8,0,1
264826,flyer2,14.2285,8.37328,-0.227147,-0.195971,2
264826,bullet4,10.6421,7.27939,0.8,0,1
264827,bullet3,6.03238,6.64365,0.8,0,1
264829,bullet6,10.0833,6.69674,0.8,0,1
264829,bullet5,1.22729,6.63835,-0.8,-6.99382e-08,1
264830,player,1.28978,6.63833,-0.33751,-1.09403e-05,1
264830,bullet2,10.0525,6.66461,0.8,0,1
264831,flyer2,13.0928,7.39343,-0.227147,-0.195971,1
264832,bullet3,10.0324,6.64365,0.8,0,1
264835,player,1.01873,5.49213,-0.00622802,-0.0990986,1
264835,bullet2,14.0525,6.66461,0.8,0,1
264835,bullet1,1.41873,5.49213,0.8,0,1
264837,bullet3,14.0324,6.64365,0.8,0,1
264838,flyer4,16.5,10.333,-0.259371,0.150753,2
264839,flyer6,16.5,10.333,-0.3,0,2
264840,player,0.982976,4.26636,0.0374741,-0.100927,1
264840,flayer8,16.5,12.7576,-0.3,0,2
264840,bullet1,5.41873,5.49213,0.8,0,1
264840,bullet4,1.38298,4.26636,0.8,0,1
264842,bullet6,1.40743,4.2005,0.8,0,1
264843,flyer4,15.2031,11.0868,-0.259371,0.150753,2
264844,flyer6,15,10.333,-0.3,0,2
264845,player,1.50245,4.1853,0.152567,-0.00186239,1
264845,flayer8,15,12.7576,-0.3,0,2
264845,bullet1,9.41873,5.49213,0.8,0,1
264845,bullet4,5.38298,4.26636,0.8,0,1
264845,bullet5,1.90245,4.1853,0.8,0,1
264847,bullet6,5.40743,4.2005,0.8,0,1
264848,flyer4,13.9063,11.8405,-0.259371,0.150753,2
264849,flyer6,13.5,10.333,-0.3,0,2
264850,player,1.40475,5.07903,0.271972,0.405809,1
264850,flayer8,13.5,12.7576,-0.3,0,2
264850,bullet1,13.4187,5.49213,0.8,0,1
264850,bullet4,9.38298,4.26636,0.8,0,1
264850,bullet5,5.90245,4.1853,0.8,0,1
264852,bullet6,9.40743,4.2005,0.8,0,1
264853,flyer4,12.6094,12.5943,-0.259371,0.150753,2
264854,flyer6,12,10.333,-0.3,0,2
264855,player,1.02085,5.66974,-0.00882097,-0.316172,1
264855,flayer8,12,12.7576,-0.3,0,2
264855,bullet4,13.383,4.26636,0.8,0,1
264855,bullet5,9.90245,4.1853,0.8,0,1
264857,bullet6,13.4074,4.2005,0.8,0,1
264858,flyer4,11.3126,13.348,-0.259371,0.150753,2
264859,flyer6,10.5,10.333,-0.3,0,2
264860,player,1.26474,4.85811,-0.306908,-0.074178,1
264860,flayer8,10.5,12.7576,-0.3,0,2
264860,bullet5,13.9024,4.1853,0.8,0,1
264861,bullet2,1.52663,4.82473,0.8,0,1
264863,flyer4,10.0157,14.1018,-0.259371,0.150753,2
264863,bullet3,1.43652,4.80295,0.8,0,1
264864,flyer6,9,10.333,-0.3,0,2
264865,player,1.01827,4.79854,-0.00566332,-0.00136879,1
264865,flayer8,9,12.7576,-0.3,0,2
264865,bullet1,1.41827,4.79854,0.8,0,1
264866,bullet2,5.52663,4.82473,0.8,0,1
264866,bullet4,1.41572,4.79792,0.8,0,1
264868,flyer4,8.71888,14.8556,-0.259371,0.150753,2
264868,bullet3,5.43652,4.80295,0.8,0,1
264869,flyer6,7.5,10.333,-0.3,0,2
264870,player,1.57144,5.35516,0.0682392,0.0683185,1
264870,flayer8,7.5,12.7576,-0.3,0,2
264870,bullet1,5.41827,4.79854,0.8,0,1
264871,bullet2,9.52663,4.82473,0.8,0,1
264871,bullet4,5.41572,4.79792,0.8,0,1
264873,flyer4,7.42202,15.6093,-0.259371,0.150753,2
264873,bullet3,9.43652,4.80295,0.8,0,1
264874,flyer6,5.99999,10.333,-0.3,0,2
264875,player,1.67084,3.91249,-0.0532449,-0.418423,1
264875,flayer8,5.99999,12.7576,-0.3,0,2
264875,bullet1,9.41827,4.79854,0.8,0,1
264876,bullet2,13.5266,4.82473,0.8,0,1
264876,bullet4,9.41572,4.79792,0.8,0,1
264878,flyer4,6.12516,16.3631,-0.259371,0.150753,2
264878,bullet3,13.4365,4.80295,0.8,0,1
264879,flyer6,4.49999,10.333,-0.3,0,2
264880,player,2.18579,4.13418,0.0673612,0.0606227,1
264880,flayer8,4.49999,12.7576,-0.3,0,2
264880,bullet1,13.4183,4.79854,0.8,0,1
264880,bullet6,2.58579,4.13418,0.8,0,1
264881,bullet4,13.4157,4.79792,0.8,0,1
264883,bullet5,2.63588,4.17926,0.8,0,1
264884,flyer6,2.99999,10.333,-0.3,0,2
264885,player,2.23989,4.18286,0.001243,0.00111866,1
264885,flayer8,2.99999,12.7576,-0.3,0,2
264885,bullet6,6.58579,4.13418,0.8,0,1
264885,bullet2,2.63989,4.18286,0.8,0,1
264888,bullet5,6.63589,4.17926,0.8,0,1
264889,flyer6,1.49999,10.333,-0.3,0,2
264890,player,2.21013,4.77224,0.037612,0.0307753,1
264890,flayer8,1.49999,12.7576,-0.3,0,2
264890,bullet6,10.5858,4.13418,0.8,0,1
264890,bullet2,6.63989,4.18286,0.8,0,1
264890,bullet3,2.61013,4.77224,0.8,0,1
264893,bullet5,10.6359,4.17926,0.8,0,1
264894,flyer6,-6.4373e-06,10.333,-0.3,0,2
264895,player,1.63803,4.79695,-0.0131456,0.000567891,1
264895,flayer8,-6.4373e-06,12.7576,-0.3,0,2
264895,bullet6,14.5858,4.13418,0.8,0,1
264895,bullet2,10.6399,4.18286,0.8,0,1
264895,bullet3,6.61013,4.77224,0.8,0,1
264898,flyer5,16.5,12.7576,-0.249335,0.166829,2
264898,bullet5,14.6359,4.17926,0.8,0,1
264898,bullet1,2.02825,4.79737,0.8,0,1
264900,player,1.62747,4.79741,-0.000242573,1.04792e-05,1
264900,bullet2,14.6399,4.18286,0.8,0,1
264900,bullet3,10.6101,4.77224,0.8,0,1
264902,bullet4,2.02731,4.79741,0.8,0,1
264903,flyer5,15.2533,13.5917,-0.249335,0.166829,2
264903,bullet1,6.02825,4.79737,0.8,0,1
264904,bullet6,2.02728,4.79741,0.8,0,1
264905,player,1.62727,4.79741,-4.47615e-06,1.93371e-07,1
264905,bullet3,14.6101,4.77224,0.8,0,1
264907,bullet4,6.02731,4.79741,0.8,0,1
264908,flyer5,14.0066,14.4259,-0.249335,0.166829,2
264908,bullet1,10.0283,4.79737,0.8,0,1
264908,bullet5,2.02727,4.79741,0.8,0,1
264909,bullet6,6.02728,4.79741,0.8,0,1
264910,player,1.28977,4.79741,-0.3375,3.56823e-09,1
264912,bullet4,10.0273,4.79741,0.8,0,1
264913,flyer5,12.76,15.26,-0.249335,0.166829,2
264913,bullet1,14.0283,4.79737,0.8,0,1
264913,bullet5,6.02727,4.79741,0.8,0,1
264914,bullet6,10.0273,4.79741,0.8,0,1
264915,player,1.35623,4.5772,0.331272,0.269156,1
264917,bullet4,14.0273,4.79741,0.8,0,1
264918,flyer5,11.5133,16.0942,-0.249335,0.166829,2
264918,bullet5,10.0273,4.79741,0.8,0,1
264918,bullet2,1.5132,4.28797,0.8,0,1
264919,bullet6,14.0273,4.79741,0.8,0,1
264920,player,1.0338,4.20488,-0.0246418,-0.025788,1
264920,bullet3,1.4338,4.20488,0.8,0,1
264922,flyer1,16.5,12.7576,-0.3,0,2
264923,bullet5,14.0273,4.79741,0.8,0,1
264923,bullet2,5.5132,4.28797,0.8,0,1
264925,player,0.4,4.18417,0,-0.000475861,1
264925,bullet3,5.4338,4.20488,0.8,0,1
264926,flayer7,16.5,12.7727,-0.3,0,2
264926,bullet1,0.8,4.18396,0.8,0,1
264927,flyer1,15,12.7576,-0.3,0,2
264928,bullet2,9.5132,4.28797,0.8,0,1
264930,player,0.957719,4.18379,0.0683438,-8.78097e-06,1
264930,bullet3,9.4338,4.20488,0.8,0,1
264930,bullet4,1.35772,4.18379,0.8,0,1
264931,flayer7,15,12.7727,-0.3,0,2
264931,bullet1,4.8,4.18396,0.8,0,1
264932,flyer1,13.5,12.7576,-0.3,0,2
264933,bullet2,13.5132,4.28797,0.8,0,1
264935,player,0.454886,3.59531,-0.0670826,-0.0307548,1
264935,bullet3,13.4338,4.20488,0.8,0,1
264935,bullet4,5.35772,4.18379,0.8,0,1
264936,flayer7,13.5,12.7727,-0.3,0,2
264936,bullet1,8.8,4.18396,0.8,0,1
264937,flyer1,12,12.7576,-0.3,0,2
264940,player,0.401013,3.01289,-0.00123786,-0.0689113,1
264940,bullet4,9.35772,4.18379,0.8,0,1
264940,bullet6,0.801013,3.01289,0.8,0,1
264941,flayer7,12,12.7727,-0.3,0,2
264941,bullet1,12.8,4.18396,0.8,0,1
264942,flyer1,10.5,12.7576,-0.3,0,2
264942,bullet5,0.800205,2.96793,0.8,0,1
264945,player,0.400019,2.95755,-2.28421e-05,-0.00127161,1
264945,bullet4,13.3577,4.18379,0.8,0,1
264945,bullet6,4.80101,3.01289,0.8,0,1
264946,flayer7,10.5,12.7727,-0.3,0,2
264947,flyer1,9,12.7576,-0.3,0,2
264947,bullet5,4.80021,2.96793,0.8,0,1
264948,bullet2,0,2.39889,-0.8,-6.99382e-08,1
264949,bullet3,0.8,2.36808,0.8,0,1
264950,player,0.4,2.35422,0,-0.0138631,1
264950,bullet6,8.80101,3.01289,0.8,0,1
264951,flayer7,9,12.7727,-0.3,0,2
264952,flyer1,7.5,12.7576,-0.3,0,2
264952,bullet5,8.80021,2.96793,0.8,0,1
264954,bullet3,4.8,2.36808,0.8,0,1
264955,player,0.4,1.1523,0,-0.0448501,1
264955,bullet6,12.801,3.01289,0.8,0,1
264955,bullet1,0.8,1.1523,0.8,0,1
264956,flayer7,7.5,12.7727,-0.3,0,2
264957,flyer1,5.99999,12.7576,-0.3,0,2
264957,bullet5,12.8002,2.96793,0.8,0,1
264959,bullet3,8.8,2.36808,0.8,0,1
264960,player,0.4,1.11628,0,-0.000827611,1
264960,bullet1,4.8,1.1523,0.8,0,1
264961,flayer7,5.99999,12.7727,-0.3,0,2
264962,flyer1,4.49999,12.7576,-0.3,0,2
264964,bullet3,12.8,2.36808,0.8,0,1
264965,player,1.00231,1.16021,0.0138396,-0.0545194,1
264965,bullet1,8.8,1.1523,0.8,0,1
264965,bullet4,1.40231,1.16021,0.8,0,1
264966,flayer7,4.49999,12.7727,-0.3,0,2
264967,flyer1,2.99999,12.7576,-0.3,0,2
264970,player,0.524053,0.755348,-0.15162,0.11028,1
264970,bullet1,12.8,1.1523,0.8,0,1
264970,bullet4,5.40231,1.16021,0.8,0,1
264971,flayer7,2.99999,12.7727,-0.3,0,2
264972,flyer1,1.49999,12.7576,-0.3,0,2
264973,bullet2,0.811305,0.837355,0.8,0,1
264975,player,0.4,1.33329,0,0.15391,1
264975,bullet4,9.40231,1.16021,0.8,0,1
264976,flayer7,1.49999,12.7727,-0.3,0,2
264976,bullet6,0.8,1.40255,0.8,0,1
264977,flyer1,-6.4373e-06,12.7576,-0.3,0,2
264978,bullet2,4.81131,0.837355,0.8,0,1
264980,player,1.44709,0.967515,0.220219,-0.149035,1
264980,bullet4,13.4023,1.16021,0.8,0,1
264981,flayer7,-6.4373e-06,12.7727,-0.3,0,2
264981,bullet6,4.8,1.40255,0.8,0,1
264981,bullet5,1.94619,0.900449,0.8,0,1
264983,bullet2,8.81131,0.837355,0.8,0,1
264984,flyer3,16.5,12.7576,-0.286892,0.0877089,2
264984,bullet3,2.01988,0.850577,0.8,0,1
264985,player,1.62395,0.847827,0.00406366,-0.00275011,1
264986,bullet6,8.8,1.40255,0.8,0,1
264986,bullet5,5.94619,0.900449,0.8,0,1
264988,bullet2,12.8113,0.837355,0.8,0,1
264989,flyer3,15.0655,13.1961,-0.286892,0.0877089,2
264989,bullet3,6.01988,0.850577,0.8,0,1
264990,player,1.62721,1.40334,7.49859e-05,0.068293,1
264991,bullet6,12.8,1.40255,0.8,0,1
264991,bullet5,9.94619,0.900449,0.8,0,1
264994,flyer3,13.6311,13.6347,-0.286892,0.0877089,2
264994,bullet3,10.0199,0.850577,0.8,0,1
264995,player,1.74021,0.982646,-0.138034,-0.16753,1
264996,flyer2,16.5,7.54503,-0.245886,0.171872,2
264996,bullet5,13.9462,0.900449,0.8,0,1
264998,bullet1,1.47985,0.858067,0.8,0,1
264999,flyer3,12.1966,14.0732,-0.286892,0.0877089,2
264999,bullet3,14.0199,0.850577,0.8,0,1
264999,bullet4,1.44343,0.851197,0.8,0,1
265000,player,1.02704,0.848105,-0.0163867,-0.0030914,1
265001,flyer2,15.2706,8.40439,-0.245886,0.171872,2
265003,bullet1,5.47985,0.858067,0.8,0,1
265004,flyer3,10.7622,14.5118,-0.286892,0.0877089,2
265004,bullet4,5.44343,0.851197,0.8,0,1
265005,player,1.11298,2.52578,-0.121423,0.196412,1
265006,flyer2,14.0411,9.26375,-0.245886,0.171872,2
265008,bullet1,9.47985,0.858067,0.8,0,1
265009,flyer3,9.3277,14.9503,-0.286892,0.0877089,2
265009,bullet4,9.44343,0.851197,0.8,0,1
265009,bullet2,0.8,2.09142,0.8,0,1
265010,player,0.4,2.08121,0,-0.0102153,1
265011,flyer2,12.8117,10.1231,-0.245886,0.171872,2
265013,bullet1,13.4798,0.858067,0.8,0,1
265014,flyer3,7.89324,15.3888,-0.286892,0.0877089,2
265014,bullet4,13.4434,0.851197,0.8,0,1
265014,bullet2,4.8,2.09142,0.8,0,1
265015,player,1.00231,1.48453,0.0138396,-0.0309432,1
265015,bullet6,1.40231,1.48453,0.8,0,1
265016,flyer2,11.5823,10.9825,-0.245886,0.171872,2
265019,flyer3,6.45878,15.8274,-0.286892,0.0877089,2
265019,bullet2,8.8,2.09142,0.8,0,1
265019,bullet5,2.49102,1.94963,0.8,0,1
265020,player,2.17346,2.0174,0.0824387,0.0677728,1
265020,bullet6,5.40231,1.48453,0.8,0,1
265021,flyer2,10.3529,11.8418,-0.245886,0.171872,2
265021,bullet3,2.61056,2.0479,0.8,0,1
265024,flyer3,5.02432,16.2659,-0.286892,0.0877089,2
265024,bullet2,12.8,2.09142,0.8,0,1
265024,bullet5,6.49102,1.94963,0.8,0,1
265025,player,1.75029,2.5612,-0.150354,0.153126,1
265025,bullet6,9.40231,1.48453,0.8,0,1
265026,flyer2,9.12342,12.7012,-0.245886,0.171872,2
265026,bullet3,6.61056,2.0479,0.8,0,1
265029,bullet5,10.491,1.94963,0.8,0,1
265029,bullet1,1.93322,2.78045,0.8,0,1
265030,player,1.58495,2.72877,0.0517297,-0.0516785,1
265030,bullet6,13.4023,1.48453,0.8,0,1
265031,flyer2,7.894,13.5606,-0.245886,0.171872,2
265031,bullet3,10.6106,2.0479,0.8,0,1
265034,bullet5,14.491,1.94963,0.8,0,1
265034,bullet1,5.93322,2.78045,0.8,0,1
265034,bullet4,2.02554,2.68822,0.8,0,1
265035,player,1.62649,2.68727,0.000954558,-0.000953614,1
265036,flyer2,6.66457,14.4199,-0.245886,0.171872,2
265036,bullet3,14.6106,2.0479,0.8,0,1
265038,bullet2,1.46948,2.12884,0.8,0,1
265039,bullet1,9.93322,2.78045,0.8,0,1
265039,bullet4,6.02554,2.68822,0.8,0,1
265039,bullet6,1.43877,2.09804,0.8,0,1
265040,player,1.02494,2.08419,-0.013822,-0.0138572,1
265041,flyer2,5.43514,15.2793,-0.245886,0.171872,2
265043,bullet2,5.46948,2.12884,0.8,0,1
265044,bullet1,13.9332,2.78045,0.8,0,1
265044,bullet4,10.0255,2.68822,0.8,0,1
265044,bullet6,5.43877,2.09804,0.8,0,1
265045,player,1.26482,1.97396,-0.307,0.120865,1
265046,flyer2,4.20571,16.1386,-0.245886,0.171872,2
265048,bullet2,9.46948,2.12884,0.8,0,1
265049,flyer4,16.5,7.54503,-0.242503,-0.176613,2
265049,bullet4,14.0255,2.68822,0.8,0,1
265049,bullet6,9.43877,2.09804,0.8,0,1
265050,player,0.460552,2.04027,-0.0740088,0.0398194,1
265050,bullet5,0.860552,2.04027,0.8,0,1
265053,bullet2,13.4695,2.12884,0.8,0,1
265054,flyer4,15.2875,6.66196,-0.242503,-0.176613,2
265054,bullet6,13.4388,2.09804,0.8,0,1
265054,bullet3,0.802483,2.07151,0.8,0,1
265055,player,0.401117,1.73475,-0.00136567,-0.336765,1
265055,bullet5,4.86055,2.04027,0.8,0,1
265058,flyer6,16.5,7.54503,-0.29887,-0.0260099,2
265058,bullet1,0.8,1.48432,0.8,0,1
265059,flyer4,14.075,5.7789,-0.242503,-0.176613,2
265059,bullet3,4.80248,2.07151,0.8,0,1
265060,player,0.4,1.4643,0,-0.00621426,1
265060,bullet5,8.86055,2.04027,0.8,0,1
265060,bullet4,0.8,1.4643,0.8,0,1
265063,flyer6,15.0056,7.41498,-0.29887,-0.0260099,2
265063,bullet1,4.8,1.48432,0.8,0,1
265064,flyer4,12.8625,4.89583,-0.242503,-0.176613,2
265064,bullet3,8.80248,2.07151,0.8,0,1
265065,player,1.47785,0.4,0.18263,-0.137058,1
265065,bullet5,12.8606,2.04027,0.8,0,1
265065,bullet4,4.8,1.4643,0.8,0,1
265068,flyer6,13.5113,7.28493,-0.29887,-0.0260099,2
265068,bullet1,8.8,1.48432,0.8,0,1
265069,flyer4,11.6499,4.01276,-0.242503,-0.176613,2
265069,bullet3,12.8025,2.07151,0.8,0,1
265070,player,1.62451,0.4,0.00337003,0,1
265070,bullet4,8.8,1.4643,0.8,0,1
265070,bullet2,2.02451,0.4,0.8,0,1
265073,flyer6,12.0169,7.15488,-0.29887,-0.0260099,2
265073,bullet1,12.8,1.48432,0.8,0,1
265074,flyer4,10.4374,3.1297,-0.242503,-0.176613,2
265074,bullet6,1.46944,0.4,0.8,0,1
265075,player,1.03875,0.4,-0.0306925,0,1
265075,bullet4,12.8,1.4643,0.8,0,1
265075,bullet2,6.02452,0.4,0.8,0,1
265078,flyer6,10.5226,7.02483,-0.29887,-0.0260099,2
265079,flyer4,9.22491,2.24663,-0.242503,-0.176613,2
265079,bullet6,5.46944,0.4,0.8,0,1
265080,player,1.60257,0.4,0.0301883,0,1
265080,bullet2,10.0245,0.4,0.8,0,1
265080,bullet5,1.20257,0.4,-0.8,-6.99382e-08,1
265083,flyer6,9.02825,6.89478,-0.29887,-0.0260099,2
265083,bullet3,1.4673,0.4,0.8,0,1
265084,flyer4,8.01239,1.36356,-0.242503,-0.176613,2
265084,bullet6,9.46944,0.4,0.8,0,1
265085,player,1.0245,0.4,-0.0132826,-0,1
265085,bullet2,14.0245,0.4,0.8,0,1
265088,flyer6,7.5339,6.76473,-0.29887,-0.0260099,2
265088,bullet3,5.4673,0.4,0.8,0,1
265088,bullet1,1.41463,0.889375,0.8,0,1
265089,flyer4,6.79988,0.480496,-0.242503,-0.176613,1
265089,bullet6,13.4694,0.4,0.8,0,1
265090,player,1.35134,0.988474,0.337255,0.0307547,1
265093,flyer6,6.03954,6.63468,-0.29887,-0.0260099,2
265093,bullet1,5.41463,0.889375,0.8,0,1
265094,flyer4,5.58736,-0.40257,-0.242503,-0.176613,1
265094,flayer8,16.5,5.94767,-0.3,0,2
265095,player,2.22449,1.01317,0.0200629,0.00056751,1
265095,flyer5,16.5,7.54503,-0.277297,-0.114484,2
265095,bullet4,2.62449,1.01317,0.8,0,1
265097,bullet5,2.63758,1.01354,0.8,0,1
265098,flyer6,4.54519,6.50463,-0.29887,-0.0260099,2
265098,bullet1,9.41463,0.889375,0.8,0,1
265099,flayer8,15,5.94767,-0.3,0,2
265100,player,1.68289,1.23385,-0.0679735,-0.269146,1
265100,flyer5,15.1135,6.97261,-0.277297,-0.114484,2
265100,bullet4,6.62449,1.01317,0.8,0,1
265102,bullet5,6.63758,1.01354,0.8,0,1
265103,flyer6,3.05084,6.37458,-0.29887,-0.0260099,2
265103,bullet1,13.4146,0.889375,0.8,0,1
265104,flayer8,13.5,5.94767,-0.3,0,2
265105,player,2.18602,1.06229,0.0670895,-0.0594706,1
265105,flyer5,13.727,6.40019,-0.277297,-0.114484,2
265105,bullet4,10.6245,1.01317,0.8,0,1
265105,bullet2,2.58602,1.06229,0.8,0,1
265107,bullet5,10.6376,1.01354,0.8,0,1
265107,bullet3,2.62979,1.02349,0.8,0,1
265108,flyer6,1.55649,6.24453,-0.29887,-0.0260099,2
265109,flayer8,12,5.94767,-0.3,0,2
265110,player,2.2399,1.01453,0.00123799,-0.0010974,1
265110,flyer5,12.3405,5.82777,-0.277297,-0.114484,2
265110,bullet4,14.6245,1.01317,0.8,0,1
265110,bullet2,6.58602,1.06229,0.8,0,1
265112,bullet5,14.6376,1.01354,0.8,0,1
265112,bullet3,6.62979,1.02349,0.8,0,1
265113,flyer6,0.0621356,6.11448,-0.29887,-0.0260099,2
265114,flayer8,10.5,5.94767,-0.3,0,2
265115,player,2.08901,1.61597,0.185648,0.0138194,1
265115,flyer5,10.9541,5.25535,-0.277297,-0.114484,2
265115,bullet2,10.586,1.06229,0.8,0,1
265117,bullet3,10.6298,1.02349,0.8,0,1
265119,flayer8,9,5.94767,-0.3,0,2
265120,player,1.09191,2.77326,-0.0956727,0.0993534,1
265120,flyer5,9.56758,4.68293,-0.277297,-0.114484,2
265120,bullet2,14.586,1.06229,0.8,0,1
265120,bullet6,1.49191,2.77326,0.8,0,1
265122,bullet3,14.6298,1.02349,0.8,0,1
265123,bullet1,1.42077,2.84714,0.8,0,1
265124,flayer8,7.5,5.94767,-0.3,0,2
265124,bullet4,1.41685,2.85121,0.8,0,1
265125,player,1.01508,2.85304,-0.00176543,0.00183335,1
265125,flyer5,8.18109,4.11051,-0.277297,-0.114484,2
265125,bullet6,5.49191,2.77326,0.8,0,1
265128,bullet1,5.42077,2.84714,0.8,0,1
265129,flayer8,5.99999,5.94767,-0.3,0,2
265129,bullet4,5.41685,2.85121,0.8,0,1
265130,player,1.61597,2.25221,0.013807,-0.0138058,1
265130,flyer5,6.79461,3.53809,-0.277297,-0.114484,0
265130,bullet6,9.49191,2.77326,0.8,0,1
265130,bullet5,2.01597,2.25221,0.8,0,1
265133,bullet2,1.46852,2.79966,0.8,0,1
265134,flayer8,4.49999,5.94767,-0.3,0,2
265135,player,0.535375,3.33281,-0.16546,0.16546,1
265135,bullet6,13.4919,2.77326,0.8,0,1
265135,bullet5,6.01598,2.25221,0.8,0,1
265136,bullet3,0.860918,3.40726,0.8,0,1
265138,bullet2,5.46852,2.79966,0.8,0,1
265139,flayer8,2.99999,5.94767,-0.3,0,2
265140,player,0.889375,3.46568,0.151875,0.0030532,1
265140,bullet5,10.016,2.25221,0.8,0,1
265141,bullet3,4.86092,3.40726,0.8,0,1
265141,bullet1,1.35772,3.46706,0.8,0,1
265143,bullet2,9.46852,2.79966,0.8,0,1
265144,flayer8,1.49999,5.94767,-0.3,0,2
265145,player,1.01134,3.46814,0.00280252,5.63401e-05,1
265145,bullet5,14.016,2.25221,0.8,0,1
265146,bullet3,8.86092,3.40726,0.8,0,1
265146,bullet1,5.35772,3.46706,0.8,0,1
265148,bullet2,13.4685,2.79966,0.8,0,1
265149,flayer8,-6.4373e-06,5.94767,-0.3,0,2
265150,player,1.01359,3.95756,5.17144e-05,0.151876,1
265151,flyer1,16.5,5.94767,-0.3,0,2
265151,bullet3,12.8609,3.40726,0.8,0,1
265151,bullet1,9.35772,3.46706,0.8,0,1
265151,bullet4,1.41362,4.0259,0.8,0,1
265153,bullet6,1.41363,4.07049,0.8,0,1
265155,player,1.01364,4.07952,9.54276e-07,0.00280254,1
265156,flyer1,15,5.94767,-0.3,0,2
265156,bullet1,13.3577,3.46706,0.8,0,1
265156,bullet4,5.41362,4.0259,0.8,0,1
265156,bullet5,1.41364,4.08078,0.8,0,1
265158,bullet6,5.41363,4.07049,0.8,0,1
265160,player,1.01364,4.08177,1.76091e-08,5.17147e-05,1
265160,bullet2,0.613636,4.08177,-0.8,-6.99382e-08,1
265161,flyer1,13.5,5.94767,-0.3,0,2
265161,bullet4,9.41362,4.0259,0.8,0,1
265161,bullet5,5.41364,4.08078,0.8,0,1
265163,bullet6,9.41363,4.07049,0.8,0,1
265164,bullet3,1.90301,4.67029,0.8,0,1
265165,player,1.57135,4.68413,0.0683438,0.0138406,1
265166,flyer1,12,5.94767,-0.3,0,2
265166,bullet4,13.4136,4.0259,0.8,0,1
265166,bullet5,9.41364,4.08078,0.8,0,1
265168,bullet6,13.4136,4.07049,0.8,0,1
265169,bullet3,5.90301,4.67029,0.8,0,1
265170,player,1.62624,4.69524,0.00126113,0.000255397,1
265170,bullet1,2.02624,4.69524,0.8,0,1
265171,flyer1,10.5,5.94767,-0.3,0,2
265171,bullet5,13.4136,4.08078,0.8,0,1
265174,bullet3,9.90301,4.67029,0.8,0,1
265174,bullet2,1.32633,4.69544,-0.8,-6.99382e-08,1
265175,player,1.67185,4.69544,-0.0544809,4.7128e-06,1
265175,bullet1,6.02624,4.69524,0.8,0,1
265176,flyer1,9,5.94767,-0.3,0,2
265176,bullet4,2.04733,4.69544,0.8,0,1
265177,bullet6,2.0363,4.69545,0.8,0,1
265179,bullet3,13.903,4.67029,0.8,0,1
265180,player,1.6281,4.20607,-0.00100533,-0.151875,1
265180,bullet1,10.0262,4.69524,0.8,0,1
265181,flyer1,7.5,5.94767,-0.3,0,2
265181,bullet4,6.04733,4.69544,0.8,0,1
265182,bullet6,6.0363,4.69545,0.8,0,1
265185,player,1.67188,3.97117,-0.0545227,0.135233,1
265185,bullet1,14.0262,4.69524,0.8,0,1
265186,flyer1,5.99999,5.94767,-0.3,0,2
265186,bullet4,10.0473,4.69544,0.8,0,1
265187,bullet6,10.0363,4.69545,0.8,0,1
265187,bullet5,2.03631,4.54878,0.8,0,1
265190,player,1.6281,4.68208,-0.0010061,0.016335,1
265190,bullet2,2.0281,4.68208,0.8,0,1
265191,flyer1,4.49999,5.94767,-0.3,0,2
265191,bullet4,14.0473,4.69544,0.8,0,1
265192,bullet6,14.0363,4.69545,0.8,0,1
265192,bullet5,6.03631,4.54878,0.8,0,1
265194,bullet3,2.02731,4.6949,0.8,0,1
265195,player,1.62729,4.6952,-1.85653e-05,0.000301427,1
265195,bullet2,6.0281,4.68208,0.8,0,1
265196,flyer1,2.99999,5.94767,-0.3,0,2
265197,bullet5,10.0363,4.54878,0.8,0,1
265199,bullet3,6.02731,4.6949,0.8,0,1
265200,player,0.549425,4.09313,-0.18263,-0.013834,1
265200,bullet2,10.0281,4.68208,0.8,0,1
265200,bullet1,0.949425,4.09313,0.8,0,1
265201,flyer1,1.49999,5.94767,-0.3,0,2
265202,bullet5,14.0363,4.54878,0.8,0,1
265204,bullet3,10.0273,4.6949,0.8,0,1
265205,player,0.4,4.5714,0,0.15162,1
265205,bullet2,14.0281,4.68208,0.8,0,1
265205,bullet1,4.94942,4.09313,0.8,0,1
265206,flyer1,-6.4373e-06,5.94767,-0.3,0,2
265208,flayer7,16.5,7.54503,-0.216945,0.207207,2
265209,flyer3,16.5,6.99912,-0.246907,0.170402,2
265209,bullet3,14.0273,4.6949,0.8,0,1
265210,player,1.59079,3.76719,0.0445943,-0.365457,1
265210,bullet1,8.94943,4.09313,0.8,0,1
265211,finish,18.9485,8,-0.2,0,1
265213,flayer7,15.4153,8.58107,-0.216945,0.207207,2
265214,flyer3,15.2655,7.85112,-0.246907,0.170402,2
265215,player,0.579505,4.52079,-0.219396,0.213475,1
265215,bullet1,12.9494,4.09313,0.8,0,1
265216,finish,17.9485,8,-0.2,0,1
265216,bullet4,0.880777,4.61685,0.8,0,1
265217,bullet6,0.836349,4.66008,0.8,0,1
265218,flayer7,14.3306,9.61711,-0.216945,0.207207,2
265219,flyer3,14.0309,8.70313,-0.246907,0.170402,2
265219,bullet5,0.80736,4.68829,0.8,0,1
265220,player,0.403312,4.69222,-0.00404847,0.00393922,1
265221,finish,16.9485,8,-0.2,0,1
265221,bullet4,4.88078,4.61685,0.8,0,1
265221,bullet2,0.80149,4.694,0.8,0,1
265222,bullet6,4.83635,4.66008,0.8,0,1
265223,flayer7,13.2458,10.6531,-0.216945,0.207207,2
265224,flyer3,12.7964,9.55514,-0.246907,0.170402,2
265224,bullet5,4.80736,4.68829,0.8,0,1
265225,player,0.40006,4.69539,-7.47057e-05,7.26896e-05,1
265226,finish,15.9485,8,-0.2,0,1
265226,bullet4,8.88078,4.61685,0.8,0,1
265226,bullet2,4.80149,4.694,0.8,0,1
265227,bullet6,8.83635,4.66008,0.8,0,1
265228,flayer7,12.1611,11.6892,-0.216945,0.207207,2
265229,flyer3,11.5619,10.4071,-0.246907,0.170402,2
265229,bullet5,8.80736,4.68829,0.8,0,1
265230,player,0.4,4.69545,-1.37853e-06,1.34133e-06,1
265231,finish,14.9485,8,-0.2,0,1
265231,bullet4,12.8808,4.61685,0.8,0,1
265231,bullet2,8.80149,4.694,0.8,0,1
265232,bullet6,12.8364,4.66008,0.8,0,1
265233,flayer7,11.0764,12.7252,-0.216945,0.207207,2
265234,flyer3,10.3273,11.2592,-0.246907,0.170402,2
265234,bullet5,12.8074,4.68829,0.8,0,1
265235,player,0.399999,4.69545,-2.54377e-08,2.47513e-08,1
265236,finish,13.9485,8,-0.2,0,1
265236,bullet2,12.8015,4.694,0.8,0,1
265237,bullet3,0.799999,4.69545,0.8,0,1
265238,flayer7,9.99166,13.7613,-0.216945,0.207207,2
265239,flyer3,9.09278,12.1112,-0.246907,0.170402,2
265239,bullet1,0.799999,4.69545,0.8,0,1
265240,player,0.399999,4.69545,-4.69398e-10,4.5673e-10,1
265240,bullet4,0.799999,4.69545,0.8,0,1
265241,finish,12.9485,8,-0.2,0,1
265242,bullet3,4.8,4.69545,0.8,0,1
265242,bullet6,0.799999,4.69545,0.8,0,1
265243,flayer7,8.90693,14.7973,-0.216945,0.207207,2
265244,flyer3,7.85824,12.9632,-0.246907,0.170402,2
265244,bullet1,4.8,4.69545,0.8,0,1
265245,player,0.4,4.20607,0,-0.151875,1
265245,bullet4,4.8,4.69545,0.8,0,1
265246,finish,11.9485,8,-0.2,0,1
265247,bullet3,8.8,4.69545,0.8,0,1
265247,bullet6,4.8,4.69545,0.8,0,1
265248,flayer7,7.82221,15.8333,-0.216945,0.207207,2
265249,flyer3,6.62371,13.8152,-0.246907,0.170402,2
265249,bullet1,8.8,4.69545,0.8,0,1
265250,player,1.59079,4.07026,0.0445943,0.0141126,1
265250,bullet4,8.8,4.69545,0.8,0,1
265251,finish,10.9485,8,-0.2,0,1
265252,bullet3,12.8,4.69545,0.8,0,1
265252,bullet6,8.8,4.69545,0.8,0,1
265254,flyer3,5.38917,14.6672,-0.246907,0.170402,2
265254,bullet1,12.8,4.69545,0.8,0,1
265255,player,1.03813,4.67007,-0.0299318,0.0310151,1
265255,bullet4,12.8,4.69545,0.8,0,1
265256,finish,9.9485,8,-0.2,0,1
265257,bullet6,12.8,4.69545,0.8,0,1
265259,flyer3,4.15464,15.5192,-0.246907,0.170402,2
265259,bullet5,1.41464,4.69441,0.8,0,1
265260,player,1.01409,4.69498,-0.000552326,0.000572316,1
265261,finish,8.94851,8,-0.2,0,1
265262,flyer2,16.5,12.0931,-0.3,0,2
265262,bullet2,1.41373,4.69535,0.8,0,1
265264,flyer3,2.9201,16.3712,-0.246907,0.170402,2
265264,bullet5,5.41464,4.69441,0.8,0,1
265265,player,0.455926,5.25316,-0.0683539,0.0683543,1
265265,bullet3,0.855926,5.25316,0.8,0,1
265266,finish,7.94851,8,-0.2,0,1
265267,flyer2,15,12.0931,-0.3,0,2
265267,bullet2,5.41373,4.69535,0.8,0,1
265268,bullet1,1.29447,5.79336,0.8,0,1
265269,bullet5,9.41464,4.69441,0.8,0,1
265270,player,0.989505,5.89653,0.0294934,0.032016,1
265270,bullet3,4.85593,5.25316,0.8,0,1
265271,finish,6.94851,8,-0.2,0,1
265272,flyer2,13.5,12.0931,-0.3,0,2
265272,bullet2,9.41373,4.69535,0.8,0,1
265273,bullet1,5.29447,5.79336,0.8,0,1
265274,bullet5,13.4146,4.69441,0.8,0,1
265275,player,1.90841,6.25974,0.406388,0.338091,1
265275,bullet3,8.85593,5.25316,0.8,0,1
265276,finish,5.94851,8,-0.2,0,1
265277,flyer2,12,12.0931,-0.3,0,2
265277,bullet2,13.4137,4.69535,0.8,0,1
265278,bullet1,9.29447,5.79336,0.8,0,1
