376785,player,14.6084,9.29353,0,0,1
376787,bullet1,15.0084,9.29353,0.8,0,1
376788,bullet2,15.0084,9.29353,0.8,0,1
376790,player,14.6084,9.29353,0,0,1
376790,bullet3,15.0084,9.29353,0.8,0,1
376791,bullet4,15.0084,9.29353,0.8,0,1
376795,player,14.7075,9.53193,-0.12112,0.45862,1
376796,bullet5,15.053,9.73831,0.8,0,1
376799,bullet6,14.4548,9.96013,0.8,0,1
376800,player,14.0218,9.931,-0.0329897,-0.0291262,1
376800,bullet1,14.4218,9.931,0.8,0,1
376804,bullet2,13.9373,9.80905,0.8,0,1
376805,player,13.4514,10.2005,-0.0858676,0.391467,1
376806,bullet3,13.8128,10.3767,0.8,0,1
376808,bullet4,13.2982,10.4916,0.8,0,1
376810,player,12.3046,11.3418,-0.184214,0.496599,1
376811,bullet5,12.6217,11.5652,0.8,0,1
376812,flyer1,16.5,9.84651,-0.274952,-0.120005,2
376815,player,11.6673,12.1992,-0.155274,0.198628,1
376815,bullet6,12.0673,12.1992,0.8,0,1
376817,flyer1,15.1252,9.24649,-0.274952,-0.120005,2
376817,flyer2,16.5,9.84651,-0.215149,-0.209071,2
376817,bullet1,11.966,12.3288,0.8,0,1
376819,bullet2,11.4561,12.3551,0.8,0,1
376820,player,10.9849,12.3587,-0.071209,0.00366524,1
376820,bullet6,16.0673,12.1992,0.8,0,1
376820,bullet3,11.3849,12.3587,0.8,0,1
376821,bullet4,11.3528,12.3604,0.8,0,1
376822,flyer1,13.7505,8.64647,-0.274952,-0.120005,2
376822,flyer2,15.4243,8.80116,-0.215149,-0.209071,2
376822,bullet1,15.966,12.3288,0.8,0,1
376823,bullet5,11.3319,11.8721,0.8,0,1
376824,bullet2,15.4561,12.3551,0.8,0,1
376825,player,10.9277,11.7732,-0.00131401,-0.0306871,1
376825,bullet3,15.3849,12.3587,0.8,0,1
376826,bullet4,15.3528,12.3604,0.8,0,1
376826,bullet6,10.5271,11.7594,-0.8,-6.99382e-08,1
376827,flyer1,12.3757,8.04644,-0.274952,-0.120005,2
376827,flyer2,14.3485,7.7558,-0.215149,-0.209071,2
376827,bullet1,11.3269,11.7532,0.8,0,1
376828,bullet5,15.3319,11.8721,0.8,0,1
376830,player,11.0785,12.6438,-0.185649,0.405277,1
376831,bullet6,6.52712,11.7594,-0.8,-6.99382e-08,1
376832,flyer1,11.001,7.44642,-0.274952,-0.120005,2
376832,flyer2,13.2728,6.71045,-0.215149,-0.209071,2
376832,bullet1,15.3269,11.7532,0.8,0,1
376832,bullet2,11.3574,12.4188,0.8,0,1
376835,player,10.3717,12.3669,-0.0717695,-0.0063611,1
376835,bullet3,9.97172,12.3669,-0.8,-6.99382e-08,1
376836,bullet6,2.52712,11.7594,-0.8,-6.99382e-08,1
376837,flyer1,9.6262,6.84639,-0.274952,-0.120005,2
376837,flyer2,12.197,5.66509,-0.215149,-0.209071,2
376837,bullet2,15.3574,12.4188,0.8,0,1
376838,bullet4,9.67125,13.4093,0.8,0,1
376840,player,8.78579,14.042,-0.383419,0.196352,1
376840,bullet3,5.97172,12.3669,-0.8,-6.99382e-08,1
376841,bullet5,9.01325,14.1303,0.8,0,1
376842,flyer1,8.25144,6.24637,-0.274952,-0.120005,2
376842,flyer2,11.1213,4.61973,-0.215149,-0.209071,2
376843,bullet4,13.6713,13.4093,0.8,0,1
376843,bullet1,8.90067,13.6986,0.8,0,1
376845,player,8.47787,13.6112,-0.00707515,-0.0271314,1
376845,bullet3,1.97172,12.3669,-0.8,-6.99382e-08,1
376846,bullet5,13.0133,14.1303,0.8,0,1
376847,flyer1,6.87668,5.64634,-0.274952,-0.120005,2
376847,flyer2,10.0455,3.57438,-0.215149,-0.209071,2
376847,bullet2,8.38388,13.5935,0.8,0,1
376848,bullet1,12.9007,13.6986,0.8,0,1
376848,bullet6,8.31489,13.591,0.8,0,1
376850,player,8.35925,13.1,0.137905,-0.152376,1
376851,bullet4,8.82131,13.0315,0.8,0,1
376852,flyer1,5.50192,5.04632,-0.274952,-0.120005,2
376852,flyer2,8.96976,2.52902,-0.215149,-0.209071,2
376852,bullet2,12.3839,13.5935,0.8,0,1
376853,bullet6,12.3149,13.591,0.8,0,1
376853,bullet3,8.37243,13.4761,0.8,0,1
376855,player,7.54403,13.5661,-0.36571,0.0279429,1
376856,bullet4,12.8213,13.0315,0.8,0,1
376857,flyer1,4.12716,4.44629,-0.274952,-0.120005,2
376857,flyer2,7.89401,1.48367,-0.215149,-0.209071,2
376857,bullet2,16.3839,13.5935,0.8,0,1
376858,bullet6,16.3149,13.591,0.8,0,1
376858,bullet3,12.3724,13.4761,0.8,0,1
376858,bullet5,7.11436,13.5869,0.8,0,1
376860,player,6.15864,14.0779,-0.172463,0.152391,1
376862,flyer1,2.75239,3.84626,-0.274952,-0.120005,2
376862,flyer2,6.81826,0.438313,-0.215149,-0.209071,2
376862,bullet1,6.44611,14.1774,0.8,0,1
376863,bullet3,16.3724,13.4761,0.8,0,1
376863,bullet5,11.1144,13.5869,0.8,0,1
376865,player,6.50952,14.6897,0.148693,0.154687,1
376865,bullet2,6.90952,14.6897,0.8,0,1
376867,flyer1,1.37763,3.24624,-0.274952,-0.120005,2
376867,bullet1,10.4461,14.1774,0.8,0,1
376867,bullet6,7.00654,14.7906,0.8,0,1
376868,bullet5,15.1144,13.5869,0.8,0,1
376870,player,6.62893,15.1514,0.0027438,0.340354,1
376870,bullet2,10.9095,14.6897,0.8,0,1
376872,flyer1,0.00286984,2.64621,-0.274952,-0.120005,2
376872,bullet1,14.4461,14.1774,0.8,0,1
376872,bullet6,11.0065,14.7906,0.8,0,1
376872,bullet4,7.03072,15.3735,0.8,0,1
376875,player,7.12051,14.9354,0.151926,-0.145595,1
376875,flyer3,16.5,9.84651,-0.273225,0.123887,2
376875,bullet2,14.9095,14.6897,0.8,0,1
376877,flyer4,16.5,9.84651,-0.3,0,2
376877,bullet6,15.0065,14.7906,0.8,0,1
376877,bullet4,11.0307,15.3735,0.8,0,1
376877,bullet3,7.61964,14.351,0.8,0,1
376879,bullet5,7.63971,14.2327,0.8,0,1
376880,player,7.24252,14.2161,0.00280345,-0.0165262,1
376880,flyer3,15.1339,10.4659,-0.273225,0.123887,2
376880,bullet1,7.64252,14.2161,0.8,0,1
376882,flyer4,15,9.84651,-0.3,0,2
376882,bullet4,15.0307,15.3735,0.8,0,1
376882,bullet3,11.6196,14.351,0.8,0,1
376884,bullet5,11.6397,14.2327,0.8,0,1
376885,player,7.17642,14.6922,0.083583,0.15157,1
376885,flyer3,13.7678,11.0854,-0.273225,0.123887,2
376885,bullet1,11.6425,14.2161,0.8,0,1
376886,bullet2,7.61404,14.7604,0.8,0,1
376887,flyer4,13.5,9.84651,-0.3,0,2
376887,bullet3,15.6196,14.351,0.8,0,1
376889,bullet5,15.6397,14.2327,0.8,0,1
376890,player,7.24355,14.814,0.00154234,0.00279689,1
376890,flyer3,12.4016,11.7048,-0.273225,0.123887,2
376890,bullet1,15.6425,14.2161,0.8,0,1
376890,bullet6,7.64355,14.814,0.8,0,1
376891,bullet2,11.614,14.7604,0.8,0,1
376891,bullet4,7.64424,14.8152,0.8,0,1
376892,flyer4,12,9.84651,-0.3,0,2
376893,bullet3,7.6447,14.816,0.8,0,1
376895,player,6.90729,14.4787,-0.337472,-0.337448,1
376895,flyer3,11.0355,12.3243,-0.273225,0.123887,2
376895,bullet6,11.6436,14.814,0.8,0,1
376896,bullet2,15.614,14.7604,0.8,0,1
376896,bullet4,11.6442,14.8152,0.8,0,1
376897,flyer4,10.5,9.84651,-0.3,0,2
376898,bullet3,11.6447,14.816,0.8,0,1
376900,player,6.07855,13.8702,-0.0745711,-0.343727,1
376900,flyer3,9.66938,12.9437,-0.273225,0.123887,2
376900,bullet6,15.6436,14.814,0.8,0,1
376901,bullet4,15.6442,14.8152,0.8,0,1
376902,flyer4,9,9.84651,-0.3,0,2
376902,flyer5,16.5,14.0681,-0.3,0,2
376903,bullet5,6.4231,13.0569,0.8,0,1
376905,player,5.68116,12.9919,-0.338876,-0.0201823,1
376905,flyer3,8.30325,13.5631,-0.273225,0.123887,1
376906,bullet1,5.92867,12.9828,0.8,0,1
376907,flyer4,7.5,9.84651,-0.3,0,2
376907,flyer5,15,14.0681,-0.3,0,1
376908,bullet2,5.82917,12.9768,0.8,0,1
376910,player,5.07152,12.9756,-0.343753,-0.000372421,1
376910,flyer3,6.93713,14.1826,-0.273225,0.123887,1
376911,bullet1,9.92867,12.9828,0.8,0,1
376911,bullet6,4.51683,12.9755,-0.8,-6.99382e-08,1
376912,flyer4,5.99999,9.84651,-0.3,0,2
376912,flyer5,13.5,14.0681,-0.3,0,1
376913,bullet2,9.82917,12.9768,0.8,0,1
376914,bullet4,5.69117,13.4647,0.8,0,1
376915,player,5.35317,13.5331,0.0620005,0.0683369,1
376915,flyer3,5.571,14.802,-0.273225,0.123887,1
376916,bullet1,13.9287,12.9828,0.8,0,1
376916,bullet6,0.516825,12.9755,-0.8,-6.99382e-08,1
376917,flyer4,4.49999,9.84651,-0.3,0,2
376917,flyer5,12,14.0681,-0.3,0,1
376918,bullet2,13.8292,12.9768,0.8,0,1
376919,bullet4,9.69117,13.4647,0.8,0,1
376920,player,4.24293,13.5879,-0.0810393,0.00126101,1
376920,flyer3,4.20487,15.4214,-0.273225,0.123887,1
376920,bullet3,4.64293,13.5879,0.8,0,1
376921,bullet5,4.60646,13.5885,0.8,0,1
376922,flyer4,2.99999,9.84651,-0.3,0,2
376925,player,4.17785,14.1467,-0.0014954,0.068367,1
376925,flyer3,2.83875,16.0409,-0.273225,0.123887,1
376925,bullet3,8.64293,13.5879,0.8,0,1
376926,bullet5,8.60646,13.5885,0.8,0,1
376926,bullet6,3.77717,14.1774,-0.8,-6.99382e-08,1
376927,flyer4,1.49999,9.84651,-0.3,0,2
376930,player,4.73436,13.6439,0.0683162,-0.0670822,1
376930,bullet3,12.6429,13.5879,0.8,0,1
376930,bullet1,5.13436,13.6439,0.8,0,1
376931,bullet5,12.6065,13.5885,0.8,0,1
376931,bullet6,-0.222827,14.1774,-0.8,-6.99382e-08,1
376932,flyer4,-6.4373e-06,9.84651,-0.3,0,2
376934,flyer6,16.5,14.0681,-0.273345,-0.123622,2
376934,bullet2,5.18797,14.1797,0.8,0,1
376935,player,4.78923,14.1923,0.00126063,0.0126018,1
376935,bullet1,9.13436,13.6439,0.8,0,1
376938,bullet4,4.63245,13.644,0.8,0,1
376939,bullet2,9.18797,14.1797,0.8,0,1
376940,player,4.18793,13.9376,-0.0138163,0.323893,1
376940,bullet1,13.1344,13.6439,0.8,0,1
376941,flayer7,16.5,14.0681,-0.3,0,2
376941,bullet6,4.58171,14.0834,0.8,0,1
376943,bullet4,8.63245,13.644,0.8,0,1
376944,bullet2,13.188,14.1797,0.8,0,1
376945,player,4.17683,13.64,-0.00025495,-0.062367,1
376945,bullet3,4.57683,13.64,0.8,0,1
376946,flayer7,15,14.0681,-0.3,0,0
376946,bullet6,8.58171,14.0834,0.8,0,1
376948,bullet4,12.6324,13.644,0.8,0,1
376948,bullet5,4.08727,13.1043,0.8,0,1
376950,player,3.58815,13.0015,-0.0307594,-0.0319055,1
376950,bullet3,8.57683,13.64,0.8,0,1
376951,bullet6,12.5817,14.0834,0.8,0,1
376953,flayer8,16.5,15.3933,-0.29151,-0.0708646,2
376953,bullet5,8.08727,13.1043,0.8,0,1
376955,player,2.73657,12.4865,-0.489943,-0.152464,1
376955,bullet3,12.5768,13.64,0.8,0,1
376956,flyer2,16.5,15.3933,-0.216399,0.207778,2
376958,flayer8,15.0424,15.0389,-0.29151,-0.0708646,2
376958,bullet5,12.0873,13.1043,0.8,0,1
376960,player,1.75464,12.9525,-0.0397955,0.0279413,1
376960,flyer1,16.5,11.5045,-0.21457,-0.209666,2
376960,bullet1,2.15464,12.9525,0.8,0,1
376961,flyer2,15.418,16.4322,-0.216399,0.207778,2
376963,flayer8,13.5849,14.6846,-0.29151,-0.0708646,2
376963,bullet5,16.0873,13.1043,0.8,0,1
376964,flyer5,16.5,11.5045,-0.24386,-0.174734,2
376965,player,0.827457,12.682,-0.406578,-0.391489,1
376965,flyer1,15.4272,10.4562,-0.21457,-0.209666,2
376965,bullet1,6.15464,12.9525,0.8,0,1
376968,flayer8,12.1273,14.3303,-0.29151,-0.0708646,2
376968,bullet2,0.925116,12.8803,0.8,0,1
376969,flyer5,15.2807,10.6308,-0.24386,-0.174734,2
376970,player,0.500941,12.9561,-0.00750251,0.0235306,1
376970,flyer1,14.3543,9.40786,-0.21457,-0.209666,2
376970,bullet1,10.1546,12.9525,0.8,0,1
376973,flayer8,10.6698,13.976,-0.29151,-0.0708646,2
376973,bullet2,4.92512,12.8803,0.8,0,1
376974,flyer5,14.0614,9.75718,-0.24386,-0.174734,2
376974,bullet4,1.48353,13.563,0.8,0,1
376975,player,0.759729,13.5773,-0.323799,0.0142738,1
376975,flyer1,13.2815,8.35953,-0.21457,-0.209666,2
376975,bullet1,14.1546,12.9525,0.8,0,1
376977,bullet6,0.94845,13.5866,0.8,0,1
376978,flayer8,9.21224,13.6216,-0.29151,-0.0708646,1
376978,bullet2,8.92512,12.8803,0.8,0,1
376979,flyer5,12.8421,8.88351,-0.24386,-0.174734,2
376979,bullet4,5.48353,13.563,0.8,0,1
376980,player,0.4,14.1465,-0,0.0686071,1
376980,flyer1,12.2086,7.3112,-0.21457,-0.209666,2
376982,bullet6,4.94845,13.5866,0.8,0,1
376982,bullet3,0.8,14.1913,0.8,0,1
376984,flyer5,11.6228,8.00984,-0.24386,-0.174734,2
376984,bullet5,0,14.2003,-0.8,-6.99382e-08,1
376985,player,0.7375,13.8641,0.3375,-0.336234,1
376985,flyer1,11.1358,6.26286,-0.21457,-0.209666,2
376987,bullet6,8.94845,13.5866,0.8,0,1
376987,bullet3,4.8,14.1913,0.8,0,1
376987,bullet1,1.35772,13.6447,0.8,0,1
376988,bullet2,1.38847,13.6141,0.8,0,1
376989,flyer5,10.4035,7.13617,-0.24386,-0.174734,2
376990,player,1.00854,13.5941,0.00622782,-0.00620446,1
376990,flyer1,10.0629,5.21453,-0.21457,-0.209666,2
376992,bullet6,12.9485,13.5866,0.8,0,1
376992,bullet3,8.8,14.1913,0.8,0,1
376992,bullet1,5.35772,13.6447,0.8,0,1
376993,bullet2,5.38847,13.6141,0.8,0,1
376994,flyer5,9.18419,6.26249,-0.24386,-0.174734,2
376995,player,0.524168,13.0997,-0.15176,-0.151989,1
376995,flyer1,8.99008,4.1662,-0.21457,-0.209666,2
376997,bullet3,12.8,14.1913,0.8,0,1
376997,bullet1,9.35772,13.6447,0.8,0,1
376998,bullet2,9.38847,13.6141,0.8,0,1
376999,flyer5,7.96489,5.38882,-0.24386,-0.174734,2
377000,player,0.470635,12.9093,-0.0863317,0.0807266,1
377000,flyer1,7.91724,3.11787,-0.21457,-0.209666,2
377001,bullet4,0.831786,12.9456,0.8,0,1
377002,bullet1,13.3577,13.6447,0.8,0,1
377003,bullet2,13.3885,13.6141,0.8,0,1
377004,flyer5,6.74559,4.51515,-0.24386,-0.174734,2
377004,bullet5,1.36062,12.9726,0.8,0,1
377005,player,0.989777,12.9741,0.0291616,0.00148963,1
377005,flyer1,6.84439,2.06954,-0.21457,-0.209666,2
377006,bullet4,4.83179,12.9456,0.8,0,1
377007,bullet6,0.608805,12.9751,-0.8,-6.99382e-08,1
377009,flyer5,5.52629,3.64147,-0.24386,-0.174734,2
377009,bullet5,5.36062,12.9726,0.8,0,1
377010,player,1.0132,13.4647,0.000538114,0.151902,1
377010,flyer1,5.77154,1.02121,-0.21457,-0.209666,2
377011,bullet4,8.83179,12.9456,0.8,0,1
377012,bullet3,0.924173,13.5638,0.8,0,1
377014,flyer5,4.30699,2.7678,-0.24386,-0.174734,2
377014,bullet5,9.36062,12.9726,0.8,0,1
377015,player,0.900691,13.5867,0.138045,0.00280303,1
377015,flyer1,4.69869,-0.0271232,-0.21457,-0.209666,2
377016,bullet4,12.8318,12.9456,0.8,0,1
377017,bullet3,4.92417,13.5638,0.8,0,1
377018,bullet1,0.603345,13.0311,-0.8,-6.99382e-08,1
377019,flyer5,3.08769,1.89413,-0.24386,-0.174734,2
377019,bullet5,13.3606,12.9726,0.8,0,1
377020,player,1.01155,12.9866,0.00254732,-0.0137879,1
377021,flyer3,16.5,11.5045,-0.3,0,2
377022,bullet3,8.92417,13.5638,0.8,0,1
377023,flyer4,16.5,11.5045,-0.3,0,2
377024,flyer5,1.86839,1.02046,-0.24386,-0.174734,2
377025,player,1.0136,11.8155,4.70053e-05,-0.0824378,1
377025,bullet2,1.4136,11.8155,0.8,0,1
377026,flyer3,15,11.5045,-0.3,0,2
377026,bullet6,1.41362,11.7784,0.8,0,1
377027,bullet3,12.9242,13.5638,0.8,0,1
377028,flyer4,15,11.5045,-0.3,0,2
377028,bullet1,1.41363,11.7542,0.8,0,1
377029,flyer5,0.649083,0.146786,-0.24386,-0.174734,2
377030,player,0.524261,12.2387,-0.151874,0.150354,1
377030,bullet2,5.4136,11.8155,0.8,0,1
377031,flyer3,13.5,11.5045,-0.3,0,2
377031,bullet6,5.41362,11.7784,0.8,0,1
377033,flyer4,13.5,11.5045,-0.3,0,2
377033,bullet1,5.41363,11.7542,0.8,0,1
377035,player,0.4,11.8017,0,-0.0655693,1
377035,bullet2,9.4136,11.8155,0.8,0,1
377035,bullet4,0.8,11.8017,0.8,0,1
377036,flyer3,12,11.5045,-0.3,0,2
377036,bullet6,9.41362,11.7784,0.8,0,1
377038,flyer4,12,11.5045,-0.3,0,2
377038,bullet1,9.41363,11.7542,0.8,0,1
377038,bullet5,0.8,11.1953,0.8,0,1
377040,player,0.4,11.6361,0,0.136825,1
377040,bullet4,4.8,11.8017,0.8,0,1
377043,flyer4,10.5,11.5045,-0.3,0,1
377043,bullet5,4.8,11.1953,0.8,0,1
377043,bullet3,0.8,12.2956,0.8,0,1
377045,player,0.4,12.6858,0,0.353864,1
377045,bullet4,8.8,11.8017,0.8,0,1
377046,bullet2,0.8,12.8451,0.8,0,1
377048,bullet5,8.8,11.1953,0.8,0,1
377048,bullet3,4.8,12.2956,0.8,0,1
377049,bullet6,1.28938,12.4741,0.8,0,1
377050,player,0.957719,12.4123,0.0683438,-0.061814,1
377051,bullet2,4.8,12.8451,0.8,0,1
377053,bullet5,12.8,11.1953,0.8,0,1
377053,bullet3,8.8,12.2956,0.8,0,1
377054,bullet6,5.28938,12.4741,0.8,0,1
377055,player,0.424131,12.3319,-0.0294936,0.0364484,1
377056,bullet2,8.8,12.8451,0.8,0,1
377058,flyer6,16.5,14.6436,-0.3,0,2
377058,bullet3,12.8,12.2956,0.8,0,1
377058,bullet1,0.8,12.359,0.8,0,1
377059,bullet6,9.28938,12.4741,0.8,0,1
377060,player,0.4,12.3612,0,0.000672576,1
377061,bullet2,12.8,12.8451,0.8,0,1
377063,flyer6,15,14.6436,-0.3,0,2
377063,bullet1,4.8,12.359,0.8,0,1
377063,bullet4,0.8,12.3617,0.8,0,1
377064,bullet6,13.2894,12.4741,0.8,0,1
377065,player,0.4,12.3617,0,1.24109e-05,1
377066,bullet5,0.8,12.3617,0.8,0,1
377068,flyer6,13.5,14.6436,-0.3,0,2
377068,bullet1,8.8,12.359,0.8,0,1
377068,bullet4,4.8,12.3617,0.8,0,1
377069,bullet3,0.8,11.8723,0.8,0,1
377070,player,0.4,11.804,0,-0.0683435,1
377071,bullet5,4.8,12.3617,0.8,0,1
377073,flyer6,12,14.6436,-0.3,0,2
377073,bullet1,12.8,12.359,0.8,0,1
377073,bullet4,8.8,12.3617,0.8,0,1
377074,bullet3,4.8,11.8723,0.8,0,1
377075,player,0.4,11.1914,0,-0.0696049,1
377076,bullet5,8.8,12.3617,0.8,0,1
377078,flyer6,10.5,14.6436,-0.3,0,2
377078,bullet4,12.8,12.3617,0.8,0,1
377078,bullet2,0.8,10.5819,0.8,0,1
377079,bullet3,8.8,11.8723,0.8,0,1
377080,player,0.889375,10.0438,0.151875,-0.166999,1
377081,bullet5,12.8,12.3617,0.8,0,1
377083,flyer6,9,14.6436,-0.3,0,2
377083,bullet2,4.8,10.5819,0.8,0,1
377083,bullet6,0.602313,9.91963,-0.8,-6.99382e-08,1
377084,bullet3,12.8,11.8723,0.8,0,1
377085,player,1.34884,9.5722,0.340303,-0.340582,1
377086,flayer7,16.5,14.6436,-0.3,0,2
377087,bullet1,1.97089,9.34997,0.8,0,1
377088,flyer6,7.5,14.6436,-0.3,0,2
377088,bullet2,8.8,10.5819,0.8,0,1
377090,player,1.13276,8.8093,-0.145595,-0.15816,1
377090,bullet4,1.53276,8.8093,0.8,0,1
377091,flayer7,15,14.6436,-0.3,0,2
377092,bullet1,5.97089,9.34997,0.8,0,1
377092,bullet6,1.43776,8.70611,0.8,0,1
377093,flyer6,5.99999,14.6436,-0.3,0,2
377093,bullet2,12.8,10.5819,0.8,0,1
377095,player,1.01583,8.68229,-0.00268665,-0.00291849,1
377095,bullet4,5.53276,8.8093,0.8,0,1
377096,flayer7,13.5,14.6436,-0.3,0,2
377097,bullet1,9.97089,9.34997,0.8,0,1
377097,bullet6,5.43776,8.70611,0.8,0,1
377098,flyer6,4.49999,14.6436,-0.3,0,2
377099,bullet5,1.41373,8.68,0.8,0,1
377100,player,1.01368,8.67995,-4.95762e-05,-5.38544e-05,1
377100,bullet4,9.53276,8.8093,0.8,0,1
377101,flayer7,12,14.6436,-0.3,0,2
377102,bullet1,13.9709,9.34997,0.8,0,1
377102,bullet6,9.43776,8.70611,0.8,0,1
377103,flyer6,2.99999,14.6436,-0.3,0,2
377104,bullet5,5.41373,8.68,0.8,0,1
377105,player,0.425164,9.26838,-0.0307556,0.0307537,1
377105,bullet4,13.5328,8.8093,0.8,0,1
377106,flayer7,10.5,14.6436,-0.3,0,2
377107,bullet6,13.4378,8.70611,0.8,0,1
377107,bullet3,0.805096,9.28845,0.8,0,1
377108,flyer6,1.49999,14.6436,-0.3,0,2
377109,bullet5,9.41373,8.68,0.8,0,1
377110,player,0.400465,9.29308,-0.000567527,0.000567492,1
377111,flayer7,9,14.6436,-0.3,0,2
377111,bullet2,0.80021,9.29334,0.8,0,1
377112,bullet3,4.8051,9.28845,0.8,0,1
377113,flyer6,-6.4373e-06,14.6436,-0.3,0,2
377114,bullet5,13.4137,8.68,0.8,0,1
377114,bullet1,0.8,9.85125,0.8,0,1
377115,player,0.4,9.88202,0,0.0307652,1
377116,flayer7,7.5,14.6436,-0.3,0,2
377116,bullet2,4.80021,9.29334,0.8,0,1
377117,bullet3,8.8051,9.28845,0.8,0,1
377119,bullet1,4.8,9.85125,0.8,0,1
377120,player,0.4,9.90672,0,0.000567704,1
377121,flayer7,5.99999,14.6436,-0.3,0,2
377121,bullet2,8.80021,9.29334,0.8,0,1
377122,bullet3,12.8051,9.28845,0.8,0,1
377124,bullet1,8.8,9.85125,0.8,0,1
377125,player,1.00231,10.4957,0.0138396,0.0307652,1
377126,flayer7,4.49999,14.6436,-0.3,0,2
377126,bullet2,12.8002,9.29334,0.8,0,1
377127,flyer2,16.5,3.3069,-0.3,0,2
377129,bullet1,12.8,9.85125,0.8,0,1
377130,player,0.524053,9.96264,-0.15162,-0.067776,1
377131,flayer7,2.99999,14.6436,-0.3,0,2
377131,flayer8,16.5,14.5037,-0.3,0,2
377132,flyer2,15,3.3069,-0.3,0,2
377132,bullet4,0.825121,9.91842,0.8,0,1
377135,player,0.7375,9.90821,0.3375,-0.00125066,1
377136,flayer7,1.49999,14.6436,-0.3,0,2
377136,flayer8,15,14.5037,-0.3,0,2
377136,bullet6,1.28938,9.90765,0.8,0,1
377137,flyer2,13.5,3.3069,-0.3,0,2
377137,bullet4,4.82512,9.91842,0.8,0,1
377139,bullet5,1.89169,10.3966,0.8,0,1
377140,player,1.56626,10.4649,0.0745716,0.0683207,1
377141,flayer7,-6.4373e-06,14.6436,-0.3,0,2
377141,flayer8,13.5,14.5037,-0.3,0,2
377141,bullet6,5.28938,9.90765,0.8,0,1
377142,flyer2,12,3.3069,-0.3,0,2
377142,bullet4,8.82512,9.91842,0.8,0,1
377142,bullet3,2.01492,10.5095,0.8,0,1
377144,bullet5,5.89169,10.3966,0.8,0,1
377145,player,1.62615,10.1823,0.00137606,-0.336239,1
377146,flayer8,12,14.5037,-0.3,0,2
377146,bullet6,9.28938,9.90765,0.8,0,1
377147,flyer2,10.5,3.3069,-0.3,0,2
377147,bullet4,12.8251,9.91842,0.8,0,1
377147,bullet3,6.01492,10.5095,0.8,0,1
377149,bullet5,9.89169,10.3966,0.8,0,1
377150,player,1.62725,9.30995,2.53921e-05,-0.0200442,1
377151,flayer8,10.5,14.5037,-0.3,0,2
377151,bullet6,13.2894,9.90765,0.8,0,1
377152,flyer2,9,3.3069,-0.3,0,2
377152,bullet3,10.0149,10.5095,0.8,0,1
377154,bullet5,13.8917,10.3966,0.8,0,1
377155,player,2.18499,9.89617,0.0683442,0.0134697,1
377156,flayer8,9,14.5037,-0.3,0,2
377157,flyer2,7.5,3.3069,-0.3,0,2
377157,bullet3,14.0149,10.5095,0.8,0,1
377157,bullet2,2.62959,9.90496,0.8,0,1
377160,player,3.1351,9.34927,0.407105,-0.0680952,1
377160,flyer1,16.5,9.48934,-0.3,0,2
377161,flayer8,7.5,14.5037,-0.3,0,2
377162,flyer2,5.99999,3.3069,-0.3,0,2
377162,bullet2,6.62959,9.90496,0.8,0,1
377165,player,1.9645,10.4546,-0.412171,0.0809268,1
377165,flyer1,15,9.48934,-0.3,0,2
377166,flayer8,5.99999,14.5037,-0.3,0,2
377167,flyer2,4.49999,3.3069,-0.3,0,2
377167,bullet2,10.6296,9.90496,0.8,0,1
377170,player,1.6335,9.59363,-0.00760572,-0.366761,1
377170,flyer1,13.5,9.48934,-0.3,0,1
377171,flayer8,4.49999,14.5037,-0.3,0,2
377171,bullet1,1.23007,9.42859,-0.8,-6.99382e-08,1
377172,flyer2,2.99999,3.3069,-0.3,0,2
377174,bullet4,1.53815,9.79523,0.8,0,1
377175,player,1.06967,9.85681,-0.0684841,0.061576,1
377175,flyer1,12,9.48934,-0.3,0,1
377176,flayer8,2.99999,14.5037,-0.3,0,2
377177,flyer2,1.49999,3.3069,-0.3,0,2
377179,bullet4,5.53815,9.79523,0.8,0,1
377180,player,0.983917,10.4947,0.0363253,0.0318909,1
377180,flyer1,10.5,9.48934,-0.3,0,1
377180,bullet6,1.38392,10.4947,0.8,0,1
377181,flayer8,1.49999,14.5037,-0.3,0,2
377182,flyer2,-6.4373e-06,3.3069,-0.3,0,2
377185,player,0.788527,10.6722,-0.474865,-0.185037,1
377185,bullet6,5.38392,10.4947,0.8,0,1
377186,flayer8,-6.4373e-06,14.5037,-0.3,0,2
377188,flyer5,16.5,9.48934,-0.224981,0.198453,2
377188,flyer3,16.5,8.28287,-0.277661,0.113597,2
377189,flyer4,16.5,8.28287,-0.290222,0.0759683,2
377190,player,1.21586,10.2169,-0.247164,-0.378504,1
377190,bullet6,9.38392,10.4947,0.8,0,1
377191,bullet5,1.50464,10.0465,0.8,0,1
377193,flyer5,15.3751,10.4816,-0.224981,0.198453,2
377193,flyer3,15.1117,8.85085,-0.277661,0.113597,2
377194,flyer4,15.0489,8.66271,-0.290222,0.0759683,2
377194,bullet3,1.9113,9.91988,0.8,0,1
377195,player,1.57509,9.9129,0.0637829,-0.00698446,1
377195,bullet6,13.3839,10.4947,0.8,0,1
377196,bullet5,5.50464,10.0465,0.8,0,1
377196,bullet2,2.00379,9.90976,0.8,0,1
377198,flyer5,14.2502,11.4739,-0.224981,0.198453,1
377198,flyer3,13.7234,9.41884,-0.277661,0.113597,2
377198,bullet1,2.02252,9.9077,0.8,0,1
377199,flyer4,13.5978,9.04256,-0.290222,0.0759683,2
377199,bullet3,5.91131,9.91988,0.8,0,1
377200,player,1.28881,10.2448,-0.336323,0.337371,1
377201,bullet5,9.50464,10.0465,0.8,0,1
377201,bullet2,6.00379,9.90976,0.8,0,1
377203,flyer5,13.1253,12.4661,-0.224981,0.198453,1
377203,flyer3,12.3351,9.98682,-0.277661,0.113597,2
377203,bullet1,6.02252,9.9077,0.8,0,1
377204,flyer4,12.1467,9.4224,-0.290222,0.0759683,1
377204,bullet3,9.91131,9.91988,0.8,0,1
377205,player,1.57643,11.6758,0.0621376,0.0884088,1
377206,bullet2,10.0038,9.90976,0.8,0,1
377206,bullet4,2.0044,11.7155,0.8,0,1
377208,flyer5,12.0004,13.4584,-0.224981,0.198453,1
377208,flyer3,10.9468,10.5548,-0.277661,0.113597,1
377208,bullet1,10.0225,9.9077,0.8,0,1
377208,bullet6,2.02264,11.7415,0.8,0,1
377210,player,1.62634,11.7468,0.00114661,0.00163139,1
377210,bullet5,2.02634,11.7468,0.8,0,1
377211,bullet4,6.0044,11.7155,0.8,0,1
377211,bullet3,1.22685,11.7475,-0.8,-6.99382e-08,1
377213,flyer5,10.8755,14.4507,-0.224981,0.198453,1
377213,bullet6,6.02264,11.7415,0.8,0,1
377215,player,0.580163,10.701,-0.220198,-0.220189,1
377215,bullet5,6.02634,11.7468,0.8,0,1
377216,bullet4,10.0044,11.7155,0.8,0,1
377216,bullet2,0.881074,10.6019,0.8,0,1
377218,flyer5,9.75056,15.4429,-0.224981,0.198453,1
377218,bullet6,10.0226,11.7415,0.8,0,1
377220,player,0.403325,10.8616,-0.00406326,0.333437,1
377220,bullet5,10.0263,11.7468,0.8,0,1
377221,bullet4,14.0044,11.7155,0.8,0,1
377221,bullet2,4.88107,10.6019,0.8,0,1
377223,flyer5,8.62565,16.4352,-0.224981,0.198453,1
377223,bullet6,14.0226,11.7415,0.8,0,1
377225,player,1.33988,11.6871,0.351265,0.0744966,1
377225,flyer6,16.5,8.28287,-0.3,0,2
377225,bullet5,14.0263,11.7468,0.8,0,1
377226,flayer7,16.5,8.28287,-0.3,0,2
377226,bullet2,8.88107,10.6019,0.8,0,1
377228,flyer2,16.5,8.28287,-0.231593,-0.190695,2
377230,player,1.65272,10.6008,-0.0311072,-0.0977238,1
377230,flyer6,15,8.28287,-0.3,0,2
377230,bullet1,2.05273,10.6008,0.8,0,1
377231,flayer7,15,8.28287,-0.3,0,2
377231,bullet2,12.8811,10.6019,0.8,0,1
377231,bullet3,2.03873,10.5568,0.8,0,1
377233,flyer2,15.342,7.32939,-0.231593,-0.190695,2
377235,player,1.96524,10.5223,0.336926,-0.00180328,1
377235,flyer6,13.5,8.28287,-0.3,0,2
377235,bullet1,6.05273,10.6008,0.8,0,1
377236,flayer7,13.5,8.28287,-0.3,0,2
377236,bullet3,6.03873,10.5568,0.8,0,1
377238,flyer2,14.1841,6.37592,-0.231593,-0.190695,2
377240,player,2.57332,9.62562,0.343717,-0.405877,1
377240,flyer6,12,8.28287,-0.3,0,2
377240,bullet1,10.0527,10.6008,0.8,0,1
377241,flayer7,12,8.28287,-0.3,0,2
377241,bullet3,10.0387,10.5568,0.8,0,1
377243,flyer2,13.0261,5.42244,-0.231593,-0.190695,2
377245,player,2.9623,9.29967,-0.131693,-0.00748957,1
377245,flyer6,10.5,8.28287,-0.3,0,2
377245,bullet1,14.0527,10.6008,0.8,0,1
377246,flayer7,10.5,8.28287,-0.3,0,2
377246,bullet3,14.0387,10.5568,0.8,0,1
377247,bullet4,2.47637,9.29478,-0.8,-6.99382e-08,1
377248,flyer2,11.8681,4.46896,-0.231593,-0.190695,2
377250,player,2.29882,9.85137,-0.0707739,0.0682055,1
377250,flyer6,9,8.28287,-0.3,0,2
377250,bullet6,2.69882,9.85137,0.8,0,1
377251,flayer7,9,8.28287,-0.3,0,2
377252,bullet5,2.65264,9.89588,0.8,0,1
377253,flyer2,10.7102,3.51549,-0.231593,-0.190695,2
377254,bullet2,2.64329,9.90489,0.8,0,1
377255,player,1.90448,10.2436,-0.338806,0.338759,1
377255,flyer6,7.5,8.28287,-0.3,0,2
377255,bullet6,6.69882,9.85137,0.8,0,1
377256,flayer7,7.5,8.28287,-0.3,0,2
377257,bullet5,6.65264,9.89588,0.8,0,1
377258,flyer2,9.55221,2.56201,-0.231593,-0.190695,2
377259,bullet2,6.64329,9.90489,0.8,0,1
377259,bullet1,2.03864,10.0201,0.8,0,1
377260,player,1.63239,9.95799,-0.00625192,-0.0620927,1
377260,flyer6,5.99999,8.28287,-0.3,0,2
377260,bullet6,10.6988,9.85137,0.8,0,1
377261,flayer7,5.99999,8.28287,-0.3,0,2
377262,bullet5,10.6526,9.89588,0.8,0,1
377263,flyer2,8.39424,1.60853,-0.231593,-0.190695,2
377264,bullet2,10.6433,9.90489,0.8,0,1
377264,bullet1,6.03864,10.0201,0.8,0,1
377265,player,1.0389,9.31965,-0.0308701,-0.0319005,1
377265,flyer6,4.49999,8.28287,-0.3,0,2
377265,bullet6,14.6988,9.85137,0.8,0,1
377266,flayer7,4.49999,8.28287,-0.3,0,2
377267,bullet5,14.6526,9.89588,0.8,0,1
377268,flyer2,7.23628,0.655057,-0.231593,-0.190695,2
377269,bullet2,14.6433,9.90489,0.8,0,1
377269,bullet1,10.0386,10.0201,0.8,0,1
377270,player,1.08245,9.78341,-0.0841009,0.151286,1
377270,flyer6,2.99999,8.28287,-0.3,0,2
377271,flayer7,2.99999,8.28287,-0.3,0,2
377272,bullet3,1.42757,9.88212,0.8,0,1
377273,flyer2,6.07831,-0.298419,-0.231593,-0.190695,2
377273,bullet4,1.41991,9.89591,0.8,0,1
377274,bullet1,14.0386,10.0201,0.8,0,1
377275,player,0.677407,9.5674,-0.339052,-0.334708,1
377275,flyer6,1.49999,8.28287,-0.3,0,2
377276,flayer7,1.49999,8.28287,-0.3,0,2
377277,bullet3,5.42757,9.88212,0.8,0,1
377278,bullet4,5.41991,9.89591,0.8,0,1
377280,player,0.40512,9.2986,-0.00625646,-0.00617631,1
377280,flyer6,-6.4373e-06,8.28287,-0.3,0,2
377280,bullet6,0.80512,9.2986,0.8,0,1
377281,flayer7,-6.4373e-06,8.28287,-0.3,0,2
377282,bullet3,9.42757,9.88212,0.8,0,1
