238638,player,4.80045,1.73142,-0.3375,0.3375,1
238642,bullet1,4.27882,2.06457,0.8,0,1
238643,player,3.89634,2.03321,0.0175216,-0.0313612,1
238643,bullet2,4.29634,2.03321,0.8,0,1
238645,bullet3,3.8184,2.01275,0.8,0,1
238646,bullet4,3.75166,2.00989,0.8,0,1
238647,bullet1,8.27882,2.06457,0.8,0,1
238648,player,3.6456,1.67053,0.323984,-0.338079,1
238648,bullet2,8.29634,2.03321,0.8,0,1
238650,bullet3,7.8184,2.01275,0.8,0,1
238651,bullet4,7.75166,2.00989,0.8,0,1
238652,bullet1,12.2788,2.06457,0.8,0,1
238653,player,3.90579,1.39902,0.00597841,-0.0062385,1
238653,bullet2,12.2963,2.03321,0.8,0,1
238655,bullet3,11.8184,2.01275,0.8,0,1
238656,bullet4,11.7517,2.00989,0.8,0,1
238657,bullet1,16.2788,2.06457,0.8,0,1
238658,player,3.65962,3.02958,0.306856,0.250858,1
238658,flyer1,16.5,8.93606,-0.3,0,2
238658,bullet2,16.2963,2.03321,0.8,0,1
238659,bullet5,4.1977,3.14246,0.8,0,1
238660,bullet3,15.8184,2.01275,0.8,0,1
238660,bullet6,4.25984,3.19326,0.8,0,1
238661,bullet4,15.7517,2.00989,0.8,0,1
238661,bullet1,4.2878,3.21612,0.8,0,1
238663,player,3.90605,2.74166,0.00566235,-0.147246,1
238663,flyer1,15,8.93606,-0.3,0,2
238663,bullet2,4.30605,2.74166,0.8,0,1
238664,bullet5,8.1977,3.14246,0.8,0,1
238665,bullet6,8.25984,3.19326,0.8,0,1
238666,bullet1,8.2878,3.21612,0.8,0,1
238668,player,3.60385,2.84363,-0.374985,-0.271873,1
238668,flyer1,13.5,8.93606,-0.3,0,2
238668,bullet2,8.30605,2.74166,0.8,0,1
238669,bullet5,12.1977,3.14246,0.8,0,1
238670,bullet6,12.2598,3.19326,0.8,0,1
238671,bullet1,12.2878,3.21612,0.8,0,1
238673,player,3.42383,2.99355,-0.154955,0.294894,1
238673,flyer1,12,8.93606,-0.3,0,2
238673,bullet2,12.3061,2.74166,0.8,0,1
238674,bullet5,16.1977,3.14246,0.8,0,1
238675,bullet6,16.2598,3.19326,0.8,0,1
238676,flyer2,16.5,8.93606,-0.298059,-0.0340674,2
238676,bullet1,16.2878,3.21612,0.8,0,1
238676,bullet3,4.75569,3.21284,0.8,0,1
238678,player,4.49017,2.741,0.0417349,-0.146433,1
238678,flyer1,10.5,8.93606,-0.3,0,2
238678,bullet2,16.3061,2.74166,0.8,0,1
238678,bullet4,4.89017,2.741,0.8,0,1
238680,bullet5,4.91741,3.13482,0.8,0,1
238681,flyer2,15.0097,8.76573,-0.298059,-0.0340674,2
238681,bullet3,8.75569,3.21284,0.8,0,1
238683,player,3.4766,3.44593,-0.219449,-0.258019,1
238683,flyer1,9,8.93606,-0.3,0,2
238683,bullet4,8.89017,2.741,0.8,0,1
238685,bullet5,8.91741,3.13482,0.8,0,1
238685,bullet6,3.24403,3.76695,0.8,0,1
238686,flyer2,13.5194,8.59539,-0.298059,-0.0340674,2
238686,bullet3,12.7557,3.21284,0.8,0,1
238688,player,2.20867,3.77269,-0.169764,0.0926097,1
238688,flyer1,7.5,8.93606,-0.3,0,2
238688,bullet4,12.8902,2.741,0.8,0,1
238690,bullet5,12.9174,3.13482,0.8,0,1
238690,bullet6,7.24403,3.76695,0.8,0,1
238691,flyer2,12.0291,8.42506,-0.298059,-0.0340674,2
238691,bullet1,2.48243,3.84156,0.8,0,1
238693,player,2.40984,4.18456,0.334367,0.339209,1
238693,flyer1,5.99999,8.93606,-0.3,0,2
238695,bullet6,11.244,3.76695,0.8,0,1
238695,bullet2,2.53864,3.91652,0.8,0,1
238696,flyer2,10.5388,8.25472,-0.298059,-0.0340674,2
238696,bullet1,6.48243,3.84156,0.8,0,1
238696,bullet3,2.50077,3.87909,0.8,0,1
238698,player,2.07605,4.19216,-0.00766959,0.32992,1
238698,flyer1,4.49999,8.93606,-0.3,0,2
238700,bullet6,15.244,3.76695,0.8,0,1
238700,bullet2,6.53864,3.91652,0.8,0,1
238701,flyer2,9.04851,8.08438,-0.298059,-0.0340674,2
238701,bullet1,10.4824,3.84156,0.8,0,1
238701,bullet3,6.50077,3.87909,0.8,0,1
238702,bullet4,2.47003,5.0395,0.8,0,1
238703,player,2.06989,5.05943,-0.000141526,0.0199276,1
238703,flyer1,2.99999,8.93606,-0.3,0,2
238705,bullet2,10.5386,3.91652,0.8,0,1
238706,flyer2,7.55822,7.91405,-0.298059,-0.0340674,2
238706,bullet1,14.4824,3.84156,0.8,0,1
238706,bullet3,10.5008,3.87909,0.8,0,1
238707,bullet4,6.47003,5.0395,0.8,0,1
238708,player,3.14763,4.58606,0.182627,-0.151507,1
238708,flyer1,1.49999,8.93606,-0.3,0,2
238710,bullet2,14.5386,3.91652,0.8,0,1
238711,flyer2,6.06792,7.74371,-0.298059,-0.0340674,2
238711,bullet3,14.5008,3.87909,0.8,0,1
238711,bullet5,3.75178,3.98402,0.8,0,1
238712,bullet4,10.47,5.0395,0.8,0,1
238713,player,3.30813,4.21341,-0.0135451,0.30395,1
238713,flyer1,-6.4373e-06,8.93606,-0.3,0,2
238715,flyer3,16.5,10.9702,-0.3,0,2
238716,flyer2,4.57762,7.57338,-0.298059,-0.0340674,2
238716,bullet5,7.75178,3.98402,0.8,0,1
238717,bullet4,14.47,5.0395,0.8,0,1
238718,player,2.99051,4.20654,-0.375339,0.312354,1
238720,flyer3,15,10.9702,-0.3,0,2
238720,flyer4,16.5,10.9702,-0.3,0,2
238720,bullet6,3.1456,4.41035,0.8,0,1
238721,flyer2,3.08732,7.40304,-0.298059,-0.0340674,2
238721,bullet5,11.7518,3.98402,0.8,0,1
238723,player,2.35158,4.79488,-0.344426,0.343264,1
238724,bullet1,2.59659,4.94935,0.8,0,1
238725,flyer3,13.5,10.9702,-0.3,0,2
238725,flyer4,15,10.9702,-0.3,0,2
238725,bullet6,7.1456,4.41035,0.8,0,1
238726,flyer2,1.59703,7.23271,-0.298059,-0.0340674,2
238726,bullet5,15.7518,3.98402,0.8,0,1
238726,bullet2,2.49546,5.05014,0.8,0,1
238728,player,2.07498,5.07055,-0.00635563,0.00633418,1
238728,bullet3,2.47498,5.07055,0.8,0,1
238729,bullet1,6.59659,4.94935,0.8,0,1
238730,flyer3,12,10.9702,-0.3,0,2
238730,flyer4,13.5,10.9702,-0.3,0,2
238730,bullet6,11.1456,4.41035,0.8,0,1
238731,flyer2,0.10673,7.06237,-0.298059,-0.0340674,2
238731,bullet2,6.49546,5.05014,0.8,0,1
238733,player,1.4814,5.66411,-0.030872,0.0308716,1
238733,bullet3,6.47498,5.07055,0.8,0,1
238734,bullet1,10.5966,4.94935,0.8,0,1
238735,flyer3,10.5,10.9702,-0.3,0,2
238735,flyer4,12,10.9702,-0.3,0,2
238735,bullet6,15.1456,4.41035,0.8,0,1
238736,bullet2,10.4955,5.05014,0.8,0,1
238738,player,1.45661,5.35141,-0.000569675,-0.33693,1
238738,bullet3,10.475,5.07055,0.8,0,1
238739,bullet1,14.5966,4.94935,0.8,0,1
238740,flyer3,9,10.9702,-0.3,0,2
238740,flyer4,10.5,10.9702,-0.3,0,2
238741,bullet2,14.4955,5.05014,0.8,0,1
238743,player,1.45615,4.15485,-1.05121e-05,-0.374472,1
238743,bullet3,14.475,5.07055,0.8,0,1
238744,flyer5,16.5,10.9702,-0.3,0,2
238745,flyer3,7.5,10.9702,-0.3,0,2
238745,flyer4,9,10.9702,-0.3,0,2
238746,flyer6,16.5,10.9702,-0.3,0,2
238746,bullet4,1.29842,4.4341,0.8,0,1
238748,player,0.853828,4.45643,-0.0138398,0.00692955,1
238748,bullet5,1.25383,4.45643,0.8,0,1
238749,flyer5,15,10.9702,-0.3,0,2
238750,flyer3,5.99999,10.9702,-0.3,0,2
238750,flyer4,7.5,10.9702,-0.3,0,2
238751,flyer6,15,10.9702,-0.3,0,2
238751,bullet4,5.29842,4.4341,0.8,0,1
238751,bullet6,1.24354,4.46159,0.8,0,1
238753,player,0.505214,4.1245,-0.337755,-0.337372,1
238753,bullet5,5.25383,4.45643,0.8,0,1
238754,flyer5,13.5,10.9702,-0.3,0,2
238755,flyer3,4.49999,10.9702,-0.3,0,2
238755,flyer4,5.99999,10.9702,-0.3,0,2
238756,flyer6,13.5,10.9702,-0.3,0,2
238756,bullet4,9.29842,4.4341,0.8,0,1
238756,bullet6,5.24354,4.46159,0.8,0,1
238758,player,0.7375,4.99975,0.3375,0.092873,1
238758,bullet5,9.25383,4.45643,0.8,0,1
238759,flyer5,12,10.9702,-0.3,0,2
238760,flyer3,2.99999,10.9702,-0.3,0,2
238760,flyer4,4.49999,10.9702,-0.3,0,2
238761,flyer6,12,10.9702,-0.3,0,2
238761,bullet4,13.2984,4.4341,0.8,0,1
238761,bullet6,9.24354,4.46159,0.8,0,1
238762,bullet1,1.40231,4.5149,0.8,0,1
238763,player,1.00854,4.48586,0.00622782,-0.0290409,1
238763,bullet5,13.2538,4.45643,0.8,0,1
238764,flyer5,10.5,10.9702,-0.3,0,2
238765,flyer3,1.49999,10.9702,-0.3,0,2
238765,flyer4,2.99999,10.9702,-0.3,0,2
238765,bullet2,1.4126,4.46691,0.8,0,1
238766,flyer6,10.5,10.9702,-0.3,0,2
238766,bullet6,13.2435,4.46159,0.8,0,1
238767,bullet1,5.40231,4.5149,0.8,0,1
238768,player,1.01354,4.95191,0.000114921,0.151339,1
238769,flyer5,9,10.9702,-0.3,0,2
238770,flyer3,-6.4373e-06,10.9702,-0.3,0,2
238770,flyer4,1.49999,10.9702,-0.3,0,2
238770,bullet2,5.4126,4.46691,0.8,0,1
238770,bullet3,1.90299,5.05066,0.8,0,1
238771,flyer6,9,10.9702,-0.3,0,2
238772,bullet1,9.40231,4.5149,0.8,0,1
238772,bullet4,2.00211,5.07066,0.8,0,1
238773,player,1.27845,5.07345,-0.323658,0.00279263,1
238774,flyer5,7.5,10.9702,-0.3,0,2
238775,flyer4,-6.4373e-06,10.9702,-0.3,0,2
238775,bullet2,9.41261,4.46691,0.8,0,1
238775,bullet3,5.90299,5.05066,0.8,0,1
238776,flyer6,7.5,10.9702,-0.3,0,2
238777,bullet1,13.4023,4.5149,0.8,0,1
238777,bullet4,6.00211,5.07066,0.8,0,1
238778,player,1.5079,5.07569,0.145903,5.15319e-05,1
238779,flyer5,5.99999,10.9702,-0.3,0,2
238780,bullet2,13.4126,4.46691,0.8,0,1
238780,bullet3,9.90299,5.05066,0.8,0,1
238781,flyer6,5.99999,10.9702,-0.3,0,2
238782,bullet4,10.0021,5.07066,0.8,0,1
238783,player,2.10061,6.4184,0.171482,-0.14103,1
238784,flyer5,4.49999,10.9702,-0.3,0,2
238785,bullet3,13.903,5.05066,0.8,0,1
238785,bullet5,2.6125,6.32637,0.8,0,1
238786,flyer6,4.49999,10.9702,-0.3,0,2
238787,bullet4,14.0021,5.07066,0.8,0,1
238787,bullet6,1.83516,6.30774,-0.8,-6.99382e-08,1
238788,player,2.23832,6.30514,0.00316433,-0.0026024,1
238789,flyer5,2.99999,10.9702,-0.3,0,2
238790,bullet5,6.6125,6.32637,0.8,0,1
238790,bullet1,2.64038,6.30344,0.8,0,1
238791,flyer6,2.99999,10.9702,-0.3,0,2
238792,bullet2,2.6408,6.3031,0.8,0,1
238793,player,1.90336,6.30305,-0.337442,-4.80215e-05,1
238794,flyer5,1.49999,10.9702,-0.3,0,2
238795,bullet5,10.6125,6.32637,0.8,0,1
238795,bullet1,6.64039,6.30344,0.8,0,1
238795,bullet3,2.08318,6.30302,0.8,0,1
238796,flyer6,1.49999,10.9702,-0.3,0,2
238797,bullet2,6.6408,6.3031,0.8,0,1
238798,player,1.63237,6.30301,-0.00622675,-8.86132e-07,1
238799,flyer5,-6.4373e-06,10.9702,-0.3,0,2
238800,bullet5,14.6125,6.32637,0.8,0,1
238800,bullet1,10.6404,6.30344,0.8,0,1
238800,bullet3,6.08318,6.30302,0.8,0,1
238801,flyer6,-6.4373e-06,10.9702,-0.3,0,2
238802,bullet2,10.6408,6.3031,0.8,0,1
238803,player,1.62737,5.96551,-0.000114901,-0.3375,1
238804,flayer7,16.5,2.46557,-0.245764,0.172047,2
238805,bullet1,14.6404,6.30344,0.8,0,1
238805,bullet3,10.0832,6.30302,0.8,0,1
238806,bullet4,2.02728,5.71454,0.8,0,1
238807,bullet2,14.6408,6.3031,0.8,0,1
238808,player,1.62727,5.69447,-2.12025e-06,-0.00622782,1
238809,flayer7,15.2712,3.32581,-0.245764,0.172047,2
238809,bullet6,2.02727,5.69167,0.8,0,1
238810,bullet3,14.0832,6.30302,0.8,0,1
238811,bullet4,6.02728,5.71454,0.8,0,1
238813,player,1.62727,5.68947,-3.91245e-08,-0.000114921,1
238813,flayer8,16.5,10.9702,-0.263855,-0.14276,2
238813,bullet5,2.02727,5.68947,0.8,0,1
238814,flayer7,14.0424,4.18604,-0.245764,0.172047,2
238814,bullet6,6.02727,5.69167,0.8,0,1
238814,bullet1,2.02727,5.68942,0.8,0,1
238816,bullet4,10.0273,5.71454,0.8,0,1
238818,player,2.18499,5.68938,0.0683438,-2.12061e-06,1
238818,flayer8,15.1807,10.2564,-0.263855,-0.14276,2
238818,bullet5,6.02727,5.68947,0.8,0,1
238819,flayer7,12.8135,5.04628,-0.245764,0.172047,1
238819,bullet6,10.0273,5.69167,0.8,0,1
238819,bullet1,6.02727,5.68942,0.8,0,1
238821,bullet2,3.19353,5.13166,0.8,0,1
238823,player,2.84219,5.08707,0.0151007,-0.0138396,1
238823,flayer8,13.8615,9.54263,-0.263855,-0.14276,2
238823,bullet5,10.0273,5.68947,0.8,0,1
238823,bullet3,3.24219,5.08707,0.8,0,1
238824,bullet1,10.0273,5.68942,0.8,0,1
238826,bullet2,7.19353,5.13166,0.8,0,1
238828,player,3.67685,3.91592,-0.255038,-0.0824387,1
238828,flayer8,12.5422,8.82883,-0.263855,-0.14276,2
238828,bullet5,14.0273,5.68947,0.8,0,1
238828,bullet3,7.24219,5.08707,0.8,0,1
238829,bullet1,14.0273,5.68942,0.8,0,1
238831,bullet2,11.1935,5.13166,0.8,0,1
238831,bullet4,3.8872,3.85462,0.8,0,1
238833,player,3.47203,3.84972,-0.00470617,-0.00152123,1
238833,flayer8,11.2229,8.11503,-0.263855,-0.14276,2
238833,bullet3,11.2422,5.08707,0.8,0,1
238833,bullet6,3.87203,3.84972,0.8,0,1
238836,bullet2,15.1935,5.13166,0.8,0,1
238836,bullet4,7.8872,3.85462,0.8,0,1
238838,player,3.17535,5.34603,-0.392091,0.419655,1
238838,flayer8,9.90363,7.40123,-0.263855,-0.14276,2
238838,bullet3,15.2422,5.08707,0.8,0,1
238838,bullet6,7.87203,3.84972,0.8,0,1
238840,flyer1,16.5,2.46557,-0.3,0,2
238840,bullet5,3.31951,5.61985,0.8,0,1
238841,bullet4,11.8872,3.85462,0.8,0,1
238843,player,2.86047,6.24076,-0.00723518,0.0760876,1
238843,flayer8,8.58435,6.68744,-0.263855,-0.14276,2
238843,bullet6,11.872,3.84972,0.8,0,1
238843,bullet1,3.26047,6.24076,0.8,0,1
238845,flyer1,15,2.46557,-0.3,0,2
238846,bullet4,15.8872,3.85462,0.8,0,1
238848,player,2.63444,5.69956,0.269023,-0.0124356,1
238848,flayer8,7.26507,5.97364,-0.263855,-0.14276,0
238848,bullet6,15.872,3.84972,0.8,0,1
238850,flyer1,13.5,2.46557,-0.3,0,2
238850,bullet2,3.20997,5.69144,0.8,0,1
238851,bullet3,3.23449,5.69031,0.8,0,1
238853,player,2.51298,5.35207,-0.332536,-0.337729,1
238854,flyer2,16.5,2.46557,-0.3,0,2
238854,bullet5,2.76334,5.20009,0.8,0,1
238855,flyer1,12,2.46557,-0.3,0,2
238855,bullet2,7.20997,5.69144,0.8,0,1
238856,bullet3,7.23449,5.69031,0.8,0,1
238858,player,3.0728,5.41835,0.483239,0.331268,1
238859,flyer2,15,2.46557,-0.3,0,2
238859,bullet5,6.76334,5.20009,0.8,0,1
238860,flyer1,10.5,2.46557,-0.3,0,2
238860,bullet2,11.21,5.69144,0.8,0,1
238860,bullet4,3.78812,5.6345,0.8,0,1
238861,bullet3,11.2345,5.69031,0.8,0,1
238863,player,4.01861,5.12666,0.0772609,-0.0622309,1
238864,flyer2,13.5,2.46557,-0.3,0,2
238864,bullet5,10.7633,5.20009,0.8,0,1
238865,flyer1,9,2.46557,-0.3,0,2
238865,bullet2,15.21,5.69144,0.8,0,1
238865,bullet4,7.78812,5.6345,0.8,0,1
238866,bullet3,15.2345,5.69031,0.8,0,1
238868,player,3.49218,5.07669,-0.029329,-0.00114834,1
238868,bullet1,3.89218,5.07669,0.8,0,1
238869,flyer2,12,2.46557,-0.3,0,2
238869,bullet5,14.7633,5.20009,0.8,0,1
238870,flyer1,7.5,2.46557,-0.3,0,2
238870,bullet4,11.7881,5.6345,0.8,0,1
238872,bullet6,4.42688,5.6335,0.8,0,1
238873,player,4.0571,5.66424,0.0302135,0.0307335,1
238873,bullet1,7.89218,5.07669,0.8,0,1
238873,bullet2,4.4571,5.66424,0.8,0,1
238874,flyer2,10.5,2.46557,-0.3,0,2
238875,flyer1,5.99999,2.46557,-0.3,0,2
238875,bullet4,15.7881,5.6345,0.8,0,1
238877,bullet6,8.42689,5.6335,0.8,0,1
238877,bullet3,4.48081,5.68835,0.8,0,1
238878,player,4.08136,5.68892,0.000557524,0.000567119,1
238878,bullet1,11.8922,5.07669,0.8,0,1
238878,bullet2,8.4571,5.66424,0.8,0,1
238879,flyer2,9,2.46557,-0.3,0,2
238880,flyer1,4.49999,2.46557,-0.3,0,2
238882,bullet6,12.4269,5.6335,0.8,0,1
238882,bullet3,8.48081,5.68835,0.8,0,1
238883,player,5.00778,6.61534,0.368265,0.368265,1
238883,bullet1,15.8922,5.07669,0.8,0,1
238883,bullet2,12.4571,5.66424,0.8,0,1
238884,flyer2,7.5,2.46557,-0.3,0,2
238885,flyer1,2.99999,2.46557,-0.3,0,2
238887,bullet3,12.4808,5.68835,0.8,0,1
238887,bullet5,5.69674,6.9043,0.8,0,1
238888,player,5.30353,6.91109,0.00679552,0.00679553,1
238888,bullet4,5.70353,6.91109,0.8,0,1
238889,flyer2,5.99999,2.46557,-0.3,0,2
238890,flyer1,1.49999,2.46557,-0.3,0,2
238890,bullet1,5.70796,6.91552,0.8,0,1
238892,bullet5,9.69674,6.9043,0.8,0,1
238893,player,5.86671,6.35883,0.0684691,-0.0682184,1
238893,bullet4,9.70353,6.91109,0.8,0,1
238894,flyer2,4.49999,2.46557,-0.3,0,2
238895,flyer1,-6.4373e-06,2.46557,-0.3,0,2
238895,bullet1,9.70797,6.91552,0.8,0,1
238897,bullet5,13.6967,6.9043,0.8,0,1
238897,bullet6,6.32043,6.89378,0.8,0,1
238898,player,5.92169,7.24386,0.00126345,0.350081,1
238898,bullet4,13.7035,6.91109,0.8,0,1
238899,flyer2,2.99999,2.46557,-0.3,0,2
238900,bullet1,13.708,6.91552,0.8,0,1
238902,flyer3,16.5,10.5043,-0.234694,0.186865,2
238902,bullet6,10.3204,6.89378,0.8,0,1
238902,bullet2,5.83331,7.02916,0.8,0,1
238903,player,5.36499,6.96728,-0.0683204,-0.0618838,1
238904,flyer2,1.49999,2.46557,-0.3,0,2
238905,bullet3,6.20978,6.9269,0.8,0,1
238907,flyer3,15.3265,11.4386,-0.234694,0.186865,2
238907,bullet6,14.3204,6.89378,0.8,0,1
238907,bullet2,9.83331,7.02916,0.8,0,1
238908,player,6.40181,6.42821,0.164454,-0.153017,1
238909,flyer2,-6.4373e-06,2.46557,-0.3,0,2
238910,bullet3,10.2098,6.9269,0.8,0,1
238910,bullet5,7.39849,6.81774,0.8,0,1
238912,flyer3,14.1531,12.373,-0.234694,0.186865,2
238912,bullet2,13.8333,7.02916,0.8,0,1
238913,player,7.62557,6.90764,0.168749,0.011016,1
238915,bullet3,14.2098,6.9269,0.8,0,1
238915,bullet5,11.3985,6.81774,0.8,0,1
238915,bullet4,8.62505,6.42545,0.8,0,1
238917,flyer3,12.9796,13.3073,-0.234694,0.186865,2
238918,player,7.87403,7.14104,-0.134921,0.475739,1
238918,flyer4,16.5,10.5043,-0.29723,0.040676,2
238920,bullet5,15.3985,6.81774,0.8,0,1
238920,bullet4,12.6251,6.42545,0.8,0,1
238922,flyer3,11.8061,14.2416,-0.234694,0.186865,2
238922,flyer5,16.5,10.5043,-0.3,0,2
238923,player,8.32339,8.01248,0.0658541,0.160654,1
238923,flyer4,15.0139,10.7077,-0.29723,0.040676,2
238924,bullet1,8.75303,8.08477,0.8,0,1
238927,flyer3,10.6326,15.1759,-0.234694,0.186865,2
238927,flyer5,15,10.5043,-0.3,0,2
238927,bullet6,8.77506,8.69625,0.8,0,1
238928,player,8.37628,8.39247,0.00121519,-0.303781,1
238928,flyer4,13.5277,10.9111,-0.29723,0.040676,2
238929,bullet1,12.753,8.08477,0.8,0,1
238932,flyer3,9.45917,16.1103,-0.234694,0.186865,2
238932,flyer5,13.5,10.5043,-0.3,0,2
238932,bullet6,12.7751,8.69625,0.8,0,1
238932,bullet2,8.21951,7.5964,0.8,0,1
238933,player,8.12628,7.22254,0.306768,-0.37386,1
238933,flyer4,12.0416,11.1144,-0.29723,0.040676,2
238937,flyer5,12,10.5043,-0.3,0,2
238937,flyer6,16.5,13.3583,-0.266914,0.136955,2
238937,bullet2,12.2195,7.5964,0.8,0,1
238938,player,7.29479,8.00014,-0.176969,0.175731,1
238938,flyer4,10.5554,11.3178,-0.29723,0.040676,2
238939,bullet3,7.61516,8.07922,0.8,0,1
238942,flyer5,10.5,10.5043,-0.3,0,2
238942,flyer6,15.1654,14.043,-0.266914,0.136955,2
238942,bullet2,16.2195,7.5964,0.8,0,1
238943,player,7.64205,7.06342,0.148609,-0.179387,1
238943,flyer4,9.06926,11.5212,-0.29723,0.040676,2
238943,bullet5,7.24205,7.06342,-0.8,-6.99382e-08,1
238944,bullet3,11.6152,8.07922,0.8,0,1
238947,flyer5,9,10.5043,-0.3,0,2
238947,flyer6,13.8309,14.7278,-0.266914,0.136955,2
238948,player,6.7143,6.42998,-0.217476,-0.155185,1
238948,flyer4,7.58311,11.7246,-0.29723,0.040676,2
238948,bullet5,3.24205,7.06342,-0.8,-6.99382e-08,1
238949,bullet3,15.6152,8.07922,0.8,0,1
238949,bullet4,7.01644,6.36015,0.8,0,1
238952,flyer5,7.5,10.5043,-0.3,0,2
238952,flyer6,12.4963,15.4126,-0.266914,0.136955,2
238953,player,5.95118,6.89383,-0.0347677,0.0278911,1
238953,flyer4,6.09696,11.928,-0.29723,0.040676,2
238954,bullet4,11.0164,6.36015,0.8,0,1
238956,bullet1,6.32533,6.91457,0.8,0,1
238957,flyer5,5.99999,10.5043,-0.3,0,2
238957,flyer6,11.1617,16.0974,-0.266914,0.136955,2
238958,player,5.92326,6.91623,-0.000641563,0.000514669,1
238958,flyer4,4.61081,12.1313,-0.29723,0.040676,2
238959,bullet4,15.0164,6.36015,0.8,0,1
238959,bullet6,5.52297,6.91646,-0.8,-6.99382e-08,1
238960,bullet2,6.32284,6.91656,0.8,0,1
238961,bullet1,10.3253,6.91457,0.8,0,1
238962,flyer5,4.49999,10.5043,-0.3,0,2
238963,player,6.26025,6.57914,0.337488,-0.33749,1
238963,flyer4,3.12466,12.3347,-0.29723,0.040676,2
238964,bullet6,1.52297,6.91646,-0.8,-6.99382e-08,1
238965,bullet2,10.3228,6.91656,0.8,0,1
238966,bullet1,14.3253,6.91457,0.8,0,1
238967,flyer5,2.99999,10.5043,-0.3,0,2
238967,bullet3,6.33657,6.41343,0.8,0,1
238968,player,5.92896,6.3527,-0.007612,-0.0607318,1
238968,flyer4,1.63851,12.5381,-0.29723,0.040676,2
238969,bullet5,6.32554,6.32537,0.8,0,1
238970,bullet2,14.3228,6.91656,0.8,0,1
238972,flyer5,1.49999,10.5043,-0.3,0,2
238972,bullet3,10.3366,6.41343,0.8,0,1
238973,player,6.51132,5.22608,0.0306142,-0.18375,1
238973,flyer4,0.152364,12.7415,-0.29723,0.040676,2
238974,bullet5,10.3255,6.32537,0.8,0,1
238974,bullet4,6.9251,5.14339,0.8,0,1
238976,bullet6,6.93409,5.08944,0.8,0,1
238977,flyer5,-6.4373e-06,10.5043,-0.3,0,2
238977,bullet3,14.3366,6.41343,0.8,0,1
238978,player,6.53591,5.07851,0.000564919,-0.00339071,1
238979,bullet5,14.3255,6.32537,0.8,0,1
238979,bullet4,10.9251,5.14339,0.8,0,1
238980,flayer7,16.5,13.3583,-0.230098,-0.192497,2
238981,bullet6,10.9341,5.08944,0.8,0,1
238982,flayer8,16.5,13.3583,-0.297279,-0.0403159,2
238982,bullet1,6.96711,4.48738,0.8,0,1
238983,player,6.5502,4.47348,-0.0169047,-0.0139022,1
238983,bullet2,6.9502,4.47348,0.8,0,1
238984,bullet4,14.9251,5.14339,0.8,0,1
238985,flayer7,15.3495,12.3958,-0.230098,-0.192497,2
238986,bullet6,14.9341,5.08944,0.8,0,1
238987,flayer8,15.0136,13.1567,-0.297279,-0.0403159,2
238987,bullet1,10.9671,4.48738,0.8,0,1
238987,bullet3,6.93694,4.46257,0.8,0,1
238988,player,6.53663,4.46231,-0.000311938,-0.000256534,1
238988,bullet2,10.9502,4.47348,0.8,0,1
238990,flayer7,14.199,11.4333,-0.230098,-0.192497,2
238992,flayer8,13.5272,12.9551,-0.297279,-0.0403159,2
238992,bullet1,14.9671,4.48738,0.8,0,1
238992,bullet3,10.9369,4.46257,0.8,0,1
238993,player,7.36325,5.87746,0.489369,0.520125,1
238993,bullet2,14.9502,4.47348,0.8,0,1
238995,flayer7,13.0485,10.4708,-0.230098,-0.192497,2
238995,flyer1,16.5,2.01715,-0.2999,0.00775784,2
238996,bullet5,7.63778,6.75361,0.8,0,1
238997,flayer8,12.0408,12.7535,-0.297279,-0.0403159,2
238997,bullet3,14.9369,4.46257,0.8,0,1
238998,player,7.50528,6.88363,0.315776,0.0403525,1
239000,flayer7,11.898,9.50832,-0.230098,-0.192497,2
239000,flyer1,15.0005,2.05594,-0.2999,0.00775784,2
239001,bullet5,11.6378,6.75361,0.8,0,1
239002,flayer8,10.5544,12.552,-0.297279,-0.0403159,2
239003,player,7.607,6.47944,0.191452,-0.215635,1
239005,flayer7,10.7476,8.54583,-0.230098,-0.192497,2
239005,flyer1,13.501,2.09473,-0.2999,0.00775784,2
239006,bullet5,15.6378,6.75361,0.8,0,1
239006,bullet4,8.14937,6.80847,0.8,0,1
239007,flayer8,9.06804,12.3504,-0.297279,-0.0403159,2
239008,player,7.76075,6.89474,0.00353283,0.0267756,1
239009,bullet6,8.16234,6.90679,0.8,0,1
239010,flayer7,9.59707,7.58335,-0.230098,-0.192497,1
239010,flyer1,12.0015,2.13352,-0.2999,0.00775784,2
239011,bullet4,12.1494,6.80847,0.8,0,1
239012,flayer8,7.58165,12.1488,-0.297279,-0.0403159,2
239013,player,7.17511,7.01534,-0.0306895,-0.120626,1
239015,flayer7,8.44658,6.62086,-0.230098,-0.192497,1
239015,flyer1,10.502,2.1723,-0.2999,0.00775784,2
239016,bullet4,16.1494,6.80847,0.8,0,1
239017,flayer8,6.09525,11.9472,-0.297279,-0.0403159,2
239017,flyer2,16.5,13.3583,-0.3,0,2
239018,player,7.05137,6.42909,0.120554,-0.154101,1
