131649,player,8.78626,10.735,0,0,1
131649,bullet1,9.18626,10.735,0.8,0,1
131654,player,8.83085,10.735,-0.0545041,0,1
131654,bullet1,13.1863,10.735,0.8,0,1
131654,bullet2,9.23085,10.735,0.8,0,1
131655,bullet3,9.20632,10.735,0.8,0,1
131658,bullet4,9.25643,11.7821,0.8,0,1
131659,player,8.81783,11.8812,-0.0385948,0.0990984,1
131659,bullet2,13.2309,10.735,0.8,0,1
131659,bullet5,9.21783,11.8812,0.8,0,1
131660,bullet3,13.2063,10.735,0.8,0,1
131663,flyer1,16.5,2.11566,-0.286085,0.0903057,2
131663,bullet4,13.2564,11.7821,0.8,0,1
131663,bullet6,9.18755,11.959,0.8,0,1
131664,player,8.78684,11.9608,-0.000712183,0.00182864,1
131664,bullet5,13.2178,11.8812,0.8,0,1
131664,bullet1,9.18684,11.9608,0.8,0,1
131667,bullet2,7.89693,11.4728,-0.8,-6.99382e-08,1
131668,flyer1,15.0696,2.56719,-0.286085,0.0903057,2
131668,bullet6,13.1875,11.959,0.8,0,1
131669,player,8.19779,10.8844,-0.0307678,-0.182596,1
131669,bullet1,13.1868,11.9608,0.8,0,1
131669,bullet3,8.59779,10.8844,0.8,0,1
131672,bullet2,3.89693,11.4728,-0.8,-6.99382e-08,1
131673,flyer1,13.6391,3.01872,-0.286085,0.0903057,2
131673,bullet4,8.33136,10.2518,-0.8,-6.99382e-08,1
131674,player,8.42405,10.5175,-0.307313,0.265787,1
131674,bullet3,12.5978,10.8844,0.8,0,1
131675,bullet5,8.68576,10.6371,0.8,0,1
131677,bullet2,-0.103068,11.4728,-0.8,-6.99382e-08,1
131678,flyer1,12.2087,3.47024,-0.286085,0.0903057,2
131678,bullet4,4.33136,10.2518,-0.8,-6.99382e-08,1
131679,player,7.25128,10.9694,-0.373925,0.463525,1
131679,flyer2,16.5,2.11566,-0.3,0,2
131680,bullet5,12.6858,10.6371,0.8,0,1
131681,bullet6,6.91792,11.7612,0.8,0,1
131682,bullet1,6.8155,11.8718,0.8,0,1
131683,flyer1,10.7783,3.92177,-0.286085,0.0903057,2
131683,bullet4,0.331362,10.2518,-0.8,-6.99382e-08,1
131684,player,6.01117,11.6065,-0.35824,-0.315107,1
131684,flyer2,15,2.11566,-0.3,0,2
131685,bullet2,6.24997,11.4647,0.8,0,1
131686,bullet6,10.9179,11.7612,0.8,0,1
131686,bullet3,6.17742,11.4008,0.8,0,1
131687,bullet1,10.8155,11.8718,0.8,0,1
131688,flyer1,9.34787,4.3733,-0.286085,0.0903057,2
131689,player,5.72348,11.3534,-0.00661053,-0.00581461,1
131689,flyer2,13.5,2.11566,-0.3,0,2
131690,bullet2,10.25,11.4647,0.8,0,1
131691,bullet6,14.9179,11.7612,0.8,0,1
131691,bullet3,10.1774,11.4008,0.8,0,1
131692,bullet1,14.8155,11.8718,0.8,0,1
131693,flyer1,7.91745,4.82483,-0.286085,0.0903057,2
131693,bullet4,5.52982,11.3488,0.8,0,1
131694,player,5.45335,11.3487,0.323538,-0.000107296,1
131694,flyer2,12,2.11566,-0.3,0,2
131695,bullet2,14.25,11.4647,0.8,0,1
131696,bullet3,14.1774,11.4008,0.8,0,1
131697,bullet5,6.09395,11.9064,0.8,0,1
131698,flyer1,6.48702,5.27636,-0.286085,0.0903057,2
131698,bullet4,9.52982,11.3488,0.8,0,1
131699,player,5.37568,12.2884,-0.33153,0.351338,1
131699,flyer2,10.5,2.11566,-0.3,0,2
131702,bullet5,10.0939,11.9064,0.8,0,1
131703,flyer1,5.05659,5.72789,-0.286085,0.0903057,2
131703,bullet4,13.5298,11.3488,0.8,0,1
131704,player,6.56938,12.8047,0.459508,-0.279588,1
131704,flyer2,9,2.11566,-0.3,0,2
131706,bullet6,7.75858,13.1116,0.8,0,1
131707,bullet5,14.0939,11.9064,0.8,0,1
131707,bullet1,7.8688,13.1545,0.8,0,1
131708,flyer1,3.62616,6.17942,-0.286085,0.0903057,2
131709,player,8.36759,13.0306,0.511694,0.194305,1
131709,flyer2,7.5,2.11566,-0.3,0,2
131711,bullet6,11.7586,13.1116,0.8,0,1
131712,bullet1,11.8688,13.1545,0.8,0,1
131712,bullet2,9.63747,13.1751,0.8,0,1
131713,flyer1,2.19574,6.63095,-0.286085,0.0903057,2
131714,player,9.36699,13.1866,0.0401969,0.00358548,1
131714,flyer2,5.99999,2.11566,-0.3,0,2
131714,bullet3,9.76699,13.1866,0.8,0,1
131716,bullet6,15.7586,13.1116,0.8,0,1
131717,bullet1,15.8688,13.1545,0.8,0,1
131717,bullet2,13.6375,13.1751,0.8,0,1
131717,bullet4,10.2863,12.6316,0.8,0,1
131718,flyer1,0.765308,7.08248,-0.286085,0.0903057,2
131718,bullet5,10.3562,12.6009,0.8,0,1
131719,player,10.3252,12.9247,0.368996,0.323727,1
131719,flyer2,4.49999,2.11566,-0.3,0,2
131719,bullet3,13.767,13.1866,0.8,0,1
131721,bullet6,10.4766,13.6253,0.8,0,1
131722,bullet4,14.2863,12.6316,0.8,0,1
131723,bullet5,14.3562,12.6009,0.8,0,1
131724,player,9.12404,14.3447,-0.412874,0.088157,1
131724,flyer2,2.99999,2.11566,-0.3,0,2
131725,flyer3,16.5,2.11566,-0.3,0,2
131726,flyer4,16.5,3.94995,-0.3,0,2
131726,bullet6,14.4766,13.6253,0.8,0,1
131726,bullet1,9.25464,14.4022,0.8,0,1
131729,player,8.79247,14.9732,-0.00761869,0.0699705,1
131729,flyer2,1.49999,2.11566,-0.3,0,2
131729,bullet2,9.19247,14.9732,0.8,0,1
131730,flyer3,15,2.11566,-0.3,0,2
131731,flyer4,15,3.94995,-0.3,0,2
131731,bullet1,13.2546,14.4022,0.8,0,1
131734,player,9.83345,14.9848,0.220078,0.0557953,1
131734,flyer2,-6.4373e-06,2.11566,-0.3,0,2
131734,bullet2,13.1925,14.9732,0.8,0,1
131735,flyer3,13.5,2.11566,-0.3,0,2
131736,flyer4,13.5,3.94995,-0.3,0,2
131736,flyer5,16.5,10.9858,-0.296729,0.0441778,2
131736,bullet3,10.377,15.0212,0.8,0,1
131737,bullet4,10.3971,15.0263,0.8,0,1
131739,player,10.0102,15.0296,0.00406106,0.00102958,1
131739,bullet5,10.4102,15.0296,0.8,0,1
131740,flyer3,12,2.11566,-0.3,0,2
131741,flyer4,12,3.94995,-0.3,0,2
131741,flyer5,15.0164,11.2067,-0.296729,0.0441778,2
131741,bullet3,14.377,15.0212,0.8,0,1
131742,bullet4,14.3971,15.0263,0.8,0,1
131742,bullet6,10.9709,15.5881,0.8,0,1
131744,player,10.6158,15.6078,0.0139145,0.00779547,1
131744,bullet5,14.4102,15.0296,0.8,0,1
131745,flyer3,10.5,2.11566,-0.3,0,2
131746,flyer4,10.5,3.94995,-0.3,0,2
131746,flyer5,13.5327,11.4276,-0.296729,0.0441778,2
131747,bullet6,14.9709,15.5881,0.8,0,1
131747,bullet1,11.0261,15.0559,0.8,0,1
131748,bullet2,11.0267,15.0254,0.8,0,1
131749,player,10.6269,15.0117,0.000256762,-0.0136958,1
131750,flyer3,9,2.11566,-0.3,0,2
131750,bullet3,11.0271,15.0056,0.8,0,1
131751,flyer4,9,3.94995,-0.3,0,2
131751,flyer5,12.0491,11.6485,-0.296729,0.0441778,2
131752,bullet1,15.0261,15.0559,0.8,0,1
131753,bullet2,15.0267,15.0254,0.8,0,1
131753,bullet4,10.5378,15.4904,0.8,0,1
131754,player,10.0694,15.5585,-0.068339,0.068091,1
131755,flyer3,7.5,2.11566,-0.3,0,2
131755,bullet3,15.0271,15.0056,0.8,0,1
131755,bullet5,9.63868,15.5891,-0.8,-6.99382e-08,1
131756,flyer4,7.5,3.94995,-0.3,0,2
131756,flyer5,10.5654,11.8694,-0.296729,0.0441778,2
131758,bullet4,14.5378,15.4904,0.8,0,1
131758,bullet6,9.85809,15.6,0.8,0,1
131759,player,9.42607,15.6,-0.0320157,0,1
131759,bullet1,9.82607,15.6,0.8,0,1
131760,flyer3,5.99999,2.11566,-0.3,0,2
131760,bullet5,5.63868,15.5891,-0.8,-6.99382e-08,1
131761,flyer4,5.99999,3.94995,-0.3,0,2
131761,flyer5,9.08177,12.0903,-0.296729,0.0441778,2
131763,bullet6,13.8581,15.6,0.8,0,1
131764,player,9.40036,15.1106,-0.00059078,-0.151875,1
131764,bullet1,13.8261,15.6,0.8,0,1
131765,flyer3,4.49999,2.11566,-0.3,0,2
131765,bullet5,1.63868,15.5891,-0.8,-6.99382e-08,1
131766,flyer4,4.49999,3.94995,-0.3,0,2
131766,flyer5,7.59813,12.3112,-0.296729,0.0441778,2
131766,bullet2,9.3106,14.5222,0.8,0,1
131769,player,8.3082,13.897,-0.165726,-0.168517,1
131769,bullet3,8.7082,13.897,0.8,0,1
131770,flyer3,2.99999,2.11566,-0.3,0,2
131771,flyer4,2.99999,3.94995,-0.3,0,2
131771,flyer5,6.11448,12.5321,-0.296729,0.0441778,2
131771,bullet2,13.3106,14.5222,0.8,0,1
131771,bullet4,8.60006,13.787,0.8,0,1
131772,bullet6,8.58496,13.7717,0.8,0,1
131774,player,8.17511,13.7616,-0.0030581,-0.00310962,1
131774,bullet3,12.7082,13.897,0.8,0,1
131775,flyer3,1.49999,2.11566,-0.3,0,2
131775,bullet5,8.57373,13.7602,0.8,0,1
131776,flyer4,1.49999,3.94995,-0.3,0,2
131776,flyer5,4.63083,12.753,-0.296729,0.0441778,2
131776,bullet4,12.6001,13.787,0.8,0,1
131777,bullet6,12.585,13.7717,0.8,0,1
131779,player,8.76112,13.1707,0.0306983,-0.0308121,1
131779,bullet1,9.16112,13.1707,0.8,0,1
131780,flyer3,-6.4373e-06,2.11566,-0.3,0,2
131780,bullet5,12.5737,13.7602,0.8,0,1
131781,flyer4,-6.4373e-06,3.94995,-0.3,0,2
131781,flyer5,3.14718,12.9738,-0.296729,0.0441778,2
131781,bullet2,9.18115,13.1506,0.8,0,1
131782,bullet3,9.18395,13.1477,0.8,0,1
131784,player,8.78577,13.1459,0.000566469,-0.000568569,1
131784,bullet1,13.1611,13.1707,0.8,0,1
131786,flyer5,1.66354,13.1947,-0.296729,0.0441778,2
131786,bullet2,13.1812,13.1506,0.8,0,1
131786,bullet4,9.18614,13.1455,0.8,0,1
131787,bullet3,13.1839,13.1477,0.8,0,1
131789,player,8.78623,13.483,1.04529e-05,0.33749,1
131791,flyer5,0.179889,13.4156,-0.296729,0.0441778,2
131791,flyer6,16.5,10.9858,-0.299952,-0.0053848,2
131791,bullet4,13.1861,13.1455,0.8,0,1
131792,flayer7,16.5,4.897,-0.3,0,2
131794,player,9.59493,15.2377,-0.238401,0.442826,1
131794,flayer8,16.5,4.897,-0.3,0,2
131796,flyer6,15.0002,10.9589,-0.299952,-0.0053848,2
131796,flyer1,16.5,7.03473,-0.3,0,2
131797,flayer7,15,4.897,-0.3,0,2
131798,bullet6,9.80787,15.0274,0.8,0,1
131799,player,9.40347,15.0048,-0.00439918,-0.0225833,1
131799,flayer8,15,4.897,-0.3,0,2
131799,bullet5,9.80347,15.0048,0.8,0,1
131801,flyer6,13.5005,10.932,-0.299952,-0.0053848,2
131801,flyer1,15,7.03473,-0.3,0,2
131802,flayer7,13.5,4.897,-0.3,0,2
131803,bullet6,13.8079,15.0274,0.8,0,1
131804,player,8.50472,14.178,-0.405925,0.237985,1
131804,flayer8,13.5,4.897,-0.3,0,2
131804,bullet5,13.8035,15.0048,0.8,0,1
131806,flyer6,12.0007,10.9051,-0.299952,-0.0053848,2
131806,flyer1,13.5,7.03473,-0.3,0,2
131807,flayer7,12,4.897,-0.3,0,2
131807,bullet1,8.60286,13.8656,0.8,0,1
131809,player,8.17872,13.7807,-0.00749046,-0.0263632,1
131809,flayer8,12,4.897,-0.3,0,2
131809,bullet2,8.57872,13.7807,0.8,0,1
131811,flyer6,10.501,10.8781,-0.299952,-0.0053848,2
131811,flyer1,12,7.03473,-0.3,0,2
131811,bullet3,8.57383,13.7635,0.8,0,1
131812,flayer7,10.5,4.897,-0.3,0,2
131812,bullet1,12.6029,13.8656,0.8,0,1
131812,bullet4,8.57315,13.7611,0.8,0,1
131814,player,8.5102,13.7595,0.337362,-0.000486475,1
131814,flayer8,10.5,4.897,-0.3,0,2
131814,bullet2,12.5787,13.7807,0.8,0,1
131816,flyer6,9.00121,10.8512,-0.299952,-0.0053848,2
131816,flyer1,10.5,7.03473,-0.3,0,2
131816,bullet3,12.5738,13.7635,0.8,0,1
131817,flayer7,9,4.897,-0.3,0,2
131817,bullet4,12.5731,13.7611,0.8,0,1
131818,bullet6,8.68553,13.66,0.8,0,1
131819,player,8.22341,13.7145,-0.0621185,0.0544952,1
131819,flayer8,9,4.897,-0.3,0,2
131820,bullet5,8.59546,13.739,0.8,0,1
131821,flyer6,7.50145,10.8243,-0.299952,-0.0053848,2
131821,flyer1,9,7.03473,-0.3,0,2
131822,flayer7,7.5,4.897,-0.3,0,2
131823,bullet6,12.6855,13.66,0.8,0,1
131824,player,8.17352,14.0092,-0.00114626,-0.30574,1
131824,flayer8,7.5,4.897,-0.3,0,2
131825,bullet5,12.5955,13.739,0.8,0,1
131825,bullet1,8.57301,13.8717,0.8,0,1
131826,flyer6,6.0017,10.7974,-0.299952,-0.0053848,2
131826,flyer1,7.5,7.03473,-0.3,0,2
131827,flayer7,5.99999,4.897,-0.3,0,2
131827,bullet2,8.57267,13.7819,0.8,0,1
131828,bullet3,8.57263,13.7694,0.8,0,1
131829,player,8.1726,13.7637,-2.11517e-05,-0.00564176,1
131829,flayer8,5.99999,4.897,-0.3,0,2
131830,bullet1,12.573,13.8717,0.8,0,1
131831,flyer6,4.50194,10.7705,-0.299952,-0.0053848,2
131831,flyer1,5.99999,7.03473,-0.3,0,2
131832,flayer7,4.49999,4.897,-0.3,0,2
131832,bullet2,12.5727,13.7819,0.8,0,1
131833,bullet3,12.5726,13.7694,0.8,0,1
131834,player,8.7749,13.1569,0.0138392,-0.0139437,1
131834,flayer8,4.49999,4.897,-0.3,0,2
131835,bullet4,9.18113,13.1506,0.8,0,1
131836,flyer6,3.00218,10.7435,-0.299952,-0.0053848,2
131836,flyer1,4.49999,7.03473,-0.3,0,2
131837,flayer7,2.99999,4.897,-0.3,0,2
131838,bullet6,8.69639,13.6353,0.8,0,1
131839,player,8.2283,13.7034,-0.0680884,0.0680864,1
131839,flayer8,2.99999,4.897,-0.3,0,2
131840,bullet4,13.1811,13.1506,0.8,0,1
131841,flyer6,1.50242,10.7166,-0.299952,-0.0053848,2
131841,flyer1,2.99999,7.03473,-0.3,0,2
131841,bullet5,9.07325,13.2584,0.8,0,1
131842,flayer7,1.49999,4.897,-0.3,0,2
131843,bullet6,12.6964,13.6353,0.8,0,1
131844,player,8.28656,12.6664,-0.139292,-0.164458,1
131844,flayer8,1.49999,4.897,-0.3,0,2
131846,flyer6,0.00266373,10.6897,-0.299952,-0.0053848,2
131846,flyer1,1.49999,7.03473,-0.3,0,2
131846,bullet5,13.0732,13.2584,0.8,0,1
131847,flayer7,-6.4373e-06,4.897,-0.3,0,2
131847,bullet1,8.58298,12.5441,0.8,0,1
131849,player,8.17469,13.0237,-0.00257033,0.14884,1
131849,flayer8,-6.4373e-06,4.897,-0.3,0,2
131850,bullet2,8.57354,13.0907,0.8,0,1
131851,flyer1,-6.4373e-06,7.03473,-0.3,0,2
131851,bullet5,17.0732,13.2584,0.8,0,1
131852,flyer2,16.5,7.03473,-0.3,0,2
131852,bullet1,12.583,12.5441,0.8,0,1
131853,flyer3,16.5,7.03473,-0.231673,0.190598,2
131854,player,8.66201,11.7279,0.151828,-0.517383,1
131855,bullet2,12.5735,13.0907,0.8,0,1
131856,bullet3,9.16108,11.3903,0.8,0,1
131857,flyer2,15,7.03473,-0.3,0,2
131857,bullet4,9.17491,11.3431,0.8,0,1
131858,flyer3,15.3416,7.98772,-0.231673,0.190598,2
131859,player,8.78394,11.3123,0.00280165,-0.00954717,1
131861,bullet3,13.1611,11.3903,0.8,0,1
131862,flyer2,13.5,7.03473,-0.3,0,2
131862,bullet4,13.1749,11.3431,0.8,0,1
131862,bullet6,8.62831,11.3053,0.8,0,1
131863,flyer3,14.1833,8.94071,-0.231673,0.190598,2
131864,player,8.18388,11.3047,-0.0137879,-0.000176172,1
131864,bullet5,7.78388,11.3047,-0.8,-6.99382e-08,1
131867,flyer2,12,7.03473,-0.3,0,2
131867,bullet6,12.6283,11.3053,0.8,0,1
131867,bullet1,8.57363,11.3046,0.8,0,1
131868,flyer3,13.0249,9.89371,-0.231673,0.190598,2
131869,player,8.17281,11.3045,-0.000254426,-3.25087e-06,1
131869,bullet5,3.78388,11.3047,-0.8,-6.99382e-08,1
131869,bullet2,8.57281,11.3045,0.8,0,1
131872,flyer2,10.5,7.03473,-0.3,0,2
131872,bullet3,8.57262,11.3045,0.8,0,1
131873,flyer3,11.8665,10.8467,-0.231673,0.190598,0
131874,player,7.68323,11.7939,-0.15188,0.151875,1
131874,bullet5,-0.216121,11.3047,-0.8,-6.99382e-08,1
131877,flyer2,9,7.03473,-0.3,0,2
131877,bullet3,12.5726,11.3045,0.8,0,1
131877,bullet4,8.45966,11.9069,0.8,0,1
131879,player,8.48723,11.9159,0.365452,0.00280252,1
131879,flyer4,16.5,12.619,-0.2985,0.0299649,2
131882,flyer2,7.5,7.03473,-0.3,0,2
131882,flyer5,16.5,12.619,-0.232554,0.189522,2
131882,bullet4,12.4597,11.9069,0.8,0,1
131882,bullet1,9.71671,12.4757,0.8,0,1
131883,bullet6,9.76245,12.5066,0.8,0,1
131884,player,9.38303,12.5205,0.0205832,0.0138913,1
131884,flyer4,15.0075,12.7689,-0.2985,0.0299649,2
131887,flyer2,5.99999,7.03473,-0.3,0,2
131887,flyer5,15.3372,13.5666,-0.232554,0.189522,2
131888,bullet6,13.7624,12.5066,0.8,0,1
131889,player,10.0019,12.0561,0.0142194,-0.168534,1
131892,flyer2,4.49999,7.03473,-0.3,0,2
131892,flyer5,14.1745,14.5143,-0.232554,0.189522,2
131893,flyer6,16.5,12.619,-0.227423,-0.195649,2
131894,player,10.0579,11.9207,-0.0542418,-0.00310992,1
131894,flayer7,16.5,9.94162,-0.3,0,2
131897,flyer2,2.99999,7.03473,-0.3,0,2
131897,flyer5,13.0117,15.4619,-0.232554,0.189522,2
131897,bullet2,10.9753,11.3607,0.8,0,1
131898,flyer6,15.3629,11.6408,-0.227423,-0.195649,2
131899,player,10.9541,11.3159,0.350339,-0.013897,1
131899,flayer7,15,9.94162,-0.3,0,2
131900,bullet5,11.5118,11.3097,0.8,0,1
131902,flyer2,1.49999,7.03473,-0.3,0,2
131902,flyer5,11.8489,16.4095,-0.232554,0.189522,2
131903,flyer6,14.2258,10.6625,-0.227423,-0.195649,0
131903,bullet3,11.1397,10.8156,0.8,0,1
131904,player,10.6778,10.747,-0.061879,-0.0686002,1
131904,flayer7,13.5,9.94162,-0.3,0,2
131905,bullet4,11.0499,10.7162,0.8,0,1
131907,flyer2,-6.4373e-06,7.03473,-0.3,0,2
131908,bullet1,11.0292,10.1355,0.8,0,1
131909,player,10.6281,10.1035,-0.00114184,-0.0320206,1
131912,flayer8,16.5,13.7638,-0.3,0,2
131913,flyer1,16.5,13.7638,-0.278147,0.112401,2
131913,bullet1,15.0292,10.1355,0.8,0,1
131914,player,11.1165,10.0094,0.151854,0.0829404,1
131914,flyer3,16.5,10.8313,-0.3,0,2
131915,flyer4,16.5,10.8313,-0.3,0,2
131917,flayer8,15,13.7638,-0.3,0,2
131918,flyer1,15.1093,14.3258,-0.278147,0.112401,2
131918,bullet6,10.4895,10.663,0.8,0,1
131919,player,10.0477,10.6783,-0.0417922,0.0153701,1
131919,flyer3,15,10.8313,-0.3,0,1
131919,bullet2,10.4477,10.6783,0.8,0,1
131920,flyer4,15,10.8313,-0.3,0,2
131921,bullet5,10.4204,10.6884,0.8,0,1
131922,flayer8,13.5,13.7638,-0.3,0,2
131923,flyer1,13.7185,14.8878,-0.278147,0.112401,2
131924,player,10.0141,10.6907,-0.000771183,0.000283621,1
131924,flyer3,13.5,10.8313,-0.3,0,0
131924,bullet3,10.4141,10.6907,0.8,0,1
131926,bullet4,10.4136,10.6909,0.8,0,1
131927,flayer8,12,13.7638,-0.3,0,2
131928,flyer1,12.3278,15.4498,-0.278147,0.112401,2
131929,player,10.5029,10.6909,0.151861,5.23361e-06,1
131929,bullet3,14.4141,10.6907,0.8,0,1
131929,bullet1,10.9029,10.6909,0.8,0,1
131931,bullet4,14.4136,10.6909,0.8,0,1
131931,bullet6,11.002,10.6909,0.8,0,1
131932,flayer8,10.5,13.7638,-0.3,0,2
131933,flyer1,10.937,16.0118,-0.278147,0.112401,2
131934,player,10.8451,11.5861,-0.266354,0.405844,1
131934,bullet1,14.9029,10.6909,0.8,0,1
131936,flyer5,16.5,10.8313,-0.277835,0.113171,2
131936,bullet6,15.002,10.6909,0.8,0,1
131937,flayer8,9,13.7638,-0.3,0,2
131938,flyer6,16.5,10.8313,-0.25955,-0.150445,2
131939,player,10.6312,12.7346,-0.00491498,-0.247828,1
131941,flyer5,15.1108,11.3971,-0.277835,0.113171,1
131942,flayer8,7.5,13.7638,-0.3,0,2
131942,flayer7,16.5,0.81038,-0.285843,-0.0910708,2
131943,flyer6,15.2022,10.0791,-0.25955,-0.150445,2
131944,player,10.6272,12.5663,-9.06952e-05,-0.0421622,1
131944,bullet2,11.0272,12.5663,0.8,0,1
131946,flyer5,13.7217,11.963,-0.277835,0.113171,1
131947,flayer8,5.99999,13.7638,-0.3,0,2
131947,flayer7,15.0708,0.355026,-0.285843,-0.0910708,2
131948,flyer6,13.9045,9.32683,-0.25955,-0.150445,2
131949,player,11.2295,12.5325,0.0138379,-0.000778011,1
131949,bullet5,10.8295,12.5325,-0.8,-6.99382e-08,1
131952,flayer8,4.49999,13.7638,-0.3,0,2
131952,flayer7,13.6416,-0.100328,-0.285843,-0.0910708,2
131953,flyer6,12.6067,8.57461,-0.25955,-0.150445,2
131954,player,11.2713,11.6059,-0.0373337,-0.368269,1
131954,bullet5,6.82946,12.5325,-0.8,-6.99382e-08,1
131957,flayer8,2.99999,13.7638,-0.3,0,2
131957,flyer2,16.5,0.81038,-0.3,0,2
131958,flyer6,11.309,7.82238,-0.25955,-0.150445,2
131958,bullet3,11.1527,10.8275,0.8,0,1
131959,player,10.6836,10.7524,-0.0690327,-0.0751394,1
131959,bullet5,2.82946,12.5325,-0.8,-6.99382e-08,1
131960,bullet4,11.0526,10.7186,0.8,0,1
131961,bullet1,11.0386,10.7034,0.8,0,1
131962,flayer8,1.49999,13.7638,-0.3,0,2
131962,flyer2,15,0.81038,-0.3,0,2
131963,flyer6,10.0112,7.07016,-0.25955,-0.150445,2
131963,bullet3,15.1527,10.8275,0.8,0,1
131964,player,10.6282,10.692,-0.00127385,-0.00138653,1
131965,bullet4,15.0526,10.7186,0.8,0,1
131966,bullet1,15.0386,10.7034,0.8,0,1
131967,flayer8,-6.4373e-06,13.7638,-0.3,0,2
131967,flyer2,13.5,0.81038,-0.3,0,2
131967,bullet6,9.66953,10.1333,-0.8,-6.99382e-08,1
131968,flyer6,8.7135,6.31793,-0.25955,-0.150445,2
131968,bullet2,10.4387,10.1025,0.8,0,1
131969,player,10.0249,10.0886,-0.0138631,-0.0138652,1
131970,bullet5,10.4186,10.0824,0.8,0,1
131972,flyer2,12,0.81038,-0.3,0,2
131972,bullet6,5.66953,10.1333,-0.8,-6.99382e-08,1
131973,flyer6,7.41575,5.56571,-0.25955,-0.150445,2
131973,bullet2,14.4387,10.1025,0.8,0,1
131974,player,11.0916,10.6659,0.182374,0.0304988,1
131974,bullet3,11.4916,10.6659,0.8,0,1
131975,bullet5,14.4186,10.0824,0.8,0,1
131977,flyer2,10.5,0.81038,-0.3,0,2
131977,bullet6,1.66952,10.1333,-0.8,-6.99382e-08,1
131978,flyer6,6.118,4.81349,-0.25955,-0.150445,2
131979,player,11.1389,11.2789,0.124486,0.0313175,1
131979,bullet3,15.4916,10.6659,0.8,0,1
131980,flyer4,16.5,0.81038,-0.3,0,2
131980,bullet4,11.595,11.293,0.8,0,1
131981,bullet1,11.6202,11.2994,0.8,0,1
131982,flyer2,9,0.81038,-0.3,0,2
131983,flyer6,4.82025,4.06126,-0.25955,-0.150445,2
131984,player,10.7495,11.7934,-0.149578,0.152453,1
131984,bullet2,10.3495,11.7934,-0.8,-6.99382e-08,1
131985,flyer4,15,0.81038,-0.3,0,2
131985,bullet4,15.595,11.293,0.8,0,1
131986,bullet1,15.6202,11.2994,0.8,0,1
131986,bullet5,11.0519,11.8929,0.8,0,1
131987,flyer2,7.5,0.81038,-0.3,0,2
131988,flyer6,3.5225,3.30904,-0.25955,-0.150445,2
131988,bullet6,11.0322,11.9131,0.8,0,1
131989,player,10.6294,11.9159,-0.00276013,0.00281318,1
131989,bullet2,6.34953,11.7934,-0.8,-6.99382e-08,1
131990,flyer4,13.5,0.81038,-0.3,0,2
131990,bullet3,11.0282,11.9171,0.8,0,1
131991,bullet5,15.0519,11.8929,0.8,0,1
131992,flyer2,5.99999,0.81038,-0.3,0,2
131993,flyer6,2.22474,2.55681,-0.25955,-0.150445,2
131993,bullet6,15.0322,11.9131,0.8,0,1
131994,player,10.2897,12.745,-0.337551,0.489427,1
131994,bullet2,2.34953,11.7934,-0.8,-6.99382e-08,1
131995,flyer4,12,0.81038,-0.3,0,2
131995,bullet3,15.0282,11.9171,0.8,0,1
131997,flyer2,4.49999,0.81038,-0.3,0,2
131997,bullet4,10.4387,13.109,0.8,0,1
131998,flyer6,0.926994,1.80459,-0.25955,-0.150445,2
131999,player,10.3561,12.8006,0.331271,-0.328469,1
132000,flyer4,10.5,0.81038,-0.3,0,2
132000,bullet1,10.9052,12.6527,0.8,0,1
132002,flyer2,2.99999,0.81038,-0.3,0,2
132002,bullet4,14.4387,13.109,0.8,0,1
132003,flyer6,-0.370756,1.05236,-0.25955,-0.150445,2
132004,player,10.6221,12.5368,0.00611289,-0.00606117,1
132004,bullet5,11.0221,12.5368,0.8,0,1
132005,flyer4,9,0.81038,-0.3,0,2
132005,bullet1,14.9052,12.6527,0.8,0,1
132006,bullet6,11.0261,12.5328,0.8,0,1
132007,flyer2,1.49999,0.81038,-0.3,0,2
132009,player,10.627,12.5319,0.0001128,-0.000111846,1
132009,bullet5,15.0221,12.5368,0.8,0,1
132009,bullet3,10.227,12.5319,-0.8,-6.99382e-08,1
132010,flyer4,7.5,0.81038,-0.3,0,2
132010,bullet2,11.0271,12.5319,0.8,0,1
132011,bullet6,15.0261,12.5328,0.8,0,1
132012,flyer2,-6.4373e-06,0.81038,-0.3,0,2
132013,bullet4,10.2271,12.5318,-0.8,-6.99382e-08,1
132014,player,10.6271,12.5318,2.08148e-06,-2.06387e-06,1
132014,bullet3,6.22705,12.5319,-0.8,-6.99382e-08,1
132015,flyer4,5.99999,0.81038,-0.3,0,2
132015,bullet2,15.0271,12.5319,0.8,0,1
132015,bullet1,11.0271,12.5318,0.8,0,1
132018,bullet4,6.22713,12.5318,-0.8,-6.99382e-08,1
132019,player,11.1849,12.752,0.0683438,-0.269156,1
132019,bullet3,2.22705,12.5319,-0.8,-6.99382e-08,1
132020,flyer4,4.49999,0.81038,-0.3,0,2
132020,bullet1,15.0271,12.5318,0.8,0,1
132020,bullet5,11.6156,12.6309,0.8,0,1
132023,flyer3,16.5,0.81038,-0.3,0,2
132023,bullet4,2.22713,12.5318,-0.8,-6.99382e-08,1
132024,player,11.2397,11.4888,0.00126114,-0.225185,1
132025,flyer4,2.99999,0.81038,-0.3,0,2
132025,bullet5,15.6156,12.6309,0.8,0,1
132025,bullet6,11.6403,11.3874,0.8,0,1
132026,bullet2,11.6406,11.3418,0.8,0,1
132028,flyer3,15,0.81038,-0.3,0,2
132029,player,10.4139,11.3079,-0.489352,-0.00415531,1
132030,flyer4,1.49999,0.81038,-0.3,0,2
132030,bullet6,15.6403,11.3874,0.8,0,1
132031,flyer1,16.5,0.81038,-0.299873,0.00874377,2
132031,bullet2,15.6406,11.3418,0.8,0,1
132032,flyer5,16.5,5.92606,-0.2137,-0.210553,2
132033,flyer3,13.5,0.81038,-0.3,0,2
132034,player,10.5103,10.7161,0.142845,-0.0308314,1
132035,flyer4,-6.4373e-06,0.81038,-0.3,0,2
132036,flyer1,15.0006,0.854099,-0.299873,0.00874377,2
132037,flyer5,15.4315,4.8733,-0.2137,-0.210553,2
132037,flayer7,16.5,5.92606,-0.3,0,2
132038,flyer3,12,0.81038,-0.3,0,2
132038,bullet1,11.6108,11.2804,0.8,0,1
132039,player,11.2273,11.2937,0.0164755,0.0132707,1
132039,bullet3,11.6273,11.2937,0.8,0,1
132041,flyer1,13.5013,0.897818,-0.299873,0.00874377,2
132042,flyer5,14.363,3.82054,-0.2137,-0.210553,2
132042,flayer7,15,5.92606,-0.3,0,2
132043,flyer3,10.5,0.81038,-0.3,0,2
132043,bullet1,15.6108,11.2804,0.8,0,1
132044,player,10.6828,10.1581,-0.0680397,-0.0988536,1
132044,bullet3,15.6273,11.2937,0.8,0,1
132046,flyer1,12.0019,0.941537,-0.299873,0.00874377,2
132046,bullet5,11.0384,10.583,0.8,0,1
132047,flyer5,13.2945,2.76777,-0.2137,-0.210553,2
132047,flayer7,13.5,5.92606,-0.3,0,2
132048,flyer3,9,0.81038,-0.3,0,2
132048,bullet4,11.0294,10.6691,0.8,0,1
132049,player,10.6282,10.6811,-0.00125552,0.0120155,1
132051,flyer1,10.5026,0.985255,-0.299873,0.00874377,2
132051,bullet5,15.0384,10.583,0.8,0,1
132051,bullet6,11.0274,10.6889,0.8,0,1
132052,flyer5,12.226,1.71501,-0.2137,-0.210553,2
132052,flayer7,12,5.92606,-0.3,0,2
132052,bullet2,11.0272,10.69,0.8,0,1
132053,flyer3,7.5,0.81038,-0.3,0,2
132053,bullet4,15.0294,10.6691,0.8,0,1
132054,player,10.6272,10.6907,-2.3168e-05,0.000221719,1
132054,bullet1,11.0272,10.6907,0.8,0,1
132056,flyer1,9.00319,1.02897,-0.299873,0.00874377,2
132056,bullet6,15.0274,10.6889,0.8,0,1
132057,flyer5,11.1575,0.662246,-0.2137,-0.210553,2
132057,flayer7,10.5,5.92606,-0.3,0,2
132057,bullet2,15.0272,10.69,0.8,0,1
132058,flyer3,5.99999,0.81038,-0.3,0,2
132059,player,10.0248,11.8509,-0.01384,0.0821875,1
132059,bullet1,15.0272,10.6907,0.8,0,1
132059,bullet3,10.4248,11.8509,0.8,0,1
132061,flyer1,7.50383,1.07269,-0.299873,0.00874377,2
132061,bullet5,10.4158,11.9046,0.8,0,1
132062,flyer5,10.089,-0.390518,-0.2137,-0.210553,2
132062,flayer7,9,5.92606,-0.3,0,2
132062,bullet4,10.4145,11.9121,0.8,0,1
132063,flyer3,4.49999,0.81038,-0.3,0,2
132064,player,10.0137,11.9169,-0.000255388,0.00151659,1
132064,bullet3,14.4248,11.8509,0.8,0,1
132066,flyer1,6.00447,1.11641,-0.299873,0.00874377,2
132066,bullet5,14.4158,11.9046,0.8,0,1
132067,flayer7,7.5,5.92606,-0.3,0,2
132067,bullet4,14.4145,11.9121,0.8,0,1
132068,flyer3,2.99999,0.81038,-0.3,0,2
132069,player,10.6158,11.9865,0.0138349,-0.0835033,1
132070,flayer8,16.5,5.92606,-0.3,0,2
132070,bullet6,11.0221,11.9489,0.8,0,1
132071,flyer1,4.5051,1.16013,-0.299873,0.00874377,2
132071,bullet2,11.0249,11.932,0.8,0,1
132072,flayer7,5.99999,5.92606,-0.3,0,2
132073,flyer3,1.49999,0.81038,-0.3,0,2
132074,player,10.6269,11.9194,0.000255293,-0.00154087,1
132075,flayer8,15,5.92606,-0.3,0,2
132075,bullet6,15.0221,11.9489,0.8,0,1
132076,flyer1,3.00574,1.20385,-0.299873,0.00874377,2
132076,bullet2,15.0249,11.932,0.8,0,1
132077,flayer7,4.49999,5.92606,-0.3,0,2
132078,flyer3,-6.4373e-06,0.81038,-0.3,0,2
132079,player,10.6271,11.3159,4.71087e-06,-0.013868,1
132080,flayer8,13.5,5.92606,-0.3,0,2
132080,flyer6,16.5,5.92606,-0.270587,0.129547,2
132081,flyer1,1.50638,1.24757,-0.299873,0.00874377,2
132082,flayer7,2.99999,5.92606,-0.3,0,2
132083,bullet1,11.5849,10.7165,0.8,0,1
132084,player,11.2156,10.7024,0.0307548,-0.0140955,1
132085,flayer8,12,5.92606,-0.3,0,2
132085,flyer6,15.1471,6.5738,-0.270587,0.129547,2
132085,bullet3,11.6295,10.6961,0.8,0,1
132086,flyer1,0.00701457,1.29129,-0.299873,0.00874377,2
132087,flayer7,1.49999,5.92606,-0.3,0,2
132087,bullet5,11.6385,10.692,0.8,0,1
132088,bullet1,15.5849,10.7165,0.8,0,1
132088,bullet4,11.6398,10.6914,0.8,0,1
132089,player,11.2403,10.6911,0.000567512,-0.000260102,1
132090,flayer8,10.5,5.92606,-0.3,0,2
132090,flyer6,13.7941,7.22154,-0.270587,0.129547,2
132090,bullet3,15.6295,10.6961,0.8,0,1
132091,bullet6,12.1301,11.1803,0.8,0,1
132092,flayer7,-6.4373e-06,5.92606,-0.3,0,2
132092,bullet5,15.6385,10.692,0.8,0,1
132093,bullet4,15.6398,10.6914,0.8,0,1
132094,player,12.3325,10.8039,0.165725,-0.13804,1
132094,flyer2,16.5,2.48372,-0.3,0,2
132095,flayer8,9,5.92606,-0.3,0,2
132095,flyer6,12.4412,7.86928,-0.270587,0.129547,2
132096,bullet6,16.1301,11.1803,0.8,0,1
132097,flyer4,16.5,5.92606,-0.3,0,2
132097,bullet2,12.8557,10.1435,0.8,0,1
132098,bullet1,12.8625,10.1071,0.8,0,1
132099,player,12.4656,10.0907,0.00305809,-0.0163868,1
132099,flyer2,15,2.48372,-0.3,0,2
132100,flayer8,7.5,5.92606,-0.3,0,2
132100,flyer6,11.0883,8.51701,-0.270587,0.129547,2
132100,bullet3,12.8669,10.0833,0.8,0,1
132102,flyer4,15,5.92606,-0.3,0,2
132104,player,12.3689,10.1766,0.121177,-0.121423,1
132104,flyer2,13.5,2.48372,-0.3,0,2
132104,bullet5,12.7689,10.1766,0.8,0,1
132105,flayer8,5.99999,5.92606,-0.3,0,2
132105,flyer6,9.73532,9.16475,-0.270587,0.129547,2
132107,flyer4,13.5,5.92606,-0.3,0,2
132107,bullet4,12.859,9.59696,0.8,0,1
132109,player,12.4662,9.49064,0.00223605,-0.0329953,1
132109,flyer2,12,2.48372,-0.3,0,2
132109,bullet6,12.8662,9.49064,0.8,0,1
132110,flayer8,4.49999,5.92606,-0.3,0,2
132110,flyer6,8.38239,9.81248,-0.270587,0.129547,2
132112,flyer4,12,5.92606,-0.3,0,2
132114,player,11.5421,9.56324,-0.368213,-0.121729,1
132114,flyer2,10.5,2.48372,-0.3,0,2
132115,flayer8,2.99999,5.92606,-0.3,0,2
132115,flyer6,7.02945,10.4602,-0.270587,0.129547,2
132117,flyer4,10.5,5.92606,-0.3,0,2
132117,bullet2,12.1576,9.47272,0.8,0,1
132119,player,12.1723,9.80298,0.36146,0.335254,1
132119,flyer2,9,2.48372,-0.3,0,2
132120,flayer8,1.49999,5.92606,-0.3,0,2
132120,flyer6,5.67652,11.108,-0.270587,0.129547,2
132122,flyer4,9,5.92606,-0.3,0,2
132122,bullet2,16.1576,9.47272,0.8,0,1
132123,bullet1,12.2982,9.50831,0.8,0,1
132124,player,11.8741,9.48374,-0.0240847,-0.0245683,1
132124,flyer2,7.5,2.48372,-0.3,0,2
132124,bullet3,11.4741,9.48374,-0.8,-6.99382e-08,1
132125,flayer8,-6.4373e-06,5.92606,-0.3,0,2
132125,flyer6,4.32358,11.7557,-0.270587,0.129547,2
132126,bullet5,12.2584,9.46771,0.8,0,1
132127,flyer4,7.5,5.92606,-0.3,0,2
132128,bullet1,16.2982,9.50831,0.8,0,1
132129,player,12.4125,10.0217,0.0678993,0.0678904,1
132129,flyer2,5.99999,2.48372,-0.3,0,2
132129,bullet3,7.47414,9.48374,-0.8,-6.99382e-08,1
132129,bullet4,12.8125,10.0217,0.8,0,1
132130,flyer6,2.97064,12.4034,-0.270587,0.129547,2
132130,bullet6,12.8431,10.0523,0.8,0,1
132131,bullet5,16.2584,9.46771,0.8,0,1
132132,flyer4,5.99999,5.92606,-0.3,0,2
132132,bullet2,12.863,10.0722,0.8,0,1
132134,player,12.8045,10.4138,0.338753,0.338753,1
132134,flyer2,4.49999,2.48372,-0.3,0,2
132134,bullet3,3.47414,9.48374,-0.8,-6.99382e-08,1
132135,flyer6,1.61771,13.0512,-0.270587,0.129547,2
132136,bullet1,13.4256,10.6348,0.8,0,1
132137,flyer4,4.49999,5.92606,-0.3,0,2
132139,player,13.0766,10.1281,0.00625094,-0.0620928,1
132139,flyer2,2.99999,2.48372,-0.3,0,2
132139,bullet5,13.4766,10.1281,0.8,0,1
132140,flyer6,0.26477,13.6989,-0.270587,0.129547,2
132140,bullet4,13.4794,10.1001,0.8,0,1
132142,flyer4,2.99999,5.92606,-0.3,0,2
132142,bullet6,13.4812,10.0819,0.8,0,1
132143,bullet2,13.4815,10.0794,0.8,0,1
132144,player,13.0816,10.0782,0.000115348,-0.00114579,1
132144,flyer2,1.49999,2.48372,-0.3,0,2
132145,bullet3,13.4817,10.0777,0.8,0,1
132146,bullet1,13.4817,10.0775,0.8,0,1
132147,flyer4,1.49999,5.92606,-0.3,0,2
132149,player,13.0817,9.58792,2.12849e-06,-0.151896,1
132149,flyer2,-6.4373e-06,2.48372,-0.3,0,2
132149,flyer5,16.5,2.48372,-0.3,0,2
132150,flyer3,16.5,2.48372,-0.3,0,2
132151,flyer1,16.5,2.48372,-0.297902,0.0354205,2
132152,flyer4,-6.4373e-06,5.92606,-0.3,0,2
132152,bullet5,12.924,10.0327,0.8,0,1
132153,bullet4,12.8932,10.0572,0.8,0,1
132154,player,12.4794,10.0682,-0.0138396,0.0110367,1
132154,flyer5,15,2.48372,-0.3,0,2
132155,flyer3,15,2.48372,-0.3,0,2
132155,bullet6,12.8732,10.0732,0.8,0,1
132156,flyer1,15.0105,2.66082,-0.297902,0.0354205,2
132158,bullet2,12.8685,9.51919,0.8,0,1
132159,player,12.4683,9.48864,-0.000255379,-0.030551,1
132159,flyer5,13.5,2.48372,-0.3,0,2
132159,bullet3,12.8683,9.48864,0.8,0,1
132160,flyer3,13.5,2.48372,-0.3,0,2
132161,flyer1,13.521,2.83792,-0.297902,0.0354205,2
132161,bullet1,12.8681,9.4687,0.8,0,1
132164,player,12.4681,9.4641,-4.71246e-06,-0.000563752,1
132164,flyer5,12,2.48372,-0.3,0,2
132164,bullet5,12.8681,9.4641,0.8,0,1
132165,flyer3,12,2.48372,-0.3,0,2
132166,flyer1,12.0315,3.01502,-0.297902,0.0354205,2
132168,bullet4,13.4258,10.0214,0.8,0,1
132169,player,13.0565,10.0521,0.0307546,0.0307443,1
132169,flyer5,10.5,2.48372,-0.3,0,2
132169,bullet6,13.4565,10.0521,0.8,0,1
132170,flyer3,10.5,2.48372,-0.3,0,2
132171,flyer1,10.542,3.19212,-0.297902,0.0354205,2
132172,bullet2,13.4794,10.075,0.8,0,1
132174,player,13.0812,10.0768,0.000567509,0.000567319,1
132174,flyer5,9,2.48372,-0.3,0,2
132174,bullet3,12.6812,10.0768,-0.8,-6.99382e-08,1
132175,flyer3,9,2.48372,-0.3,0,2
132175,bullet1,13.4815,10.0771,0.8,0,1
132176,flyer1,9.05245,3.36923,-0.297902,0.0354205,2
132179,player,13.15,10.0773,-0.0835208,1.04686e-05,1
132179,flyer5,7.5,2.48372,-0.3,0,2
132179,bullet3,8.68124,10.0768,-0.8,-6.99382e-08,1
132180,flyer3,7.5,2.48372,-0.3,0,2
132181,flyer1,7.56294,3.54633,-0.297902,0.0354205,2
132184,player,11.5993,10.384,-0.43814,0.375089,1
132184,flyer5,5.99999,2.48372,-0.3,0,2
132184,bullet3,4.68124,10.0768,-0.8,-6.99382e-08,1
132185,flyer3,5.99999,2.48372,-0.3,0,2
132186,flyer1,6.07343,3.72343,-0.297902,0.0354205,2
132187,bullet5,11.6735,10.1052,0.8,0,1
132189,player,10.758,10.5723,-0.15996,0.144957,1
132189,flyer5,4.49999,2.48372,-0.3,0,2
132189,bullet3,0.681235,10.0768,-0.8,-6.99382e-08,1
132190,flyer3,4.49999,2.48372,-0.3,0,2
132191,flyer1,4.58392,3.90053,-0.297902,0.0354205,2
132192,bullet5,15.6735,10.1052,0.8,0,1
132192,bullet4,11.0391,10.6801,0.8,0,1
132194,player,10.2921,11.0262,-0.340452,0.340175,1
132194,flyer5,2.99999,2.48372,-0.3,0,2
132195,flyer3,2.99999,2.48372,-0.3,0,2
132195,bullet6,10.5389,11.1793,0.8,0,1
132196,flyer1,3.09441,4.07764,-0.297902,0.0354205,2
132197,bullet4,15.0391,10.6801,0.8,0,1
132198,bullet2,10.9143,11.7825,0.8,0,1
132199,player,10.5764,11.8571,0.0620615,0.0746209,1
132199,flyer5,1.49999,2.48372,-0.3,0,2
132200,flyer3,1.49999,2.48372,-0.3,0,2
132200,bullet6,14.5389,11.1793,0.8,0,1
132200,bullet1,11.0043,11.8907,0.8,0,1
132201,flyer1,1.60491,4.25474,-0.297902,0.0354205,2
132203,bullet2,14.9143,11.7825,0.8,0,1
132203,bullet3,11.0251,11.358,0.8,0,1
132204,player,10.6262,11.3286,0.00114521,-0.0293777,1
132204,flyer5,-6.4373e-06,2.48372,-0.3,0,2
132205,flyer3,-6.4373e-06,2.48372,-0.3,0,2
132205,bullet1,15.0043,11.8907,0.8,0,1
132205,bullet5,11.0267,11.3154,0.8,0,1
132206,flyer1,0.115398,4.43184,-0.297902,0.0354205,2
132208,flayer7,16.5,6.09865,-0.3,0,2
132208,bullet3,15.0251,11.358,0.8,0,1
132209,player,11.6742,10.2579,0.22024,-0.220761,1
132209,flayer8,16.5,6.09865,-0.29728,0.0403047,2
132210,flyer6,16.5,6.09865,-0.3,0,2
132210,bullet5,15.0267,11.3154,0.8,0,1
132212,flyer2,16.5,6.09865,-0.293045,0.0642249,2
132213,flayer7,15,6.09865,-0.3,0,2
132214,player,12.5915,11.496,-0.150806,0.516056,1
132214,flayer8,15.0136,6.30017,-0.29728,0.0403047,2
132215,flyer6,15,6.09865,-0.3,0,2
132217,flyer2,15.0348,6.41977,-0.293045,0.0642249,2
132217,bullet4,12.8793,11.8797,0.8,0,1
132218,flayer7,13.5,6.09865,-0.3,0,2
132219,player,12.4704,11.9104,-0.0027828,0.00952269,1
132219,flayer8,13.5272,6.50169,-0.29728,0.0403047,2
132219,bullet6,12.0704,11.9104,-0.8,-6.99382e-08,1
132220,flyer6,13.5,6.09865,-0.3,0,2
132221,bullet2,12.8685,11.9166,0.8,0,1
132222,flyer2,13.5695,6.74089,-0.293045,0.0642249,2
132223,flayer7,12,6.09865,-0.3,0,2
132224,player,11.9787,11.4287,-0.151926,-0.151699,1
132224,flayer8,12.0408,6.70322,-0.29728,0.0403047,2
132224,bullet6,8.07035,11.9104,-0.8,-6.99382e-08,1
132224,bullet1,12.3787,11.4287,0.8,0,1
132225,flyer6,12,6.09865,-0.3,0,2
132227,flyer2,12.1043,7.06202,-0.293045,0.0642249,2
132228,flayer7,10.5,6.09865,-0.3,0,2
132229,player,12.4144,11.2761,0.0655403,0.0347898,1
132229,flayer8,10.5544,6.90474,-0.29728,0.0403047,2
132229,bullet6,4.07035,11.9104,-0.8,-6.99382e-08,1
132229,bullet1,16.3787,11.4287,0.8,0,1
132229,bullet3,12.0144,11.2761,-0.8,-6.99382e-08,1
132230,flyer6,10.5,6.09865,-0.3,0,2
132232,flyer2,10.6391,7.38314,-0.293045,0.0642249,2
132232,bullet5,12.8632,10.7442,0.8,0,1
132233,flayer7,9,6.09865,-0.3,0,2
132234,player,12.4671,10.2123,0.0012094,-0.165073,1
132234,flayer8,9.06799,7.10626,-0.29728,0.0403047,2
132234,bullet6,0.0703498,11.9104,-0.8,-6.99382e-08,1
132234,bullet3,8.01445,11.2761,-0.8,-6.99382e-08,1
132235,flyer6,9,6.09865,-0.3,0,2
132237,flyer2,9.17387,7.70426,-0.293045,0.0642249,2
132238,flayer7,7.5,6.09865,-0.3,0,2
132239,player,12.5672,9.37836,-0.121098,0.104235,1
132239,flayer8,7.58159,7.30779,-0.29728,0.0403047,2
132239,bullet3,4.01445,11.2761,-0.8,-6.99382e-08,1
132240,flyer6,7.5,6.09865,-0.3,0,2
132240,bullet4,12.9127,9.42526,0.8,0,1
132242,flyer2,7.70865,8.02539,-0.293045,0.0642249,2
132243,flayer7,5.99999,6.09865,-0.3,0,2
132243,bullet2,12.3828,8.97077,0.8,0,1
132244,player,11.9122,8.90434,-0.0705783,-0.0664203,1
132244,flayer8,6.09519,7.50931,-0.29728,0.0403047,2
132244,bullet3,0.0144454,11.2761,-0.8,-6.99382e-08,1
132245,flyer6,5.99999,6.09865,-0.3,0,2
132245,bullet4,16.9127,9.42526,0.8,0,1
132245,bullet1,12.2804,8.87446,0.8,0,1
132247,flyer2,6.24343,8.34651,-0.293045,0.0642249,2
132248,flayer7,4.49999,6.09865,-0.3,0,2
132248,bullet2,16.3828,8.97077,0.8,0,1
132248,bullet6,12.2568,9.40995,0.8,0,1
132249,player,11.8555,9.43948,-0.00130237,0.029529,1
132249,flayer8,4.60879,7.71083,-0.29728,0.0403047,2
132249,bullet5,12.2555,9.43948,0.8,0,1
132250,flyer6,4.49999,6.09865,-0.3,0,2
132250,bullet1,16.2804,8.87446,0.8,0,1
132252,flyer2,4.7782,8.66764,-0.293045,0.0642249,2
132253,flayer7,2.99999,6.09865,-0.3,0,2
132253,bullet6,16.2568,9.40995,0.8,0,1
132254,player,13.0006,9.46319,0.0990744,0.000544894,1
132254,flayer8,3.12239,7.91235,-0.29728,0.0403047,2
132254,bullet5,16.2555,9.43948,0.8,0,1
132254,bullet3,13.4006,9.46319,0.8,0,1
132255,flyer6,2.99999,6.09865,-0.3,0,2
132257,flyer2,3.31298,8.98876,-0.293045,0.0642249,2
132257,bullet4,12.9849,9.46359,0.8,0,1
132258,flayer7,1.49999,6.09865,-0.3,0,2
132259,player,12.4917,9.12613,-0.0289265,-0.33749,1
132259,flayer8,1.63599,8.11388,-0.29728,0.0403047,2
132260,flyer6,1.49999,6.09865,-0.3,0,2
132262,flyer2,1.84776,9.30989,-0.293045,0.0642249,2
132263,flayer7,-6.4373e-06,6.09865,-0.3,0,2
132264,player,12.131,8.63487,-0.338034,0.262929,1
132264,flayer8,0.149585,8.3154,-0.29728,0.0403047,2
132265,flyer6,-6.4373e-06,6.09865,-0.3,0,2
132265,flyer4,16.5,14.3515,-0.299554,0.0163542,2
132267,flyer2,0.382534,9.63102,-0.293045,0.0642249,2
132267,flyer5,16.5,6.09865,-0.3,0,2
132268,flyer3,16.5,14.3515,-0.259929,-0.14979,2
132269,player,12.9512,8.89062,0.159477,-0.0496524,1
132270,flyer4,15.0022,14.4333,-0.299554,0.0163542,2
132271,flyer1,16.5,1.88414,-0.3,0,2
132272,flyer5,15,6.09865,-0.3,0,2
132273,flyer3,15.2004,13.6025,-0.259929,-0.14979,2
132274,player,13.0485,7.70455,0.0405319,-0.100015,1
132274,bullet2,13.4485,7.70455,0.8,0,1
132275,flyer4,13.5045,14.515,-0.299554,0.0163542,2
132275,bullet1,12.6668,7.65955,-0.8,-6.99382e-08,1
132276,flyer1,15,1.88414,-0.3,0,2
132277,flyer5,13.5,6.09865,-0.3,0,2
132277,bullet6,13.4787,7.63018,0.8,0,1
132278,flyer3,13.9007,12.8536,-0.259929,-0.14979,2
132279,player,13.5705,8.11361,0.152623,0.150029,1
132280,flyer4,12.0067,14.5968,-0.299554,0.0163542,2
132280,bullet1,8.66679,7.65955,-0.8,-6.99382e-08,1
132281,flyer1,13.5,1.88414,-0.3,0,2
132282,flyer5,12,6.09865,-0.3,0,2
132283,flyer3,12.6011,12.1046,-0.259929,-0.14979,2
132284,player,14.7401,8.67888,0.223035,0.209148,1
132285,flyer4,10.5089,14.6786,-0.299554,0.0163542,2
132285,bullet1,4.66679,7.65955,-0.8,-6.99382e-08,1
132285,bullet5,15.2405,8.77299,0.8,0,1
132286,flyer1,12,1.88414,-0.3,0,2
132287,flyer5,10.5,6.09865,-0.3,0,2
132288,flyer3,11.3014,11.3557,-0.259929,-0.14979,2
132288,bullet3,14.8258,8.84298,0.8,0,1
132289,player,14.3615,8.84684,-0.0642281,0.00385936,1
132290,flyer4,9.01115,14.7604,-0.299554,0.0163542,2
132290,bullet1,0.666785,7.65955,-0.8,-6.99382e-08,1
132291,flyer1,10.5,1.88414,-0.3,0,2
132291,bullet4,15.209,8.84935,0.8,0,1
132292,flyer5,9,6.09865,-0.3,0,2
132293,flyer3,10.0018,10.6067,-0.259929,-0.14979,2
132293,bullet2,15.2996,8.84986,0.8,0,1
132294,player,14.9123,8.84993,0.0126544,7.12161e-05,1
132294,bullet6,15.3123,8.84993,0.8,0,1
132295,flyer4,7.51338,14.8421,-0.299554,0.0163542,2
132296,flyer1,9,1.88414,-0.3,0,2
132297,flyer5,7.5,6.09865,-0.3,0,2
132297,bullet5,15.3217,8.84999,0.8,0,1
132298,flyer3,8.70214,9.85777,-0.259929,-0.14979,2
132298,bullet3,15.3222,8.84999,0.8,0,1
132299,player,14.9224,8.84999,0.00023351,1.31414e-06,1
132300,flyer4,6.01561,14.9239,-0.299554,0.0163542,2
132300,bullet1,15.3225,8.84999,0.8,0,1
132301,flyer1,7.5,1.88414,-0.3,0,2
132302,flyer5,5.99999,6.09865,-0.3,0,2
132303,flyer3,7.4025,9.10882,-0.259929,-0.14979,2
132303,bullet4,15.0803,8.29227,-0.8,-6.99382e-08,1
132304,player,15.6,8.26152,0.0920647,-0.0307547,1
132305,flyer4,4.51784,15.0057,-0.299554,0.0163542,2
132306,flyer1,5.99999,1.88414,-0.3,0,2
132307,flyer5,4.49999,6.09865,-0.3,0,2
132307,bullet2,16,8.23864,0.8,0,1
132308,flyer3,6.10285,8.35987,-0.259929,-0.14979,2
132308,bullet4,11.0803,8.29227,-0.8,-6.99382e-08,1
132309,player,15.6,8.23681,0,-0.00056751,1
132309,bullet6,16,8.23681,0.8,0,1
132310,flyer4,3.02007,15.0875,-0.299554,0.0163542,2
132311,flyer1,4.49999,1.88414,-0.3,0,2
132312,flyer5,2.99999,6.09865,-0.3,0,2
132312,finish,18.9485,8,-0.2,0,1
132313,flyer3,4.80321,7.61091,-0.259929,-0.14979,2
132313,bullet4,7.08033,8.29227,-0.8,-6.99382e-08,1
132313,bullet5,15.4423,7.67865,0.8,0,1
132314,player,15.0115,7.64788,-0.0307547,-0.0307652,1
132314,bullet3,15.4115,7.64788,0.8,0,1
132315,flyer4,1.52231,15.1692,-0.299554,0.0163542,2
132316,flyer1,2.99999,1.88414,-0.3,0,2
132316,bullet1,15.3915,7.62781,0.8,0,1
