222906,player,13.8473,6.4556,0.3375,0.3375,1
222908,bullet1,14.4675,6.67582,0.8,0,1
222911,player,14.6077,6.38914,0.158103,-0.331272,1
222913,bullet2,15.1108,6.17298,0.8,0,1
222916,player,15.224,6.61247,0.154792,0.145762,1
222918,bullet3,15.2357,6.21821,0.8,0,1
222920,bullet4,15.157,6.13837,0.8,0,1
222921,player,14.746,6.12722,-0.0109833,-0.0111499,1
222921,bullet5,14.346,6.12722,-0.8,-6.99382e-08,1
222926,player,14.2478,5.07117,-0.152078,-0.220424,1
222926,bullet5,10.346,6.12722,-0.8,-6.99382e-08,1
222928,flyer1,16.5,4.60167,-0.278219,-0.112223,2
222930,bullet6,13.9708,5.45593,0.8,0,1
222931,player,13.5372,5.48262,-0.033561,0.0266872,1
222931,bullet5,6.34603,6.12722,-0.8,-6.99382e-08,1
222933,flyer1,15.1089,4.04055,-0.278219,-0.112223,2
222933,flyer2,16.5,4.60167,-0.3,0,2
222934,bullet1,14.47,6.06019,0.8,0,1
222935,bullet2,14.4994,6.09204,0.8,0,1
222936,player,14.1126,6.10637,0.0132203,0.0143321,1
222936,bullet5,2.34603,6.12722,-0.8,-6.99382e-08,1
222938,flyer1,13.7178,3.47943,-0.278219,-0.112223,2
222938,flyer2,15,4.60167,-0.3,0,2
222938,bullet3,14.5212,5.62634,0.8,0,1
222941,player,14.1232,5.51557,0.000243952,-0.0135751,1
222941,bullet4,14.5232,5.51557,0.8,0,1
222942,bullet6,14.5233,5.50946,0.8,0,1
222943,flyer1,12.3267,2.91832,-0.278219,-0.112223,2
222943,flyer2,13.5,4.60167,-0.3,0,2
222946,player,14.4609,4.60945,0.337505,-0.406094,1
222948,flyer1,10.9356,2.3572,-0.278219,-0.112223,2
222948,flyer2,12,4.60167,-0.3,0,2
222949,flyer3,16.5,14.6435,-0.3,0,2
222949,bullet1,15.1119,4.30746,0.8,0,1
222951,player,14.732,3.94582,0.00622791,-0.344994,1
222953,flyer1,9.54452,1.79609,-0.278219,-0.112223,2
222953,flyer2,10.5,4.60167,-0.3,0,2
222954,flyer3,15,14.6435,-0.3,0,2
222954,flyer4,16.5,14.6435,-0.3,0,2
222954,bullet2,15.6943,3.68927,0.8,0,1
222956,player,15.6,4.15813,0,0.145509,1
222957,bullet5,16,4.22361,0.8,0,1
222958,flyer1,8.15342,1.23497,-0.278219,-0.112223,2
222958,flyer2,9,4.60167,-0.3,0,2
222959,flyer3,13.5,14.6435,-0.3,0,2
222959,flyer4,15,14.6435,-0.3,0,2
222961,player,15.6,3.71727,0,-0.0656587,1
222961,bullet3,16,3.71727,0.8,0,1
222962,bullet4,16,3.68772,0.8,0,1
222963,flyer1,6.76233,0.673856,-0.278219,-0.112223,2
222963,flyer2,7.5,4.60167,-0.3,0,2
222964,flyer3,12,14.6435,-0.3,0,2
222964,flyer4,13.5,14.6435,-0.3,0,2
222966,player,15.1106,4.22226,-0.151875,0.0671322,1
222968,flyer1,5.37123,0.11274,-0.278219,-0.112223,2
222968,flyer2,5.99999,4.60167,-0.3,0,2
222968,bullet6,15.4115,4.26606,0.8,0,1
222969,flyer3,10.5,14.6435,-0.3,0,2
222969,flyer4,12,14.6435,-0.3,0,2
222971,player,15.5464,4.83389,0.0655412,0.0695825,1
222971,bullet1,15.9464,4.83389,0.8,0,1
222973,flyer1,3.98013,-0.448376,-0.278219,-0.112223,2
222973,flyer2,4.49999,4.60167,-0.3,0,2
222974,flyer3,9,14.6435,-0.3,0,2
222974,flyer4,10.5,14.6435,-0.3,0,2
222974,flyer5,16.5,4.10377,-0.3,0,2
222976,player,15.6,5.44749,0,0.0696277,1
222978,flyer2,2.99999,4.60167,-0.3,0,2
222978,bullet2,15.2,5.49292,-0.8,-6.99382e-08,1
222979,flyer3,7.5,14.6435,-0.3,0,2
222979,flyer4,9,14.6435,-0.3,0,2
222979,flyer5,15,4.10377,-0.3,0,2
222981,player,15.6,4.94569,0,-0.0670589,1
222983,flyer2,1.49999,4.60167,-0.3,0,2
222983,bullet2,11.2,5.49292,-0.8,-6.99382e-08,1
222984,flyer3,5.99999,14.6435,-0.3,0,2
222984,flyer4,7.5,14.6435,-0.3,0,2
222984,flyer5,13.5,4.10377,-0.3,0,2
222986,player,14.6602,5.49415,-0.35134,0.0126022,1
222988,flyer2,-6.4373e-06,4.60167,-0.3,0,2
222988,bullet2,7.2,5.49292,-0.8,-6.99382e-08,1
222989,flyer3,4.49999,14.6435,-0.3,0,2
222989,flyer4,5.99999,14.6435,-0.3,0,2
222989,flyer5,12,4.10377,-0.3,0,2
222991,player,14.9665,5.47351,0.0242715,0.0378216,1
222993,bullet2,3.2,5.49292,-0.8,-6.99382e-08,1
222993,bullet5,15.3823,5.49819,0.8,0,1
222994,flyer3,2.99999,14.6435,-0.3,0,2
222994,flyer4,4.49999,14.6435,-0.3,0,2
222994,flyer5,10.5,4.10377,-0.3,0,2
222996,player,14.6485,5.35201,-0.337052,0.186323,1
222998,flyer6,16.5,10.2449,-0.3,0,2
222998,bullet3,14.8286,5.47359,0.8,0,1
222999,flyer3,1.49999,14.6435,-0.3,0,2
222999,flyer4,2.99999,14.6435,-0.3,0,2
222999,flyer5,9,4.10377,-0.3,0,2
222999,bullet4,14.7979,5.49057,0.8,0,1
223001,player,14.3778,5.50165,-0.00621956,0.00343818,1
223003,flyer6,15,10.2449,-0.3,0,2
223004,flyer3,-6.4373e-06,14.6435,-0.3,0,2
223004,flyer4,1.49999,14.6435,-0.3,0,2
223004,flyer5,7.5,4.10377,-0.3,0,2
223006,player,15.4645,3.82425,0.1656,-0.196406,1
223006,flayer7,16.5,10.2449,-0.3,0,2
223006,bullet6,15.8645,3.82425,0.8,0,1
223008,flyer6,13.5,10.2449,-0.3,0,2
223009,flyer4,-6.4373e-06,14.6435,-0.3,0,2
223009,flyer5,5.99999,4.10377,-0.3,0,2
223011,player,15.009,3.69727,-0.0276989,-0.0412133,1
223011,flayer7,15,10.2449,-0.3,0,2
223011,flayer8,16.5,10.2449,-0.3,0,2
223013,flyer6,12,10.2449,-0.3,0,2
223014,flyer5,4.49999,4.10377,-0.3,0,2
223015,bullet1,14.7988,3.69569,0.8,0,1
223016,player,14.3845,3.34051,-0.0143507,-0.355176,1
223016,flayer7,13.5,10.2449,-0.3,0,2
223016,flayer8,15,10.2449,-0.3,0,2
223018,flyer6,10.5,10.2449,-0.3,0,2
223018,bullet5,14.7751,3.10876,0.8,0,1
223019,flyer5,2.99999,4.10377,-0.3,0,2
223021,player,14.3729,2.5659,-0.000264811,-0.158429,1
223021,flayer7,12,10.2449,-0.3,0,2
223021,flayer8,13.5,10.2449,-0.3,0,2
223023,flyer6,9,10.2449,-0.3,0,2
223023,bullet2,14.7728,1.97315,0.8,0,1
223024,flyer5,1.49999,4.10377,-0.3,0,2
223026,player,14.3727,2.32573,-4.88651e-06,0.135112,1
223026,flayer7,10.5,10.2449,-0.3,0,2
223026,flayer8,12,10.2449,-0.3,0,2
223026,bullet3,13.9727,2.32573,-0.8,-6.99382e-08,1
223028,flyer6,7.5,10.2449,-0.3,0,2
223029,flyer5,-6.4373e-06,4.10377,-0.3,0,2
223031,player,14.3727,2.43424,-9.01699e-08,0.0024932,1
223031,flayer7,9,10.2449,-0.3,0,2
223031,flayer8,10.5,10.2449,-0.3,0,2
223031,bullet3,9.97274,2.32573,-0.8,-6.99382e-08,1
223033,flyer6,5.99999,10.2449,-0.3,0,2
223036,player,13.7843,1.83393,-0.0307547,-0.0137936,1
223036,flayer7,7.5,10.2449,-0.3,0,2
223036,flayer8,9,10.2449,-0.3,0,2
223036,bullet3,5.97273,2.32573,-0.8,-6.99382e-08,1
223038,flyer6,4.49999,10.2449,-0.3,0,2
223041,player,12.7125,2.86994,-0.220786,0.219964,1
223041,flayer7,5.99999,10.2449,-0.3,0,2
223041,flayer8,7.5,10.2449,-0.3,0,2
223041,bullet3,1.97273,2.32573,-0.8,-6.99382e-08,1
223043,flyer6,2.99999,10.2449,-0.3,0,2
223044,flyer1,16.5,13.4097,-0.234686,0.186875,2
223046,player,11.8337,3.53597,0.103207,0.155934,1
223046,flayer7,4.49999,10.2449,-0.3,0,2
223046,flayer8,5.99999,10.2449,-0.3,0,2
223047,bullet4,12.2802,3.60614,0.8,0,1
223048,flyer6,1.49999,10.2449,-0.3,0,2
223048,bullet6,12.3011,3.63771,0.8,0,1
223049,flyer1,15.3266,14.3441,-0.234686,0.186875,2
223050,bullet1,12.3147,3.65832,0.8,0,1
223051,player,11.9166,3.6612,0.00190445,0.00287742,1
223051,flayer7,2.99999,10.2449,-0.3,0,2
223051,flayer8,4.49999,10.2449,-0.3,0,2
223052,bullet4,16.2802,3.60614,0.8,0,1
223053,flyer6,-6.4373e-06,10.2449,-0.3,0,2
223053,bullet6,16.3011,3.63771,0.8,0,1
223053,bullet5,11.8285,3.1737,0.8,0,1
223054,flyer1,14.1531,15.2785,-0.234686,0.186875,2
223055,bullet1,16.3147,3.65832,0.8,0,1
223055,bullet2,11.7296,3.07498,0.8,0,1
223056,player,11.3158,3.06119,-0.0138045,-0.0137865,1
223056,flayer7,1.49999,10.2449,-0.3,0,2
223056,flayer8,2.99999,10.2449,-0.3,0,2
223058,bullet5,15.8285,3.1737,0.8,0,1
223058,bullet3,11.2175,3.0522,0.8,0,1
223059,flyer1,12.9797,16.2129,-0.234686,0.186875,2
223060,bullet2,15.7296,3.07498,0.8,0,1
223061,player,11.1918,3.5395,0.137781,0.151621,1
223061,flayer7,-6.4373e-06,10.2449,-0.3,0,2
223061,flayer8,1.49999,10.2449,-0.3,0,2
223062,flyer2,16.5,10.2449,-0.286577,-0.0887348,2
223062,bullet4,11.6538,3.60773,0.8,0,1
223063,bullet3,15.2175,3.0522,0.8,0,1
223065,flyer3,16.5,13.4097,-0.277972,-0.112834,2
223066,player,11.7918,4.15064,0.154417,0.154673,1
223066,flayer8,-6.4373e-06,10.2449,-0.3,0,2
223067,flyer2,15.0671,9.80118,-0.286577,-0.0887348,2
223067,bullet4,15.6538,3.60773,0.8,0,1
223067,bullet6,12.2613,4.22024,0.8,0,1
223069,flyer4,16.5,10.2449,-0.3,0,2
223070,flyer3,15.1101,12.8456,-0.277972,-0.112834,2
223070,bullet1,11.8236,4.76137,0.8,0,1
223071,player,11.3581,4.83257,-0.0654943,0.0711979,1
223072,flyer2,13.6342,9.35751,-0.286577,-0.0887348,2
223072,bullet6,16.2613,4.22024,0.8,0,1
223072,bullet5,11.7287,4.86461,0.8,0,1
223074,flyer4,15,10.2449,-0.3,0,2
223075,flyer3,13.7203,12.2814,-0.277972,-0.112834,2
223075,bullet1,15.8236,4.76137,0.8,0,1
223075,bullet2,12.2645,4.88844,0.8,0,1
223076,player,11.894,4.88975,0.0295461,0.0013138,1
223077,flyer2,12.2014,8.91384,-0.286577,-0.0887348,2
223077,bullet5,15.7287,4.86461,0.8,0,1
223079,flyer4,13.5,10.2449,-0.3,0,2
223080,flyer3,12.3304,11.7172,-0.277972,-0.112834,2
223080,bullet2,16.2645,4.88844,0.8,0,1
223081,player,11.8048,5.49312,0.138581,0.0138639,1
223081,flyer5,16.5,13.4097,-0.3,0,2
223082,flyer2,10.7685,8.47016,-0.286577,-0.0887348,2
223082,bullet3,12.2672,5.49936,0.8,0,1
223084,flyer4,12,10.2449,-0.3,0,2
223085,flyer3,10.9406,11.1531,-0.277972,-0.112834,2
223085,bullet4,12.3135,5.504,0.8,0,1
223086,player,11.9161,5.50426,0.0025572,0.000255827,1
223086,flyer5,15,13.4097,-0.3,0,2
223087,flyer2,9.33559,8.02649,-0.286577,-0.0887348,2
223087,bullet3,16.2672,5.49936,0.8,0,1
223087,bullet6,12.3172,5.50437,0.8,0,1
223089,flyer4,10.5,10.2449,-0.3,0,2
223090,flyer3,9.5507,10.5889,-0.277972,-0.112834,2
223090,bullet4,16.3135,5.504,0.8,0,1
223091,player,12.2556,5.72468,0.337547,-0.269152,1
223091,flyer5,13.5,13.4097,-0.3,0,2
223092,flyer2,7.90271,7.58282,-0.286577,-0.0887348,2
223092,bullet6,16.3172,5.50437,0.8,0,1
223094,flyer4,9,10.2449,-0.3,0,2
223095,flyer3,8.16083,10.0247,-0.277972,-0.112834,2
223096,player,11.9928,3.85912,-0.0911422,-0.239025,1
223096,flyer5,12,13.4097,-0.3,0,2
223097,flyer2,6.46983,7.13914,-0.286577,-0.0887348,2
223097,bullet1,12.3517,3.75156,0.8,0,1
223099,flyer4,7.5,10.2449,-0.3,0,2
223099,bullet5,12.325,3.68138,0.8,0,1
223100,flyer3,6.77097,9.46056,-0.277972,-0.112834,2
223101,player,11.9196,3.66716,-0.00168183,-0.00441068,1
223101,flyer5,10.5,13.4097,-0.3,0,2
223101,bullet2,12.3196,3.66716,0.8,0,1
223102,flyer2,5.03694,6.69547,-0.286577,-0.0887348,2
223102,bullet1,16.3517,3.75156,0.8,0,1
223104,flyer4,5.99999,10.2449,-0.3,0,2
223104,bullet5,16.325,3.68138,0.8,0,1
223104,bullet3,12.3183,3.10616,0.8,0,1
223105,flyer3,5.38111,8.89639,-0.277972,-0.112834,2
223105,bullet4,12.3182,3.07523,0.8,0,1
223106,player,11.9182,3.06131,-3.10345e-05,-0.013921,1
223106,flyer5,9,13.4097,-0.3,0,2
223106,bullet2,16.3196,3.66716,0.8,0,1
223107,flyer2,3.60406,6.2518,-0.286577,-0.0887348,2
223107,bullet6,12.3182,3.05504,0.8,0,1
223109,flyer4,4.49999,10.2449,-0.3,0,2
223109,bullet3,16.3183,3.10616,0.8,0,1
223110,flyer3,3.99125,8.33222,-0.277972,-0.112834,2
223110,bullet4,16.3182,3.07523,0.8,0,1
223110,bullet1,11.7605,3.6081,0.8,0,1
223111,player,11.3297,3.6386,-0.0307553,0.0304978,1
223111,flyer5,7.5,13.4097,-0.3,0,2
223112,flyer2,2.17118,5.80812,-0.286577,-0.0887348,2
223112,bullet6,16.3182,3.05504,0.8,0,1
223112,bullet5,11.7159,3.65232,0.8,0,1
223114,flyer4,2.99999,10.2449,-0.3,0,2
223114,bullet2,11.7068,3.66128,0.8,0,1
223115,flyer3,2.60139,7.76805,-0.277972,-0.112834,2
223115,bullet1,15.7605,3.6081,0.8,0,1
223116,player,11.7944,4.15247,0.151307,0.152438,1
223116,flyer5,5.99999,13.4097,-0.3,0,2
223117,flyer2,0.738294,5.36445,-0.286577,-0.0887348,2
223117,bullet5,15.7159,3.65232,0.8,0,1
223118,bullet3,12.2931,4.25193,0.8,0,1
223119,flyer4,1.49999,10.2449,-0.3,0,2
223119,bullet2,15.7068,3.66128,0.8,0,1
223120,flyer3,1.21153,7.20388,-0.277972,-0.112834,2
223121,player,12.4736,3.71717,0.0711358,-0.0655308,1
223121,flyer5,4.49999,13.4097,-0.3,0,2
223121,bullet4,12.8736,3.71717,0.8,0,1
223122,bullet6,12.9056,3.68768,0.8,0,1
223123,bullet3,16.2931,4.25193,0.8,0,1
223124,flyer4,-6.4373e-06,10.2449,-0.3,0,2
223125,flyer3,-0.178329,6.63971,-0.277972,-0.112834,2
223126,player,13.0885,3.10682,0.0696564,-0.069553,1
223126,flyer5,2.99999,13.4097,-0.3,0,2
223126,bullet4,16.8736,3.71717,0.8,0,1
223126,bullet1,13.4885,3.10682,0.8,0,1
223127,flyer6,16.5,13.4097,-0.3,0,2
223128,flyer1,16.5,14.9278,-0.3,0,2
223128,bullet5,13.5339,3.06144,0.8,0,1
223131,player,12.5867,2.49325,-0.0670584,-0.0696272,1
223131,flyer5,1.49999,13.4097,-0.3,0,2
223131,bullet2,12.9867,2.49325,0.8,0,1
223132,flyer6,15,13.4097,-0.3,0,2
223133,flyer1,15,14.9278,-0.3,0,2
223134,bullet3,12.3791,1.88375,0.8,0,1
223136,player,11.9305,1.83502,-0.015077,-0.0151244,1
223136,flyer5,-6.4373e-06,13.4097,-0.3,0,2
223136,bullet6,12.3305,1.83502,0.8,0,1
223137,flyer6,13.5,13.4097,-0.3,0,2
223138,flyer1,13.5,14.9278,-0.3,0,2
223139,bullet3,16.3791,1.88375,0.8,0,1
223140,flayer7,16.5,14.9278,-0.3,0,2
223141,player,11.3607,2.41135,-0.068622,0.0304756,1
223141,bullet6,16.3305,1.83502,0.8,0,1
223141,bullet4,11.7607,2.41135,0.8,0,1
223142,flyer6,12,13.4097,-0.3,0,2
223143,flyer1,12,14.9278,-0.3,0,2
223144,bullet1,11.1519,1.87629,0.8,0,1
223145,flayer7,15,14.9278,-0.3,0,2
223145,bullet5,11.1184,1.84679,0.8,0,1
223146,player,10.7033,1.83351,-0.0151059,-0.0132772,1
223146,bullet4,15.7607,2.41135,0.8,0,1
223147,flyer6,10.5,13.4097,-0.3,0,2
223147,bullet2,11.0965,1.82753,0.8,0,1
223148,flyer1,10.5,14.9278,-0.3,0,2
223149,bullet1,15.1519,1.87629,0.8,0,1
223150,flayer7,13.5,14.9278,-0.3,0,2
223150,bullet5,15.1184,1.84679,0.8,0,1
223151,player,10.6911,1.26513,-0.000278746,-0.0685887,1
223151,bullet3,11.0911,1.26513,0.8,0,1
223152,flyer6,9,13.4097,-0.3,0,2
223152,bullet2,15.0965,1.82753,0.8,0,1
223152,bullet6,11.091,1.23426,0.8,0,1
223153,flyer1,9,14.9278,-0.3,0,2
223154,bullet4,11.0909,1.21412,0.8,0,1
223155,flayer7,12,14.9278,-0.3,0,2
223156,player,10.6909,1.21004,-5.14365e-06,-0.00126566,1
223156,bullet3,15.0911,1.26513,0.8,0,1
223157,flyer6,7.5,13.4097,-0.3,0,2
223157,bullet6,15.091,1.23426,0.8,0,1
223157,bullet1,11.0909,1.20948,0.8,0,1
223158,flyer1,7.5,14.9278,-0.3,0,2
223159,bullet4,15.0909,1.21412,0.8,0,1
223159,bullet5,11.0909,1.2091,0.8,0,1
223160,flayer7,10.5,14.9278,-0.3,0,2
223161,player,10.3534,1.54653,-0.3375,0.337477,1
223162,flyer6,5.99999,13.4097,-0.3,0,2
223162,bullet1,15.0909,1.20948,0.8,0,1
223162,bullet2,10.6015,1.69839,0.8,0,1
223163,flyer1,5.99999,14.9278,-0.3,0,2
223164,bullet5,15.0909,1.2091,0.8,0,1
223164,bullet3,10.5024,1.79748,0.8,0,1
223165,flayer7,9,14.9278,-0.3,0,2
223166,player,10.0824,2.15505,-0.00622783,0.343727,1
223167,flyer6,4.49999,13.4097,-0.3,0,2
223167,bullet2,14.6015,1.69839,0.8,0,1
223168,flyer1,4.49999,14.9278,-0.3,0,2
223169,bullet3,14.5024,1.79748,0.8,0,1
223170,flayer7,7.5,14.9278,-0.3,0,2
223171,player,9.58798,1.94172,-0.15199,-0.145532,1
223171,bullet6,9.98798,1.94172,0.8,0,1
223172,flyer6,2.99999,13.4097,-0.3,0,2
223173,flyer1,2.99999,14.9278,-0.3,0,2
223173,bullet4,9.88881,1.84676,0.8,0,1
223174,bullet1,9.87496,1.8335,0.8,0,1
223175,flayer7,5.99999,14.9278,-0.3,0,2
223176,player,9.46593,1.48734,-0.00280464,-0.340185,1
223176,bullet6,13.988,1.94172,0.8,0,1
223177,flyer6,1.49999,13.4097,-0.3,0,2
223178,flyer1,1.49999,14.9278,-0.3,0,2
223178,bullet4,13.8888,1.84676,0.8,0,1
223178,bullet5,9.86409,1.26537,0.8,0,1
223179,bullet1,13.875,1.8335,0.8,0,1
223180,flayer7,4.49999,14.9278,-0.3,0,2
223181,player,9.46367,1.21415,-5.17535e-05,-0.00627738,1
223181,bullet2,9.06367,1.21415,-0.8,-6.99382e-08,1
223182,flyer6,-6.4373e-06,13.4097,-0.3,0,2
223183,flyer1,-6.4373e-06,14.9278,-0.3,0,2
223183,bullet5,13.8641,1.26537,0.8,0,1
223185,flayer7,2.99999,14.9278,-0.3,0,2
223185,flayer8,16.5,13.0386,-0.256501,-0.155587,2
223186,player,9.68385,1.17835,-0.269157,0.0374732,1
223186,bullet2,5.06367,1.21415,-0.8,-6.99382e-08,1
223187,flyer2,16.5,13.0386,-0.3,0,2
223187,bullet3,9.96273,1.19521,0.8,0,1
223190,flayer7,1.49999,14.9278,-0.3,0,2
223190,flayer8,15.2175,12.2606,-0.256501,-0.155587,2
223191,player,9.61957,1.20844,-0.190592,0.000691486,1
223191,bullet2,1.06367,1.21414,-0.8,-6.99382e-08,1
223192,flyer2,15,13.0386,-0.3,0,2
223192,bullet3,13.9627,1.19521,0.8,0,1
223193,bullet6,9.89521,1.2089,0.8,0,1
223195,flayer7,-6.4373e-06,14.9278,-0.3,0,2
223195,flayer8,13.935,11.4827,-0.256501,-0.155587,2
223196,player,8.90879,0.651281,-0.0718607,-0.068331,1
223197,flyer2,13.5,13.0386,-0.3,0,2
223197,flyer4,16.5,13.0386,-0.3,0,2
223198,bullet6,13.8952,1.2089,0.8,0,1
223198,bullet4,7.97252,1.09607,-0.8,-6.99382e-08,1
223200,flayer8,12.6525,10.7048,-0.256501,-0.155587,2
223200,bullet1,8.66393,1.18614,0.8,0,1
223201,player,8.24876,0.861218,-0.0151656,-0.324921,1
223202,flyer2,12,13.0386,-0.3,0,2
223202,flyer4,15,13.0386,-0.3,0,2
223203,bullet4,3.97252,1.09607,-0.8,-6.99382e-08,1
223205,flayer8,11.37,9.92685,-0.256501,-0.155587,2
223205,bullet1,12.6639,1.18614,0.8,0,1
223205,bullet5,8.63686,1.16399,0.8,0,1
223206,player,8.23658,1.18875,-0.000279849,0.024759,1
223207,flyer2,10.5,13.0386,-0.3,0,2
223207,flyer4,13.5,13.0386,-0.3,0,2
223208,bullet4,-0.0274783,1.09607,-0.8,-6.99382e-08,1
223210,flayer8,10.0875,9.14892,-0.256501,-0.155587,2
223210,bullet5,12.6369,1.16399,0.8,0,1
223211,player,9.42715,2.30032,0.0445891,0.166171,1
223212,flyer2,9,13.0386,-0.3,0,2
223212,flyer4,12,13.0386,-0.3,0,2
223215,flayer8,8.80497,8.37099,-0.256501,-0.155587,2
223215,flyer3,16.5,13.0386,-0.248943,-0.167414,2
223216,player,9.46295,1.98899,0.000822795,-0.203313,1
223217,flyer2,7.5,13.0386,-0.3,0,2
223217,flyer4,10.5,13.0386,-0.3,0,2
223217,bullet2,9.86332,1.8975,0.8,0,1
223218,bullet3,9.06349,1.85633,-0.8,-6.99382e-08,1
223220,flayer8,7.52246,7.59305,-0.256501,-0.155587,2
223220,flyer3,15.2553,12.2015,-0.248943,-0.167414,2
223220,bullet6,9.8636,1.82947,0.8,0,1
223221,player,9.46362,1.82572,1.51829e-05,-0.00375169,1
223222,flyer2,5.99999,13.0386,-0.3,0,2
223222,flyer4,9,13.0386,-0.3,0,2
223222,bullet2,13.8633,1.8975,0.8,0,1
223222,bullet4,9.86362,1.82403,0.8,0,1
223223,bullet3,5.06349,1.85633,-0.8,-6.99382e-08,1
223225,flayer8,6.23995,6.81512,-0.256501,-0.155587,2
223225,flyer3,14.0106,11.3644,-0.248943,-0.167414,2
223225,bullet6,13.8636,1.82947,0.8,0,1
223226,player,8.90591,2.38042,-0.0683435,0.0682745,1
223227,flyer2,4.49999,13.0386,-0.3,0,2
223227,flyer4,7.5,13.0386,-0.3,0,2
223227,bullet4,13.8636,1.82403,0.8,0,1
223227,bullet1,9.27516,2.41114,0.8,0,1
223228,bullet3,1.06349,1.85633,-0.8,-6.99382e-08,1
223230,flayer8,4.95745,6.03719,-0.256501,-0.155587,2
223230,flyer3,12.7659,10.5274,-0.248943,-0.167414,2
223231,player,9.3404,2.92463,0.150614,0.153135,1
223232,flyer2,2.99999,13.0386,-0.3,0,2
223232,flyer4,5.99999,13.0386,-0.3,0,2
223232,bullet1,13.2752,2.41114,0.8,0,1
223234,bullet5,9.8524,3.0385,0.8,0,1
223235,flayer8,3.67494,5.25925,-0.256501,-0.155587,2
223235,flyer3,11.5212,9.6903,-0.248943,-0.167414,2
223236,player,9.95074,3.04761,0.154654,0.00282577,1
223237,flyer2,1.49999,13.0386,-0.3,0,2
223237,flyer4,4.49999,13.0386,-0.3,0,2
223239,bullet5,13.8524,3.0385,0.8,0,1
223240,flayer8,2.39244,4.48132,-0.256501,-0.155587,2
223240,flyer3,10.2764,8.85323,-0.248943,-0.167414,2
223241,player,10.0749,3.04988,0.00285381,5.21434e-05,1
223242,flyer2,-6.4373e-06,13.0386,-0.3,0,2
223242,flyer4,2.99999,13.0386,-0.3,0,2
223242,bullet2,10.4762,3.0499,0.8,0,1
223245,flayer8,1.10993,3.70338,-0.256501,-0.155587,2
223245,flyer3,9.03173,8.01616,-0.248943,-0.167414,2
223246,player,10.5666,2.56054,0.151928,-0.151874,1
223247,flyer4,1.49999,13.0386,-0.3,0,2
223247,bullet2,14.4762,3.0499,0.8,0,1
223249,bullet6,11.6373,1.88989,0.8,0,1
223250,flayer8,-0.172577,2.92545,-0.256501,-0.155587,2
223250,flyer3,7.78701,7.17909,-0.248943,-0.167414,2
223251,player,11.2909,1.83626,0.0166431,-0.0166421,1
223251,bullet3,11.6909,1.83626,0.8,0,1
223252,flyer4,-6.4373e-06,13.0386,-0.3,0,2
223252,bullet4,11.6984,1.82877,0.8,0,1
223254,bullet6,15.6373,1.88989,0.8,0,1
223255,flyer3,6.5423,6.34202,-0.248943,-0.167414,2
223255,flyer5,16.5,13.0386,-0.299192,0.0220098,2
223256,player,11.4562,1.67102,-0.185318,0.185318,1
223256,bullet3,15.6909,1.83626,0.8,0,1
223257,flyer6,16.5,9.5941,-0.3,0,2
223257,bullet4,15.6984,1.82877,0.8,0,1
223258,flyer1,16.5,1.4895,-0.3,0,2
223258,bullet1,11.7352,1.79194,0.8,0,1
223259,bullet5,11.7184,1.80883,0.8,0,1
223260,flyer3,5.29759,5.50495,-0.248943,-0.167414,2
223260,flyer5,15.004,13.1486,-0.299192,0.0220098,2
223261,player,11.6448,2.15735,0.33408,0.34092,1
223262,flyer6,15,9.5941,-0.3,0,2
223262,bullet2,12.1952,2.31076,0.8,0,1
223263,flyer1,15,1.4895,-0.3,0,0
223264,bullet6,12.2933,2.41087,0.8,0,1
223265,flyer3,4.05287,4.66788,-0.248943,-0.167414,2
223265,flyer5,13.5081,13.2587,-0.299192,0.0220098,2
223266,player,11.9131,2.43114,0.00616472,0.00629093,1
223266,bullet3,12.3131,2.43114,0.8,0,1
223267,flyer6,13.5,9.5941,-0.3,0,2
223267,bullet2,16.1952,2.31076,0.8,0,1
223268,bullet4,12.3171,2.43524,0.8,0,1
223269,bullet6,16.2933,2.41087,0.8,0,1
223269,bullet1,12.3177,2.43582,0.8,0,1
223270,flyer3,2.80816,3.83081,-0.248943,-0.167414,2
223270,flyer5,12.0121,13.3687,-0.299192,0.0220098,2
223271,player,11.9181,2.43619,0.000113756,0.000116085,1
223271,bullet3,16.3131,2.43114,0.8,0,1
223272,flyer6,12,9.5941,-0.3,0,2
223273,bullet4,16.3171,2.43524,0.8,0,1
223274,bullet1,16.3177,2.43582,0.8,0,1
223274,bullet5,11.7604,2.99399,0.8,0,1
223275,flyer3,1.56344,2.99374,-0.248943,-0.167414,2
223275,flyer5,10.5162,13.4788,-0.299192,0.0220098,2
223276,player,11.8052,2.54922,0.138037,-0.138033,1
223277,flyer6,10.5,9.5941,-0.3,0,2
223279,bullet5,15.7604,2.99399,0.8,0,1
223280,flyer3,0.318729,2.15666,-0.248943,-0.167414,2
223280,flyer5,9.02021,13.5888,-0.299192,0.0220098,2
223280,flayer7,16.5,1.4895,-0.299003,-0.0244394,2
223281,player,12.4738,2.99609,0.0708909,0.0657967,1
223281,bullet2,12.8738,2.99609,0.8,0,1
223282,flyer6,9,9.5941,-0.3,0,2
223284,bullet6,13.4842,2.4873,0.8,0,1
223285,flyer5,7.52425,13.6989,-0.299192,0.0220098,2
223285,flayer7,15.005,1.3673,-0.299003,-0.0244394,2
223286,player,12.6437,2.93599,-0.136727,0.13925,1
223287,flyer6,7.5,9.5941,-0.3,0,2
223288,flyer2,16.5,1.4895,-0.282198,-0.101806,2
223290,flyer5,6.0283,13.8089,-0.299192,0.0220098,2
223290,flayer7,13.51,1.2451,-0.299003,-0.0244394,2
223291,player,11.9316,3.06166,-0.0163626,-0.0143455,1
223291,bullet3,11.5316,3.06166,-0.8,-6.99382e-08,1
223292,flyer6,5.99999,9.5941,-0.3,0,2
223293,flyer2,15.089,0.98047,-0.282198,-0.101806,2
223294,bullet4,11.7617,3.05099,0.8,0,1
223295,flyer5,4.53234,13.919,-0.299192,0.0220098,2
223295,flayer7,12.015,1.12291,-0.299003,-0.0244394,2
223296,player,11.8055,2.56076,0.137733,-0.15214,1
223296,bullet3,7.53156,3.06166,-0.8,-6.99382e-08,1
223297,flyer6,4.49999,9.5941,-0.3,0,2
223298,flyer2,13.678,0.471442,-0.282198,-0.101806,2
223299,bullet4,15.7617,3.05099,0.8,0,1
223300,flyer5,3.03638,14.029,-0.299192,0.0220098,2
223300,flayer7,10.5199,1.00071,-0.299003,-0.0244394,2
223300,bullet1,13.4597,3.58758,0.8,0,1
223301,player,13.1069,3.62937,0.0471359,0.0417869,1
223301,bullet3,3.53156,3.06166,-0.8,-6.99382e-08,1
223302,flyer6,2.99999,9.5941,-0.3,0,2
223302,bullet5,13.5281,3.64817,0.8,0,1
223303,flyer2,12.267,-0.037586,-0.282198,-0.101806,2
223304,bullet2,13.5419,3.66044,0.8,0,1
223305,flyer5,1.54043,14.1391,-0.299192,0.0220098,2
223305,flayer7,9.02493,0.878511,-0.299003,-0.0244394,2
223306,player,13.6341,3.66293,0.152745,0.000771086,1
223307,flyer6,1.49999,9.5941,-0.3,0,2
223308,bullet6,14.1338,4.15281,0.8,0,1
223310,flyer5,0.0444677,14.2491,-0.299192,0.0220098,2
223310,flayer7,7.52992,0.756314,-0.299003,-0.0244394,2
223311,player,13.7568,4.60336,0.00281857,0.351354,1
223311,flayer8,16.5,10.1151,-0.299105,0.0231576,2
223312,flyer6,-6.4373e-06,9.5941,-0.3,0,2
223312,flyer4,16.5,1.4895,-0.252794,-0.161541,2
223312,bullet4,14.158,4.76147,0.8,0,1
223315,flayer7,6.03491,0.634117,-0.299003,-0.0244394,2
223315,flyer1,16.5,10.1151,-0.275342,-0.119107,2
223316,player,14.8061,4.95387,0.220271,-0.0770478,1
223316,flayer8,15.0045,10.2309,-0.299105,0.0231576,2
223317,flyer4,15.236,0.681794,-0.252794,-0.161541,2
223320,flayer7,4.53989,0.511919,-0.299003,-0.0244394,2
223320,flyer1,15.1233,9.5196,-0.275342,-0.119107,2
223320,bullet1,14.2328,3.74723,0.8,0,1
223321,player,13.7922,3.70121,-0.0405297,-0.046016,1
223321,flayer8,13.509,10.3467,-0.299105,0.0231576,2
223322,flyer4,13.9721,-0.12591,-0.252794,-0.161541,2
223324,bullet3,14.1621,3.10928,0.8,0,1
223325,flayer7,3.04488,0.389722,-0.299003,-0.0244394,2
223325,flyer1,13.7466,8.92407,-0.275342,-0.119107,2
223325,bullet5,14.1604,3.07663,0.8,0,1
223326,player,13.7597,3.06195,-0.000747887,-0.0146887,1
223326,flayer8,12.0134,10.4625,-0.299105,0.0231576,2
223327,bullet2,14.1594,3.05534,0.8,0,1
223328,bullet6,14.1592,3.05236,0.8,0,1
223330,flayer7,1.54986,0.267525,-0.299003,-0.0244394,2
223330,flyer1,12.3699,8.32853,-0.275342,-0.119107,2
223331,player,13.7591,3.05015,-1.38006e-05,-0.000271048,1
223331,flyer3,16.5,1.4895,-0.226453,-0.196771,2
223331,flayer8,10.5179,10.5783,-0.299105,0.0231576,2
223332,bullet4,14.1591,3.05003,0.8,0,1
223335,flayer7,0.0548501,0.145328,-0.299003,-0.0244394,2
223335,flyer1,10.9932,7.73299,-0.275342,-0.119107,2
223336,player,13.6907,3.60765,0.083531,0.0683388,1
223336,flyer3,15.3677,0.505642,-0.226453,-0.196771,2
223336,flayer8,9.02238,10.6941,-0.299105,0.0231576,2
223337,flyer2,16.5,14.1972,-0.292486,0.0667235,2
223337,bullet1,14.1283,3.6384,0.8,0,1
223340,flyer1,9.61645,7.13746,-0.275342,-0.119107,2
223340,bullet3,14.1563,4.21899,0.8,0,1
223341,player,13.7578,4.251,0.00154138,0.0320157,1
223341,flyer3,14.2355,-0.478214,-0.226453,-0.196771,2
223341,flayer8,7.52686,10.8099,-0.299105,0.0231576,2
223342,flyer2,15.0376,14.5309,-0.292486,0.0667235,2
223343,flyer5,16.5,14.1972,-0.3,0,2
223345,flyer1,8.23974,6.54192,-0.275342,-0.119107,2
223345,bullet5,14.2581,3.78675,0.8,0,1
223346,player,13.8036,3.71899,-0.0544757,-0.067753,1
223346,flayer8,6.03134,10.9256,-0.299105,0.0231576,2
223347,flyer2,13.5751,14.8645,-0.292486,0.0667235,2
223348,flyer5,15,14.1972,-0.3,0,2
223350,flyer1,6.86303,5.94639,-0.275342,-0.119107,2
223351,player,14.0247,3.70918,-0.324666,-0.0557544,1
223351,flayer8,4.53581,11.0414,-0.299105,0.0231576,2
223352,flyer2,12.1127,15.1981,-0.292486,0.0667235,2
223353,flyer5,13.5,14.1972,-0.3,0,2
223355,flyer1,5.48631,5.35085,-0.275342,-0.119107,2
223356,player,12.6723,3.92921,-0.171706,-0.324689,1
223356,flayer8,3.04029,11.1572,-0.299105,0.0231576,2
223357,flyer2,10.6503,15.5317,-0.292486,0.0667235,2
223358,flyer5,12,14.1972,-0.3,0,2
223358,bullet2,12.9603,3.71735,0.8,0,1
223360,flyer1,4.1096,4.75531,-0.275342,-0.119107,2
223361,player,12.5344,4.22618,-0.00316845,0.0623523,1
223361,flayer8,1.54476,11.273,-0.299105,0.0231576,2
223361,bullet6,12.9344,4.22618,0.8,0,1
223362,flyer2,9.18785,15.8653,-0.292486,0.0667235,2
223363,flyer5,10.5,14.1972,-0.3,0,2
223365,flyer1,2.73289,4.15978,-0.275342,-0.119107,2
223365,bullet4,12.9319,4.27511,0.8,0,1
223366,player,12.5318,4.27626,-5.84668e-05,0.00115058,1
223366,flayer8,0.0492387,11.3888,-0.299105,0.0231576,2
223366,bullet1,12.9318,4.27626,0.8,0,1
223367,flyer2,7.72541,16.199,-0.292486,0.0667235,2
223368,flyer5,9,14.1972,-0.3,0,2
223370,flyer1,1.35618,3.56424,-0.275342,-0.119107,2
223370,bullet3,12.3741,3.71944,0.8,0,1
223371,player,11.9433,3.68871,-0.0307558,-0.0307335,1
223372,flyer6,16.5,7.81097,-0.3,0,2
223372,bullet5,12.3295,3.67488,0.8,0,1
223373,flyer5,7.5,14.1972,-0.3,0,2
223375,flyer1,-0.0205345,2.9687,-0.275342,-0.119107,2
223375,bullet3,16.3741,3.71944,0.8,0,1
223375,bullet2,12.3192,4.22231,0.8,0,1
223376,player,12.2561,4.59,0.336932,0.367688,1
223377,flyer6,15,7.81097,-0.3,0,2
223377,bullet5,16.3295,3.67488,0.8,0,1
223378,flyer5,5.99999,14.1972,-0.3,0,2
223378,flyer4,16.5,8.43345,-0.293817,-0.0605948,2
223380,bullet2,16.3192,4.22231,0.8,0,1
223380,bullet6,12.3628,4.8785,0.8,0,1
223381,player,11.9382,4.88528,-0.0245373,0.00678487,1
223382,flyer6,13.5,7.81097,-0.3,0,2
223382,bullet4,11.5272,4.88834,-0.8,-6.99382e-08,1
223383,flyer5,4.49999,14.1972,-0.3,0,2
223383,flyer4,15.0309,8.13048,-0.293817,-0.0605948,2
223383,bullet1,12.3222,4.88971,0.8,0,1
223385,bullet6,16.3628,4.8785,0.8,0,1
223386,player,11.9185,4.89073,-0.000452783,0.0001252,1
223386,bullet3,12.3185,4.89073,0.8,0,1
223387,flyer6,12,7.81097,-0.3,0,2
223387,bullet4,7.52719,4.88834,-0.8,-6.99382e-08,1
223388,flyer5,2.99999,14.1972,-0.3,0,2
223388,flyer4,13.5618,7.8275,-0.293817,-0.0605948,2
223388,bullet1,16.3222,4.88971,0.8,0,1
223391,player,12.4075,4.77789,0.151867,0.138038,1
223391,bullet3,16.3185,4.89073,0.8,0,1
223392,flyer6,10.5,7.81097,-0.3,0,2
223392,bullet4,3.52719,4.88834,-0.8,-6.99382e-08,1
223393,flyer5,1.49999,14.1972,-0.3,0,2
223393,flyer4,12.0928,7.52453,-0.293817,-0.0605948,2
223393,bullet5,12.9066,4.86796,0.8,0,1
223394,bullet2,12.9205,4.88054,0.8,0,1
223396,player,12.867,4.88875,0.340302,0.00254718,1
223397,flyer6,9,7.81097,-0.3,0,2
223398,flyer5,-6.4373e-06,14.1972,-0.3,0,2
223398,flyer4,10.6237,7.22156,-0.293817,-0.0605948,2
223399,flayer7,16.5,8.43345,-0.3,0,2
223400,flyer3,16.5,7.36523,-0.3,0,2
223401,player,13.7288,3.81295,0.0370342,-0.182583,1
223401,bullet6,14.1288,3.81295,0.8,0,1
223402,flyer6,7.5,7.81097,-0.3,0,2
223403,flyer4,9.15458,6.91858,-0.293817,-0.0605948,2
223404,flayer7,15,8.43345,-0.3,0,2
223405,flyer3,15,7.36523,-0.3,0,2
223406,player,14.3162,3.66632,0.0690271,-0.00336916,1
223407,flyer6,5.99999,7.81097,-0.3,0,2
223407,bullet1,14.7473,3.6648,0.8,0,1
223408,flyer4,7.6855,6.61561,-0.293817,-0.0605948,2
223408,bullet3,14.7613,3.66412,0.8,0,1
223409,flayer7,13.5,8.43345,-0.3,0,2
223410,flyer3,13.5,7.36523,-0.3,0,2
223410,bullet4,14.7704,3.66367,0.8,0,1
223411,player,14.0342,3.66361,-0.336226,-6.21706e-05,1
223412,flyer6,4.49999,7.81097,-0.3,0,2
223413,flyer4,6.21642,6.31264,-0.293817,-0.0605948,2
223414,flayer7,12,8.43345,-0.3,0,2
223415,flyer3,12,7.36523,-0.3,0,2
223415,bullet5,14.6597,3.17419,0.8,0,1
223416,player,14.3219,3.10584,0.0621394,-0.0683449,1
223417,flyer6,2.99999,7.81097,-0.3,0,2
223418,flyer4,4.74734,6.00967,-0.293817,-0.0605948,2
223418,bullet2,14.273,3.06125,0.8,0,1
223419,flayer7,10.5,8.43345,-0.3,0,2
223420,flyer3,10.5,7.36523,-0.3,0,2
223421,player,14.2588,2.56158,0.139182,-0.153136,1
223422,flyer6,1.49999,7.81097,-0.3,0,2
223423,flyer4,3.27825,5.70669,-0.293817,-0.0605948,2
223424,flayer7,9,8.43345,-0.3,0,2
223425,flyer3,9,7.36523,-0.3,0,2
223426,player,13.2927,2.5377,-0.180061,-0.123946,1
223427,flyer6,-6.4373e-06,7.81097,-0.3,0,2
223427,bullet6,13.6117,2.48192,0.8,0,1
223428,flyer4,1.80917,5.40372,-0.293817,-0.0605948,2
223428,bullet1,13.5753,2.45683,0.8,0,1
223429,flayer7,7.5,8.43345,-0.3,0,2
223430,flyer3,7.5,7.36523,-0.3,0,2
223431,player,13.975,2.43816,0.486052,-0.00228715,1
223432,flayer8,16.5,7.36523,-0.29537,-0.0525043,2
223433,flyer4,0.340085,5.10075,-0.293817,-0.0605948,2
223434,flayer7,5.99999,8.43345,-0.3,0,2
223434,bullet3,14.7365,1.94709,0.8,0,1
223435,flyer3,5.99999,7.36523,-0.3,0,2
223436,player,14.0279,2.18535,-0.328531,0.306703,1
223437,flayer8,15.0231,7.10271,-0.29537,-0.0525043,2
223437,flyer2,16.5,7.36523,-0.292636,0.0660616,2
223438,bullet4,14.2135,2.38548,0.8,0,1
223439,flayer7,4.49999,8.43345,-0.3,0,2
223440,flyer3,4.49999,7.36523,-0.3,0,2
223440,bullet5,14.1701,2.426,0.8,0,1
223441,player,13.764,2.43166,-0.00606232,0.00565954,1
223441,bullet2,13.364,2.43166,-0.8,-6.99382e-08,1
223442,flayer8,13.5463,6.84019,-0.29537,-0.0525043,2
223442,flyer2,15.0368,7.69554,-0.292636,0.0660616,2
223443,bullet6,14.1601,2.43535,0.8,0,1
223444,flayer7,2.99999,8.43345,-0.3,0,2
223445,flyer3,2.99999,7.36523,-0.3,0,2
223446,player,13.7592,2.99392,-0.000111867,0.0684482,1
223446,bullet2,9.36403,2.43166,-0.8,-6.99382e-08,1
223446,bullet1,14.1592,2.99392,0.8,0,1
223447,flayer8,12.0694,6.57767,-0.29537,-0.0525043,2
223447,flyer2,13.5736,8.02585,-0.292636,0.0660616,2
223447,bullet3,14.1591,3.02473,0.8,0,1
223449,flayer7,1.49999,8.43345,-0.3,0,2
223450,flyer3,1.49999,7.36523,-0.3,0,2
223451,player,13.9793,2.15368,-0.269158,-0.404581,1
223451,bullet2,5.36403,2.43166,-0.8,-6.99382e-08,1
223452,flayer8,10.5926,6.31515,-0.29537,-0.0525043,2
223452,flyer2,12.1105,8.35616,-0.292636,0.0660616,2
223454,flayer7,-6.4373e-06,8.43345,-0.3,0,2
223454,bullet4,14.1791,1.36344,0.8,0,1
223455,flyer3,-6.4373e-06,7.36523,-0.3,0,2
223456,player,13.4256,1.24029,-0.342467,-0.0382203,1
223456,bullet2,1.36403,2.43166,-0.8,-6.99382e-08,1
223457,flayer8,9.11575,6.05263,-0.29537,-0.0525043,2
223457,flyer2,10.6473,8.68647,-0.292636,0.0660616,2
223457,flyer1,16.5,9.53934,-0.3,0,2
223458,bullet5,13.6022,1.21535,0.8,0,1
223461,player,13.1506,0.872096,-0.00631947,-0.338205,1
223462,flayer8,7.6389,5.79011,-0.29537,-0.0525043,2
223462,flyer2,9.1841,9.01678,-0.292636,0.0660616,2
223462,flyer1,15,9.53934,-0.3,0,2
223462,flyer5,16.5,9.53934,-0.296626,0.0448692,2
223464,bullet6,13.0565,0.620598,0.8,0,1
223466,player,12.5571,0.600489,-0.0308713,-0.00624084,1
223467,flayer8,6.16205,5.52759,-0.29537,-0.0525043,2
223467,flyer2,7.72092,9.34709,-0.292636,0.0660616,2
223467,flyer1,13.5,9.53934,-0.3,0,2
223467,flyer5,15.0169,9.76369,-0.296626,0.0448692,2
223468,bullet1,13.4263,0.596416,0.8,0,1
223471,player,13.6239,1.08485,0.165145,0.15176,1
223471,bullet3,14.0239,1.08485,0.8,0,1
223472,flayer8,4.6852,5.26507,-0.29537,-0.0525043,2
223472,flyer2,6.25774,9.6774,-0.292636,0.0660616,2
223472,flyer1,12,9.53934,-0.3,0,2
223472,flyer5,13.5337,9.98804,-0.296626,0.0448692,2
223474,bullet4,13.6574,0.708329,0.8,0,1
223476,player,12.8306,0.955754,-0.365207,0.309546,1
223477,flayer8,3.20835,5.00255,-0.29537,-0.0525043,2
223477,flyer2,4.79456,10.0077,-0.292636,0.0660616,2
223477,flyer1,10.5,9.53934,-0.3,0,2
223477,flyer5,12.0506,10.2124,-0.296626,0.0448692,2
223481,player,12.8748,0.866846,0.330761,-0.331788,1
223482,flayer8,1.7315,4.74003,-0.29537,-0.0525043,2
223482,flyer2,3.33138,10.338,-0.292636,0.0660616,2
223482,flyer1,9,9.53934,-0.3,0,2
223482,flyer5,10.5675,10.4367,-0.296626,0.0448692,2
223486,player,13.6982,1.15811,0.0744472,0.0622213,1
223487,flayer8,0.254655,4.47751,-0.29537,-0.0525043,2
223487,flyer2,1.8682,10.6683,-0.292636,0.0660616,2
223487,flyer1,7.5,9.53934,-0.3,0,2
223487,flyer5,9.08437,10.6611,-0.296626,0.0448692,2
223488,bullet2,14.6361,1.68809,0.8,0,1
223490,bullet5,14.745,1.79541,0.8,0,1
223491,player,14.6978,2.14789,0.352713,0.352488,1
223492,flyer2,0.405021,10.9986,-0.292636,0.0660616,2
223492,flyer1,5.99999,9.53934,-0.3,0,2
223492,flyer5,7.60124,10.8854,-0.296626,0.0448692,2
223493,flyer6,16.5,9.53934,-0.292396,-0.0671149,2
223494,bullet6,15.36,2.41001,0.8,0,1
223495,bullet1,15.3745,2.42447,0.8,0,1
223496,player,14.981,2.43097,0.00650855,0.00650439,1
223497,flyer1,4.49999,9.53934,-0.3,0,2
223497,flyer5,6.11812,11.1098,-0.296626,0.0448692,2
223497,flyer4,16.5,9.53934,-0.22385,0.199728,2
223497,bullet3,14.5839,2.4339,-0.8,-6.99382e-08,1
223498,flyer6,15.038,9.20377,-0.292396,-0.0671149,2
223501,player,14.9862,2.43619,0.000120101,0.000120024,1
223501,bullet4,15.3862,2.43619,0.8,0,1
223502,flyer1,2.99999,9.53934,-0.3,0,2
223502,flyer5,4.63499,11.3341,-0.296626,0.0448692,2
223502,flyer4,15.3807,10.538,-0.22385,0.199728,2
223502,bullet3,10.5839,2.4339,-0.8,-6.99382e-08,1
223502,bullet2,15.3863,2.43625,0.8,0,1
223503,flyer6,13.576,8.8682,-0.292396,-0.0671149,2
223504,bullet5,15.3863,2.43628,0.8,0,1
223505,bullet6,15.3863,2.43629,0.8,0,1
223506,player,14.9863,2.43629,2.2162e-06,2.21479e-06,1
223507,flyer1,1.49999,9.53934,-0.3,0,2
223507,flyer5,3.15186,11.5585,-0.296626,0.0448692,2
223507,flyer4,14.2615,11.5366,-0.22385,0.199728,2
223507,bullet3,6.58394,2.4339,-0.8,-6.99382e-08,1
223508,flyer6,12.1141,8.53262,-0.292396,-0.0671149,2
223508,bullet1,15.3863,2.43629,0.8,0,1
223509,bullet4,15.3863,2.43629,0.8,0,1
223511,player,14.9863,2.43629,4.08952e-08,4.0869e-08,1
223511,bullet2,15.3863,2.43629,0.8,0,1
223512,flyer1,-6.4373e-06,9.53934,-0.3,0,2
223512,flyer5,1.66873,11.7828,-0.296626,0.0448692,2
223512,flyer4,13.1422,12.5353,-0.22385,0.199728,2
223512,bullet3,2.58394,2.4339,-0.8,-6.99382e-08,1
223513,flyer6,10.6521,8.19705,-0.292396,-0.0671149,2
223516,player,15.5441,1.83398,0.0683438,-0.0138396,1
223516,flayer7,16.5,12.0707,-0.252303,-0.162306,2
223516,bullet5,15.9441,1.83398,0.8,0,1
223517,flyer5,0.185605,12.0072,-0.296626,0.0448692,2
223517,flyer4,12.023,13.5339,-0.22385,0.199728,2
223518,flyer6,9.19009,7.86147,-0.292396,-0.0671149,2
223519,bullet6,15.4372,1.82369,0.8,0,1
223521,player,14.9966,1.82286,-0.0125785,-0.00025538,1
223521,flayer7,15.2385,11.2591,-0.252303,-0.162306,2
223521,flyer3,16.5,12.0707,-0.3,0,2
223522,flyer4,10.9037,14.5325,-0.22385,0.199728,2
223523,flyer6,7.7281,7.5259,-0.292396,-0.0671149,2
223523,bullet1,15.3884,1.8227,0.8,0,1
223526,player,14.4288,1.82266,-0.0685759,-4.71247e-06,1
223526,flayer7,13.977,10.4476,-0.252303,-0.162306,2
223526,flyer3,15,12.0707,-0.3,0,2
223526,bullet4,14.8288,1.82266,0.8,0,1
223527,flyer4,9.78449,15.5312,-0.22385,0.199728,2
223528,flyer6,6.26612,7.19033,-0.292396,-0.0671149,2
223529,bullet2,15.3355,1.26494,0.8,0,1
223531,player,15.4654,1.22034,0.164449,-0.0138397,1
223531,flayer7,12.7155,9.63608,-0.252303,-0.162306,2
223531,flyer3,13.5,12.0707,-0.3,0,2
223532,flayer8,16.5,12.0707,-0.3,0,2
223533,flyer6,4.80414,6.85475,-0.292396,-0.0671149,2
223533,bullet3,15.9727,1.21131,0.8,0,1
223534,bullet5,15.9877,1.21005,0.8,0,1
223536,player,15.5975,1.20923,0.00303455,-0.000255381,1
223536,flayer7,11.4539,8.82455,-0.252303,-0.162306,2
223536,flyer3,12,12.0707,-0.3,0,2
223536,bullet6,15.9975,1.20923,0.8,0,1
223537,flayer8,15,12.0707,-0.3,0,2
223538,flyer6,3.34216,6.51918,-0.292396,-0.0671149,2
223540,bullet1,16,1.7975,0.8,0,1
223541,player,15.6,1.81133,0,0.0138349,1
223541,flayer7,10.1924,8.01303,-0.252303,-0.162306,2
223541,flyer3,10.5,12.0707,-0.3,0,2
223542,flayer8,13.5,12.0707,-0.3,0,2
223543,flyer6,1.88017,6.1836,-0.292396,-0.0671149,2
223544,bullet4,16,1.82162,0.8,0,1
223546,player,15.6,1.82244,0,0.000255293,1
223546,flayer7,8.93091,7.2015,-0.252303,-0.162306,2
223546,flyer3,9,12.0707,-0.3,0,2
223547,flayer8,12,12.0707,-0.3,0,2
223548,flyer6,0.418193,5.84803,-0.292396,-0.0671149,2
223548,bullet2,15.5106,2.31199,0.8,0,1
223550,bullet3,15.4115,2.41112,0.8,0,1
223551,player,14.6602,2.76246,-0.35134,0.351344,1
223551,flayer7,7.66939,6.38997,-0.252303,-0.162306,2
223551,flyer3,7.5,12.0707,-0.3,0,2
223552,flayer8,10.5,12.0707,-0.3,0,2
223552,flyer2,16.5,12.0707,-0.257013,-0.154739,2
223553,bullet5,14.8309,2.99172,0.8,0,1
223556,player,13.8887,3.04462,-0.158358,0.00648329,1
223556,flayer7,6.40787,5.57844,-0.252303,-0.162306,2
223556,flyer3,5.99999,12.0707,-0.3,0,2
223557,flayer8,9,12.0707,-0.3,0,2
223557,flyer2,15.2149,11.297,-0.257013,-0.154739,2
223557,bullet6,13.4174,3.04754,-0.8,-6.99382e-08,1
223558,bullet1,14.1853,3.04885,0.8,0,1
223561,player,13.6096,3.8767,0.182703,0.489495,1
223561,flayer7,5.14636,4.76692,-0.252303,-0.162306,2
223561,flyer3,4.49999,12.0707,-0.3,0,2
223562,flayer8,7.5,12.0707,-0.3,0,2
223562,flyer2,13.9299,10.5233,-0.257013,-0.154739,2
223562,bullet6,9.41739,3.04754,-0.8,-6.99382e-08,1
223566,player,14.8342,4.85828,0.186001,0.0397872,1
223566,flayer7,3.88484,3.95539,-0.252303,-0.162306,2
223566,flyer3,2.99999,12.0707,-0.3,0,2
223567,flayer8,5.99999,12.0707,-0.3,0,2
223567,flyer2,12.6448,9.74958,-0.257013,-0.154739,2
223567,bullet6,5.41739,3.04754,-0.8,-6.99382e-08,1
223567,bullet4,15.3179,4.87618,0.8,0,1
223570,bullet2,15.9378,4.8895,0.8,0,1
223571,player,15.572,4.89023,0.0341869,0.000734186,1
223571,flayer7,2.62333,3.14386,-0.252303,-0.162306,1
223571,flyer3,1.49999,12.0707,-0.3,0,2
223572,flayer8,4.49999,12.0707,-0.3,0,2
223572,flyer2,11.3597,8.97588,-0.257013,-0.154739,2
223573,bullet3,15.505,4.89071,0.8,0,1
223576,player,14.9972,4.89082,-0.0132088,1.35478e-05,1
223576,flayer7,1.36181,2.33234,-0.252303,-0.162306,1
223576,flyer3,-6.4373e-06,12.0707,-0.3,0,2
223577,flayer8,2.99999,12.0707,-0.3,0,2
223577,flyer2,10.0747,8.20219,-0.257013,-0.154739,2
223578,flyer1,16.5,3.32822,-0.295108,-0.0539567,2
223581,player,14.4972,5.00377,-0.152119,-0.138035,1
223581,flayer7,0.100295,1.52081,-0.252303,-0.162306,1
223582,flayer8,1.49999,12.0707,-0.3,0,2
223582,flyer2,8.7896,7.42849,-0.257013,-0.154739,2
223583,flyer1,15.0245,3.05844,-0.295108,-0.0539567,2
223583,bullet5,14.7979,4.42433,0.8,0,1
223586,player,14.375,4.77998,-0.00280702,0.135488,1
223586,flyer5,16.5,3.32822,-0.234364,0.18728,2
223587,flayer8,-6.4373e-06,12.0707,-0.3,0,2
223587,flyer2,7.50453,6.6548,-0.257013,-0.154739,2
223587,bullet1,14.7737,4.84095,0.8,0,1
223588,flyer1,13.5489,2.78865,-0.295108,-0.0539567,2
223590,flyer4,16.5,7.27956,-0.3,0,2
223591,player,15.4199,5.37816,0.220167,0.154375,1
223591,flyer5,15.3282,4.26462,-0.234364,0.18728,2
223592,flyer2,6.21947,5.8811,-0.257013,-0.154739,2
223593,flyer1,12.0734,2.51887,-0.295108,-0.0539567,2
