359653,player,8.41125,9.11557,0,0,1
359654,bullet1,8.81125,9.11557,0.8,0,1
359655,bullet2,8.81125,9.11557,0.8,0,1
359657,bullet3,8.81125,9.11557,0.8,0,1
359658,player,8.41125,9.11557,0,0,1
359659,bullet1,12.8113,9.11557,0.8,0,1
359660,bullet2,12.8113,9.11557,0.8,0,1
359661,bullet4,8.25353,9.11557,0.8,0,1
359662,bullet3,12.8113,9.11557,0.8,0,1
359663,player,7.80894,9.11557,-0.0138396,0,1
359665,bullet5,7.71053,9.11557,0.8,0,1
359666,bullet4,12.2535,9.11557,0.8,0,1
359667,bullet6,7.6096,9.11557,0.8,0,1
359668,player,7.19551,9.11557,-0.014095,0,1
359670,bullet5,11.7105,9.11557,0.8,0,1
359671,bullet4,16.2535,9.11557,0.8,0,1
359671,bullet1,7.02731,8.55785,0.8,0,1
359672,flyer1,16.5,7.27849,-0.3,0,2
359672,bullet6,11.6096,9.11557,0.8,0,1
359672,bullet2,6.99598,8.5271,0.8,0,1
359673,player,6.58188,8.51326,-0.0140997,-0.0138396,1
359675,bullet5,15.7105,9.11557,0.8,0,1
359676,bullet1,11.0273,8.55785,0.8,0,1
359677,flyer1,15,7.27849,-0.3,0,2
359677,bullet6,15.6096,9.11557,0.8,0,1
359677,bullet2,10.996,8.5271,0.8,0,1
359678,player,7.51037,8.83964,0.351079,0.337245,1
359678,flyer2,16.5,7.27849,-0.3,0,2
359679,bullet3,8.06835,8.9914,0.8,0,1
359681,bullet1,15.0273,8.55785,0.8,0,1
359681,bullet4,7.37144,9.09042,-0.8,-6.99382e-08,1
359682,flyer1,13.5,7.27849,-0.3,0,2
359682,bullet2,14.996,8.5271,0.8,0,1
359683,player,7.79231,8.6211,0.0064784,-0.145652,1
359683,flyer2,15,7.27849,-0.3,0,2
359684,bullet3,12.0684,8.9914,0.8,0,1
359684,bullet5,8.19523,8.55556,0.8,0,1
359686,bullet4,3.37144,9.09042,-0.8,-6.99382e-08,1
359687,flyer1,12,7.27849,-0.3,0,2
359687,bullet6,8.1974,8.50682,0.8,0,1
359688,player,7.79752,8.50413,0.000119545,-0.00268769,1
359688,flyer2,13.5,7.27849,-0.3,0,2
359689,bullet3,16.0684,8.9914,0.8,0,1
359689,bullet5,12.1952,8.55556,0.8,0,1
359690,bullet1,7.70822,8.99175,0.8,0,1
359692,flyer1,10.5,7.27849,-0.3,0,2
359692,bullet6,12.1974,8.50682,0.8,0,1
359693,player,7.1953,9.10428,-0.0138374,0.01379,1
359693,flyer2,12,7.27849,-0.3,0,2
359694,bullet5,16.1952,8.55556,0.8,0,1
359694,bullet2,7.58907,9.11049,0.8,0,1
359695,bullet1,11.7082,8.99175,0.8,0,1
359695,bullet3,7.58627,9.11328,0.8,0,1
359697,flyer1,9,7.27849,-0.3,0,2
359697,bullet6,16.1974,8.50682,0.8,0,1
359698,player,7.18419,9.11536,-0.000255339,0.000254465,1
359698,flyer2,10.5,7.27849,-0.3,0,2
359699,bullet2,11.5891,9.11049,0.8,0,1
359700,bullet1,15.7082,8.99175,0.8,0,1
359700,bullet3,11.5863,9.11328,0.8,0,1
359702,flyer1,7.5,7.27849,-0.3,0,2
359702,bullet4,7.02627,9.11556,0.8,0,1
359703,player,6.59551,9.11556,-0.0307594,4.69559e-06,1
359703,flyer2,9,7.27849,-0.3,0,2
359704,bullet2,15.5891,9.11049,0.8,0,1
359705,bullet3,15.5863,9.11328,0.8,0,1
359707,flyer1,5.99999,7.27849,-0.3,0,2
359707,flyer3,16.5,7.27849,-0.281797,-0.10291,2
359707,bullet4,11.0263,9.11556,0.8,0,1
359708,player,5.96849,8.51325,-0.0144072,-0.0138395,1
359708,flyer2,7.5,7.27849,-0.3,0,2
359708,bullet5,6.36849,8.51325,0.8,0,1
359712,flyer1,4.49999,7.27849,-0.3,0,2
359712,flyer3,15.091,6.76394,-0.281797,-0.10291,2
359712,bullet4,15.0263,9.11556,0.8,0,1
359713,player,4.79689,9.05985,-0.0824492,0.0680884,1
359713,flyer2,5.99999,7.27849,-0.3,0,2
359713,bullet5,10.3685,8.51325,0.8,0,1
359714,bullet6,5.15979,9.09049,0.8,0,1
359715,bullet1,5.1431,9.10428,0.8,0,1
359717,flyer1,2.99999,7.27849,-0.3,0,2
359717,flyer3,13.682,6.24939,-0.281797,-0.10291,2
359718,player,4.39318,9.11453,-0.339021,0.00125642,1
359718,flyer2,4.49999,7.27849,-0.3,0,2
359718,bullet5,14.3685,8.51325,0.8,0,1
359719,bullet6,9.15979,9.09049,0.8,0,1
359720,bullet1,9.1431,9.10428,0.8,0,1
359722,flyer1,1.49999,7.27849,-0.3,0,2
359722,flyer3,12.273,5.73484,-0.281797,-0.10291,2
359723,player,4.72323,9.60491,0.00758371,0.151898,1
359723,flyer2,2.99999,7.27849,-0.3,0,2
359724,bullet6,13.1598,9.09049,0.8,0,1
359725,bullet1,13.1431,9.10428,0.8,0,1
359725,bullet2,5.12818,9.70403,0.8,0,1
359727,flyer1,-6.4373e-06,7.27849,-0.3,0,2
359727,flyer3,10.8641,5.2203,-0.281797,-0.10291,2
359728,player,4.94954,9.16918,-0.269016,-0.0655408,1
359728,flyer2,1.49999,7.27849,-0.3,0,2
359729,bullet3,5.22848,9.13969,0.8,0,1
359730,bullet2,9.12818,9.70403,0.8,0,1
359732,flyer3,9.45506,4.70575,-0.281797,-0.10291,2
359733,player,5.29122,8.55883,0.0633796,-0.0695532,1
359733,flyer2,-6.4373e-06,7.27849,-0.3,0,2
359734,bullet3,9.22848,9.13969,0.8,0,1
359735,flyer4,16.5,7.27849,-0.3,0,2
359735,bullet2,13.1282,9.70403,0.8,0,1
359737,flyer3,8.04608,4.1912,-0.281797,-0.10291,2
359738,player,4.18209,9.10528,-0.0810138,0.0125562,1
359738,bullet4,4.58209,9.10528,0.8,0,1
359739,bullet3,13.2285,9.13969,0.8,0,1
359740,flyer4,15,7.27849,-0.3,0,2
359741,bullet5,4.52184,9.67234,0.8,0,1
359742,flyer3,6.63709,3.67665,-0.281797,-0.10291,2
359743,player,3.62765,9.22831,-0.15337,-0.137804,1
359743,bullet4,8.58209,9.10528,0.8,0,1
359744,bullet6,3.95863,9.1663,0.8,0,1
359745,flyer4,13.5,7.27849,-0.3,0,2
359746,bullet5,8.52184,9.67234,0.8,0,1
359746,bullet1,3.9136,9.12584,0.8,0,1
359747,flyer3,5.22811,3.1621,-0.281797,-0.10291,2
359748,player,3.16698,9.45514,-0.34033,0.334957,1
359748,bullet4,12.5821,9.10528,0.8,0,1
359749,bullet6,7.95863,9.1663,0.8,0,1
359750,flyer4,12,7.27849,-0.3,0,2
359751,bullet5,12.5218,9.67234,0.8,0,1
359751,bullet1,7.9136,9.12584,0.8,0,1
359752,flyer3,3.81912,2.64755,-0.281797,-0.10291,2
359753,player,2.89367,9.72414,-0.00628005,0.0061809,1
359754,bullet6,11.9586,9.1663,0.8,0,1
359755,flyer4,10.5,7.27849,-0.3,0,2
359756,bullet1,11.9136,9.12584,0.8,0,1
359756,bullet2,3.84671,9.17102,0.8,0,1
359757,flyer3,2.41014,2.133,-0.281797,-0.10291,2
359758,player,3.82844,9.12679,0.351224,-0.0137256,1
359759,bullet6,15.9586,9.1663,0.8,0,1
359760,flyer4,9,7.27849,-0.3,0,2
359761,bullet1,15.9136,9.12584,0.8,0,1
359761,bullet2,7.84672,9.17102,0.8,0,1
359762,flyer3,1.00115,1.61846,-0.281797,-0.10291,2
359762,flyer5,16.5,7.27849,-0.3,0,2
359763,player,4.66822,9.67349,0.0748248,0.0680905,1
359765,flyer4,7.5,7.27849,-0.3,0,2
359766,bullet2,11.8467,9.17102,0.8,0,1
359767,flyer3,-0.407831,1.10391,-0.281797,-0.10291,2
359767,flyer5,15,7.27849,-0.3,0,2
359768,player,4.34621,10.0657,-0.281615,0.338756,1
359768,flyer6,16.5,4.26185,-0.3,0,2
359770,flyer4,5.99999,7.27849,-0.3,0,2
359771,bullet2,15.8467,9.17102,0.8,0,1
359772,flyer5,13.5,7.27849,-0.3,0,2
359772,flayer7,16.5,13.7292,-0.235562,-0.18577,2
359773,player,4.65402,10.2248,0.0921743,0.144286,1
359773,flyer6,15,4.26185,-0.3,0,2
359775,flyer4,4.49999,7.27849,-0.3,0,2
359777,flyer5,12,7.27849,-0.3,0,2
359777,flayer7,15.3222,12.8003,-0.235562,-0.18577,2
359778,player,4.17033,9.75219,-0.0666429,-0.0280922,1
359778,flyer6,13.5,4.26185,-0.3,0,2
359778,bullet3,4.57033,9.75219,0.8,0,1
359780,flyer4,2.99999,7.27849,-0.3,0,2
359782,flyer5,10.5,7.27849,-0.3,0,2
359782,flayer7,14.1444,11.8715,-0.235562,-0.18577,2
359782,bullet4,5.00741,9.14168,0.8,0,1
359783,player,4.67453,9.12732,0.067114,-0.014358,1
359783,flyer6,12,4.26185,-0.3,0,2
359783,bullet3,8.57033,9.75219,0.8,0,1
359785,flyer4,1.49999,7.27849,-0.3,0,2
359787,flyer5,9,7.27849,-0.3,0,2
359787,flayer7,12.9666,10.9426,-0.235562,-0.18577,2
359787,bullet4,9.00741,9.14168,0.8,0,1
359788,player,4.72842,9.1158,0.00123844,-0.000264945,1
359788,flyer6,10.5,4.26185,-0.3,0,2
359788,bullet3,12.5703,9.75219,0.8,0,1
359789,bullet5,5.12898,9.11568,0.8,0,1
359790,flyer4,-6.4373e-06,7.27849,-0.3,0,2
359791,bullet6,5.12934,9.1156,0.8,0,1
359792,flyer5,7.5,7.27849,-0.3,0,2
359792,flayer7,11.7888,10.0138,-0.235562,-0.18577,1
359792,bullet4,13.0074,9.14168,0.8,0,1
359793,player,5.21879,9.11559,0.151898,-4.88899e-06,1
359793,flyer6,9,4.26185,-0.3,0,2
359794,bullet5,9.12898,9.11568,0.8,0,1
359796,bullet6,9.12934,9.1156,0.8,0,1
359796,bullet1,4.93175,9.60495,-0.8,-6.99382e-08,1
359797,flyer5,5.99999,7.27849,-0.3,0,2
359797,bullet4,17.0074,9.14168,0.8,0,1
359798,player,5.67828,9.70405,0.340303,0.0307546,1
359798,flyer6,7.5,4.26185,-0.3,0,2
359801,bullet6,13.1293,9.1156,0.8,0,1
359801,bullet1,0.931745,9.60495,-0.8,-6.99382e-08,1
359802,flyer5,4.49999,7.27849,-0.3,0,2
359802,bullet2,6.83466,8.65033,0.8,0,1
359803,player,6.50929,8.56872,0.0746233,-0.0816158,1
359803,flyer6,5.99999,4.26185,-0.3,0,2
359805,bullet3,6.95798,8.51546,0.8,0,1
359807,flyer5,2.99999,7.27849,-0.3,0,2
359807,bullet2,10.8347,8.65033,0.8,0,1
359808,player,6.0115,8.50317,-0.0669667,-0.00150604,1
359808,flyer6,4.49999,4.26185,-0.3,0,2
359810,bullet3,10.958,8.51546,0.8,0,1
359811,bullet5,6.3617,7.94433,0.8,0,1
359812,flyer5,1.49999,7.27849,-0.3,0,2
359812,bullet2,14.8347,8.65033,0.8,0,1
359812,bullet4,5.55895,7.91351,-0.8,-6.99382e-08,1
359813,player,5.95772,7.89964,-0.00123572,-0.0138674,1
359813,flyer6,2.99999,4.26185,-0.3,0,2
359814,bullet1,6.35716,7.8934,0.8,0,1
359815,bullet3,14.958,8.51546,0.8,0,1
359816,bullet5,10.3617,7.94433,0.8,0,1
359817,flyer5,-6.4373e-06,7.27849,-0.3,0,2
359817,bullet4,1.55895,7.91351,-0.8,-6.99382e-08,1
359818,player,5.95672,7.88851,-2.28026e-05,-0.000255893,1
359818,flyer6,1.49999,4.26185,-0.3,0,2
359818,bullet6,6.35672,7.88851,0.8,0,1
359819,bullet1,10.3572,7.8934,0.8,0,1
359821,bullet5,14.3617,7.94433,0.8,0,1
359823,player,7.0038,7.95665,0.220218,-0.083536,1
359823,flyer6,-6.4373e-06,4.26185,-0.3,0,2
359823,bullet6,10.3567,7.88851,0.8,0,1
359824,flayer8,16.5,13.7292,-0.285409,-0.0924203,2
359824,bullet1,14.3572,7.8934,0.8,0,1
359825,flyer1,16.5,13.7292,-0.3,0,2
359827,flyer2,16.5,13.7292,-0.298147,-0.0332961,2
359828,player,6.85699,8.21322,-0.350351,0.352874,1
359828,bullet6,14.3567,7.88851,0.8,0,1
359829,flayer8,15.073,13.267,-0.285409,-0.0924203,2
359830,flyer1,15,13.7292,-0.3,0,2
359831,flyer3,16.5,5.00466,-0.273251,-0.123831,2
359831,bullet2,7.55418,9.03334,0.8,0,1
359832,flyer2,15.0093,13.5627,-0.298147,-0.0332961,2
359833,player,6.68857,8.60954,-0.1445,-0.131524,1
359834,flayer8,13.6459,12.8049,-0.285409,-0.0924203,2
359835,flyer1,13.5,13.7292,-0.3,0,2
359835,bullet3,6.99429,8.03435,0.8,0,1
359836,flyer3,15.1337,4.38551,-0.273251,-0.123831,2
359836,bullet2,11.5542,9.03334,0.8,0,1
359837,flyer2,13.5185,13.3962,-0.298147,-0.0332961,2
359837,bullet4,6.97519,7.91787,0.8,0,1
359838,player,6.57253,7.90161,-0.00266644,-0.0162666,1
359839,flayer8,12.2189,12.3428,-0.285409,-0.0924203,2
359840,flyer1,12,13.7292,-0.3,0,2
359840,bullet3,10.9943,8.03435,0.8,0,1
359841,flyer3,13.7675,3.76635,-0.273251,-0.123831,2
359841,bullet2,15.5542,9.03334,0.8,0,1
359842,flyer2,12.0278,13.2297,-0.298147,-0.0332961,2
359842,bullet4,10.9752,7.91787,0.8,0,1
359843,player,5.52329,7.84395,-0.220268,0.054204,1
359844,flayer8,10.7918,11.8807,-0.285409,-0.0924203,2
359844,bullet5,5.82417,7.86834,0.8,0,1
359845,flyer1,10.5,13.7292,-0.3,0,2
359845,bullet3,14.9943,8.03435,0.8,0,1
359845,bullet1,5.77956,7.87932,0.8,0,1
359846,flyer3,12.4012,3.1472,-0.273251,-0.123831,2
359847,flyer2,10.5371,13.0632,-0.298147,-0.0332961,2
359847,bullet4,14.9752,7.91787,0.8,0,1
359848,player,5.3464,7.88748,-0.00406456,0.00100022,1
359848,bullet6,5.7464,7.88748,0.8,0,1
359849,flayer8,9.36477,11.4186,-0.285409,-0.0924203,2
359849,bullet5,9.82417,7.86834,0.8,0,1
359849,bullet2,5.74457,7.88793,0.8,0,1
359850,flyer1,9,13.7292,-0.3,0,2
359850,bullet1,9.77956,7.87932,0.8,0,1
359851,flyer3,11.035,2.52804,-0.273251,-0.123831,2
359852,flyer2,9.04634,12.8968,-0.298147,-0.0332961,2
359853,player,4.78541,7.88828,-0.0684188,1.84568e-05,1
359853,bullet6,9.7464,7.88748,0.8,0,1
359854,flayer8,7.93773,10.9565,-0.285409,-0.0924203,2
359854,bullet5,13.8242,7.86834,0.8,0,1
359854,bullet2,9.74457,7.88793,0.8,0,1
359855,flyer1,7.5,13.7292,-0.3,0,2
359855,bullet1,13.7796,7.87932,0.8,0,1
359856,flyer3,9.66874,1.90889,-0.273251,-0.123831,2
359857,flyer2,7.55561,12.7303,-0.298147,-0.0332961,2
359858,player,4.46565,7.5508,0.322398,-0.3375,1
359858,bullet6,13.7464,7.88748,0.8,0,1
359859,flayer8,6.51068,10.4944,-0.285409,-0.0924203,2
359859,bullet2,13.7446,7.88793,0.8,0,1
359860,flyer1,5.99999,13.7292,-0.3,0,2
359861,flyer3,8.30248,1.28974,-0.273251,-0.123831,2
359861,bullet3,5.10539,7.29982,0.8,0,1
359862,flyer2,6.06488,12.5638,-0.298147,-0.0332961,2
359863,player,4.72456,6.94226,0.00594915,-0.343728,1
359864,flayer8,5.08363,10.0323,-0.285409,-0.0924203,2
359865,flyer1,4.49999,13.7292,-0.3,0,2
359866,flyer3,6.93623,0.670581,-0.273251,-0.123831,2
359866,bullet3,9.1054,7.29982,0.8,0,1
359867,flyer2,4.57414,12.3973,-0.298147,-0.0332961,2
359868,player,4.17163,5.74024,-0.068234,-0.374597,1
359869,flayer8,3.65659,9.57022,-0.285409,-0.0924203,2
359870,flyer1,2.99999,13.7292,-0.3,0,2
359871,flyer3,5.56998,0.051426,-0.273251,-0.123831,2
359871,bullet3,13.1054,7.29982,0.8,0,1
359871,bullet4,5.0786,6.0194,0.8,0,1
359872,flyer2,3.08341,12.2308,-0.298147,-0.0332961,2
359873,player,4.71914,6.04172,0.0125805,0.00692723,1
359873,bullet5,5.11914,6.04172,0.8,0,1
359874,flayer8,2.22954,9.10812,-0.285409,-0.0924203,2
359874,bullet1,5.1248,6.04484,0.8,0,1
359875,flyer1,1.49999,13.7292,-0.3,0,2
359876,bullet3,17.1054,7.29982,0.8,0,1
359876,bullet4,9.0786,6.0194,0.8,0,1
359877,flyer2,1.59268,12.0644,-0.298147,-0.0332961,2
359878,player,4.17153,6.605,-0.0681116,0.0684716,1
359878,bullet5,9.11914,6.04172,0.8,0,1
359878,bullet6,4.57153,6.605,0.8,0,1
359879,flayer8,0.802494,8.64602,-0.285409,-0.0924203,2
359879,bullet1,9.1248,6.04484,0.8,0,1
359880,flyer1,-6.4373e-06,13.7292,-0.3,0,2
359881,bullet4,13.0786,6.0194,0.8,0,1
359882,flyer2,0.101945,11.8979,-0.298147,-0.0332961,2
359883,player,4.6062,6.65999,0.150618,0.00126349,1
359883,bullet5,13.1191,6.04172,0.8,0,1
359883,bullet6,8.57153,6.605,0.8,0,1
359884,bullet1,13.1248,6.04484,0.8,0,1
359886,flyer4,16.5,5.00466,-0.3,0,2
359886,bullet2,5.1182,6.66093,0.8,0,1
359888,player,4.72716,6.661,0.00277933,2.3315e-05,1
359888,bullet6,12.5715,6.605,0.8,0,1
359889,flayer7,16.5,5.00466,-0.3,0,2
359891,flyer4,15,5.00466,-0.3,0,2
359891,bullet2,9.11821,6.66093,0.8,0,1
359893,player,5.33171,7.82105,0.0138909,0.0821838,1
359893,flyer5,16.5,5.00466,-0.3,0,2
359893,bullet3,5.73171,7.82105,0.8,0,1
359894,flayer7,15,5.00466,-0.3,0,2
359896,flyer4,13.5,5.00466,-0.3,0,2
359896,bullet2,13.1182,6.66093,0.8,0,1
359896,bullet4,5.25266,8.37154,0.8,0,1
359898,player,4.75439,8.47552,-0.0304984,0.0322712,1
359898,flyer5,15,5.00466,-0.3,0,2
359898,bullet3,9.73171,7.82105,0.8,0,1
359898,bullet5,5.15439,8.47552,0.8,0,1
359899,flayer7,13.5,5.00466,-0.3,0,2
359901,flyer4,12,5.00466,-0.3,0,2
359901,bullet4,9.25266,8.37154,0.8,0,1
359902,bullet1,4.57274,7.94313,0.8,0,1
359903,player,4.14142,7.91297,-0.0313175,-0.0301592,1
359903,flyer5,13.5,5.00466,-0.3,0,2
359903,bullet3,13.7317,7.82105,0.8,0,1
359903,bullet5,9.15439,8.47552,0.8,0,1
359904,flayer7,12,5.00466,-0.3,0,2
359906,flyer4,10.5,5.00466,-0.3,0,2
359906,bullet4,13.2527,8.37154,0.8,0,1
359907,bullet1,8.57274,7.94313,0.8,0,1
359908,player,4.11627,7.88875,-0.000577895,-0.000556522,1
359908,flyer5,12,5.00466,-0.3,0,2
359908,bullet5,13.1544,8.47552,0.8,0,1
359909,flayer7,10.5,5.00466,-0.3,0,2
359910,bullet6,4.02652,7.88839,0.8,0,1
359911,flyer4,9,5.00466,-0.3,0,2
359912,bullet1,12.5727,7.94313,0.8,0,1
359913,player,3.5135,7.8883,-0.0138503,-1.02694e-05,1
359913,flyer5,10.5,5.00466,-0.3,0,2
359913,bullet2,3.9135,7.8883,0.8,0,1
359914,flayer7,9,5.00466,-0.3,0,2
359915,bullet6,8.02652,7.88839,0.8,0,1
359916,flyer4,7.5,5.00466,-0.3,0,2
359916,bullet3,3.34548,7.8883,0.8,0,1
359918,player,2.41069,7.39892,-0.16597,-0.151875,1
359918,flyer5,9,5.00466,-0.3,0,2
359918,bullet2,7.9135,7.8883,0.8,0,1
359919,flayer7,7.5,5.00466,-0.3,0,2
359920,bullet6,12.0265,7.88839,0.8,0,1
359921,flyer4,5.99999,5.00466,-0.3,0,2
359921,bullet3,7.34548,7.8883,0.8,0,1
359923,player,2.2774,7.38989,-0.00306262,-0.140838,1
359923,flyer5,7.5,5.00466,-0.3,0,2
359923,bullet2,11.9135,7.8883,0.8,0,1
359924,flayer7,5.99999,5.00466,-0.3,0,2
359925,bullet6,16.0265,7.88839,0.8,0,1
359926,flyer4,4.49999,5.00466,-0.3,0,2
359926,bullet3,11.3455,7.8883,0.8,0,1
359927,bullet4,2.08652,8.35723,0.8,0,1
359928,player,1.67262,8.43682,-0.0138961,0.0795845,1
359928,flyer5,5.99999,5.00466,-0.3,0,2
359928,bullet2,15.9135,7.8883,0.8,0,1
359929,flayer7,4.49999,5.00466,-0.3,0,2
359931,flyer4,2.99999,5.00466,-0.3,0,2
359931,bullet3,15.3455,7.8883,0.8,0,1
359932,bullet4,6.08652,8.35723,0.8,0,1
359933,player,2.484,8.45614,-0.255573,0.0559727,1
359933,flyer5,4.49999,5.00466,-0.3,0,2
359934,flayer7,2.99999,5.00466,-0.3,0,2
359934,bullet5,2.76899,8.48133,0.8,0,1
359936,flyer4,1.49999,5.00466,-0.3,0,2
359936,bullet1,2.69395,8.49776,0.8,0,1
359937,bullet4,10.0865,8.35723,0.8,0,1
359938,player,2.27875,8.50109,-0.00471604,0.00103285,1
359938,flyer5,2.99999,5.00466,-0.3,0,2
359938,bullet6,2.67875,8.50109,0.8,0,1
359939,flayer7,1.49999,5.00466,-0.3,0,2
359939,bullet5,6.76899,8.48133,0.8,0,1
359941,flyer4,-6.4373e-06,5.00466,-0.3,0,2
359941,bullet1,6.69395,8.49776,0.8,0,1
359942,bullet4,14.0865,8.35723,0.8,0,1
359943,player,1.71725,8.47116,-0.0684308,0.0376081,1
359943,flyer5,1.49999,5.00466,-0.3,0,2
359943,bullet6,6.67875,8.50109,0.8,0,1
359944,flayer7,-6.4373e-06,5.00466,-0.3,0,2
359944,bullet5,10.769,8.48133,0.8,0,1
359946,bullet1,10.6939,8.49776,0.8,0,1
359947,bullet2,2.06355,8.50067,0.8,0,1
359948,player,1.99979,8.50136,0.336237,0.000693976,1
359948,flyer5,-6.4373e-06,5.00466,-0.3,0,2
359948,bullet6,10.6788,8.50109,0.8,0,1
359949,bullet5,14.769,8.48133,0.8,0,1
359951,bullet1,14.6939,8.49776,0.8,0,1
359952,flyer6,16.5,5.00466,-0.295779,-0.0501462,2
359952,bullet2,6.06355,8.50067,0.8,0,1
359953,player,1.68134,9.6481,-0.0245502,0.0991112,1
359953,bullet6,14.6788,8.50109,0.8,0,1
359954,flyer3,16.5,3.197,-0.222278,-0.201476,2
359956,flyer1,16.5,3.197,-0.290789,0.0737689,2
359957,flyer6,15.0211,4.75393,-0.295779,-0.0501462,2
359957,bullet2,10.0636,8.50067,0.8,0,1
359957,bullet3,2.03133,10.3143,0.8,0,1
359958,player,1.98529,10.33,0.353962,0.0156685,1
359959,flyer3,15.3886,2.18962,-0.222278,-0.201476,2
359961,flyer1,15.0461,3.56585,-0.290789,0.0737689,2
359961,bullet4,2.6485,10.3417,0.8,0,1
359962,flyer6,13.5422,4.5032,-0.295779,-0.0501462,2
359962,bullet2,14.0636,8.50067,0.8,0,1
359962,bullet3,6.03133,10.3143,0.8,0,1
359963,player,2.26955,10.3426,0.00653159,0.000289128,1
359964,flyer3,14.2772,1.18224,-0.222278,-0.201476,2
359965,bullet5,2.18444,10.8322,0.8,0,1
359966,flyer1,13.5921,3.93469,-0.290789,0.0737689,2
359966,bullet4,6.6485,10.3417,0.8,0,1
359967,flyer6,12.0633,4.25247,-0.295779,-0.0501462,2
359967,bullet3,10.0313,10.3143,0.8,0,1
359967,bullet1,2.0862,10.9313,0.8,0,1
359968,player,1.67248,10.9451,-0.0137191,0.0138449,1
359969,flyer3,13.1658,0.174866,-0.222278,-0.201476,2
359970,bullet5,6.18444,10.8322,0.8,0,1
359971,flyer1,12.1382,4.30353,-0.290789,0.0737689,2
359971,bullet4,10.6485,10.3417,0.8,0,1
359972,flyer6,10.5844,4.00174,-0.295779,-0.0501462,2
359972,bullet3,14.0313,10.3143,0.8,0,1
359972,bullet1,6.0862,10.9313,0.8,0,1
359973,player,1.66146,10.9563,-0.000253156,0.000255478,1
359975,bullet5,10.1844,10.8322,0.8,0,1
359976,flyer1,10.6842,4.67238,-0.290789,0.0737689,2
359976,bullet4,14.6485,10.3417,0.8,0,1
359977,flyer6,9.10552,3.75101,-0.295779,-0.0501462,2
359977,bullet1,10.0862,10.9313,0.8,0,1
359977,bullet6,2.09202,12.1026,0.8,0,1
359978,player,1.6751,12.4847,-0.0169198,0.382099,1
359980,bullet5,14.1844,10.8322,0.8,0,1
359981,flyer1,9.23028,5.04123,-0.290789,0.0737689,2
359982,flyer6,7.62662,3.50028,-0.295779,-0.0501462,2
359982,bullet1,14.0862,10.9313,0.8,0,1
359982,bullet6,6.09202,12.1026,0.8,0,1
359983,player,1.76061,12.7916,-0.121433,0.0070508,1
359985,flayer8,16.5,3.197,-0.278101,-0.112515,2
359986,flyer1,7.77634,5.41007,-0.290789,0.0737689,2
359987,flyer6,6.14773,3.24955,-0.295779,-0.0501462,2
359987,bullet6,10.092,12.1026,0.8,0,1
359988,player,1.77603,12.1949,-0.140276,-0.0137095,1
359988,bullet2,2.17603,12.1949,0.8,0,1
359990,flayer8,15.1095,2.63442,-0.278101,-0.112515,2
359990,bullet3,2.0845,12.186,0.8,0,1
359991,flyer1,6.3224,5.77892,-0.290789,0.0737689,2
359992,flyer6,4.66883,2.99882,-0.295779,-0.0501462,2
359992,bullet6,14.092,12.1026,0.8,0,1
359993,player,1.174,12.1839,-0.154463,-0.000252979,1
359993,bullet2,6.17603,12.1949,0.8,0,1
359995,flayer8,13.719,2.07185,-0.278101,-0.112515,2
359995,bullet3,6.0845,12.186,0.8,0,1
359995,bullet4,1.47321,11.6944,0.8,0,1
359996,flyer1,4.86845,6.14776,-0.290789,0.0737689,2
359997,flyer6,3.18993,2.74809,-0.295779,-0.0501462,2
359998,player,1.38746,11.5814,0.33465,-0.0138443,1
359998,bullet2,10.176,12.1949,0.8,0,1
360000,flayer8,12.3285,1.50927,-0.278101,-0.112515,2
360000,bullet3,10.0845,12.186,0.8,0,1
360000,bullet4,5.47322,11.6944,0.8,0,1
360001,flyer1,3.41451,6.51661,-0.290789,0.0737689,2
360002,flyer6,1.71104,2.49735,-0.295779,-0.0501462,2
360003,player,1.06773,12.7165,-0.0245795,0.098843,1
360003,bullet2,14.176,12.1949,0.8,0,1
360004,bullet5,1.45667,12.761,0.8,0,1
360005,flayer8,10.938,0.946693,-0.278101,-0.112515,2
360005,bullet3,14.0845,12.186,0.8,0,1
360005,bullet4,9.47322,11.6944,0.8,0,1
360006,flyer1,1.96057,6.88545,-0.290789,0.0737689,2
360007,flyer6,0.232141,2.24662,-0.295779,-0.0501462,2
360008,player,0.459521,12.7959,-0.0312082,0.00182393,1
360008,bullet1,0.859521,12.7959,0.8,0,1
360009,bullet5,5.45667,12.761,0.8,0,1
360010,flayer8,9.54748,0.384116,-0.278101,-0.112515,2
360010,bullet4,13.4732,11.6944,0.8,0,1
360010,bullet6,0.839157,12.7971,0.8,0,1
360011,flyer1,0.506621,7.2543,-0.290789,0.0737689,2
360013,player,0.7375,12.4598,0.3375,-0.337466,1
360013,bullet1,4.85952,12.7959,0.8,0,1
360014,bullet5,9.45667,12.761,0.8,0,1
360015,flayer8,8.15697,-0.178461,-0.278101,-0.112515,2
360015,bullet6,4.83916,12.7971,0.8,0,1
360018,player,0.4,12.2196,0,-0.0438163,1
360018,flyer2,16.5,3.197,-0.3,0,2
360018,bullet1,8.85952,12.7959,0.8,0,1
360018,bullet2,0.8,12.2196,0.8,0,1
360019,bullet5,13.4567,12.761,0.8,0,1
360020,bullet6,8.83916,12.7971,0.8,0,1
360023,player,0.4,12.1844,0,-0.000808533,1
360023,flyer2,15,3.197,-0.3,0,2
360023,bullet1,12.8595,12.7959,0.8,0,1
360023,bullet2,4.8,12.2196,0.8,0,1
360023,bullet3,0.8,12.1844,0.8,0,1
360025,bullet6,12.8392,12.7971,0.8,0,1
360028,player,0.7375,12.5213,0.3375,0.337485,1
360028,flyer2,13.5,3.197,-0.3,0,2
360028,bullet2,8.8,12.2196,0.8,0,1
360028,bullet3,4.8,12.1844,0.8,0,1
360030,flyer4,16.5,9.65312,-0.3,0,2
360031,bullet4,0.899099,12.7722,0.8,0,1
360033,player,0.420068,12.7923,-0.0245269,0.00622755,1
360033,flyer2,12,3.197,-0.3,0,2
360033,bullet2,12.8,12.2196,0.8,0,1
360033,bullet3,8.8,12.1844,0.8,0,1
360035,flyer4,15,9.65312,-0.3,0,2
360035,bullet5,1.29344,12.7963,0.8,0,1
360036,bullet4,4.8991,12.7722,0.8,0,1
360038,player,1.49206,12.3079,0.165262,-0.15176,1
360038,flyer2,10.5,3.197,-0.3,0,2
360038,bullet3,12.8,12.1844,0.8,0,1
360040,flyer4,13.5,9.65312,-0.3,0,2
360040,bullet5,5.29344,12.7963,0.8,0,1
360041,bullet4,8.8991,12.7722,0.8,0,1
360041,bullet1,2.01495,11.6373,0.8,0,1
360043,player,2.11415,11.5837,0.154925,-0.01664,1
360043,flyer2,9,3.197,-0.3,0,2
360045,flyer4,12,9.65312,-0.3,0,2
360045,bullet5,9.29344,12.7963,0.8,0,1
360045,bullet6,3.10462,11.0835,0.8,0,1
360046,bullet4,12.8991,12.7722,0.8,0,1
360046,bullet1,6.01495,11.6373,0.8,0,1
360048,player,2.84088,10.968,0.0166984,-0.0141467,1
360048,flyer2,7.5,3.197,-0.3,0,2
360050,flyer4,10.5,9.65312,-0.3,0,2
360050,bullet5,13.2934,12.7963,0.8,0,1
360050,bullet6,7.10462,11.0835,0.8,0,1
360051,bullet1,10.015,11.6373,0.8,0,1
360051,bullet2,3.2533,10.9575,0.8,0,1
360053,player,3.34367,10.4673,0.152183,-0.152136,1
360053,flyer2,5.99999,3.197,-0.3,0,2
360054,bullet3,3.81215,10.3988,0.8,0,1
360055,flyer4,9,9.65312,-0.3,0,2
360055,bullet6,11.1046,11.0835,0.8,0,1
360056,bullet1,14.015,11.6373,0.8,0,1
360056,bullet2,7.2533,10.9575,0.8,0,1
360058,player,2.87741,10.4442,-0.0279465,-0.123928,1
360058,flyer2,4.49999,3.197,-0.3,0,2
360060,flyer4,7.5,9.65312,-0.3,0,1
360060,bullet6,15.1046,11.0835,0.8,0,1
360061,bullet2,11.2533,10.9575,0.8,0,1
360062,bullet4,3.84396,11.4248,0.8,0,1
360063,player,3.45728,11.5047,0.0133239,0.0798965,1
360063,flyer2,2.99999,3.197,-0.3,0,2
360064,bullet5,3.86328,11.5407,0.8,0,1
360065,flyer4,5.99999,9.65312,-0.3,0,1
360066,bullet2,15.2533,10.9575,0.8,0,1
360067,bullet4,7.84396,11.4248,0.8,0,1
360067,bullet1,3.62546,11.0097,-0.8,-6.99382e-08,1
360068,player,4.05646,10.9804,0.0310006,-0.0292804,1
360068,flyer2,1.49999,3.197,-0.3,0,2
360069,bullet5,7.86328,11.5407,0.8,0,1
360070,flyer4,4.49999,9.65312,-0.3,0,1
360071,bullet3,4.47951,10.9587,0.8,0,1
360072,bullet4,11.844,11.4248,0.8,0,1
360072,bullet1,-0.374544,11.0097,-0.8,-6.99382e-08,1
360073,player,4.08135,10.9569,0.000572047,-0.000540305,1
360073,flyer2,-6.4373e-06,3.197,-0.3,0,2
360074,bullet5,11.8633,11.5407,0.8,0,1
360075,flyer4,2.99999,9.65312,-0.3,0,1
360075,bullet6,3.99235,11.4459,0.8,0,1
360076,bullet3,8.47951,10.9587,0.8,0,1
360077,bullet4,15.844,11.4248,0.8,0,1
360078,player,3.4795,11.5588,-0.0138291,0.0138296,1
360078,bullet2,3.8795,11.5588,0.8,0,1
360079,bullet5,15.8633,11.5407,0.8,0,1
360080,flyer4,1.49999,9.65312,-0.3,0,1
360080,bullet6,7.99235,11.4459,0.8,0,1
360081,bullet3,12.4795,10.9587,0.8,0,1
360083,player,4.05687,12.0593,0.0304995,0.15213,1
360083,bullet2,7.8795,11.5588,0.8,0,1
360084,bullet1,3.67059,12.1277,-0.8,-6.99382e-08,1
360085,flyer4,-6.4373e-06,9.65312,-0.3,0,1
360085,bullet6,11.9924,11.4459,0.8,0,1
360087,flayer7,16.5,3.197,-0.3,0,2
360088,player,3.25448,12.3333,-0.488812,-0.182818,1
360088,bullet2,11.8795,11.5588,0.8,0,1
360089,bullet1,-0.329409,12.1277,-0.8,-6.99382e-08,1
360090,flyer5,16.5,9.65312,-0.298571,0.0292489,2
360090,bullet6,15.9924,11.4459,0.8,0,1
360091,flyer3,16.5,0.799933,-0.3,0,2
360092,flayer7,15,3.197,-0.3,0,2
360092,bullet4,3.27095,12.1899,0.8,0,1
360093,player,2.86193,12.1865,-0.00901996,-0.0033735,1
360093,bullet2,15.8795,11.5588,0.8,0,1
360094,bullet5,3.25787,12.185,0.8,0,1
360095,flyer5,15.0071,9.79937,-0.298571,0.0292489,2
360095,bullet3,3.25604,12.1843,0.8,0,1
360096,flyer3,15,0.799933,-0.3,0,2
360097,flayer7,13.5,3.197,-0.3,0,2
360097,bullet4,7.27095,12.1899,0.8,0,1
360097,bullet1,2.45485,12.1838,-0.8,-6.99382e-08,1
360098,player,2.85468,12.1838,-0.000166444,-6.22506e-05,1
360099,bullet5,7.25787,12.185,0.8,0,1
360100,flyer5,13.5143,9.94561,-0.298571,0.0292489,2
360100,bullet3,7.25604,12.1843,0.8,0,1
360101,flyer3,13.5,0.799933,-0.3,0,2
360102,flayer7,12,3.197,-0.3,0,2
360102,bullet4,11.2709,12.1899,0.8,0,1
360102,bullet6,3.25455,12.1837,0.8,0,1
360103,player,2.85455,12.1837,-3.07135e-06,-1.1487e-06,1
360104,bullet5,11.2579,12.185,0.8,0,1
360105,flyer5,12.0214,10.0919,-0.298571,0.0292489,2
360105,bullet3,11.256,12.1843,0.8,0,1
360106,flyer3,12,0.799933,-0.3,0,2
360107,flayer7,10.5,3.197,-0.3,0,2
360107,bullet4,15.2709,12.1899,0.8,0,1
360107,bullet6,7.25455,12.1837,0.8,0,1
360108,player,2.85455,11.5814,-5.66751e-08,-0.0138396,1
360109,bullet5,15.2579,12.185,0.8,0,1
360110,flyer5,10.5286,10.2381,-0.298571,0.0292489,2
360110,bullet3,15.256,12.1843,0.8,0,1
360110,bullet2,3.25455,11.5724,0.8,0,1
360111,flyer3,10.5,0.799933,-0.3,0,2
360111,bullet1,3.25455,11.5711,0.8,0,1
360112,flayer7,9,3.197,-0.3,0,2
360112,bullet6,11.2546,12.1837,0.8,0,1
360113,player,2.85455,11.5703,-1.04581e-09,-0.00025538,1
360113,bullet4,3.25455,11.5703,0.8,0,1
360115,flyer5,9.03573,10.3843,-0.298571,0.0292489,2
360115,bullet2,7.25455,11.5724,0.8,0,1
360116,flyer3,9,0.799933,-0.3,0,2
360116,bullet1,7.25455,11.5711,0.8,0,1
360117,flayer7,7.5,3.197,-0.3,0,2
360117,bullet6,15.2546,12.1837,0.8,0,1
360118,player,3.34392,11.722,0.151875,-0.18563,1
360118,bullet4,7.25455,11.5703,0.8,0,1
360120,flyer5,7.54288,10.5306,-0.298571,0.0292489,2
360120,bullet2,11.2545,11.5724,0.8,0,1
360120,bullet5,3.84302,11.6008,0.8,0,1
360121,flyer3,7.5,0.799933,-0.3,0,2
360121,bullet1,11.2545,11.5711,0.8,0,1
360122,flayer7,5.99999,3.197,-0.3,0,2
360123,player,2.90817,11.0152,-0.0655412,-0.0717691,1
360123,bullet4,11.2545,11.5703,0.8,0,1
360125,flyer5,6.05003,10.6768,-0.298571,0.0292489,2
360125,bullet2,15.2545,11.5724,0.8,0,1
360125,bullet5,7.84302,11.6008,0.8,0,1
360126,flyer3,5.99999,0.799933,-0.3,0,2
360126,bullet1,15.2545,11.5711,0.8,0,1
360127,flayer7,4.49999,3.197,-0.3,0,2
360128,player,2.85554,11.1094,-0.00120942,-0.186949,1
360128,bullet4,15.2545,11.5703,0.8,0,1
360130,flyer5,4.55717,10.8231,-0.298571,0.0292489,2
360130,bullet5,11.843,11.6008,0.8,0,1
360130,bullet3,3.25475,10.9874,0.8,0,1
360131,flyer3,4.49999,0.799933,-0.3,0,2
360132,flayer7,2.99999,3.197,-0.3,0,2
360132,bullet6,3.25459,10.9627,0.8,0,1
360133,player,2.85456,10.9593,-2.23172e-05,-0.00344974,1
