446008,player,1.5211,9.7095,0,0,1
446009,bullet1,1.9211,9.7095,0.8,0,1
446013,player,1.6202,10.7873,-0.12112,0.18263,1
446013,bullet2,1.2202,10.7873,-0.8,-6.99382e-08,1
446014,bullet1,5.9211,9.7095,0.8,0,1
446017,bullet3,1.36745,10.9306,0.8,0,1
446018,player,0.934456,10.934,-0.0329897,0.00337003,1
446019,bullet1,9.9211,9.7095,0.8,0,1
446019,bullet4,0.51961,10.9355,-0.8,-6.99382e-08,1
446020,bullet5,1.31293,10.9362,0.8,0,1
446022,bullet3,5.36745,10.9306,0.8,0,1
446022,bullet6,1.30857,10.9367,0.8,0,1
446023,player,0.570462,10.5992,-0.338109,-0.337438,1
446024,bullet1,13.9211,9.7095,0.8,0,1
446025,bullet5,5.31293,10.9362,0.8,0,1
446027,bullet3,9.36745,10.9306,0.8,0,1
446027,bullet6,5.30857,10.9367,0.8,0,1
446028,player,0.396231,10.3282,-0.00116982,-0.00622668,1
446028,flyer1,16.5,13.0933,-0.287484,0.0857498,2
446030,bullet5,9.31293,10.9362,0.8,0,1
446032,bullet3,13.3674,10.9306,0.8,0,1
446032,bullet6,9.30857,10.9367,0.8,0,1
446032,bullet2,1.94151,10.3541,0.8,0,1
446033,player,1.58608,10.3371,0.0445727,-0.01703,1
446033,flyer1,15.0626,13.522,-0.287484,0.0857498,2
446035,bullet5,13.3129,10.9362,0.8,0,1
446037,bullet6,13.3086,10.9367,0.8,0,1
446037,bullet2,5.94151,10.3541,0.8,0,1
446038,player,1.0334,9.83401,-0.0299322,-0.152189,1
446038,flyer1,13.6252,13.9508,-0.287484,0.0857498,2
446039,flyer2,16.5,13.0933,-0.3,0,2
446039,bullet4,1.41993,9.76553,0.8,0,1
446042,bullet2,9.94151,10.3541,0.8,0,1
446043,player,0.420889,8.97145,-0.031307,0.152062,1
446043,flyer1,12.1877,14.3795,-0.287484,0.0857498,2
446044,flyer2,15,13.0933,-0.3,0,2
446044,bullet4,5.41993,9.76553,0.8,0,1
446047,bullet2,13.9415,10.3541,0.8,0,1
446047,bullet1,0.8,8.60138,0.8,0,1
446048,player,0.4,8.53585,0,-0.0655378,1
446048,flyer1,10.7503,14.8083,-0.287484,0.0857498,2
446049,flyer2,13.5,13.0933,-0.3,0,2
446049,bullet4,9.41993,9.76553,0.8,0,1
446052,bullet1,4.8,8.60138,0.8,0,1
446053,player,0.889375,8.98642,0.151875,0.133751,1
446053,flyer1,9.3129,15.237,-0.287484,0.0857498,2
446054,flyer2,12,13.0933,-0.3,0,2
446054,bullet4,13.4199,9.76553,0.8,0,1
446057,bullet1,8.8,8.60138,0.8,0,1
446057,bullet3,1.40854,9.58075,0.8,0,1
446058,player,1.01134,9.65156,0.00280252,0.0708118,1
446058,flyer1,7.87548,15.6658,-0.287484,0.0857498,2
446059,flyer2,10.5,13.0933,-0.3,0,2
446059,bullet5,1.4126,9.68342,0.8,0,1
446060,bullet6,1.41317,9.69776,0.8,0,1
446062,bullet1,12.8,8.60138,0.8,0,1
446062,bullet3,5.40854,9.58075,0.8,0,1
446063,player,0.861719,10.5353,0.185677,0.490682,1
446063,flyer1,6.43806,16.0945,-0.287484,0.0857498,2
446064,flyer2,9,13.0933,-0.3,0,2
446064,bullet5,5.4126,9.68342,0.8,0,1
446065,bullet6,5.41317,9.69776,0.8,0,1
446067,bullet3,9.40854,9.58075,0.8,0,1
446067,bullet2,1.40741,10.9203,0.8,0,1
446068,player,1.01083,10.9294,0.00342626,0.00905446,1
446069,flyer2,7.5,13.0933,-0.3,0,2
446069,bullet5,9.41261,9.68342,0.8,0,1
446070,bullet6,9.41317,9.69776,0.8,0,1
446072,bullet3,13.4085,9.58075,0.8,0,1
446072,bullet2,5.40741,10.9203,0.8,0,1
446073,player,1.01359,10.9505,6.32241e-05,-0.016748,1
446074,flyer2,5.99999,13.0933,-0.3,0,2
446074,bullet5,13.4126,9.68342,0.8,0,1
446075,bullet6,13.4132,9.69776,0.8,0,1
446076,bullet4,1.41363,10.938,0.8,0,1
446077,bullet2,9.40741,10.9203,0.8,0,1
446078,player,1.01364,10.937,1.16666e-06,-0.000309048,1
446079,flyer2,4.49999,13.0933,-0.3,0,2
446079,flyer3,16.5,13.0933,-0.298095,-0.0337513,2
446081,bullet4,5.41363,10.938,0.8,0,1
446082,bullet2,13.4074,10.9203,0.8,0,1
446083,player,0.4,12.0285,0,0.165709,1
446083,bullet1,0.8,12.0285,0.8,0,1
446084,flyer2,2.99999,13.0933,-0.3,0,2
446084,flyer3,15.0095,12.9245,-0.298095,-0.0337513,2
446086,bullet4,9.41363,10.938,0.8,0,1
446088,player,0.4,11.7933,0,-0.296853,1
446088,bullet1,4.8,12.0285,0.8,0,1
446089,flyer2,1.49999,13.0933,-0.3,0,2
446089,flyer3,13.519,12.7558,-0.298095,-0.0337513,2
446091,bullet4,13.4136,10.938,0.8,0,1
446093,player,0.4,12.1126,0,0.062866,1
446093,bullet1,8.8,12.0285,0.8,0,1
446094,flyer2,-6.4373e-06,13.0933,-0.3,0,2
446094,flyer3,12.0286,12.587,-0.298095,-0.0337513,2
446095,flyer4,16.5,13.0933,-0.3,0,2
446096,bullet3,0.8,11.67,0.8,0,1
446098,player,0.4,11.2371,-0,-0.367095,1
446099,flyer3,10.5381,12.4182,-0.298095,-0.0337513,1
446099,bullet5,0.8,11.0719,0.8,0,1
446100,flyer4,15,13.0933,-0.3,0,2
446101,bullet3,4.8,11.67,0.8,0,1
446103,player,0.889375,11.4317,0.151875,0.145101,1
446103,bullet6,1.28938,11.4317,0.8,0,1
446104,flyer3,9.04761,12.2495,-0.298095,-0.0337513,1
446104,bullet5,4.8,11.0719,0.8,0,1
446105,flyer4,13.5,13.0933,-0.3,0,2
446106,bullet2,0.912938,11.5396,0.8,0,1
446108,player,0.42287,11.5482,-0.0279522,0.00267752,1
446108,bullet6,5.28938,11.4317,0.8,0,1
446108,bullet4,0.82287,11.5482,0.8,0,1
446109,bullet5,8.8,11.0719,0.8,0,1
446110,flyer4,12,13.0933,-0.3,0,2
446111,bullet2,4.91294,11.5396,0.8,0,1
446113,player,0.4,11.6495,0,-0.121071,1
446113,bullet6,9.28938,11.4317,0.8,0,1
446113,bullet4,4.82287,11.5482,0.8,0,1
446114,bullet5,12.8,11.0719,0.8,0,1
446115,flyer4,10.5,13.0933,-0.3,0,2
446116,bullet2,8.91294,11.5396,0.8,0,1
446118,player,0.4,12.0416,0,0.149641,1
446118,bullet6,13.2894,11.4317,0.8,0,1
446118,bullet4,8.82287,11.5482,0.8,0,1
446120,flyer4,9,13.0933,-0.3,0,2
446121,bullet2,12.9129,11.5396,0.8,0,1
446122,flyer5,16.5,13.0933,-0.3,0,2
446123,player,0.836599,12.5984,0.21638,0.219141,1
446123,bullet4,12.8229,11.5482,0.8,0,1
446125,flyer4,7.5,13.0933,-0.3,0,2
446126,flyer6,16.5,8.27253,-0.287429,0.0859345,2
446127,flyer5,15,13.0933,-0.3,0,2
446128,player,1.59884,13.3629,0.0347475,0.0347985,1
446128,flayer7,16.5,3.93294,-0.3,0,2
446130,flyer4,5.99999,13.0933,-0.3,0,2
446130,bullet1,1.53214,13.8749,0.8,0,1
446131,flyer6,15.0629,8.7022,-0.287429,0.0859345,2
446132,flyer5,13.5,13.0933,-0.3,0,2
446133,player,1.51381,13.8412,0.138677,0.200107,1
446133,flayer7,15,3.93294,-0.3,0,2
446135,flyer4,4.49999,13.0933,-0.3,0,1
446135,bullet3,2.0043,13.9718,0.8,0,1
446136,flyer6,13.6257,9.13187,-0.287429,0.0859345,2
446136,bullet5,2.01693,13.99,0.8,0,1
446137,flyer5,12,13.0933,-0.3,0,2
446138,player,1.62518,14.0019,0.00255897,0.00369253,1
446138,flayer7,13.5,3.93294,-0.3,0,2
446141,flyer6,12.1886,9.56155,-0.287429,0.0859345,2
446141,bullet5,6.01693,13.99,0.8,0,1
446142,flyer5,10.5,13.0933,-0.3,0,2
446143,player,3.3074,14.5081,0.196517,0.135028,1
446143,flayer7,12,3.93294,-0.3,0,2
446145,bullet6,3.83562,14.5962,0.8,0,1
446146,flyer6,10.7514,9.99122,-0.287429,0.0859345,2
446146,bullet2,3.85353,14.6085,0.8,0,1
446147,flyer5,9,13.0933,-0.3,0,1
446148,player,3.46522,14.6166,0.00362628,0.00249165,1
446148,flayer7,10.5,3.93294,-0.3,0,2
446150,bullet6,7.83563,14.5962,0.8,0,1
446151,flyer6,9.31428,10.4209,-0.287429,0.0859345,2
446151,bullet2,7.85353,14.6085,0.8,0,1
446152,flyer5,7.5,13.0933,-0.3,0,1
446153,player,2.39028,15.6,-0.182563,0,1
446153,flayer7,9,3.93294,-0.3,0,2
446153,bullet4,2.79028,15.6,0.8,0,1
446155,bullet6,11.8356,14.5962,0.8,0,1
446156,flyer6,7.87714,10.8506,-0.287429,0.0859345,2
446156,bullet2,11.8535,14.6085,0.8,0,1
446157,flyer5,5.99999,13.0933,-0.3,0,1
446157,bullet1,2.15766,15.6,0.8,0,1
446158,player,1.68595,15.6,-0.0717125,0,1
446158,flayer7,7.5,3.93294,-0.3,0,2
446158,bullet4,6.79028,15.6,0.8,0,1
446160,bullet6,15.8356,14.5962,0.8,0,1
446161,flyer6,6.43999,11.2802,-0.287429,0.0859345,2
446161,bullet2,15.8535,14.6085,0.8,0,1
446162,flyer5,4.49999,13.0933,-0.3,0,1
446162,bullet1,6.15766,15.6,0.8,0,1
446162,bullet3,1.47196,15.0423,0.8,0,1
446163,player,1.03988,15.0115,-0.032078,-0.0307547,1
446163,flayer7,5.99999,3.93294,-0.3,0,2
446163,bullet4,10.7903,15.6,0.8,0,1
446166,flyer6,5.00285,11.7099,-0.287429,0.0859345,2
446167,flyer5,2.99999,13.0933,-0.3,0,1
446167,bullet1,10.1577,15.6,0.8,0,1
446167,bullet3,5.47196,15.0423,0.8,0,1
446167,bullet5,1.90409,14.498,0.8,0,1
446168,player,1.57184,14.4291,0.0677518,-0.0689113,1
446168,flayer7,4.49999,3.93294,-0.3,0,2
446168,bullet4,14.7903,15.6,0.8,0,1
446171,flyer6,3.5657,12.1396,-0.287429,0.0859345,2
446172,flyer5,1.49999,13.0933,-0.3,0,1
446172,bullet1,14.1577,15.6,0.8,0,1
446172,bullet3,9.47196,15.0423,0.8,0,1
446172,bullet5,5.90409,14.498,0.8,0,1
446173,player,1.62625,14.3738,0.00125021,-0.00127161,1
446173,flayer7,2.99999,3.93294,-0.3,0,2
446174,bullet6,2.02681,14.3732,0.8,0,1
446176,flyer6,2.12856,12.5693,-0.287429,0.0859345,2
446176,bullet2,2.02718,14.3728,0.8,0,1
446177,flyer5,-6.4373e-06,13.0933,-0.3,0,1
446177,bullet3,13.472,15.0423,0.8,0,1
446177,bullet5,9.90409,14.498,0.8,0,1
446178,player,1.13788,14.8621,-0.151852,0.151852,1
446178,flayer7,1.49999,3.93294,-0.3,0,2
446179,bullet6,6.02681,14.3732,0.8,0,1
446181,flyer6,0.691416,12.9989,-0.287429,0.0859345,2
446181,bullet2,6.02718,14.3728,0.8,0,1
446182,bullet5,13.9041,14.498,0.8,0,1
446183,player,1.61824,14.3818,0.0110375,-0.0110375,1
446183,flayer7,-6.4373e-06,3.93294,-0.3,0,2
446184,bullet6,10.0268,14.3732,0.8,0,1
446186,flayer8,16.5,3.93294,-0.279532,-0.108911,2
446186,bullet2,10.0272,14.3728,0.8,0,1
446187,flyer1,16.5,3.93294,-0.3,0,2
446187,bullet4,1.2269,13.7846,-0.8,-6.99382e-08,1
446188,player,1.62711,13.7706,0.000203673,-0.0140433,1
446189,bullet6,14.0268,14.3732,0.8,0,1
446189,bullet1,2.0272,13.7643,0.8,0,1
446191,flayer8,15.1023,3.38838,-0.279532,-0.108911,2
446191,bullet2,14.0272,14.3728,0.8,0,1
446192,flyer1,15,3.93294,-0.3,0,2
446193,player,2.18499,13.2016,0.0683475,-0.0686029,1
446193,bullet3,2.58499,13.2016,0.8,0,1
446194,bullet1,6.0272,13.7643,0.8,0,1
446194,bullet5,2.61575,13.1707,0.8,0,1
446196,flayer8,13.7047,2.84383,-0.279532,-0.108911,2
446197,flyer1,13.5,3.93294,-0.3,0,2
446197,bullet4,3.12799,12.6584,0.8,0,1
446198,player,2.7976,12.5888,0.069605,-0.0696097,1
446198,bullet3,6.58499,13.2016,0.8,0,1
446199,bullet1,10.0272,13.7643,0.8,0,1
446199,bullet5,6.61575,13.1707,0.8,0,1
446201,flayer8,12.307,2.29927,-0.279532,-0.108911,2
446202,flyer1,12,3.93294,-0.3,0,2
446202,bullet4,7.12799,12.6584,0.8,0,1
446203,player,2.8089,13.1352,0.0557885,0.0125551,1
446203,bullet3,10.585,13.2016,0.8,0,1
446204,bullet1,14.0272,13.7643,0.8,0,1
446204,bullet5,10.6157,13.1707,0.8,0,1
446206,flayer8,10.9094,1.75472,-0.279532,-0.108911,2
446207,flyer1,10.5,3.93294,-0.3,0,2
446207,bullet4,11.128,12.6584,0.8,0,1
446207,bullet6,2.6642,12.5566,0.8,0,1
446208,player,2.25139,12.5429,-0.0128102,-0.0136079,1
446208,bullet3,14.585,13.2016,0.8,0,1
446209,bullet5,14.6157,13.1707,0.8,0,1
446211,flayer8,9.51169,1.21016,-0.279532,-0.108911,2
446211,bullet2,1.28415,13.0905,-0.8,-6.99382e-08,1
446212,flyer1,9,3.93294,-0.3,0,2
446212,bullet4,15.128,12.6584,0.8,0,1
446212,bullet6,6.6642,12.5566,0.8,0,1
446213,player,1.63879,13.4718,-0.014076,0.351088,1
446215,flyer2,16.5,3.93294,-0.237522,-0.183258,2
446216,flayer8,8.11403,0.665602,-0.279532,-0.108911,2
446217,flyer1,7.5,3.93294,-0.3,0,2
446217,bullet6,10.6642,12.5566,0.8,0,1
446218,player,1.02517,14.9138,-0.0140994,0.0886619,1
446218,bullet1,1.42517,14.9138,0.8,0,1
446220,flyer2,15.3124,3.01665,-0.237522,-0.183258,2
446221,flayer8,6.71637,0.121045,-0.279532,-0.108911,2
446221,bullet3,1.90406,14.4904,0.8,0,1
446222,flyer1,5.99999,3.93294,-0.3,0,2
446222,bullet6,14.6642,12.5566,0.8,0,1
446223,player,1.60232,14.3965,0.0304945,-0.0291186,1
446223,bullet1,5.42517,14.9138,0.8,0,1
446225,flyer2,14.1248,2.10036,-0.237522,-0.183258,2
446226,flayer8,5.3187,-0.423512,-0.279532,-0.108911,2
446226,bullet3,5.90406,14.4904,0.8,0,1
446226,bullet5,2.025,13.8172,0.8,0,1
446227,flyer1,4.49999,3.93294,-0.3,0,2
446228,player,1.62681,13.7708,0.000562709,-0.0143769,1
446228,bullet1,9.42517,14.9138,0.8,0,1
446228,bullet4,2.02681,13.7708,0.8,0,1
446230,flyer2,12.9372,1.18407,-0.237522,-0.183258,2
446231,bullet3,9.90406,14.4904,0.8,0,1
446231,bullet5,6.025,13.8172,0.8,0,1
446232,flyer1,2.99999,3.93294,-0.3,0,2
446233,player,1.62726,13.7593,1.03836e-05,-0.000265295,1
446233,bullet1,13.4252,14.9138,0.8,0,1
446233,bullet4,6.02681,13.7708,0.8,0,1
446235,flyer2,11.7496,0.267785,-0.237522,-0.183258,2
446236,bullet3,13.9041,14.4904,0.8,0,1
446236,bullet5,10.025,13.8172,0.8,0,1
446237,flyer1,1.49999,3.93294,-0.3,0,2
446237,bullet2,2.02727,13.7591,0.8,0,1
446238,player,1.62727,13.7591,1.91606e-07,-4.89543e-06,1
446238,bullet4,10.0268,13.7708,0.8,0,1
446241,bullet5,14.025,13.8172,0.8,0,1
446242,flyer1,-6.4373e-06,3.93294,-0.3,0,2
446242,bullet2,6.02727,13.7591,0.8,0,1
446243,player,2.18499,13.2014,0.0683438,-0.0683438,1
446243,bullet4,14.0268,13.7708,0.8,0,1
446243,bullet6,2.58499,13.2014,0.8,0,1
446245,flyer3,16.5,3.93294,-0.24071,-0.17905,2
446246,flyer4,16.5,7.44205,-0.3,0,2
446247,bullet2,10.0273,13.7591,0.8,0,1
446248,player,2.23988,12.558,0.00126113,-0.0320158,1
446248,bullet6,6.58499,13.2014,0.8,0,1
446248,bullet1,2.63988,12.558,0.8,0,1
446250,flyer3,15.2965,3.03769,-0.24071,-0.17905,2
446251,flyer4,15,7.44205,-0.3,0,2
446251,bullet3,3.13019,12.5342,0.8,0,1
446252,bullet2,14.0273,13.7591,0.8,0,1
446253,player,2.82936,12.5323,0.030778,-0.000590782,1
446253,bullet6,10.585,13.2014,0.8,0,1
446253,bullet1,6.63988,12.558,0.8,0,1
446255,flyer3,14.0929,2.14244,-0.24071,-0.17905,2
446255,bullet5,3.24945,12.5319,0.8,0,1
446256,flyer4,13.5,7.44205,-0.3,0,2
446256,bullet3,7.13019,12.5342,0.8,0,1
446258,player,2.85408,13.0212,0.00056794,0.151864,1
446258,bullet6,14.585,13.2014,0.8,0,1
446258,bullet1,10.6399,12.558,0.8,0,1
446260,flyer3,12.8894,1.24719,-0.24071,-0.17905,2
446260,bullet5,7.24945,12.5319,0.8,0,1
446261,flyer4,12,7.44205,-0.3,0,2
446261,bullet3,11.1302,12.5342,0.8,0,1
446261,bullet4,3.74388,13.6235,0.8,0,1
446263,player,3.44301,13.7316,0.0307652,0.033557,1
446263,bullet1,14.6399,12.558,0.8,0,1
446265,flyer3,11.6858,0.351941,-0.24071,-0.17905,2
446265,bullet5,11.2494,12.5319,0.8,0,1
446266,flyer4,10.5,7.44205,-0.3,0,2
446266,bullet3,15.1302,12.5342,0.8,0,1
446266,bullet4,7.74388,13.6235,0.8,0,1
446268,player,4.89691,13.534,0.503782,-0.474916,1
446270,flyer5,16.5,10.8304,-0.3,0,2
446270,bullet5,15.2494,12.5319,0.8,0,1
446270,bullet2,5.62562,13.2241,0.8,0,1
446271,flyer4,9,7.44205,-0.3,0,2
446271,bullet4,11.7439,13.6235,0.8,0,1
446271,bullet6,5.67153,13.1808,0.8,0,1
446273,player,5.30149,13.1526,0.0092962,-0.00876354,1
446275,flyer5,15,10.8304,-0.3,0,2
446275,bullet2,9.62563,13.2241,0.8,0,1
446275,bullet1,5.70755,13.1469,0.8,0,1
446276,flyer4,7.5,7.44205,-0.3,0,2
446276,bullet4,15.7439,13.6235,0.8,0,1
446276,bullet6,9.67153,13.1808,0.8,0,1
446277,bullet3,5.70878,13.1457,0.8,0,1
446278,player,4.97145,13.4831,-0.337328,0.337338,1
446280,flyer5,13.5,10.8304,-0.3,0,2
446280,bullet2,13.6256,13.2241,0.8,0,1
446280,bullet1,9.70755,13.1469,0.8,0,1
446281,flyer4,5.99999,7.44205,-0.3,0,2
446281,bullet6,13.6715,13.1808,0.8,0,1
446282,bullet3,9.70878,13.1457,0.8,0,1
446283,player,4.70055,12.6078,-0.00622466,-0.0928736,1
446284,bullet5,4.29775,12.566,-0.8,-6.99382e-08,1
446285,flyer5,12,10.8304,-0.3,0,2
446285,bullet1,13.7076,13.1469,0.8,0,1
446286,flyer4,4.49999,7.44205,-0.3,0,2
446287,bullet3,13.7088,13.1457,0.8,0,1
446287,bullet4,5.09566,12.5349,0.8,0,1
446288,player,4.35805,12.8707,-0.337615,0.335786,1
446289,bullet5,0.297747,12.566,-0.8,-6.99382e-08,1
446290,flyer5,10.5,10.8304,-0.3,0,2
446291,flyer4,2.99999,7.44205,-0.3,0,2
446291,flayer7,16.5,10.8304,-0.282122,0.102016,2
446291,bullet2,4.99637,13.1204,0.8,0,1
446292,bullet4,9.09566,12.5349,0.8,0,1
446293,player,4.67539,13.1404,0.0245247,0.0061962,1
446295,flyer5,9,10.8304,-0.3,0,2
446295,bullet6,4.78077,12.655,-0.8,-6.99382e-08,1
446296,flyer4,1.49999,7.44205,-0.3,0,2
446296,flayer7,15.0894,11.3404,-0.282122,0.102016,2
446296,bullet2,8.99637,13.1204,0.8,0,1
446297,bullet4,13.0957,12.5349,0.8,0,1
446298,player,5.78677,12.543,0.166167,-0.0137253,1
446299,bullet1,6.26155,12.5369,0.8,0,1
446300,flyer5,7.5,10.8304,-0.3,0,2
446300,bullet6,0.780766,12.655,-0.8,-6.99382e-08,1
446300,bullet5,6.2952,12.5341,0.8,0,1
446301,flyer4,-6.4373e-06,7.44205,-0.3,0,2
446301,flayer7,13.6788,11.8505,-0.282122,0.102016,1
446301,bullet2,12.9964,13.1204,0.8,0,1
446302,bullet3,6.31715,12.5323,0.8,0,1
446303,player,5.92022,12.532,0.00306625,-0.00025327,1
446304,bullet1,10.2615,12.5369,0.8,0,1
446305,flyer5,5.99999,10.8304,-0.3,0,2
446305,bullet5,10.2952,12.5341,0.8,0,1
446306,flayer7,12.2682,12.3606,-0.282122,0.102016,0
446307,bullet3,10.3172,12.5323,0.8,0,1
446307,bullet4,6.42172,13.6097,0.8,0,1
446308,player,5.96728,13.6918,-0.0544476,0.0821787,1
446310,flyer5,4.49999,10.8304,-0.3,0,2
446310,bullet5,14.2952,12.5341,0.8,0,1
446312,bullet3,14.3172,12.5323,0.8,0,1
446312,bullet4,10.4217,13.6097,0.8,0,1
446313,player,5.32124,13.2685,-0.0148443,-0.150359,1
446313,flyer6,16.5,10.8304,-0.3,0,2
446314,bullet6,5.71456,13.2008,0.8,0,1
446315,flyer5,2.99999,10.8304,-0.3,0,2
446317,bullet4,14.4217,13.6097,0.8,0,1
446317,bullet2,6.19896,12.6611,0.8,0,1
446318,player,5.86703,12.59,0.0680698,-0.0711183,1
446318,flyer6,15,10.8304,-0.3,0,2
446319,bullet6,9.71456,13.2008,0.8,0,1
446319,bullet1,6.29767,12.558,0.8,0,1
446320,flyer5,1.49999,10.8304,-0.3,0,2
446322,bullet2,10.199,12.6611,0.8,0,1
446323,player,5.02648,13.4281,-0.404588,0.404531,1
446323,flyer6,13.5,10.8304,-0.3,0,2
446324,bullet6,13.7146,13.2008,0.8,0,1
446324,bullet1,10.2977,12.558,0.8,0,1
446325,flyer5,-6.4373e-06,10.8304,-0.3,0,2
446327,bullet2,14.199,12.6611,0.8,0,1
446328,player,4.03091,14.2423,0.0622259,0.15934,1
446328,flyer6,12,10.8304,-0.3,0,2
446328,flayer8,16.5,10.7175,-0.3,0,2
446329,bullet1,14.2977,12.558,0.8,0,1
446330,flyer2,16.5,4.2553,-0.3,0,2
446330,bullet5,3.67151,14.3463,-0.8,-6.99382e-08,1
446333,player,4.9761,13.8126,0.406992,-0.0654035,1
446333,flyer6,10.5,10.8304,-0.3,0,2
446333,flayer8,15,10.7175,-0.3,0,2
446335,flyer2,15,4.2553,-0.3,0,2
446335,bullet5,-0.328491,14.3463,-0.8,-6.99382e-08,1
446336,flyer1,16.5,4.2553,-0.3,0,2
446336,bullet3,5.18937,13.764,0.8,0,1
446338,player,4.37697,13.7601,-0.360745,-0.00120688,1
446338,flyer6,9,10.8304,-0.3,0,2
446338,flayer8,13.5,10.7175,-0.3,0,2
446340,flyer2,13.5,4.2553,-0.3,0,2
446341,flyer1,15,4.2553,-0.3,0,2
446341,bullet3,9.18937,13.764,0.8,0,1
446343,player,2.99558,13.5345,-0.172371,-0.475558,1
446343,flyer6,7.5,10.8304,-0.3,0,2
446343,flayer8,12,10.7175,-0.3,0,2
446345,flyer2,12,4.2553,-0.3,0,2
446346,flyer1,13.5,4.2553,-0.3,0,2
446346,bullet3,13.1894,13.764,0.8,0,1
446348,player,3.44562,13.7411,0.027574,0.0219793,1
446348,flyer6,5.99999,10.8304,-0.3,0,2
446348,flayer8,10.5,10.7175,-0.3,0,2
446350,flyer2,10.5,4.2553,-0.3,0,2
446351,flyer1,12,4.2553,-0.3,0,2
446353,player,2.38992,13.6458,-0.182121,0.138441,1
446353,flyer6,4.49999,10.8304,-0.3,0,2
446353,flayer8,9,10.7175,-0.3,0,2
446353,bullet4,2.78992,13.6458,0.8,0,1
446355,flyer2,9,4.2553,-0.3,0,2
446355,bullet6,2.67108,13.7361,0.8,0,1
446356,flyer1,10.5,4.2553,-0.3,0,2
446358,player,2.58116,13.4195,0.334139,-0.334945,1
446358,flyer6,2.99999,10.8304,-0.3,0,2
446358,flayer8,7.5,10.7175,-0.3,0,2
446358,bullet4,6.78992,13.6458,0.8,0,1
446360,flyer2,7.5,4.2553,-0.3,0,2
446360,bullet6,6.67108,13.7361,0.8,0,1
446360,bullet2,3.19918,13.2009,0.8,0,1
446361,flyer1,9,4.2553,-0.3,0,2
446362,bullet1,3.24333,13.1567,0.8,0,1
446363,player,2.8495,13.1505,0.00616581,-0.00618068,1
446363,flyer6,1.49999,10.8304,-0.3,0,2
446363,flayer8,5.99999,10.7175,-0.3,0,2
446363,bullet4,10.7899,13.6458,0.8,0,1
446365,flyer2,5.99999,4.2553,-0.3,0,2
446365,bullet6,10.6711,13.7361,0.8,0,1
446365,bullet2,7.19918,13.2009,0.8,0,1
446366,flyer1,7.5,4.2553,-0.3,0,2
446367,bullet1,7.24333,13.1567,0.8,0,1
446368,player,2.85445,13.1455,0.000113777,-0.000114051,1
446368,flyer6,-6.4373e-06,10.8304,-0.3,0,2
446368,flayer8,4.49999,10.7175,-0.3,0,2
446368,bullet4,14.7899,13.6458,0.8,0,1
446370,flyer2,4.49999,4.2553,-0.3,0,2
446370,bullet6,14.6711,13.7361,0.8,0,1
446370,bullet2,11.1992,13.2009,0.8,0,1
446371,flyer1,5.99999,4.2553,-0.3,0,2
446372,bullet1,11.2433,13.1567,0.8,0,1
446372,bullet5,3.25454,13.1454,0.8,0,1
446373,player,2.85454,13.4829,2.0995e-06,0.337498,1
446373,flayer8,2.99999,10.7175,-0.3,0,2
446375,flyer2,2.99999,4.2553,-0.3,0,2
446375,bullet2,15.1992,13.2009,0.8,0,1
446376,flyer1,4.49999,4.2553,-0.3,0,2
446376,bullet3,3.25454,13.7339,0.8,0,1
446377,bullet1,15.2433,13.1567,0.8,0,1
446377,bullet5,7.25454,13.1454,0.8,0,1
446377,bullet4,3.25454,13.7478,0.8,0,1
446378,player,2.85454,13.754,3.87416e-08,0.00622779,1
446378,flayer8,1.49999,10.7175,-0.3,0,2
446380,flyer2,1.49999,4.2553,-0.3,0,2
446381,flyer1,2.99999,4.2553,-0.3,0,2
446381,bullet3,7.25454,13.7339,0.8,0,1
446382,bullet5,11.2545,13.1454,0.8,0,1
446382,bullet4,7.25454,13.7478,0.8,0,1
446383,player,3.21845,14.2094,-0.444781,0.19958,1
446383,flayer8,-6.4373e-06,10.7175,-0.3,0,2
446385,flyer2,-6.4373e-06,4.2553,-0.3,0,2
446386,flyer1,1.49999,4.2553,-0.3,0,2
446386,bullet3,11.2545,13.7339,0.8,0,1
446387,bullet5,15.2545,13.1454,0.8,0,1
446387,bullet4,11.2545,13.7478,0.8,0,1
446387,bullet6,3.82718,13.8083,0.8,0,1
446388,player,3.44973,13.7812,0.0225472,-0.0270719,1
446390,bullet2,3.86444,13.7636,0.8,0,1
446391,flyer1,-6.4373e-06,4.2553,-0.3,0,2
446391,bullet3,15.2545,13.7339,0.8,0,1
446392,bullet4,15.2545,13.7478,0.8,0,1
446392,bullet6,7.82718,13.8083,0.8,0,1
446393,player,3.46784,13.7595,0.00041606,-0.000499552,1
446394,flyer3,16.5,4.2553,-0.228375,0.194538,2
446394,bullet1,3.86802,13.7593,0.8,0,1
446395,bullet2,7.86444,13.7636,0.8,0,1
446396,bullet5,3.86815,13.7591,0.8,0,1
446397,bullet6,11.8272,13.8083,0.8,0,1
446398,player,2.9788,14.2485,-0.151867,0.151866,1
446399,flyer3,15.3581,5.22799,-0.228375,0.194538,2
446399,bullet1,7.86802,13.7593,0.8,0,1
446400,bullet2,11.8644,13.7636,0.8,0,1
446401,bullet5,7.86815,13.7591,0.8,0,1
446402,bullet6,15.8272,13.8083,0.8,0,1
446403,player,2.96977,15.4483,-0.140838,0.185432,1
446404,flyer3,14.2163,6.20068,-0.228375,0.194538,2
446404,bullet1,11.868,13.7593,0.8,0,1
446405,bullet2,15.8644,13.7636,0.8,0,1
446406,flyer4,16.5,4.2553,-0.3,0,2
446406,bullet5,11.8681,13.7591,0.8,0,1
446406,bullet3,3.82276,15.6,0.8,0,1
446408,player,3.94835,15.1106,0.163116,-0.151875,1
446409,flyer3,13.0744,7.17337,-0.228375,0.194538,2
446409,bullet1,15.868,13.7593,0.8,0,1
446410,bullet4,3.96541,15.5009,0.8,0,1
446411,flyer4,15,4.2553,-0.3,0,2
446411,bullet5,15.8681,13.7591,0.8,0,1
446411,bullet3,7.82276,15.6,0.8,0,1
446412,bullet6,3.88787,15.5799,0.8,0,1
446413,player,3.13954,15.6,-0.34833,0,1
446414,flyer3,11.9325,8.14606,-0.228375,0.194538,2
446415,bullet4,7.96541,15.5009,0.8,0,1
446416,flyer4,13.5,4.2553,-0.3,0,2
446416,bullet3,11.8228,15.6,0.8,0,1
446417,bullet6,7.88787,15.5799,0.8,0,1
446418,player,3.34917,15.5317,0.145447,0.0835313,1
446419,flyer3,10.7906,9.11875,-0.228375,0.194538,2
446419,bullet2,3.81462,15.5692,0.8,0,1
446420,bullet4,11.9654,15.5009,0.8,0,1
446421,flyer4,12,4.2553,-0.3,0,2
446421,bullet3,15.8228,15.6,0.8,0,1
446422,bullet6,11.8879,15.5799,0.8,0,1
446423,player,3.95536,15.1094,0.154559,-0.150334,1
446423,bullet1,4.35536,15.1094,0.8,0,1
446424,flyer3,9.64877,10.0914,-0.228375,0.194538,2
446424,bullet2,7.81463,15.5692,0.8,0,1
446425,bullet4,15.9654,15.5009,0.8,0,1
446426,flyer4,10.5,4.2553,-0.3,0,2
446426,bullet5,4.47029,14.5082,0.8,0,1
446427,bullet6,15.8879,15.5799,0.8,0,1
446428,player,4.07948,14.4002,0.00285205,-0.0335288,1
446428,bullet1,8.35536,15.1094,0.8,0,1
446429,flyer3,8.50689,11.0641,-0.228375,0.194538,2
446429,bullet2,11.8146,15.5692,0.8,0,1
446429,bullet3,4.48076,14.3851,0.8,0,1
446431,flyer4,9,4.2553,-0.3,0,2
446431,bullet5,8.47029,14.5082,0.8,0,1
446433,player,4.57114,14.3732,0.151928,-0.0006187,1
446433,bullet1,12.3554,15.1094,0.8,0,1
446434,flyer3,7.36502,12.0368,-0.228375,0.194538,2
446434,bullet2,15.8146,15.5692,0.8,0,1
446434,bullet3,8.48076,14.3851,0.8,0,1
446436,flyer4,7.5,4.2553,-0.3,0,2
446436,bullet5,12.4703,14.5082,0.8,0,1
446437,bullet4,4.60098,14.8621,0.8,0,1
446438,player,4.13544,14.9305,-0.0655403,0.0683323,1
446438,bullet1,16.3554,15.1094,0.8,0,1
446439,flyer3,6.22314,13.0095,-0.228375,0.194538,2
446439,bullet3,12.4808,14.3851,0.8,0,1
446441,flyer4,5.99999,4.2553,-0.3,0,2
446442,bullet4,8.60098,14.8621,0.8,0,1
446442,bullet6,3.92629,13.8379,0.8,0,1
446443,player,3.49433,13.457,-0.0319641,-0.380833,1
446444,flyer3,5.08127,13.9822,-0.228375,0.194538,1
446446,flyer4,4.49999,4.2553,-0.3,0,2
446446,bullet2,3.07056,13.1738,-0.8,-6.99382e-08,1
446447,bullet4,12.601,14.8621,0.8,0,1
446447,bullet1,3.86925,13.1582,0.8,0,1
446448,player,3.46866,13.1512,-0.000589827,-0.00702745,1
446449,flyer3,3.93939,14.9549,-0.228375,0.194538,1
446451,flyer4,2.99999,4.2553,-0.3,0,2
446452,flayer7,16.5,0.784385,-0.3,0,2
446452,bullet1,7.86925,13.1582,0.8,0,1
446453,player,3.95756,12.5571,0.151864,-0.0308844,1
446454,flyer3,2.79752,15.9276,-0.228375,0.194538,1
446456,flyer4,1.49999,4.2553,-0.3,0,2
446457,flyer5,16.5,4.2553,-0.3,0,2
446457,flayer7,15,0.784385,-0.3,0,2
446457,bullet1,11.8692,13.1582,0.8,0,1
446457,bullet5,5.03444,12.5329,0.8,0,1
446458,player,4.66799,12.5323,0.033557,-0.000569903,1
446459,bullet6,5.0831,12.532,0.8,0,1
446461,flyer4,-6.4373e-06,4.2553,-0.3,0,2
446462,flyer5,15,4.2553,-0.3,0,2
446462,flayer7,13.5,0.784385,-0.3,0,2
446462,bullet1,15.8693,13.1582,0.8,0,1
446462,bullet5,9.03444,12.5329,0.8,0,1
446463,player,5.74204,13.0212,0.220838,0.151864,1
446464,bullet6,9.0831,12.532,0.8,0,1
446464,bullet3,6.24141,13.0895,0.8,0,1
446467,flyer5,13.5,4.2553,-0.3,0,2
446467,flayer7,12,0.784385,-0.3,0,2
446467,bullet5,13.0344,12.5329,0.8,0,1
446468,player,6.47711,12.5854,0.0724188,-0.0655414,1
446469,bullet6,13.0831,12.532,0.8,0,1
446469,bullet3,10.2414,13.0895,0.8,0,1
446469,bullet2,6.9097,12.5559,0.8,0,1
446472,flyer5,12,4.2553,-0.3,0,2
446472,flayer7,10.5,0.784385,-0.3,0,2
446473,player,6.46692,13.5799,0.0848676,0.219009,1
446474,bullet3,14.2414,13.0895,0.8,0,1
446474,bullet2,10.9097,12.5559,0.8,0,1
446475,bullet4,6.9223,13.7228,0.8,0,1
446477,flyer5,10.5,4.2553,-0.3,0,2
446477,flayer7,9,0.784385,-0.3,0,2
446478,player,6.53508,13.7558,0.00156605,0.00404134,1
446478,bullet1,6.93508,13.7558,0.8,0,1
446479,bullet2,14.9097,12.5559,0.8,0,1
446480,bullet4,10.9223,13.7228,0.8,0,1
446482,flyer5,9,4.2553,-0.3,0,2
446482,flayer7,7.5,0.784385,-0.3,0,2
446483,player,6.53634,13.759,2.88979e-05,7.4574e-05,1
446483,bullet1,10.9351,13.7558,0.8,0,1
446483,bullet5,6.93634,13.759,0.8,0,1
446485,bullet4,14.9223,13.7228,0.8,0,1
446485,bullet6,6.93636,13.7591,0.8,0,1
446487,flyer5,7.5,4.2553,-0.3,0,2
446487,flayer7,5.99999,0.784385,-0.3,0,2
446488,player,5.97864,13.7591,-0.0683432,1.3761e-06,1
446488,bullet1,14.9351,13.7558,0.8,0,1
446488,bullet5,10.9363,13.759,0.8,0,1
446489,bullet3,6.34789,13.7591,0.8,0,1
446490,bullet6,10.9364,13.7591,0.8,0,1
446490,bullet2,6.33405,13.7591,0.8,0,1
446492,flyer5,5.99999,4.2553,-0.3,0,2
446492,flayer7,4.49999,0.784385,-0.3,0,2
446493,player,5.77188,13.7591,0.184364,2.53929e-08,1
446493,bullet5,14.9363,13.759,0.8,0,1
446494,bullet3,10.3479,13.7591,0.8,0,1
446495,bullet6,14.9364,13.7591,0.8,0,1
446495,bullet2,10.334,13.7591,0.8,0,1
446495,bullet4,6.29218,13.7591,0.8,0,1
446497,flyer5,4.49999,4.2553,-0.3,0,2
446497,flayer7,2.99999,0.784385,-0.3,0,2
446498,player,5.91994,13.2697,0.00340203,-0.151875,1
446499,bullet3,14.3479,13.7591,0.8,0,1
446499,bullet1,6.32147,13.2014,0.8,0,1
446500,bullet2,14.334,13.7591,0.8,0,1
446500,bullet4,10.2922,13.7591,0.8,0,1
446502,flyer5,2.99999,4.2553,-0.3,0,2
446502,flayer7,1.49999,0.784385,-0.3,0,2
446503,player,5.3342,13.2468,-0.0306919,-0.123923,1
446503,bullet5,5.7342,13.2468,0.8,0,1
446504,bullet1,10.3215,13.2014,0.8,0,1
446505,bullet4,14.2922,13.7591,0.8,0,1
446507,flyer5,1.49999,4.2553,-0.3,0,2
446507,flayer7,-6.4373e-06,0.784385,-0.3,0,2
446507,bullet6,5.1524,13.1496,0.8,0,1
446508,player,4.72108,13.1473,-0.031321,-0.00228672,1
446508,bullet5,9.7342,13.2468,0.8,0,1
446509,bullet1,14.3215,13.2014,0.8,0,1
446510,bullet3,5.10064,13.1458,0.8,0,1
446512,flyer5,-6.4373e-06,4.2553,-0.3,0,2
446512,bullet6,9.1524,13.1496,0.8,0,1
446513,player,4.69593,13.1455,-0.000577961,-4.21965e-05,1
446513,bullet5,13.7342,13.2468,0.8,0,1
446513,bullet2,5.09593,13.1455,0.8,0,1
446515,bullet3,9.10064,13.1458,0.8,0,1
446517,flyer6,16.5,0.784385,-0.250713,-0.164752,2
446517,bullet6,13.1524,13.1496,0.8,0,1
446518,player,5.74256,12.5877,0.220208,-0.0683445,1
446518,bullet2,9.09593,13.1455,0.8,0,1
446519,bullet4,6.24165,12.557,0.8,0,1
446520,bullet3,13.1006,13.1458,0.8,0,1
446522,flyer6,15.2464,-0.0393734,-0.250713,-0.164752,2
446523,player,5.43003,12.5328,-0.147812,-0.00126115,1
446523,bullet2,13.0959,13.1455,0.8,0,1
446524,bullet4,10.2417,12.557,0.8,0,1
446525,flayer8,16.5,0.784385,-0.3,0,2
446526,flyer2,16.5,2.54854,-0.242993,0.175938,2
446527,bullet1,6.30252,13.6097,0.8,0,1
446528,player,5.91364,13.6919,0.0111121,0.0821601,1
446529,bullet4,14.2417,12.557,0.8,0,1
446530,flayer8,15,0.784385,-0.3,0,2
446530,bullet5,6.32089,13.7455,0.8,0,1
446531,flyer2,15.285,3.42823,-0.242993,0.175938,2
446532,bullet1,10.3025,13.6097,0.8,0,1
446533,player,6.48028,13.7578,0.0685488,0.00151608,1
446533,bullet6,6.88028,13.7578,0.8,0,1
446534,bullet3,6.91113,13.7585,0.8,0,1
446535,flayer8,13.5,0.784385,-0.3,0,2
446535,bullet5,10.3209,13.7455,0.8,0,1
446536,flyer2,14.0701,4.30792,-0.242993,0.175938,2
446537,bullet1,14.3025,13.6097,0.8,0,1
446538,player,5.97761,12.8638,-0.0670788,-0.405816,1
446538,bullet6,10.8803,13.7578,0.8,0,1
446539,bullet3,10.9111,13.7585,0.8,0,1
446540,flayer8,12,0.784385,-0.3,0,2
446540,bullet5,14.3209,13.7455,0.8,0,1
446541,flyer2,12.8551,5.18761,-0.242993,0.175938,2
446543,player,5.70352,13.4332,0.267918,0.398355,1
446543,bullet6,14.8803,13.7578,0.8,0,1
446544,bullet3,14.9111,13.7585,0.8,0,1
446545,flayer8,10.5,0.784385,-0.3,0,2
446545,flyer1,16.5,2.54854,-0.3,0,2
446545,bullet2,6.27834,13.6931,0.8,0,1
446546,flyer2,11.6401,6.0673,-0.242993,0.175938,2
446548,player,6.4764,12.8578,0.0732876,-0.398493,1
446550,flayer8,9,0.784385,-0.3,0,2
446550,flyer1,15,2.54854,-0.3,0,2
446550,bullet2,10.2783,13.6931,0.8,0,1
446551,flyer2,10.4252,6.94699,-0.242993,0.175938,2
446551,bullet4,7.48862,12.0038,0.8,0,1
446553,player,6.80007,11.9355,-0.322308,-0.0211929,1
446555,flayer8,7.5,0.784385,-0.3,0,2
446555,flyer1,13.5,2.54854,-0.3,0,2
446555,bullet2,14.2783,13.6931,0.8,0,1
446556,flyer2,9.2102,7.82668,-0.242993,0.175938,2
446556,bullet4,11.4886,12.0038,0.8,0,1
446558,player,7.1297,12.507,0.0248072,0.0303636,1
446559,bullet1,7.54087,12.5206,0.8,0,1
446560,flayer8,5.99999,0.784385,-0.3,0,2
446560,flyer1,12,2.54854,-0.3,0,2
446561,flyer2,7.99523,8.70637,-0.242993,0.175938,2
446561,bullet4,15.4886,12.0038,0.8,0,1
446563,player,6.81213,11.6361,-0.337042,-0.405283,1
446564,bullet1,11.5409,12.5206,0.8,0,1
446565,flayer8,4.49999,0.784385,-0.3,0,2
446565,flyer1,10.5,2.54854,-0.3,0,2
446565,bullet5,6.99221,11.3717,0.8,0,1
446566,flyer2,6.78026,9.58606,-0.242993,0.175938,2
446566,bullet6,6.96149,11.3348,0.8,0,1
446568,player,6.87895,10.9732,0.331281,-0.344979,1
446569,bullet1,15.5409,12.5206,0.8,0,1
446570,flayer8,2.99999,0.784385,-0.3,0,2
446570,flyer1,9,2.54854,-0.3,0,2
446570,bullet5,10.9922,11.3717,0.8,0,1
446571,flyer2,5.5653,10.4657,-0.242993,0.175938,2
446571,bullet6,10.9615,11.3348,0.8,0,1
446572,bullet3,8.12736,11.2909,0.8,0,1
446573,player,7.74731,11.2984,0.0199527,0.00747378,1
446575,flayer8,1.49999,0.784385,-0.3,0,2
446575,flyer1,7.5,2.54854,-0.3,0,2
446575,bullet5,14.9922,11.3717,0.8,0,1
446576,flyer2,4.35033,11.3454,-0.242993,0.175938,2
446576,bullet6,14.9615,11.3348,0.8,0,1
446577,bullet3,12.1274,11.2909,0.8,0,1
446578,player,6.61714,11.8621,-0.0987303,0.0684817,1
446580,flayer8,-6.4373e-06,0.784385,-0.3,0,2
446580,flyer1,5.99999,2.54854,-0.3,0,2
446581,flyer2,3.13536,12.2251,-0.242993,0.175938,2
446581,bullet2,6.94373,11.9131,0.8,0,1
446582,bullet3,16.1274,11.2909,0.8,0,1
446583,player,6.04848,11.4278,-0.153697,-0.150611,1
446583,flyer3,16.5,12.757,-0.299459,0.0180012,2
446585,flyer1,4.49999,2.54854,-0.3,0,2
446586,flyer2,1.9204,13.1048,-0.242993,0.175938,2
446586,bullet2,10.9437,11.9131,0.8,0,1
446588,player,5.11636,12.453,0.235565,0.0963192,1
446588,flyer3,15.0027,12.847,-0.299459,0.0180012,2
446590,flyer1,2.99999,2.54854,-0.3,0,2
446591,flyer2,0.70543,13.9845,-0.242993,0.175938,2
446591,bullet2,14.9437,11.9131,0.8,0,1
446591,bullet4,5.69153,11.9669,0.8,0,1
446593,player,5.30554,12.2655,0.00434684,0.325438,1
446593,flyer3,13.5054,12.937,-0.299459,0.0180012,2
446595,flyer1,1.49999,2.54854,-0.3,0,2
446596,flyer4,16.5,12.757,-0.3,0,2
446596,bullet4,9.69153,11.9669,0.8,0,1
446596,bullet1,5.21939,12.5075,0.8,0,1
446598,player,4.72056,12.1894,-0.0306745,-0.331495,1
446598,flyer3,12.0081,13.027,-0.299459,0.0180012,2
446600,flyer1,-6.4373e-06,2.54854,-0.3,0,2
446601,flyer4,15,12.757,-0.3,0,2
446601,bullet4,13.6915,11.9669,0.8,0,1
446601,bullet1,9.21939,12.5075,0.8,0,1
446601,bullet5,4.54003,11.9429,0.8,0,1
446602,bullet6,4.50801,11.9293,0.8,0,1
446603,player,4.09361,11.9232,-0.0144056,-0.00611701,1
446603,flyer3,10.5108,13.117,-0.299459,0.0180012,1
446606,flyer4,13.5,12.757,-0.3,0,1
446606,bullet5,8.54003,11.9429,0.8,0,1
446607,bullet6,8.50801,11.9293,0.8,0,1
446608,player,2.93585,11.8875,-0.0993643,0.0374762,1
446608,flyer3,9.01351,13.207,-0.299459,0.0180012,1
446608,bullet3,3.33585,11.8875,0.8,0,1
446612,bullet6,12.508,11.9293,0.8,0,1
446613,player,2.36667,11.4282,-0.153709,-0.151183,1
446613,flyer3,7.51622,13.297,-0.299459,0.0180012,1
446613,bullet3,7.33585,11.8875,0.8,0,1
446616,flayer7,16.5,12.757,-0.3,0,2
446616,bullet2,2.163,11.8052,0.8,0,1
446618,player,1.31726,11.8953,-0.371091,0.0279649,1
446618,flyer3,6.01892,13.387,-0.299459,0.0180012,1
446618,bullet3,11.3358,11.8875,0.8,0,1
446619,bullet1,1.55027,11.9079,0.8,0,1
446621,flayer7,15,12.757,-0.3,0,1
446621,bullet2,6.163,11.8052,0.8,0,1
446623,player,1.35674,11.6975,0.330652,0.269672,1
446623,flyer3,4.52162,13.477,-0.299459,0.0180012,1
446624,bullet1,5.55027,11.9079,0.8,0,1
446625,bullet4,1.97249,11.8735,0.8,0,1
446626,bullet2,10.163,11.8052,0.8,0,1
446628,player,1.06456,11.3564,-0.0622423,-0.0633675,1
446628,flyer3,3.02432,13.5671,-0.299459,0.0180012,1
446628,bullet5,1.46456,11.3564,0.8,0,1
446629,bullet1,9.55027,11.9079,0.8,0,1
446630,bullet4,5.97249,11.8735,0.8,0,1
446631,bullet2,14.163,11.8052,0.8,0,1
446633,player,0.677079,10.968,-0.338649,-0.338669,1
446633,flyer3,1.52703,13.6571,-0.299459,0.0180012,1
446633,bullet5,5.46456,11.3564,0.8,0,1
446634,bullet1,13.5503,11.9079,0.8,0,1
446635,bullet4,9.97249,11.8735,0.8,0,1
446636,bullet6,0.8,10.7161,0.8,0,1
446638,player,0.4,10.696,0,-0.0062494,1
446638,flyer3,0.0297298,13.7471,-0.299459,0.0180012,1
446638,bullet5,9.46457,11.3564,0.8,0,1
446638,bullet3,0.8,10.696,0.8,0,1
446640,bullet4,13.9725,11.8735,0.8,0,1
446641,bullet6,4.8,10.7161,0.8,0,1
446643,player,0.4,10.691,-0,-0.000115319,1
446643,bullet5,13.4646,11.3564,0.8,0,1
446643,bullet3,4.8,10.696,0.8,0,1
446644,flyer5,16.5,15.3971,-0.239964,0.180048,2
446646,bullet6,8.8,10.7161,0.8,0,1
446647,flyer6,16.5,15.3971,-0.275309,-0.119184,2
446648,player,0.4,9.5447,0,-0.0991006,1
446648,bullet3,8.8,10.696,0.8,0,1
446648,bullet2,0.8,9.5447,0.8,0,1
446649,flyer5,15.3002,16.2973,-0.239964,0.180048,2
446651,bullet6,12.8,10.7161,0.8,0,1
446651,bullet1,0.8,9.47101,0.8,0,1
446652,flyer6,15.1235,14.8012,-0.275309,-0.119184,2
446653,player,0.4,9.46512,0,-0.00182868,1
446653,bullet3,12.8,10.696,0.8,0,1
446653,bullet2,4.8,9.5447,0.8,0,1
446656,bullet1,4.8,9.47101,0.8,0,1
446657,flyer6,13.7469,14.2052,-0.275309,-0.119184,2
446658,player,0.4,8.90593,0,-0.0683775,1
446658,flayer8,16.5,10.4259,-0.237926,0.182732,2
446658,bullet2,8.8,9.5447,0.8,0,1
446661,bullet1,8.8,9.47101,0.8,0,1
446662,flyer6,12.3704,13.6093,-0.275309,-0.119184,2
446662,bullet4,1.35772,8.29456,0.8,0,1
446663,player,0.988474,8.26254,0.0307547,-0.0320164,1
446663,flayer8,15.3104,11.3395,-0.237926,0.182732,2
446663,bullet2,12.8,9.5447,0.8,0,1
446663,bullet5,1.38847,8.26254,0.8,0,1
446666,bullet1,12.8,9.47101,0.8,0,1
446667,flyer6,10.9938,13.0134,-0.275309,-0.119184,2
446667,bullet4,5.35772,8.29456,0.8,0,1
446668,player,1.01317,8.23683,0.00056751,-0.000590793,1
446668,flayer8,14.1207,12.2532,-0.237926,0.182732,2
446668,bullet5,5.38847,8.26254,0.8,0,1
446672,flyer6,9.61726,12.4175,-0.275309,-0.119184,2
446672,bullet4,9.35772,8.29456,0.8,0,1
446673,player,0.538092,8.12342,-0.16878,0.138024,1
446673,flayer8,12.9311,13.1669,-0.237926,0.182732,2
446673,bullet5,9.38847,8.26254,0.8,0,1
446673,bullet6,0.938092,8.12342,0.8,0,1
446677,flyer6,8.24071,11.8216,-0.275309,-0.119184,2
446677,bullet4,13.3577,8.29456,0.8,0,1
446677,bullet3,0.8,8.23172,0.8,0,1
446678,player,0.4,8.23426,0,0.00254694,1
446678,flayer8,11.7415,14.0805,-0.237926,0.182732,2
446678,bullet5,13.3885,8.26254,0.8,0,1
446678,bullet6,4.93809,8.12342,0.8,0,1
446682,flyer6,6.86417,11.2257,-0.275309,-0.119184,2
446682,bullet3,4.8,8.23172,0.8,0,1
446683,player,0.4,8.01175,0,-0.475488,1
446683,flayer8,10.5518,14.9942,-0.237926,0.182732,2
446683,bullet6,8.93809,8.12342,0.8,0,1
446685,bullet2,0.8,7.70149,0.8,0,1
446687,flyer6,5.48762,10.6297,-0.275309,-0.119184,2
446687,bullet3,8.8,8.23172,0.8,0,1
446688,player,0.889375,7.62989,0.151875,-0.0087741,1
446688,flayer8,9.36221,15.9078,-0.237926,0.182732,2
446688,bullet6,12.9381,8.12342,0.8,0,1
446690,bullet2,4.8,7.70149,0.8,0,1
446692,flyer6,4.11107,10.0338,-0.275309,-0.119184,2
446692,bullet3,12.8,8.23172,0.8,0,1
446693,player,0.746531,8.70069,0.326463,0.182468,1
446693,flyer2,16.5,10.4259,-0.3,0,2
446695,bullet2,8.8,7.70149,0.8,0,1
446697,flyer6,2.73452,9.4379,-0.275309,-0.119184,2
446697,flyer1,16.5,9.88793,-0.3,0,2
446697,bullet1,0.113308,9.33324,-0.8,-6.99382e-08,1
446698,player,0.450989,9.40495,-0.0623196,0.0717108,1
446698,flyer2,15,10.4259,-0.3,0,2
446700,bullet2,12.8,7.70149,0.8,0,1
