599157,player,10.4078,1.42446,0,0,1
599162,player,9.80553,2.51614,-0.0138396,0.165715,1
599163,bullet1,10.1993,2.59072,0.8,0,1
599165,bullet2,10.1952,2.63937,0.8,0,1
599167,player,9.79441,2.64923,-0.00025538,0.0030579,1
599167,bullet3,10.1944,2.64923,0.8,0,1
599168,bullet1,14.1993,2.59072,0.8,0,1
599168,bullet4,10.1943,2.6506,0.8,0,1
599170,bullet2,14.1952,2.63937,0.8,0,1
599172,player,9.57399,2.09396,0.269152,-0.0682873,1
599172,bullet3,14.1944,2.64923,0.8,0,1
599173,flyer1,16.5,0.978147,-0.3,0,2
599173,bullet4,14.1943,2.6506,0.8,0,1
599173,bullet5,10.0951,2.06323,0.8,0,1
599175,bullet6,10.1741,2.04318,0.8,0,1
599177,player,9.79013,2.03912,0.0049666,-0.00126009,1
599177,bullet1,10.1901,2.03912,0.8,0,1
599178,flyer1,15,0.978147,-0.3,0,2
599178,bullet5,14.0951,2.06323,0.8,0,1
599180,bullet6,14.1741,2.04318,0.8,0,1
599181,bullet2,10.0949,3.11598,0.8,0,1
599182,player,9.74953,3.19814,0.0545958,0.0821601,1
599182,bullet1,14.1901,2.03912,0.8,0,1
599183,flyer1,13.5,0.978147,-0.3,0,2
599183,flyer2,16.5,12.965,-0.244584,0.17372,2
599183,bullet3,10.1741,3.23512,0.8,0,1
599185,bullet4,10.1901,3.25924,0.8,0,1
599186,bullet2,14.0949,3.11598,0.8,0,1
599187,player,10.1309,3.26413,0.338507,0.00151609,1
599188,flyer1,12,0.978147,-0.3,0,2
599188,flyer2,15.2771,13.8336,-0.244584,0.17372,2
599188,bullet3,14.1741,3.23512,0.8,0,1
599190,bullet4,14.1901,3.25924,0.8,0,1
599190,bullet5,10.2249,3.82297,0.8,0,1
599192,player,9.46291,3.53016,-0.345093,-0.323632,1
599193,flyer1,10.5,0.978147,-0.3,0,2
599193,flyer2,14.0542,14.7022,-0.244584,0.17372,2
599193,flyer3,16.5,12.965,-0.284915,-0.0939332,2
599195,bullet5,14.2249,3.82297,0.8,0,1
599195,bullet6,9.11691,2.80012,0.8,0,1
599197,player,8.25979,3.01928,-0.374623,0.300773,1
599198,flyer1,9,0.978147,-0.3,0,2
599198,flyer2,12.8312,15.5708,-0.244584,0.17372,2
599198,flyer3,15.0754,12.4953,-0.284915,-0.0939332,2
599198,bullet1,8.49121,3.15463,0.8,0,1
599200,bullet6,13.1169,2.80012,0.8,0,1
599200,bullet2,8.38121,3.24294,0.8,0,1
599201,bullet3,8.36585,3.25528,0.8,0,1
599202,player,7.95894,3.26083,-0.00691284,0.00555011,1
599203,flyer1,7.5,0.978147,-0.3,0,2
599203,flyer2,11.6083,16.4394,-0.244584,0.17372,2
599203,flyer3,13.6508,12.0257,-0.284915,-0.0939332,2
599203,bullet1,12.4912,3.15463,0.8,0,1
599205,bullet2,12.3812,3.24294,0.8,0,1
599206,bullet3,12.3659,3.25528,0.8,0,1
599207,player,8.5111,2.70756,0.0682162,-0.0682413,1
599207,bullet4,8.9111,2.70756,0.8,0,1
599208,flyer1,5.99999,0.978147,-0.3,0,2
599208,flyer3,12.2263,11.556,-0.284915,-0.0939332,2
599210,bullet2,16.3812,3.24294,0.8,0,1
599210,bullet5,8.96183,3.21454,0.8,0,1
599211,bullet3,16.3659,3.25528,0.8,0,1
599212,player,8.22838,3.59257,-0.336241,0.35008,1
599212,bullet4,12.9111,2.70756,0.8,0,1
599213,flyer1,4.49999,0.978147,-0.3,0,2
599213,flyer3,10.8017,11.0863,-0.284915,-0.0939332,2
599215,bullet5,12.9618,3.21454,0.8,0,1
599217,player,8.25126,4.25581,0.3858,0.289456,1
599217,flyer4,16.5,12.965,-0.299779,-0.0115142,2
599218,flyer1,2.99999,0.978147,-0.3,0,2
599218,flyer3,9.37712,10.6167,-0.284915,-0.0939332,2
599218,bullet6,8.82487,4.38607,0.8,0,1
599220,bullet1,8.93815,4.47106,0.8,0,1
599221,bullet2,8.95397,4.48293,0.8,0,1
599222,player,8.56109,4.48827,0.00711909,0.00534127,1
599222,flyer4,15.0011,12.9074,-0.299779,-0.0115142,2
599223,flyer1,1.49999,0.978147,-0.3,0,2
599223,flyer3,7.95255,10.147,-0.284915,-0.0939332,2
599223,bullet6,12.8249,4.38607,0.8,0,1
599225,bullet1,12.9382,4.47106,0.8,0,1
599226,bullet2,12.954,4.48293,0.8,0,1
599227,player,8.03284,2.84315,-0.0972395,-0.23396,1
599227,flyer4,13.5022,12.8498,-0.299779,-0.0115142,2
599228,flyer1,-6.4373e-06,0.978147,-0.3,0,2
599228,flyer3,6.52798,9.67732,-0.284915,-0.0939332,2
599229,bullet3,8.36939,2.69049,0.8,0,1
599231,flyer5,16.5,10.6092,-0.240353,-0.179528,2
599232,player,8.29224,2.09754,0.335706,-0.072661,1
599232,flyer4,12.0033,12.7923,-0.299779,-0.0115142,2
599233,flyer3,5.1034,9.20766,-0.284915,-0.0939332,2
599233,bullet4,8.84331,2.06484,0.8,0,1
599234,bullet3,12.3694,2.69049,0.8,0,1
599235,bullet5,8.94188,2.04351,0.8,0,1
599236,flyer5,15.2982,9.71159,-0.240353,-0.179528,2
599236,bullet6,8.95565,2.04053,0.8,0,1
599237,player,8.56184,2.03919,0.00619471,-0.0013408,1
599237,flyer4,10.5044,12.7347,-0.299779,-0.0115142,2
599238,flyer3,3.67883,8.73799,-0.284915,-0.0939332,2
599238,bullet4,12.8433,2.06484,0.8,0,1
599239,bullet3,16.3694,2.69049,0.8,0,1
599240,bullet5,12.9419,2.04351,0.8,0,1
599241,flyer5,14.0965,8.81395,-0.240353,-0.179528,2
599241,bullet6,12.9556,2.04053,0.8,0,1
599242,player,7.47513,2.54133,-0.1656,0.134935,1
599242,flyer4,9.00553,12.6771,-0.299779,-0.0115142,2
599243,flyer3,2.25425,8.26833,-0.284915,-0.0939332,2
599246,flyer5,12.8947,7.91631,-0.240353,-0.179528,2
599246,flyer6,16.5,1.93286,-0.275086,0.119698,2
599246,bullet1,7.6461,1.56935,0.8,0,1
599247,player,7.29755,1.48966,0.0514483,-0.0796934,1
599247,flyer4,7.50663,12.6195,-0.299779,-0.0115142,2
599248,flyer3,0.829676,7.79866,-0.284915,-0.0939332,2
599248,bullet2,7.7207,1.4538,0.8,0,1
599251,flyer5,11.6929,7.01867,-0.240353,-0.179528,2
599251,flyer6,15.1246,2.53134,-0.275086,0.119698,2
599251,bullet1,11.6461,1.56935,0.8,0,1
599252,player,6.26102,2.25253,-0.18168,0.487904,1
599252,flyer4,6.00774,12.562,-0.299779,-0.0115142,2
599253,bullet2,11.7207,1.4538,0.8,0,1
599256,flyer5,10.4912,6.12103,-0.240353,-0.179528,2
599256,flyer6,13.7491,3.12983,-0.275086,0.119698,2
599256,bullet1,15.6461,1.56935,0.8,0,1
599257,player,6.21421,2.64436,-0.124473,0.00900321,1
599257,flyer4,4.50884,12.5044,-0.299779,-0.0115142,2
599258,bullet2,15.7207,1.4538,0.8,0,1
599258,bullet3,6.5582,2.64841,0.8,0,1
599261,flyer5,9.28942,5.22339,-0.240353,-0.179528,2
599261,flyer6,12.3737,3.72832,-0.275086,0.119698,2
599262,player,5.06715,3.69869,-0.222516,0.220385,1
599262,flyer4,3.00995,12.4468,-0.299779,-0.0115142,2
599263,bullet3,10.5582,2.64841,0.8,0,1
599266,flyer5,8.08766,4.32574,-0.240353,-0.179528,2
599266,flyer6,10.9983,4.32681,-0.275086,0.119698,2
599267,player,5.21212,3.61086,0.350309,0.327727,1
599267,flyer4,1.51105,12.3892,-0.299779,-0.0115142,2
599268,bullet3,14.5582,2.64841,0.8,0,1
599269,bullet4,5.84069,3.8247,0.8,0,1
599271,flyer5,6.88589,3.4281,-0.240353,-0.179528,1
599271,flyer6,9.62284,4.9253,-0.275086,0.119698,2
599271,bullet5,5.88698,3.86801,0.8,0,1
599272,player,5.49344,3.87405,0.00646419,0.00604749,1
599272,flyer4,0.0121574,12.3317,-0.299779,-0.0115142,2
599274,bullet6,5.89766,3.878,0.8,0,1
599276,flyer6,8.24741,5.52378,-0.275086,0.119698,2
599276,bullet1,5.89852,3.8788,0.8,0,1
599277,player,5.49864,4.21641,0.000119282,0.337612,1
599278,flayer7,16.5,13.1878,-0.3,0,2
599279,bullet6,9.89766,3.878,0.8,0,1
599281,flyer6,6.87198,6.12227,-0.275086,0.119698,2
599281,bullet1,9.89852,3.8788,0.8,0,1
599282,player,5.43039,4.4192,0.0835335,0.0897611,1
599283,flayer7,15,13.1878,-0.3,0,2
599283,bullet2,5.86798,4.45959,0.8,0,1
599284,bullet6,13.8977,3.878,0.8,0,1
599284,bullet4,5.8849,4.47777,0.8,0,1
599286,flyer6,5.49654,6.72076,-0.275086,0.119698,2
599286,bullet1,13.8985,3.8788,0.8,0,1
599287,player,5.98685,4.98066,0.153416,0.153531,1
599288,flayer7,13.5,13.1878,-0.3,0,2
599288,bullet2,9.86798,4.45959,0.8,0,1
599289,bullet4,9.8849,4.47777,0.8,0,1
599290,bullet3,6.50093,5.09483,0.8,0,1
599291,flyer6,4.12111,7.31925,-0.275086,0.119698,2
599291,bullet5,6.50722,5.10112,0.8,0,1
599292,player,6.11005,5.10396,0.00283096,0.00283309,1
599293,flayer7,12,13.1878,-0.3,0,2
599293,bullet2,13.868,4.45959,0.8,0,1
599294,bullet4,13.8849,4.47777,0.8,0,1
599295,bullet3,10.5009,5.09483,0.8,0,1
599296,flyer6,2.74568,7.91774,-0.275086,0.119698,2
599296,bullet5,10.5072,5.10112,0.8,0,1
599297,player,6.7008,5.10623,0.0308069,5.22784e-05,1
599298,flayer7,10.5,13.1878,-0.3,0,2
599298,bullet6,7.11466,5.10625,0.8,0,1
599300,bullet3,14.5009,5.09483,0.8,0,1
599301,flyer6,1.37025,8.51622,-0.275086,0.119698,2
599301,bullet5,14.5072,5.10112,0.8,0,1
599301,bullet1,6.6356,5.59565,0.8,0,1
599302,player,6.16782,5.66399,-0.0677753,0.0683447,1
599303,flayer7,9,13.1878,-0.3,0,2
599303,bullet6,11.1147,5.10625,0.8,0,1
599304,bullet2,5.7236,5.70859,-0.8,-6.99382e-08,1
599306,flyer6,-0.00518233,9.11471,-0.275086,0.119698,2
599306,bullet1,10.6356,5.59565,0.8,0,1
599307,player,6.4509,5.71888,0.336249,0.00126115,1
599308,flayer7,7.5,13.1878,-0.3,0,2
599308,bullet6,15.1147,5.10625,0.8,0,1
599309,bullet2,1.7236,5.70859,-0.8,-6.99382e-08,1
599310,flayer8,16.5,13.1878,-0.263484,0.143444,2
599310,bullet4,7.10094,5.71981,0.8,0,1
599311,bullet1,14.6356,5.59565,0.8,0,1
599312,player,6.72093,5.23051,0.00620475,-0.151852,1
599313,flayer7,5.99999,13.1878,-0.3,0,2
599313,bullet3,7.12372,5.16218,0.8,0,1
599315,flayer8,15.1826,13.905,-0.263484,0.143444,2
599315,bullet4,11.1009,5.71981,0.8,0,1
599316,bullet5,7.1258,5.11137,0.8,0,1
599317,player,6.72591,5.10856,0.000114495,-0.00280209,1
599318,flayer7,4.49999,13.1878,-0.3,0,2
599318,bullet3,11.1237,5.16218,0.8,0,1
599318,bullet6,7.12597,5.1073,0.8,0,1
599320,flayer8,13.8652,14.6222,-0.263484,0.143444,2
599320,bullet4,15.1009,5.71981,0.8,0,1
599321,bullet5,11.1258,5.11137,0.8,0,1
599322,player,7.28373,4.5486,0.0683459,-0.0683955,1
599323,flayer7,2.99999,13.1878,-0.3,0,2
599323,bullet3,15.1237,5.16218,0.8,0,1
599323,bullet6,11.126,5.1073,0.8,0,1
599323,bullet2,7.71448,4.51782,0.8,0,1
599325,flayer8,12.5477,15.3395,-0.263484,0.143444,2
599326,bullet5,15.1258,5.11137,0.8,0,1
599327,player,6.78089,5.38889,-0.0670826,0.404582,1
599328,flayer7,1.49999,13.1878,-0.3,0,2
599328,bullet6,15.126,5.1073,0.8,0,1
599328,bullet2,11.7145,4.51782,0.8,0,1
599328,bullet1,7.15071,5.57095,0.8,0,1
599330,flayer8,11.2303,16.0567,-0.263484,0.143444,2
599332,player,6.72702,6.20318,-0.00123786,0.159341,1
599332,bullet4,7.12702,6.20318,0.8,0,1
599333,flayer7,-6.4373e-06,13.1878,-0.3,0,2
599333,bullet2,15.7145,4.51782,0.8,0,1
599333,bullet1,11.1507,5.57095,0.8,0,1
599335,flyer2,16.5,13.1878,-0.290962,0.0730825,2
599336,flyer1,16.5,13.6038,-0.3,0,2
599337,player,6.35777,7.22636,-0.299934,0.408784,1
599337,bullet4,11.127,6.20318,0.8,0,1
599338,bullet1,15.1507,5.57095,0.8,0,1
599340,flyer2,15.0452,13.5532,-0.290962,0.0730825,2
599340,flyer3,16.5,13.1878,-0.215802,0.208398,2
599341,flyer1,15,13.6038,-0.3,0,2
599342,player,6.4544,8.48062,0.331965,0.375798,1
599342,bullet4,15.127,6.20318,0.8,0,1
599344,flyer5,16.5,13.6038,-0.3,0,2
599345,flyer2,13.5904,13.9186,-0.290962,0.0730825,2
599345,flyer3,15.421,14.2298,-0.215802,0.208398,2
599346,flyer1,13.5,13.6038,-0.3,0,2
599347,player,6.94121,8.78242,-0.263031,0.00693453,1
599349,flyer5,15,13.6038,-0.3,0,2
599349,bullet3,7.16958,8.78694,0.8,0,1
599350,flyer2,12.1356,14.284,-0.290962,0.0730825,2
599350,flyer3,14.342,15.2718,-0.215802,0.208398,2
599351,flyer1,12,13.6038,-0.3,0,2
599352,player,7.21935,8.29861,0.147021,-0.151747,1
599352,bullet5,7.61935,8.29861,0.8,0,1
599354,flyer5,13.5,13.6038,-0.3,0,2
599354,bullet3,11.1696,8.78694,0.8,0,1
599354,bullet6,7.71528,8.1996,0.8,0,1
599355,flyer2,10.6808,14.6495,-0.290962,0.0730825,2
599355,flyer3,13.263,16.3138,-0.215802,0.208398,2
599356,flyer1,10.5,13.6038,-0.3,0,2
599357,player,7.89514,8.73447,0.0710567,0.0655436,1
599357,bullet5,11.6194,8.29861,0.8,0,1
599358,bullet2,8.32711,8.76396,0.8,0,1
599359,flyer5,12,13.6038,-0.3,0,2
599359,bullet3,15.1696,8.78694,0.8,0,1
599359,bullet6,11.7153,8.1996,0.8,0,1
599360,flyer2,9.22594,15.0149,-0.290962,0.0730825,2
599361,flyer1,9,13.6038,-0.3,0,2
599361,bullet1,7.79318,9.34361,0.8,0,1
599362,player,7.36373,9.37558,-0.0294435,0.0319642,1
599362,bullet5,15.6194,8.29861,0.8,0,1
599363,bullet2,12.3271,8.76396,0.8,0,1
599364,flyer5,10.5,13.6038,-0.3,0,2
599364,bullet6,15.7153,8.1996,0.8,0,1
599365,flyer2,7.77113,15.3803,-0.290962,0.0730825,2
599365,bullet4,7.74184,9.39935,0.8,0,1
599366,flyer1,7.5,13.6038,-0.3,0,2
599366,bullet1,11.7932,9.34361,0.8,0,1
599366,bullet3,7.74063,9.40066,0.8,0,1
599367,player,7.34008,9.40125,-0.000543315,0.000589829,1
599368,bullet2,16.3271,8.76396,0.8,0,1
599369,flyer5,9,13.6038,-0.3,0,2
599370,flyer2,6.31632,15.7457,-0.290962,0.0730825,2
599370,bullet4,11.7418,9.39935,0.8,0,1
599371,flyer1,5.99999,13.6038,-0.3,0,2
599371,bullet1,15.7932,9.34361,0.8,0,1
599371,bullet3,11.7406,9.40066,0.8,0,1
599372,player,7.32581,9.9902,0.0169051,0.0307656,1
599372,bullet5,7.72581,9.9902,0.8,0,1
599373,bullet6,7.73341,10.004,0.8,0,1
599374,flyer5,7.5,13.6038,-0.3,0,2
599375,flyer2,4.86151,16.1111,-0.290962,0.0730825,2
599375,bullet4,15.7418,9.39935,0.8,0,1
599376,flyer1,4.49999,13.6038,-0.3,0,2
599376,bullet3,15.7406,9.40066,0.8,0,1
599377,player,7.82876,9.52553,0.152187,-0.151307,1
599377,bullet5,11.7258,9.9902,0.8,0,1
599378,bullet6,11.7334,10.004,0.8,0,1
599379,flyer5,5.99999,13.6038,-0.3,0,2
599380,flyer2,3.4067,16.4765,-0.290962,0.0730825,2
599381,flyer1,2.99999,13.6038,-0.3,0,2
599382,player,7.90638,8.80171,0.0573124,-0.0166317,1
599382,bullet5,15.7258,9.9902,0.8,0,1
599382,bullet2,8.30638,8.80171,0.8,0,1
599383,bullet6,15.7334,10.004,0.8,0,1
599384,flyer4,16.5,13.1878,-0.299716,-0.0130599,2
599384,flyer5,4.49999,13.6038,-0.3,0,2
599385,bullet1,8.349,8.23162,0.8,0,1
599386,flyer1,1.49999,13.6038,-0.3,0,2
599386,bullet4,8.35135,8.20018,0.8,0,1
599387,player,7.95241,8.18604,0.00105758,-0.0141465,1
599387,bullet2,12.3064,8.80171,0.8,0,1
599388,bullet3,8.35289,8.17967,0.8,0,1
599389,flyer4,15.0014,13.1225,-0.299716,-0.0130599,2
599389,flyer5,2.99999,13.6038,-0.3,0,2
599390,bullet1,12.349,8.23162,0.8,0,1
599391,flyer1,-6.4373e-06,13.6038,-0.3,0,2
599391,bullet4,12.3514,8.20018,0.8,0,1
599392,player,7.46389,8.66405,-0.151855,0.151614,1
599392,bullet2,16.3064,8.80171,0.8,0,1
599393,bullet3,12.3529,8.17967,0.8,0,1
599394,flyer4,13.5028,13.0572,-0.299716,-0.0130599,2
599394,flyer5,1.49999,13.6038,-0.3,0,2
599394,bullet5,7.7648,8.76298,0.8,0,1
599395,bullet1,16.349,8.23162,0.8,0,1
599396,bullet4,16.3514,8.20018,0.8,0,1
599397,player,7.83131,8.78581,0.149073,0.0027977,1
599398,bullet3,16.3529,8.17967,0.8,0,1
599399,flyer4,12.0043,12.9919,-0.299716,-0.0130599,2
599399,flyer5,-6.4373e-06,13.6038,-0.3,0,2
599399,flyer6,16.5,9.22089,-0.3,0,2
599399,bullet5,11.7648,8.76298,0.8,0,1
599401,flayer8,16.5,9.22089,-0.270102,-0.130556,2
599402,player,6.30162,8.78806,-0.231308,5.16255e-05,1
599403,bullet6,6.59753,8.78808,0.8,0,1
599404,flyer4,10.5057,12.9266,-0.299716,-0.0130599,2
599404,flyer6,15,9.22089,-0.3,0,1
599405,bullet2,6.52961,8.7881,0.8,0,1
599406,flayer8,15.1495,8.56811,-0.270102,-0.130556,2
599407,player,5.77836,9.1256,-0.341768,0.337501,1
599408,bullet6,10.5975,8.78808,0.8,0,1
599408,bullet1,5.22457,9.27748,-0.8,-6.99382e-08,1
599409,flyer4,9.0071,12.8613,-0.299716,-0.0130599,2
599409,flyer6,13.5,9.22089,-0.3,0,1
599410,bullet2,10.5296,8.7881,0.8,0,1
599411,flayer8,13.799,7.91534,-0.270102,-0.130556,1
599412,player,6.06161,9.39665,0.0620372,0.00622784,1
599412,bullet4,6.46161,9.39665,0.8,0,1
599413,bullet1,1.22457,9.27748,-0.8,-6.99382e-08,1
599413,bullet3,6.48953,9.39945,0.8,0,1
599414,flyer4,7.50852,12.796,-0.299716,-0.0130599,2
599416,flayer8,12.4485,7.26256,-0.270102,-0.130556,1
599417,player,6.66915,9.62187,0.0694885,-0.269041,1
599417,bullet4,10.4616,9.39665,0.8,0,1
599418,bullet3,10.4895,9.39945,0.8,0,1
599418,bullet5,7.10042,9.5008,0.8,0,1
599419,flyer4,6.00994,12.7307,-0.299716,-0.0130599,2
599420,bullet6,7.12082,9.4218,0.8,0,1
599421,flayer8,11.098,6.60978,-0.270102,-0.130556,1
599422,player,6.38745,9.7433,-0.336218,0.332535,1
599422,bullet4,14.4616,9.39665,0.8,0,1
599423,bullet3,14.4895,9.39945,0.8,0,1
599423,bullet5,11.1004,9.5008,0.8,0,1
599424,flyer4,4.51137,12.6654,-0.299716,-0.0130599,2
599425,bullet6,11.1208,9.4218,0.8,0,1
599426,flayer8,9.74744,5.957,-0.270102,-0.130556,1
599427,player,6.11744,10.3479,-0.00620416,0.343636,1
599428,bullet5,15.1004,9.5008,0.8,0,1
599429,flyer4,3.01279,12.6001,-0.299716,-0.0130599,2
599429,bullet2,6.51339,10.5721,0.8,0,1
599430,bullet6,15.1208,9.4218,0.8,0,1
599431,flayer8,8.39693,5.30423,-0.270102,-0.130556,1
599432,player,6.60183,11.1132,0.151761,0.158216,1
599432,flayer7,16.5,9.22089,-0.3,0,2
599432,bullet1,7.00183,11.1132,0.8,0,1
599434,flyer4,1.51421,12.5348,-0.299716,-0.0130599,2
599434,bullet2,10.5134,10.5721,0.8,0,1
599435,bullet4,7.11469,10.7415,0.8,0,1
599436,flayer8,7.04641,4.65145,-0.270102,-0.130556,1
599437,player,6.72371,10.6518,0.00280041,-0.0278352,1
599437,flayer7,15,9.22089,-0.3,0,2
599437,bullet1,11.0018,11.1132,0.8,0,1
599437,bullet3,7.12371,10.6518,0.8,0,1
599439,flyer4,0.0156333,12.4695,-0.299716,-0.0130599,2
599439,bullet2,14.5134,10.5721,0.8,0,1
599440,bullet4,11.1147,10.7415,0.8,0,1
599441,flayer8,5.6959,3.99867,-0.270102,-0.130556,1
599442,player,6.16824,11.2179,-0.0682921,0.0302411,1
599442,flayer7,13.5,9.22089,-0.3,0,2
599442,bullet1,15.0018,11.1132,0.8,0,1
599442,bullet3,11.1237,10.6518,0.8,0,1
599442,bullet5,6.56824,11.2179,0.8,0,1
599445,bullet4,15.1147,10.7415,0.8,0,1
599446,flayer8,4.34539,3.34589,-0.270102,-0.130556,1
599447,player,5.62402,11.7316,-0.153135,0.152433,1
599447,flayer7,12,9.22089,-0.3,0,2
599447,bullet3,15.1237,10.6518,0.8,0,1
599447,bullet5,10.5682,11.2179,0.8,0,1
599447,bullet6,6.02402,11.7316,0.8,0,1
599449,bullet2,5.9241,11.831,0.8,0,1
599451,flayer8,2.99488,2.69311,-0.270102,-0.130556,1
599452,player,4.60582,11.2963,-0.40867,-0.0655309,1
599452,flayer7,10.5,9.22089,-0.3,0,2
599452,bullet5,14.5682,11.2179,0.8,0,1
599452,bullet6,10.024,11.7316,0.8,0,1
599453,bullet1,4.82192,11.2668,0.8,0,1
599454,bullet2,9.9241,11.831,0.8,0,1
599456,flayer8,1.64437,2.04033,-0.270102,-0.130556,1
599457,player,5.17284,10.6859,0.398303,-0.069553,1
599457,flayer7,9,9.22089,-0.3,0,2
599457,bullet6,14.024,11.7316,0.8,0,1
599458,bullet1,8.82192,11.2668,0.8,0,1
599459,bullet2,13.9241,11.831,0.8,0,1
599461,flayer8,0.293854,1.38756,-0.270102,-0.130556,1
599462,player,6.63891,11.4387,0.106448,-0.239685,1
599462,flayer7,7.5,9.22089,-0.3,0,2
599463,flyer3,16.5,6.30762,-0.225205,0.198199,2
599463,bullet1,12.8219,11.2668,0.8,0,1
599464,flyer2,16.5,6.30762,-0.279625,0.108674,2
599465,bullet4,7.67578,10.7028,0.8,0,1
599467,player,6.98921,10.3064,-0.321696,-0.355762,1
599467,flayer7,5.99999,9.22089,-0.3,0,2
599468,flyer3,15.374,7.29862,-0.225205,0.198199,2
599469,flyer2,15.1019,6.85099,-0.279625,0.108674,2
599470,bullet4,11.6758,10.7028,0.8,0,1
599470,bullet3,6.66061,9.55252,0.8,0,1
599472,player,6.14238,9.43226,-0.0366909,-0.0373195,1
599472,flayer7,4.49999,9.22089,-0.3,0,2
599473,flyer3,14.248,8.28962,-0.225205,0.198199,2
599474,flyer2,13.7038,7.39436,-0.279625,0.108674,2
599475,bullet4,15.6758,10.7028,0.8,0,1
599475,bullet3,10.6606,9.55252,0.8,0,1
599476,bullet5,6.54435,8.84526,0.8,0,1
599477,player,6.12676,8.81382,-0.0175921,-0.0314433,1
599477,flayer7,2.99999,9.22089,-0.3,0,2
599478,flyer3,13.1219,9.28061,-0.225205,0.198199,1
599479,flyer2,12.3056,7.93774,-0.279625,0.108674,2
599481,bullet5,10.5444,8.84526,0.8,0,1
599482,player,5.18666,8.45107,-0.368579,-0.33808,1
599482,flayer7,1.49999,9.22089,-0.3,0,2
599483,flyer3,11.9959,10.2716,-0.225205,0.198199,1
599484,flyer2,10.9075,8.48111,-0.279625,0.108674,1
599484,bullet6,5.34616,8.23047,0.8,0,1
599486,bullet2,5.29746,8.1858,0.8,0,1
599487,player,5.22816,7.84206,0.330699,-0.343739,1
599487,flayer7,-6.4373e-06,9.22089,-0.3,0,2
599488,flyer3,10.8699,11.2626,-0.225205,0.198199,1
599489,flyer2,9.50938,9.02448,-0.279625,0.108674,0
599489,bullet1,5.04394,7.61777,-0.8,-6.99382e-08,1
599491,bullet2,9.29746,8.1858,0.8,0,1
599492,player,5.27352,7.56601,0.275259,-0.00634294,1
599493,flyer3,9.74387,12.2536,-0.225205,0.198199,1
599493,bullet4,5.79738,7.56315,0.8,0,1
599494,bullet1,1.04394,7.61777,-0.8,-6.99382e-08,1
599496,flyer1,16.5,6.30762,-0.255488,-0.157245,2
599496,bullet2,13.2975,8.1858,0.8,0,1
599496,bullet3,5.88949,7.56103,0.8,0,1
599497,player,5.15707,7.89842,-0.332421,0.337383,1
599498,flyer3,8.61784,13.2446,-0.225205,0.198199,1
599498,bullet4,9.79738,7.56315,0.8,0,1
599499,bullet5,5.34017,8.11856,0.8,0,1
599501,flyer1,15.2226,5.5214,-0.255488,-0.157245,2
599501,bullet3,9.88949,7.56103,0.8,0,1
599502,player,5.78533,7.61165,0.39971,-0.0621181,1
599503,flyer3,7.49182,14.2356,-0.225205,0.198199,1
599503,bullet4,13.7974,7.56315,0.8,0,1
599504,bullet5,9.34017,8.11856,0.8,0,1
599506,flyer1,13.9451,4.73517,-0.255488,-0.157245,2
599506,bullet3,13.8895,7.56103,0.8,0,1
599507,player,5.99339,6.95944,0.145411,-0.0149859,1
599507,bullet6,6.39339,6.95944,0.8,0,1
599508,flyer3,6.3658,15.2266,-0.225205,0.198199,1
599509,bullet5,13.3402,8.11856,0.8,0,1
599509,bullet1,6.48827,6.94967,0.8,0,1
599510,bullet2,6.50152,6.9483,0.8,0,1
599511,flyer1,12.6677,3.94895,-0.255488,-0.157245,2
599512,player,6.11017,6.94741,0.00268325,-0.000276531,1
599512,bullet6,10.3934,6.95944,0.8,0,1
599513,flyer3,5.23978,16.2176,-0.225205,0.198199,1
599513,bullet4,6.51138,6.94729,0.8,0,1
599514,bullet1,10.4883,6.94967,0.8,0,1
599515,bullet2,10.5015,6.9483,0.8,0,1
599516,flyer1,11.3903,3.16272,-0.255488,-0.157245,2
599517,player,6.44983,6.94719,0.33755,-5.10278e-06,1
599517,bullet6,14.3934,6.95944,0.8,0,1
599518,bullet4,10.5114,6.94729,0.8,0,1
599519,bullet1,14.4883,6.94967,0.8,0,1
599520,bullet2,14.5015,6.9483,0.8,0,1
599520,bullet3,7.10084,7.43656,0.8,0,1
599521,flyer1,10.1128,2.3765,-0.255488,-0.157245,2
599522,player,6.38341,7.53566,-0.331271,0.0307546,1
599523,flyer5,16.5,13.4562,-0.299826,0.0102196,2
599523,bullet4,14.5114,6.94729,0.8,0,1
599524,bullet5,6.56725,7.55573,0.8,0,1
599525,bullet3,11.1008,7.43656,0.8,0,1
599526,flyer1,8.83538,1.59027,-0.255488,-0.157245,2
599527,player,6.94424,7.56036,0.483262,0.000567509,1
599528,flyer5,15.0009,13.5073,-0.299826,0.0102196,2
599529,bullet5,10.5673,7.55573,0.8,0,1
599529,bullet6,7.65957,7.56073,0.8,0,1
599530,bullet3,15.1008,7.43656,0.8,0,1
599531,flyer1,7.55794,0.804049,-0.255488,-0.157245,2
599532,player,7.33234,8.11853,0.00891754,0.0683542,1
599532,bullet1,7.73234,8.11853,0.8,0,1
599533,flyer5,13.5017,13.5584,-0.299826,0.0102196,2
599533,bullet2,7.73635,8.14929,0.8,0,1
599534,bullet5,14.5673,7.55573,0.8,0,1
599534,bullet6,11.6596,7.56073,0.8,0,1
599536,flyer1,6.2805,0.0178241,-0.255488,-0.157245,2
599537,player,7.002,8.17343,-0.337335,0.00126133,1
599537,bullet1,11.7323,8.11853,0.8,0,1
599538,flyer5,12.0026,13.6095,-0.299826,0.0102196,2
599538,bullet2,11.7364,8.14929,0.8,0,1
599539,bullet6,15.6596,7.56073,0.8,0,1
599541,flyer6,16.5,13.4562,-0.297393,-0.0394656,2
599542,player,6.17338,7.61672,-0.0745685,-0.0683205,1
599542,bullet1,15.7323,8.11853,0.8,0,1
599543,flyer5,10.5035,13.6606,-0.299826,0.0102196,2
599543,flyer4,16.5,13.4562,-0.253216,0.160878,2
599543,bullet2,15.7364,8.14929,0.8,0,1
599544,flayer8,16.5,13.4562,-0.255751,0.156817,2
599544,bullet4,7.01409,8.06152,0.8,0,1
599546,flyer6,15.013,13.2589,-0.297393,-0.0394656,2
599547,player,7.54268,8.16417,0.501839,0.0125789,1
599548,flyer5,9.00436,13.7117,-0.299826,0.0102196,2
599548,flyer4,15.2339,14.2606,-0.253216,0.160878,2
599549,flayer8,15.2212,14.2403,-0.255751,0.156817,2
599549,bullet4,11.0141,8.06152,0.8,0,1
599549,bullet3,8.27013,8.17238,0.8,0,1
599551,flyer6,13.5261,13.0616,-0.297393,-0.0394656,2
599552,player,8.43507,8.17427,0.161135,0.000232116,1
599553,flyer5,7.50523,13.7628,-0.299826,0.0102196,2
599553,flyer4,13.9678,15.065,-0.253216,0.160878,2
599554,flayer8,13.9425,15.0244,-0.255751,0.156817,2
599554,bullet4,15.0141,8.06152,0.8,0,1
599554,bullet3,12.2701,8.17238,0.8,0,1
599556,flyer6,12.0391,12.8642,-0.297393,-0.0394656,2
599557,player,8.06126,7.58598,-0.131987,-0.0307504,1
599558,flyer5,6.0061,13.8139,-0.299826,0.0102196,2
599558,flyer4,12.7018,15.8694,-0.253216,0.160878,2
599559,flayer8,12.6637,15.8085,-0.255751,0.156817,2
599559,bullet3,16.2701,8.17238,0.8,0,1
599560,bullet5,7.00539,7.56311,-0.8,-6.99382e-08,1
599561,flyer6,10.5521,12.6669,-0.297393,-0.0394656,2
599561,bullet6,7.76923,7.56185,0.8,0,1
599562,player,7.35295,7.56129,-0.0162751,-0.000567432,1
599563,flyer5,4.50697,13.865,-0.299826,0.0102196,2
599565,bullet5,3.00539,7.56311,-0.8,-6.99382e-08,1
599565,bullet1,7.74085,7.00315,0.8,0,1
599566,flyer6,9.06518,12.4696,-0.297393,-0.0394656,2
599566,bullet6,11.7692,7.56185,0.8,0,1
599567,player,7.67738,7.29602,0.3372,0.32365,1
599568,flyer5,3.00784,13.9161,-0.299826,0.0102196,2
599568,bullet2,8.22912,7.44166,0.8,0,1
599570,bullet1,11.7408,7.00315,0.8,0,1
599571,flyer6,7.57822,12.2722,-0.297393,-0.0394656,2
599571,bullet6,15.7692,7.56185,0.8,0,1
599572,player,8.1684,7.21844,-0.262934,-0.331528,1
599573,flyer5,1.50871,13.9672,-0.299826,0.0102196,2
599573,bullet2,12.2291,7.44166,0.8,0,1
599574,bullet4,8.39683,7.00212,0.8,0,1
599575,bullet1,15.7408,7.00315,0.8,0,1
599575,bullet3,8.37287,6.9719,0.8,0,1
599576,flyer6,6.09125,12.0749,-0.297393,-0.0394656,2
599577,player,7.95724,6.95219,-0.00485187,-0.00611762,1
599577,bullet5,8.35724,6.95219,0.8,0,1
599578,flyer5,0.0095849,14.0183,-0.299826,0.0102196,2
599578,bullet2,16.2291,7.44166,0.8,0,1
599579,bullet4,12.3968,7.00212,0.8,0,1
599580,bullet3,12.3729,6.9719,0.8,0,1
599581,flyer6,4.60429,11.8776,-0.297393,-0.0394656,2
599582,player,7.73312,6.72706,0.269067,0.269043,1
599582,bullet5,12.3572,6.95219,0.8,0,1
599584,bullet4,16.3968,7.00212,0.8,0,1
599584,bullet6,8.30869,6.90261,0.8,0,1
599585,bullet3,16.3729,6.9719,0.8,0,1
599585,bullet1,8.3332,6.92713,0.8,0,1
599586,flyer6,3.11732,11.6802,-0.297393,-0.0394656,2
599587,player,7.9492,6.94313,0.00496504,0.00496461,1
599587,bullet5,16.3572,6.95219,0.8,0,1
599587,bullet2,8.3492,6.94313,0.8,0,1
599589,bullet6,12.3087,6.90261,0.8,0,1
599589,bullet4,8.35244,6.94637,0.8,0,1
599590,bullet1,12.3332,6.92713,0.8,0,1
599591,flyer6,1.63036,11.4829,-0.297393,-0.0394656,2
599592,player,7.95319,6.60961,9.16189e-05,-0.337408,1
599592,bullet2,12.3492,6.94313,0.8,0,1
599594,bullet6,16.3087,6.90261,0.8,0,1
599594,bullet4,12.3524,6.94637,0.8,0,1
599595,bullet1,16.3332,6.92713,0.8,0,1
599596,flyer6,0.143395,11.2856,-0.297393,-0.0394656,2
599596,flayer7,16.5,11.6672,-0.268577,-0.133665,2
599596,bullet3,8.35326,5.78715,0.8,0,1
599597,player,7.61576,6.08767,-0.337498,0.300519,1
599597,bullet2,16.3492,6.94313,0.8,0,1
599599,flyer2,16.5,11.6672,-0.3,0,2
599599,bullet4,16.3524,6.94637,0.8,0,1
599600,flyer3,16.5,11.6672,-0.283368,0.0985011,2
599601,flayer7,15.1571,10.9989,-0.268577,-0.133665,2
599601,bullet3,12.3533,5.78715,0.8,0,1
599601,bullet5,7.50867,6.32347,-0.8,-6.99382e-08,1
599602,player,7.9332,6.32902,0.0245269,0.00554542,1
599604,flyer2,15,11.6672,-0.3,0,2
599605,flyer3,15.0832,12.1597,-0.283368,0.0985011,2
599606,flayer7,13.8142,10.3306,-0.268577,-0.133665,2
599606,bullet3,16.3533,5.78715,0.8,0,1
599606,bullet5,3.50867,6.32347,-0.8,-6.99382e-08,1
599606,bullet6,7.79473,6.89108,0.8,0,1
599607,player,7.36442,6.92194,-0.0303021,0.030857,1
599609,flyer2,13.5,11.6672,-0.3,0,2
599610,flyer3,13.6663,12.6522,-0.283368,0.0985011,2
599611,flayer7,12.4713,9.66224,-0.268577,-0.133665,2
599611,bullet6,11.7947,6.89108,0.8,0,1
599612,player,6.73778,6.94672,-0.0143988,0.000569399,1
599612,bullet1,7.13778,6.94672,0.8,0,1
599613,bullet2,7.1313,6.94698,0.8,0,1
599614,flyer2,12,11.6672,-0.3,0,2
599615,flyer3,12.2495,13.1447,-0.283368,0.0985011,2
599616,flayer7,11.1284,8.99392,-0.268577,-0.133665,2
599616,bullet6,15.7947,6.89108,0.8,0,1
599617,player,7.28393,6.94718,0.0680781,1.0507e-05,1
599617,bullet1,11.1378,6.94672,0.8,0,1
599618,bullet2,11.1313,6.94698,0.8,0,1
599619,flyer2,10.5,11.6672,-0.3,0,2
599619,bullet4,8.21773,6.94718,0.8,0,1
599620,flyer3,10.8326,13.6372,-0.283368,0.0985011,2
599621,flayer7,9.78556,8.32559,-0.268577,-0.133665,2
599622,player,7.94092,6.60969,0.0150958,-0.3375,1
599622,bullet1,15.1378,6.94672,0.8,0,1
599623,bullet2,15.1313,6.94698,0.8,0,1
599624,flyer2,9,11.6672,-0.3,0,2
599624,bullet4,12.2177,6.94718,0.8,0,1
599625,flyer3,9.4158,14.1298,-0.283368,0.0985011,2
599625,bullet3,8.35215,6.35871,0.8,0,1
599626,flayer7,8.44267,7.65727,-0.268577,-0.133665,2
599626,bullet5,8.35277,6.34487,0.8,0,1
599627,player,7.95304,6.33865,0.000278561,-0.00622782,1
599629,flyer2,7.5,11.6672,-0.3,0,2
599629,bullet4,16.2177,6.94718,0.8,0,1
599630,flyer3,7.99896,14.6223,-0.283368,0.0985011,2
599630,bullet3,12.3521,6.35871,0.8,0,1
