532220,player,12.9481,7.18812,0,0,1
532221,bullet1,13.3481,7.18812,0.8,0,1
532222,bullet2,13.3481,7.18812,0.8,0,1
532225,player,12.4587,7.33999,-0.151875,-0.185625,1
532227,bullet3,12.7596,7.21888,0.8,0,1
532229,bullet4,12.7396,7.19435,0.8,0,1
532230,player,12.3368,7.19092,-0.00280252,-0.0034253,1
532233,flyer1,16.5,4.35214,-0.3,0,2
532235,player,14.0147,7.17433,0.196418,0.0168519,1
532235,bullet5,14.4147,7.17433,0.8,0,1
532237,bullet6,14.5428,7.18533,0.8,0,1
532238,flyer1,15,4.35214,-0.3,0,2
532240,player,14.1724,7.18787,0.00362446,0.000310964,1
532241,bullet1,14.574,7.188,0.8,0,1
532242,bullet2,14.5748,7.18807,0.8,0,1
532243,flyer1,13.5,4.35214,-0.3,0,2
532245,player,14.3272,7.67749,-0.185558,0.151881,1
532248,flyer1,12,4.35214,-0.3,0,2
532248,bullet3,14.5892,7.79043,0.8,0,1
532249,bullet4,14.5816,7.79666,0.8,0,1
532250,player,14.1782,7.79946,-0.00342407,0.00280263,1
532252,bullet5,15.0653,7.80129,0.8,0,1
532253,flyer1,10.5,4.35214,-0.3,0,2
532254,bullet6,14.364,7.80166,-0.8,-6.99382e-08,1
532255,player,14.7777,7.80171,0.0137764,5.17163e-05,1
532255,flyer2,16.5,4.39973,-0.3,0,2
532258,flyer1,9,4.35214,-0.3,0,2
532258,bullet1,14.388,7.80175,-0.8,-6.99382e-08,1
532259,bullet6,10.364,7.80166,-0.8,-6.99382e-08,1
532259,bullet2,15.1885,7.80175,0.8,0,1
532260,player,14.7888,7.80175,0.000254214,9.54312e-07,1
532260,flyer2,15,4.39973,-0.3,0,2
532261,bullet3,15.1889,7.80175,0.8,0,1
532263,flyer1,7.5,4.35214,-0.3,0,2
532263,bullet1,10.388,7.80175,-0.8,-6.99382e-08,1
532263,bullet4,15.189,7.80175,0.8,0,1
532264,bullet6,6.36396,7.80166,-0.8,-6.99382e-08,1
532265,player,15.1265,8.13925,0.337505,0.3375,1
532265,flyer2,13.5,4.39973,-0.3,0,2
532266,bullet5,15.6784,8.29113,0.8,0,1
532268,flyer1,5.99999,4.35214,-0.3,0,2
532268,bullet1,6.38798,7.80175,-0.8,-6.99382e-08,1
532268,bullet2,14.9775,8.39022,-0.8,-6.99382e-08,1
532269,bullet6,2.36396,7.80166,-0.8,-6.99382e-08,1
532269,bullet3,15.7913,8.40406,0.8,0,1
532270,player,15.3975,8.41029,0.00622791,0.00622782,1
532270,flyer2,12,4.39973,-0.3,0,2
532273,flyer1,4.49999,4.35214,-0.3,0,2
532273,bullet1,2.38798,7.80175,-0.8,-6.99382e-08,1
532273,bullet2,10.9775,8.39022,-0.8,-6.99382e-08,1
532273,bullet4,14.4445,7.85721,-0.8,-6.99382e-08,1
532275,player,14.8002,7.81298,-0.0137247,-0.0137247,1
532275,flyer2,10.5,4.39973,-0.3,0,2
532275,bullet5,15.2002,7.81298,0.8,0,1
532278,flyer1,2.99999,4.35214,-0.3,0,2
532278,bullet2,6.97748,8.39022,-0.8,-6.99382e-08,1
532278,bullet4,10.4445,7.85721,-0.8,-6.99382e-08,1
532279,bullet3,15.6788,7.80221,0.8,0,1
532280,player,15.3469,7.80196,0.0680905,-0.000253259,1
532280,flyer2,9,4.39973,-0.3,0,2
532281,bullet6,15.7776,7.80184,0.8,0,1
532283,flyer1,1.49999,4.35214,-0.3,0,2
532283,bullet2,2.97748,8.39022,-0.8,-6.99382e-08,1
532283,bullet4,6.44446,7.85721,-0.8,-6.99382e-08,1
532283,bullet1,15.7976,7.80177,0.8,0,1
532285,player,15.4016,7.80176,0.00125646,-4.67334e-06,1
532285,flyer2,7.5,4.39973,-0.3,0,2
532285,bullet5,15.8016,7.80176,0.8,0,1
532286,bullet3,15.8022,7.80175,0.8,0,1
532288,flyer1,-6.4373e-06,4.35214,-0.3,0,2
532288,flyer3,16.5,4.39973,-0.3,0,2
532288,bullet4,2.44446,7.85721,-0.8,-6.99382e-08,1
532288,bullet6,15.8026,7.80175,0.8,0,1
532289,bullet1,15.8026,7.80175,0.8,0,1
532290,player,15.4026,7.80175,2.31852e-05,-8.62363e-08,1
532290,flyer2,5.99999,4.39973,-0.3,0,2
532290,flyer4,16.5,4.39973,-0.3,0,2
532291,bullet5,15.8026,7.80175,0.8,0,1
532292,flyer5,16.5,4.39973,-0.3,0,2
532293,flyer3,15,4.39973,-0.3,0,2
532295,player,14.8449,7.80175,-0.0683433,-1.5913e-09,1
532295,flyer2,4.49999,4.39973,-0.3,0,2
532295,flyer4,15,4.39973,-0.3,0,2
532295,bullet3,14.4449,7.80175,-0.8,-6.99382e-08,1
532297,flyer5,15,4.39973,-0.3,0,2
532298,flyer3,13.5,4.39973,-0.3,0,2
532298,bullet2,15.7518,7.80175,0.8,0,1
532300,player,15.3924,8.29113,0.0125785,0.151875,1
532300,flyer2,2.99999,4.39973,-0.3,0,2
532300,flyer4,13.5,4.39973,-0.3,0,2
532300,bullet3,10.4449,7.80175,-0.8,-6.99382e-08,1
532301,bullet6,15.798,8.35947,0.8,0,1
532302,flyer5,13.5,4.39973,-0.3,0,2
532303,flyer3,12,4.39973,-0.3,0,2
532305,player,15.4025,7.33525,0.000232108,-0.179827,1
532305,flyer2,1.49999,4.39973,-0.3,0,2
532305,flyer4,12,4.39973,-0.3,0,2
532305,bullet3,6.44493,7.80175,-0.8,-6.99382e-08,1
532306,bullet1,15.8026,7.25433,0.8,0,1
532307,flyer5,12,4.39973,-0.3,0,2
532308,flyer3,10.5,4.39973,-0.3,0,2
532310,player,15.6,8.23793,0,0.2169,1
532310,flyer2,-6.4373e-06,4.39973,-0.3,0,2
532310,flyer4,10.5,4.39973,-0.3,0,2
532310,bullet3,2.44493,7.80175,-0.8,-6.99382e-08,1
532311,bullet4,16,8.33554,0.8,0,1
532312,flyer5,10.5,4.39973,-0.3,0,2
532313,flyer3,9,4.39973,-0.3,0,2
532314,flyer6,16.5,4.39973,-0.3,0,2
532315,player,15.6,8.41212,0,0.00400242,1
532315,flyer4,9,4.39973,-0.3,0,2
532317,flyer5,9,4.39973,-0.3,0,2
532318,flyer3,7.5,4.39973,-0.3,0,2
532319,flyer6,15,4.39973,-0.3,0,2
532320,player,15.6,8.34699,0,0.0836051,1
532320,flyer4,7.5,4.39973,-0.3,0,2
532322,flyer5,7.5,4.39973,-0.3,0,2
532322,bullet5,16,8.40154,0.8,0,1
532323,flyer3,5.99999,4.39973,-0.3,0,2
532324,flyer6,13.5,4.39973,-0.3,0,2
532325,player,15.6,7.85641,0,-0.066801,1
532325,flyer4,5.99999,4.39973,-0.3,0,2
532325,bullet2,16,7.85641,0.8,0,1
532326,bullet6,16,7.82635,0.8,0,1
532327,flyer5,5.99999,4.39973,-0.3,0,2
532328,flyer3,4.49999,4.39973,-0.3,0,2
532328,bullet1,16,7.80674,0.8,0,1
532329,flyer6,12,4.39973,-0.3,0,2
532330,player,15.6,7.31339,0,-0.153108,1
532330,flyer4,4.49999,4.39973,-0.3,0,2
532332,flyer5,4.49999,4.39973,-0.3,0,2
532332,bullet4,16,7.21349,0.8,0,1
532333,flyer3,2.99999,4.39973,-0.3,0,2
532334,flyer6,10.5,4.39973,-0.3,0,2
532335,player,15.0423,7.74815,-0.0683438,0.0655185,1
532335,flyer4,2.99999,4.39973,-0.3,0,2
532335,bullet3,15.4423,7.74815,0.8,0,1
532337,flyer5,2.99999,4.39973,-0.3,0,2
532337,bullet5,15.3977,7.79091,0.8,0,1
532338,flyer3,1.49999,4.39973,-0.3,0,2
532339,flyer6,9,4.39973,-0.3,0,2
532340,player,14.4297,7.80077,-0.0696049,0.001209,1
532340,flyer4,1.49999,4.39973,-0.3,0,2
532342,flyer5,1.49999,4.39973,-0.3,0,2
532343,flyer3,-6.4373e-06,4.39973,-0.3,0,2
532343,bullet2,14.7779,7.3123,0.8,0,1
532344,flyer6,7.5,4.39973,-0.3,0,2
532345,player,14.3738,6.87577,-0.00128441,-0.368232,1
532345,flyer4,-6.4373e-06,4.39973,-0.3,0,2
532346,flayer7,16.5,12.1326,-0.255613,-0.157041,2
532347,flyer5,-6.4373e-06,4.39973,-0.3,0,2
532347,flayer8,16.5,3.7398,-0.251143,0.164096,2
532348,bullet6,14.7728,6.60194,0.8,0,1
532349,flyer6,5.99999,4.39973,-0.3,0,2
532350,player,14.3727,6.58005,-2.37009e-05,-0.00679492,1
532350,bullet1,14.7727,6.58005,0.8,0,1
532351,flayer7,15.2219,11.3474,-0.255613,-0.157041,2
532352,flayer8,15.2443,4.56028,-0.251143,0.164096,2
532352,bullet4,14.7727,6.57561,0.8,0,1
532354,flyer6,4.49999,4.39973,-0.3,0,2
532355,player,14.9304,6.57459,0.0683433,-0.000125385,1
532355,flyer1,16.5,3.7398,-0.294191,0.0587531,2
532356,flayer7,13.9439,10.5622,-0.255613,-0.157041,2
532357,flayer8,13.9886,5.38076,-0.251143,0.164096,2
532359,flyer6,2.99999,4.39973,-0.3,0,2
532360,player,15.543,6.08511,0.0696049,-0.151877,1
532360,flyer1,15.029,4.03356,-0.294191,0.0587531,2
532361,flayer7,12.6658,9.77698,-0.255613,-0.157041,2
532362,flayer8,12.7329,6.20124,-0.251143,0.164096,2
532364,flyer6,1.49999,4.39973,-0.3,0,2
532365,player,14.7457,5.63948,0.29419,-0.357218,1
532365,flyer1,13.5581,4.32733,-0.294191,0.0587531,2
532366,flayer7,11.3877,8.99177,-0.255613,-0.157041,2
532367,flayer8,11.4771,7.02171,-0.251143,0.164096,2
532368,bullet3,15.3644,4.81613,0.8,0,1
532369,flyer6,-6.4373e-06,4.39973,-0.3,0,2
532369,bullet5,15.3765,4.77073,0.8,0,1
532370,player,14.9819,4.7503,0.00542864,-0.0204313,1
532370,flyer1,12.0871,4.62109,-0.294191,0.0587531,2
532371,flayer7,10.1097,8.20657,-0.255613,-0.157041,2
532371,flyer2,16.5,3.7398,-0.3,0,2
532371,bullet2,15.3844,4.7411,0.8,0,1
532372,flayer8,10.2214,7.84219,-0.251143,0.164096,2
532373,bullet6,15.386,4.7351,0.8,0,1
532375,player,14.9863,4.73389,0.000100174,-0.000377015,1
532375,flyer1,10.6162,4.91486,-0.294191,0.0587531,2
532375,bullet1,15.3863,4.73389,0.8,0,1
532376,flayer7,8.8316,7.42137,-0.255613,-0.157041,2
532376,flyer2,15,3.7398,-0.3,0,2
532376,bullet4,15.3863,4.73372,0.8,0,1
532377,flayer8,8.96572,8.66267,-0.251143,0.164096,2
532379,bullet3,15.3863,4.73359,0.8,0,1
532380,player,14.9863,4.73359,1.84848e-06,-6.95698e-06,1
532380,flyer1,9.14524,5.20862,-0.294191,0.0587531,2
532381,flayer7,7.55353,6.63616,-0.255613,-0.157041,2
532381,flyer2,13.5,3.7398,-0.3,0,2
532382,flayer8,7.71001,9.48315,-0.251143,0.164096,2
532383,bullet5,15.8757,5.22295,0.8,0,1
532385,player,15.6,5.32205,0,0.0307546,1
532385,flyer1,7.67429,5.50239,-0.294191,0.0587531,2
532386,flayer7,6.27547,5.85096,-0.255613,-0.157041,2
532386,flyer2,12,3.7398,-0.3,0,2
532387,flayer8,6.4543,10.3036,-0.251143,0.164096,2
532390,player,15.6,4.51988,0,-0.488807,1
532390,flyer1,6.20333,5.79615,-0.294191,0.0587531,2
532391,flayer7,4.9974,5.06575,-0.255613,-0.157041,2
532391,flyer2,10.5,3.7398,-0.3,0,2
532392,flayer8,5.19859,11.1241,-0.251143,0.164096,2
532393,bullet2,15.5106,4.64576,0.8,0,1
532395,player,15.0115,4.71579,-0.0307547,0.0217348,1
532395,flyer1,4.73238,6.08992,-0.294191,0.0587531,2
532395,bullet6,15.4115,4.71579,0.8,0,1
532396,flayer7,3.71933,4.28054,-0.255613,-0.157041,2
532396,flyer2,9,3.7398,-0.3,0,2
532397,flayer8,3.94287,11.9446,-0.251143,0.164096,2
532399,bullet1,15.3874,4.14438,0.8,0,1
532400,player,14.9868,4.13094,-0.00056751,-0.0134385,1
532400,flyer1,3.26143,6.38368,-0.294191,0.0587531,2
532400,bullet4,15.3868,4.13094,0.8,0,1
532401,flayer7,2.44127,3.49534,-0.255613,-0.157041,2
532401,flyer2,7.5,3.7398,-0.3,0,2
532402,flayer8,2.68716,12.7651,-0.251143,0.164096,2
532402,bullet3,15.3865,4.12217,0.8,0,1
532405,player,15.5441,4.67786,0.0683333,0.0680958,1
532405,flyer1,1.79048,6.67745,-0.294191,0.0587531,2
532405,bullet5,15.9441,4.67786,0.8,0,1
532406,flayer7,1.1632,2.71013,-0.255613,-0.157041,2
532406,flyer2,5.99999,3.7398,-0.3,0,2
532407,flayer8,1.43145,13.5855,-0.251143,0.164096,2
532410,player,15.6,5.89258,0,0.0834399,1
532410,flyer1,0.319524,6.97121,-0.294191,0.0587531,2
532410,bullet2,16,5.89258,0.8,0,1
532411,flayer7,-0.114866,1.92493,-0.255613,-0.157041,2
532411,flyer2,4.49999,3.7398,-0.3,0,2
532412,flayer8,0.175737,14.406,-0.251143,0.164096,2
532413,flyer3,16.5,14.6244,-0.3,0,2
532414,flyer4,16.5,3.7398,-0.3,0,2
532414,bullet6,14.9221,7.0359,0.8,0,1
532415,player,14.44,7.11962,-0.0821834,0.0837231,1
532416,flyer2,2.99999,3.7398,-0.3,0,2
532416,flyer5,16.5,14.6244,-0.3,0,2
532418,flyer3,15,14.6244,-0.3,0,2
532418,bullet1,15.2682,7.67125,0.8,0,1
532419,flyer4,15,3.7398,-0.3,0,2
532420,player,14.9624,7.77533,0.0292382,0.0322996,1
532420,bullet4,15.3624,7.77533,0.8,0,1
532421,flyer2,1.49999,3.7398,-0.3,0,2
532421,flyer5,15,14.6244,-0.3,0,2
532423,flyer3,13.5,14.6244,-0.3,0,2
532423,bullet3,15.3842,7.24163,0.8,0,1
532424,flyer4,13.5,3.7398,-0.3,0,2
532425,player,14.9859,7.19896,0.000539527,-0.0132436,1
532425,bullet5,15.3859,7.19896,0.8,0,1
532426,flyer2,-6.4373e-06,3.7398,-0.3,0,2
532426,flyer5,13.5,14.6244,-0.3,0,2
532428,flyer3,12,14.6244,-0.3,0,2
532428,flyer6,16.5,14.6244,-0.287296,0.0863781,2
532429,flyer4,12,3.7398,-0.3,0,2
532430,player,15.5441,7.40854,0.0683537,-0.269401,1
532431,flyer5,12,14.6244,-0.3,0,2
532433,flyer3,10.5,14.6244,-0.3,0,2
532433,flyer6,15.0635,15.0563,-0.287296,0.0863781,2
532434,flyer4,10.5,3.7398,-0.3,0,2
532435,player,15.1106,6.11434,-0.151875,-0.187601,1
532435,bullet2,15.5106,6.11434,0.8,0,1
532436,flyer5,10.5,14.6244,-0.3,0,2
532437,bullet6,15.4115,5.99193,0.8,0,1
532438,flyer3,9,14.6244,-0.3,0,2
532438,flyer6,13.627,15.4881,-0.287296,0.0863781,2
532438,bullet1,15.3977,5.97483,0.8,0,1
532439,flyer4,9,3.7398,-0.3,0,2
532440,player,14.6512,5.96368,-0.340303,-0.00346176,1
532441,flyer5,9,14.6244,-0.3,0,2
532443,flyer3,7.5,14.6244,-0.3,0,2
532443,flyer6,12.1906,15.92,-0.287296,0.0863781,2
532444,flyer4,7.5,3.7398,-0.3,0,2
532444,bullet4,14.7841,5.40324,0.8,0,1
532445,player,14.7154,5.37242,0.33122,-0.0308186,1
532446,flyer5,7.5,14.6244,-0.3,0,2
532448,flyer3,5.99999,14.6244,-0.3,0,2
532448,flyer6,10.7541,16.3519,-0.287296,0.0863781,2
532449,flyer4,5.99999,3.7398,-0.3,0,2
532450,player,15.5698,4.20148,0.0368666,-0.0996671,1
532450,flayer7,16.5,14.6244,-0.3,0,2
532450,bullet3,15.9698,4.20148,0.8,0,1
532451,flyer5,5.99999,14.6244,-0.3,0,2
532452,bullet5,15.9939,4.13645,0.8,0,1
532453,flyer3,4.49999,14.6244,-0.3,0,2
532454,flyer4,4.49999,3.7398,-0.3,0,2
532455,player,15.1101,4.27331,-0.151195,-0.187464,1
532455,flayer7,15,14.6244,-0.3,0,2
532456,flyer5,4.49999,14.6244,-0.3,0,2
532458,flyer3,2.99999,14.6244,-0.3,0,2
532458,bullet2,15.3976,4.13391,0.8,0,1
532459,flyer4,2.99999,3.7398,-0.3,0,2
532459,bullet6,15.3914,4.12622,0.8,0,1
532460,player,14.9886,4.12277,-0.00278997,-0.00345924,1
532460,flayer7,13.5,14.6244,-0.3,0,2
532461,flyer5,2.99999,14.6244,-0.3,0,2
532463,flyer3,1.49999,14.6244,-0.3,0,2
532464,flyer4,1.49999,3.7398,-0.3,0,2
532465,player,15.5887,3.53151,0.0137881,-0.0308185,1
532465,flayer7,12,14.6244,-0.3,0,2
532465,bullet1,15.9887,3.53151,0.8,0,1
532466,flyer5,1.49999,14.6244,-0.3,0,2
532468,flyer3,-6.4373e-06,14.6244,-0.3,0,2
532468,bullet4,16,2.95088,0.8,0,1
532469,flyer4,-6.4373e-06,3.7398,-0.3,0,2
532470,player,15.1106,3.39383,-0.151875,0.137467,1
532470,flayer7,10.5,14.6244,-0.3,0,2
532470,flyer1,16.5,14.1446,-0.3,0,2
532471,flyer5,-6.4373e-06,14.6244,-0.3,0,2
532471,flayer8,16.5,14.1446,-0.282431,0.101158,2
532473,flyer2,16.5,14.0726,-0.3,0,2
532473,bullet3,15.3977,4.05377,0.8,0,1
532475,player,14.9887,4.10654,-0.00280252,0.0163763,1
532475,flayer7,9,14.6244,-0.3,0,2
532475,flyer1,15,14.1446,-0.3,0,2
532475,bullet5,15.3887,4.10654,0.8,0,1
532476,flayer8,15.0878,14.6504,-0.282431,0.101158,2
532478,flyer2,15,14.0726,-0.3,0,2
532478,bullet2,15.3866,3.561,0.8,0,1
532480,player,14.6489,3.17988,-0.337552,-0.351037,1
532480,flayer7,7.5,14.6244,-0.3,0,2
532480,flyer1,13.5,14.1446,-0.3,0,2
532481,flayer8,13.6757,15.1562,-0.282431,0.101158,2
532482,bullet6,14.8286,2.95083,0.8,0,1
532483,flyer2,13.5,14.0726,-0.3,0,2
532485,player,14.7153,2.34025,0.331271,-0.0748214,1
532485,flayer7,5.99999,14.6244,-0.3,0,2
532485,flyer1,12,14.1446,-0.3,0,2
532486,flayer8,12.2635,15.662,-0.282431,0.101158,2
532486,bullet1,15.2644,2.30658,0.8,0,1
532488,flyer2,12,14.0726,-0.3,0,2
532488,bullet4,15.3617,2.28461,0.8,0,1
532490,player,14.9814,2.28016,0.00611289,-0.00138066,1
532490,flayer7,4.49999,14.6244,-0.3,0,2
532490,flyer1,10.5,14.1446,-0.3,0,2
532490,bullet3,15.3814,2.28016,0.8,0,1
532491,flayer8,10.8514,16.1678,-0.282431,0.101158,2
532491,bullet5,15.3841,2.27954,0.8,0,1
532493,flyer2,10.5,14.0726,-0.3,0,2
532493,bullet2,15.3859,2.27913,0.8,0,1
532495,player,14.9863,2.27905,0.0001128,-2.54772e-05,1
532495,flayer7,2.99999,14.6244,-0.3,0,2
532495,flyer1,9,14.1446,-0.3,0,2
532495,bullet6,15.3863,2.27905,0.8,0,1
532497,flyer6,16.5,14.0726,-0.3,0,2
532498,flyer2,9,14.0726,-0.3,0,2
532500,player,15.5887,1.119,0.0138417,-0.0821838,1
532500,flayer7,1.49999,14.6244,-0.3,0,2
532500,flyer1,7.5,14.1446,-0.3,0,2
532502,flyer6,15,14.0726,-0.3,0,2
532503,flyer2,7.5,14.0726,-0.3,0,2
532505,player,14.9975,0.4,-0.0135842,0,1
532505,flayer7,-6.4373e-06,14.6244,-0.3,0,2
532505,flyer1,5.99999,14.1446,-0.3,0,2
532507,flyer6,13.5,14.0726,-0.3,0,2
532507,flyer3,16.5,14.0726,-0.3,0,2
532508,flyer2,5.99999,14.0726,-0.3,0,2
532508,bullet1,14.8297,0.4,0.8,0,1
532510,player,14.8736,0.4,0.137785,0,1
532510,flyer1,4.49999,14.1446,-0.3,0,2
532511,bullet4,15.3356,0.4,0.8,0,1
532512,flyer6,12,14.0726,-0.3,0,2
532512,flyer3,15,14.0726,-0.3,0,2
532513,flyer2,4.49999,14.0726,-0.3,0,2
532515,player,14.4266,0.620219,-0.0658012,-0.269156,1
532515,flyer1,2.99999,14.1446,-0.3,0,2
532517,flyer6,10.5,14.0726,-0.3,0,2
532517,flyer3,13.5,14.0726,-0.3,0,2
532518,flyer2,2.99999,14.0726,-0.3,0,2
532520,player,14.9314,0.472407,0.0671295,-0.0884979,1
532520,flyer1,1.49999,14.1446,-0.3,0,2
532522,flyer6,9,14.0726,-0.3,0,2
532522,flyer3,12,14.0726,-0.3,0,2
532522,bullet3,15.3752,0.414662,0.8,0,1
532523,flyer2,1.49999,14.0726,-0.3,0,2
532525,player,14.7651,0.4,0.270395,-0,1
532525,flyer1,-6.4373e-06,14.1446,-0.3,0,2
532527,flyer6,7.5,14.0726,-0.3,0,2
532527,flyer3,10.5,14.0726,-0.3,0,2
532527,flyer4,16.5,13.7294,-0.3,0,2
532528,flyer2,-6.4373e-06,14.0726,-0.3,0,2
532529,bullet5,15.3773,0.4,0.8,0,1
532530,player,14.9823,0.4,0.00498955,0,1
532530,bullet2,15.3823,0.4,0.8,0,1
532532,flyer6,5.99999,14.0726,-0.3,0,2
532532,flyer3,9,14.0726,-0.3,0,2
532532,flyer5,16.5,14.0726,-0.3,0,2
532532,flyer4,15,13.7294,-0.3,0,2
532532,bullet6,15.3855,0.4,0.8,0,1
532533,bullet1,15.386,0.4,0.8,0,1
532535,player,14.9863,0.4,9.20712e-05,0,1
532535,bullet4,15.3863,0.4,0.8,0,1
532537,flyer6,4.49999,14.0726,-0.3,0,2
532537,flyer3,7.5,14.0726,-0.3,0,2
532537,flyer5,15,14.0726,-0.3,0,2
532537,flyer4,13.5,13.7294,-0.3,0,2
532538,bullet3,15.3864,0.4,0.8,0,1
532540,player,15.4757,0.4,0.151877,0,1
532542,flyer6,2.99999,14.0726,-0.3,0,2
532542,flyer3,5.99999,14.0726,-0.3,0,2
532542,flyer5,13.5,14.0726,-0.3,0,2
532542,flyer4,12,13.7294,-0.3,0,2
532543,bullet5,15.431,0.957719,0.8,0,1
532545,player,15.3329,1.00231,0.326463,0.0138396,1
532547,flyer6,1.49999,14.0726,-0.3,0,2
532547,flyer3,4.49999,14.0726,-0.3,0,2
532547,flyer5,12,14.0726,-0.3,0,2
532547,flyer4,10.5,13.7294,-0.3,0,2
532548,bullet2,15.9757,0.454886,0.8,0,1
532550,player,15.5951,0.4,0.00602416,0,1
532552,flyer6,-6.4373e-06,14.0726,-0.3,0,2
532552,flyer3,2.99999,14.0726,-0.3,0,2
532552,flyer5,10.5,14.0726,-0.3,0,2
532552,flyer4,9,13.7294,-0.3,0,2
532552,bullet6,15.999,0.4,0.8,0,1
532554,flayer8,16.5,13.7294,-0.256352,-0.155832,2
532555,player,15.6,1.29522,0,0.405844,1
532557,flyer3,1.49999,14.0726,-0.3,0,2
532557,flyer5,9,14.0726,-0.3,0,2
532557,flyer4,7.5,13.7294,-0.3,0,2
532559,flayer8,15.2182,12.9502,-0.256352,-0.155832,2
532559,bullet1,15.2,1.12428,-0.8,-6.99382e-08,1
532560,player,15.6,1.06343,0,-0.0608548,1
532561,bullet4,16,1.03604,0.8,0,1
532562,flyer3,-6.4373e-06,14.0726,-0.3,0,2
532562,flyer5,7.5,14.0726,-0.3,0,2
532562,flyer4,5.99999,13.7294,-0.3,0,2
532563,bullet3,15.2,1.01817,-0.8,-6.99382e-08,1
532564,flayer8,13.9365,12.171,-0.256352,-0.155832,2
532564,bullet1,11.2,1.12428,-0.8,-6.99382e-08,1
532565,player,15.6,0.677055,0,-0.338623,1
532566,bullet5,16,0.524675,0.8,0,1
532567,flyer5,5.99999,14.0726,-0.3,0,2
532567,flyer4,4.49999,13.7294,-0.3,0,2
532568,bullet3,11.2,1.01817,-0.8,-6.99382e-08,1
532569,flayer8,12.6547,11.3919,-0.256352,-0.155832,2
532569,bullet1,7.2,1.12428,-0.8,-6.99382e-08,1
532570,player,15.6,0.894487,0,0.145626,1
532571,bullet2,15.2,0.960019,-0.8,-6.99382e-08,1
532572,flyer5,4.49999,14.0726,-0.3,0,2
532572,flyer4,2.99999,13.7294,-0.3,0,2
532573,bullet3,7.2,1.01817,-0.8,-6.99382e-08,1
532573,bullet6,16,1.00278,0.8,0,1
532574,flayer8,11.373,10.6127,-0.256352,-0.155832,2
532574,bullet1,3.2,1.12428,-0.8,-6.99382e-08,1
532575,player,15.6,0.673938,0,-0.334813,1
532576,bullet2,11.2,0.960019,-0.8,-6.99382e-08,1
532577,flyer5,2.99999,14.0726,-0.3,0,2
532577,flyer4,1.49999,13.7294,-0.3,0,2
532578,bullet3,3.2,1.01817,-0.8,-6.99382e-08,1
532578,bullet4,16,0.982681,0.8,0,1
532579,flayer8,10.0912,9.83358,-0.256352,-0.155832,2
532580,player,15.6,1.49674,0,0.159536,1
532581,bullet2,7.2,0.960019,-0.8,-6.99382e-08,1
532581,bullet5,16,1.56853,0.8,0,1
532582,flyer5,1.49999,14.0726,-0.3,0,2
532582,flyer4,-6.4373e-06,13.7294,-0.3,0,2
532584,flayer7,16.5,14.0726,-0.3,0,2
532584,flayer8,8.80943,9.05442,-0.256352,-0.155832,2
532584,bullet6,15.4423,2.17964,0.8,0,1
532585,player,14.674,2.21334,-0.368255,0.0336986,1
532586,bullet2,3.2,0.960018,-0.8,-6.99382e-08,1
532587,flyer5,-6.4373e-06,14.0726,-0.3,0,2
532588,bullet1,14.8002,2.2384,0.8,0,1
532589,flayer7,15,14.0726,-0.3,0,2
532589,flayer8,7.52767,8.27526,-0.256352,-0.155832,2
532589,bullet4,14.7851,2.23978,0.8,0,1
532590,player,14.3783,2.2404,-0.00679533,0.000621834,1
532591,flyer1,16.5,13.7294,-0.29903,-0.0241017,2
532591,bullet5,14.7752,2.24068,0.8,0,1
532592,bullet3,14.7738,2.2408,0.8,0,1
532594,flayer7,13.5,14.0726,-0.3,0,2
532594,flayer8,6.2459,7.49611,-0.256352,-0.155832,2
532595,player,14.0353,1.75152,-0.337625,-0.151864,1
532595,flyer2,16.5,8.9034,-0.279126,0.109949,2
532596,flyer1,15.0048,13.6089,-0.29903,-0.0241017,2
532598,bullet6,14.1843,1.63859,0.8,0,1
532599,flayer7,12,14.0726,-0.3,0,2
532599,flayer8,4.96414,6.71695,-0.256352,-0.155832,2
532599,bullet1,14.1704,1.63237,0.8,0,1
532600,player,13.7642,1.62956,-0.00623014,-0.00280231,1
532600,flyer2,15.1044,9.45315,-0.279126,0.109949,2
532601,flyer1,13.5097,13.4883,-0.29903,-0.0241017,2
532601,bullet2,14.1614,1.6283,0.8,0,1
532602,bullet4,14.1601,1.62774,0.8,0,1
532604,flayer7,10.5,14.0726,-0.3,0,2
532604,flayer8,3.68238,5.93779,-0.256352,-0.155832,2
532605,player,14.2486,2.11669,0.15176,0.151823,1
532605,flyer2,13.7087,10.0029,-0.279126,0.109949,2
532606,flyer1,12.0145,13.3678,-0.29903,-0.0241017,2
532608,bullet5,15.3191,1.67187,0.8,0,1
532609,flayer7,9,14.0726,-0.3,0,2
532609,flayer8,2.40062,5.15863,-0.256352,-0.155832,2
532610,player,14.9727,1.6363,0.01664,-0.011038,1
532610,flyer2,12.3131,10.5526,-0.279126,0.109949,2
532611,flyer1,10.5194,13.2473,-0.29903,-0.0241017,2
532612,bullet3,15.3836,1.6291,0.8,0,1
532614,flayer7,7.5,14.0726,-0.3,0,2
532614,flayer8,1.11886,4.37947,-0.256352,-0.155832,2
532615,player,15.4755,1.62744,0.152182,-0.000203683,1
532615,flyer2,10.9175,11.1024,-0.279126,0.109949,2
532615,bullet6,15.8755,1.62744,0.8,0,1
532616,flyer1,9.02424,13.1268,-0.29903,-0.0241017,2
532617,bullet1,15.9748,1.62731,0.8,0,1
532619,flayer7,5.99999,14.0726,-0.3,0,2
532619,flayer8,-0.162906,3.60031,-0.256352,-0.155832,2
532620,player,15.5977,1.62727,0.00280819,-3.75852e-06,1
532620,flyer2,9.52187,11.6521,-0.279126,0.109949,2
532621,flyer1,7.52909,13.0063,-0.29903,-0.0241017,2
532621,flyer6,16.5,13.7294,-0.221094,-0.202774,2
532621,bullet2,15.999,1.62727,0.8,0,1
532622,bullet4,15.9995,1.62727,0.8,0,1
532624,flayer7,4.49999,14.0726,-0.3,0,2
532625,player,15.6,1.62727,5.18189e-05,-6.93553e-08,1
532625,flyer2,8.12624,12.2019,-0.279126,0.109949,2
532626,flyer1,6.03394,12.8858,-0.29903,-0.0241017,2
532626,flyer6,15.3945,12.7155,-0.221094,-0.202774,2
532626,bullet5,16,1.62727,0.8,0,1
532628,bullet3,15.2,1.62727,-0.8,-6.99382e-08,1
532629,flayer7,2.99999,14.0726,-0.3,0,2
532629,bullet6,16,1.62727,0.8,0,1
532630,player,15.6,1.62727,9.56205e-07,-1.2798e-09,1
532630,flyer2,6.73062,12.7516,-0.279126,0.109949,2
532631,flyer1,4.53879,12.7653,-0.29903,-0.0241017,2
532631,flyer6,14.2891,11.7016,-0.221094,-0.202774,2
532633,bullet3,11.2,1.62727,-0.8,-6.99382e-08,1
532634,flayer7,1.49999,14.0726,-0.3,0,2
532634,bullet1,15.9692,2.18499,0.8,0,1
532635,player,15.5862,2.21574,0.0169151,0.0307547,1
532635,flyer2,5.33499,13.3014,-0.279126,0.109949,2
532636,flyer1,3.04364,12.6448,-0.29903,-0.0241017,2
532636,flyer6,13.1836,10.6877,-0.221094,-0.202774,2
532636,bullet2,15.9938,2.22958,0.8,0,1
532638,bullet3,7.19999,1.62727,-0.8,-6.99382e-08,1
532639,flayer7,-6.4373e-06,14.0726,-0.3,0,2
532640,player,15.1104,2.79816,-0.151563,0.0689113,1
532640,flyer2,3.93936,13.8511,-0.279126,0.109949,2
532641,flyer1,1.54848,12.5243,-0.29903,-0.0241017,2
532641,flyer6,12.0781,9.67388,-0.221094,-0.202774,2
532641,bullet4,15.4422,2.82917,0.8,0,1
532643,bullet3,3.19999,1.62727,-0.8,-6.99382e-08,1
532643,bullet5,15.3977,2.84941,0.8,0,1
532645,player,14.9886,2.8535,-0.00279676,0.00127161,1
532645,flyer2,2.54373,14.4009,-0.279126,0.109949,2
532645,bullet6,15.3886,2.8535,0.8,0,1
532646,flyer1,0.0533333,12.4038,-0.29903,-0.0241017,2
532646,flyer6,10.9726,8.66001,-0.221094,-0.202774,2
532646,bullet1,15.3874,2.85407,0.8,0,1
532648,flyer3,16.5,8.9034,-0.3,0,2
532648,bullet2,15.3866,2.85445,0.8,0,1
532650,player,15.4758,2.85453,0.151823,2.34647e-05,1
532650,flyer4,16.5,13.7294,-0.285358,-0.0925787,2
532650,flyer2,1.1481,14.9506,-0.279126,0.109949,2
532651,flyer6,9.86718,7.64614,-0.221094,-0.202774,2
532651,bullet4,15.9441,2.85454,0.8,0,1
532653,flyer3,15,8.9034,-0.3,0,2
532655,player,15.5977,2.85454,0.00280157,4.3299e-07,1
532655,flyer4,15.0732,13.2665,-0.285358,-0.0925787,2
532655,flyer2,-0.247527,15.5003,-0.279126,0.109949,2
532655,bullet5,15.9977,2.85454,0.8,0,1
532656,flyer6,8.76171,6.63227,-0.221094,-0.202774,2
532656,flyer5,16.5,8.9034,-0.3,0,2
532658,flyer3,13.5,8.9034,-0.3,0,2
532659,bullet6,16,2.75545,0.8,0,1
532660,player,15.6,2.80995,0,0.0545042,1
532660,flyer4,13.6464,12.8036,-0.285358,-0.0925787,2
532661,flyer6,7.65623,5.6184,-0.221094,-0.202774,2
532661,flyer5,15,8.9034,-0.3,0,2
532662,bullet3,16,2.84551,0.8,0,1
532663,flyer3,12,8.9034,-0.3,0,2
532663,bullet1,16,2.85048,0.8,0,1
532665,player,15.6,2.51622,0,-0.336494,1
532665,flyer4,12.2196,12.3407,-0.285358,-0.0925787,2
532666,flyer6,6.55076,4.60453,-0.221094,-0.202774,2
532666,flyer5,13.5,8.9034,-0.3,0,2
532667,bullet2,16,2.29666,0.8,0,1
532668,flyer3,10.5,8.9034,-0.3,0,2
532669,bullet4,15.2,2.2522,-0.8,-6.99382e-08,1
532670,player,15.6,1.90849,0,-0.343709,1
532670,flyer4,10.7928,11.8778,-0.285358,-0.0925787,2
532671,flyer6,5.44529,3.59066,-0.221094,-0.202774,2
532671,flyer5,12,8.9034,-0.3,0,2
532673,flyer3,9,8.9034,-0.3,0,2
532674,bullet4,11.2,2.2522,-0.8,-6.99382e-08,1
532674,bullet5,16,1.6388,0.8,0,1
532675,player,15.6,1.63246,0,-0.0063424,1
532675,flyer4,9.36604,11.4149,-0.285358,-0.0925787,2
532676,flyer6,4.33982,2.57679,-0.221094,-0.202774,2
532676,flyer5,10.5,8.9034,-0.3,0,2
532678,flyer3,7.5,8.9034,-0.3,0,2
532679,bullet4,7.2,2.2522,-0.8,-6.99382e-08,1
532680,player,15.2625,1.26346,-0.3375,0.444664,1
532680,flyer4,7.93925,10.952,-0.285358,-0.0925787,2
532681,flyer6,3.23435,1.56292,-0.221094,-0.202774,2
532681,flyer5,9,8.9034,-0.3,0,2
532683,flyer3,5.99999,8.9034,-0.3,0,2
532684,bullet4,3.2,2.2522,-0.8,-6.99382e-08,1
532684,bullet6,15.3977,1.61235,0.8,0,1
532685,player,14.9915,1.62056,-0.00622782,0.0082053,1
532685,flyer4,6.51246,10.4891,-0.285358,-0.0925787,2
532686,flyer6,2.12888,0.549048,-0.221094,-0.202774,2
532686,flyer5,7.5,8.9034,-0.3,0,2
532686,bullet3,15.3887,1.62425,0.8,0,1
532687,bullet1,15.3874,1.62591,0.8,0,1
532688,flyer3,4.49999,8.9034,-0.3,0,2
532689,bullet2,15.3866,1.627,0.8,0,1
532690,player,14.9865,1.62715,-0.000114921,0.000151411,1
532690,flyer4,5.08567,10.0262,-0.285358,-0.0925787,2
532690,bullet5,15.3865,1.62715,0.8,0,1
532691,flyer6,1.02341,-0.464822,-0.221094,-0.202774,2
532691,flyer5,5.99999,8.9034,-0.3,0,2
532692,flayer8,16.5,14.6085,-0.230993,-0.191422,2
532693,flyer3,2.99999,8.9034,-0.3,0,2
532694,bullet6,15.3864,1.13789,0.8,0,1
532695,player,14.9864,1.06955,-2.12061e-06,-0.068341,1
532695,flyer4,3.65888,9.56331,-0.285358,-0.0925787,2
532696,flyer5,4.49999,8.9034,-0.3,0,2
532696,bullet3,15.3864,1.0388,0.8,0,1
532697,flayer8,15.345,13.6514,-0.230993,-0.191422,2
532698,flyer3,1.49999,8.9034,-0.3,0,2
532700,player,15.2373,1.35217,-0.306745,0.336239,1
532700,flyer4,2.23209,9.10042,-0.285358,-0.0925787,2
532701,flyer5,2.99999,8.9034,-0.3,0,2
532702,flayer8,14.1901,12.6943,-0.230993,-0.191422,2
532703,flyer3,-6.4373e-06,8.9034,-0.3,0,2
532704,bullet4,15.2976,0.538142,0.8,0,1
532705,player,14.9464,0.462163,0.0488438,-0.0759788,1
532705,flyer4,0.805299,8.63752,-0.285358,-0.0925787,2
532706,flyer5,1.49999,8.9034,-0.3,0,2
532706,flayer7,16.5,8.9034,-0.289847,-0.077386,2
532707,flayer8,13.0351,11.7372,-0.230993,-0.191422,2
532710,player,14.9856,0.989619,0.000901306,0.0293527,1
532710,flyer1,16.5,14.6085,-0.3,0,2
532710,bullet1,15.3856,0.989619,0.8,0,1
532711,flyer5,-6.4373e-06,8.9034,-0.3,0,2
532711,flayer7,15.0508,8.51647,-0.289847,-0.077386,2
532712,flayer8,11.8802,10.7801,-0.230993,-0.191422,2
532713,flyer2,16.5,14.6085,-0.3,0,2
532715,player,14.497,0.4,-0.151858,0,1
532715,flyer1,15,14.6085,-0.3,0,2
532716,flayer7,13.6015,8.12954,-0.289847,-0.077386,2
532716,bullet2,14.8286,0.4,0.8,0,1
532717,flayer8,10.7252,9.82295,-0.230993,-0.191422,2
532718,flyer2,15,14.6085,-0.3,0,2
532720,player,13.7865,0.4,-0.0335569,0,1
532720,flyer1,13.5,14.6085,-0.3,0,2
532720,bullet5,14.1865,0.4,0.8,0,1
532721,flayer7,12.1523,7.74261,-0.289847,-0.077386,2
532722,flayer8,9.57023,8.86584,-0.230993,-0.191422,2
532723,flyer2,13.5,14.6085,-0.3,0,2
532723,bullet6,14.7193,0.4,0.8,0,1
532725,player,14.3619,0.4,0.0132204,0,1
532725,flyer1,12,14.6085,-0.3,0,2
532726,flayer7,10.7031,7.35568,-0.289847,-0.077386,2
532726,bullet3,14.7679,0.4,0.8,0,1
532727,flayer8,8.41527,7.90873,-0.230993,-0.191422,2
532727,bullet4,14.7705,0.4,0.8,0,1
532728,flyer2,12,14.6085,-0.3,0,2
532730,player,14.3725,0.4,0.000243953,-0,1
532730,flyer1,10.5,14.6085,-0.3,0,2
532731,flayer7,9.25382,6.96875,-0.289847,-0.077386,2
532731,bullet1,14.7726,0.4,0.8,0,1
532732,flayer8,7.2603,6.95162,-0.230993,-0.191422,2
532733,flyer2,10.5,14.6085,-0.3,0,2
532734,bullet2,14.7727,0.889375,0.8,0,1
532735,player,14.3727,0.957719,4.50163e-06,0.0683438,1
532735,flyer1,9,14.6085,-0.3,0,2
532736,flayer7,7.80458,6.58182,-0.289847,-0.077386,2
532737,flayer8,6.10534,5.99451,-0.230993,-0.191422,2
532738,flyer2,9,14.6085,-0.3,0,2
532739,bullet5,15.3612,1.59982,0.8,0,1
532740,player,14.975,1.61492,0.0138397,0.0151007,1
532740,flyer1,7.5,14.6085,-0.3,0,2
532741,flayer7,6.35534,6.19489,-0.289847,-0.077386,2
532741,bullet6,15.3813,1.62171,0.8,0,1
532742,flayer8,4.95038,5.0374,-0.230993,-0.191422,2
532743,flyer2,7.5,14.6085,-0.3,0,2
532745,player,15.5439,0.579952,0.0685991,-0.21994,1
532745,flyer1,5.99999,14.6085,-0.3,0,2
532746,flayer7,4.90611,5.80796,-0.289847,-0.077386,2
532746,bullet3,15.1747,0.480979,-0.8,-6.99382e-08,1
532747,flayer8,3.79541,4.08029,-0.230993,-0.191422,2
532747,bullet4,15.9886,0.436441,0.8,0,1
532748,flyer2,5.99999,14.6085,-0.3,0,2
532750,player,15.599,0.4,0.00126585,-0,1
532750,flyer1,4.49999,14.6085,-0.3,0,2
532751,flayer7,3.45687,5.42103,-0.289847,-0.077386,2
532751,bullet3,11.1747,0.480978,-0.8,-6.99382e-08,1
532752,flayer8,2.64045,3.12318,-0.230993,-0.191422,2
532753,flyer2,4.49999,14.6085,-0.3,0,2
532755,player,15.6,0.4,0,0,1
532755,flyer1,2.99999,14.6085,-0.3,0,2
532756,flayer7,2.00763,5.0341,-0.289847,-0.077386,2
532756,bullet3,7.17474,0.480978,-0.8,-6.99382e-08,1
532757,flayer8,1.48549,2.16607,-0.230993,-0.191422,2
532758,flyer2,2.99999,14.6085,-0.3,0,2
532760,player,15.2625,0.4,-0.3375,-0,1
532760,flyer1,1.49999,14.6085,-0.3,0,2
532761,flayer7,0.558398,4.64717,-0.289847,-0.077386,2
532761,bullet3,3.17474,0.480978,-0.8,-6.99382e-08,1
532762,flayer8,0.330523,1.20896,-0.230993,-0.191422,2
532763,flyer2,1.49999,14.6085,-0.3,0,2
532763,bullet1,15.9692,0.957719,0.8,0,1
532765,player,15.5938,1.00231,0.00761179,0.0138396,1
532765,flyer1,-6.4373e-06,14.6085,-0.3,0,2
532765,bullet2,15.9938,1.00231,0.8,0,1
532766,flyer6,16.5,14.6085,-0.3,0,2
532767,flyer3,16.5,14.6085,-0.3,0,2
532768,flyer2,-6.4373e-06,14.6085,-0.3,0,2
532768,flyer4,16.5,9.80786,-0.3,0,2
532768,bullet5,15.5101,0.52323,0.8,0,1
532770,player,15.0114,0.4,-0.0306142,-0,1
532770,flyer5,16.5,9.80786,-0.3,0,2
532771,flyer6,15,14.6085,-0.3,0,2
532772,flyer3,15,14.6085,-0.3,0,2
532773,flyer4,15,9.80786,-0.3,0,2
532773,bullet6,14.8309,0.957719,0.8,0,1
532775,player,14.3845,1.00231,-0.0144045,0.0138396,1
532775,flyer5,15,9.80786,-0.3,0,2
532775,bullet4,14.7845,1.00231,0.8,0,1
532776,flyer6,13.5,14.6085,-0.3,0,2
532776,bullet1,14.778,1.00854,0.8,0,1
532777,flyer3,13.5,14.6085,-0.3,0,2
532778,flyer4,13.5,9.80786,-0.3,0,2
532780,player,14.9307,1.01343,0.0680779,0.00025538,1
532780,flyer5,13.5,9.80786,-0.3,0,2
532780,bullet3,15.3307,1.01343,0.8,0,1
532781,flyer6,12,14.6085,-0.3,0,2
532781,bullet2,15.3613,1.01354,0.8,0,1
532782,flyer3,12,14.6085,-0.3,0,2
532783,flyer4,12,9.80786,-0.3,0,2
532783,bullet5,15.3813,1.01362,0.8,0,1
532785,player,14.9853,1.01363,0.00125623,4.71247e-06,1
532785,flyer5,12,9.80786,-0.3,0,2
532785,bullet6,15.3853,1.01363,0.8,0,1
532786,flyer6,10.5,14.6085,-0.3,0,2
532787,flyer3,10.5,14.6085,-0.3,0,2
532788,flyer4,10.5,9.80786,-0.3,0,2
532790,player,14.9863,0.4,2.3181e-05,-0,1
532790,flyer5,10.5,9.80786,-0.3,0,2
532791,flyer6,9,14.6085,-0.3,0,2
532792,flyer3,9,14.6085,-0.3,0,2
532792,bullet4,15.3864,0.4,0.8,0,1
532793,flyer4,9,9.80786,-0.3,0,2
532795,player,15.3239,0.4,0.3375,-0,1
532795,flyer5,9,9.80786,-0.3,0,2
532796,flyer6,7.5,14.6085,-0.3,0,2
532797,flyer3,7.5,14.6085,-0.3,0,2
532797,bullet1,15.9441,0.4,0.8,0,1
532798,flyer4,7.5,9.80786,-0.3,0,2
532799,bullet3,15.9887,0.4,0.8,0,1
532800,player,15.5949,0.4,0.00622783,0,1
532800,flyer5,7.5,9.80786,-0.3,0,2
532800,bullet2,15.9949,0.4,0.8,0,1
532801,flyer6,5.99999,14.6085,-0.3,0,2
532802,flyer3,5.99999,14.6085,-0.3,0,2
532803,flyer4,5.99999,9.80786,-0.3,0,2
532804,bullet5,16,0.4,0.8,0,1
532805,player,15.6,0.4,0,0,1
532805,flyer5,5.99999,9.80786,-0.3,0,2
532806,flyer6,4.49999,14.6085,-0.3,0,2
532807,flyer3,4.49999,14.6085,-0.3,0,2
532807,bullet6,15.5106,0.889375,0.8,0,1
532808,flyer4,4.49999,9.80786,-0.3,0,2
532810,player,15.4871,0.512938,0.138035,-0.138035,1
532810,flyer5,4.49999,9.80786,-0.3,0,2
532811,flyer6,2.99999,14.6085,-0.3,0,2
532811,bullet4,15.9492,0.450822,0.8,0,1
532812,flyer3,2.99999,14.6085,-0.3,0,2
532813,flyer4,2.99999,9.80786,-0.3,0,2
532814,bullet1,15.9954,0.894006,0.8,0,1
532815,player,15.5979,0.959803,0.00254714,0.0657966,1
532815,flyer5,2.99999,9.80786,-0.3,0,2
532816,flyer6,1.49999,14.6085,-0.3,0,2
532817,flyer3,1.49999,14.6085,-0.3,0,2
532818,flyer4,1.49999,9.80786,-0.3,0,2
532820,player,15.2625,1.37655,-0.3375,-0.443567,1
532820,flyer5,1.49999,9.80786,-0.3,0,2
532821,flyer6,-6.4373e-06,14.6085,-0.3,0,2
532822,flyer3,-6.4373e-06,14.6085,-0.3,0,2
532823,flyer4,-6.4373e-06,9.80786,-0.3,0,2
532823,flayer7,16.5,9.80786,-0.292645,-0.0660227,2
532824,flayer8,16.5,2.96666,-0.3,0,2
532825,player,14.5021,1.50971,-0.158103,0.14369,1
532825,flyer5,-6.4373e-06,9.80786,-0.3,0,2
532825,flyer1,16.5,2.96666,-0.3,0,2
532826,bullet3,14.8309,1.57437,0.8,0,1
532828,flayer7,15.0368,9.47774,-0.292645,-0.0660227,2
532828,flyer2,16.5,2.96666,-0.3,0,2
532829,flayer8,15,2.96666,-0.3,0,2
532829,bullet2,14.778,1.06473,0.8,0,1
532830,player,14.7126,1.03663,0.334583,-0.0281032,1
532830,flyer1,15,2.96666,-0.3,0,2
532833,flayer7,13.5736,9.14763,-0.292645,-0.0660227,2
532833,flyer2,15,2.96666,-0.3,0,2
532833,bullet5,15.3614,1.01573,0.8,0,1
532834,flayer8,13.5,2.96666,-0.3,0,2
532834,bullet6,15.3751,1.01458,0.8,0,1
532835,player,14.9813,1.01406,0.00617399,-0.000518583,1
532835,flyer1,13.5,2.96666,-0.3,0,2
532836,bullet4,15.3841,1.01383,0.8,0,1
532837,bullet1,15.3853,1.01372,0.8,0,1
532838,flayer7,12.1103,8.81752,-0.292645,-0.0660227,2
532838,flyer2,13.5,2.96666,-0.3,0,2
532839,flayer8,12,2.96666,-0.3,0,2
532840,player,14.9863,1.01364,0.000113927,-9.56932e-06,1
532840,flyer1,12,2.96666,-0.3,0,2
532840,bullet3,15.3863,1.01364,0.8,0,1
532843,flayer7,10.6471,8.4874,-0.292645,-0.0660227,2
532843,flyer2,12,2.96666,-0.3,0,2
532844,flayer8,10.5,2.96666,-0.3,0,2
532845,player,14.384,0.945293,-0.0138375,0.0835311,1
532845,flyer1,10.5,2.96666,-0.3,0,2
532847,bullet2,14.775,0.999797,0.8,0,1
532848,flayer7,9.18389,8.15729,-0.292645,-0.0660227,2
532848,flyer2,10.5,2.96666,-0.3,0,2
532848,bullet5,14.7737,1.00741,0.8,0,1
532849,flayer8,9,2.96666,-0.3,0,2
532850,player,14.3729,0.674875,-0.000255341,-0.335959,1
532850,flyer1,9,2.96666,-0.3,0,2
532851,bullet6,14.7728,0.523694,0.8,0,1
532853,flayer7,7.72066,7.82717,-0.292645,-0.0660227,2
532853,flyer2,9,2.96666,-0.3,0,2
532854,flayer8,7.5,2.96666,-0.3,0,2
532855,player,14.9304,0.962791,0.068339,0.0621444,1
532855,flyer1,7.5,2.96666,-0.3,0,2
532857,bullet4,15.375,1.00334,0.8,0,1
532858,flayer7,6.25744,7.49706,-0.292645,-0.0660227,2
532858,flyer2,7.5,2.96666,-0.3,0,2
532858,bullet1,15.3813,1.009,0.8,0,1
532859,flayer8,5.99999,2.96666,-0.3,0,2
532860,player,15.3228,1.3502,0.338761,0.338647,1
532860,flyer1,5.99999,2.96666,-0.3,0,2
532861,bullet3,15.8753,1.50259,0.8,0,1
532863,flayer7,4.79421,7.16694,-0.292645,-0.0660227,2
532863,flyer2,5.99999,2.96666,-0.3,0,2
532863,bullet2,15.9747,1.60202,0.8,0,1
532864,flayer8,4.49999,2.96666,-0.3,0,2
532865,player,15.2574,1.95966,-0.331249,0.343749,1
532865,flyer1,4.49999,2.96666,-0.3,0,2
532867,bullet5,15.4412,2.18396,0.8,0,1
532868,flayer7,3.33099,6.83683,-0.292645,-0.0660227,2
532868,flyer2,4.49999,2.96666,-0.3,0,2
532868,bullet6,15.411,2.21528,0.8,0,1
532869,flayer8,2.99999,2.96666,-0.3,0,2
532870,player,14.9914,1.89822,-0.00611247,-0.331157,1
532870,flyer1,2.99999,2.96666,-0.3,0,2
532873,flayer7,1.86777,6.50671,-0.292645,-0.0660227,2
532873,flyer2,2.99999,2.96666,-0.3,0,2
532873,bullet4,15.9445,1.65196,0.8,0,1
532874,flayer8,1.49999,2.96666,-0.3,0,2
532875,player,15.0994,1.1429,-0.138148,-0.157986,1
532875,flyer1,1.49999,2.96666,-0.3,0,2
532878,flayer7,0.404542,6.1766,-0.292645,-0.0660227,2
532878,flyer2,1.49999,2.96666,-0.3,0,2
532878,bullet1,15.9544,1.58314,0.8,0,1
532879,flayer8,-6.4373e-06,2.96666,-0.3,0,2
532880,player,15.6,1.95584,0,0.348424,1
532880,flyer1,-6.4373e-06,2.96666,-0.3,0,2
532881,flyer6,16.5,11.7099,-0.3,0,2
532881,bullet3,16,2.11263,0.8,0,1
532882,flyer3,16.5,2.96666,-0.279997,-0.107712,2
532883,flyer2,-6.4373e-06,2.96666,-0.3,0,2
532883,flyer4,16.5,11.7099,-0.292216,-0.0678966,2
532883,bullet2,16,2.21493,0.8,0,1
