203075,player,6.86131,10.3421,-0.3375,-0.3375,1
203080,player,8.57717,12.309,0.565331,0.258585,1
203083,bullet1,8.03985,12.5696,-0.8,-6.99382e-08,1
203085,player,8.42887,12.0411,-0.00340767,-0.164018,1
203085,bullet2,8.82887,12.0411,0.8,0,1
203087,bullet3,8.82665,11.4447,0.8,0,1
203088,bullet1,4.03985,12.5696,-0.8,-6.99382e-08,1
203089,bullet4,8.33682,11.8133,0.8,0,1
203090,player,7.53092,11.5273,-0.405907,-0.286022,1
203090,bullet2,12.8289,12.0411,0.8,0,1
203092,bullet3,12.8266,11.4447,0.8,0,1
203093,bullet1,0.0398513,12.5696,-0.8,-6.99382e-08,1
203094,bullet4,12.3368,11.8133,0.8,0,1
203094,bullet5,7.02395,10.7144,0.8,0,1
203095,player,6.60262,11.0328,-0.0213297,0.318382,1
203098,bullet6,6.98676,10.2224,0.8,0,1
203099,bullet4,16.3368,11.8133,0.8,0,1
203099,bullet5,11.024,10.7144,0.8,0,1
203099,bullet1,6.98589,10.1364,0.8,0,1
203100,player,6.58549,10.0977,-0.000393593,-0.0387192,1
203100,bullet2,6.9855,10.0977,0.8,0,1
203103,bullet6,10.9868,10.2224,0.8,0,1
203104,bullet5,15.024,10.7144,0.8,0,1
203104,bullet1,10.9859,10.1364,0.8,0,1
203105,player,6.0958,9.99822,-0.151882,0.0828168,1
203105,bullet2,10.9855,10.0977,0.8,0,1
203106,flyer1,16.5,10.6228,-0.264093,0.142319,2
203106,bullet3,6.42745,10.0355,0.8,0,1
203108,bullet6,14.9868,10.2224,0.8,0,1
203109,bullet1,14.9859,10.1364,0.8,0,1
203109,bullet4,5.81891,10.0632,0.8,0,1
203110,player,5.38535,10.0647,-0.0335573,0.0015282,1
203110,bullet2,14.9855,10.0977,0.8,0,1
203111,flyer1,15.1795,11.3344,-0.264093,0.142319,1
203111,bullet3,10.4275,10.0355,0.8,0,1
203113,bullet5,4.71331,9.50815,0.8,0,1
203114,bullet4,9.81891,10.0632,0.8,0,1
203115,player,4.16762,9.46364,-0.0452135,-0.0138114,1
203115,bullet6,4.56762,9.46364,0.8,0,1
203116,flyer1,13.8591,12.046,-0.264093,0.142319,1
203116,bullet3,14.4275,10.0355,0.8,0,1
203118,bullet5,8.71331,9.50815,0.8,0,1
203119,bullet4,13.8189,10.0632,0.8,0,1
203120,player,3.79381,9.30068,-0.338334,0.18537,1
203120,bullet6,8.56762,9.46364,0.8,0,1
203121,flyer1,12.5386,12.7576,-0.264093,0.142319,1
203122,bullet1,4.46242,8.93226,0.8,0,1
203123,bullet5,12.7133,9.50815,0.8,0,1
203125,player,4.68213,9.18473,0.0759401,0.327081,1
203125,bullet6,12.5676,9.46364,0.8,0,1
203126,flyer1,11.2181,13.4692,-0.264093,0.142319,1
203127,bullet1,8.46242,8.93226,0.8,0,1
203127,bullet2,4.64231,9.88753,0.8,0,1
203128,bullet3,4.58088,9.98568,0.8,0,1
203130,player,4.1408,10.0497,-0.0124383,0.0198752,1
203130,bullet4,4.5408,10.0497,0.8,0,1
203131,flyer1,9.89767,14.1808,-0.264093,0.142319,1
203132,bullet1,12.4624,8.93226,0.8,0,1
203132,bullet2,8.64231,9.88753,0.8,0,1
203133,bullet3,8.58088,9.98568,0.8,0,1
203135,player,4.35103,9.50796,-0.269386,-0.067977,1
203135,bullet4,8.5408,10.0497,0.8,0,1
203136,flyer1,8.5772,14.8924,-0.264093,0.142319,1
203137,bullet2,12.6423,9.88753,0.8,0,1
203137,bullet5,4.57526,9.4636,0.8,0,1
203138,bullet3,12.5809,9.98568,0.8,0,1
203140,player,3.64532,9.11587,-0.156846,-0.338754,1
203140,bullet4,12.5408,10.0497,0.8,0,1
203141,flyer1,7.25673,15.6039,-0.264093,0.142319,1
203142,bullet5,8.57526,9.4636,0.8,0,1
203142,bullet6,3.94298,8.40545,0.8,0,1
203143,bullet1,3.92868,8.30624,0.8,0,1
203145,player,3.51936,8.2415,-0.00289425,-0.0200906,1
203145,bullet2,3.91936,8.2415,0.8,0,1
203146,flyer1,5.93626,16.3155,-0.264093,0.142319,1
203147,bullet5,12.5753,9.4636,0.8,0,1
203147,bullet6,7.94298,8.40545,0.8,0,1
203148,bullet1,7.92868,8.30624,0.8,0,1
203150,player,3.62997,7.73599,-0.138089,-0.152246,1
203150,bullet2,7.91936,8.2415,0.8,0,1
203152,flyer2,16.5,10.6228,-0.3,0,2
203152,bullet6,11.943,8.40545,0.8,0,1
203153,bullet1,11.9287,8.30624,0.8,0,1
203153,bullet3,3.36957,8.1805,0.8,0,1
203155,player,3.40614,7.72666,0.135487,-0.140845,1
203155,bullet2,11.9194,8.2415,0.8,0,1
203157,flyer2,15,10.6228,-0.3,0,2
203157,bullet6,15.943,8.40545,0.8,0,1
203158,bullet1,15.9287,8.30624,0.8,0,1
203158,bullet3,7.36957,8.1805,0.8,0,1
203159,flyer3,16.5,10.6228,-0.297989,0.0346761,2
203159,bullet4,4.47016,7.05844,0.8,0,1
203160,player,4.10342,7.02508,0.0332548,-0.0333537,1
203160,bullet2,15.9194,8.2415,0.8,0,1
203162,flyer2,13.5,10.6228,-0.3,0,2
203163,bullet3,11.3696,8.1805,0.8,0,1
203164,flyer3,15.0101,10.7962,-0.297989,0.0346761,2
203164,bullet4,8.47016,7.05844,0.8,0,1
203164,bullet5,5.01889,7.48829,0.8,0,1
203165,player,4.68784,7.55602,0.0689574,0.0677283,1
203166,bullet6,5.11887,7.58649,0.8,0,1
203167,flyer2,12,10.6228,-0.3,0,2
203168,bullet3,15.3696,8.1805,0.8,0,1
203169,flyer3,13.5201,10.9696,-0.297989,0.0346761,2
203169,bullet4,12.4702,7.05844,0.8,0,1
203169,bullet5,9.01889,7.48829,0.8,0,1
203170,player,4.84232,6.53256,-0.119848,-0.18138,1
203171,bullet6,9.11888,7.58649,0.8,0,1
203172,flyer2,10.5,10.6228,-0.3,0,2
203174,flyer3,12.0302,11.1429,-0.297989,0.0346761,2
203174,bullet5,13.0189,7.48829,0.8,0,1
203175,player,3.69898,5.89752,-0.22243,-0.155222,1
203176,bullet6,13.1189,7.58649,0.8,0,1
203177,flyer2,9,10.6228,-0.3,0,2
203179,flyer3,10.5402,11.3163,-0.297989,0.0346761,2
203179,flyer4,16.5,6.41537,-0.3,0,2
203180,player,2.91803,4.58208,-0.0179441,-0.0474586,1
203181,flyer5,16.5,6.41537,-0.3,0,2
203182,flyer2,7.5,10.6228,-0.3,0,2
203183,bullet1,2.74697,3.98907,0.8,0,1
203184,flyer3,9.05028,11.4897,-0.297989,0.0346761,2
203184,flyer4,15,6.41537,-0.3,0,2
203185,player,1.81193,3.94165,-0.166046,-0.0147154,1
203186,flyer5,15,6.41537,-0.3,0,2
203186,bullet2,2.13721,3.93503,0.8,0,1
203187,flyer2,5.99999,10.6228,-0.3,0,2
203187,bullet3,2.10359,3.93205,0.8,0,1
203188,bullet1,6.74697,3.98907,0.8,0,1
203189,flyer3,7.56033,11.6631,-0.297989,0.0346761,2
203189,flyer4,13.5,6.41537,-0.3,0,2
203190,player,2.16796,3.44046,0.148811,-0.152147,1
203191,flyer5,13.5,6.41537,-0.3,0,2
203191,bullet2,6.13721,3.93503,0.8,0,1
203191,bullet4,1.83493,3.37199,-0.8,-6.99382e-08,1
203192,flyer2,4.49999,10.6228,-0.3,0,2
203192,bullet3,6.10359,3.93205,0.8,0,1
203193,bullet1,10.747,3.98907,0.8,0,1
203194,flyer3,6.07039,11.8365,-0.297989,0.0346761,2
203194,flyer4,12,6.41537,-0.3,0,2
203195,player,2.84519,3.80764,0.0710897,0.149067,1
203196,flyer5,12,6.41537,-0.3,0,2
203196,bullet2,10.1372,3.93503,0.8,0,1
203197,flyer2,2.99999,10.6228,-0.3,0,2
203197,bullet3,10.1036,3.93205,0.8,0,1
203198,bullet1,14.747,3.98907,0.8,0,1
203199,flyer3,4.58044,12.0099,-0.297989,0.0346761,2
203199,flyer4,10.5,6.41537,-0.3,0,2
203200,player,1.82443,5.00521,-0.181318,0.18538,1
203201,flyer5,10.5,6.41537,-0.3,0,2
203201,bullet2,14.1372,3.93503,0.8,0,1
203202,flyer2,1.49999,10.6228,-0.3,0,2
203202,bullet3,14.1036,3.93205,0.8,0,1
203204,flyer3,3.09049,12.1832,-0.297989,0.0346761,2
203204,flyer4,9,6.41537,-0.3,0,2
203204,bullet5,1.52444,5.15067,0.8,0,1
203205,player,1.09034,5.15409,-0.0341005,0.00342079,1
203206,flyer5,9,6.41537,-0.3,0,2
203206,bullet6,1.475,5.15562,0.8,0,1
203207,flyer2,-6.4373e-06,10.6228,-0.3,0,2
203207,bullet4,1.46809,5.15632,0.8,0,1
203209,flyer3,1.60055,12.3566,-0.297989,0.0346761,2
203209,flyer4,7.5,6.41537,-0.3,0,2
203209,bullet5,5.52444,5.15067,0.8,0,1
203209,bullet1,1.46359,5.15677,0.8,0,1
203210,player,1.06296,5.15683,-0.00062925,6.31232e-05,1
203211,flyer5,7.5,6.41537,-0.3,0,2
203211,bullet6,5.475,5.15562,0.8,0,1
203212,bullet4,5.46809,5.15632,0.8,0,1
203214,flyer3,0.110601,12.53,-0.297989,0.0346761,2
203214,flyer4,5.99999,6.41537,-0.3,0,2
203214,bullet5,9.52445,5.15067,0.8,0,1
203214,bullet1,5.46359,5.15677,0.8,0,1
203215,player,1.06245,4.56841,-1.16114e-05,-0.0307535,1
203216,flyer5,5.99999,6.41537,-0.3,0,2
203216,bullet6,9.475,5.15562,0.8,0,1
203217,bullet4,9.46809,5.15632,0.8,0,1
203219,flyer4,4.49999,6.41537,-0.3,0,2
203219,bullet5,13.5244,5.15067,0.8,0,1
203219,bullet1,9.46359,5.15677,0.8,0,1
203220,player,1.55182,4.05434,0.151875,-0.152442,1
203221,flyer5,4.49999,6.41537,-0.3,0,2
203221,bullet6,13.475,5.15562,0.8,0,1
203222,bullet4,13.4681,5.15632,0.8,0,1
203224,flyer4,2.99999,6.41537,-0.3,0,2
203224,bullet1,13.4636,5.15677,0.8,0,1
203224,bullet2,3.21718,2.78854,0.8,0,1
203225,player,2.86457,2.74113,0.0473968,-0.0474073,1
203225,bullet3,3.26457,2.74113,0.8,0,1
203226,flyer5,2.99999,6.41537,-0.3,0,2
203227,bullet5,3.2955,2.71019,0.8,0,1
203229,flyer4,1.49999,6.41537,-0.3,0,2
203229,bullet2,7.21718,2.78854,0.8,0,1
203230,player,2.75076,2.70306,0.1865,-0.000874798,1
203230,bullet3,7.26457,2.74113,0.8,0,1
203231,flyer5,1.49999,6.41537,-0.3,0,2
203232,bullet5,7.2955,2.71019,0.8,0,1
203232,bullet6,3.27245,2.70249,0.8,0,1
203234,flyer4,-6.4373e-06,6.41537,-0.3,0,2
203234,bullet2,11.2172,2.78854,0.8,0,1
203235,player,2.90054,2.70235,0.00344144,-1.61425e-05,1
203235,bullet3,11.2646,2.74113,0.8,0,1
203236,flyer5,-6.4373e-06,6.41537,-0.3,0,2
203237,bullet5,11.2955,2.71019,0.8,0,1
203237,bullet6,7.27246,2.70249,0.8,0,1
203239,bullet2,15.2172,2.78854,0.8,0,1
203240,player,2.31483,3.29081,-0.0306912,0.0307544,1
203240,bullet3,15.2646,2.74113,0.8,0,1
203241,flyer6,16.5,6.41537,-0.3,0,2
203241,bullet4,2.70102,3.30465,0.8,0,1
203242,bullet5,15.2955,2.71019,0.8,0,1
203242,bullet6,11.2725,2.70249,0.8,0,1
203244,flayer7,16.5,14.7283,-0.3,0,2
203244,bullet1,2.13303,3.87266,0.8,0,1
203245,player,1.70171,3.90399,-0.031321,0.0313222,1
203246,flyer6,15,6.41537,-0.3,0,2
203246,bullet4,6.70102,3.30465,0.8,0,1
203247,bullet6,15.2725,2.70249,0.8,0,1
203247,bullet2,2.08127,3.92442,0.8,0,1
203249,flayer7,15,14.7283,-0.3,0,2
203249,bullet1,6.13303,3.87266,0.8,0,1
203250,player,2.16593,4.75601,0.151297,0.489953,1
203251,flyer6,13.5,6.41537,-0.3,0,2
203251,bullet4,10.701,3.30465,0.8,0,1
203252,bullet2,6.08127,3.92442,0.8,0,1
203252,bullet3,2.66465,5.07571,0.8,0,1
203254,flayer7,13.5,14.7283,-0.3,0,2
203254,bullet1,10.133,3.87266,0.8,0,1
203255,player,1.94993,5.48699,-0.334708,0.346541,1
203256,flyer6,12,6.41537,-0.3,0,2
203256,bullet4,14.701,3.30465,0.8,0,1
203257,bullet2,10.0813,3.92442,0.8,0,1
203257,bullet3,6.66465,5.07571,0.8,0,1
203259,flayer7,12,14.7283,-0.3,0,2
203259,bullet1,14.133,3.87266,0.8,0,1
203260,player,1.71189,5.17681,-0.0437654,-0.02436,1
203261,flyer6,10.5,6.41537,-0.3,0,2
203261,bullet5,2.09219,5.16585,0.8,0,1
203262,bullet2,14.0813,3.92442,0.8,0,1
203262,bullet3,10.6646,5.07571,0.8,0,1
203264,flayer7,10.5,14.7283,-0.3,0,2
203265,player,2.26521,5.25635,0.0299471,-0.12157,1
203265,bullet6,2.66521,5.25635,0.8,0,1
203266,flyer6,9,6.41537,-0.3,0,2
203266,bullet5,6.09219,5.16585,0.8,0,1
203267,bullet3,14.6647,5.07571,0.8,0,1
203267,bullet4,2.68476,5.17702,0.8,0,1
203269,flayer7,9,14.7283,-0.3,0,2
203270,player,1.73155,5.71644,-0.0677911,0.0661004,1
203270,bullet6,6.66522,5.25635,0.8,0,1
203271,flyer6,7.5,6.41537,-0.3,0,2
203271,bullet5,10.0922,5.16585,0.8,0,1
203272,bullet4,6.68476,5.17702,0.8,0,1
203274,flayer7,7.5,14.7283,-0.3,0,2
203275,player,1.56417,5.88246,0.136784,-0.136816,1
203275,bullet6,10.6652,5.25635,0.8,0,1
203276,flyer6,5.99999,6.41537,-0.3,0,2
203276,bullet5,14.0922,5.16585,0.8,0,1
203277,bullet4,10.6848,5.17702,0.8,0,1
203277,bullet1,2.05342,5.79319,0.8,0,1
203279,flayer7,5.99999,14.7283,-0.3,0,2
203280,player,1.67402,5.77259,0.00252406,-0.00252463,1
203280,bullet6,14.6652,5.25635,0.8,0,1
203280,bullet2,2.07402,5.77259,0.8,0,1
203281,flyer6,4.49999,6.41537,-0.3,0,1
203281,bullet3,2.07515,5.77145,0.8,0,1
203282,bullet4,14.6848,5.17702,0.8,0,1
203284,flayer7,4.49999,14.7283,-0.3,0,2
203284,bullet5,2.076,5.7706,0.8,0,1
203285,player,2.01354,5.43306,0.337547,-0.337547,1
203286,bullet3,6.07515,5.77145,0.8,0,1
203287,bullet1,2.63379,5.21281,0.8,0,1
203289,flayer7,2.99999,14.7283,-0.3,0,2
203289,bullet5,6.076,5.7706,0.8,0,1
203290,player,2.84234,5.7197,0.0745724,0.0621151,1
203291,bullet3,10.0752,5.77145,0.8,0,1
203292,bullet1,6.63379,5.21281,0.8,0,1
203294,flayer7,1.49999,14.7283,-0.3,0,2
203294,bullet5,10.076,5.7706,0.8,0,1
203295,player,2.90223,6.47099,0.00137607,-0.106135,1
203295,bullet2,2.50223,6.47099,-0.8,-6.99382e-08,1
203296,bullet3,14.0752,5.77145,0.8,0,1
203297,bullet1,10.6338,5.21281,0.8,0,1
203299,flayer8,16.5,6.41537,-0.225826,0.197491,2
203299,flayer7,-6.4373e-06,14.7283,-0.3,0,2
203299,bullet5,14.076,5.7706,0.8,0,1
203300,player,3.49181,6.38576,0.0307801,-0.00195848,1
203300,bullet6,3.89181,6.38576,0.8,0,1
203302,flyer1,16.5,6.41537,-0.243922,0.174648,2
203302,bullet1,14.6338,5.21281,0.8,0,1
203304,flayer8,15.3709,7.40283,-0.225826,0.197491,2
203305,player,2.01899,6.33959,-0.419115,0.054468,1
203305,flyer2,16.5,7.31636,-0.3,0,2
203305,bullet6,7.89181,6.38576,0.8,0,1
203307,flyer1,15.2804,7.28862,-0.243922,0.174648,2
203307,bullet4,2.14552,6.37513,0.8,0,1
203308,bullet3,2.10733,6.3801,0.8,0,1
203309,flayer8,14.2417,8.39028,-0.225826,0.197491,2
203310,player,1.68241,6.38333,-0.00773386,0.00100509,1
203310,flyer2,15,7.31636,-0.3,0,2
203310,bullet6,11.8918,6.38576,0.8,0,1
203312,flyer1,14.0608,8.16186,-0.243922,0.174648,2
203312,bullet4,6.14552,6.37513,0.8,0,1
203312,bullet2,2.07736,6.38399,0.8,0,1
203313,bullet3,6.10733,6.3801,0.8,0,1
203314,flayer8,13.1126,9.37773,-0.225826,0.197491,2
203315,player,1.6762,6.38414,-0.000142711,1.85467e-05,1
203315,flyer2,13.5,7.31636,-0.3,0,2
203315,bullet6,15.8918,6.38576,0.8,0,1
203317,flyer1,12.8412,9.0351,-0.243922,0.174648,2
203317,bullet4,10.1455,6.37513,0.8,0,1
203317,bullet2,6.07736,6.38399,0.8,0,1
203318,bullet3,10.1073,6.3801,0.8,0,1
203319,flayer8,11.9835,10.3652,-0.225826,0.197491,2
203320,player,2.2338,6.38416,0.0683411,3.42239e-07,1
203320,flyer2,12,7.31636,-0.3,0,2
203322,flyer1,11.6216,9.90834,-0.243922,0.174648,2
203322,bullet4,14.1455,6.37513,0.8,0,1
203322,bullet2,10.0774,6.38399,0.8,0,1
203323,bullet3,14.1073,6.3801,0.8,0,1
203324,flayer8,10.8543,11.3526,-0.225826,0.197491,2
203325,player,3.43488,6.38416,0.10036,6.31527e-09,1
203325,flyer2,10.5,7.31636,-0.3,0,2
203327,flyer1,10.4019,10.7816,-0.243922,0.174648,2
203327,bullet2,14.0774,6.38399,0.8,0,1
203329,flayer8,9.72521,12.3401,-0.225826,0.197491,2
203330,player,2.95776,6.38416,-0.0664918,1.16534e-10,1
203330,flyer2,9,7.31636,-0.3,0,2
203330,flyer3,16.5,7.31636,-0.3,0,2
203330,bullet5,3.35776,6.38416,0.8,0,1
203332,flyer1,9.18233,11.6548,-0.243922,0.174648,2
203333,bullet1,2.81893,6.87353,0.8,0,1
203334,flayer8,8.59608,13.3275,-0.225826,0.197491,2
203335,player,2.65338,7.31013,0.305518,0.368255,1
203335,flyer2,7.5,7.31636,-0.3,0,2
203335,flyer3,15,7.31636,-0.3,0,2
203335,bullet5,7.35776,6.38416,0.8,0,1
203337,flyer1,7.96272,12.5281,-0.243922,0.174648,2
203337,bullet6,3.25273,7.55042,0.8,0,1
203339,flayer8,7.46695,14.315,-0.225826,0.197491,2
203340,player,2.56124,7.04815,-0.331862,-0.0615484,1
203340,flyer2,5.99999,7.31636,-0.3,0,0
203340,flyer3,13.5,7.31636,-0.3,0,2
203340,bullet5,11.3578,6.38416,0.8,0,1
203342,flyer1,6.74311,13.4013,-0.243922,0.174648,2
203344,flayer8,6.33782,15.3025,-0.225826,0.197491,2
203345,player,2.29473,6.66122,-0.00612379,-0.338636,1
203345,flyer3,12,7.31636,-0.3,0,2
203345,bullet5,15.3578,6.38416,0.8,0,1
203347,flyer1,5.5235,14.2745,-0.243922,0.174648,2
203347,flyer4,16.5,12.2064,-0.3,0,2
203349,flayer8,5.20869,16.2899,-0.225826,0.197491,2
203349,bullet4,2.68992,6.39552,0.8,0,1
203350,player,2.28981,6.38927,-0.000113001,-0.00624878,1
203350,flyer3,10.5,7.31636,-0.3,0,2
203352,flyer1,4.30389,15.1478,-0.243922,0.174648,2
203352,flyer4,15,12.2064,-0.3,0,2
203354,bullet4,6.68992,6.39552,0.8,0,1
203355,player,2.28972,5.82653,-2.08519e-06,-0.0684591,1
203355,flyer3,9,7.31636,-0.3,0,2
203355,bullet3,2.68972,5.82653,0.8,0,1
203357,flyer1,3.08428,16.021,-0.243922,0.174648,2
203357,flyer4,13.5,12.2064,-0.3,0,2
203359,bullet4,10.6899,6.39552,0.8,0,1
203359,bullet2,3.24744,5.77282,0.8,0,1
203360,player,2.54069,5.77155,-0.306745,-0.00126326,1
203360,flyer3,7.5,7.31636,-0.3,0,2
203360,bullet3,6.68972,5.82653,0.8,0,1
203362,flyer4,12,12.2064,-0.3,0,2
203362,bullet1,2.74054,5.77073,0.8,0,1
203364,bullet4,14.6899,6.39552,0.8,0,1
203364,bullet2,7.24744,5.77282,0.8,0,1
203365,player,2.29435,5.77054,-0.00566031,-2.33107e-05,1
203365,flyer3,5.99999,7.31636,-0.3,0,2
203365,bullet3,10.6897,5.82653,0.8,0,1
203367,flyer4,10.5,12.2064,-0.3,0,2
203367,bullet1,6.74054,5.77073,0.8,0,1
203369,bullet2,11.2474,5.77282,0.8,0,1
203370,player,2.3344,5.77052,-0.0546086,-4.30149e-07,1
203370,flyer3,4.49999,7.31636,-0.3,0,2
203370,bullet3,14.6897,5.82653,0.8,0,1
203370,bullet6,2.7344,5.77052,0.8,0,1
203372,flyer4,9,12.2064,-0.3,0,2
203372,bullet1,10.7405,5.77073,0.8,0,1
203374,bullet2,15.2474,5.77282,0.8,0,1
203375,player,2.29054,5.77052,-0.00100768,-7.93745e-09,1
203375,flyer3,2.99999,7.31636,-0.3,0,2
203375,bullet6,6.7344,5.77052,0.8,0,1
203377,flyer4,7.5,12.2064,-0.3,0,2
203377,bullet1,14.7405,5.77073,0.8,0,1
203377,bullet5,2.20051,5.77052,0.8,0,1
203379,bullet4,2.10128,5.77052,0.8,0,1
203380,player,1.68742,5.77052,-0.0138582,-1.46468e-10,1
203380,flyer3,1.49999,7.31636,-0.3,0,2
203380,bullet6,10.7344,5.77052,0.8,0,1
203380,bullet3,2.08742,5.77052,0.8,0,1
203382,flyer4,5.99999,12.2064,-0.3,0,2
203382,bullet5,6.20051,5.77052,0.8,0,1
203384,bullet4,6.10128,5.77052,0.8,0,1
203385,player,1.67629,5.77052,-0.000255723,-2.70275e-12,1
203385,flyer3,-6.4373e-06,7.31636,-0.3,0,2
203385,bullet6,14.7344,5.77052,0.8,0,1
203385,bullet3,6.08742,5.77052,0.8,0,1
203387,flyer4,4.49999,12.2064,-0.3,0,2
203387,bullet5,10.2005,5.77052,0.8,0,1
203389,bullet4,10.1013,5.77052,0.8,0,1
203389,bullet2,2.07609,6.2599,0.8,0,1
203390,player,1.67609,6.32824,-4.71881e-06,0.0683438,1
203390,bullet3,10.0874,5.77052,0.8,0,1
203392,flyer4,2.99999,12.2064,-0.3,0,2
203392,bullet5,14.2005,5.77052,0.8,0,1
203394,bullet4,14.1013,5.77052,0.8,0,1
203394,bullet2,6.07609,6.2599,0.8,0,1
203395,player,2.01358,6.72063,0.3375,0.338761,1
203395,bullet3,14.0874,5.77052,0.8,0,1
203397,flyer4,1.49999,12.2064,-0.3,0,2
203397,flyer5,16.5,12.2064,-0.299995,-0.0017141,2
203398,flyer6,16.5,12.2064,-0.270775,0.129155,2
203398,bullet1,2.66456,7.53026,0.8,0,1
203399,bullet2,10.0761,6.2599,0.8,0,1
203400,player,1.79525,7.59499,-0.145647,0.0200907,1
203402,flyer4,-6.4373e-06,12.2064,-0.3,0,2
203402,flyer5,15,12.1979,-0.299995,-0.0017141,2
203402,bullet6,2.10021,7.6081,0.8,0,1
203403,flyer6,15.1461,12.8522,-0.270775,0.129155,2
203403,bullet1,6.66456,7.53026,0.8,0,1
203404,bullet2,14.0761,6.2599,0.8,0,1
203404,bullet5,2.08097,7.61075,0.8,0,1
203405,player,1.67828,7.61112,-0.0026876,0.00037073,1
203407,flyer5,13.5,12.1893,-0.299995,-0.0017141,2
203407,bullet6,6.10021,7.6081,0.8,0,1
203408,flyer6,13.7923,13.498,-0.270775,0.129155,2
203408,bullet1,10.6646,7.53026,0.8,0,1
203408,bullet4,2.07628,7.6114,0.8,0,1
203409,bullet5,6.08097,7.61075,0.8,0,1
203410,player,1.67612,7.61142,-4.95938e-05,6.84101e-06,1
203412,flyer5,12.0001,12.1807,-0.299995,-0.0017141,2
203412,bullet6,10.1002,7.6081,0.8,0,1
203413,flyer6,12.4384,14.1438,-0.270775,0.129155,2
203413,bullet1,14.6646,7.53026,0.8,0,1
203413,bullet4,6.07628,7.6114,0.8,0,1
203414,bullet5,10.081,7.61075,0.8,0,1
203415,player,1.67608,7.61143,-9.15145e-07,1.26236e-07,1
203417,flyer5,10.5001,12.1722,-0.299995,-0.0017141,2
203417,bullet6,14.1002,7.6081,0.8,0,1
203418,flyer6,11.0845,14.7895,-0.270775,0.129155,2
203418,bullet4,10.0763,7.6114,0.8,0,1
203418,bullet3,2.07608,7.61143,0.8,0,1
203419,bullet5,14.081,7.61075,0.8,0,1
203420,player,1.67608,7.61143,-1.6887e-08,2.32941e-09,1
203422,flyer5,9.00011,12.1636,-0.299995,-0.0017141,2
203422,bullet2,2.07608,7.61143,0.8,0,1
203423,flyer6,9.73063,15.4353,-0.270775,0.129155,2
203423,bullet4,14.0763,7.6114,0.8,0,1
203423,bullet3,6.07608,7.61143,0.8,0,1
203424,bullet1,2.07608,7.61143,0.8,0,1
203425,player,1.67608,7.61143,-3.11613e-10,4.29841e-11,1
203427,flyer5,7.50014,12.155,-0.299995,-0.0017141,2
203427,bullet2,6.07608,7.61143,0.8,0,1
203428,flyer6,8.37675,16.0811,-0.270775,0.129155,2
203428,bullet3,10.0761,7.61143,0.8,0,1
203429,bullet1,6.07608,7.61143,0.8,0,1
203429,bullet6,2.56546,7.51233,0.8,0,1
203430,player,2.2338,7.56683,0.0683438,0.0545041,1
203432,flyer5,6.00016,12.1465,-0.299995,-0.0017141,2
203432,bullet2,10.0761,7.61143,0.8,0,1
203433,bullet3,14.0761,7.61143,0.8,0,1
203434,bullet1,10.0761,7.61143,0.8,0,1
203434,bullet6,6.56546,7.51233,0.8,0,1
203435,player,2.02388,7.27311,0.324922,-0.336494,1
203437,flyer5,4.50019,12.1379,-0.299995,-0.0017141,2
203437,bullet2,14.0761,7.61143,0.8,0,1
203439,bullet1,14.0761,7.61143,0.8,0,1
203439,bullet6,10.5655,7.51233,0.8,0,1
203439,bullet5,2.43654,6.45136,-0.8,-6.99382e-08,1
203440,player,2.87329,6.4144,0.0367504,-0.036964,1
203441,bullet4,3.28983,6.39777,0.8,0,1
203442,flyer5,3.00021,12.1293,-0.299995,-0.0017141,2
203442,bullet3,3.29727,6.39028,0.8,0,1
203444,bullet6,14.5655,7.51233,0.8,0,1
203445,player,3.05468,6.72221,-0.184947,0.336818,1
203446,bullet4,7.28983,6.39777,0.8,0,1
203447,flyer5,1.50024,12.1208,-0.299995,-0.0017141,2
203447,flayer7,16.5,1.02526,-0.296345,-0.0466889,2
203447,bullet3,7.29727,6.39028,0.8,0,1
203450,player,2.34843,8.1389,-0.0717565,0.105314,1
203450,bullet2,2.74843,8.1389,0.8,0,1
203451,bullet4,11.2898,6.39777,0.8,0,1
203452,flyer5,0.000261545,12.1122,-0.299995,-0.0017141,2
203452,flayer7,15.0183,0.791816,-0.296345,-0.0466889,2
203452,bullet3,11.2973,6.39028,0.8,0,1
203453,bullet1,3.25279,8.21721,0.8,0,1
203455,player,2.89312,8.22347,0.0125155,0.00194333,1
203455,bullet2,6.74843,8.1389,0.8,0,1
203456,bullet4,15.2898,6.39777,0.8,0,1
203457,flayer7,13.5366,0.558372,-0.296345,-0.0466889,2
203457,bullet3,15.2973,6.39028,0.8,0,1
203458,bullet1,7.25279,8.21721,0.8,0,1
203458,bullet5,3.30242,8.22491,0.8,0,1
203460,player,2.90317,7.88753,0.000230946,-0.337464,1
203460,bullet2,10.7484,8.1389,0.8,0,1
203462,flayer7,12.0548,0.324927,-0.296345,-0.0466889,2
203463,bullet1,11.2528,8.21721,0.8,0,1
203463,bullet5,7.30242,8.22491,0.8,0,1
203463,bullet6,3.30334,7.63658,0.8,0,1
203465,player,2.90335,7.61652,4.26161e-06,-0.00622716,1
203465,bullet2,14.7484,8.1389,0.8,0,1
203467,flayer7,10.5731,0.0914825,-0.296345,-0.0466889,2
203468,bullet1,15.2528,8.21721,0.8,0,1
203468,bullet5,11.3024,8.22491,0.8,0,1
203468,bullet6,7.30334,7.63658,0.8,0,1
203468,bullet4,2.50335,7.61188,-0.8,-6.99382e-08,1
203470,player,2.90335,7.27401,7.86386e-08,-0.337615,1
203472,flayer7,9.09138,-0.141962,-0.296345,-0.0466889,2
203472,flyer2,16.5,1.02526,-0.3,0,2
203473,bullet5,15.3024,8.22491,0.8,0,1
203473,bullet6,11.3033,7.63658,0.8,0,1
203474,bullet3,3.30335,6.45139,0.8,0,1
203475,player,2.56586,6.75191,-0.3375,0.300515,1
203477,flayer7,7.60966,-0.375407,-0.296345,-0.0466889,2
203477,flyer2,15,1.02526,-0.3,0,2
203477,bullet2,2.74564,6.948,0.8,0,1
203478,bullet6,15.3033,7.63658,0.8,0,1
203479,bullet3,7.30336,6.45139,0.8,0,1
203480,player,2.63231,6.50387,0.331272,-0.14633,1
203481,flayer8,16.5,1.02526,-0.292377,-0.0671973,2
203482,flyer2,13.5,1.02526,-0.3,0,2
203482,bullet2,6.74564,6.948,0.8,0,1
203484,bullet3,11.3034,6.45139,0.8,0,1
203484,bullet1,3.29224,5.83134,0.8,0,1
203485,player,2.89835,5.79788,0.0061129,-0.0334549,1
203486,flayer8,15.0381,0.689274,-0.292377,-0.0671973,2
203486,bullet4,3.3011,5.78283,0.8,0,1
203487,flyer2,12,1.02526,-0.3,0,2
203487,bullet2,10.7456,6.948,0.8,0,1
203489,bullet3,15.3034,6.45139,0.8,0,1
203489,bullet1,7.29224,5.83134,0.8,0,1
203490,player,2.31479,5.67192,-0.0306419,0.120503,1
203491,flayer8,13.5762,0.353288,-0.292377,-0.0671973,2
203491,bullet4,7.30111,5.78283,0.8,0,1
203491,bullet5,2.701,5.72614,0.8,0,1
203492,flyer2,10.5,1.02526,-0.3,0,2
203492,bullet2,14.7456,6.948,0.8,0,1
203494,bullet1,11.2922,5.83134,0.8,0,1
203495,player,2.38928,6.25807,-0.121686,0.154099,1
203495,bullet6,2.78928,6.25807,0.8,0,1
203496,flayer8,12.1143,0.0173011,-0.292377,-0.0671973,2
203496,bullet4,11.3011,5.78283,0.8,0,1
203496,bullet5,6.701,5.72614,0.8,0,1
203497,flyer2,9,1.02526,-0.3,0,2
203499,bullet1,15.2922,5.83134,0.8,0,1
203500,player,1.70308,6.87119,-0.0330001,0.154719,1
203500,bullet6,6.78928,6.25807,0.8,0,1
203501,flayer8,10.6525,-0.318686,-0.292377,-0.0671973,2
203501,bullet4,15.3011,5.78283,0.8,0,1
203501,bullet5,10.701,5.72614,0.8,0,1
203502,flyer2,7.5,1.02526,-0.3,0,2
203504,flyer1,16.5,1.02526,-0.297082,-0.0417379,2
203505,player,0.637669,5.65279,-0.230828,0.143886,1
203505,bullet6,10.7893,6.25807,0.8,0,1
203506,bullet5,14.701,5.72614,0.8,0,1
203507,flyer2,5.99999,1.02526,-0.3,0,2
203509,flyer1,15.0146,0.816572,-0.297082,-0.0417379,2
203509,flyer3,16.5,11.1284,-0.3,0,2
203510,player,0.94167,6.35681,0.147616,0.0334098,1
203510,bullet6,14.7893,6.25807,0.8,0,1
203511,bullet3,1.4081,6.37184,0.8,0,1
203512,flyer2,4.49999,1.02526,-0.3,0,2
203514,flyer1,13.5292,0.607882,-0.297082,-0.0417379,2
203514,flyer3,15,11.1284,-0.3,0,2
203515,player,0.4,6.13267,-0.0913827,0.307362,1
203516,bullet3,5.4081,6.37184,0.8,0,1
203517,flyer2,2.99999,1.02526,-0.3,0,2
203519,flyer1,12.0438,0.399193,-0.297082,-0.0417379,2
203519,flyer3,13.5,11.1284,-0.3,0,2
203519,bullet2,0.8,6.37383,0.8,0,1
203520,player,0.4,6.3795,0,0.00567169,1
203521,bullet3,9.4081,6.37184,0.8,0,1
203521,bullet1,0.8,6.38206,0.8,0,1
203522,flyer2,1.49999,1.02526,-0.3,0,2
203524,flyer1,10.5583,0.190504,-0.297082,-0.0417379,2
203524,flyer3,12,11.1284,-0.3,0,2
203524,bullet2,4.8,6.37383,0.8,0,1
203525,player,0.4,6.14566,0,-0.458516,1
203526,bullet3,13.4081,6.37184,0.8,0,1
203526,bullet1,4.8,6.38206,0.8,0,1
203527,flyer2,-6.4373e-06,1.02526,-0.3,0,2
203529,flyer1,9.07293,-0.0181856,-0.297082,-0.0417379,2
203529,flyer3,10.5,11.1284,-0.3,0,2
203529,bullet2,8.8,6.37383,0.8,0,1
203530,player,0.4,5.77743,0,-0.0084609,1
203531,bullet1,8.8,6.38206,0.8,0,1
203531,bullet4,0.8,5.77362,0.8,0,1
203532,bullet5,0.8,5.77191,0.8,0,1
203534,flyer1,7.58751,-0.226875,-0.297082,-0.0417379,2
203534,flyer3,9,11.1284,-0.3,0,2
203534,bullet2,12.8,6.37383,0.8,0,1
203535,player,0.7375,5.43314,0.3375,-0.337656,1
203536,bullet1,12.8,6.38206,0.8,0,1
203536,bullet4,4.8,5.77362,0.8,0,1
203537,bullet5,4.8,5.77191,0.8,0,1
203539,flyer1,6.1021,-0.435564,-0.297082,-0.0417379,2
203539,flyer3,7.5,11.1284,-0.3,0,2
203539,bullet6,0.8,5.1682,0.8,0,1
203540,player,0.4,5.16197,0,-0.00623071,1
203541,bullet1,16.8,6.38206,0.8,0,1
203541,bullet4,8.8,5.77362,0.8,0,1
203542,bullet5,8.8,5.77191,0.8,0,1
203542,bullet3,0.8,5.1579,0.8,0,1
203544,flyer3,5.99999,11.1284,-0.3,0,2
203544,bullet6,4.8,5.1682,0.8,0,1
203545,player,0.4,5.64634,0,0.15176,1
203546,bullet4,12.8,5.77362,0.8,0,1
203547,bullet5,12.8,5.77191,0.8,0,1
203547,bullet3,4.8,5.1579,0.8,0,1
203549,flyer3,4.49999,11.1284,-0.3,0,2
203549,bullet6,8.8,5.1682,0.8,0,1
203550,player,0.4,5.76822,0,0.0028004,1
203551,bullet2,0.8,5.76948,0.8,0,1
203552,bullet3,8.8,5.1579,0.8,0,1
203554,flyer3,2.99999,11.1284,-0.3,0,2
203554,bullet6,12.8,5.1682,0.8,0,1
203555,player,0.7375,4.84449,0.3375,-0.368203,1
203556,bullet2,4.8,5.76948,0.8,0,1
203557,bullet3,12.8,5.1579,0.8,0,1
203559,flyer3,1.49999,11.1284,-0.3,0,2
203559,flyer4,16.5,11.1284,-0.293807,-0.060644,2
203560,player,0.519166,3.96032,-0.145647,-0.0375491,1
203560,bullet1,0.919166,3.96032,0.8,0,1
203561,bullet2,8.8,5.76948,0.8,0,1
203562,bullet4,0.824131,3.93582,0.8,0,1
203564,flyer3,-6.4373e-06,11.1284,-0.3,0,2
203564,flyer4,15.031,10.8252,-0.293807,-0.060644,2
203564,bullet5,0.804887,3.93086,0.8,0,1
203565,player,0.402199,3.93017,-0.0026876,-0.000692886,1
203565,bullet1,4.91917,3.96032,0.8,0,1
203566,bullet2,12.8,5.76948,0.8,0,1
203567,bullet4,4.82413,3.93582,0.8,0,1
203569,flyer4,13.5619,10.522,-0.293807,-0.060644,2
203569,bullet5,4.80489,3.93086,0.8,0,1
203570,player,0.400041,3.92961,-4.95938e-05,-1.27857e-05,1
203570,bullet1,8.91917,3.96032,0.8,0,1
203572,bullet4,8.82413,3.93582,0.8,0,1
203572,bullet6,0.800009,3.9296,0.8,0,1
203574,flyer4,12.0929,10.2187,-0.293807,-0.060644,2
203574,bullet5,8.80489,3.93086,0.8,0,1
203575,player,0.4,4.48732,0,0.0683435,1
203575,bullet1,12.9192,3.96032,0.8,0,1
203577,bullet4,12.8241,3.93582,0.8,0,1
203577,bullet6,4.80001,3.9296,0.8,0,1
203579,flyer4,10.6239,9.91552,-0.293807,-0.060644,2
203579,bullet5,12.8049,3.93086,0.8,0,1
203580,player,0.4,4.79318,0,-0.305484,1
203582,flyer6,16.5,11.1284,-0.3,0,2
203582,bullet6,8.80001,3.9296,0.8,0,1
203584,flyer4,9.15483,9.6123,-0.293807,-0.060644,2
203584,flyer5,16.5,11.1284,-0.29248,-0.0667491,2
203585,player,1.22688,3.8075,0.489375,0.149233,1
203587,flyer6,15,11.1284,-0.3,0,2
203587,bullet6,12.8,3.9296,0.8,0,1
203589,flyer4,7.68579,9.30908,-0.293807,-0.060644,2
203589,flyer5,15.0376,10.7947,-0.29248,-0.0667491,2
203589,bullet3,2.01085,3.36687,0.8,0,1
203590,player,1.61988,3.33887,0.00903034,-0.0280009,1
203590,bullet2,2.01988,3.33887,0.8,0,1
203592,flyer6,13.5,11.1284,-0.3,0,2
203592,bullet1,2.02578,3.3206,0.8,0,1
203594,flyer4,6.21676,9.00586,-0.293807,-0.060644,2
203594,flyer5,13.5752,10.4609,-0.29248,-0.0667491,2
203594,bullet3,6.01085,3.36687,0.8,0,1
203595,player,1.40692,3.5366,0.269323,-0.269673,1
203595,bullet2,6.01988,3.33887,0.8,0,1
203597,flyer6,12,11.1284,-0.3,0,2
203597,bullet1,6.02578,3.3206,0.8,0,1
203599,flyer4,4.74773,8.70264,-0.293807,-0.060644,2
203599,flyer5,12.1128,10.1272,-0.29248,-0.0667491,2
203599,bullet3,10.0109,3.36687,0.8,0,1
203600,player,1.03473,4.12872,-0.0257849,-0.243378,1
203600,bullet2,10.0199,3.33887,0.8,0,1
203602,flyer6,10.5,11.1284,-0.3,0,2
203602,bullet1,10.0258,3.3206,0.8,0,1
203602,bullet4,1.41791,3.96992,0.8,0,1
203604,flyer4,3.27869,8.39942,-0.293807,-0.060644,2
203604,flyer5,10.6504,9.79342,-0.29248,-0.0667491,2
203604,bullet3,14.0109,3.36687,0.8,0,1
203605,player,1.01403,3.93327,-0.000475804,-0.00449101,1
203605,bullet2,14.0199,3.33887,0.8,0,1
203607,flyer6,9,11.1284,-0.3,0,2
203607,bullet1,14.0258,3.3206,0.8,0,1
203607,bullet4,5.41791,3.96992,0.8,0,1
203609,flyer4,1.80966,8.0962,-0.293807,-0.060644,2
203609,flyer5,9.18799,9.45967,-0.29248,-0.0667491,2
203609,bullet5,1.41365,3.37203,0.8,0,1
203610,player,1.01364,3.34119,-8.77993e-06,-0.0308376,1
203610,bullet6,1.41364,3.34119,0.8,0,1
203612,flyer6,7.5,11.1284,-0.3,0,2
203612,bullet4,9.41791,3.96992,0.8,0,1
203613,bullet3,0.924262,3.80763,0.8,0,1
203614,flyer4,0.340627,7.79298,-0.293807,-0.060644,2
203614,flyer5,7.72559,9.12592,-0.29248,-0.0667491,2
203614,bullet5,5.41365,3.37203,0.8,0,1
203615,player,0.425163,3.9049,-0.0307548,0.0301856,1
203615,bullet6,5.41364,3.34119,0.8,0,1
203617,flyer6,5.99999,11.1284,-0.3,0,2
203617,bullet4,13.4179,3.96992,0.8,0,1
203618,bullet3,4.92426,3.80763,0.8,0,1
203619,flyer5,6.26319,8.79217,-0.29248,-0.0667491,2
203619,bullet5,9.41365,3.37203,0.8,0,1
203620,player,0.400464,3.92914,-0.000567513,0.00055701,1
203620,bullet6,9.41364,3.34119,0.8,0,1
203622,flyer6,4.49999,11.1284,-0.3,0,2
203623,bullet3,8.92426,3.80763,0.8,0,1
203624,flyer5,4.80079,8.45842,-0.29248,-0.0667491,2
203624,bullet5,13.4137,3.37203,0.8,0,1
203625,player,0.4,3.89883,0,0.0375993,1
203625,bullet6,13.4136,3.34119,0.8,0,1
203627,flyer6,2.99999,11.1284,-0.3,0,2
203627,bullet2,0.8,4.41274,0.8,0,1
203628,bullet3,12.9243,3.80763,0.8,0,1
203629,flyer5,3.33839,8.12468,-0.29248,-0.0667491,2
203629,bullet1,0.8,4.51681,0.8,0,1
203630,player,0.7375,4.53134,0.3375,0.0145334,1
203632,flyer6,1.49999,11.1284,-0.3,0,2
203632,bullet2,4.8,4.41274,0.8,0,1
203633,bullet4,1.87785,5.03152,0.8,0,1
203634,flyer5,1.87599,7.79093,-0.29248,-0.0667491,2
203634,bullet1,4.8,4.51681,0.8,0,1
203635,player,1.59701,5.13149,0.0369825,0.0310229,1
203635,bullet5,1.99701,5.13149,0.8,0,1
203637,flyer6,-6.4373e-06,11.1284,-0.3,0,2
203637,bullet2,8.8,4.41274,0.8,0,1
203638,bullet4,5.87785,5.03152,0.8,0,1
203639,flyer5,0.413587,7.45719,-0.29248,-0.0667491,2
203639,bullet1,8.8,4.51681,0.8,0,1
203640,player,1.069,4.59868,-0.0676613,-0.0677713,1
203640,bullet5,5.99701,5.13149,0.8,0,1
203642,bullet2,12.8,4.41274,0.8,0,1
203643,bullet4,9.87785,5.03152,0.8,0,1
203644,bullet1,12.8,4.51681,0.8,0,1
203645,player,1.38291,3.64904,0.298662,-0.407094,1
203645,bullet5,9.99701,5.13149,0.8,0,1
203647,flayer7,16.5,14.0958,-0.3,0,2
203648,bullet4,13.8779,5.03152,0.8,0,1
203649,flayer8,16.5,14.0958,-0.3,0,2
203650,player,2.11214,3.81148,0.157386,0.144363,1
203650,bullet5,13.997,5.13149,0.8,0,1
203650,bullet6,2.51214,3.81148,0.8,0,1
203652,flayer7,15,14.0958,-0.3,0,2
203653,bullet3,2.1398,3.91884,0.8,0,1
203654,flayer8,15,14.0958,-0.3,0,2
203655,player,1.65006,3.92742,-0.0278505,0.0026639,1
203655,bullet6,6.51214,3.81148,0.8,0,1
203655,bullet2,2.05006,3.92742,0.8,0,1
203657,flayer7,13.5,14.0958,-0.3,0,2
203657,bullet1,2.03189,3.92916,0.8,0,1
203658,bullet3,6.1398,3.91884,0.8,0,1
203659,flayer8,13.5,14.0958,-0.3,0,2
203660,player,1.62769,3.92956,-0.000513919,4.91565e-05,1
203660,bullet6,10.5121,3.81148,0.8,0,1
203660,bullet2,6.05006,3.92742,0.8,0,1
203662,flayer7,12,14.0958,-0.3,0,2
203662,bullet1,6.03189,3.92916,0.8,0,1
203663,bullet3,10.1398,3.91884,0.8,0,1
203664,flayer8,12,14.0958,-0.3,0,2
203665,player,1.28978,3.70938,-0.337509,0.269157,1
203665,bullet6,14.5121,3.81148,0.8,0,1
203665,bullet2,10.0501,3.92742,0.8,0,1
203667,flayer7,10.5,14.0958,-0.3,0,2
203667,bullet1,10.0319,3.92916,0.8,0,1
203668,bullet3,14.1398,3.91884,0.8,0,1
203669,flayer8,10.5,14.0958,-0.3,0,2
203670,player,0.681231,3.58804,-0.343728,-0.332533,1
203670,bullet2,14.0501,3.92742,0.8,0,1
203672,flayer7,9,14.0958,-0.3,0,2
203672,bullet1,14.0319,3.92916,0.8,0,1
203673,flyer2,16.5,14.0958,-0.256642,-0.155354,2
203674,flayer8,9,14.0958,-0.3,0,2
203674,bullet4,1.88938,3.32712,0.8,0,1
203675,player,1.56522,3.32098,0.0758406,-0.00613617,1
203677,flayer7,7.5,14.0958,-0.3,0,2
203678,flyer2,15.2168,13.319,-0.256642,-0.155354,2
203679,flayer8,7.5,14.0958,-0.3,0,2
203679,bullet4,5.88938,3.32712,0.8,0,1
203680,player,2.22844,3.36065,0.0152391,-0.0546174,1
203680,bullet5,2.62844,3.36065,0.8,0,1
203681,bullet6,2.6353,3.33607,0.8,0,1
203682,flayer7,5.99999,14.0958,-0.3,0,2
203683,flyer2,13.9336,12.5422,-0.256642,-0.155354,2
203684,flayer8,5.99999,14.0958,-0.3,0,2
203684,bullet4,9.88938,3.32712,0.8,0,1
203685,player,2.30902,3.80616,-0.08325,0.150867,1
203685,bullet5,6.62844,3.36065,0.8,0,1
203686,bullet6,6.6353,3.33607,0.8,0,1
203687,flayer7,4.49999,14.0958,-0.3,0,2
203688,flyer2,12.6504,11.7654,-0.256642,-0.155354,2
203689,flayer8,4.49999,14.0958,-0.3,0,2
203689,bullet4,13.8894,3.32712,0.8,0,1
203690,player,1.68445,3.97192,-0.0698799,-0.0517202,1
203690,bullet5,10.6284,3.36065,0.8,0,1
203691,bullet6,10.6353,3.33607,0.8,0,1
203692,flayer7,2.99999,14.0958,-0.3,0,2
203693,flyer2,11.3672,10.9887,-0.256642,-0.155354,2
203694,flayer8,2.99999,14.0958,-0.3,0,2
203695,player,1.62833,2.83869,-0.00128948,-0.166669,1
203695,bullet5,14.6284,3.36065,0.8,0,1
203696,bullet6,14.6353,3.33607,0.8,0,1
203697,flayer7,1.49999,14.0958,-0.3,0,2
203698,flyer2,10.0839,10.2119,-0.256642,-0.155354,2
203699,flayer8,1.49999,14.0958,-0.3,0,2
203699,flyer1,16.5,14.0958,-0.3,0,2
203700,player,2.81808,3.30716,0.0445705,0.0107641,1
203700,bullet3,3.21808,3.30716,0.8,0,1
203702,flayer7,-6.4373e-06,14.0958,-0.3,0,2
203703,flyer2,8.80073,9.43512,-0.256642,-0.155354,2
203704,flayer8,-6.4373e-06,14.0958,-0.3,0,2
203704,flyer1,15,14.0958,-0.3,0,2
203705,player,3.34325,1.66639,0.152697,-0.23386,1
203705,bullet3,7.21808,3.30716,0.8,0,1
203706,flyer3,16.5,15.207,-0.225686,-0.197651,2
203708,flyer2,7.51752,8.65835,-0.256642,-0.155354,2
203709,flyer1,13.5,14.0958,-0.3,0,2
203709,bullet2,5.00925,0.925182,0.8,0,1
203710,player,4.65666,0.890112,0.047412,-0.0350701,1
203710,bullet3,11.2181,3.30716,0.8,0,1
203710,bullet1,5.05666,0.890112,0.8,0,1
203711,flyer3,15.3716,14.2188,-0.225686,-0.197651,2
203713,flyer2,6.23431,7.88157,-0.256642,-0.155354,2
203714,flyer1,12,14.0958,-0.3,0,2
203714,bullet2,9.00925,0.925182,0.8,0,1
203715,player,5.18412,0.813487,0.15275,0.128324,1
203715,bullet3,15.2181,3.30716,0.8,0,1
203715,bullet1,9.05666,0.890112,0.8,0,1
203716,flyer3,14.2431,13.2305,-0.225686,-0.197651,2
203716,bullet4,5.65285,0.871233,0.8,0,1
203718,flyer2,4.9511,7.1048,-0.256642,-0.155354,2
203719,flyer1,10.5,14.0958,-0.3,0,2
203719,bullet2,13.0093,0.925182,0.8,0,1
203720,player,4.71831,1.35314,-0.027936,0.218748,1
203720,bullet1,13.0567,0.890112,0.8,0,1
203721,flyer3,13.1147,12.2423,-0.225686,-0.197651,2
203721,bullet4,9.65285,0.871233,0.8,0,1
203722,bullet5,5.10008,1.49587,0.8,0,1
203723,flyer2,3.66789,6.32803,-0.256642,-0.155354,2
203724,flyer1,9,14.0958,-0.3,0,2
203725,player,5.18525,2.01819,0.15136,0.155912,1
203726,flyer3,11.9863,11.254,-0.225686,-0.197651,2
203726,bullet4,13.6529,0.871233,0.8,0,1
203726,bullet6,5.65336,2.08835,0.8,0,1
203727,bullet5,9.10009,1.49587,0.8,0,1
203728,flyer2,2.38468,5.55126,-0.256642,-0.155354,2
203729,flyer1,7.5,14.0958,-0.3,0,2
203729,bullet3,4.90401,1.5828,-0.8,-6.99382e-08,1
203730,player,5.30681,1.55492,0.00279301,-0.0278777,1
203730,bullet2,5.70681,1.55492,0.8,0,1
203731,flyer3,10.8579,10.2658,-0.225686,-0.197651,2
203731,bullet6,9.65337,2.08835,0.8,0,1
203732,bullet5,13.1001,1.49587,0.8,0,1
203733,flyer2,1.10147,4.77449,-0.256642,-0.155354,2
203734,flyer1,5.99999,14.0958,-0.3,0,2
203734,bullet3,0.904014,1.5828,-0.8,-6.99382e-08,1
203735,player,4.75133,1.53254,-0.0682922,-0.000514422,1
203735,bullet2,9.70681,1.55492,0.8,0,1
203736,flyer3,9.72942,9.27752,-0.225686,-0.197651,2
203736,bullet6,13.6534,2.08835,0.8,0,1
203737,bullet1,5.10677,1.5322,0.8,0,1
203738,flyer2,-0.181737,3.99772,-0.256642,-0.155354,2
203739,flyer1,4.49999,14.0958,-0.3,0,2
203739,bullet4,5.09775,1.53213,0.8,0,1
203740,player,5.03399,1.86962,0.33624,0.33749,1
203740,bullet2,13.7068,1.55492,0.8,0,1
203741,flyer3,8.60099,8.28926,-0.225686,-0.197651,2
203742,bullet1,9.10677,1.5322,0.8,0,1
203744,flyer1,2.99999,14.0958,-0.3,0,2
203744,bullet4,9.09775,1.53213,0.8,0,1
203745,player,6.78771,1.55218,0.442803,-0.024527,1
203746,flyer3,7.47256,7.30101,-0.225686,-0.197651,2
203747,bullet1,13.1068,1.5322,0.8,0,1
203749,flyer1,1.49999,14.0958,-0.3,0,2
203749,bullet4,13.0977,1.53213,0.8,0,1
203749,bullet3,6.97743,0.975219,0.8,0,1
203750,player,6.21734,0.944012,-0.360084,-0.0312073,1
203751,flyer3,6.34413,6.31275,-0.225686,-0.197651,2
203752,bullet5,6.38239,0.923649,0.8,0,1
203753,bullet6,6.34958,0.920805,0.8,0,1
203754,flyer1,-6.4373e-06,14.0958,-0.3,0,2
203754,bullet3,10.9774,0.975219,0.8,0,1
203755,player,5.92817,0.91895,-0.00664456,-0.000575862,1
203755,bullet2,6.32817,0.91895,0.8,0,1
203756,flyer3,5.2157,5.3245,-0.225686,-0.197651,2
203757,bullet5,10.3824,0.923649,0.8,0,1
203758,bullet6,10.3496,0.920805,0.8,0,1
203759,bullet3,14.9774,0.975219,0.8,0,1
203760,player,6.52514,1.25599,0.013717,0.337489,1
203760,bullet2,10.3282,0.91895,0.8,0,1
203761,flyer3,4.08728,4.33625,-0.225686,-0.197651,2
203762,bullet5,14.3824,0.923649,0.8,0,1
203763,bullet6,14.3496,0.920805,0.8,0,1
203763,bullet1,6.44597,1.50695,0.8,0,1
203765,player,5.94768,1.52702,-0.0305016,0.00622763,1
203765,bullet2,14.3282,0.91895,0.8,0,1
203765,bullet4,6.34768,1.52702,0.8,0,1
203766,flyer3,2.95885,3.34799,-0.225686,-0.197651,2
203767,bullet3,6.32778,1.53108,0.8,0,1
203768,bullet1,10.446,1.50695,0.8,0,1
203769,bullet5,6.32375,1.53191,0.8,0,1
203770,player,6.26069,1.86952,0.336937,0.337615,1
203770,bullet4,10.3477,1.52702,0.8,0,1
203771,flyer3,1.83042,2.35973,-0.225686,-0.197651,2
203772,bullet3,10.3278,1.53108,0.8,0,1
203773,bullet1,14.446,1.50695,0.8,0,1
203774,bullet5,10.3238,1.53191,0.8,0,1
203775,player,5.04758,2.72913,-0.430381,0.0369846,1
203775,bullet4,14.3477,1.52702,0.8,0,1
203776,flyer3,0.70199,1.37148,-0.225686,-0.197651,2
203777,bullet3,14.3278,1.53108,0.8,0,1
203778,flyer4,16.5,15.207,-0.3,0,2
203779,bullet5,14.3238,1.53191,0.8,0,1
203779,bullet6,5.66761,3.31587,0.8,0,1
203780,player,5.29042,3.3473,0.0228129,0.0314372,1
203780,bullet2,5.69042,3.3473,0.8,0,1
203781,flyer3,-0.426439,0.383223,-0.225686,-0.197651,2
203783,flyer4,15,15.207,-0.3,0,2
203783,flyer6,16.5,15.207,-0.3,0,2
203783,bullet1,4.90739,2.8813,-0.8,-6.99382e-08,1
203784,bullet6,9.66761,3.31587,0.8,0,1
203785,player,4.97124,3.12157,-0.337079,0.307325,1
203785,bullet2,9.69042,3.3473,0.8,0,1
203786,bullet4,5.21956,3.25987,0.8,0,1
203788,flyer4,13.5,15.207,-0.3,0,2
203788,flyer6,15,15.207,-0.3,0,2
203788,bullet1,0.907388,2.8813,-0.8,-6.99382e-08,1
203789,bullet6,13.6676,3.31587,0.8,0,1
203790,player,4.70054,3.36838,-0.00622006,0.00567102,1
203790,bullet2,13.6904,3.3473,0.8,0,1
203791,bullet4,9.21956,3.25987,0.8,0,1
203793,flyer4,12,15.207,-0.3,0,2
203793,flyer6,13.5,15.207,-0.3,0,2
203793,bullet3,5.09592,2.81488,0.8,0,1
203795,player,4.69555,2.77062,-0.000114778,-0.013735,1
203796,bullet4,13.2196,3.25987,0.8,0,1
203796,bullet5,5.0955,2.76444,0.8,0,1
203798,flyer4,10.5,15.207,-0.3,0,2
203798,flyer6,12,15.207,-0.3,0,2
203798,bullet3,9.09592,2.81488,0.8,0,1
203800,player,4.69546,3.31731,-2.11797e-06,0.0680903,1
203801,bullet5,9.0955,2.76444,0.8,0,1
203803,flyer4,9,15.207,-0.3,0,2
203803,flyer6,10.5,15.207,-0.3,0,2
203803,bullet3,13.0959,2.81488,0.8,0,1
203805,player,5.25318,3.41659,0.0683437,-0.0532477,1
203805,bullet1,5.65318,3.41659,0.8,0,1
203806,bullet5,13.0955,2.76444,0.8,0,1
203806,bullet6,5.68393,3.39263,0.8,0,1
203808,flyer4,7.5,15.207,-0.3,0,2
203808,flyer6,9,15.207,-0.3,0,2
203810,player,4.26097,4.42092,-0.218958,0.219236,1
203810,bullet1,9.65318,3.41659,0.8,0,1
203811,bullet6,9.68393,3.39263,0.8,0,1
203813,flyer4,5.99999,15.207,-0.3,0,2
203813,flyer6,7.5,15.207,-0.3,0,2
203815,player,4.04053,4.03927,0.0504638,-0.0642982,1
203815,bullet1,13.6532,3.41659,0.8,0,1
203815,bullet2,4.44053,4.03927,0.8,0,1
203816,bullet6,13.6839,3.39263,0.8,0,1
203816,bullet4,4.46324,4.01033,0.8,0,1
203818,flyer4,4.49999,15.207,-0.3,0,2
203818,flyer6,5.99999,15.207,-0.3,0,2
203820,player,4.01272,4.05597,0.0844625,-0.0847177,1
203820,bullet2,8.44053,4.03927,0.8,0,1
203821,bullet4,8.46324,4.01033,0.8,0,1
203823,flyer4,2.99999,15.207,-0.3,0,2
203823,flyer6,4.49999,15.207,-0.3,0,2
203823,bullet3,3.98615,3.99298,0.8,0,1
203825,player,3.82957,3.65044,0.308304,-0.339063,1
203825,bullet2,12.4405,4.03927,0.8,0,1
203826,bullet4,12.4632,4.01033,0.8,0,1
203828,flyer4,1.49999,15.207,-0.3,0,2
203828,flyer6,2.99999,15.207,-0.3,0,2
203828,bullet3,7.98615,3.99298,0.8,0,1
203829,bullet5,5.05995,2.79593,0.8,0,1
203830,player,4.67948,2.77583,0.0195287,-0.0200963,1
203832,bullet1,5.09222,2.76272,0.8,0,1
203833,flyer4,-6.4373e-06,15.207,-0.3,0,2
203833,flyer6,1.49999,15.207,-0.3,0,2
203833,bullet3,11.9862,3.99298,0.8,0,1
203834,bullet5,9.05995,2.79593,0.8,0,1
203835,player,5.25288,2.75969,0.0687041,-0.000370833,1
203835,bullet6,5.65288,2.75969,0.8,0,1
203837,bullet1,9.09222,2.76272,0.8,0,1
203838,flyer6,-6.4373e-06,15.207,-0.3,0,2
203838,bullet3,15.9862,3.99298,0.8,0,1
203839,bullet5,13.06,2.79593,0.8,0,1
203839,bullet2,5.70679,2.7594,0.8,0,1
203840,player,5.30806,2.75939,0.00126778,-6.84291e-06,1
203840,bullet6,9.65288,2.75969,0.8,0,1
203840,finish,18.9485,8,-0.2,0,1
203842,bullet1,13.0922,2.76272,0.8,0,1
203844,bullet2,9.70679,2.7594,0.8,0,1
203845,player,5.30907,2.75939,2.33942e-05,-1.26271e-07,1
203845,bullet6,13.6529,2.75969,0.8,0,1
203845,finish,17.9485,8,-0.2,0,1
203845,bullet4,5.70907,2.75939,0.8,0,1
203849,flyer5,16.5,15.207,-0.269349,-0.132103,2
203849,bullet2,13.7068,2.7594,0.8,0,1
203850,player,5.52931,3.09689,-0.269156,0.3375,1
203850,finish,16.9485,8,-0.2,0,1
203850,bullet4,9.70907,2.75939,0.8,0,1
203852,bullet3,5.75369,3.31711,0.8,0,1
203853,bullet5,5.72916,3.34786,0.8,0,1
203854,flyer5,15.1533,14.5465,-0.269349,-0.132103,2
203855,player,5.31316,3.36793,-0.00496668,0.00622782,1
203855,finish,15.9485,8,-0.2,0,1
203855,bullet4,13.7091,2.75939,0.8,0,1
203855,bullet1,5.71316,3.36793,0.8,0,1
203857,bullet3,9.75369,3.31711,0.8,0,1
203858,bullet5,9.72916,3.34786,0.8,0,1
203859,flyer5,13.8065,13.886,-0.269349,-0.132103,2
203859,bullet6,5.70926,3.37282,0.8,0,1
203860,player,5.30917,3.37293,-9.16492e-05,0.000114921,1
203860,finish,14.9485,8,-0.2,0,1
203860,bullet1,9.71316,3.36793,0.8,0,1
203862,bullet3,13.7537,3.31711,0.8,0,1
203863,bullet5,13.7292,3.34786,0.8,0,1
203864,flyer5,12.4598,13.2255,-0.269349,-0.132103,2
203864,bullet6,9.70926,3.37282,0.8,0,1
203865,player,5.30909,3.37302,-1.69119e-06,2.12061e-06,1
203865,finish,13.9485,8,-0.2,0,1
203865,bullet1,13.7132,3.36793,0.8,0,1
203866,bullet2,5.70909,3.37302,0.8,0,1
203868,bullet4,5.70909,3.37302,0.8,0,1
203869,flyer5,11.113,12.565,-0.269349,-0.132103,2
203869,bullet6,13.7093,3.37282,0.8,0,1
203870,player,5.30909,3.37302,-3.12071e-08,3.91313e-08,1
203870,finish,12.9485,8,-0.2,0,1
203870,bullet3,5.70909,3.37302,0.8,0,1
203871,bullet2,9.70909,3.37302,0.8,0,1
203873,bullet4,9.70909,3.37302,0.8,0,1
203873,bullet5,5.21972,3.37302,0.8,0,1
203874,flyer5,9.76627,11.9045,-0.269349,-0.132103,2
203875,player,4.72062,3.37302,-0.0307547,7.22082e-10,1
203875,finish,11.9485,8,-0.2,0,1
203875,bullet3,9.70909,3.37302,0.8,0,1
203876,bullet2,13.7091,3.37302,0.8,0,1
203878,bullet4,13.7091,3.37302,0.8,0,1
203878,bullet5,9.21972,3.37302,0.8,0,1
203879,flyer5,8.41953,11.244,-0.269349,-0.132103,2
203880,player,4.1382,3.37302,-0.0689113,1.33244e-11,1
203880,finish,10.9485,8,-0.2,0,1
203880,bullet3,13.7091,3.37302,0.8,0,1
203881,bullet1,4.50719,3.37302,0.8,0,1
203882,bullet6,4.49324,3.37302,0.8,0,1
203883,bullet5,13.2197,3.37302,0.8,0,1
203884,flyer5,7.07278,10.5834,-0.269349,-0.132103,2
203885,player,3.59349,3.8624,-0.153147,0.151875,1
203885,finish,9.9485,8,-0.2,0,1
203886,bullet1,8.5072,3.37302,0.8,0,1
203887,bullet6,8.49324,3.37302,0.8,0,1
203888,bullet2,3.87961,3.97534,0.8,0,1
203889,flyer5,5.72604,9.92293,-0.269349,-0.132103,2
203889,bullet4,3.87333,3.98156,0.8,0,1
203890,player,3.4705,3.98437,-0.00282599,0.00280252,1
203890,finish,8.94851,8,-0.2,0,1
203891,bullet1,12.5072,3.37302,0.8,0,1
203892,bullet6,12.4932,3.37302,0.8,0,1
203893,bullet2,7.87961,3.97534,0.8,0,1
203894,flyer5,4.3793,9.26241,-0.269349,-0.132103,2
203894,bullet4,7.87333,3.98156,0.8,0,1
203895,player,3.95761,3.3843,0.151823,-0.0137879,1
203895,finish,7.94851,8,-0.2,0,1
203896,bullet3,4.42593,3.3781,0.8,0,1
203898,bullet2,11.8796,3.97534,0.8,0,1
