520907,player,9.37836,14.8646,0,0,1
520911,bullet1,10.2677,14.7655,0.8,0,1
520912,player,9.93608,14.82,0.0683438,0.0545041,1
520913,bullet2,10.3668,14.8445,0.8,0,1
520916,bullet1,14.2677,14.7655,0.8,0,1
520917,player,10.2112,14.5263,-0.267895,-0.336494,1
520918,bullet2,14.3668,14.8445,0.8,0,1
520918,bullet3,10.4906,14.3748,0.8,0,1
520920,bullet4,10.412,14.276,0.8,0,1
520921,flyer1,16.5,2.72608,-0.28578,0.0912666,2
520922,player,9.65854,14.5935,-0.342443,0.331291,1
520923,bullet3,14.4906,14.3748,0.8,0,1
520924,bullet5,9.8351,14.8097,0.8,0,1
520925,bullet4,14.412,14.276,0.8,0,1
520926,flyer1,15.0711,3.18241,-0.28578,0.0912666,2
520926,flyer2,16.5,2.72608,-0.3,0,2
520927,player,8.82582,14.8596,-0.0746628,0.00611325,1
520927,bullet6,8.42582,14.8596,-0.8,-6.99382e-08,1
520929,bullet5,13.8351,14.8097,0.8,0,1
520931,flyer1,13.6422,3.63875,-0.28578,0.0912666,2
520931,flyer2,15,2.72608,-0.3,0,2
520932,player,8.76585,15.2432,-0.00137774,-0.110727,1
520932,bullet6,4.42581,14.8596,-0.8,-6.99382e-08,1
520933,bullet1,9.16523,15.1934,0.8,0,1
520935,bullet2,9.16483,15.1609,0.8,0,1
520936,flyer1,12.2133,4.09508,-0.28578,0.0912666,2
520936,flyer2,13.5,2.72608,-0.3,0,2
520937,player,9.10224,15.1543,0.337475,-0.00204322,1
520937,bullet6,0.425815,14.8596,-0.8,-6.99382e-08,1
520938,bullet1,13.1652,15.1934,0.8,0,1
520938,bullet3,9.65411,15.1534,0.8,0,1
520940,bullet2,13.1648,15.1609,0.8,0,1
520941,flyer1,10.7844,4.55141,-0.28578,0.0912666,2
520941,flyer2,12,2.72608,-0.3,0,2
520942,player,9.86264,15.221,0.158102,-0.083569,1
520943,bullet3,13.6541,15.1534,0.8,0,1
520944,bullet4,10.3658,15.1665,0.8,0,1
520946,flyer1,9.3555,5.00775,-0.28578,0.0912666,2
520946,flyer2,10.5,2.72608,-0.3,0,2
520947,player,9.76939,14.2587,0.272074,-0.407386,1
520948,flyer3,16.5,6.76183,-0.3,0,2
520949,bullet4,14.3658,15.1665,0.8,0,1
520950,bullet5,9.814,13.9557,0.8,0,1
520951,flyer1,7.9266,5.46408,-0.28578,0.0912666,2
520951,flyer2,9,2.72608,-0.3,0,2
520952,player,8.8962,14.4209,-0.160694,0.144358,1
520953,flyer3,15,6.76183,-0.3,0,2
520955,bullet5,13.814,13.9557,0.8,0,1
520955,bullet6,9.66608,15.0176,0.8,0,1
520956,flyer1,6.4977,5.92041,-0.28578,0.0912666,2
520956,flyer2,7.5,2.72608,-0.3,0,2
520957,player,9.35563,15.1253,0.0277894,0.0334185,1
520957,bullet1,9.75563,15.1253,0.8,0,1
520958,flyer3,13.5,6.76183,-0.3,0,2
520960,bullet6,13.6661,15.0176,0.8,0,1
520961,flyer1,5.0688,6.37674,-0.28578,0.0912666,2
520961,flyer2,5.99999,2.72608,-0.3,0,2
520962,player,9.37794,15.1106,0.000512793,-0.151875,1
520962,bullet1,13.7556,15.1253,0.8,0,1
520963,flyer3,12,6.76183,-0.3,0,2
520963,bullet2,9.77817,15.0423,0.8,0,1
520966,flyer1,3.63989,6.83308,-0.28578,0.0912666,2
520966,flyer2,4.49999,2.72608,-0.3,0,2
520967,player,9.37835,14.9887,9.46248e-06,-0.00280252,1
520967,bullet3,9.77835,14.9887,0.8,0,1
520968,flyer3,10.5,6.76183,-0.3,0,2
520968,bullet2,13.7782,15.0423,0.8,0,1
520968,bullet4,9.77835,14.9874,0.8,0,1
520970,bullet5,9.77836,14.9866,0.8,0,1
520971,flyer1,2.21099,7.28941,-0.28578,0.0912666,2
520971,flyer2,2.99999,2.72608,-0.3,0,2
520972,player,9.37836,14.9864,1.74609e-07,-5.17144e-05,1
520972,bullet3,13.7784,14.9887,0.8,0,1
520973,flyer3,9,6.76183,-0.3,0,2
520973,bullet4,13.7784,14.9874,0.8,0,1
520974,bullet6,9.77836,14.9864,0.8,0,1
520975,bullet5,13.7784,14.9866,0.8,0,1
520976,flyer1,0.78209,7.74574,-0.28578,0.0912666,2
520976,flyer2,1.49999,2.72608,-0.3,0,2
520977,player,9.04086,15.3239,-0.3375,0.337499,1
520978,flyer3,7.5,6.76183,-0.3,0,2
520979,bullet6,13.7784,14.9864,0.8,0,1
520980,bullet1,8.63216,15.6,0.8,0,1
520981,flyer2,-6.4373e-06,2.72608,-0.3,0,2
520982,player,8.65688,15.6,0.131808,0,1
520983,flyer3,5.99999,6.76183,-0.3,0,2
520983,flyer4,16.5,6.76183,-0.28224,0.101689,2
520984,flyer5,16.5,6.76183,-0.233252,-0.188662,2
520985,bullet1,12.6322,15.6,0.8,0,1
520985,bullet2,9.1549,15.1106,0.8,0,1
520987,player,8.76274,15.0115,0.00243222,-0.0307547,1
520987,bullet3,9.16273,15.0115,0.8,0,1
520988,flyer3,4.49999,6.76183,-0.3,0,2
520988,flyer4,15.0888,7.27027,-0.28224,0.101689,2
520989,flyer5,15.3337,5.81852,-0.233252,-0.188662,2
520990,bullet2,13.1549,15.1106,0.8,0,1
520990,bullet4,9.16454,14.4309,0.8,0,1
520991,bullet5,9.16464,14.3989,0.8,0,1
520992,player,8.76469,14.3845,4.48813e-05,-0.0144071,1
520992,bullet3,13.1627,15.0115,0.8,0,1
520993,flyer3,2.99999,6.76183,-0.3,0,2
520993,flyer4,13.6776,7.77872,-0.28224,0.101689,2
520994,flyer5,14.1675,4.87521,-0.233252,-0.188662,2
520995,bullet4,13.1645,14.4309,0.8,0,1
520996,bullet5,13.1646,14.3989,0.8,0,1
520997,player,8.86382,14.2738,-0.121119,0.120854,1
520998,flyer3,1.49999,6.76183,-0.3,0,2
520998,flyer4,12.2664,8.28716,-0.28224,0.101689,2
520998,bullet6,9.20932,14.3282,0.8,0,1
520999,flyer5,13.0012,3.9319,-0.233252,-0.188662,2
521001,bullet1,9.16879,14.858,0.8,0,1
521002,player,8.76655,14.9286,-0.002235,0.0705739,1
521003,flyer3,-6.4373e-06,6.76183,-0.3,0,2
521003,flyer4,10.8552,8.79561,-0.28224,0.101689,2
521003,bullet6,13.2093,14.3282,0.8,0,1
521003,bullet2,9.16554,14.9604,0.8,0,1
521004,flyer5,11.835,2.98859,-0.233252,-0.188662,2
521006,bullet1,13.1688,14.858,0.8,0,1
521007,player,8.76475,15.2363,-4.1242e-05,-0.305443,1
521008,flyer4,9.444,9.30406,-0.28224,0.101689,2
521008,bullet2,13.1655,14.9604,0.8,0,1
521008,bullet3,9.16473,15.0988,0.8,0,1
521009,flyer5,10.6687,2.04528,-0.233252,-0.188662,2
521010,bullet4,9.16472,15.0091,0.8,0,1
521012,player,8.27535,15.4803,-0.151876,0.146239,1
521013,flyer4,8.0328,9.8125,-0.28224,0.101689,2
521013,bullet3,13.1647,15.0988,0.8,0,1
521013,bullet5,8.607,15.5462,0.8,0,1
521014,flyer5,9.50243,1.10197,-0.233252,-0.188662,2
521015,bullet4,13.1647,15.0091,0.8,0,1
521017,player,8.7111,15.6,0.0655412,0,1
521017,bullet6,9.1111,15.6,0.8,0,1
521018,flyer4,6.6216,10.321,-0.28224,0.101689,2
521018,bullet5,12.607,15.5462,0.8,0,1
521018,bullet1,9.14059,15.6,0.8,0,1
521019,flyer5,8.33616,0.158658,-0.233252,-0.188662,2
521020,bullet2,9.15984,15.6,0.8,0,1
521022,player,8.76374,15.6,0.00120942,0,1
521022,bullet6,13.1111,15.6,0.8,0,1
521023,flyer4,5.2104,10.8294,-0.28224,0.101689,2
521023,bullet5,16.607,15.5462,0.8,0,1
521023,bullet1,13.1406,15.6,0.8,0,1
521024,bullet3,8.67515,15.6,0.8,0,1
521025,bullet2,13.1598,15.6,0.8,0,1
521027,player,8.1624,15.6,-0.0138173,0,1
521028,flyer4,3.7992,11.3378,-0.28224,0.101689,2
521028,flyer6,16.5,11.737,-0.234115,-0.18759,2
521028,bullet4,8.55618,15.6,0.8,0,1
521029,bullet3,12.6752,15.6,0.8,0,1
521030,bullet5,8.55212,15.6,0.8,0,1
521032,player,7.66193,15.1106,-0.15213,-0.151875,1
521033,flyer4,2.388,11.8463,-0.28224,0.101689,2
521033,flyer6,15.3294,10.799,-0.234115,-0.18759,2
521033,bullet4,12.5562,15.6,0.8,0,1
521035,bullet5,12.5521,15.6,0.8,0,1
521036,bullet6,7.73104,15.5492,-0.8,-6.99382e-08,1
521037,player,8.14207,15.6,0.0110324,0,1
521038,flyer4,0.976805,12.3547,-0.28224,0.101689,2
521038,flyer6,14.1589,9.86108,-0.234115,-0.18759,2
521039,bullet1,8.54927,15.6,0.8,0,1
521041,bullet6,3.73103,15.5492,-0.8,-6.99382e-08,1
521042,player,7.59321,15.0423,-0.0681402,-0.0683438,1
521043,flyer4,-0.434395,12.8632,-0.28224,0.101689,2
521043,flyer6,12.9883,8.92313,-0.234115,-0.18759,2
521043,bullet2,7.96255,15.0115,0.8,0,1
521044,bullet1,12.5493,15.6,0.8,0,1
521046,bullet6,-0.268965,15.5492,-0.8,-6.99382e-08,1
521047,player,6.46064,14.8883,-0.183887,0.119859,1
521047,flayer7,16.5,9.30805,-0.239309,-0.180918,2
521047,bullet3,6.86064,14.8883,0.8,0,1
521048,flyer6,11.8177,7.98517,-0.234115,-0.18759,2
521048,bullet2,11.9625,15.0115,0.8,0,1
521052,player,5.26587,15.0529,-0.223612,-0.0813195,1
521052,flayer7,15.3035,8.40346,-0.239309,-0.180918,2
521052,bullet3,10.8606,14.8883,0.8,0,1
521053,flyer6,10.6471,7.04722,-0.234115,-0.18759,2
521053,bullet2,15.9625,15.0115,0.8,0,1
521054,flayer8,16.5,9.30805,-0.298419,-0.0307554,2
521055,bullet4,5.49958,14.9924,0.8,0,1
521057,player,5.08629,14.6501,-0.00412627,-0.339001,1
521057,flayer7,14.1069,7.49886,-0.239309,-0.180918,2
521057,bullet3,14.8606,14.8883,0.8,0,1
521058,flyer6,9.47656,6.10927,-0.234115,-0.18759,2
521058,bullet5,5.48443,14.4975,0.8,0,1
521059,flayer8,15.0079,9.15427,-0.298419,-0.0307554,2
521060,bullet4,9.49958,14.9924,0.8,0,1
521062,player,5.42047,14.0403,0.337424,-0.343756,1
521062,flayer7,12.9104,6.59427,-0.239309,-0.180918,2
521063,flyer6,8.30599,5.17132,-0.234115,-0.18759,2
521063,bullet5,9.48443,14.4975,0.8,0,1
521064,flayer8,13.5158,9.0005,-0.298419,-0.0307554,2
521064,bullet6,6.04064,13.816,0.8,0,1
521065,bullet4,13.4996,14.9924,0.8,0,1
521065,bullet1,6.07139,13.7847,0.8,0,1
521067,player,5.69145,13.7643,0.00622642,-0.00634326,1
521067,flayer7,11.7138,5.68968,-0.239309,-0.180918,2
521068,flyer6,7.13541,4.23336,-0.234115,-0.18759,2
521068,bullet5,13.4844,14.4975,0.8,0,1
521069,flayer8,12.0237,8.84672,-0.298419,-0.0307554,2
521069,bullet6,10.0406,13.816,0.8,0,1
521070,bullet1,10.0714,13.7847,0.8,0,1
521070,bullet2,6.09608,13.7596,0.8,0,1
521072,player,5.69645,13.7592,0.000114895,-0.000117051,1
521072,flayer7,10.5173,4.78509,-0.239309,-0.180918,2
521072,bullet3,6.09645,13.7592,0.8,0,1
521073,flyer6,5.96483,3.29541,-0.234115,-0.18759,2
521074,flayer8,10.5316,8.69295,-0.298419,-0.0307554,2
521074,bullet6,14.0406,13.816,0.8,0,1
521075,bullet1,14.0714,13.7847,0.8,0,1
521075,bullet2,10.0961,13.7596,0.8,0,1
521077,player,4.80132,14.3168,-0.405842,0.0683416,1
521077,flayer7,9.32075,3.8805,-0.239309,-0.180918,2
521077,bullet3,10.0965,13.7592,0.8,0,1
521078,flyer6,4.79426,2.35746,-0.234115,-0.18759,2
521079,flayer8,9.03952,8.53917,-0.298419,-0.0307554,2
521080,bullet2,14.0961,13.7596,0.8,0,1
521082,player,4.58833,13.7694,-0.145524,-0.0125785,1
521082,flayer7,8.12421,2.97591,-0.239309,-0.180918,2
521082,bullet3,14.0965,13.7592,0.8,0,1
521082,bullet4,4.98833,13.7694,0.8,0,1
521083,flyer6,3.62368,1.41951,-0.234115,-0.18759,2
521084,flayer8,7.54743,8.3854,-0.298419,-0.0307554,2
521087,player,5.05994,12.9324,0.0280694,-0.489607,1
521087,flayer7,6.92766,2.07132,-0.239309,-0.180918,2
521087,bullet4,8.98833,13.7694,0.8,0,1
521088,flyer6,2.45311,0.481555,-0.234115,-0.18759,2
521089,flayer8,6.05533,8.23162,-0.298419,-0.0307554,2
521091,bullet5,4.92425,13.106,0.8,0,1
521092,player,4.83151,13.4652,0.307263,0.35922,1
521092,flayer7,5.73112,1.16673,-0.239309,-0.180918,2
521092,bullet4,12.9883,13.7694,0.8,0,1
521093,flyer6,1.28253,-0.456397,-0.234115,-0.18759,2
521094,flayer8,4.56323,8.07785,-0.298419,-0.0307554,2
521094,bullet6,5.432,13.6996,0.8,0,1
521096,bullet5,8.92425,13.106,0.8,0,1
521096,bullet1,4.6726,13.747,-0.8,-6.99382e-08,1
521097,player,5.07827,13.7537,0.00566987,0.00662862,1
521097,flayer7,4.53458,0.262134,-0.239309,-0.180918,2
521099,flayer8,3.07114,7.92407,-0.298419,-0.0307554,2
521099,bullet6,9.432,13.6996,0.8,0,1
521099,bullet2,4.99259,13.758,0.8,0,1
521101,bullet5,12.9242,13.106,0.8,0,1
521101,bullet1,0.672597,13.747,-0.8,-6.99382e-08,1
521102,player,4.48051,13.4215,-0.013735,-0.337378,1
521103,bullet3,4.87433,13.2697,0.8,0,1
521104,flayer8,1.57904,7.77029,-0.298419,-0.0307554,2
521104,bullet6,13.432,13.6996,0.8,0,1
521104,bullet2,8.99259,13.758,0.8,0,1
521106,bullet4,4.86973,12.6674,0.8,0,1
521107,player,4.46948,12.5928,-0.000253449,-0.0745693,1
521108,bullet3,8.87433,13.2697,0.8,0,1
521109,flayer8,0.0869421,7.61652,-0.298419,-0.0307554,2
521109,bullet2,12.9926,13.758,0.8,0,1
521109,bullet1,4.86931,12.5442,0.8,0,1
521111,bullet4,8.86973,12.6674,0.8,0,1
521112,player,4.46928,12.5329,-4.67685e-06,-0.00137601,1
521113,bullet3,12.8743,13.2697,0.8,0,1
521114,flyer1,16.5,9.30805,-0.294891,-0.055131,2
521114,bullet1,8.86931,12.5442,0.8,0,1
521116,bullet4,12.8697,12.6674,0.8,0,1
521117,player,3.9799,12.0424,-0.151875,-0.1519,1
521118,flyer2,16.5,9.30805,-0.259363,0.150768,2
521119,flyer1,15.0255,9.03239,-0.294891,-0.055131,2
521119,bullet1,12.8693,12.5442,0.8,0,1
521120,bullet5,3.70924,11.3718,0.8,0,1
521122,player,3.25562,11.3181,-0.0166421,-0.0166426,1
521122,bullet6,3.65562,11.3181,0.8,0,1
521123,flyer2,15.2032,10.0619,-0.259363,0.150768,2
521123,bullet2,3.64813,11.3107,0.8,0,1
521124,flyer1,13.5511,8.75674,-0.294891,-0.055131,2
521125,bullet5,7.70924,11.3718,0.8,0,1
521127,player,3.24225,10.7471,-0.000307094,-0.0686508,1
521127,bullet6,7.65562,11.3181,0.8,0,1
521128,flyer2,13.9064,10.8157,-0.259363,0.150768,2
521128,bullet2,7.64813,11.3107,0.8,0,1
521129,flyer1,12.0766,8.48108,-0.294891,-0.055131,2
521129,bullet3,3.64205,10.7023,0.8,0,1
521130,bullet5,11.7092,11.3718,0.8,0,1
521132,player,3.24201,10.6919,-5.66675e-06,-0.0012668,1
521132,bullet6,11.6556,11.3181,0.8,0,1
521133,flyer2,12.6096,11.5696,-0.259363,0.150768,0
521133,bullet2,11.6481,11.3107,0.8,0,1
521133,bullet4,3.642,10.6914,0.8,0,1
521134,flyer1,10.6022,8.20543,-0.294891,-0.055131,2
521134,bullet3,7.64205,10.7023,0.8,0,1
521136,bullet1,2.842,10.6909,-0.8,-6.99382e-08,1
521137,player,3.242,10.3534,-1.04567e-07,-0.337523,1
521138,bullet2,15.6481,11.3107,0.8,0,1
521138,bullet4,7.642,10.6914,0.8,0,1
521139,flyer1,9.12774,7.92978,-0.294891,-0.055131,2
521139,bullet3,11.6421,10.7023,0.8,0,1
521141,flyer3,16.5,7.96545,-0.296483,0.0457991,2
521142,player,2.68428,10.0824,-0.0683438,-0.00622826,1
521143,bullet4,11.642,10.6914,0.8,0,1
521144,flyer1,7.65329,7.65412,-0.294891,-0.055131,2
521144,bullet3,15.6421,10.7023,0.8,0,1
521145,flyer5,16.5,7.96545,-0.3,0,2
521146,flyer3,15.0176,8.19445,-0.296483,0.0457991,2
521146,bullet5,3.61913,10.6352,0.8,0,1
521147,player,3.23171,11.0033,0.0125785,0.36814,1
521148,bullet4,15.642,10.6914,0.8,0,1
521149,flyer1,6.17883,7.37847,-0.294891,-0.055131,2
521150,flyer5,15,7.96545,-0.3,0,2
521151,flyer3,13.5352,8.42344,-0.296483,0.0457991,2
521151,bullet5,7.61913,10.6352,0.8,0,1
521152,player,4.388,11.8567,0.0993305,0.075137,1
521152,bullet6,4.788,11.8567,0.8,0,1
521154,flyer1,4.70438,7.10281,-0.294891,-0.055131,2
521154,bullet2,4.85282,11.9057,0.8,0,1
521155,flyer5,13.5,7.96545,-0.3,0,2
521156,flyer3,12.0528,8.65244,-0.296483,0.0457991,2
521156,bullet5,11.6191,10.6352,0.8,0,1
521156,bullet1,4.86594,11.9157,0.8,0,1
521157,player,4.46778,11.917,0.00183293,0.00138649,1
521157,bullet6,8.788,11.8567,0.8,0,1
521159,flyer1,3.22992,6.82716,-0.294891,-0.055131,2
521159,bullet2,8.85282,11.9057,0.8,0,1
521160,flyer5,12,7.96545,-0.3,0,2
521161,flyer3,10.5703,8.88144,-0.296483,0.0457991,2
521161,bullet5,15.6191,10.6352,0.8,0,1
521161,bullet1,8.86594,11.9157,0.8,0,1
521162,player,4.46925,12.5066,3.38227e-05,0.0307803,1
521162,bullet6,12.788,11.8567,0.8,0,1
521163,bullet3,4.86926,12.5205,0.8,0,1
521164,flyer1,1.75547,6.5515,-0.294891,-0.055131,2
521164,bullet2,12.8528,11.9057,0.8,0,1
521165,flyer5,10.5,7.96545,-0.3,0,2
521166,flyer3,9.08792,9.11043,-0.296483,0.0457991,2
521166,bullet1,12.8659,11.9157,0.8,0,1
521167,player,4.46928,12.042,6.24124e-07,-0.151307,1
521167,bullet4,4.86928,12.042,0.8,0,1
521168,bullet3,8.86927,12.5205,0.8,0,1
521169,flyer1,0.281015,6.27585,-0.294891,-0.055131,2
521169,bullet5,4.86928,11.9432,0.8,0,1
521170,flyer5,9,7.96545,-0.3,0,2
521171,flyer3,7.60551,9.33943,-0.296483,0.0457991,2
521172,player,4.13178,12.258,-0.3375,0.334708,1
521172,bullet4,8.86928,12.042,0.8,0,1
521173,bullet3,12.8693,12.5205,0.8,0,1
521174,bullet5,8.86928,11.9432,0.8,0,1
521174,bullet6,4.31156,12.4764,0.8,0,1
521175,flyer5,7.5,7.96545,-0.3,0,2
521176,flyer3,6.12309,9.56843,-0.296483,0.0457991,2
521177,player,3.86074,12.5268,-0.00622782,0.0061763,1
521177,bullet4,12.8693,12.042,0.8,0,1
521179,bullet5,12.8693,11.9432,0.8,0,1
521179,bullet6,8.31156,12.4764,0.8,0,1
521179,bullet2,4.25667,12.5308,0.8,0,1
521180,flyer5,5.99999,7.96545,-0.3,0,2
521181,flyer3,4.64067,9.79742,-0.296483,0.0457991,2
521182,player,3.70386,12.0424,0.18551,-0.151761,1
521184,bullet6,12.3116,12.4764,0.8,0,1
521184,bullet2,8.25667,12.5308,0.8,0,1
521184,bullet1,4.22491,11.9433,0.8,0,1
521185,flyer5,4.49999,7.96545,-0.3,0,2
521185,bullet3,4.24181,11.9295,0.8,0,1
521186,flyer3,3.15825,10.0264,-0.296483,0.0457991,2
521187,player,3.85284,11.9205,0.00342318,-0.00280042,1
521189,bullet6,16.3116,12.4764,0.8,0,1
521189,bullet2,12.2567,12.5308,0.8,0,1
521189,bullet1,8.22491,11.9433,0.8,0,1
521190,flyer5,2.99999,7.96545,-0.3,0,2
521190,bullet3,8.24181,11.9295,0.8,0,1
521191,flyer3,1.67584,10.2554,-0.296483,0.0457991,2
521192,player,3.96853,12.5205,-0.137972,0.0137879,1
521192,bullet4,4.36853,12.5205,0.8,0,1
521194,bullet2,16.2567,12.5308,0.8,0,1
521194,bullet1,12.2249,11.9433,0.8,0,1
521195,flyer5,1.49999,7.96545,-0.3,0,2
521195,bullet3,12.2418,11.9295,0.8,0,1
521196,flyer3,0.193419,10.4844,-0.296483,0.0457991,2
521197,player,3.36835,12.5316,-0.154421,0.000254426,1
521197,bullet4,8.36853,12.5205,0.8,0,1
521198,bullet5,3.69886,12.5317,0.8,0,1
521199,bullet1,16.2249,11.9433,0.8,0,1
521200,flyer5,-6.4373e-06,7.96545,-0.3,0,2
521200,bullet3,16.2418,11.9295,0.8,0,1
521201,flyer4,16.5,7.96545,-0.271315,0.128015,2
521201,bullet6,3.64719,12.5318,0.8,0,1
521202,player,2.90684,12.1943,-0.340349,-0.337495,1
521202,bullet4,12.3685,12.5205,0.8,0,1
521203,bullet5,7.69886,12.5317,0.8,0,1
521205,bullet2,3.05375,11.9433,0.8,0,1
521206,flyer4,15.1434,8.60553,-0.271315,0.128015,2
521206,bullet6,7.64719,12.5318,0.8,0,1
521207,player,2.63351,11.9233,-0.00628041,-0.00622774,1
521207,bullet4,16.3685,12.5205,0.8,0,1
521208,bullet5,11.6989,12.5317,0.8,0,1
521210,bullet2,7.05375,11.9433,0.8,0,1
521211,flyer4,13.7868,9.24561,-0.271315,0.128015,2
521211,bullet6,11.6472,12.5318,0.8,0,1
521211,bullet1,3.05934,11.3607,0.8,0,1
521212,player,2.64231,10.9923,-0.017031,-0.36837,1
521213,bullet5,15.6989,12.5317,0.8,0,1
521215,bullet2,11.0537,11.9433,0.8,0,1
521216,flyer4,12.4303,9.88568,-0.271315,0.128015,2
521216,bullet6,15.6472,12.5318,0.8,0,1
521216,bullet1,7.05934,11.3607,0.8,0,1
521216,bullet3,2.47123,10.7033,0.8,0,1
521217,player,2.04016,10.6965,-0.031069,-0.00679746,1
521219,bullet4,1.93051,10.2027,0.8,0,1
521220,bullet2,15.0537,11.9433,0.8,0,1
521221,flyer4,11.0737,10.5258,-0.271315,0.128015,1
521221,bullet3,6.47123,10.7033,0.8,0,1
521222,player,0.586018,10.0887,-0.503788,-0.013965,1
521224,bullet4,5.93051,10.2027,0.8,0,1
521224,bullet5,0.8,10.0796,0.8,0,1
521227,player,0.4,10.0775,0,-0.000257694,1
521227,bullet6,0.8,10.0775,0.8,0,1
521229,bullet4,9.93051,10.2027,0.8,0,1
521229,bullet5,4.8,10.0796,0.8,0,1
521229,bullet1,0.8,10.0773,0.8,0,1
521232,player,0.551875,10.9042,-0.185625,0.48937,1
521232,bullet6,4.8,10.0775,0.8,0,1
521234,bullet4,13.9305,10.2027,0.8,0,1
521234,bullet5,8.8,10.0796,0.8,0,1
521234,bullet1,4.8,10.0773,0.8,0,1
521237,player,0.402803,11.8856,-0.0034253,0.0397849,1
521237,bullet6,8.8,10.0775,0.8,0,1
521238,flyer6,16.5,12.9788,-0.3,0,2
521239,bullet5,12.8,10.0796,0.8,0,1
521239,bullet1,8.8,10.0773,0.8,0,1
521242,player,0.400052,11.0769,-6.32065e-05,-0.471726,1
521242,bullet6,12.8,10.0775,0.8,0,1
521243,flyer6,15,12.9788,-0.3,0,2
521244,flayer7,16.5,7.96545,-0.271846,0.126884,2
521244,bullet1,12.8,10.0773,0.8,0,1
521244,bullet2,0.800011,10.7691,0.8,0,1
521247,player,0.889376,10.698,0.151874,-0.00870467,1
521248,flyer6,13.5,12.9788,-0.3,0,2
521248,bullet3,1.35772,10.6941,0.8,0,1
521249,flayer7,15.1408,8.59987,-0.271846,0.126884,2
521249,bullet2,4.80001,10.7691,0.8,0,1
521249,bullet4,1.38847,10.6923,0.8,0,1
521252,player,1.01134,10.691,0.0028025,-0.000160626,1
521252,bullet5,1.41134,10.691,0.8,0,1
521253,flyer6,12,12.9788,-0.3,0,2
521253,bullet3,5.35772,10.6941,0.8,0,1
521254,flayer7,13.7815,9.23429,-0.271846,0.126884,2
521254,bullet2,8.80001,10.7691,0.8,0,1
521254,bullet4,5.38847,10.6923,0.8,0,1
521257,player,1.01359,10.6909,5.1714e-05,-2.96399e-06,1
521257,bullet5,5.41134,10.691,0.8,0,1
521258,flyer6,10.5,12.9788,-0.3,0,2
521258,bullet3,9.35772,10.6941,0.8,0,1
521259,flayer7,12.4223,9.8687,-0.271846,0.126884,2
521259,bullet2,12.8,10.7691,0.8,0,1
521259,bullet4,9.38847,10.6923,0.8,0,1
521261,bullet6,0.855916,10.6601,0.8,0,1
521262,player,0.425163,10.6771,-0.0307537,0.016915,1
521262,bullet5,9.41134,10.691,0.8,0,1
521263,flyer6,9,12.9788,-0.3,0,2
521264,bullet1,0.8,11.1775,0.8,0,1
521266,bullet6,4.85592,10.6601,0.8,0,1
521266,bullet3,0.8,11.2788,0.8,0,1
521267,player,0.4,11.293,0,0.0141517,1
521267,bullet5,13.4113,10.691,0.8,0,1
521268,flyer6,7.5,12.9788,-0.3,0,2
521269,bullet1,4.8,11.1775,0.8,0,1
521271,bullet6,8.85592,10.6601,0.8,0,1
521271,bullet3,4.8,11.2788,0.8,0,1
521272,player,0.4,12.3822,0,0.182891,1
521273,flyer6,5.99999,12.9788,-0.3,0,2
521274,bullet1,8.8,11.1775,0.8,0,1
521275,bullet4,1.35772,13.0759,0.8,0,1
521276,bullet6,12.8559,10.6601,0.8,0,1
521276,bullet3,8.8,11.2788,0.8,0,1
521277,player,1.00231,13.1314,0.0138396,0.0172145,1
521278,flyer6,4.49999,12.9788,-0.3,0,1
521279,bullet1,12.8,11.1775,0.8,0,1
521280,bullet2,0.854886,13.7019,0.8,0,1
521281,bullet3,12.8,11.2788,0.8,0,1
521282,player,0.411115,13.7475,-0.0135842,0.0141573,1
521282,bullet5,0.811115,13.7475,0.8,0,1
521286,flayer8,16.5,12.9788,-0.29257,-0.0663544,2
521286,bullet4,0.800456,14.8365,0.8,0,1
521287,player,0.400205,14.9189,-0.000250667,0.0824446,1
521287,bullet5,4.81111,13.7475,0.8,0,1
521288,flyer2,16.5,12.9788,-0.244208,-0.174249,2
521290,bullet6,0.800019,14.4225,0.8,0,1
521291,flayer8,15.0371,12.6471,-0.29257,-0.0663544,2
521291,bullet4,4.80046,14.8365,0.8,0,1
521292,player,0.400004,14.3828,-4.62552e-06,-0.0123183,1
521292,bullet5,8.81112,13.7475,0.8,0,1
521292,bullet2,0.800004,14.3828,0.8,0,1
521293,flyer2,15.279,12.1076,-0.244208,-0.174249,2
521295,bullet6,4.80002,14.4225,0.8,0,1
521296,flayer8,13.5743,12.3153,-0.29257,-0.0663544,2
521296,bullet4,8.80046,14.8365,0.8,0,1
521297,player,0.4,13.7706,-8.53538e-08,-0.0140669,1
521297,bullet5,12.8111,13.7475,0.8,0,1
521297,bullet2,4.8,14.3828,0.8,0,1
521298,flyer2,14.0579,11.2364,-0.244208,-0.174249,2
521300,bullet6,8.80002,14.4225,0.8,0,1
521301,flayer8,12.1114,11.9835,-0.29257,-0.0663544,2
521301,bullet4,12.8005,14.8365,0.8,0,1
521302,player,0.7375,14.0241,0.3375,-0.32392,1
521302,bullet2,8.8,14.3828,0.8,0,1
521303,flyer2,12.8369,10.3651,-0.244208,-0.174249,2
521305,bullet6,12.8,14.4225,0.8,0,1
521306,flayer8,10.6486,11.6517,-0.29257,-0.0663544,2
521306,bullet1,0.912938,13.2806,0.8,0,1
521307,player,0.450822,13.2062,-0.0621159,-0.074321,1
521307,bullet2,12.8,14.3828,0.8,0,1
521308,flyer2,11.6159,9.49387,-0.244208,-0.174249,2
521308,bullet3,0.82287,13.1728,0.8,0,1
521311,flayer8,9.18575,11.32,-0.29257,-0.0663544,2
521311,bullet1,4.91294,13.2806,0.8,0,1
521312,player,0.400938,12.8091,-0.00114621,-0.338871,1
521313,flyer2,10.3948,8.62262,-0.244208,-0.174249,2
521313,bullet3,4.82287,13.1728,0.8,0,1
521313,bullet5,0.800422,12.6566,0.8,0,1
521316,flayer8,7.7229,10.9882,-0.29257,-0.0663544,2
521316,bullet1,8.91294,13.2806,0.8,0,1
521317,player,0.400018,13.0263,-2.11509e-05,0.145622,1
521318,flyer2,9.17378,7.75138,-0.244208,-0.174249,2
521318,bullet3,8.82287,13.1728,0.8,0,1
521318,bullet5,4.80042,12.6566,0.8,0,1
521318,bullet4,0.800008,13.0918,0.8,0,1
521321,flayer8,6.26005,10.6564,-0.29257,-0.0663544,2
521321,bullet1,12.9129,13.2806,0.8,0,1
521322,player,0.4,13.6326,0,0.154562,1
521323,flyer2,7.95274,6.88014,-0.244208,-0.174249,2
521323,bullet3,12.8229,13.1728,0.8,0,1
521323,bullet5,8.80042,12.6566,0.8,0,1
521323,bullet4,4.80001,13.0918,0.8,0,1
521326,flayer8,4.7972,10.3246,-0.29257,-0.0663544,2
521326,bullet6,0,14.8317,-0.8,-6.99382e-08,1
521327,player,0.4,14.9168,0,0.0850355,1
521328,flyer2,6.7317,6.00889,-0.244208,-0.174249,2
521328,bullet5,12.8004,12.6566,0.8,0,1
521328,bullet4,8.80001,13.0918,0.8,0,1
521331,flayer8,3.33435,9.99288,-0.29257,-0.0663544,2
521332,player,0.4,15.3672,-0,0.284565,1
521333,flyer2,5.51066,5.13765,-0.244208,-0.174249,2
521333,flyer1,16.5,12.9788,-0.3,0,2
521333,bullet4,12.8,13.0918,0.8,0,1
521336,flayer8,1.8715,9.6611,-0.29257,-0.0663544,2
521337,player,0.889375,14.504,0.151875,-0.160464,1
521338,flyer2,4.28962,4.26641,-0.244208,-0.174249,2
521338,flyer1,15,12.9788,-0.3,0,1
521341,flayer8,0.408653,9.32933,-0.29257,-0.0663544,2
521341,flyer3,16.5,12.9788,-0.281239,-0.104427,2
521342,player,0.4,14.3305,0,0.0515431,1
521342,bullet2,0.8,14.3305,0.8,0,1
521343,flyer2,3.06858,3.39516,-0.244208,-0.174249,2
521343,flyer1,13.5,12.9788,-0.3,0,1
521346,flyer3,15.0938,12.4567,-0.281239,-0.104427,2
521347,player,0.4,15.1261,-0,-0.170834,1
521347,bullet2,4.8,14.3305,0.8,0,1
521348,flyer2,1.84755,2.52392,-0.244208,-0.174249,2
521348,flyer1,12,12.9788,-0.3,0,1
521351,flyer3,13.6876,11.9346,-0.281239,-0.104427,2
521352,player,0.988474,13.8427,0.0307547,-0.102251,1
521352,bullet2,8.8,14.3305,0.8,0,1
521352,bullet1,1.38847,13.8427,0.8,0,1
521353,flyer2,0.626508,1.65267,-0.244208,-0.174249,2
521353,flyer1,10.5,12.9788,-0.3,0,1
521356,flyer3,12.2814,11.4124,-0.281239,-0.104427,2
521357,player,1.57089,13.716,0.0689113,0.0526173,1
521357,bullet2,12.8,14.3305,0.8,0,1
521357,bullet1,5.38847,13.8427,0.8,0,1
521358,flyer1,9,12.9788,-0.3,0,1
521359,bullet6,1.21586,13.7504,-0.8,-6.99382e-08,1
521360,bullet3,2.02214,13.7552,0.8,0,1
521361,flyer3,10.8752,10.8903,-0.281239,-0.104427,2
521362,player,1.62623,13.7583,0.00127161,0.000970938,1
521362,bullet5,2.02623,13.7583,0.8,0,1
521363,bullet4,2.0268,13.7587,0.8,0,1
521365,bullet3,6.02214,13.7552,0.8,0,1
521365,bullet1,2.02718,13.759,0.8,0,1
521366,flyer3,9.46904,10.3682,-0.281239,-0.104427,2
521367,player,1.62725,13.7591,2.34647e-05,1.79165e-05,1
521367,bullet5,6.02623,13.7583,0.8,0,1
521368,bullet4,6.02681,13.7587,0.8,0,1
521370,bullet3,10.0221,13.7552,0.8,0,1
521370,bullet1,6.02718,13.759,0.8,0,1
521371,flyer3,8.06284,9.84605,-0.281239,-0.104427,2
521372,player,2.18499,13.7591,0.0683442,3.3061e-07,1
521372,bullet5,10.0262,13.7583,0.8,0,1
521373,bullet4,10.0268,13.7587,0.8,0,1
521375,bullet3,14.0221,13.7552,0.8,0,1
521375,bullet1,10.0272,13.759,0.8,0,1
521376,flyer3,6.65665,9.32392,-0.281239,-0.104427,2
521377,player,1.68216,14.3168,-0.0670826,0.0683438,1
521377,bullet5,14.0262,13.7583,0.8,0,1
521378,bullet4,14.0268,13.7587,0.8,0,1
521380,flyer5,16.5,3.76335,-0.3,0,2
521380,bullet1,14.0272,13.759,0.8,0,1
521380,bullet2,1.5429,13.8782,0.8,0,1
521381,flyer3,5.25046,8.80178,-0.281239,-0.104427,2
521382,player,1.03981,13.4457,-0.0319926,-0.366994,1
521383,flyer4,16.5,3.76335,-0.29984,-0.00980661,2
521385,flyer5,15,3.76335,-0.3,0,2
521385,bullet2,5.5429,13.8782,0.8,0,1
521386,flyer3,3.84426,8.27965,-0.281239,-0.104427,2
521386,bullet6,0.826237,12.5693,0.8,0,1
521387,player,0.411807,12.5487,-0.01443,-0.0206117,1
521387,bullet3,0.811807,12.5487,0.8,0,1
521388,flyer4,15.0008,3.71431,-0.29984,-0.00980661,2
521390,flyer5,13.5,3.76335,-0.3,0,2
521390,bullet2,9.5429,13.8782,0.8,0,1
521390,bullet5,1.29045,12.5333,0.8,0,1
521391,flyer3,2.43807,7.75752,-0.281239,-0.104427,2
521391,bullet6,4.82624,12.5693,0.8,0,1
521392,player,0.988692,12.5321,0.0304884,-0.000380343,1
521392,bullet3,4.81181,12.5487,0.8,0,1
521393,flyer4,13.5016,3.66528,-0.29984,-0.00980661,2
521395,flyer5,12,3.76335,-0.3,0,2
521395,bullet2,13.5429,13.8782,0.8,0,1
521395,bullet5,5.29045,12.5333,0.8,0,1
521396,flyer3,1.03188,7.23539,-0.281239,-0.104427,2
521396,bullet6,8.82624,12.5693,0.8,0,1
521397,player,0.4,11.9433,-0,-0.0307617,1
521397,bullet3,8.81181,12.5487,0.8,0,1
521398,flyer4,12.0024,3.61625,-0.29984,-0.00980661,2
521400,flyer5,10.5,3.76335,-0.3,0,2
521400,bullet5,9.29045,12.5333,0.8,0,1
521401,flyer3,-0.374313,6.71326,-0.281239,-0.104427,2
521401,bullet6,12.8262,12.5693,0.8,0,1
521402,player,0.4,11.3302,0,-0.0313223,1
521402,bullet3,12.8118,12.5487,0.8,0,1
521403,flyer4,10.5032,3.56721,-0.29984,-0.00980661,2
521403,bullet4,0.8,11.3161,0.8,0,1
521405,flyer5,9,3.76335,-0.3,0,2
521405,bullet5,13.2905,12.5333,0.8,0,1
521406,bullet1,0.8,11.3056,0.8,0,1
521407,player,0.7375,11.6425,0.3375,0.336922,1
521408,flyer4,9.004,3.51818,-0.29984,-0.00980661,2
521408,bullet4,4.8,11.3161,0.8,0,1
521410,flyer5,7.5,3.76335,-0.3,0,2
521410,bullet2,0.899099,12.3824,0.8,0,1
521411,bullet1,4.8,11.3056,0.8,0,1
521412,player,0.757568,12.1641,0.312973,-0.300528,1
521413,flyer4,7.5048,3.46915,-0.29984,-0.00980661,2
521413,bullet4,8.8,11.3161,0.8,0,1
521414,bullet6,1.36178,11.968,0.8,0,1
521415,flyer5,5.99999,3.76335,-0.3,0,2
521415,bullet2,4.8991,12.3824,0.8,0,1
521416,bullet1,8.8,11.3056,0.8,0,1
521417,player,0.671411,12.2602,-0.331725,0.331954,1
521418,flyer4,6.00561,3.42011,-0.29984,-0.00980661,2
521418,bullet4,12.8,11.3161,0.8,0,1
521419,bullet6,5.36178,11.968,0.8,0,1
521420,flyer5,4.49999,3.76335,-0.3,0,2
521420,bullet2,8.8991,12.3824,0.8,0,1
521421,bullet1,12.8,11.3056,0.8,0,1
521422,player,0.655982,12.1585,-0.312867,-0.293785,1
521423,flyer4,4.50641,3.37108,-0.29984,-0.00980661,2
521424,bullet6,9.36178,11.968,0.8,0,1
521425,flyer5,2.99999,3.76335,-0.3,0,2
521425,bullet2,12.8991,12.3824,0.8,0,1
521426,bullet3,0,11.928,-0.8,-6.99382e-08,1
521427,player,0.4,11.9226,0,-0.00542117,1
521428,flyer4,3.00721,3.32205,-0.29984,-0.00980661,2
521429,bullet6,13.3618,11.968,0.8,0,1
521430,flyer5,1.49999,3.76335,-0.3,0,2
521430,flayer7,16.5,3.76335,-0.299193,-0.0219907,2
521430,bullet5,1.28938,11.9186,0.8,0,1
521432,player,0.988474,11.9182,0.0307547,-0.000100036,1
521433,flyer4,1.50801,3.27301,-0.29984,-0.00980661,2
521435,flyer5,-6.4373e-06,3.76335,-0.3,0,2
521435,flayer7,15.004,3.65339,-0.299193,-0.0219907,2
521435,bullet5,5.28938,11.9186,0.8,0,1
521437,player,1.75352,11.8191,-0.154303,0.121118,1
521437,flyer6,16.5,3.76335,-0.3,0,2
521438,flyer4,0.00881219,3.22398,-0.29984,-0.00980661,2
521440,flayer7,13.5081,3.54344,-0.299193,-0.0219907,2
521440,flayer8,16.5,3.76335,-0.288357,-0.0827672,2
521440,bullet5,9.28938,11.9186,0.8,0,1
521440,bullet4,2.52815,11.9091,0.8,0,1
521442,player,2.21808,11.9163,0.0279074,0.00223498,1
521442,flyer6,15,3.76335,-0.3,0,2
521443,bullet1,2.63063,11.9173,0.8,0,1
521444,bullet3,2.63629,11.9178,0.8,0,1
521445,flayer7,12.0121,3.43348,-0.299193,-0.0219907,2
521445,flayer8,15.0582,3.34951,-0.288357,-0.0827672,2
521445,bullet5,13.2894,11.9186,0.8,0,1
521445,bullet4,6.52815,11.9091,0.8,0,1
521447,player,2.24049,11.9181,0.000514969,4.12416e-05,1
521447,flyer6,13.5,3.76335,-0.3,0,2
521448,bullet1,6.63064,11.9173,0.8,0,1
521449,bullet3,6.63629,11.9178,0.8,0,1
521449,bullet2,2.64082,11.9182,0.8,0,1
521450,flayer7,10.5161,3.32353,-0.299193,-0.0219907,2
521450,flayer8,13.6164,2.93567,-0.288357,-0.0827672,2
521450,bullet4,10.5282,11.9091,0.8,0,1
521452,player,2.2409,11.9182,9.50264e-06,7.61024e-07,1
521452,flyer6,12,3.76335,-0.3,0,2
521453,bullet1,10.6306,11.9173,0.8,0,1
521454,bullet3,10.6363,11.9178,0.8,0,1
521454,bullet2,6.64083,11.9182,0.8,0,1
521455,flayer7,9.02017,3.21358,-0.299193,-0.0219907,2
521455,flayer8,12.1746,2.52184,-0.288357,-0.0827672,2
521455,bullet4,14.5282,11.9091,0.8,0,1
521457,player,2.24091,11.5807,1.7535e-07,-0.3375,1
521457,flyer6,10.5,3.76335,-0.3,0,2
521458,bullet1,14.6306,11.9173,0.8,0,1
521459,bullet3,14.6363,11.9178,0.8,0,1
521459,bullet2,10.6408,11.9182,0.8,0,1
521460,flayer7,7.5242,3.10362,-0.299193,-0.0219907,2
521460,flayer8,10.7329,2.108,-0.288357,-0.0827672,2
521462,player,1.68319,11.3096,-0.0683437,-0.00622782,1
521462,flyer6,9,3.76335,-0.3,0,2
521464,bullet2,14.6408,11.9182,0.8,0,1
521465,flayer7,6.02824,2.99367,-0.299193,-0.0219907,2
521465,flayer8,9.29108,1.69416,-0.288357,-0.0827672,2
521467,player,1.12509,12.9848,-0.136221,0.196354,1
521467,flyer6,7.5,3.76335,-0.3,0,2
521467,flyer2,16.5,13.1719,-0.298269,-0.0321775,2
521470,flayer7,4.53227,2.88371,-0.299193,-0.0219907,2
521470,flayer8,7.8493,1.28033,-0.288357,-0.0827672,2
521471,bullet6,0.8,13.2379,0.8,0,1
521472,player,0.4,13.1871,0,-0.0508808,1
521472,flyer6,5.99999,3.76335,-0.3,0,2
521472,flyer2,15.0087,13.0111,-0.298269,-0.0321775,2
521474,bullet5,0.8,12.6645,0.8,0,1
521475,flayer7,3.03631,2.77376,-0.299193,-0.0219907,2
521475,flayer8,6.40751,0.866492,-0.288357,-0.0827672,2
521476,bullet6,4.8,13.2379,0.8,0,1
521477,player,0.4,12.8814,0,0.322722,1
521477,flyer6,4.49999,3.76335,-0.3,0,2
521477,flyer2,13.5173,12.8502,-0.298269,-0.0321775,2
521478,bullet4,0.8,13.0266,0.8,0,1
521479,bullet5,4.8,12.6645,0.8,0,1
521480,flayer7,1.54034,2.66381,-0.299193,-0.0219907,2
521480,flayer8,4.96573,0.452656,-0.288357,-0.0827672,2
521481,bullet6,8.8,13.2379,0.8,0,1
521482,player,0.4,13.6983,0,0.0742989,1
521482,flyer6,2.99999,3.76335,-0.3,0,2
521482,flyer2,12.026,12.6893,-0.298269,-0.0321775,2
521483,bullet4,4.8,13.0266,0.8,0,1
521483,bullet1,0.8,13.7317,0.8,0,1
521484,bullet5,8.8,12.6645,0.8,0,1
521484,bullet3,0.8,13.7468,0.8,0,1
521485,flayer7,0.0443777,2.55385,-0.299193,-0.0219907,2
521485,flayer8,3.52394,0.0388197,-0.288357,-0.0827672,2
521487,player,0.7375,13.4205,0.3375,-0.336129,1
521487,flyer6,1.49999,3.76335,-0.3,0,2
521488,bullet4,8.8,13.0266,0.8,0,1
521488,bullet1,4.8,13.7317,0.8,0,1
521488,bullet2,1.28938,13.2692,0.8,0,1
521489,bullet3,4.8,13.7468,0.8,0,1
521490,flayer8,2.08216,-0.375016,-0.288357,-0.0827672,2
521492,player,1.00854,13.1505,0.00622782,-0.00620253,1
521492,flyer6,-6.4373e-06,3.76335,-0.3,0,2
521493,bullet4,12.8,13.0266,0.8,0,1
521493,bullet1,8.8,13.7317,0.8,0,1
521493,bullet2,5.28938,13.2692,0.8,0,1
521494,bullet3,8.8,13.7468,0.8,0,1
521497,player,0.4,12.808,-0.101432,-0.337614,1
521498,flyer1,16.5,13.1719,-0.237063,-0.183851,2
521498,bullet1,12.8,13.7317,0.8,0,1
521498,bullet2,9.28938,13.2692,0.8,0,1
521498,bullet6,0.8,12.6561,0.8,0,1
521499,bullet3,12.8,13.7468,0.8,0,1
521502,player,0.4,13.0263,0,0.145645,1
521503,flyer1,15.3147,12.2527,-0.237063,-0.183851,2
521503,bullet2,13.2894,13.2692,0.8,0,1
521503,bullet6,4.8,12.6561,0.8,0,1
521504,flyer3,16.5,13.1719,-0.3,0,2
521504,bullet5,1.28938,13.6107,0.8,0,1
521506,bullet4,1.38847,13.729,0.8,0,1
521507,player,1.00231,13.7456,0.0138396,0.0165272,1
521508,flyer1,14.1294,11.3334,-0.237063,-0.183851,2
521508,bullet6,8.8,12.6561,0.8,0,1
521508,bullet1,1.40854,13.753,0.8,0,1
521509,flyer3,15,13.1719,-0.3,0,1
521509,bullet5,5.28938,13.6107,0.8,0,1
521511,bullet4,5.38847,13.729,0.8,0,1
521512,player,1.57115,13.2011,0.0685991,-0.0680388,1
521513,flyer1,12.9441,10.4142,-0.237063,-0.183851,2
521513,bullet6,12.8,12.6561,0.8,0,1
521513,bullet1,5.40854,13.753,0.8,0,1
521514,flyer3,13.5,13.1719,-0.3,0,0
521514,bullet5,9.28938,13.6107,0.8,0,1
521514,bullet3,2.01591,13.1567,0.8,0,1
521516,bullet4,9.38847,13.729,0.8,0,1
521517,player,1.13686,13.6358,-0.150609,0.15062,1
521518,flyer1,11.7588,9.49492,-0.237063,-0.183851,2
521518,bullet1,9.40854,13.753,0.8,0,1
521519,bullet5,13.2894,13.6107,0.8,0,1
521519,bullet3,6.01591,13.1567,0.8,0,1
521521,bullet4,13.3885,13.729,0.8,0,1
521522,player,0.947566,13.8252,0.0807521,-0.0807519,1
521523,flyer1,10.5734,8.57567,-0.237063,-0.183851,2
521523,bullet1,13.4085,13.753,0.8,0,1
521524,bullet3,10.0159,13.1567,0.8,0,1
521524,bullet2,1.40026,13.7725,0.8,0,1
521525,bullet6,1.40762,13.7651,0.8,0,1
521527,player,0.674917,13.7603,-0.33601,-0.0014901,1
521528,flyer1,9.38813,7.65641,-0.237063,-0.183851,2
521529,bullet3,14.0159,13.1567,0.8,0,1
521529,bullet2,5.40026,13.7725,0.8,0,1
521530,bullet6,5.40762,13.7651,0.8,0,1
521531,bullet5,0.8,13.7591,0.8,0,1
521532,player,0.4,13.7591,-0,-2.74965e-05,1
521533,flyer1,8.20281,6.73716,-0.237063,-0.183851,2
521534,bullet2,9.40026,13.7725,0.8,0,1
521534,bullet4,0.8,13.7591,0.8,0,1
521535,bullet6,9.40762,13.7651,0.8,0,1
521536,bullet5,4.8,13.7591,0.8,0,1
521537,player,1.29522,14.0966,0.405844,0.337499,1
521538,flyer1,7.0175,5.8179,-0.237063,-0.183851,2
521539,bullet2,13.4003,13.7725,0.8,0,1
521539,bullet4,4.8,13.7591,0.8,0,1
521540,bullet6,13.4076,13.7651,0.8,0,1
521541,bullet5,8.8,13.7591,0.8,0,1
521542,player,1.28365,14.3676,-0.330011,0.00622782,1
521543,flyer1,5.83219,4.89864,-0.237063,-0.183851,2
521544,flyer5,16.5,7.25556,-0.3,0,2
521544,bullet4,8.8,13.7591,0.8,0,1
521546,bullet5,12.8,13.7591,0.8,0,1
521547,player,0.987864,14.1524,0.0314994,0.269271,1
521548,flyer1,4.64688,3.97939,-0.237063,-0.183851,2
521549,flyer5,15,7.25556,-0.3,0,2
521549,bullet4,12.8,13.7591,0.8,0,1
521551,flyer4,16.5,7.25556,-0.224343,-0.199173,2
521551,bullet1,1.31348,14.3637,0.8,0,1
521552,player,0.968567,14.3687,0.0550854,0.00496881,1
521553,flyer1,3.46156,3.06013,-0.237063,-0.183851,2
521554,flyer5,13.5,7.25556,-0.3,0,2
521556,flyer4,15.3783,6.25969,-0.224343,-0.199173,2
521556,bullet1,5.31348,14.3637,0.8,0,1
521557,player,0.630711,15.3125,-0.281979,0.351431,1
521558,flyer1,2.27625,2.14087,-0.237063,-0.183851,2
521558,bullet3,0.90382,15.4706,0.8,0,1
521559,flyer5,12,7.25556,-0.3,0,2
521560,bullet2,0.821024,15.5738,0.8,0,1
521561,flyer4,14.2566,5.26382,-0.224343,-0.199173,2
521561,bullet1,9.31348,14.3637,0.8,0,1
521562,player,0.404258,15.1053,-0.00520331,-0.14539,1
521563,flyer1,1.09094,1.22162,-0.237063,-0.183851,2
521563,bullet3,4.90382,15.4706,0.8,0,1
521564,flyer5,10.5,7.25556,-0.3,0,2
521564,bullet6,0.800862,15.0105,0.8,0,1
521565,bullet2,4.82102,15.5738,0.8,0,1
521566,flyer4,13.1348,4.26796,-0.224343,-0.199173,2
521566,bullet1,13.3135,14.3637,0.8,0,1
521567,player,0.400079,15.5463,-9.60157e-05,0.0656609,1
521568,flyer1,-0.0943761,0.302362,-0.237063,-0.183851,2
521568,bullet3,8.90382,15.4706,0.8,0,1
521569,flyer5,9,7.25556,-0.3,0,2
521569,bullet6,4.80086,15.0105,0.8,0,1
521570,bullet2,8.82102,15.5738,0.8,0,1
521571,flyer4,12.0131,3.27209,-0.224343,-0.199173,2
521572,player,0.551877,15.4471,-0.185627,0.186837,1
521573,bullet3,12.9038,15.4706,0.8,0,1
521574,flyer5,7.5,7.25556,-0.3,0,2
521574,bullet6,8.80086,15.0105,0.8,0,1
521574,bullet5,0.830755,15.569,0.8,0,1
521575,bullet2,12.821,15.5738,0.8,0,1
521576,flyer4,10.8914,2.27622,-0.224343,-0.199173,2
521577,player,0.402803,15.5972,-0.00342534,0.00344766,1
521579,flyer5,5.99999,7.25556,-0.3,0,2
521579,bullet6,12.8009,15.0105,0.8,0,1
521579,bullet5,4.83076,15.569,0.8,0,1
521579,bullet4,0.800568,15.6,0.8,0,1
521581,flyer4,9.7697,1.28035,-0.224343,-0.199173,2
521582,player,0.400052,15.2625,-6.32071e-05,-0.3375,1
521584,flyer5,4.49999,7.25556,-0.3,0,2
521584,bullet5,8.83076,15.569,0.8,0,1
521584,bullet4,4.80057,15.6,0.8,0,1
521584,bullet1,0.800011,15.0423,0.8,0,1
521586,flyer4,8.64798,0.284488,-0.224343,-0.199173,2
521586,bullet3,0.800003,14.9977,0.8,0,1
521587,player,0.400002,14.9915,-1.16635e-06,-0.00622782,1
521589,flyer5,2.99999,7.25556,-0.3,0,2
521589,bullet5,12.8308,15.569,0.8,0,1
521589,bullet4,8.80057,15.6,0.8,0,1
521589,bullet1,4.80001,15.0423,0.8,0,1
521591,bullet3,4.8,14.9977,0.8,0,1
521592,player,0.400001,14.9865,-2.15224e-08,-0.000114921,1
521594,flyer5,1.49999,7.25556,-0.3,0,2
521594,bullet4,12.8006,15.6,0.8,0,1
521594,bullet1,8.80001,15.0423,0.8,0,1
521594,bullet2,0.800001,14.9864,0.8,0,1
521596,bullet3,8.8,14.9977,0.8,0,1
521597,player,0.400001,14.9864,-3.97149e-10,-2.12061e-06,1
521599,flyer5,-6.4373e-06,7.25556,-0.3,0,2
521599,bullet1,12.8,15.0423,0.8,0,1
521599,bullet2,4.8,14.9864,0.8,0,1
521599,bullet6,0.800001,14.9864,0.8,0,1
521601,bullet3,12.8,14.9977,0.8,0,1
521602,player,0.7375,15.4757,0.3375,0.151875,1
521604,flayer7,16.5,7.25556,-0.3,0,2
521604,bullet2,8.8,14.9864,0.8,0,1
521604,bullet6,4.8,14.9864,0.8,0,1
521606,flyer2,16.5,7.25556,-0.277959,-0.112865,2
521606,bullet5,0.912938,15.5949,0.8,0,1
521607,player,0.450822,15.5977,-0.0621159,0.00280252,1
521608,bullet4,0.82287,15.599,0.8,0,1
521609,flayer7,15,7.25556,-0.3,0,2
521609,bullet2,12.8,14.9864,0.8,0,1
521609,bullet6,8.8,14.9864,0.8,0,1
521611,flyer2,15.1102,6.69123,-0.277959,-0.112865,2
521611,bullet5,4.91294,15.5949,0.8,0,1
521612,player,0.989411,15.0115,0.0296085,-0.030703,1
521613,bullet4,4.82287,15.599,0.8,0,1
521614,flayer7,13.5,7.25556,-0.3,0,2
521614,bullet6,12.8,14.9864,0.8,0,1
521615,bullet1,1.41143,14.9886,0.8,0,1
521616,flyer2,13.7204,6.12691,-0.277959,-0.112865,2
521616,bullet5,8.91294,15.5949,0.8,0,1
521617,player,1.01319,14.4974,0.00054636,-0.152442,1
521618,bullet4,8.82287,15.599,0.8,0,1
521619,flayer7,12,7.25556,-0.3,0,2
521619,bullet3,1.90292,14.398,0.8,0,1
521620,bullet1,5.41143,14.9886,0.8,0,1
521621,flyer2,12.3306,5.56258,-0.277959,-0.112865,2
521621,bullet5,12.9129,15.5949,0.8,0,1
521622,player,1.61594,14.375,0.0138497,-0.00281298,1
521623,bullet4,12.8229,15.599,0.8,0,1
521624,flayer7,10.5,7.25556,-0.3,0,2
521624,bullet3,5.90292,14.398,0.8,0,1
521625,bullet1,9.41143,14.9886,0.8,0,1
521626,flyer2,10.9408,4.99826,-0.277959,-0.112865,2
521626,bullet2,2.02681,14.3728,0.8,0,1
521627,player,1.62706,14.3728,0.000255566,-5.19073e-05,1
521629,flayer7,9,7.25556,-0.3,0,2
521629,bullet3,9.90292,14.398,0.8,0,1
521630,bullet1,13.4114,14.9886,0.8,0,1
521631,flyer2,9.551,4.43393,-0.277959,-0.112865,2
521631,bullet2,6.02681,14.3728,0.8,0,1
521632,player,0.436483,14.975,-0.0445896,0.0138387,1
521632,bullet6,0.836483,14.975,0.8,0,1
521634,flayer7,7.5,7.25556,-0.3,0,2
521634,bullet3,13.9029,14.398,0.8,0,1
521636,flyer2,8.16121,3.86961,-0.277959,-0.112865,2
521636,bullet2,10.0268,14.3728,0.8,0,1
521637,player,0.445268,14.8732,-0.0553269,0.138291,1
521637,bullet6,4.83648,14.975,0.8,0,1
521639,flayer7,5.99999,7.25556,-0.3,0,2
521641,flyer2,6.77141,3.30528,-0.277959,-0.112865,2
521641,bullet2,14.0268,14.3728,0.8,0,1
521642,player,1.89837,14.382,0.418662,-0.0112878,1
521642,bullet6,8.83648,14.975,0.8,0,1
521644,flayer7,4.49999,7.25556,-0.3,0,2
521644,flayer8,16.5,0.633654,-0.297633,-0.0376137,2
521645,bullet5,2.6097,14.9313,0.8,0,1
521646,flyer2,5.38161,2.74096,-0.277959,-0.112865,2
521647,player,1.74521,14.9752,-0.144149,0.0136313,1
521647,bullet6,12.8365,14.975,0.8,0,1
521649,flayer7,2.99999,7.25556,-0.3,0,2
521649,flayer8,15.0118,0.445585,-0.297633,-0.0376137,2
521650,bullet5,6.6097,14.9313,0.8,0,1
521650,bullet4,1.54865,14.496,0.8,0,1
521651,flyer2,3.99182,2.17663,-0.277959,-0.112865,2
521652,player,1.04098,14.3977,-0.0334147,-0.0305032,1
521652,bullet1,1.44098,14.3977,0.8,0,1
521653,bullet3,1.42594,14.384,0.8,0,1
521654,flayer7,1.49999,7.25556,-0.3,0,2
521654,flayer8,13.5237,0.257517,-0.297633,-0.0376137,2
521655,bullet5,10.6097,14.9313,0.8,0,1
521655,bullet4,5.54865,14.496,0.8,0,1
521656,flyer2,2.60202,1.61231,-0.277959,-0.112865,2
521657,player,0.524766,14.3048,-0.152492,0.0829684,1
521657,bullet1,5.44098,14.3977,0.8,0,1
521658,bullet3,5.42594,14.384,0.8,0,1
521659,flayer7,-6.4373e-06,7.25556,-0.3,0,2
521659,flayer8,12.0355,0.0694479,-0.297633,-0.0376137,2
521660,bullet5,14.6097,14.9313,0.8,0,1
521660,bullet4,9.54865,14.496,0.8,0,1
521661,flyer2,1.21222,1.04798,-0.277959,-0.112865,2
521662,player,0.4,14.034,-0,-0.335969,1
521662,bullet1,9.44098,14.3977,0.8,0,1
521663,bullet3,9.42594,14.384,0.8,0,1
521663,bullet2,0.8,13.8828,0.8,0,1
521664,flayer8,10.5474,-0.118621,-0.297633,-0.0376137,2
521665,bullet4,13.5486,14.496,0.8,0,1
521666,flyer2,-0.177576,0.483654,-0.277959,-0.112865,2
521667,player,0.889375,14.8113,0.151875,0.214019,1
521667,bullet1,13.441,14.3977,0.8,0,1
521668,bullet3,13.4259,14.384,0.8,0,1
521668,bullet2,4.8,13.8828,0.8,0,1
521669,flayer8,9.05919,-0.306689,-0.297633,-0.0376137,2
521671,flyer6,16.5,0.633654,-0.3,0,2
521671,bullet6,1.16626,14.9792,-0.8,-6.99382e-08,1
521672,player,1.59982,14.9831,0.0335572,0.00394926,1
521673,flyer3,16.5,0.633654,-0.2881,-0.083657,2
521673,bullet2,8.8,13.8828,0.8,0,1
521674,flayer8,7.57103,-0.494758,-0.297633,-0.0376137,2
521674,bullet5,1.53234,14.9857,0.8,0,1
521676,flyer6,15,0.633654,-0.3,0,2
521676,bullet4,1.43767,14.9862,0.8,0,1
521677,player,1.02445,14.9863,-0.0132204,7.28749e-05,1
521678,flyer3,15.0595,0.215369,-0.2881,-0.083657,2
521678,bullet2,12.8,13.8828,0.8,0,1
521678,bullet1,1.4185,14.9863,0.8,0,1
521679,bullet5,5.53234,14.9857,0.8,0,1
521681,flyer6,13.5,0.633654,-0.3,0,2
521681,bullet4,5.43767,14.9862,0.8,0,1
521682,player,0.676337,14.6489,-0.337744,-0.337499,1
521683,flyer3,13.619,-0.202916,-0.2881,-0.083657,2
521683,bullet1,5.41851,14.9863,0.8,0,1
521684,bullet5,9.53234,14.9857,0.8,0,1
521685,bullet3,0.8,14.3979,0.8,0,1
521686,flyer6,12,0.633654,-0.3,0,2
521686,bullet4,9.43768,14.9862,0.8,0,1
521687,player,0.4,14.3778,0,-0.0062278,1
521688,bullet1,9.41851,14.9863,0.8,0,1
521689,bullet5,13.5323,14.9857,0.8,0,1
521690,bullet3,4.8,14.3979,0.8,0,1
521691,flyer6,10.5,0.633654,-0.3,0,2
521691,bullet4,13.4377,14.9862,0.8,0,1
521692,player,0.4,13.295,0,-0.182745,1
521693,bullet1,13.4185,14.9863,0.8,0,1
521693,bullet6,0.8,13.2127,0.8,0,1
521695,bullet3,8.8,14.3979,0.8,0,1
521696,flyer6,9,0.633654,-0.3,0,2
521696,bullet2,0.8,12.6622,0.8,0,1
521697,player,0.4,12.5905,0,-0.0717159,1
521698,bullet6,4.8,13.2127,0.8,0,1
521700,bullet3,12.8,14.3979,0.8,0,1
521701,flyer6,7.5,0.633654,-0.3,0,2
521701,bullet2,4.8,12.6622,0.8,0,1
521702,player,0.7375,11.0046,0.3375,-0.383418,1
521703,bullet6,8.8,13.2127,0.8,0,1
521703,bullet5,1.28938,10.8321,0.8,0,1
521705,bullet4,1.38847,10.7195,0.8,0,1
521706,flyer6,5.99999,0.633654,-0.3,0,2
521706,bullet2,8.8,12.6622,0.8,0,1
521707,player,1.00854,10.6967,0.00622782,-0.00707513,1
521708,bullet6,12.8,13.2127,0.8,0,1
521708,bullet5,5.28938,10.8321,0.8,0,1
521710,bullet4,5.38847,10.7195,0.8,0,1
521711,flyer6,4.49999,0.633654,-0.3,0,2
521711,bullet2,12.8,12.6622,0.8,0,1
521712,player,0.455824,10.1333,-0.0682288,-0.0684743,1
521713,bullet5,9.28938,10.8321,0.8,0,1
521713,bullet1,0.825121,10.1025,0.8,0,1
521715,bullet4,9.38847,10.7195,0.8,0,1
521716,flyer6,2.99999,0.633654,-0.3,0,2
521716,bullet3,0.802289,10.0796,0.8,0,1
521717,player,0.40103,10.0783,-0.00125901,-0.00126354,1
521718,bullet5,13.2894,10.8321,0.8,0,1
521718,bullet1,4.82512,10.1025,0.8,0,1
521720,bullet4,13.3885,10.7195,0.8,0,1
521721,flyer6,1.49999,0.633654,-0.3,0,2
521721,bullet3,4.80229,10.0796,0.8,0,1
521722,player,0.400019,10.0773,-2.32323e-05,-2.33159e-05,1
521722,bullet6,0.800019,10.0773,0.8,0,1
521723,bullet1,8.82512,10.1025,0.8,0,1
521726,flyer6,-6.4373e-06,0.633654,-0.3,0,2
521726,bullet3,8.80229,10.0796,0.8,0,1
521727,player,1.49169,9.96433,0.165714,0.138035,1
521727,bullet6,4.80002,10.0773,0.8,0,1
521727,bullet2,1.89169,9.96433,0.8,0,1
521728,bullet1,12.8251,10.1025,0.8,0,1
521730,finish,20.0647,8,-0.2,0,1
521731,bullet3,12.8023,10.0796,0.8,0,1
521732,player,1.06705,10.6329,-0.0652859,0.0708909,1
521732,bullet6,8.80002,10.0773,0.8,0,1
521732,bullet2,5.89169,9.96433,0.8,0,1
521735,finish,19.0647,8,-0.2,0,1
521736,flyer1,16.5,12.7797,-0.3,0,2
521736,bullet5,1.41583,10.1308,0.8,0,1
521737,player,1.01462,10.1014,-0.00120471,-0.0294466,1
521737,bullet6,12.8,10.0773,0.8,0,1
521737,bullet2,9.89169,9.96433,0.8,0,1
521737,bullet4,0.614624,10.1014,-0.8,-6.99382e-08,1
521739,bullet1,1.41384,10.0821,0.8,0,1
521740,finish,18.0647,8,-0.2,0,1
521741,flyer1,15,12.7797,-0.3,0,2
521741,bullet5,5.41583,10.1308,0.8,0,1
521742,player,1.01366,10.0777,-2.22302e-05,-0.000543372,1
521742,bullet2,13.8917,9.96433,0.8,0,1
521742,bullet3,1.41366,10.0777,0.8,0,1
521744,bullet1,5.41384,10.0821,0.8,0,1
521745,finish,17.0647,8,-0.2,0,1
521746,flyer1,13.5,12.7797,-0.3,0,2
521746,bullet5,9.41583,10.1308,0.8,0,1
521747,player,1.61595,10.0773,0.0138392,-1.00267e-05,1
521747,bullet3,5.41366,10.0777,0.8,0,1
521747,bullet4,2.01595,10.0773,0.8,0,1
521749,bullet1,9.41384,10.0821,0.8,0,1
521750,finish,16.0647,8,-0.2,0,1
521751,flyer1,12,12.7797,-0.3,0,2
521751,bullet5,13.4158,10.1308,0.8,0,1
521752,player,1.62707,9.73976,0.000255372,-0.3375,1
521752,bullet3,9.41366,10.0777,0.8,0,1
521752,bullet4,6.01595,10.0773,0.8,0,1
521754,bullet1,13.4138,10.0821,0.8,0,1
521755,finish,15.0647,8,-0.2,0,1
521756,flyer1,10.5,12.7797,-0.3,0,2
521756,bullet6,1.43879,8.88648,0.8,0,1
521757,player,1.02496,8.86641,-0.0138349,-0.0200674,1
521757,bullet3,13.4137,10.0777,0.8,0,1
521757,bullet4,10.016,10.0773,0.8,0,1
521759,bullet2,1.41593,8.85332,0.8,0,1
521760,finish,14.0647,8,-0.2,0,1
521761,flyer1,9,12.7797,-0.3,0,2
521761,bullet6,5.43879,8.88648,0.8,0,1
521762,player,1.01385,8.85029,-0.000255293,-0.000370301,1
521762,bullet4,14.016,10.0773,0.8,0,1
521762,bullet5,1.41385,8.85029,0.8,0,1
521764,bullet2,5.41593,8.85332,0.8,0,1
521765,finish,13.0647,8,-0.2,0,1
521766,flyer1,7.5,12.7797,-0.3,0,2
521766,bullet6,9.43879,8.88648,0.8,0,1
521767,player,1.84052,9.67687,0.48937,0.489368,1
521767,bullet5,5.41385,8.85029,0.8,0,1
521769,bullet2,9.41593,8.85332,0.8,0,1
521770,finish,12.0647,8,-0.2,0,1
521770,bullet1,1.80443,10.0408,-0.8,-6.99382e-08,1
521771,flyer1,5.99999,12.7797,-0.3,0,2
521771,bullet6,13.4388,8.88648,0.8,0,1
521772,player,2.57102,10.0699,0.34653,0.00903022,1
521772,bullet5,9.41385,8.85029,0.8,0,1
521774,bullet2,13.4159,8.85332,0.8,0,1
521775,finish,11.0647,8,-0.2,0,1
521776,flyer1,4.49999,12.7797,-0.3,0,2
521777,player,3.08772,10.904,0.465015,0.489542,1
521777,bullet5,13.4138,8.85029,0.8,0,1
521778,flyer4,16.5,0.633654,-0.292183,0.068036,2
521780,finish,10.0647,8,-0.2,0,1
521781,flyer1,2.99999,12.7797,-0.3,0,2
521781,flyer5,16.5,12.7797,-0.3,0,2
521782,player,4.53901,11.8856,0.191211,0.0397881,1
521783,flyer4,15.0391,0.973834,-0.292183,0.068036,2
521783,bullet3,5.02505,11.9035,0.8,0,1
521784,bullet4,5.06377,11.9116,0.8,0,1
521785,finish,9.06472,8,-0.2,0,1
