188552,player,7.27343,12.1394,0.3375,0,1
188557,player,7.57523,11.6946,-0.0313612,-0.206379,1
188562,player,6.25197,10.9573,0.0859478,-0.055237,1
188563,bullet1,6.69065,10.9324,0.8,0,1
188564,bullet2,6.70806,10.9213,0.8,0,1
188565,flyer1,16.5,6.48067,-0.22913,-0.193648,2
188566,bullet3,7.20879,11.4033,0.8,0,1
188567,player,6.87871,11.4707,0.0699297,0.0673245,1
188567,bullet4,7.27871,11.4707,0.8,0,1
188568,bullet1,10.6907,10.9324,0.8,0,1
188569,bullet2,10.7081,10.9213,0.8,0,1
188570,flyer1,15.3544,5.51243,-0.22913,-0.193648,2
188571,bullet3,11.2088,11.4033,0.8,0,1
188572,player,6.3464,10.9363,-0.0294643,-0.0295124,1
188572,bullet4,11.2787,11.4707,0.8,0,1
188573,bullet1,14.6907,10.9324,0.8,0,1
188574,bullet2,14.7081,10.9213,0.8,0,1
188575,flyer1,14.2087,4.54419,-0.22913,-0.193648,2
188576,bullet3,15.2088,11.4033,0.8,0,1
188576,bullet5,7.281,11.4708,0.8,0,1
188577,player,6.57371,11.8385,-0.307289,0.36771,1
188577,bullet4,15.2787,11.4707,0.8,0,1
188578,bullet6,6.83543,12.004,0.8,0,1
188580,flyer1,13.0631,3.57595,-0.22913,-0.193648,2
188581,bullet5,11.281,11.4708,0.8,0,1
188582,player,6.73278,11.6445,0.248298,-0.14509,1
188583,flyer2,16.5,1.32524,-0.257055,0.15467,2
188583,bullet6,10.8354,12.004,0.8,0,1
188585,flyer1,11.9174,2.60771,-0.22913,-0.193648,2
188585,bullet1,6.82804,10.4895,0.8,0,1
188586,bullet5,15.281,11.4708,0.8,0,1
188587,player,6.34371,10.8265,-0.0261729,0.104603,1
188587,bullet2,6.74371,10.8265,0.8,0,1
188588,flyer2,15.2147,2.09859,-0.257055,0.15467,2
188588,bullet6,14.8354,12.004,0.8,0,1
188588,bullet3,6.73193,10.8736,0.8,0,1
188590,flyer1,10.7718,1.63947,-0.22913,-0.193648,2
188590,bullet1,10.828,10.4895,0.8,0,1
188592,player,6.88041,10.9789,0.0678608,-0.081601,1
188592,bullet2,10.7437,10.8265,0.8,0,1
188593,flyer2,13.9295,2.87194,-0.257055,0.15467,2
188593,bullet3,10.7319,10.8736,0.8,0,1
188593,bullet4,7.31095,10.9422,0.8,0,1
188595,flyer1,9.62611,0.671229,-0.22913,-0.193648,2
188595,bullet1,14.828,10.4895,0.8,0,1
188597,player,7.67525,10.3556,-0.153618,-0.0698495,1
188597,bullet2,14.7437,10.8265,0.8,0,1
188598,flyer2,12.6442,3.6453,-0.257055,0.15467,2
188598,bullet3,14.7319,10.8736,0.8,0,1
188598,bullet4,11.3109,10.9422,0.8,0,1
188599,bullet5,8.46439,10.31,0.8,0,1
188600,flyer1,8.48046,-0.297012,-0.22913,-0.193648,2
188601,bullet6,9.03257,10.3008,0.8,0,1
188602,player,8.71192,10.637,0.0793487,0.336211,1
188603,flyer2,11.3589,4.41865,-0.257055,0.15467,2
188603,bullet4,15.3109,10.9422,0.8,0,1
188604,bullet5,12.4644,10.31,0.8,0,1
188604,bullet1,9.65307,10.8564,0.8,0,1
188605,bullet2,9.72864,10.887,0.8,0,1
188606,bullet6,13.0326,10.3008,0.8,0,1
188607,player,9.37795,10.907,0.0153038,0.00620404,1
188608,flyer2,10.0736,5.192,-0.257055,0.15467,2
188609,bullet1,13.6531,10.8564,0.8,0,1
188609,bullet3,9.78794,11.4004,0.8,0,1
188610,bullet2,13.7286,10.887,0.8,0,1
188612,player,9.79608,11.7835,0.254251,0.434985,1
188613,flyer2,8.78837,5.96535,-0.257055,0.15467,2
188613,flyer3,16.5,1.32524,-0.3,0,2
188614,flyer4,16.5,1.32524,-0.297397,0.0394321,2
188614,bullet3,13.7879,11.4004,0.8,0,1
188615,bullet4,10.3168,13.154,0.8,0,1
188617,player,10.4758,13.3236,0.173482,0.052621,1
188617,bullet5,10.8758,13.3236,0.8,0,1
188618,flyer2,7.5031,6.7387,-0.257055,0.15467,2
188618,flyer3,15,1.32524,-0.3,0,2
188618,bullet6,10.1539,13.3473,-0.8,-6.99382e-08,1
188619,flyer4,15.013,1.5224,-0.297397,0.0394321,2
188620,bullet4,14.3168,13.154,0.8,0,1
188622,player,10.5468,13.4342,0.0867325,-0.0825602,1
188622,bullet5,14.8758,13.3236,0.8,0,1
188622,bullet1,10.9468,13.4342,0.8,0,1
188623,flyer2,6.21782,7.51205,-0.257055,0.15467,2
188623,flyer3,13.5,1.32524,-0.3,0,2
188623,bullet6,6.15387,13.3473,-0.8,-6.99382e-08,1
188624,flyer4,13.526,1.71956,-0.297397,0.0394321,2
188625,bullet2,11.0113,13.3728,0.8,0,1
188626,bullet3,11.0148,13.3694,0.8,0,1
188627,player,10.6164,13.3679,0.00160046,-0.00152347,1
188627,bullet1,14.9468,13.4342,0.8,0,1
188628,flyer2,4.93255,8.2854,-0.257055,0.15467,2
188628,flyer3,12,1.32524,-0.3,0,2
188628,bullet6,2.15387,13.3473,-0.8,-6.99382e-08,1
188629,flyer4,12.039,1.91672,-0.297397,0.0394321,2
188629,bullet4,11.0175,13.3669,0.8,0,1
188630,bullet2,15.0113,13.3728,0.8,0,1
188631,bullet3,15.0148,13.3694,0.8,0,1
188632,player,9.79084,14.1935,-0.489345,0.489347,1
188633,flyer2,3.64727,9.05876,-0.257055,0.15467,2
188633,flyer3,10.5,1.32524,-0.3,0,2
188634,flyer4,10.552,2.11388,-0.297397,0.0394321,2
188634,bullet4,15.0175,13.3669,0.8,0,1
188635,bullet5,9.82695,14.5574,0.8,0,1
188637,player,9.39786,14.5865,-0.0090298,0.00902983,1
188637,bullet1,9.79786,14.5865,0.8,0,1
188638,flyer2,2.362,9.83211,-0.257055,0.15467,2
188638,flyer3,9,1.32524,-0.3,0,2
188639,flyer4,9.06506,2.31104,-0.297397,0.0394321,2
188640,bullet5,13.827,14.5574,0.8,0,1
188641,bullet6,9.79077,14.0359,0.8,0,1
188642,player,9.39061,14.0053,-0.000166625,-0.0305881,1
188642,bullet1,13.7979,14.5865,0.8,0,1
188642,bullet2,9.79061,14.0053,0.8,0,1
188643,flyer2,1.07673,10.6055,-0.257055,0.15467,2
188643,flyer3,7.5,1.32524,-0.3,0,2
188644,flyer4,7.57807,2.5082,-0.297397,0.0394321,2
188646,bullet6,13.7908,14.0359,0.8,0,1
188647,player,9.35971,14.5692,0.037586,0.0301903,1
188647,bullet2,13.7906,14.0053,0.8,0,1
188647,bullet3,9.75971,14.5692,0.8,0,1
188648,flyer2,-0.208544,11.3788,-0.257055,0.15467,2
188648,flyer3,5.99999,1.32524,-0.3,0,2
188649,flyer4,6.09109,2.70536,-0.297397,0.0394321,2
188651,flyer5,16.5,13.7322,-0.299643,0.0146318,2
188651,bullet4,9.78921,15.1506,0.8,0,1
188652,player,9.7274,14.8444,0.338194,-0.306188,1
188652,bullet3,13.7597,14.5692,0.8,0,1
188653,flyer3,4.49999,1.32524,-0.3,0,2
188654,flyer4,4.6041,2.90252,-0.297397,0.0394321,2
188655,bullet5,9.88951,14.1274,0.8,0,1
188656,flyer5,15.0018,13.8054,-0.299643,0.0146318,1
188656,bullet4,13.7892,15.1506,0.8,0,1
188657,player,9.07302,14.3476,-0.362014,0.301095,1
188658,flyer3,2.99999,1.32524,-0.3,0,2
188659,flyer4,3.11712,3.09968,-0.297397,0.0394321,2
188660,bullet5,13.8895,14.1274,0.8,0,1
188660,bullet1,9.76154,15.1292,0.8,0,1
188662,player,9.04711,14.8542,-0.330341,-0.318104,1
188663,flyer3,1.49999,1.32524,-0.3,0,2
188664,flyer4,1.63013,3.29684,-0.297397,0.0394321,2
188665,bullet1,13.7615,15.1292,0.8,0,1
188666,flyer6,16.5,1.32524,-0.293167,-0.0636659,2
188667,player,9.37029,13.4525,0.024659,-0.104968,1
188667,bullet6,8.97029,13.4525,-0.8,-6.99382e-08,1
188668,flyer3,-6.4373e-06,1.32524,-0.3,0,2
188669,flyer4,0.143143,3.494,-0.297397,0.0394321,2
188670,flayer7,16.5,13.7322,-0.299948,0.00556195,2
188670,bullet2,9.23091,12.8168,0.8,0,1
188671,flyer6,15.0342,1.00691,-0.293167,-0.0636659,2
188672,player,8.78778,12.2765,-0.0133846,-0.167652,1
188672,bullet6,4.97029,13.4525,-0.8,-6.99382e-08,1
188673,bullet3,9.18176,12.2011,0.8,0,1
188675,flayer7,15.0003,13.76,-0.299948,0.00556195,2
188675,bullet2,13.2309,12.8168,0.8,0,1
188676,flyer6,13.5683,0.688579,-0.293167,-0.0636659,2
188677,player,7.69918,12.1419,-0.182877,-0.00309364,1
188677,bullet6,0.970292,13.4525,-0.8,-6.99382e-08,1
188678,bullet3,13.1818,12.2011,0.8,0,1
188678,bullet4,8.01689,12.1405,0.8,0,1
188680,flayer7,13.5005,13.7879,-0.299948,0.00556195,2
188680,bullet5,7.96319,12.1396,0.8,0,1
188681,flyer6,12.1025,0.370249,-0.293167,-0.0636659,2
188682,player,7.55232,12.6288,-0.00337459,0.151818,1
188683,bullet4,12.0169,12.1405,0.8,0,1
188685,flayer7,12.0008,13.8157,-0.299948,0.00556195,2
188685,bullet5,11.9632,12.1396,0.8,0,1
188686,flyer6,10.6367,0.0519198,-0.293167,-0.0636659,2
188686,bullet1,7.91892,13.8941,0.8,0,1
188687,player,7.53577,13.9415,0.0168528,0.0473958,1
188688,bullet4,16.0169,12.1405,0.8,0,1
188688,bullet6,7.94335,13.9628,0.8,0,1
188690,flayer7,10.501,13.8435,-0.299948,0.00556195,1
188690,bullet5,15.9632,12.1396,0.8,0,1
188690,bullet2,7.9483,13.9767,0.8,0,1
188691,flyer6,9.17085,-0.26641,-0.293167,-0.0636659,2
188692,player,7.05993,14.4689,-0.151564,0.15275,1
188693,bullet3,7.39173,14.5377,0.8,0,1
188694,bullet4,7.36103,14.5686,0.8,0,1
188695,bullet2,11.9483,13.9767,0.8,0,1
188696,bullet1,7.34101,14.5888,0.8,0,1
188697,player,6.93821,14.5916,-0.00279678,0.00281866,1
188698,bullet3,11.3917,14.5377,0.8,0,1
188699,bullet4,11.361,14.5686,0.8,0,1
188700,bullet2,15.9483,13.9767,0.8,0,1
188701,flayer8,16.5,3.09856,-0.3,0,2
188701,bullet1,11.341,14.5888,0.8,0,1
188702,player,6.49119,15.0833,-0.206431,0.151927,1
188703,bullet3,15.3917,14.5377,0.8,0,1
188704,bullet4,15.361,14.5686,0.8,0,1
188705,flyer1,16.5,3.09856,-0.3,0,2
188706,flayer8,15,3.09856,-0.3,0,2
188706,flyer2,16.5,3.09856,-0.3,0,2
188706,bullet1,15.341,14.5888,0.8,0,1
188707,player,5.73693,15.1647,-0.0345639,-0.135096,1
188707,bullet5,6.13693,15.1647,0.8,0,1
188709,bullet6,6.11438,15.0765,0.8,0,1
188710,flyer1,15,3.09856,-0.3,0,2
188711,flayer8,13.5,3.09856,-0.3,0,2
188711,flyer2,15,3.09856,-0.3,0,2
188712,player,6.53605,14.5668,0.488737,-0.154368,1
188712,bullet5,10.1369,15.1647,0.8,0,1
188714,bullet6,10.1144,15.0765,0.8,0,1
188714,bullet2,7.25495,14.4661,0.8,0,1
188715,flyer1,13.5,3.09856,-0.3,0,2
188716,flayer8,12,3.09856,-0.3,0,2
188716,flyer2,13.5,3.09856,-0.3,0,2
188717,player,6.43917,14.9322,-0.142856,0.149026,1
188717,bullet5,14.1369,15.1647,0.8,0,1
188717,bullet3,6.83917,14.9322,0.8,0,1
188719,bullet6,14.1144,15.0765,0.8,0,1
188719,bullet2,11.2549,14.4661,0.8,0,1
188720,flyer1,12,3.09856,-0.3,0,2
188721,flayer8,10.5,3.09856,-0.3,0,2
188721,flyer2,12,3.09856,-0.3,0,2
188722,player,6.54466,14.4634,-0.271792,-0.0280047,1
188722,bullet3,10.8392,14.9322,0.8,0,1
188724,bullet2,15.2549,14.4661,0.8,0,1
188725,flyer1,10.5,3.09856,-0.3,0,2
188725,bullet4,6.74255,14.4426,0.8,0,1
188726,flayer8,9,3.09856,-0.3,0,2
188726,flyer2,10.5,3.09856,-0.3,0,2
188727,player,5.98889,14.7784,-0.342515,0.336983,1
188727,bullet3,14.8392,14.9322,0.8,0,1
188729,bullet1,6.1654,14.9983,0.8,0,1
188730,flyer1,9,3.09856,-0.3,0,2
188730,bullet4,10.7425,14.4426,0.8,0,1
188731,flayer8,7.5,3.09856,-0.3,0,2
188731,flyer2,9,3.09856,-0.3,0,2
188732,player,5.1561,15.6068,-0.0746641,0.074562,1
188732,bullet5,5.5561,15.6068,0.8,0,1
188733,bullet6,5.5225,15.6,0.8,0,1
188734,bullet1,10.1654,14.9983,0.8,0,1
188735,flyer1,7.5,3.09856,-0.3,0,2
188735,bullet4,14.7426,14.4426,0.8,0,1
188736,flayer8,5.99999,3.09856,-0.3,0,2
188736,flyer2,7.5,3.09856,-0.3,0,2
188737,player,5.65386,15.6,0.066966,0,1
188737,bullet5,9.5561,15.6068,0.8,0,1
188738,bullet6,9.5225,15.6,0.8,0,1
188739,bullet1,14.1654,14.9983,0.8,0,1
188740,flyer1,5.99999,3.09856,-0.3,0,2
188740,bullet2,5.54594,15.6,0.8,0,1
188741,flayer8,4.49999,3.09856,-0.3,0,2
188741,flyer2,5.99999,3.09856,-0.3,0,2
188742,player,5.10532,15.6,-0.0126039,0,1
188742,bullet5,13.5561,15.6068,0.8,0,1
188742,bullet3,4.70532,15.6,-0.8,-6.99382e-08,1
188743,bullet6,13.5225,15.6,0.8,0,1
188745,flyer1,4.49999,3.09856,-0.3,0,2
188745,bullet2,9.54594,15.6,0.8,0,1
188746,flayer8,2.99999,3.09856,-0.3,0,2
188746,flyer2,4.49999,3.09856,-0.3,0,2
188746,bullet4,5.49543,15.6,0.8,0,1
188747,player,5.0952,15.6,-0.000232577,0,1
188747,bullet3,0.705323,15.6,-0.8,-6.99382e-08,1
188750,flyer1,2.99999,3.09856,-0.3,0,2
188750,bullet2,13.5459,15.6,0.8,0,1
188751,flayer8,1.49999,3.09856,-0.3,0,2
188751,flyer2,2.99999,3.09856,-0.3,0,2
188751,bullet4,9.49543,15.6,0.8,0,1
188752,player,5.05042,15.6,0.0544998,0,1
188752,bullet1,5.45042,15.6,0.8,0,1
188755,flyer1,1.49999,3.09856,-0.3,0,2
188755,bullet5,6.04867,15.0423,0.8,0,1
188756,flayer8,-6.4373e-06,3.09856,-0.3,0,2
188756,flyer2,1.49999,3.09856,-0.3,0,2
188756,bullet4,13.4954,15.6,0.8,0,1
188756,bullet6,6.08166,15.0115,0.8,0,1
188757,player,5.6965,14.9977,0.0148453,-0.0138396,1
188757,bullet1,9.45042,15.6,0.8,0,1
188760,flyer1,-6.4373e-06,3.09856,-0.3,0,2
188760,bullet5,10.0487,15.0423,0.8,0,1
188761,flyer2,-6.4373e-06,3.09856,-0.3,0,2
188761,bullet6,10.0817,15.0115,0.8,0,1
188761,bullet3,6.10815,14.9868,0.8,0,1
188762,player,5.70842,14.9866,0.000273937,-0.00025538,1
188762,bullet1,13.4504,15.6,0.8,0,1
188765,bullet5,14.0487,15.0423,0.8,0,1
188766,flyer5,16.5,4.61263,-0.3,0,2
188766,bullet6,14.0817,15.0115,0.8,0,1
188766,bullet3,10.1081,14.9868,0.8,0,1
188766,bullet2,5.30864,14.9864,-0.8,-6.99382e-08,1
188767,player,5.70864,14.9864,5.05491e-06,-4.71247e-06,1
188768,bullet4,6.10864,14.9864,0.8,0,1
188771,flyer5,15,4.61263,-0.3,0,2
188771,bullet3,14.1081,14.9868,0.8,0,1
188771,bullet2,1.30864,14.9864,-0.8,-6.99382e-08,1
188772,player,6.29712,14.8345,0.0307548,0.185625,1
188773,bullet4,10.1086,14.9864,0.8,0,1
188774,flyer3,16.5,3.09856,-0.29111,0.0724909,2
188774,bullet1,6.71719,14.9556,0.8,0,1
188776,flyer5,13.5,4.61263,-0.3,0,2
188777,player,6.32182,15.5413,0.000567512,0.0717691,1
188777,bullet5,6.72182,15.5413,0.8,0,1
188778,bullet4,14.1086,14.9864,0.8,0,1
188779,flyer3,15.0444,3.46101,-0.29111,0.0724909,2
188779,bullet1,10.7172,14.9556,0.8,0,1
188781,flyer5,12,4.61263,-0.3,0,2
188782,player,6.42137,15.5989,-0.12111,0.00132434,1
188782,bullet5,10.7218,15.5413,0.8,0,1
188782,bullet6,6.82137,15.5989,0.8,0,1
188784,flyer3,13.5889,3.82347,-0.29111,0.0724909,2
188784,bullet1,14.7172,14.9556,0.8,0,1
188784,bullet3,6.74235,15.5998,0.8,0,1
188786,flyer5,10.5,4.61263,-0.3,0,2
188787,player,6.88183,15.0422,0.0661089,-0.0683193,1
188787,bullet5,14.7218,15.5413,0.8,0,1
188787,bullet6,10.8214,15.5989,0.8,0,1
188787,bullet2,7.28183,15.0422,0.8,0,1
188789,flyer3,12.1333,4.18592,-0.29111,0.0724909,2
188789,bullet3,10.7423,15.5998,0.8,0,1
188790,bullet4,7.33099,15.5492,0.8,0,1
188791,flyer5,9,4.61263,-0.3,0,2
188792,player,7.42429,15.5897,0.153095,0.0125789,1
188792,bullet6,14.8214,15.5989,0.8,0,1
188792,bullet2,11.2818,15.0422,0.8,0,1
188794,flyer3,10.6778,4.54838,-0.29111,0.0724909,2
188794,bullet3,14.7423,15.5998,0.8,0,1
188795,bullet4,11.331,15.5492,0.8,0,1
188796,flyer5,7.5,4.61263,-0.3,0,2
188797,player,7.20974,14.7046,-0.334675,-0.405612,1
188797,bullet2,15.2818,15.0422,0.8,0,1
188799,flyer3,9.22225,4.91083,-0.29111,0.0724909,2
188799,flyer4,16.5,4.61263,-0.284883,-0.0940303,2
188800,bullet4,15.331,15.5492,0.8,0,1
188800,bullet1,6.80315,14.4029,0.8,0,1
188801,flyer5,5.99999,4.61263,-0.3,0,2
188802,player,5.84928,14.8682,-0.17189,0.14439,1
188803,bullet5,6.17193,14.9332,0.8,0,1
188804,flyer3,7.7667,5.27328,-0.29111,0.0724909,2
188804,flyer4,15.0756,4.14247,-0.284883,-0.0940303,2
188804,bullet6,6.13712,14.9624,0.8,0,1
188805,bullet1,10.8032,14.4029,0.8,0,1
188806,flyer5,4.49999,4.61263,-0.3,0,2
188807,player,5.22186,14.4948,-0.155047,-0.149211,1
188808,bullet5,10.1719,14.9332,0.8,0,1
188809,flyer3,6.31115,5.63574,-0.29111,0.0724909,2
188809,flyer4,13.6512,3.67232,-0.284883,-0.0940303,2
188809,bullet6,10.1371,14.9624,0.8,0,1
188810,bullet1,14.8032,14.4029,0.8,0,1
188811,flyer5,2.99999,4.61263,-0.3,0,2
188812,player,5.69966,13.8856,0.0109786,-0.154628,1
188813,bullet5,14.1719,14.9332,0.8,0,1
188814,flyer3,4.8556,5.99819,-0.29111,0.0724909,2
188814,flyer4,12.2268,3.20217,-0.284883,-0.0940303,2
188814,bullet6,14.1371,14.9624,0.8,0,1
188814,bullet3,5.30682,13.2953,-0.8,-6.99382e-08,1
188816,flyer5,1.49999,4.61263,-0.3,0,2
188817,player,5.2191,13.1591,-0.151672,-0.0166929,1
188817,bullet2,5.6191,13.1591,0.8,0,1
188819,flyer3,3.40005,6.36064,-0.29111,0.0724909,2
188819,flyer4,10.8023,2.73202,-0.284883,-0.0940303,2
188819,bullet3,1.30682,13.2953,-0.8,-6.99382e-08,1
188821,flyer5,-6.4373e-06,4.61263,-0.3,0,2
188822,player,4.50882,12.588,-0.0335535,-0.0686518,1
188822,bullet2,9.6191,13.1591,0.8,0,1
188822,bullet4,4.10882,12.588,-0.8,-6.99382e-08,1
188824,flyer3,1.9445,6.7231,-0.29111,0.0724909,2
188824,flyer4,9.37794,2.26187,-0.284883,-0.0940303,2
188824,bullet1,4.88693,12.5432,0.8,0,1
188826,bullet5,4.8825,12.5341,0.8,0,1
188827,player,4.48188,12.5328,-0.000619156,-0.00126682,1
188827,bullet2,13.6191,13.1591,0.8,0,1
188827,bullet4,0.108824,12.588,-0.8,-6.99382e-08,1
188829,flyer3,0.488947,7.08555,-0.29111,0.0724909,2
188829,flyer4,7.95352,1.79171,-0.284883,-0.0940303,2
188829,bullet1,8.88693,12.5432,0.8,0,1
188831,bullet5,8.8825,12.5341,0.8,0,1
188832,player,4.48138,12.5318,-1.14252e-05,-2.33764e-05,1
188832,bullet6,4.88138,12.5318,0.8,0,1
188834,flyer4,6.52911,1.32156,-0.284883,-0.0940303,2
188834,bullet1,12.8869,12.5432,0.8,0,1
188836,bullet5,12.8825,12.5341,0.8,0,1
188836,bullet3,5.43909,13.0895,0.8,0,1
188837,player,5.06985,13.1203,0.0307545,0.0307543,1
188837,bullet6,8.88138,12.5318,0.8,0,1
188839,flyer4,5.10469,0.85141,-0.284883,-0.0940303,2
188840,bullet4,5.98209,13.1431,0.8,0,1
188841,bullet3,9.43909,13.0895,0.8,0,1
188842,player,5.34552,13.145,-0.306178,0.000567502,1
188842,bullet6,12.8814,12.5318,0.8,0,1
188844,flyer4,3.68028,0.381258,-0.284883,-0.0940303,2
188845,bullet4,9.98209,13.1431,0.8,0,1
188845,bullet2,4.16012,13.1454,-0.8,-6.99382e-08,1
188846,bullet3,13.4391,13.0895,0.8,0,1
188847,player,4.00794,13.1454,-0.171364,1.0472e-05,1
188849,flyer4,2.25586,-0.0888932,-0.284883,-0.0940303,2
188850,flayer7,16.5,3.09856,-0.3,0,2
188850,bullet4,13.9821,13.1431,0.8,0,1
188850,bullet2,0.160117,13.1454,-0.8,-6.99382e-08,1
188851,flyer6,16.5,14.8843,-0.3,0,2
188852,player,3.36711,13.6487,-0.138122,0.13496,1
188854,flayer8,16.5,14.8843,-0.248607,0.167912,2
188855,flayer7,15,3.09856,-0.3,0,2
188855,flyer1,16.5,1.6881,-0.3,0,2
188855,bullet1,3.6644,13.749,0.8,0,1
188856,flyer6,15,14.8843,-0.3,0,2
188856,bullet5,3.65873,13.7546,0.8,0,1
188857,player,3.25619,13.757,-0.00254874,0.00249039,1
188858,bullet6,3.65504,13.7582,0.8,0,1
188859,flayer8,15.257,15.7239,-0.248607,0.167912,2
188860,flayer7,13.5,3.09856,-0.3,0,2
188860,flyer1,15,1.6881,-0.3,0,2
188860,bullet1,7.6644,13.749,0.8,0,1
188861,flyer6,13.5,14.8843,-0.3,0,2
188861,bullet5,7.65874,13.7546,0.8,0,1
188862,player,3.84261,13.8581,0.0307077,-0.121074,1
188862,bullet3,4.24261,13.8581,0.8,0,1
188863,bullet6,7.65504,13.7582,0.8,0,1
188865,flayer7,12,3.09856,-0.3,0,2
188865,flyer1,13.5,1.6881,-0.3,0,2
188865,bullet1,11.6644,13.749,0.8,0,1
188866,flyer6,12,14.8843,-0.3,0,2
188866,bullet5,11.6587,13.7546,0.8,0,1
188867,player,3.86727,13.7609,0.000566643,-0.00223416,1
188867,bullet3,8.24261,13.8581,0.8,0,1
188868,bullet6,11.655,13.7582,0.8,0,1
188870,flayer7,10.5,3.09856,-0.3,0,2
188870,flyer1,12,1.6881,-0.3,0,2
188870,bullet1,15.6644,13.749,0.8,0,1
188871,flyer6,10.5,14.8843,-0.3,0,2
188871,bullet5,15.6587,13.7546,0.8,0,1
188871,bullet2,4.29847,14.9054,0.8,0,1
188872,player,3.54407,14.6124,-0.354405,-0.292947,1
188872,bullet3,12.2426,13.8581,0.8,0,1
188873,bullet6,15.655,13.7582,0.8,0,1
188874,bullet4,3.71282,14.4213,0.8,0,1
188875,flayer7,9,3.09856,-0.3,0,2
188875,flyer1,10.5,1.6881,-0.3,0,2
188876,flyer6,9,14.8843,-0.3,0,1
188877,player,3.25945,14.7147,-0.00653976,0.332094,1
188877,bullet3,16.2426,13.8581,0.8,0,1
188878,bullet1,3.65651,14.8641,0.8,0,1
188880,flayer7,7.5,3.09856,-0.3,0,2
188880,flyer1,9,1.6881,-0.3,0,2
188882,player,2.69648,15.2016,-0.0684644,-0.263028,1
188883,bullet1,7.65651,14.8641,0.8,0,1
188884,bullet5,3.0518,15.0299,0.8,0,1
188885,flayer7,5.99999,3.09856,-0.3,0,2
188885,flyer1,7.5,1.6881,-0.3,0,2
188887,player,2.97899,14.7701,0.336237,0.264303,1
188888,bullet1,11.6565,14.8641,0.8,0,1
188888,bullet6,3.5303,14.889,0.8,0,1
188889,bullet5,7.0518,15.0299,0.8,0,1
188890,flayer7,4.49999,3.09856,-0.3,0,2
188890,flyer1,5.99999,1.6881,-0.3,0,2
188892,player,2.20193,14.4247,-0.214014,-0.0634666,1
188893,bullet1,15.6565,14.8641,0.8,0,1
188893,bullet6,7.5303,14.889,0.8,0,1
188894,bullet5,11.0518,15.0299,0.8,0,1
188895,flayer7,2.99999,3.09856,-0.3,0,2
188895,flyer1,4.49999,1.6881,-0.3,0,2
188895,bullet2,1.95341,13.8881,0.8,0,1
188897,player,1.44158,13.7852,-0.0347038,-0.0319258,1
188897,bullet3,1.84158,13.7852,0.8,0,1
188898,bullet6,11.5303,14.889,0.8,0,1
188899,bullet5,15.0518,15.0299,0.8,0,1
188900,flayer7,1.49999,3.09856,-0.3,0,2
188900,flyer1,2.99999,1.6881,-0.3,0,2
188900,bullet2,5.95341,13.8881,0.8,0,1
188902,player,0.924337,14.8067,-0.152515,0.21963,1
188902,bullet3,5.84158,13.7852,0.8,0,1
188903,bullet6,15.5303,14.889,0.8,0,1
188903,bullet4,1.2557,14.9055,0.8,0,1
188905,flayer7,-6.4373e-06,3.09856,-0.3,0,2
188905,flyer1,1.49999,1.6881,-0.3,0,2
188905,bullet2,9.95341,13.8881,0.8,0,1
188907,player,0.701921,14.983,0.301921,0.00405278,1
188907,bullet3,9.84158,13.7852,0.8,0,1
188908,bullet4,5.2557,14.9055,0.8,0,1
188910,flyer1,-6.4373e-06,1.6881,-0.3,0,2
188910,bullet2,13.9534,13.8881,0.8,0,1
188912,player,2.10442,15.544,0.0877547,0.0684185,1
188912,flyer2,16.5,3.28901,-0.3,0,2
188912,bullet3,13.8416,13.7852,0.8,0,1
188913,bullet4,9.25571,14.9055,0.8,0,1
188913,bullet1,2.54391,15.5748,0.8,0,1
188916,flyer5,16.5,3.28901,-0.270187,-0.13038,2
188917,player,1.83739,15.348,-0.335881,0.308008,1
188917,flyer2,15,3.28901,-0.3,0,2
188918,bullet4,13.2557,14.9055,0.8,0,1
188918,bullet1,6.54391,15.5748,0.8,0,1
188921,flyer5,15.1491,2.63711,-0.270187,-0.13038,2
188922,player,0.979181,15.6,-0.0369526,0,1
188922,flyer2,13.5,3.28901,-0.3,0,2
188922,flyer3,16.5,3.28901,-0.3,0,2
188923,bullet1,10.5439,15.5748,0.8,0,1
188923,bullet5,0.562552,15.6,-0.8,-6.99382e-08,1
188926,flyer5,13.7981,1.98522,-0.270187,-0.13038,2
188927,player,0.46013,15.2625,-0.152557,-0.3375,1
188927,flyer2,12,3.28901,-0.3,0,2
188927,flyer3,15,3.28901,-0.3,0,2
188928,bullet1,14.5439,15.5748,0.8,0,1
188931,flyer5,12.4472,1.33332,-0.270187,-0.13038,2
188931,flyer4,16.5,1.33013,-0.272486,-0.125505,2
188932,player,0.4,15.2117,-0,-0.275384,1
188932,flyer2,10.5,3.28901,-0.3,0,2
188932,flyer3,13.5,3.28901,-0.3,0,2
188936,flyer5,11.0963,0.681418,-0.270187,-0.13038,2
188936,flyer4,15.1376,0.702602,-0.272486,-0.125505,2
188936,bullet6,0.8,14.9956,0.8,0,1
188937,player,0.4,15.328,0,0.332418,1
188937,flyer2,9,3.28901,-0.3,0,2
188937,flyer3,12,3.28901,-0.3,0,2
188940,bullet2,0.8,15.0858,0.8,0,1
188941,flyer5,9.74532,0.0295191,-0.270187,-0.13038,2
188941,flyer4,13.7751,0.0750768,-0.272486,-0.125505,2
188941,bullet6,4.8,14.9956,0.8,0,1
188942,player,0.4,15.0065,0,-0.0246206,1
188942,flyer2,7.5,3.28901,-0.3,0,2
188942,flyer3,10.5,3.28901,-0.3,0,2
188943,bullet3,0.8,14.9954,0.8,0,1
188945,bullet2,4.8,15.0858,0.8,0,1
188946,flyer4,12.4127,-0.552448,-0.272486,-0.125505,2
188946,bullet6,8.8,14.9956,0.8,0,1
188947,player,0.551875,15.6,-0.185625,0,1
188947,flyer2,5.99999,3.28901,-0.3,0,2
188947,flyer3,9,3.28901,-0.3,0,2
188948,bullet3,4.8,14.9954,0.8,0,1
188950,bullet2,8.8,15.0858,0.8,0,1
188950,bullet4,0.81384,15.1106,0.8,0,1
188951,bullet6,12.8,14.9956,0.8,0,1
188952,player,0.402803,15.0115,-0.0034253,-0.0307547,1
188952,flyer2,4.49999,3.28901,-0.3,0,2
188952,flyer3,7.5,3.28901,-0.3,0,2
188953,bullet3,8.8,14.9954,0.8,0,1
188955,bullet2,12.8,15.0858,0.8,0,1
188955,bullet4,4.81384,15.1106,0.8,0,1
188957,player,0.4,15.5445,0,0.0677762,1
188957,flyer2,2.99999,3.28901,-0.3,0,2
188957,flyer3,5.99999,3.28901,-0.3,0,2
188958,bullet3,12.8,14.9954,0.8,0,1
188960,bullet4,8.81384,15.1106,0.8,0,1
188960,bullet5,0.8,15.5949,0.8,0,1
188962,player,0.4,15.599,0,0.00125066,1
188962,flyer2,1.49999,3.28901,-0.3,0,2
188962,flyer3,4.49999,3.28901,-0.3,0,2
188962,bullet1,0.8,15.599,0.8,0,1
188963,bullet6,0.8,15.5995,0.8,0,1
188965,bullet4,12.8138,15.1106,0.8,0,1
188965,bullet5,4.8,15.5949,0.8,0,1
188967,player,1.44709,15.6,0.220219,0,1
188967,flyer2,-6.4373e-06,3.28901,-0.3,0,2
188967,flyer3,2.99999,3.28901,-0.3,0,2
188967,bullet1,4.8,15.599,0.8,0,1
188968,bullet6,4.8,15.5995,0.8,0,1
188970,bullet5,8.8,15.5949,0.8,0,1
188972,player,1.02163,14.9977,-0.00977595,-0.0138396,1
188972,flyer3,1.49999,3.28901,-0.3,0,2
188972,bullet1,8.8,15.599,0.8,0,1
188973,bullet6,8.8,15.5995,0.8,0,1
188973,bullet2,1.41724,14.9915,0.8,0,1
188975,bullet5,12.8,15.5949,0.8,0,1
188977,player,1.01378,14.4972,-0.000180394,-0.15213,1
188977,flyer3,-6.4373e-06,3.28901,-0.3,0,2
188977,bullet1,12.8,15.599,0.8,0,1
188978,bullet6,12.8,15.5995,0.8,0,1
188978,bullet2,5.41724,14.9915,0.8,0,1
188980,flayer8,16.5,1.33013,-0.277706,0.113486,2
188981,bullet3,1.38289,15.524,0.8,0,1
188982,player,1.3373,15.2283,0.354412,-0.295713,1
188983,flyer6,16.5,1.33013,-0.3,0,2
188983,bullet2,9.41724,14.9915,0.8,0,1
188985,flayer8,15.1115,1.89756,-0.277706,0.113486,2
188986,bullet3,5.38289,15.524,0.8,0,1
188986,bullet4,2.5731,14.9963,0.8,0,1
188987,player,2.2104,14.9908,0.0372946,-0.00545674,1
188988,flyer6,15,1.33013,-0.3,0,2
188988,bullet2,13.4172,14.9915,0.8,0,1
188990,flayer8,13.7229,2.46499,-0.277706,0.113486,2
188991,bullet3,9.38289,15.524,0.8,0,1
188991,bullet4,6.5731,14.9963,0.8,0,1
188992,player,0.560184,15.6,-0.195781,0,1
188992,bullet5,0.960184,15.6,0.8,0,1
188993,flyer6,13.5,1.33013,-0.3,0,2
188994,bullet1,0.832437,15.6,0.8,0,1
188995,flayer8,12.3344,3.03242,-0.277706,0.113486,2
188996,bullet3,13.3829,15.524,0.8,0,1
188996,bullet4,10.5731,14.9963,0.8,0,1
188997,player,0.402955,15.6,-0.00361271,0,1
188997,bullet5,4.96018,15.6,0.8,0,1
188998,flyer6,12,1.33013,-0.3,0,2
188999,bullet1,4.83244,15.6,0.8,0,1
189000,flayer8,10.9459,3.59985,-0.277706,0.113486,2
189001,bullet4,14.5731,14.9963,0.8,0,1
189001,bullet6,0.8,15.6,0.8,0,1
189002,player,0.4,15.6,0,0,1
189002,bullet5,8.96019,15.6,0.8,0,1
189003,flyer6,10.5,1.33013,-0.3,0,2
189004,bullet1,8.83244,15.6,0.8,0,1
189004,bullet2,0.8,15.6,0.8,0,1
189005,flayer8,9.55735,4.16728,-0.277706,0.113486,2
189006,bullet6,4.8,15.6,0.8,0,1
189007,player,0.957719,15.6,0.0683438,0,1
189007,bullet5,12.9602,15.6,0.8,0,1
189008,flyer6,9,1.33013,-0.3,0,2
189009,bullet1,12.8324,15.6,0.8,0,1
189009,bullet2,4.8,15.6,0.8,0,1
189010,flayer8,8.16882,4.73472,-0.277706,0.113486,2
189011,bullet6,8.8,15.6,0.8,0,1
189012,player,0.424131,15.6,-0.0294936,0,1
189012,bullet3,0.824131,15.6,0.8,0,1
189013,flyer6,7.5,1.33013,-0.3,0,2
189014,bullet2,8.8,15.6,0.8,0,1
189015,flayer8,6.78028,5.30215,-0.277706,0.113486,2
189016,bullet6,12.8,15.6,0.8,0,1
189017,player,0.988919,15.0423,0.0302104,-0.0683438,1
189017,bullet3,4.82413,15.6,0.8,0,1
189017,bullet4,1.38892,15.0423,0.8,0,1
189018,flyer6,5.99999,1.33013,-0.3,0,2
189019,bullet2,12.8,15.6,0.8,0,1
189020,flayer8,5.39175,5.86958,-0.277706,0.113486,2
189022,player,0.455462,14.9874,-0.0677863,-0.00126113,1
189022,bullet3,8.82413,15.6,0.8,0,1
189022,bullet4,5.38892,15.0423,0.8,0,1
189022,bullet5,0.855462,14.9874,0.8,0,1
189023,flyer6,4.49999,1.33013,-0.3,0,2
189025,flayer8,4.00322,6.43701,-0.277706,0.113486,2
189025,bullet1,0.8,14.4287,0.8,0,1
189027,player,0.4,14.3841,0,-0.0138629,1
189027,bullet3,12.8241,15.6,0.8,0,1
189027,bullet4,9.38892,15.0423,0.8,0,1
189027,bullet5,4.85546,14.9874,0.8,0,1
189028,flyer6,2.99999,1.33013,-0.3,0,2
189030,flayer8,2.61468,7.00444,-0.277706,0.113486,2
189030,bullet1,4.8,14.4287,0.8,0,1
189032,player,0.4,13.2812,0,-0.16597,1
189032,bullet4,13.3889,15.0423,0.8,0,1
189032,bullet5,8.85546,14.9874,0.8,0,1
189033,flyer6,1.49999,1.33013,-0.3,0,2
189035,flayer8,1.22615,7.57187,-0.277706,0.113486,2
189035,bullet1,8.8,14.4287,0.8,0,1
189035,bullet6,0.8,13.1578,0.8,0,1
189036,bullet2,0.8,13.151,0.8,0,1
189037,player,0.4,13.148,0,-0.00306262,1
189037,bullet5,12.8555,14.9874,0.8,0,1
189038,flyer6,-6.4373e-06,1.33013,-0.3,0,2
189040,flayer8,-0.16238,8.1393,-0.277706,0.113486,2
189040,bullet1,12.8,14.4287,0.8,0,1
189040,bullet6,4.8,13.1578,0.8,0,1
189041,bullet2,4.8,13.151,0.8,0,1
189042,player,0.4,12.2195,-0,-0.368311,1
189042,bullet5,16.8555,14.9874,0.8,0,1
189043,flayer7,16.5,1.33013,-0.3,0,2
189043,bullet3,0.8,12.0538,0.8,0,1
189045,bullet6,8.8,13.1578,0.8,0,1
189045,bullet4,0.8,11.9456,0.8,0,1
189046,bullet2,8.8,13.151,0.8,0,1
189047,player,0.4,12.4131,0,0.145079,1
189048,flayer7,15,1.33013,-0.3,0,2
189048,bullet3,4.8,12.0538,0.8,0,1
189050,bullet6,12.8,13.1578,0.8,0,1
189050,bullet4,4.8,11.9456,0.8,0,1
189051,bullet2,12.8,13.151,0.8,0,1
189052,player,0.7375,12.8671,0.3375,0.340177,1
189053,flayer7,13.5,1.33013,-0.3,0,2
189053,bullet3,8.8,12.0538,0.8,0,1
189055,bullet4,8.8,11.9456,0.8,0,1
189055,bullet5,1.38847,13.1201,0.8,0,1
189057,player,1.49792,13.6297,0.158103,0.158152,1
189058,flayer7,12,1.33013,-0.3,0,2
189058,bullet3,12.8,12.0538,0.8,0,1
189058,bullet1,1.96906,13.7009,0.8,0,1
189060,bullet4,12.8,11.9456,0.8,0,1
189060,bullet5,5.38847,13.1201,0.8,0,1
189062,player,2.21336,12.8307,0.0336721,-0.365336,1
189063,flayer7,10.5,1.33013,-0.3,0,2
189063,bullet1,5.96906,13.7009,0.8,0,1
189064,bullet6,2.63533,12.5923,0.8,0,1
189065,bullet5,9.38847,13.1201,0.8,0,1
189067,player,1.34518,12.3171,-0.405222,0.262415,1
189068,flayer7,9,1.33013,-0.3,0,2
189068,bullet1,9.96906,13.7009,0.8,0,1
189069,bullet6,6.63533,12.5923,0.8,0,1
189069,bullet2,1.48078,12.4883,0.8,0,1
189070,bullet5,13.3885,13.1201,0.8,0,1
189072,player,1.01976,12.5278,-0.00747749,0.00484229,1
189073,flayer7,7.5,1.33013,-0.3,0,2
189073,bullet1,13.9691,13.7009,0.8,0,1
189074,bullet6,10.6353,12.5923,0.8,0,1
189074,bullet2,5.48078,12.4883,0.8,0,1
189077,player,0.793532,12.1635,0.269018,-0.299822,1
189077,flyer1,16.5,14.6252,-0.244036,0.174489,2
189078,flayer7,5.99999,1.33013,-0.3,0,2
189078,bullet3,1.31459,12.0286,0.8,0,1
189079,bullet6,14.6353,12.5923,0.8,0,1
189079,bullet2,9.48078,12.4883,0.8,0,1
189082,player,2.05667,12.9698,0.225183,0.214686,1
189082,flyer1,15.2798,15.4977,-0.244036,0.174489,2
189083,flayer7,4.49999,1.33013,-0.3,0,2
189083,bullet3,5.31459,12.0286,0.8,0,1
189084,bullet2,13.4808,12.4883,0.8,0,1
189084,bullet4,1.8036,13.1099,-0.8,-6.99382e-08,1
189085,bullet5,2.62412,13.1294,0.8,0,1
189087,player,2.23751,13.1422,0.00415526,0.00396156,1
189087,flyer1,14.0596,16.3701,-0.244036,0.174489,2
189087,bullet1,2.63751,13.1422,0.8,0,1
189088,flayer7,2.99999,1.33013,-0.3,0,2
189088,bullet3,9.31459,12.0286,0.8,0,1
189090,bullet5,6.62412,13.1294,0.8,0,1
189092,player,1.08082,12.656,-0.0821067,-0.151802,1
189092,bullet1,6.63751,13.1422,0.8,0,1
189093,flayer7,1.49999,1.33013,-0.3,0,2
189093,bullet3,13.3146,12.0286,0.8,0,1
189094,bullet6,1.42724,13.0463,0.8,0,1
189095,bullet5,10.6241,13.1294,0.8,0,1
189097,player,1.01488,13.1364,-0.0015151,0.0110384,1
189097,bullet1,10.6375,13.1422,0.8,0,1
189098,flayer7,-6.4373e-06,1.33013,-0.3,0,2
189098,bullet4,1.4142,13.1414,0.8,0,1
189099,bullet6,5.42724,13.0463,0.8,0,1
189100,bullet5,14.6241,13.1294,0.8,0,1
189102,player,1.01366,13.1453,-2.79578e-05,0.00020369,1
189102,bullet1,14.6375,13.1422,0.8,0,1
189103,flyer5,16.5,14.6252,-0.285774,-0.0912855,2
189103,bullet4,5.4142,13.1414,0.8,0,1
189104,bullet6,9.42724,13.0463,0.8,0,1
189105,flyer4,16.5,14.6252,-0.3,0,2
189106,bullet2,0,14.2916,-0.8,-6.99382e-08,1
189107,player,0.4,14.3362,0,0.0445981,1
189108,flyer5,15.0711,14.1688,-0.285774,-0.0912855,2
189108,bullet4,9.4142,13.1414,0.8,0,1
189108,bullet3,0.8,14.3563,0.8,0,1
189109,bullet6,13.4272,13.0463,0.8,0,1
189110,flyer4,15,14.6252,-0.3,0,2
189112,player,0.4,14.372,-0,0.000822959,1
189113,flyer5,13.6423,13.7124,-0.285774,-0.0912855,0
189113,bullet3,4.8,14.3563,0.8,0,1
189114,bullet5,0.8,14.3726,0.8,0,1
189115,flyer4,13.5,14.6252,-0.3,0,2
189117,player,0.889375,13.8833,0.151875,-0.15186,1
189118,bullet3,8.8,14.3563,0.8,0,1
189119,flyer2,16.5,6.08921,-0.299906,-0.00752068,2
189119,bullet5,4.8,14.3726,0.8,0,1
189120,flyer4,12,14.6252,-0.3,0,2
189120,bullet1,1.40231,13.281,0.8,0,1
189122,player,1.01134,13.1729,0.00280252,-0.0335569,1
189122,bullet2,1.41134,13.1729,0.8,0,1
189124,flyer2,15.0005,6.05161,-0.299906,-0.00752068,2
189124,bullet5,8.8,14.3726,0.8,0,1
189125,flyer4,10.5,14.6252,-0.3,0,0
189125,bullet1,5.40231,13.281,0.8,0,1
189125,bullet6,0.924053,12.6586,0.8,0,1
189127,player,0.425121,12.5575,-0.030703,-0.0313739,1
189127,bullet2,5.41134,13.1729,0.8,0,1
189127,bullet4,0.825121,12.5575,0.8,0,1
189129,flyer2,13.5009,6.01401,-0.299906,-0.00752068,2
189130,bullet1,9.40231,13.281,0.8,0,1
189130,bullet6,4.92405,12.6586,0.8,0,1
189132,player,0.4,13.6923,0,0.0816044,1
189132,bullet2,9.41134,13.1729,0.8,0,1
189132,bullet4,4.82512,12.5575,0.8,0,1
189134,flyer2,12.0014,5.9764,-0.299906,-0.00752068,2
189135,bullet1,13.4023,13.281,0.8,0,1
189135,bullet6,8.92405,12.6586,0.8,0,1
189137,player,0.4,13.3896,-0,-0.298405,1
189137,bullet2,13.4113,13.1729,0.8,0,1
189137,bullet4,8.82512,12.5575,0.8,0,1
189139,flyer2,10.5019,5.9388,-0.299906,-0.00752068,2
189140,bullet6,12.9241,12.6586,0.8,0,1
189140,bullet3,0.8,12.61,0.8,0,1
189142,player,0.889375,12.5476,0.151875,-0.019346,1
189142,bullet4,12.8251,12.5575,0.8,0,1
189143,bullet5,1.35772,12.5389,0.8,0,1
189144,flyer2,9.00236,5.9012,-0.299906,-0.00752068,2
189145,bullet3,4.8,12.61,0.8,0,1
189147,player,1.56906,11.9744,0.0711463,-0.0687007,1
189147,flyer3,16.5,6.08921,-0.277693,0.113518,2
189147,bullet1,1.96906,11.9744,0.8,0,1
189148,bullet5,5.35772,12.5389,0.8,0,1
189149,flyer2,7.50283,5.86359,-0.299906,-0.00752068,2
189150,bullet3,8.8,12.61,0.8,0,1
189152,player,1.73914,12.4086,-0.136723,0.150607,1
189152,flyer3,15.1115,6.6568,-0.277693,0.113518,2
189152,bullet1,5.96906,11.9744,0.8,0,1
189153,bullet5,9.35772,12.5389,0.8,0,1
189153,bullet2,2.07761,12.4764,0.8,0,1
189154,flyer2,6.0033,5.82599,-0.299906,-0.00752068,2
189155,bullet3,12.8,12.61,0.8,0,1
189157,player,1.62934,12.0402,-0.00252292,-0.149096,1
189157,flyer3,13.7231,7.22439,-0.277693,0.113518,2
189157,bullet1,9.96906,11.9744,0.8,0,1
189158,bullet5,13.3577,12.5389,0.8,0,1
189158,bullet2,6.07761,12.4764,0.8,0,1
189159,flyer2,4.50377,5.78839,-0.299906,-0.00752068,2
189160,bullet6,2.02746,11.9293,0.8,0,1
189162,player,1.62731,11.9204,-4.65549e-05,-0.00275124,1
189162,flyer3,12.3346,7.79199,-0.277693,0.113518,2
189162,bullet1,13.9691,11.9744,0.8,0,1
189163,bullet2,10.0776,12.4764,0.8,0,1
189164,flyer2,3.00424,5.75078,-0.299906,-0.00752068,2
189165,bullet6,6.02746,11.9293,0.8,0,1
189167,player,0.4,11.4816,-0.251608,-0.21643,1
189167,flyer3,10.9461,8.35958,-0.277693,0.113518,2
189168,bullet2,14.0776,12.4764,0.8,0,1
189169,flyer2,1.50471,5.71318,-0.299906,-0.00752068,2
189170,bullet6,10.0275,11.9293,0.8,0,1
189170,bullet4,0.8,11.3207,0.8,0,1
189172,player,0.4,11.3078,0,-0.00399375,1
189172,flyer3,9.55766,8.92717,-0.277693,0.113518,2
189172,bullet3,0.8,11.3078,0.8,0,1
189173,bullet5,0.8,11.306,0.8,0,1
189174,flyer2,0.0051825,5.67558,-0.299906,-0.00752068,2
189175,bullet6,14.0275,11.9293,0.8,0,1
189175,bullet4,4.8,11.3207,0.8,0,1
189177,player,0.4,11.6421,-0,0.337426,1
189177,flyer3,8.16919,9.49477,-0.277693,0.113518,2
189177,bullet3,4.8,11.3078,0.8,0,1
189178,bullet5,4.8,11.306,0.8,0,1
189179,bullet1,0.8,11.8623,0.8,0,1
189180,bullet4,8.8,11.3207,0.8,0,1
189182,player,0.4,11.9131,0,0.00622646,1
189182,flyer3,6.78072,10.0624,-0.277693,0.113518,2
189182,bullet3,8.8,11.3078,0.8,0,1
189183,bullet5,8.8,11.306,0.8,0,1
189184,bullet1,4.8,11.8623,0.8,0,1
189185,bullet4,12.8,11.3207,0.8,0,1
189187,player,0.889375,12.4074,0.151875,0.15199,1
189187,flyer3,5.39226,10.63,-0.277693,0.113518,2
189187,bullet3,12.8,11.3078,0.8,0,1
189188,bullet5,12.8,11.306,0.8,0,1
189189,bullet1,8.8,11.8623,0.8,0,1
189190,bullet2,1.40231,12.5205,0.8,0,1
189192,player,0.673844,12.5295,-0.334697,0.00280464,1
189192,flyer3,4.00379,11.1975,-0.277693,0.113518,2
189193,flyer6,16.5,6.08921,-0.3,0,2
189194,bullet1,12.8,11.8623,0.8,0,1
189195,bullet2,5.40231,12.5205,0.8,0,1
189197,player,0.855492,12.2669,0.193289,0.323712,1
189197,flyer3,2.61532,11.7651,-0.277693,0.113518,2
189198,flyer6,15,6.08921,-0.3,0,2
189199,flayer8,16.5,2.93415,-0.3,0,2
189200,bullet2,9.40231,12.5205,0.8,0,1
189202,player,0.4,11.3807,-0,-0.093125,1
189202,flyer3,1.22686,12.3327,-0.277693,0.113518,2
189203,flyer6,13.5,6.08921,-0.3,0,2
189203,bullet6,0.8,11.3388,0.8,0,1
189204,flayer8,15,2.93415,-0.3,0,2
189205,bullet2,13.4023,12.5205,0.8,0,1
189206,bullet4,0,11.797,-0.8,-6.99382e-08,1
189207,player,0.4,11.8636,0,0.0666253,1
189207,flyer3,-0.16161,12.9003,-0.277693,0.113518,2
189208,flyer6,12,6.08921,-0.3,0,2
189208,bullet6,4.8,11.3388,0.8,0,1
189209,flayer8,13.5,2.93415,-0.3,0,2
189210,flyer1,16.5,6.08921,-0.284847,-0.0941403,2
189212,player,1.49169,11.9172,0.165715,0.00122942,1
189213,flyer6,10.5,6.08921,-0.3,0,2
189213,bullet6,8.8,11.3388,0.8,0,1
189214,flayer8,12,2.93415,-0.3,0,2
189215,flyer1,15.0758,5.61851,-0.284847,-0.0941403,2
189217,player,2.18249,11.4288,0.0714016,-0.151852,1
189218,flyer6,9,6.08921,-0.3,0,2
189218,bullet6,12.8,11.3388,0.8,0,1
189218,bullet3,2.61462,11.3604,0.8,0,1
189219,flayer8,10.5,2.93415,-0.3,0,2
189220,flyer1,13.6515,5.14781,-0.284847,-0.0941403,2
189222,player,1.65136,11.8953,-0.0294371,0.0279526,1
189222,bullet5,2.05136,11.8953,0.8,0,1
189223,flyer6,7.5,6.08921,-0.3,0,2
189223,bullet3,6.61462,11.3604,0.8,0,1
189224,flayer8,9,2.93415,-0.3,0,2
189225,flyer1,12.2273,4.67711,-0.284847,-0.0941403,2
189225,bullet1,2.02947,11.9161,0.8,0,1
189226,bullet4,2.02826,11.9172,0.8,0,1
189227,player,1.62772,11.9177,-0.000543198,0.000515804,1
189227,bullet5,6.05136,11.8953,0.8,0,1
189228,flyer6,5.99999,6.08921,-0.3,0,2
189228,bullet3,10.6146,11.3604,0.8,0,1
189229,flayer8,7.5,2.93415,-0.3,0,2
189230,flyer1,10.8031,4.20641,-0.284847,-0.0941403,2
189230,bullet1,6.02947,11.9161,0.8,0,1
189231,bullet4,6.02826,11.9172,0.8,0,1
189232,player,1.02497,12.5205,-0.0138496,0.0138491,1
189232,bullet5,10.0514,11.8953,0.8,0,1
189233,flyer6,4.49999,6.08921,-0.3,0,2
189233,bullet3,14.6146,11.3604,0.8,0,1
189234,flayer8,5.99999,2.93415,-0.3,0,2
189235,flyer1,9.37884,3.73571,-0.284847,-0.0941403,2
189235,bullet1,10.0295,11.9161,0.8,0,1
189236,bullet4,10.0283,11.9172,0.8,0,1
189236,bullet2,1.4141,12.5313,0.8,0,1
189237,player,1.01385,12.5316,-0.000255565,0.000255555,1
189237,bullet5,14.0514,11.8953,0.8,0,1
189238,flyer6,2.99999,6.08921,-0.3,0,2
189239,flayer8,4.49999,2.93415,-0.3,0,2
189240,flyer1,7.95461,3.26501,-0.284847,-0.0941403,2
189240,bullet1,14.0295,11.9161,0.8,0,1
189241,bullet4,14.0283,11.9172,0.8,0,1
189241,bullet2,5.4141,12.5313,0.8,0,1
189242,player,1.50302,13.0212,0.15187,0.15188,1
189243,flyer6,1.49999,6.08921,-0.3,0,2
189244,flayer8,2.99999,2.93415,-0.3,0,2
189245,flyer1,6.53038,2.79431,-0.284847,-0.0941403,2
189246,bullet2,9.4141,12.5313,0.8,0,1
189246,bullet6,1.92308,13.7288,0.8,0,1
189247,player,1.58039,13.7455,0.0573066,0.0166422,1
189248,flyer6,-6.4373e-06,6.08921,-0.3,0,2
189248,bullet3,2.00617,13.7529,0.8,0,1
189249,flayer8,1.49999,2.93415,-0.3,0,2
189249,bullet5,2.01778,13.7563,0.8,0,1
189250,flyer1,5.10614,2.32361,-0.284847,-0.0941403,2
189251,bullet2,13.4141,12.5313,0.8,0,1
189251,bullet6,5.92308,13.7288,0.8,0,1
189252,player,1.62641,13.7588,0.00105747,0.000307096,1
189253,bullet3,6.00617,13.7529,0.8,0,1
189254,flayer8,-6.4373e-06,2.93415,-0.3,0,2
189254,bullet5,6.01778,13.7563,0.8,0,1
189255,flyer1,3.68191,1.8529,-0.284847,-0.0941403,2
189255,bullet1,2.02719,13.759,0.8,0,1
189256,bullet6,9.92308,13.7288,0.8,0,1
189257,player,1.62726,13.7591,1.95133e-05,5.66678e-06,1
189258,bullet3,10.0062,13.7529,0.8,0,1
189259,bullet5,10.0178,13.7563,0.8,0,1
189260,flyer1,2.25768,1.3822,-0.284847,-0.0941403,2
189260,bullet1,6.02719,13.759,0.8,0,1
189261,bullet6,13.9231,13.7288,0.8,0,1
189262,player,1.0388,13.7591,-0.0307543,1.04568e-07,1
189263,bullet3,14.0062,13.7529,0.8,0,1
189264,bullet5,14.0178,13.7563,0.8,0,1
189265,flyer1,0.833442,0.911502,-0.284847,-0.0941403,2
189265,bullet1,10.0272,13.759,0.8,0,1
189266,flayer7,16.5,2.93415,-0.212328,0.211936,2
189267,player,0.4,14.0966,-0,0.3375,1
189267,flyer5,16.5,6.08921,-0.283826,-0.097173,2
189270,flyer4,16.5,3.5698,-0.299778,0.0115301,2
189270,bullet1,14.0272,13.759,0.8,0,1
189271,flayer7,15.4384,3.99383,-0.212328,0.211936,2
189272,player,0.4,14.9561,0,0.0369825,1
189272,flyer5,15.0809,5.60335,-0.283826,-0.097173,2
189272,bullet4,0.8,14.9561,0.8,0,1
189274,bullet2,0,14.9802,-0.8,-6.99382e-08,1
189275,flyer4,15.0011,3.62746,-0.299778,0.0115301,2
189275,bullet6,0.8,14.9836,0.8,0,1
189276,flayer7,14.3767,5.05352,-0.212328,0.211936,2
189277,player,0.4,14.9858,0,0.000682431,1
189277,flyer5,13.6617,5.11749,-0.283826,-0.097173,2
189277,bullet4,4.8,14.9561,0.8,0,1
189277,bullet3,0.8,14.9858,0.8,0,1
189280,flyer4,13.5022,3.68511,-0.299778,0.0115301,2
189280,bullet6,4.8,14.9836,0.8,0,1
189281,flayer7,13.3151,6.1132,-0.212328,0.211936,2
189282,player,0.4,15.0309,0,-0.0544915,1
189282,flyer5,12.2426,4.63162,-0.283826,-0.097173,2
189282,bullet4,8.8,14.9561,0.8,0,1
189282,bullet3,4.8,14.9858,0.8,0,1
189285,flyer4,12.0033,3.74276,-0.299778,0.0115301,2
189285,bullet6,8.8,14.9836,0.8,0,1
189286,flayer7,12.2534,7.17288,-0.212328,0.211936,2
189287,player,0.957719,15.0179,0.0683438,-0.0385946,1
189287,flyer5,10.8235,4.14576,-0.283826,-0.097173,2
189287,bullet4,12.8,14.9561,0.8,0,1
189287,bullet3,8.8,14.9858,0.8,0,1
189287,bullet5,1.35772,15.0179,0.8,0,1
189290,flyer4,10.5044,3.80041,-0.299778,0.0115301,2
189290,bullet6,12.8,14.9836,0.8,0,1
189291,flayer7,11.1918,8.23256,-0.212328,0.211936,2
189292,player,1.50198,14.9869,0.153136,-0.000712179,1
189292,flyer5,9.40433,3.65989,-0.283826,-0.097173,2
189292,bullet3,12.8,14.9858,0.8,0,1
189292,bullet5,5.35772,15.0179,0.8,0,1
189295,flyer4,9.00555,3.85806,-0.299778,0.0115301,2
189295,bullet1,2.57357,14.4287,0.8,0,1
189296,flayer7,10.1302,9.29224,-0.212328,0.211936,2
189296,bullet2,2.61061,14.3979,0.8,0,1
189297,player,2.22727,14.384,0.0166654,-0.0138528,1
189297,flyer5,7.9852,3.17403,-0.283826,-0.097173,2
189297,bullet5,9.35772,15.0179,0.8,0,1
189300,flyer4,7.50666,3.91571,-0.299778,0.0115301,2
189300,bullet1,6.57358,14.4287,0.8,0,1
189301,flayer7,9.06852,10.3519,-0.212328,0.211936,2
189301,bullet2,6.61061,14.3979,0.8,0,1
189301,bullet4,2.64035,14.9616,0.8,0,1
189302,player,2.24066,14.9752,0.000307524,0.013584,1
189302,flyer5,6.56606,2.68816,-0.283826,-0.097173,2
189302,bullet5,13.3577,15.0179,0.8,0,1
189305,flyer4,6.00777,3.97336,-0.299778,0.0115301,2
189305,bullet1,10.5736,14.4287,0.8,0,1
189306,flayer7,8.00688,11.4116,-0.212328,0.211936,2
189306,bullet2,10.6106,14.3979,0.8,0,1
189306,bullet4,6.64035,14.9616,0.8,0,1
189307,player,2.2409,14.4968,5.67467e-06,-0.151624,1
189307,flyer5,5.14693,2.2023,-0.283826,-0.097173,2
189308,bullet6,2.64091,14.4285,0.8,0,1
189310,flyer4,4.50887,4.03101,-0.299778,0.0115301,2
189310,bullet1,14.5736,14.4287,0.8,0,1
189311,flayer7,6.94524,12.4713,-0.212328,0.211936,2
189311,bullet2,14.6106,14.3979,0.8,0,1
189311,bullet4,10.6404,14.9616,0.8,0,1
189312,player,2.24091,14.375,1.04714e-07,-0.0027979,1
189312,flyer5,3.7278,1.71643,-0.283826,-0.097173,2
189313,bullet6,6.64091,14.4285,0.8,0,1
189315,flyer4,3.00998,4.08866,-0.299778,0.0115301,2
189315,bullet3,2.15153,14.8623,0.8,0,1
189316,flayer7,5.88361,13.531,-0.212328,0.211936,2
189316,bullet4,14.6404,14.9616,0.8,0,1
189317,player,1.65244,14.9612,-0.0307547,0.0307031,1
189317,flyer5,2.30867,1.23057,-0.283826,-0.097173,2
189317,bullet5,2.05244,14.9612,0.8,0,1
189318,bullet6,10.6409,14.4285,0.8,0,1
189319,bullet1,2.03237,14.9812,0.8,0,1
189320,flyer4,1.51109,4.14631,-0.299778,0.0115301,2
189322,player,1.29024,14.4965,-0.338068,-0.151308,1
189322,flyer5,0.889537,0.744704,-0.283826,-0.097173,2
189323,bullet6,14.6409,14.4285,0.8,0,1
189324,bullet1,6.03237,14.9812,0.8,0,1
189325,flyer4,0.0121988,4.20396,-0.299778,0.0115301,2
189325,bullet2,0.949466,14.384,0.8,0,1
189327,player,0.430266,14.375,-0.036993,-0.00279207,1
189327,flyer2,16.5,3.5698,-0.26584,0.139029,2
189327,bullet4,0.830266,14.375,0.8,0,1
189329,bullet1,10.0324,14.9812,0.8,0,1
189330,bullet2,4.94947,14.384,0.8,0,1
189332,player,1.00287,14.4173,0.013157,-0.0545557,1
189332,flyer2,15.1708,4.26495,-0.26584,0.139029,2
189332,bullet4,4.83027,14.375,0.8,0,1
189332,bullet3,1.40287,14.4173,0.8,0,1
189334,bullet1,14.0324,14.9812,0.8,0,1
189335,bullet2,8.94947,14.384,0.8,0,1
189337,player,0.424964,12.8898,-0.0305119,-0.437605,1
189337,flyer2,13.8416,4.96009,-0.26584,0.139029,2
189337,bullet4,8.83027,14.375,0.8,0,1
189337,bullet3,5.40287,14.4173,0.8,0,1
189340,bullet2,12.9495,14.384,0.8,0,1
189340,bullet5,0,13.1221,-0.8,-6.99382e-08,1
189342,player,0.4,13.4782,0,0.343265,1
189342,flyer2,12.5124,5.65523,-0.26584,0.139029,2
189342,bullet4,12.8303,14.375,0.8,0,1
189342,bullet3,9.40287,14.4173,0.8,0,1
189345,flyer3,16.5,3.5698,-0.3,0,2
189345,bullet6,0.8,13.7335,0.8,0,1
189347,player,0.4,14.2433,0,0.158209,1
189347,flyer2,11.1832,6.35038,-0.26584,0.139029,2
189347,bullet3,13.4029,14.4173,0.8,0,1
189350,flyer3,15,3.5698,-0.3,0,2
189350,bullet6,4.8,13.7335,0.8,0,1
189350,bullet1,0.8,14.3609,0.8,0,1
189352,player,0.7375,14.7078,0.3375,0.340419,1
189352,flyer2,9.85399,7.04552,-0.26584,0.139029,2
189355,flyer3,13.5,3.5698,-0.3,0,2
189355,bullet6,8.8,13.7335,0.8,0,1
189355,bullet1,4.8,14.3609,0.8,0,1
189357,player,1.56626,15.6,0.0745716,0,1
189357,flyer2,8.52478,7.74066,-0.26584,0.139029,2
189358,bullet5,1.99982,15.6,0.8,0,1
189360,flyer3,12,3.5698,-0.3,0,2
189360,bullet6,12.8,13.7335,0.8,0,1
189360,bullet1,8.8,14.3609,0.8,0,1
189362,player,1.40593,15.3798,0.270532,0.269156,1
189362,flyer2,7.19558,8.4358,-0.26584,0.139029,2
189363,bullet5,5.99982,15.6,0.8,0,1
189365,flyer3,10.5,3.5698,-0.3,0,2
189365,bullet1,12.8,14.3609,0.8,0,1
189365,bullet2,2.0071,15.5799,0.8,0,1
189366,bullet4,2.0182,15.591,0.8,0,1
189367,player,1.62319,15.5959,0.00499208,0.00496669,1
189367,flyer2,5.86638,9.13095,-0.26584,0.139029,2
189368,bullet5,9.99982,15.6,0.8,0,1
189370,flyer3,9,3.5698,-0.3,0,2
189370,bullet2,6.0071,15.5799,0.8,0,1
189371,bullet4,6.0182,15.591,0.8,0,1
189372,player,1.51426,15.6,0.138128,0,1
189372,flyer2,4.53718,9.82609,-0.26584,0.139029,2
189372,bullet3,1.91426,15.6,0.8,0,1
189373,bullet5,13.9998,15.6,0.8,0,1
189375,flyer3,7.5,3.5698,-0.3,0,2
189375,bullet2,10.0071,15.5799,0.8,0,1
189376,bullet4,10.0182,15.591,0.8,0,1
189377,player,1.03671,15.2625,-0.0282058,-0.3375,1
189377,flyer2,3.20797,10.5212,-0.26584,0.139029,2
189377,bullet3,5.91426,15.6,0.8,0,1
189379,bullet6,1.41831,15.0423,0.8,0,1
189380,flyer3,5.99999,3.5698,-0.3,0,2
189380,bullet2,14.0071,15.5799,0.8,0,1
189381,bullet4,14.0182,15.591,0.8,0,1
189382,player,0.676562,15.329,-0.33802,0.331272,1
189382,flyer2,1.87877,11.2164,-0.26584,0.139029,2
189382,bullet3,9.91426,15.6,0.8,0,1
189384,bullet6,5.41831,15.0423,0.8,0,1
189384,bullet1,0.856004,15.5451,0.8,0,1
189385,flyer3,4.49999,3.5698,-0.3,0,2
189387,player,0.405104,15.2575,-0.00623743,-0.331387,1
189387,flyer2,0.549571,11.9115,-0.26584,0.139029,2
189387,bullet3,13.9143,15.6,0.8,0,1
189389,bullet6,9.41831,15.0423,0.8,0,1
189389,bullet1,4.856,15.5451,0.8,0,1
189390,flyer3,2.99999,3.5698,-0.3,0,2
189391,bullet5,0.80021,14.9975,0.8,0,1
189392,player,0.737594,15.3289,0.337385,0.331385,1
189394,bullet6,13.4183,15.0423,0.8,0,1
189394,bullet1,8.856,15.5451,0.8,0,1
189394,bullet2,1.35774,15.5451,0.8,0,1
189395,flyer3,1.49999,3.5698,-0.3,0,2
189396,bullet5,4.80021,14.9975,0.8,0,1
189397,player,1.00854,15.2575,0.0062257,-0.331385,1
189399,bullet1,12.856,15.5451,0.8,0,1
189399,bullet2,5.35774,15.5451,0.8,0,1
189400,flyer3,-6.4373e-06,3.5698,-0.3,0,2
189401,bullet5,8.80021,14.9975,0.8,0,1
189402,player,1.01354,14.6539,0.000114882,-0.343615,1
189402,flyer6,16.5,3.5698,-0.267501,-0.135806,2
189404,flayer8,16.5,12.1157,-0.3,0,2
189404,bullet2,9.35774,15.5451,0.8,0,1
189404,bullet4,1.41362,14.4297,0.8,0,1
189405,bullet3,1.41363,14.3983,0.8,0,1
189406,bullet5,12.8002,14.9975,0.8,0,1
189407,player,1.01363,14.3779,2.11989e-06,-0.00634066,1
189407,flyer6,15.1625,2.89077,-0.267501,-0.135806,2
189409,flayer8,15,12.1157,-0.3,0,2
189409,bullet2,13.3577,15.5451,0.8,0,1
189409,bullet4,5.41362,14.4297,0.8,0,1
189410,bullet3,5.41363,14.3983,0.8,0,1
189412,player,0.524261,14.8622,-0.151875,0.151758,1
189412,flyer6,13.825,2.21174,-0.267501,-0.135806,2
189413,bullet6,0.855918,14.9305,0.8,0,1
189414,flayer8,13.5,12.1157,-0.3,0,2
189414,bullet4,9.41362,14.4297,0.8,0,1
189415,bullet3,9.41363,14.3983,0.8,0,1
189417,player,0.889375,14.4947,0.151875,-0.149075,1
189417,flyer6,12.4875,1.53271,-0.267501,-0.135806,2
189418,bullet6,4.85592,14.9305,0.8,0,1
189418,bullet1,1.35772,14.4276,0.8,0,1
189419,flayer8,12,12.1157,-0.3,0,2
189419,bullet4,13.4136,14.4297,0.8,0,1
189420,bullet3,13.4136,14.3983,0.8,0,1
189422,player,1.56906,14.9327,0.0711463,0.0655929,1
189422,flyer6,11.15,0.853674,-0.267501,-0.135806,2
189423,bullet6,8.85592,14.9305,0.8,0,1
189423,bullet1,5.35772,14.4276,0.8,0,1
189423,bullet5,2.00108,14.9622,0.8,0,1
189424,flayer8,10.5,12.1157,-0.3,0,2
189427,player,1.5271,15.4747,0.122433,0.153085,1
189427,flyer6,9.81248,0.174642,-0.267501,-0.135806,2
189428,bullet6,12.8559,14.9305,0.8,0,1
189428,bullet1,9.35772,14.4276,0.8,0,1
189428,bullet5,6.00108,14.9622,0.8,0,1
189429,flayer8,9,12.1157,-0.3,0,2
189431,bullet2,1.92407,14.517,0.8,0,1
189432,player,1.58083,14.4377,0.0567634,-0.0793585,1
189433,bullet1,13.3577,14.4276,0.8,0,1
189433,bullet5,10.0011,14.9622,0.8,0,1
189434,flayer8,7.5,12.1157,-0.3,0,2
189436,bullet2,5.92407,14.517,0.8,0,1
189437,player,2.78645,14.9079,0.0832308,0.0959065,1
189437,flyer1,16.5,3.5698,-0.291609,-0.0704552,2
189438,bullet5,14.0011,14.9622,0.8,0,1
189439,flayer8,5.99999,12.1157,-0.3,0,2
189441,flayer7,16.5,12.1157,-0.3,0,2
189441,bullet2,9.92407,14.517,0.8,0,1
189442,player,2.60232,13.7941,0.308281,-0.0428246,1
189442,flyer1,15.042,3.21753,-0.291609,-0.0704552,2
189444,flayer8,4.49999,12.1157,-0.3,0,2
189446,flayer7,15,12.1157,-0.3,0,2
189446,bullet2,13.9241,14.517,0.8,0,1
189447,player,2.84989,14.2937,0.00568866,0.0965806,1
189447,flyer1,13.5839,2.86525,-0.291609,-0.0704552,2
189449,flayer8,2.99999,12.1157,-0.3,0,2
189449,bullet4,3.74298,14.3567,0.8,0,1
189451,flayer7,13.5,12.1157,-0.3,0,2
189451,bullet3,3.84283,14.3695,0.8,0,1
189452,player,3.11927,14.7088,-0.323555,0.339282,1
189452,flyer1,12.1259,2.51298,-0.291609,-0.0704552,2
189454,flayer8,1.49999,12.1157,-0.3,0,2
189454,bullet4,7.74298,14.3567,0.8,0,1
189455,bullet6,3.27867,14.9611,0.8,0,1
189456,flayer7,12,12.1157,-0.3,0,2
189456,bullet3,7.84283,14.3695,0.8,0,1
189457,player,2.37005,14.4919,-0.157846,-0.145614,1
189457,flyer1,10.6678,2.1607,-0.291609,-0.0704552,2
189459,flayer8,-6.4373e-06,12.1157,-0.3,0,2
189459,bullet4,11.743,14.3567,0.8,0,1
189460,bullet6,7.27867,14.9611,0.8,0,1
189461,flayer7,10.5,12.1157,-0.3,0,2
189461,bullet3,11.8428,14.3695,0.8,0,1
189462,player,2.74651,13.2971,0.132047,-0.185317,1
189462,flyer1,9.20976,1.80843,-0.291609,-0.0704552,2
189462,bullet1,3.14651,13.2971,0.8,0,1
189464,bullet4,15.743,14.3567,0.8,0,1
189465,bullet6,11.2787,14.9611,0.8,0,1
189465,bullet5,3.2447,13.1593,0.8,0,1
189466,flayer7,9,12.1157,-0.3,0,2
189466,bullet3,15.8428,14.3695,0.8,0,1
189467,player,2.85255,13.1482,0.00243664,-0.00341961,1
189467,flyer1,7.75171,1.45615,-0.291609,-0.0704552,2
189467,bullet1,7.14651,13.2971,0.8,0,1
189467,bullet2,3.25255,13.1482,0.8,0,1
189470,bullet6,15.2787,14.9611,0.8,0,1
189470,bullet5,7.2447,13.1593,0.8,0,1
189471,flayer7,7.5,12.1157,-0.3,0,2
189472,player,2.26604,13.734,-0.0307097,0.0306916,1
189472,flyer1,6.29366,1.10388,-0.291609,-0.0704552,2
189472,bullet1,11.1465,13.2971,0.8,0,1
189472,bullet2,7.25255,13.1482,0.8,0,1
189475,bullet5,11.2447,13.1593,0.8,0,1
189476,flayer7,5.99999,12.1157,-0.3,0,2
189477,player,3.13659,14.0096,0.405277,-0.306179,1
189477,flyer1,4.83562,0.751599,-0.291609,-0.0704552,2
189477,bullet1,15.1465,13.2971,0.8,0,1
189477,bullet2,11.2526,13.1482,0.8,0,1
189478,bullet4,3.71897,13.8718,0.8,0,1
189480,bullet5,15.2447,13.1593,0.8,0,1
189481,flayer7,4.49999,12.1157,-0.3,0,2
189482,player,2.97269,13.2743,-0.144397,-0.157525,1
189482,flyer1,3.37757,0.399323,-0.291609,-0.0704552,2
189482,bullet2,15.2526,13.1482,0.8,0,1
189482,bullet3,2.57269,13.2743,-0.8,-6.99382e-08,1
189483,bullet4,7.71897,13.8718,0.8,0,1
