30957,player,2.84062,10.8929,-0.3375,0,1
30962,player,2.90707,11.9708,0.331272,0.18263,1
30965,bullet1,3.06404,11.6172,0.8,0,1
30967,player,2.92214,11.1915,0.312858,-0.364885,1
30969,bullet2,2.72628,10.9534,-0.8,-6.99382e-08,1
30970,bullet1,7.06404,11.6172,0.8,0,1
30970,bullet3,3.55479,10.9201,0.8,0,1
30972,player,3.17339,10.8984,0.00577311,-0.00673315,1
30972,bullet4,3.57339,10.8984,0.8,0,1
30975,bullet1,11.064,11.6172,0.8,0,1
30975,bullet3,7.55479,10.9201,0.8,0,1
30975,bullet5,3.57769,10.8934,0.8,0,1
30977,player,3.17803,10.893,0.00010653,-0.000124246,1
30977,bullet4,7.57339,10.8984,0.8,0,1
30980,bullet1,15.064,11.6172,0.8,0,1
30980,bullet3,11.5548,10.9201,0.8,0,1
30980,bullet5,7.57769,10.8934,0.8,0,1
30982,player,3.17811,10.8929,1.96578e-06,-2.29268e-06,1
30982,flyer1,16.5,8.69606,-0.3,0,2
30982,bullet4,11.5734,10.8984,0.8,0,1
30982,bullet6,3.57811,10.8929,0.8,0,1
30985,bullet3,15.5548,10.9201,0.8,0,1
30985,bullet5,11.5777,10.8934,0.8,0,1
30987,player,3.73584,11.4506,0.0683438,0.0683437,1
30987,flyer1,15,8.69606,-0.3,0,2
30987,bullet4,15.5734,10.8984,0.8,0,1
30987,bullet6,7.57812,10.8929,0.8,0,1
30989,flyer2,16.5,8.69606,-0.217101,-0.207044,2
30990,bullet5,15.5777,10.8934,0.8,0,1
30992,player,4.49213,12.0087,-0.10602,0.136221,1
30992,flyer1,13.5,8.69606,-0.3,0,2
30992,flyer3,16.5,8.69606,-0.278354,-0.111889,2
30992,bullet6,11.5781,10.8929,0.8,0,1
30994,flyer2,15.4145,7.66084,-0.217101,-0.207044,2
30996,bullet2,3.7311,12.7041,0.8,0,1
30997,player,3.24696,12.7205,-0.0841397,0.0163533,1
30997,flyer1,12,8.69606,-0.3,0,2
30997,flyer3,15.1082,8.13661,-0.278354,-0.111889,2
30997,bullet6,15.5781,10.8929,0.8,0,1
30998,bullet1,3.6091,12.7278,0.8,0,1
30999,flyer2,14.329,6.62562,-0.217101,-0.207044,2
31001,bullet2,7.7311,12.7041,0.8,0,1
31002,player,2.10154,12.7336,-0.184182,0.000301764,1
31002,flyer1,10.5,8.69606,-0.3,0,2
31002,flyer3,13.7165,7.57716,-0.278354,-0.111889,2
31002,bullet3,2.50154,12.7336,0.8,0,1
31003,bullet1,7.6091,12.7278,0.8,0,1
31004,flyer2,13.2435,5.5904,-0.217101,-0.207044,2
31005,bullet4,2.36458,13.2232,0.8,0,1
31006,bullet2,11.7311,12.7041,0.8,0,1
31007,player,1.95362,13.3223,-0.00339868,0.0307603,1
31007,flyer1,9,8.69606,-0.3,0,2
31007,flyer3,12.3247,7.01771,-0.278354,-0.111889,2
31007,bullet3,6.50154,12.7336,0.8,0,1
31008,bullet1,11.6091,12.7278,0.8,0,1
31009,flyer2,12.158,4.55518,-0.217101,-0.207044,2
31010,bullet4,6.36458,13.2232,0.8,0,1
31011,bullet2,15.7311,12.7041,0.8,0,1
31012,player,2.44027,13.347,0.151812,0.000567613,1
31012,flyer1,7.5,8.69606,-0.3,0,2
31012,flyer3,10.9329,6.45827,-0.278354,-0.111889,2
31012,bullet3,10.5015,12.7336,0.8,0,1
31012,bullet5,2.84027,13.347,0.8,0,1
31013,bullet1,15.6091,12.7278,0.8,0,1
31014,flyer2,11.0725,3.51996,-0.217101,-0.207044,2
31014,bullet6,2.93933,13.3474,0.8,0,1
31015,bullet4,10.3646,13.2232,0.8,0,1
31017,player,3.11991,13.9052,0.0711451,0.0683542,1
31017,flyer1,5.99999,8.69606,-0.3,0,2
31017,flyer3,9.54116,5.89882,-0.278354,-0.111889,2
31017,bullet3,14.5015,12.7336,0.8,0,1
31017,bullet5,6.84027,13.347,0.8,0,1
31019,flyer2,9.98697,2.48475,-0.217101,-0.207044,2
31019,bullet6,6.93933,13.3474,0.8,0,1
31020,bullet4,14.3646,13.2232,0.8,0,1
31020,bullet2,4.13053,13.956,0.8,0,1
31022,player,3.44186,14.2976,-0.322348,0.338761,1
31022,flyer1,4.49999,8.69606,-0.3,0,2
31022,flyer3,8.14939,5.33937,-0.278354,-0.111889,2
31022,bullet5,10.8403,13.347,0.8,0,1
31024,flyer2,8.90146,1.44953,-0.217101,-0.207044,2
31024,bullet6,10.9393,13.3474,0.8,0,1
31025,bullet2,8.13053,13.956,0.8,0,1
31027,player,2.87624,14.7899,-0.381037,-0.262905,1
31027,flyer1,2.99999,8.69606,-0.3,0,2
31027,flyer3,6.75762,4.77992,-0.278354,-0.111889,2
31027,bullet5,14.8403,13.347,0.8,0,1
31029,flyer2,7.81595,0.414309,-0.217101,-0.207044,2
31029,bullet6,14.9393,13.3474,0.8,0,1
31030,bullet2,12.1305,13.956,0.8,0,1
31032,player,2.30542,14.6233,0.316629,-0.0593555,1
31032,flyer1,1.49999,8.69606,-0.3,0,2
31032,flyer3,5.36585,4.22048,-0.278354,-0.111889,2
31033,bullet1,2.8479,14.5966,0.8,0,1
31035,bullet2,16.1305,13.956,0.8,0,1
31035,bullet3,2.94087,14.5792,0.8,0,1
31037,player,2.2222,14.9131,-0.331657,0.336405,1
31037,flyer1,-6.4373e-06,8.69606,-0.3,0,2
31037,flyer3,3.97408,3.66103,-0.278354,-0.111889,2
31038,bullet1,6.8479,14.5966,0.8,0,1
31038,bullet4,2.47295,15.0645,0.8,0,1
31040,bullet3,6.94087,14.5792,0.8,0,1
31042,player,1.46647,15.115,-0.157995,0.0897389,1
31042,flyer3,2.58231,3.10158,-0.278354,-0.111889,2
31043,bullet1,10.8479,14.5966,0.8,0,1
31043,bullet4,6.47295,15.0645,0.8,0,1
31045,bullet3,10.9409,14.5792,0.8,0,1
31047,player,0.4,14.027,-0.0106374,-0.0805274,1
31047,flyer3,1.19055,2.54214,-0.278354,-0.111889,2
31047,bullet5,0.8,14.027,0.8,0,1
31048,bullet1,14.8479,14.5966,0.8,0,1
31048,bullet4,10.473,15.0645,0.8,0,1
31050,bullet3,14.9409,14.5792,0.8,0,1
31050,bullet6,0.79209,13.4094,0.8,0,1
31052,player,0.399526,13.8494,-0.000147217,0.136549,1
31052,flyer3,-0.201222,1.98269,-0.278354,-0.111889,2
31052,bullet5,4.8,14.027,0.8,0,1
31053,bullet4,14.473,15.0645,0.8,0,1
31054,flyer4,16.5,8.42719,-0.3,0,2
31054,bullet2,0.79943,13.9385,0.8,0,1
31055,bullet6,4.79209,13.4094,0.8,0,1
31056,bullet1,0.79941,13.9565,0.8,0,1
31057,player,0.399407,13.9591,-2.71656e-06,0.00251972,1
31057,bullet5,8.8,14.027,0.8,0,1
31059,flyer4,15,8.42719,-0.3,0,2
31059,bullet2,4.79943,13.9385,0.8,0,1
31060,bullet6,8.79209,13.4094,0.8,0,1
31061,bullet1,4.79941,13.9565,0.8,0,1
31062,player,0.4,14.074,0,-0.137989,1
31062,bullet5,12.8,14.027,0.8,0,1
31064,flyer4,13.5,8.42719,-0.3,0,2
31064,bullet2,8.79943,13.9385,0.8,0,1
31065,bullet6,12.7921,13.4094,0.8,0,1
31066,bullet1,8.79941,13.9565,0.8,0,1
31067,player,0.4,14.4526,0,0.149329,1
31069,flyer4,12,8.42719,-0.3,0,2
31069,bullet2,12.7994,13.9385,0.8,0,1
31070,flyer5,16.5,8.42719,-0.3,0,2
31070,bullet3,0.8,15.053,0.8,0,1
31071,bullet1,12.7994,13.9565,0.8,0,1
31072,player,0.4,15.161,0,0.0335102,1
31072,bullet4,0.8,15.161,0.8,0,1
31074,flyer4,10.5,8.42719,-0.3,0,2
31075,flyer5,15,8.42719,-0.3,0,2
31075,bullet3,4.8,15.053,0.8,0,1
31077,player,0.4,15.1879,0,0.000618358,1
31077,bullet4,4.8,15.161,0.8,0,1
31077,bullet5,0.8,15.1879,0.8,0,1
31078,bullet6,0.8,15.1882,0.8,0,1
31079,flyer4,9,8.42719,-0.3,0,2
31080,flyer5,13.5,8.42719,-0.3,0,2
31080,bullet3,8.8,15.053,0.8,0,1
31082,player,0.4,15.1884,0,1.14104e-05,1
31082,bullet4,8.8,15.161,0.8,0,1
31082,bullet5,4.8,15.1879,0.8,0,1
31083,bullet6,4.8,15.1882,0.8,0,1
31084,flyer4,7.5,8.42719,-0.3,0,2
31085,flyer5,12,8.42719,-0.3,0,2
31085,bullet3,12.8,15.053,0.8,0,1
31087,player,0.7375,15.6,0.3375,0,1
31087,bullet4,12.8,15.161,0.8,0,1
31087,bullet5,8.8,15.1879,0.8,0,1
31088,bullet6,8.8,15.1882,0.8,0,1
31089,flyer4,5.99999,8.42719,-0.3,0,2
31090,flyer5,10.5,8.42719,-0.3,0,2
31091,bullet2,1.09169,15.6,-0.8,-6.99382e-08,1
31092,player,1.56626,15.6,0.0745716,0,1
31092,bullet5,12.8,15.1879,0.8,0,1
31093,bullet6,12.8,15.1882,0.8,0,1
31093,bullet1,1.99982,15.6,0.8,0,1
31094,flyer4,4.49999,8.42719,-0.3,0,2
31095,flyer5,9,8.42719,-0.3,0,2
31097,player,1.28865,15.6,-0.336124,0,1
31098,flyer6,16.5,8.42719,-0.3,0,2
31098,bullet1,5.99982,15.6,0.8,0,1
31099,flyer4,2.99999,8.42719,-0.3,0,2
31099,bullet3,1.46933,15.6,0.8,0,1
31100,flyer5,7.5,8.42719,-0.3,0,2
31101,bullet4,1.42491,15.6,0.8,0,1
31102,player,1.01871,15.6,-0.00620243,0,1
31103,flyer6,15,8.42719,-0.3,0,2
31103,bullet1,9.99982,15.6,0.8,0,1
31104,flyer4,1.49999,8.42719,-0.3,0,2
31104,bullet3,5.46933,15.6,0.8,0,1
31105,flyer5,5.99999,8.42719,-0.3,0,2
31106,bullet4,5.42491,15.6,0.8,0,1
31106,bullet2,1.38309,15.6,0.8,0,1
31107,player,0.999892,15.6,0.0168006,0,1
31108,flyer6,13.5,8.42719,-0.3,0,2
31108,bullet1,13.9998,15.6,0.8,0,1
31109,flyer4,-6.4373e-06,8.42719,-0.3,0,2
31109,bullet3,9.46933,15.6,0.8,0,1
31110,flyer5,4.49999,8.42719,-0.3,0,2
31111,bullet4,9.42492,15.6,0.8,0,1
31111,bullet2,5.38309,15.6,0.8,0,1
31112,player,0.424911,15.6,-0.0304447,0,1
31112,bullet5,0.824911,15.6,0.8,0,1
31113,flyer6,12,8.42719,-0.3,0,2
31114,bullet3,13.4693,15.6,0.8,0,1
31115,flyer5,2.99999,8.42719,-0.3,0,2
31116,bullet4,13.4249,15.6,0.8,0,1
31116,bullet2,9.38309,15.6,0.8,0,1
31117,player,0.4,15.3798,-0,0.269156,1
31117,bullet5,4.82491,15.6,0.8,0,1
31118,flyer6,10.5,8.42719,-0.3,0,2
31118,bullet6,0.8,15.5009,0.8,0,1
31120,flyer5,1.49999,8.42719,-0.3,0,2
31121,bullet2,13.3831,15.6,0.8,0,1
31122,player,0.4,15.5959,0,0.00496669,1
31122,bullet5,8.82491,15.6,0.8,0,1
31122,bullet1,0.8,15.5959,0.8,0,1
31123,flyer6,9,8.42719,-0.3,0,2
31123,bullet6,4.8,15.5009,0.8,0,1
31125,flyer5,-6.4373e-06,8.42719,-0.3,0,2
31125,bullet3,1.35772,15.0419,0.8,0,1
31127,player,1.00231,14.9976,0.0138396,-0.013748,1
31127,bullet5,12.8249,15.6,0.8,0,1
31127,bullet1,4.8,15.5959,0.8,0,1
31128,flyer6,7.5,8.42719,-0.3,0,2
31128,bullet6,8.8,15.5009,0.8,0,1
31130,bullet3,5.35772,15.0419,0.8,0,1
31132,player,0.4,15.6,0,0,1
31132,bullet1,8.8,15.5959,0.8,0,1
31133,flyer6,5.99999,8.42719,-0.3,0,2
31133,bullet6,12.8,15.5009,0.8,0,1
31133,bullet4,0.8,15.6,0.8,0,1
31135,bullet3,9.35772,15.0419,0.8,0,1
31137,player,0.4,15.6,0,0,1
31137,bullet1,12.8,15.5959,0.8,0,1
31138,flyer6,4.49999,8.42719,-0.3,0,2
31138,bullet4,4.8,15.6,0.8,0,1
31138,bullet2,0,15.6,-0.8,-6.99382e-08,1
31139,bullet5,0.8,15.6,0.8,0,1
31140,bullet3,13.3577,15.0419,0.8,0,1
31142,player,0.4,15.6,-0,0,1
31143,flyer6,2.99999,8.42719,-0.3,0,2
31143,bullet4,8.8,15.6,0.8,0,1
31144,flayer7,16.5,3.88584,-0.3,0,2
31144,bullet5,4.8,15.6,0.8,0,1
31144,bullet6,0.8,15.6,0.8,0,1
31147,player,0.4,15.6,0,0,1
31147,bullet2,0.8,15.6,0.8,0,1
31148,flyer6,1.49999,8.42719,-0.3,0,2
31148,bullet4,12.8,15.6,0.8,0,1
31149,flayer7,15,3.88584,-0.3,0,2
31149,bullet5,8.8,15.6,0.8,0,1
31149,bullet6,4.8,15.6,0.8,0,1
31152,player,0.4,15.2625,0,-0.3375,1
31152,bullet2,4.8,15.6,0.8,0,1
31153,flyer6,-6.4373e-06,8.42719,-0.3,0,2
31154,flayer7,13.5,3.88584,-0.3,0,2
31154,bullet5,12.8,15.6,0.8,0,1
31154,bullet6,8.8,15.6,0.8,0,1
31155,bullet1,0.8,14.5222,0.8,0,1
31157,player,0.4,14.403,0,-0.0369825,1
31157,bullet2,8.8,15.6,0.8,0,1
31159,flayer7,12,3.88584,-0.3,0,2
31159,bullet6,12.8,15.6,0.8,0,1
31160,bullet1,4.8,14.5222,0.8,0,1
31161,bullet3,0,15.4518,-0.8,-6.99382e-08,1
31162,player,0.4,15.5333,0,0.0815009,1
31162,bullet2,12.8,15.6,0.8,0,1
31164,flayer7,10.5,3.88584,-0.3,0,2
31164,flayer8,16.5,3.88584,-0.3,0,2
31165,bullet1,8.8,14.5222,0.8,0,1
31165,bullet4,0.8,15.6,0.8,0,1
31167,player,0.4,15.6,0,0,1
31168,bullet5,0.8,15.6,0.8,0,1
31169,flayer7,9,3.88584,-0.3,0,2
31169,flayer8,15,3.88584,-0.3,0,2
31170,bullet1,12.8,14.5222,0.8,0,1
31170,bullet4,4.8,15.6,0.8,0,1
31171,bullet3,0.8,15.6,0.8,0,1
31172,player,0.4,15.6,0,0,1
31173,bullet5,4.8,15.6,0.8,0,1
31174,flayer7,7.5,3.88584,-0.3,0,2
31174,flayer8,13.5,3.88584,-0.3,0,2
31175,bullet4,8.8,15.6,0.8,0,1
31176,bullet3,4.8,15.6,0.8,0,1
31176,bullet6,0.8,15.6,0.8,0,1
31177,player,0.4,15.2625,-0,-0.3375,1
31178,bullet5,8.8,15.6,0.8,0,1
31179,flayer7,5.99999,3.88584,-0.3,0,2
31179,flayer8,12,3.88584,-0.3,0,2
31180,bullet4,12.8,15.6,0.8,0,1
31181,bullet3,8.8,15.6,0.8,0,1
31181,bullet6,4.8,15.6,0.8,0,1
31182,player,0.4,14.9915,0,-0.00622782,1
31183,bullet5,12.8,15.6,0.8,0,1
31184,flayer7,4.49999,3.88584,-0.3,0,2
31184,flayer8,10.5,3.88584,-0.3,0,2
31186,bullet3,12.8,15.6,0.8,0,1
31186,bullet6,8.8,15.6,0.8,0,1
31186,bullet2,0,14.9866,-0.8,-6.99382e-08,1
31187,player,0.7375,14.9865,0.3375,-0.000114921,1
31189,flayer7,2.99999,3.88584,-0.3,0,2
31189,flayer8,9,3.88584,-0.3,0,2
31191,flyer2,16.5,3.88584,-0.243191,0.175665,2
31191,bullet6,12.8,15.6,0.8,0,1
31192,player,0.4,15.6,0,0,1
31192,bullet1,0.8,15.6,0.8,0,1
31194,flayer7,1.49999,3.88584,-0.3,0,2
31194,flayer8,7.5,3.88584,-0.3,0,2
31194,bullet4,0.8,15.6,0.8,0,1
31196,flyer2,15.284,4.76417,-0.243191,0.175665,2
31197,player,0.4,15.0423,0,-0.0683438,1
31197,bullet1,4.8,15.6,0.8,0,1
31197,bullet2,0.8,15.0423,0.8,0,1
31199,flayer7,-6.4373e-06,3.88584,-0.3,0,2
31199,flayer8,5.99999,3.88584,-0.3,0,2
31199,bullet4,4.8,15.6,0.8,0,1
31201,flyer2,14.0681,5.64249,-0.243191,0.175665,2
31202,player,0.7375,15.2941,0.3375,0.373828,1
31202,bullet1,8.8,15.6,0.8,0,1
31202,bullet2,4.8,15.0423,0.8,0,1
31203,bullet5,1.28938,15.4624,0.8,0,1
31204,flayer8,4.49999,3.88584,-0.3,0,2
31204,bullet4,8.8,15.6,0.8,0,1
31206,flyer2,12.8521,6.52082,-0.243191,0.175665,2
31207,player,1.56626,15.0366,0.0745716,-0.0614456,1
31207,bullet1,12.8,15.6,0.8,0,1
31207,bullet2,8.8,15.0423,0.8,0,1
31208,bullet5,5.28938,15.4624,0.8,0,1
31209,flayer8,2.99999,3.88584,-0.3,0,2
31209,bullet4,12.8,15.6,0.8,0,1
31211,flyer2,11.6362,7.39914,-0.243191,0.175665,2
31212,player,2.21462,15.4767,0.0321307,0.150741,1
31212,bullet2,12.8,15.0423,0.8,0,1
31213,bullet5,9.28938,15.4624,0.8,0,1
31213,bullet3,2.62908,15.5445,0.8,0,1
31214,flayer8,1.49999,3.88584,-0.3,0,2
31215,bullet6,2.63851,15.5888,0.8,0,1
31216,flyer2,10.4202,8.27747,-0.243191,0.175665,2
31217,player,2.24043,15.5977,0.000592902,0.0027816,1
31218,bullet5,13.2894,15.4624,0.8,0,1
31218,bullet3,6.62908,15.5445,0.8,0,1
31218,bullet1,2.64069,15.599,0.8,0,1
31219,flayer8,-6.4373e-06,3.88584,-0.3,0,2
31220,bullet6,6.63851,15.5888,0.8,0,1
31221,flyer2,9.20428,9.15579,-0.243191,0.175665,2
31222,player,2.2409,15.6,1.09407e-05,0,1
31223,bullet3,10.6291,15.5445,0.8,0,1
31223,bullet1,6.64069,15.599,0.8,0,1
31224,bullet4,2.64091,15.6,0.8,0,1
31225,bullet6,10.6385,15.5888,0.8,0,1
31226,flyer2,7.98832,10.0341,-0.243191,0.175665,2
31227,player,2.24091,15.0423,2.01887e-07,-0.0683438,1
31228,bullet3,14.6291,15.5445,0.8,0,1
31228,bullet1,10.6407,15.599,0.8,0,1
31229,bullet4,6.64091,15.6,0.8,0,1
31230,bullet6,14.6385,15.5888,0.8,0,1
31231,flyer2,6.77237,10.9124,-0.243191,0.175665,2
31231,bullet2,2.64091,14.9887,0.8,0,1
31232,player,1.90341,14.6499,-0.3375,-0.338761,1
31233,bullet1,14.6407,15.599,0.8,0,1
31234,bullet4,10.6409,15.6,0.8,0,1
31234,bullet5,2.08319,14.4289,0.8,0,1
31236,flyer2,5.55642,11.7908,-0.243191,0.175665,2
31236,bullet2,6.64091,14.9887,0.8,0,1
31237,player,1.63237,14.3778,-0.00622782,-0.0062511,1
31237,bullet3,2.03237,14.3778,0.8,0,1
31239,bullet4,14.6409,15.6,0.8,0,1
31239,bullet5,6.08319,14.4289,0.8,0,1
31241,flyer2,4.34046,12.6691,-0.243191,0.175665,2
31241,bullet2,10.6409,14.9887,0.8,0,1
31242,player,1.28987,14.0353,-0.337615,-0.337615,1
31242,bullet3,6.03237,14.3778,0.8,0,1
31243,bullet6,1.53794,13.8834,0.8,0,1
31244,bullet5,10.0832,14.4289,0.8,0,1
31246,flyer2,3.12451,13.5474,-0.243191,0.175665,1
31246,bullet2,14.6409,14.9887,0.8,0,1
31247,player,1.01873,13.4267,-0.00622994,-0.34373,1
31247,bullet3,10.0324,14.3778,0.8,0,1
31249,bullet5,14.0832,14.4289,0.8,0,1
31250,flyer1,16.5,3.88584,-0.3,0,2
31250,bullet1,0.856382,13.1711,0.8,0,1
31251,flyer2,1.90855,14.4257,-0.243191,0.175665,1
31252,player,0.411417,13.1506,-0.0139546,-0.00634278,1
31252,bullet3,14.0324,14.3778,0.8,0,1
31252,bullet4,0.811417,13.1506,0.8,0,1
31253,bullet6,0.805138,13.1478,0.8,0,1
31255,flyer1,15,3.88584,-0.3,0,2
31255,bullet1,4.85638,13.1711,0.8,0,1
31255,bullet2,0.80104,13.1459,0.8,0,1
31256,flyer2,0.692597,15.3041,-0.243191,0.175665,1
31257,player,0.400211,13.1455,-0.000257501,-0.000117042,1
31257,bullet4,4.81142,13.1506,0.8,0,1
31258,bullet6,4.80514,13.1478,0.8,0,1
31260,flyer1,13.5,3.88584,-0.3,0,2
31260,bullet1,8.85638,13.1711,0.8,0,1
31260,bullet2,4.80104,13.1459,0.8,0,1
31262,player,0.957723,13.6348,0.068339,0.151873,1
31262,bullet4,8.81142,13.1506,0.8,0,1
31263,bullet6,8.80514,13.1478,0.8,0,1
31265,flyer1,12,3.88584,-0.3,0,2
31265,bullet1,12.8564,13.1711,0.8,0,1
31265,bullet2,8.80104,13.1459,0.8,0,1
31267,player,1.83948,13.7568,0.490636,0.00280248,1
31267,bullet4,12.8114,13.1506,0.8,0,1
31268,bullet6,12.8051,13.1478,0.8,0,1
31270,flyer1,10.5,3.88584,-0.3,0,2
31270,bullet2,12.801,13.1459,0.8,0,1
31270,bullet5,2.60433,13.7589,0.8,0,1
31272,player,2.2335,13.759,0.00905362,5.17137e-05,1
31273,flyer3,16.5,14.2722,-0.239158,0.181117,2
31273,bullet3,2.63758,13.7591,0.8,0,1
31275,flyer1,9,3.88584,-0.3,0,2
31275,bullet5,6.60433,13.7589,0.8,0,1
31276,bullet1,3.19832,13.7591,0.8,0,1
31277,player,2.82925,13.7591,0.0309218,9.54262e-07,1
31277,bullet4,3.22925,13.7591,0.8,0,1
31278,flyer3,15.3042,15.1777,-0.239158,0.181117,2
31278,bullet3,6.63758,13.7591,0.8,0,1
31280,flyer1,7.5,3.88584,-0.3,0,2
31280,bullet5,10.6043,13.7589,0.8,0,1
31281,bullet1,7.19832,13.7591,0.8,0,1
31282,player,2.29636,14.3168,-0.0677732,0.0683438,1
31282,bullet4,7.22925,13.7591,0.8,0,1
31283,flyer3,14.1084,16.0833,-0.239158,0.181117,2
31283,bullet3,10.6376,13.7591,0.8,0,1
31285,flyer1,5.99999,3.88584,-0.3,0,2
31285,bullet5,14.6043,13.7589,0.8,0,1
31286,bullet1,11.1983,13.7591,0.8,0,1
31287,player,2.24193,14.3717,-0.00125061,0.00126113,1
31287,bullet4,11.2292,13.7591,0.8,0,1
31288,bullet3,14.6376,13.7591,0.8,0,1
31289,bullet6,2.64112,14.3725,0.8,0,1
31290,flyer1,4.49999,3.88584,-0.3,0,2
31291,bullet1,15.1983,13.7591,0.8,0,1
31291,bullet2,2.64095,14.3727,0.8,0,1
31292,player,2.24093,14.3727,-2.30772e-05,2.32715e-05,1
31292,bullet4,15.2292,13.7591,0.8,0,1
31293,bullet5,2.64092,14.3727,0.8,0,1
31294,bullet6,6.64112,14.3725,0.8,0,1
31295,flyer1,2.99999,3.88584,-0.3,0,2
31296,bullet2,6.64095,14.3727,0.8,0,1
31297,player,2.14181,14.3727,0.12112,4.29424e-07,1
31297,bullet3,2.54181,14.3727,0.8,0,1
31298,bullet5,6.64092,14.3727,0.8,0,1
31299,bullet6,10.6411,14.3725,0.8,0,1
31300,flyer1,1.49999,3.88584,-0.3,0,2
31301,bullet2,10.641,14.3727,0.8,0,1
31302,player,2.23908,14.3727,0.002235,7.92409e-09,1
31302,bullet3,6.54181,14.3727,0.8,0,1
31303,bullet5,10.6409,14.3727,0.8,0,1
31304,bullet6,14.6411,14.3725,0.8,0,1
31305,flyer1,-6.4373e-06,3.88584,-0.3,0,2
31306,bullet2,14.641,14.3727,0.8,0,1
31307,player,1.68316,13.4775,-0.0683025,-0.405844,1
31307,bullet3,10.5418,14.3727,0.8,0,1
31308,flyer4,16.5,14.2722,-0.249158,0.167094,2
31308,bullet5,14.6409,14.3727,0.8,0,1
31309,bullet1,2.03859,13.2127,0.8,0,1
31310,bullet4,2.03237,13.1757,0.8,0,1
31312,player,1.62831,13.1516,-0.00126037,-0.00748896,1
31312,bullet3,14.5418,14.3727,0.8,0,1
31312,bullet6,2.02831,13.1516,0.8,0,1
31314,bullet1,6.03859,13.2127,0.8,0,1
31315,bullet4,6.03237,13.1757,0.8,0,1
31315,bullet2,2.58509,13.7037,0.8,0,1
31317,player,1.89211,13.7479,-0.323684,0.0137014,1
31317,bullet6,6.02831,13.1516,0.8,0,1
31319,bullet1,10.0386,13.2127,0.8,0,1
31320,bullet4,10.0324,13.1757,0.8,0,1
31320,bullet2,6.58509,13.7037,0.8,0,1
31322,player,1.02985,13.1566,-0.0198125,-0.0135868,1
31322,bullet6,10.0283,13.1516,0.8,0,1
31324,bullet1,14.0386,13.2127,0.8,0,1
31325,bullet4,14.0324,13.1757,0.8,0,1
31325,bullet2,10.5851,13.7037,0.8,0,1
31327,player,0.676437,12.8082,-0.337866,-0.337751,1
31327,flyer5,16.5,14.2722,-0.3,0,2
31327,bullet6,14.0283,13.1516,0.8,0,1
31328,flyer6,16.5,14.2722,-0.2169,-0.207255,2
31328,bullet5,0.924397,12.6562,0.8,0,1
31330,bullet2,14.5851,13.7037,0.8,0,1
31331,bullet3,0.811337,12.0538,0.8,0,1
31332,player,0.405102,11.9792,-0.00623457,-0.0745762,1
31332,flyer5,15,14.2722,-0.3,0,2
31333,bullet5,4.9244,12.6562,0.8,0,1
31336,bullet3,4.81134,12.0538,0.8,0,1
31337,player,0.513034,12.5078,-0.13815,0.0293785,1
31337,flyer5,13.5,14.2722,-0.3,0,2
31337,flayer7,16.5,14.2722,-0.245376,-0.172599,2
31338,bullet5,8.9244,12.6562,0.8,0,1
31341,bullet3,8.81134,12.0538,0.8,0,1
31342,player,0.4,12.9761,0,0.206921,1
31342,flyer5,12,14.2722,-0.3,0,2
31342,flayer7,15.2731,13.4092,-0.245376,-0.172599,2
31343,bullet5,12.9244,12.6562,0.8,0,1
31344,bullet1,0.8,12.6218,0.8,0,1
31346,bullet3,12.8113,12.0538,0.8,0,1
31347,player,0.4,12.54,0,-0.0100213,1
31347,flyer5,10.5,14.2722,-0.3,0,2
31347,flayer7,14.0462,12.5462,-0.245376,-0.172599,0
31349,bullet1,4.8,12.6218,0.8,0,1
31352,player,0.4,11.6787,-0,0.292721,1
31352,flyer5,9,14.2722,-0.3,0,2
31352,flayer8,16.5,15.2915,-0.3,0,2
31353,flyer2,16.5,2.12217,-0.299046,-0.023904,2
31354,bullet1,8.8,12.6218,0.8,0,1
31354,bullet4,0.8,11.8697,0.8,0,1
31357,player,0.4,11.9138,0,0.00540152,1
31357,flyer5,7.5,14.2722,-0.3,0,2
31357,flayer8,15,15.2915,-0.3,0,2
31357,bullet6,0.8,11.9138,0.8,0,1
31358,flyer2,15.0048,2.00265,-0.299046,-0.023904,2
31359,bullet1,12.8,12.6218,0.8,0,1
31359,bullet4,4.8,11.8697,0.8,0,1
31359,bullet2,0.8,11.9173,0.8,0,1
31362,player,0.7375,11.5806,0.3375,-0.3374,1
31362,flyer5,5.99999,14.2722,-0.3,0,2
31362,flayer8,13.5,15.2915,-0.3,0,2
31362,bullet6,4.8,11.9138,0.8,0,1
31363,flyer2,13.5095,1.88313,-0.299046,-0.023904,2
31364,bullet4,8.8,11.8697,0.8,0,1
31364,bullet2,4.8,11.9173,0.8,0,1
31366,bullet5,1.40231,10.7581,0.8,0,1
31367,player,1.00854,10.7212,0.00622782,-0.0369807,1
31367,flyer5,4.49999,14.2722,-0.3,0,2
31367,flayer8,12,15.2915,-0.3,0,2
31367,bullet6,8.8,11.9138,0.8,0,1
31368,flyer2,12.0143,1.76361,-0.299046,-0.023904,2
31369,bullet4,12.8,11.8697,0.8,0,1
31369,bullet2,8.8,11.9173,0.8,0,1
31371,bullet5,5.40231,10.7581,0.8,0,1
31372,player,1.01354,10.1337,0.000114921,-0.0690261,1
31372,flyer5,2.99999,14.2722,-0.3,0,2
31372,flayer8,10.5,15.2915,-0.3,0,2
31372,bullet6,12.8,11.9138,0.8,0,1
31373,flyer2,10.5191,1.64409,-0.299046,-0.023904,2
31374,bullet2,12.8,11.9173,0.8,0,1
31375,bullet3,0.0559095,10.6401,-0.8,-6.99382e-08,1
31376,bullet5,9.40231,10.7581,0.8,0,1
31377,player,0.4,10.6806,-0,0.0125659,1
31377,flyer5,1.49999,14.2722,-0.3,0,2
31377,flayer8,9,15.2915,-0.3,0,2
31378,flyer2,9.02384,1.52457,-0.299046,-0.023904,2
31381,bullet5,13.4023,10.7581,0.8,0,1
31382,player,0.512938,11.7378,-0.138035,0.220451,1
31382,flyer5,-6.4373e-06,14.2722,-0.3,0,2
31382,flayer8,7.5,15.2915,-0.3,0,2
31383,flyer2,7.52861,1.40505,-0.299046,-0.023904,2
31383,bullet1,0.850822,11.837,0.8,0,1
31385,flyer3,16.5,2.12217,-0.3,0,2
31385,bullet4,0.810292,11.9017,0.8,0,1
31386,bullet3,0.804631,11.9108,0.8,0,1
31387,player,0.402084,11.9148,-0.00254714,0.00406793,1
31387,flayer8,5.99999,15.2915,-0.3,0,2
31388,flyer2,6.03338,1.28553,-0.299046,-0.023904,2
31388,bullet1,4.85082,11.837,0.8,0,1
31389,bullet6,0.800422,11.4281,0.8,0,1
31390,flyer3,15,2.12217,-0.3,0,2
31390,bullet4,4.81029,11.9017,0.8,0,1
31391,bullet3,4.80463,11.9108,0.8,0,1
31392,player,0.400039,11.3158,-4.70019e-05,-0.0137645,1
31392,flayer8,4.49999,15.2915,-0.3,0,2
31393,flyer2,4.53815,1.16601,-0.299046,-0.023904,2
31393,bullet1,8.85082,11.837,0.8,0,1
31394,bullet6,4.80042,11.4281,0.8,0,1
31395,flyer3,13.5,2.12217,-0.3,0,2
31395,bullet4,8.81029,11.9017,0.8,0,1
31396,bullet3,8.80463,11.9108,0.8,0,1
31397,player,0.400001,11.7941,-8.67317e-07,0.151621,1
31397,flayer8,2.99999,15.2915,-0.3,0,2
31398,flyer2,3.04292,1.04649,-0.299046,-0.023904,2
31398,bullet1,12.8508,11.837,0.8,0,1
31399,bullet6,8.80042,11.4281,0.8,0,1
31400,flyer3,12,2.12217,-0.3,0,2
31400,bullet4,12.8103,11.9017,0.8,0,1
31401,bullet3,12.8046,11.9108,0.8,0,1
31402,player,0.4,12.8419,-0,0.371053,1
31402,flayer8,1.49999,15.2915,-0.3,0,2
31403,flyer2,1.54769,0.926971,-0.299046,-0.023904,2
31404,bullet6,12.8004,11.4281,0.8,0,1
31404,bullet2,0.8,13.084,0.8,0,1
31405,flyer3,10.5,2.12217,-0.3,0,2
31405,bullet5,0.8,13.1178,0.8,0,1
31407,player,0.7375,13.4773,0.3375,0.344347,1
31407,flayer8,-6.4373e-06,15.2915,-0.3,0,2
31408,flyer2,0.0524546,0.807451,-0.299046,-0.023904,2
31409,bullet2,4.8,13.084,0.8,0,1
31410,flyer3,9,2.12217,-0.3,0,2
31410,flyer1,16.5,2.12217,-0.219347,-0.204663,2
31410,bullet5,4.8,13.1178,0.8,0,1
31410,bullet1,1.38847,13.244,0.8,0,1
31412,player,1.00854,12.8279,0.00622782,-0.361901,1
31413,bullet4,1.41134,12.6651,0.8,0,1
31414,bullet2,8.8,13.084,0.8,0,1
31415,flyer3,7.5,2.12217,-0.3,0,2
31415,flyer1,15.4033,1.09886,-0.219347,-0.204663,2
31415,bullet5,8.8,13.1178,0.8,0,1
31415,bullet1,5.38847,13.244,0.8,0,1
31417,player,0.455824,13.095,-0.0682288,0.0616657,1
31418,bullet4,5.41134,12.6651,0.8,0,1
31419,bullet2,12.8,13.084,0.8,0,1
31420,flyer3,5.99999,2.12217,-0.3,0,2
31420,flyer1,14.3065,0.0755425,-0.219347,-0.204663,2
31420,bullet5,12.8,13.1178,0.8,0,1
31420,bullet1,9.38847,13.244,0.8,0,1
31422,player,0.4,13.1445,0,0.0011379,1
31423,bullet4,9.41134,12.6651,0.8,0,1
31424,bullet3,0.8,12.6559,0.8,0,1
31425,flyer3,4.49999,2.12217,-0.3,0,2
31425,bullet1,13.3885,13.244,0.8,0,1
31427,player,0.4,13.0325,0,0.138056,1
31428,bullet4,13.4113,12.6651,0.8,0,1
31429,flyer4,16.5,9.70648,-0.3,0,2
31429,bullet3,4.8,12.6559,0.8,0,1
31430,flyer3,2.99999,2.12217,-0.3,0,2
31430,bullet6,0.8,13.6929,0.8,0,1
31432,player,0.4,14.2351,0,0.168262,1
31433,bullet2,0.8,14.3108,0.8,0,1
31434,flyer4,15,9.70648,-0.3,0,2
31434,bullet3,8.8,12.6559,0.8,0,1
31434,bullet5,0.8,14.3448,0.8,0,1
31435,flyer3,1.49999,2.12217,-0.3,0,2
31435,bullet6,4.8,13.6929,0.8,0,1
31437,player,0.7375,13.8808,0.3375,-0.14877,1
31438,bullet2,4.8,14.3108,0.8,0,1
31439,flyer4,13.5,9.70648,-0.3,0,2
31439,bullet3,12.8,12.6559,0.8,0,1
31439,bullet5,4.8,14.3448,0.8,0,1
31440,flyer3,-6.4373e-06,2.12217,-0.3,0,2
31440,bullet6,8.8,13.6929,0.8,0,1
31442,player,1.49792,13.4238,0.158103,-0.340245,1
31443,bullet2,8.8,14.3108,0.8,0,1
31444,flyer4,12,9.70648,-0.3,0,2
31444,bullet5,8.8,14.3448,0.8,0,1
31445,bullet6,12.8,13.6929,0.8,0,1
31447,player,1.28739,12.5621,-0.334583,-0.0370332,1
31448,bullet2,12.8,14.3108,0.8,0,1
31449,flyer4,10.5,9.70648,-0.3,0,2
31449,bullet5,12.8,14.3448,0.8,0,1
31450,flyer6,16.5,9.70648,-0.296098,0.0482272,2
31452,player,1.11779,13.6102,-0.127294,0.181946,1
31452,bullet1,1.51779,13.6102,0.8,0,1
31454,flyer4,9,9.70648,-0.3,0,2
31454,flayer7,16.5,9.70648,-0.255669,-0.15695,2
31454,bullet4,1.43473,13.7289,0.8,0,1
31455,flyer6,15.0195,9.94762,-0.296098,0.0482272,2
31455,bullet3,1.42313,13.7455,0.8,0,1
31457,player,1.01556,13.7563,-0.00234894,0.00335742,1
31457,bullet1,5.51779,13.6102,0.8,0,1
31457,bullet6,1.41556,13.7563,0.8,0,1
31459,flyer4,7.5,9.70648,-0.3,0,2
31459,flayer7,15.2217,8.92173,-0.255669,-0.15695,2
31459,bullet4,5.43473,13.7289,0.8,0,1
31460,flyer6,13.539,10.1888,-0.296098,0.0482272,2
31460,bullet3,5.42313,13.7455,0.8,0,1
31462,player,1.01367,13.759,-4.33445e-05,6.19539e-05,1
31462,bullet1,9.51779,13.6102,0.8,0,1
31462,bullet6,5.41556,13.7563,0.8,0,1
31464,flyer4,5.99999,9.70648,-0.3,0,2
31464,flayer7,13.9433,8.13698,-0.255669,-0.15695,2
31464,bullet4,9.43473,13.7289,0.8,0,1
31465,flyer6,12.0585,10.4299,-0.296098,0.0482272,2
31465,bullet3,9.42313,13.7455,0.8,0,1
31467,player,0.7375,13.7145,0.3375,0.0545053,1
31467,bullet1,13.5178,13.6102,0.8,0,1
31467,bullet6,9.41556,13.7563,0.8,0,1
31469,flyer4,4.49999,9.70648,-0.3,0,2
31469,flayer7,12.665,7.35223,-0.255669,-0.15695,2
31469,bullet4,13.4347,13.7289,0.8,0,1
31470,flyer6,10.578,10.671,-0.296098,0.0482272,2
31470,bullet3,13.4231,13.7455,0.8,0,1
31472,player,1.93451,13.4208,0.374483,-0.336494,1
31472,bullet6,13.4156,13.7563,0.8,0,1
31474,flyer4,2.99999,9.70648,-0.3,0,2
31474,flayer7,11.3866,6.56748,-0.255669,-0.15695,2
31475,flyer6,9.09756,10.9122,-0.296098,0.0482272,2
31475,bullet2,3.17071,13.7283,0.8,0,1
31476,bullet5,3.21682,13.7452,0.8,0,1
31477,player,2.83757,13.7528,0.0207499,0.00763034,1
31479,flyer4,1.49999,9.70648,-0.3,0,2
31479,flayer7,10.1083,5.78273,-0.255669,-0.15695,2
31480,flyer6,7.61707,11.1533,-0.296098,0.0482272,2
31480,bullet2,7.17071,13.7283,0.8,0,1
31481,bullet5,7.21682,13.7452,0.8,0,1
31482,player,1.32595,13.4076,-0.381711,-0.320444,1
31484,flyer4,-6.4373e-06,9.70648,-0.3,0,2
31484,flayer7,8.82994,4.99798,-0.255669,-0.15695,2
31485,flyer6,6.13657,11.3944,-0.296098,0.0482272,2
31485,bullet2,11.1707,13.7283,0.8,0,1
31485,bullet1,1.4421,12.6116,0.8,0,1
31486,bullet5,11.2168,13.7452,0.8,0,1
31486,bullet4,1.42644,12.5677,0.8,0,1
31487,player,1.0194,12.548,-0.00704365,-0.0197527,1
31489,flayer7,7.5516,4.21323,-0.255669,-0.15695,2
31490,flyer6,4.65608,11.6356,-0.296098,0.0482272,2
31490,bullet2,15.1707,13.7283,0.8,0,1
31490,bullet1,5.4421,12.6116,0.8,0,1
31491,bullet5,15.2168,13.7452,0.8,0,1
31491,bullet4,5.42644,12.5677,0.8,0,1
31492,player,0.524368,12.5321,-0.152005,-0.000364493,1
31492,bullet3,0.924368,12.5321,0.8,0,1
31494,flayer7,6.27325,3.42848,-0.255669,-0.15695,2
31494,bullet6,0.825185,12.5319,0.8,0,1
31495,flyer6,3.17559,11.8767,-0.296098,0.0482272,1
31495,bullet1,9.4421,12.6116,0.8,0,1
31496,bullet4,9.42644,12.5677,0.8,0,1
31497,player,0.89167,12.0424,0.14907,-0.151882,1
31498,bullet2,1.35875,11.9741,0.8,0,1
31499,flayer7,4.99491,2.64373,-0.255669,-0.15695,2
31499,bullet5,1.38894,11.9433,0.8,0,1
31500,bullet1,13.4421,12.6116,0.8,0,1
31501,bullet4,13.4264,12.5677,0.8,0,1
31502,player,1.50076,11.9205,0.154626,-0.00280264,1
31503,bullet2,5.35875,11.9741,0.8,0,1
31504,flayer7,3.71656,1.85898,-0.255669,-0.15695,2
31504,bullet5,5.38894,11.9433,0.8,0,1
31504,bullet3,2.00165,11.9186,0.8,0,1
31507,player,2.18266,11.3605,0.071197,-0.0683955,1
31507,bullet6,2.58266,11.3605,0.8,0,1
31508,bullet2,9.35875,11.9741,0.8,0,1
31509,flayer7,2.43821,1.07423,-0.255669,-0.15695,2
31509,bullet5,9.38894,11.9433,0.8,0,1
31509,bullet3,6.00165,11.9186,0.8,0,1
31512,player,2.57733,11.6431,0.338814,0.336238,1
31512,bullet6,6.58266,11.3605,0.8,0,1
31513,bullet2,13.3588,11.9741,0.8,0,1
31514,flayer7,1.15987,0.289479,-0.255669,-0.15695,2
31514,bullet5,13.3889,11.9433,0.8,0,1
31514,bullet3,10.0017,11.9186,0.8,0,1
31517,player,3.4379,12.5016,0.0370068,0.0369592,1
31517,bullet6,10.5827,11.3605,0.8,0,1
31517,bullet1,3.8379,12.5016,0.8,0,1
31519,flayer7,-0.118477,-0.495271,-0.255669,-0.15695,2
31519,bullet3,14.0017,11.9186,0.8,0,1
31520,flyer5,16.5,11.321,-0.3,0,2
31521,bullet4,3.86694,13.119,0.8,0,1
31522,player,3.13012,13.1335,-0.336817,0.0145216,1
31522,bullet6,14.5827,11.3605,0.8,0,1
31522,bullet1,7.8379,12.5016,0.8,0,1
31525,bullet2,2.79028,13.6337,0.8,0,1
31526,bullet4,7.86694,13.119,0.8,0,1
31527,player,1.93366,13.7337,-0.37447,0.0310227,1
31527,bullet1,11.8379,12.5016,0.8,0,1
31528,bullet5,2.16515,13.7476,0.8,0,1
31530,bullet2,6.79028,13.6337,0.8,0,1
31531,bullet4,11.8669,13.119,0.8,0,1
31532,player,1.97043,14.3163,0.33059,0.0689162,1
31532,bullet1,15.8379,12.5016,0.8,0,1
31533,flayer8,16.5,9.70648,-0.3,0,2
31533,bullet5,6.16515,13.7476,0.8,0,1
31533,bullet3,2.51919,14.3473,0.8,0,1
31535,bullet2,10.7903,13.6337,0.8,0,1
31536,bullet4,15.8669,13.119,0.8,0,1
31537,player,2.23592,13.8139,0.00610032,-0.067072,1
31537,bullet6,2.63592,13.8139,0.8,0,1
31538,flayer8,15,9.70648,-0.3,0,2
31538,bullet5,10.1651,13.7476,0.8,0,1
31538,bullet3,6.51919,14.3473,0.8,0,1
31540,bullet2,14.7903,13.6337,0.8,0,1
31542,player,2.30916,13.6471,-0.0834187,0.136798,1
31542,bullet6,6.63592,13.8139,0.8,0,1
31543,flayer8,13.5,9.70648,-0.3,0,2
31543,bullet5,14.1651,13.7476,0.8,0,1
31543,bullet3,10.5192,14.3473,0.8,0,1
31543,bullet1,2.67162,13.7087,0.8,0,1
31546,bullet4,2.64371,13.7545,0.8,0,1
31547,player,2.24217,13.757,-0.00153931,0.0025243,1
31547,bullet6,10.6359,13.8139,0.8,0,1
31548,flayer8,12,9.70648,-0.3,0,2
31548,bullet3,14.5192,14.3473,0.8,0,1
31548,bullet1,6.67162,13.7087,0.8,0,1
31551,bullet4,6.64371,13.7545,0.8,0,1
31551,bullet2,2.05249,14.9052,0.8,0,1
31552,player,1.63862,14.9498,-0.013868,0.0446409,1
31552,bullet6,14.6359,13.8139,0.8,0,1
31553,flayer8,10.5,9.70648,-0.3,0,2
31553,bullet1,10.6716,13.7087,0.8,0,1
31556,bullet4,10.6437,13.7545,0.8,0,1
31556,bullet2,6.05249,14.9052,0.8,0,1
31557,player,0.4,15.6,-0.260193,0,1
31558,flayer8,9,9.70648,-0.3,0,2
31558,bullet1,14.6716,13.7087,0.8,0,1
31559,bullet5,0.8,15.6,0.8,0,1
31561,bullet4,14.6437,13.7545,0.8,0,1
31561,bullet2,10.0525,14.9052,0.8,0,1
31562,player,0.4,15.6,0,0,1
31562,bullet3,0.8,15.6,0.8,0,1
31563,flayer8,7.5,9.70648,-0.3,0,2
31564,bullet5,4.8,15.6,0.8,0,1
31565,bullet6,0.8,15.6,0.8,0,1
31566,bullet2,14.0525,14.9052,0.8,0,1
31567,player,0.7375,15.6,0.3375,0,1
31567,bullet3,4.8,15.6,0.8,0,1
31568,flayer8,5.99999,9.70648,-0.3,0,2
31569,bullet5,8.8,15.6,0.8,0,1
31569,bullet1,1.35772,15.6,0.8,0,1
31570,bullet6,4.8,15.6,0.8,0,1
31572,player,1.00854,15.6,0.00622782,0,1
31572,bullet3,8.8,15.6,0.8,0,1
31573,flayer8,4.49999,9.70648,-0.3,0,2
31574,bullet5,12.8,15.6,0.8,0,1
31574,bullet1,5.35772,15.6,0.8,0,1
31575,bullet6,8.8,15.6,0.8,0,1
31577,player,0.968949,14.9977,0.0546191,-0.0138396,1
31577,bullet3,12.8,15.6,0.8,0,1
31578,flayer8,2.99999,9.70648,-0.3,0,2
31579,bullet1,9.35772,15.6,0.8,0,1
31580,bullet6,12.8,15.6,0.8,0,1
31580,bullet4,1.40956,14.9874,0.8,0,1
31582,player,1.01281,14.9866,0.00100788,-0.00025538,1
31582,bullet2,1.41281,14.9866,0.8,0,1
31583,flayer8,1.49999,9.70648,-0.3,0,2
31584,bullet1,13.3577,15.6,0.8,0,1
31585,bullet4,5.40956,14.9874,0.8,0,1
31586,bullet5,1.90298,15.4757,0.8,0,1
31587,player,1.57134,15.5441,0.0683623,0.068339,1
31587,bullet2,5.41281,14.9866,0.8,0,1
31588,flayer8,-6.4373e-06,9.70648,-0.3,0,2
31589,bullet3,2.01595,15.5887,0.8,0,1
31590,bullet4,9.40957,14.9874,0.8,0,1
31591,bullet5,5.90298,15.4757,0.8,0,1
31592,player,1.28874,15.6,-0.336239,0,1
31592,bullet2,9.41281,14.9866,0.8,0,1
31594,bullet3,6.01595,15.5887,0.8,0,1
31595,bullet4,13.4096,14.9874,0.8,0,1
31596,bullet5,9.90298,15.4757,0.8,0,1
31597,player,1.01871,15.6,-0.00620455,0,1
31597,bullet2,13.4128,14.9866,0.8,0,1
31599,flyer2,16.5,11.321,-0.283016,-0.0995076,2
31599,bullet3,10.0159,15.5887,0.8,0,1
31599,bullet6,1.41467,15.6,0.8,0,1
31601,bullet5,13.903,15.4757,0.8,0,1
31601,bullet1,0.613845,15.6,-0.8,-6.99382e-08,1
31602,player,1.01373,15.6,-0.000114491,0,1
31604,flyer2,15.0849,10.8235,-0.283016,-0.0995076,2
31604,bullet3,14.0159,15.5887,0.8,0,1
31604,bullet6,5.41467,15.6,0.8,0,1
31605,flyer1,16.5,8.11017,-0.3,0,2
31607,player,0.645385,15.6,-0.299913,0,1
31607,flyer3,16.5,8.11017,-0.3,0,2
31609,flyer2,13.6698,10.326,-0.283016,-0.0995076,2
31609,bullet6,9.41467,15.6,0.8,0,1
31610,flyer1,15,8.11017,-0.3,0,2
31610,bullet4,0.822362,15.6,0.8,0,1
31612,player,0.404529,15.6,-0.00553424,0,1
31612,flyer3,15,8.11017,-0.3,0,2
31612,bullet2,0.804529,15.6,0.8,0,1
31614,flyer2,12.2548,9.82844,-0.283016,-0.0995076,2
31614,bullet6,13.4147,15.6,0.8,0,1
31614,bullet1,0.800918,15.6,0.8,0,1
31615,flyer1,13.5,8.11017,-0.3,0,2
31615,bullet4,4.82236,15.6,0.8,0,1
31617,player,0.737585,15.6,0.337398,0,1
31617,flyer3,13.5,8.11017,-0.3,0,2
31617,bullet2,4.80453,15.6,0.8,0,1
31618,bullet5,1.28941,15.6,0.8,0,1
31619,flyer2,10.8397,9.3309,-0.283016,-0.0995076,2
31619,bullet1,4.80092,15.6,0.8,0,1
31620,flyer1,12,8.11017,-0.3,0,2
31620,bullet4,8.82236,15.6,0.8,0,1
31622,player,0.450825,15.6,-0.0621178,0,1
31622,flyer3,12,8.11017,-0.3,0,2
31622,bullet2,8.80453,15.6,0.8,0,1
31623,bullet5,5.28941,15.6,0.8,0,1
31624,flyer2,9.42459,8.83336,-0.283016,-0.0995076,2
31624,bullet1,8.80092,15.6,0.8,0,1
31625,flyer1,10.5,8.11017,-0.3,0,2
31625,bullet4,12.8224,15.6,0.8,0,1
31627,player,0.4,15.1106,0,-0.151875,1
31627,flyer3,10.5,8.11017,-0.3,0,2
31627,bullet2,12.8045,15.6,0.8,0,1
31628,bullet5,9.28941,15.6,0.8,0,1
31629,flyer2,8.00951,8.33583,-0.283016,-0.0995076,2
31629,bullet1,12.8009,15.6,0.8,0,1
31630,flyer1,9,8.11017,-0.3,0,2
31631,bullet3,1.38847,14.9915,0.8,0,1
31632,player,1.00231,14.9887,0.0138396,-0.00280252,1
31632,flyer3,9,8.11017,-0.3,0,2
31633,bullet5,13.2894,15.6,0.8,0,1
31633,bullet6,1.40854,14.9874,0.8,0,1
31634,flyer2,6.59443,7.83829,-0.283016,-0.0995076,2
31634,bullet4,1.41134,14.9868,0.8,0,1
31635,flyer1,7.5,8.11017,-0.3,0,2
31636,bullet3,5.38847,14.9915,0.8,0,1
31637,player,1.5028,14.497,0.15213,-0.151927,1
31637,flyer3,7.5,8.11017,-0.3,0,2
31638,bullet6,5.40854,14.9874,0.8,0,1
31639,flyer2,5.17935,7.34075,-0.283016,-0.0995076,2
31639,bullet4,5.41134,14.9868,0.8,0,1
31640,flyer1,5.99999,8.11017,-0.3,0,2
31640,bullet2,1.45821,14.9418,0.8,0,1
31641,bullet3,9.38847,14.9915,0.8,0,1
31642,player,1.02266,14.9773,-0.0110324,0.0110361,1
31642,flyer3,5.99999,8.11017,-0.3,0,2
31643,bullet6,9.40854,14.9874,0.8,0,1
31644,flyer2,3.76427,6.84321,-0.283016,-0.0995076,2
31644,bullet4,9.41134,14.9868,0.8,0,1
31645,flyer1,4.49999,8.11017,-0.3,0,2
31645,bullet2,5.45821,14.9418,0.8,0,1
31646,bullet3,13.3885,14.9915,0.8,0,1
31647,player,1.3513,14.9862,0.337296,0.000203648,1
31647,flyer3,4.49999,8.11017,-0.3,0,2
31648,bullet6,13.4085,14.9874,0.8,0,1
31649,flyer2,2.34919,6.34567,-0.283016,-0.0995076,2
31649,bullet4,13.4113,14.9868,0.8,0,1
31650,flyer1,2.99999,8.11017,-0.3,0,2
31650,bullet2,9.45821,14.9418,0.8,0,1
31652,player,1.06446,14.4286,-0.0621197,-0.06834,1
31652,flyer3,2.99999,8.11017,-0.3,0,2
31654,flyer2,0.934108,5.84813,-0.283016,-0.0995076,2
31654,bullet1,0.623929,14.384,-0.8,-6.99382e-08,1
31655,flyer1,1.49999,8.11017,-0.3,0,2
31655,bullet2,13.4582,14.9418,0.8,0,1
31657,player,1.16645,13.5469,-0.186771,-0.490636,1
31657,flyer3,1.49999,8.11017,-0.3,0,2
31659,flyer2,-0.480973,5.35059,-0.283016,-0.0995076,2
31659,flyer4,16.5,8.11017,-0.296965,0.0425659,2
31659,bullet5,1.44458,13.2267,0.8,0,1
31660,flyer1,-6.4373e-06,8.11017,-0.3,0,2
31662,player,1.01646,13.1529,-0.00344646,-0.00905362,1
31662,flyer3,-6.4373e-06,8.11017,-0.3,0,2
31662,flyer6,16.5,10.9247,-0.3,0,2
31662,bullet3,1.41646,13.1529,0.8,0,1
31663,bullet6,1.41491,13.1488,0.8,0,1
31664,flyer4,15.0152,8.323,-0.296965,0.0425659,2
31664,bullet5,5.44458,13.2267,0.8,0,1
31667,player,1.57141,12.5879,0.0682802,-0.0685108,1
31667,flyer6,15,10.9247,-0.3,0,2
31667,bullet3,5.41646,13.1529,0.8,0,1
31668,bullet6,5.41491,13.1488,0.8,0,1
31669,flyer4,13.5304,8.53583,-0.296965,0.0425659,2
31669,bullet5,9.44458,13.2267,0.8,0,1
31672,player,1.37527,12.5636,0.308005,-0.0388533,1
31672,flyer6,13.5,10.9247,-0.3,0,2
31672,bullet3,9.41646,13.1529,0.8,0,1
31673,bullet6,9.41491,13.1488,0.8,0,1
31674,flyer4,12.0455,8.74866,-0.296965,0.0425659,2
31674,bullet5,13.4446,13.2267,0.8,0,1
31677,player,2.18034,13.1209,0.0740273,0.0300377,1
31677,flyer6,12,10.9247,-0.3,0,2
31677,bullet3,13.4165,13.1529,0.8,0,1
31677,bullet4,1.78034,13.1209,-0.8,-6.99382e-08,1
31678,bullet6,13.4149,13.1488,0.8,0,1
31679,flyer4,10.5607,8.9615,-0.296965,0.0425659,2
31680,bullet1,2.63539,13.6326,0.8,0,1
31682,player,2.23979,13.7335,0.00136601,0.031309,1
31682,flyer6,10.5,10.9247,-0.3,0,2
31682,flayer7,16.5,10.9247,-0.21928,-0.204735,2
31682,bullet2,2.63979,13.7335,0.8,0,1
31684,flyer4,9.07588,9.17433,-0.296965,0.0425659,2
31684,bullet5,2.64068,13.7539,0.8,0,1
31685,bullet1,6.63539,13.6326,0.8,0,1
31685,bullet4,2.64081,13.7568,0.8,0,1
31687,player,2.24089,13.7586,2.52068e-05,0.000577739,1
31687,flyer6,9,10.9247,-0.3,0,2
31687,flayer7,15.4036,9.90102,-0.21928,-0.204735,2
31687,bullet2,6.63979,13.7335,0.8,0,1
31689,flyer4,7.59106,9.38716,-0.296965,0.0425659,2
31689,bullet5,6.64068,13.7539,0.8,0,1
31690,bullet1,10.6354,13.6326,0.8,0,1
31690,bullet4,6.64081,13.7568,0.8,0,1
31692,player,2.82938,12.8331,0.0307552,-0.368244,1
31692,flyer6,7.5,10.9247,-0.3,0,2
31692,flayer7,14.3072,8.87734,-0.21928,-0.204735,2
31692,bullet2,10.6398,13.7335,0.8,0,1
31694,flyer4,6.10623,9.59999,-0.296965,0.0425659,2
31694,bullet5,10.6407,13.7539,0.8,0,1
31695,bullet1,14.6354,13.6326,0.8,0,1
31695,bullet4,10.6408,13.7568,0.8,0,1
31697,player,2.25177,12.5374,-0.0132721,-0.00679514,1
31697,flyer6,5.99999,10.9247,-0.3,0,2
31697,flayer7,13.2108,7.85367,-0.21928,-0.204735,2
31697,bullet2,14.6398,13.7335,0.8,0,1
31699,flyer4,4.62141,9.81282,-0.296965,0.0425659,2
31699,bullet5,14.6407,13.7539,0.8,0,1
31700,bullet4,14.6408,13.7568,0.8,0,1
31702,player,1.65264,12.5627,-0.0309996,-0.0377145,1
31702,flyer6,4.49999,10.9247,-0.3,0,2
31702,flayer7,12.1144,6.82999,-0.21928,-0.204735,2
31702,bullet3,2.05264,12.5627,0.8,0,1
31704,flyer4,3.13658,10.0257,-0.296965,0.0425659,2
31706,bullet6,2.58603,13.0908,0.8,0,1
31707,player,2.55371,12.7833,0.367683,-0.307441,1
31707,flyer6,2.99999,10.9247,-0.3,0,2
31707,flayer7,11.018,5.80631,-0.21928,-0.204735,2
31707,bullet3,6.05264,12.5627,0.8,0,1
31709,flyer4,1.65176,10.2385,-0.296965,0.0425659,2
31711,bullet6,6.58603,13.0908,0.8,0,1
31712,player,3.33837,13.1249,0.15866,0.0250815,1
31712,flyer6,1.49999,10.9247,-0.3,0,2
31712,flayer7,9.92162,4.78264,-0.21928,-0.204735,2
31712,bullet3,10.0526,12.5627,0.8,0,1
31712,bullet1,3.73837,13.1249,0.8,0,1
31714,flyer4,0.166935,10.4513,-0.296965,0.0425659,2
31714,bullet2,3.84189,13.1413,0.8,0,1
31716,bullet6,10.586,13.0908,0.8,0,1
31717,player,3.46579,13.1451,0.00292772,0.000462825,1
31717,flyer6,-6.4373e-06,10.9247,-0.3,0,2
31717,flayer7,8.82522,3.75896,-0.21928,-0.204735,2
31717,bullet3,14.0526,12.5627,0.8,0,1
31717,bullet1,7.73837,13.1249,0.8,0,1
31719,bullet2,7.8419,13.1413,0.8,0,1
31721,bullet6,14.586,13.0908,0.8,0,1
31722,player,4.05661,13.7339,0.0308087,0.0307632,1
31722,flayer7,7.72883,2.73529,-0.21928,-0.204735,2
31722,bullet1,11.7384,13.1249,0.8,0,1
31724,flyer5,16.5,14.3568,-0.3,0,2
31724,bullet2,11.8419,13.1413,0.8,0,1
31727,player,4.23323,13.5929,-0.185056,0.203108,1
31727,flayer7,6.63243,1.71161,-0.21928,-0.204735,2
31727,bullet1,15.7384,13.1249,0.8,0,1
31728,flayer8,16.5,14.3568,-0.3,0,2
31729,flyer5,15,14.3568,-0.3,0,2
31729,bullet2,15.8419,13.1413,0.8,0,1
31730,flyer2,16.5,11.4612,-0.3,0,2
31731,bullet5,3.93031,13.1945,0.8,0,1
31732,player,3.49614,13.1675,-0.0341695,-0.0270068,1
31732,flayer7,5.53603,0.687934,-0.21928,-0.204735,2
31733,flayer8,15,14.3568,-0.3,0,2
31733,bullet4,3.88076,13.1554,0.8,0,1
31734,flyer5,13.5,14.3568,-0.3,0,2
31734,bullet3,3.07385,13.1499,-0.8,-6.99382e-08,1
31735,flyer2,15,11.4612,-0.3,0,2
31736,bullet5,7.93031,13.1945,0.8,0,1
31737,player,2.97932,13.6352,-0.152506,0.151377,1
31737,flayer7,4.43963,-0.335742,-0.21928,-0.204735,2
31738,flayer8,13.5,14.3568,-0.3,0,2
31738,bullet4,7.88077,13.1554,0.8,0,1
31739,flyer5,12,14.3568,-0.3,0,2
31740,flyer2,13.5,11.4612,-0.3,0,2
31741,bullet5,11.9303,13.1945,0.8,0,1
31741,bullet6,3.22891,13.1963,0.8,0,1
31742,player,2.84301,13.1683,0.0141009,-0.0279614,1
31742,bullet1,2.44301,13.1683,-0.8,-6.99382e-08,1
31743,flayer8,12,14.3568,-0.3,0,2
31743,bullet4,11.8808,13.1554,0.8,0,1
31744,flyer5,10.5,14.3568,-0.3,0,2
31745,flyer2,12,11.4612,-0.3,0,2
31746,bullet5,15.9303,13.1945,0.8,0,1
31746,bullet6,7.22891,13.1963,0.8,0,1
31746,bullet2,2.69636,12.5887,0.8,0,1
31747,player,2.26586,12.5574,-0.0304945,-0.0312707,1
31748,flayer8,10.5,14.3568,-0.3,0,2
31748,bullet4,15.8808,13.1554,0.8,0,1
31748,bullet3,1.85214,12.5433,-0.8,-6.99382e-08,1
31749,flyer5,9,14.3568,-0.3,0,2
31750,flyer2,10.5,11.4612,-0.3,0,2
31751,bullet6,11.2289,13.1963,0.8,0,1
31751,bullet2,6.69636,12.5887,0.8,0,1
31752,player,1.68365,12.6006,-0.0689065,-0.0841083,1
31753,flayer8,9,14.3568,-0.3,0,2
31753,bullet1,2.05265,12.5628,0.8,0,1
31754,flyer5,7.5,14.3568,-0.3,0,2
31755,flyer2,9,11.4612,-0.3,0,2
31756,bullet6,15.2289,13.1963,0.8,0,1
31756,bullet2,10.6964,12.5887,0.8,0,1
31757,player,2.21679,12.5331,0.0294832,-0.00155203,1
31758,flayer8,7.5,14.3568,-0.3,0,2
31758,bullet1,6.05265,12.5628,0.8,0,1
31758,bullet5,2.63006,12.5324,0.8,0,1
31759,flyer5,5.99999,14.3568,-0.3,0,2
31760,flyer2,7.5,11.4612,-0.3,0,2
31761,bullet2,14.6964,12.5887,0.8,0,1
31762,player,3.28756,13.0212,0.220763,0.151846,1
31763,flayer8,5.99999,14.3568,-0.3,0,2
31763,bullet1,10.0526,12.5628,0.8,0,1
31763,bullet5,6.63006,12.5324,0.8,0,1
31763,bullet4,3.78691,13.0895,0.8,0,1
31764,flyer5,4.49999,14.3568,-0.3,0,2
31765,flyer2,5.99999,11.4612,-0.3,0,2
31765,bullet3,3.85173,13.1341,0.8,0,1
31767,player,3.46485,13.1432,0.00407369,0.00280199,1
31768,flayer8,4.49999,14.3568,-0.3,0,2
31768,bullet1,14.0526,12.5628,0.8,0,1
31768,bullet5,10.6301,12.5324,0.8,0,1
31768,bullet4,7.78691,13.0895,0.8,0,1
