296000,player,7.14017,8.39265,0,0,1
296005,player,7.74248,8.99497,0.0138396,0.0138396,1
296008,bullet1,7.59505,9.56298,0.8,0,1
296010,player,7.64065,10.0978,0.138291,0.16597,1
296013,bullet1,11.5951,9.56298,0.8,0,1
296015,player,8.08921,9.62875,0.340052,-0.010777,1
296018,bullet1,15.5951,9.56298,0.8,0,1
296020,player,8.6552,11.1176,0.398279,0.419484,1
296022,bullet2,9.31508,11.3913,0.8,0,1
296023,bullet3,9.35137,11.4296,0.8,0,1
296025,player,8.97505,11.792,0.00734937,0.345241,1
296026,bullet4,9.37836,11.9474,0.8,0,1
296027,bullet2,13.3151,11.3913,0.8,0,1
296028,flyer1,16.5,14.0351,-0.299637,0.0147584,2
296028,bullet3,13.3514,11.4296,0.8,0,1
296029,bullet5,9.38082,12.0629,0.8,0,1
296030,player,8.98096,12.0693,0.000135617,0.00637066,1
296031,bullet4,13.3784,11.9474,0.8,0,1
296032,bullet6,9.38105,12.0734,0.8,0,1
296033,flyer1,15.0018,14.1089,-0.299637,0.0147584,2
296034,bullet5,13.3808,12.0629,0.8,0,1
296035,player,8.64357,12.0744,-0.337498,0.000117557,1
296037,bullet6,13.381,12.0734,0.8,0,1
296038,flyer1,13.5036,14.1827,-0.299637,0.0147584,2
296039,bullet1,8.22104,12.6322,0.8,0,1
296040,player,7.78405,13.0004,-0.0369825,0.368257,1
296043,flyer1,12.0054,14.2565,-0.299637,0.0147584,2
296043,bullet2,8.15655,13.7637,0.8,0,1
296044,bullet1,12.221,12.6322,0.8,0,1
296045,player,7.75436,13.5472,-0.00068243,-0.29995,1
296046,flyer2,16.5,14.135,-0.251589,0.16341,2
296048,flyer1,10.5073,14.3302,-0.299637,0.0147584,1
296049,bullet1,16.221,12.6322,0.8,0,1
296050,player,7.41631,13.086,-0.337513,0.263621,1
296051,flyer2,15.2421,14.952,-0.251589,0.16341,2
296051,flyer3,16.5,14.135,-0.3,0,2
296052,bullet3,7.59608,13.2581,0.8,0,1
296053,flyer1,9.00908,14.404,-0.299637,0.0147584,1
296053,bullet4,7.56532,13.2821,0.8,0,1
296055,player,7.14526,12.9603,-0.00622806,-0.332635,1
296056,flyer2,13.9841,15.7691,-0.251589,0.16341,2
296056,flyer3,15,14.135,-0.3,0,2
296056,bullet5,7.54246,12.8106,0.8,0,1
296057,bullet3,11.5961,13.2581,0.8,0,1
296058,flyer1,7.51089,14.4778,-0.299637,0.0147584,1
296058,bullet4,11.5653,13.2821,0.8,0,1
296060,player,7.14026,12.6931,-0.000114925,-0.00613806,1
296061,flyer3,13.5,14.135,-0.3,0,0
296061,bullet5,11.5425,12.8106,0.8,0,1
296062,bullet6,6.74018,12.6891,-0.8,-6.99382e-08,1
296063,flyer1,6.01271,14.5516,-0.299637,0.0147584,1
296063,bullet2,7.54017,12.6886,0.8,0,1
296065,player,7.14017,12.6882,-2.12069e-06,-0.000113264,1
296065,bullet1,7.54017,12.6882,0.8,0,1
296066,bullet5,15.5425,12.8106,0.8,0,1
296067,bullet6,2.74018,12.6891,-0.8,-6.99382e-08,1
296068,flyer1,4.51453,14.6254,-0.299637,0.0147584,1
296068,bullet2,11.5402,12.6886,0.8,0,1
296070,player,6.65079,12.1987,-0.151875,-0.151877,1
296070,bullet1,11.5402,12.6882,0.8,0,1
296070,bullet3,7.05079,12.1987,0.8,0,1
296072,bullet4,6.95169,12.0996,0.8,0,1
296073,flyer1,3.01634,14.6992,-0.299637,0.0147584,1
296073,bullet2,15.5402,12.6886,0.8,0,1
296075,player,6.52882,12.0767,-0.00280252,-0.00280256,1
296075,bullet1,15.5402,12.6882,0.8,0,1
296075,bullet3,11.0508,12.1987,0.8,0,1
296075,bullet5,6.92882,12.0767,0.8,0,1
296077,bullet4,10.9517,12.0996,0.8,0,1
296078,flyer1,1.51816,14.773,-0.299637,0.0147584,1
296080,player,6.0372,11.737,-0.151927,-0.337552,1
296080,bullet3,15.0508,12.1987,0.8,0,1
296080,bullet5,10.9288,12.0767,0.8,0,1
296082,flyer4,16.5,14.135,-0.232013,-0.190185,2
296082,bullet4,14.9517,12.0996,0.8,0,1
296082,bullet6,6.33807,11.5167,0.8,0,1
296083,flyer1,0.019974,14.8468,-0.299637,0.0147584,1
296083,bullet2,5.52422,11.486,-0.8,-6.99382e-08,1
296085,player,5.91519,11.4659,-0.00280348,-0.00622878,1
296085,bullet5,14.9288,12.0767,0.8,0,1
296085,bullet1,6.31519,11.4659,0.8,0,1
296087,flyer4,15.3399,13.1841,-0.232013,-0.190185,2
296087,bullet6,10.3381,11.5167,0.8,0,1
296087,bullet3,6.31336,11.4618,0.8,0,1
296088,bullet2,1.52422,11.486,-0.8,-6.99382e-08,1
296090,player,5.91294,11.4609,-5.1732e-05,-0.000114938,1
296090,bullet1,10.3152,11.4659,0.8,0,1
296092,flyer4,14.1799,12.2331,-0.232013,-0.190185,1
296092,bullet3,10.3134,11.4618,0.8,0,1
296095,player,6.47062,12.0493,0.0683428,0.0307526,1
296095,bullet4,6.87062,12.0493,0.8,0,1
296097,bullet3,14.3134,11.4618,0.8,0,1
296099,flyer5,16.5,11.1812,-0.286562,-0.0887834,2
296099,bullet5,6.92424,12.0734,0.8,0,1
296100,player,6.5255,12.074,0.00126112,0.000567471,1
296100,bullet4,10.8706,12.0493,0.8,0,1
296100,bullet2,6.9255,12.074,0.8,0,1
296102,bullet6,6.92632,12.0744,0.8,0,1
296104,flyer5,15.0672,10.7372,-0.286562,-0.0887834,1
296104,bullet5,10.9242,12.0734,0.8,0,1
296105,player,6.52651,12.0744,2.32711e-05,1.04714e-05,1
296105,bullet4,14.8706,12.0493,0.8,0,1
296105,bullet2,10.9255,12.074,0.8,0,1
296107,bullet6,10.9263,12.0744,0.8,0,1
296109,flyer5,13.6344,10.2933,-0.286562,-0.0887834,1
296109,bullet5,14.9242,12.0734,0.8,0,1
296109,bullet1,6.92653,11.486,0.8,0,1
296110,player,6.52653,11.4721,4.29418e-07,-0.0138394,1
296110,bullet2,14.9255,12.074,0.8,0,1
296112,flyer6,16.5,14.135,-0.3,0,2
296112,bullet6,14.9263,12.0744,0.8,0,1
296114,flyer5,12.2016,9.84941,-0.286562,-0.0887834,1
296114,flayer7,16.5,11.1812,-0.299486,0.0175598,2
296114,bullet1,10.9265,11.486,0.8,0,1
296115,player,5.44868,12.5389,-0.18263,0.182374,1
296116,bullet3,5.7665,12.6209,0.8,0,1
296117,flyer6,15,14.135,-0.3,0,2
296117,bullet4,4.92952,12.6579,-0.8,-6.99382e-08,1
296119,flyer5,10.7688,9.40549,-0.286562,-0.0887834,1
296119,flayer7,15.0026,11.269,-0.299486,0.0175598,1
296120,player,5.30202,12.196,-0.00337003,-0.14851,1
296121,bullet3,9.7665,12.6209,0.8,0,1
296121,bullet5,5.7005,12.1291,0.8,0,1
296122,flyer6,13.5,14.135,-0.3,0,2
296122,bullet4,0.929516,12.6579,-0.8,-6.99382e-08,1
296124,flyer5,9.33595,8.96157,-0.286562,-0.0887834,1
296124,flayer7,13.5051,11.3568,-0.299486,0.0175598,1
296124,bullet2,5.14165,12.6372,0.8,0,1
296125,player,4.71084,12.6652,-0.0308169,0.0280143,1
296126,bullet3,13.7665,12.6209,0.8,0,1
296126,bullet5,9.7005,12.1291,0.8,0,1
296126,bullet6,5.09697,12.6778,0.8,0,1
296127,flyer6,12,14.135,-0.3,0,2
296129,flyer5,7.90314,8.51766,-0.286562,-0.0887834,1
296129,flayer7,12.0077,11.4446,-0.299486,0.0175598,0
296129,bullet2,9.14165,12.6372,0.8,0,1
296129,bullet1,5.08666,12.6872,0.8,0,1
296130,player,4.68609,12.6877,-0.000568658,0.000516942,1
296131,bullet6,9.09697,12.6778,0.8,0,1
296132,flyer6,10.5,14.135,-0.3,0,2
296133,bullet4,5.08567,12.1303,0.8,0,1
296134,flyer5,6.47033,8.07374,-0.286562,-0.0887834,1
296134,bullet2,13.1417,12.6372,0.8,0,1
296134,bullet1,9.08666,12.6872,0.8,0,1
296135,player,4.19626,12.0858,-0.151885,-0.0138301,1
296136,bullet6,13.097,12.6778,0.8,0,1
296137,flyer6,9,14.135,-0.3,0,2
296138,bullet4,9.08567,12.1303,0.8,0,1
296139,flyer5,5.03753,7.62982,-0.286562,-0.0887834,1
296139,bullet1,13.0867,12.6872,0.8,0,1
296139,bullet5,3.77618,12.5643,-0.8,-6.99382e-08,1
296140,player,4.11888,12.6324,-0.0573069,0.0680885,1
296142,flyer6,7.5,14.135,-0.3,0,2
296143,bullet4,13.0857,12.1303,0.8,0,1
296143,bullet3,4.47626,12.1253,0.8,0,1
296144,flyer5,3.60472,7.18591,-0.286562,-0.0887834,1
296144,bullet5,-0.223817,12.5643,-0.8,-6.99382e-08,1
296145,player,4.07286,12.0847,-0.00105747,-0.0125832,1
296147,flyer6,5.99999,14.135,-0.3,0,2
296148,flayer8,16.5,11.1812,-0.3,0,2
296148,bullet3,8.47626,12.1253,0.8,0,1
296149,flyer5,2.17191,6.74199,-0.286562,-0.0887834,1
296150,player,4.07201,10.4252,-1.95133e-05,-0.234291,1
296152,flyer6,4.49999,14.135,-0.3,0,2
296153,flayer8,15,11.1812,-0.3,0,2
296153,bullet3,12.4763,12.1253,0.8,0,1
296153,bullet2,5.02971,9.69329,0.8,0,1
296154,flyer5,0.739104,6.29808,-0.286562,-0.0887834,1
296154,bullet6,5.06047,9.65293,0.8,0,1
296155,player,4.67431,9.63477,0.0138392,-0.0181629,1
296157,flyer6,2.99999,14.135,-0.3,0,2
296158,flayer8,13.5,11.1812,-0.3,0,2
296158,bullet2,9.02971,9.69329,0.8,0,1
296159,bullet6,9.06047,9.65293,0.8,0,1
296160,player,5.03676,10.5462,0.32084,0.36792,1
296162,flyer6,1.49999,14.135,-0.3,0,2
296163,flayer8,12,11.1812,-0.3,0,2
296163,bullet2,13.0297,9.69329,0.8,0,1
296163,bullet1,6.23306,11.3775,0.8,0,1
296164,bullet6,13.0605,9.65293,0.8,0,1
296165,player,5.40736,10.9546,-0.132115,-0.131246,1
296167,flyer6,-6.4373e-06,14.135,-0.3,0,2
296168,flayer8,10.5,11.1812,-0.3,0,1
296168,bullet1,10.2331,11.3775,0.8,0,1
296169,flyer2,16.5,11.1812,-0.299129,-0.0228414,2
296169,bullet6,17.0605,9.65293,0.8,0,1
296170,player,5.34585,11.7444,-0.056942,0.403422,1
296170,flyer3,16.5,0.761694,-0.3,0,2
296171,bullet5,5.72023,11.9259,0.8,0,1
296173,flayer8,9,11.1812,-0.3,0,1
296173,bullet4,5.70351,12.0444,0.8,0,1
296174,flyer2,15.0044,11.0669,-0.299129,-0.0228414,2
296175,player,5.30013,12.0684,-0.00105074,0.00744427,1
296175,flyer3,15,0.761694,-0.3,0,2
296178,bullet4,9.70351,12.0444,0.8,0,1
296178,bullet3,6.18872,12.0739,0.8,0,1
296179,flyer2,13.5087,10.9527,-0.299129,-0.0228414,2
296180,player,6.22526,12.0743,0.368235,0.000137368,1
296180,flyer3,13.5,0.761694,-0.3,0,2
296183,bullet4,13.7035,12.0444,0.8,0,1
296183,bullet3,10.1887,12.0739,0.8,0,1
296183,bullet2,7.45681,12.6322,0.8,0,1
296184,flyer2,12.0131,10.8385,-0.299129,-0.0228414,2
296185,player,6.78579,13.0143,-0.316865,0.351342,1
296185,flyer3,12,0.761694,-0.3,0,2
296188,bullet3,14.1887,12.0739,0.8,0,1
296188,bullet2,11.4568,12.6322,0.8,0,1
296188,bullet1,6.46079,13.2755,0.8,0,1
296189,flyer2,10.5174,10.7243,-0.299129,-0.0228414,2
296190,player,5.60535,13.2964,-0.374102,0.00648325,1
296190,flyer3,10.5,0.761694,-0.3,0,2
296191,bullet6,5.83701,13.2993,0.8,0,1
296193,bullet2,15.4568,12.6322,0.8,0,1
296193,bullet1,10.4608,13.2755,0.8,0,1
296193,bullet5,5.72716,13.3012,0.8,0,1
296194,flyer2,9.02176,10.6101,-0.299129,-0.0228414,2
296195,player,5.30492,13.791,-0.00690323,0.151995,1
296195,flyer3,9,0.761694,-0.3,0,2
296196,bullet6,9.83701,13.2993,0.8,0,1
296198,bullet1,14.4608,13.2755,0.8,0,1
296198,bullet5,9.72716,13.3012,0.8,0,1
296199,flyer2,7.52612,10.4959,-0.299129,-0.0228414,2
296200,player,5.07915,14.7356,0.269029,-0.252512,1
296200,flyer3,7.5,0.761694,-0.3,0,2
296201,bullet6,13.837,13.2993,0.8,0,1
296203,bullet5,13.7272,13.3012,0.8,0,1
296204,flyer2,6.03047,10.3817,-0.299129,-0.0228414,2
296205,player,6.11774,13.593,-0.250352,-0.355999,1
296205,flyer1,16.5,11.1812,-0.3,0,2
296205,flyer3,5.99999,0.761694,-0.3,0,2
296207,flyer4,16.5,0.761694,-0.3,0,2
296209,flyer2,4.53483,10.2675,-0.299129,-0.0228414,2
296210,player,6.25418,12.9696,0.33288,-0.344069,1
296210,flyer1,15,11.1812,-0.3,0,2
296210,flyer3,4.49999,0.761694,-0.3,0,2
296212,flyer4,15,0.761694,-0.3,0,2
296213,bullet4,7.45944,13.2715,0.8,0,1
296214,flyer2,3.03918,10.1533,-0.299129,-0.0228414,2
296215,player,7.12383,13.2956,0.0199822,0.00749057,1
296215,flyer1,13.5,11.1812,-0.3,0,2
296215,flyer3,2.99999,0.761694,-0.3,0,2
296215,bullet3,7.52383,13.2956,0.8,0,1
296217,flyer4,13.5,0.761694,-0.3,0,2
296217,bullet2,7.53686,13.3005,0.8,0,1
296218,bullet4,11.4594,13.2715,0.8,0,1
296218,bullet1,6.73868,13.3012,-0.8,-6.99382e-08,1
296219,flyer2,1.54353,10.0391,-0.299129,-0.0228414,2
296220,player,7.13987,13.3016,0.000368728,0.000138222,1
296220,flyer1,12,11.1812,-0.3,0,2
296220,flyer3,1.49999,0.761694,-0.3,0,2
296220,bullet3,11.5238,13.2956,0.8,0,1
296222,flyer4,12,0.761694,-0.3,0,2
296222,bullet2,11.5369,13.3005,0.8,0,1
296223,bullet4,15.4594,13.2715,0.8,0,1
296223,bullet1,2.73868,13.3012,-0.8,-6.99382e-08,1
296224,flyer2,0.0478879,9.92488,-0.299129,-0.0228414,2
296225,player,7.14017,12.9642,6.80406e-06,-0.337497,1
296225,flyer1,10.5,11.1812,-0.3,0,2
296225,flyer3,-6.4373e-06,0.761694,-0.3,0,2
296225,bullet3,15.5238,13.2956,0.8,0,1
296227,flyer4,10.5,0.761694,-0.3,0,2
296227,bullet2,15.5369,13.3005,0.8,0,1
296228,flayer7,16.5,3.68804,-0.3,0,2
296228,bullet6,8.02955,13.2026,0.8,0,1
296230,player,7.72865,13.2817,0.0307548,0.0245269,1
296230,flyer1,9,11.1812,-0.3,0,2
296230,bullet5,8.12865,13.2817,0.8,0,1
296232,flyer4,9,0.761694,-0.3,0,2
296233,flayer7,15,3.68804,-0.3,0,2
296233,bullet6,12.0296,13.2026,0.8,0,1
296235,player,7.97357,13.2568,-0.268589,0.0549567,1
296235,flyer1,7.5,11.1812,-0.3,0,2
296235,bullet5,12.1287,13.2817,0.8,0,1
296237,flyer4,7.5,0.761694,-0.3,0,2
296237,bullet4,8.19831,13.2926,0.8,0,1
296238,flayer7,13.5,3.68804,-0.3,0,2
296238,bullet6,16.0296,13.2026,0.8,0,1
296238,bullet3,8.17384,13.2976,0.8,0,1
296240,player,7.75787,13.3009,-0.00495622,0.00101411,1
296240,flyer1,5.99999,11.1812,-0.3,0,2
296240,bullet5,16.1287,13.2817,0.8,0,1
296240,bullet1,8.15787,13.3009,0.8,0,1
296242,flyer4,5.99999,0.761694,-0.3,0,2
296242,bullet4,12.1983,13.2926,0.8,0,1
296243,flayer7,12,3.68804,-0.3,0,2
296243,bullet3,12.1738,13.2976,0.8,0,1
296243,bullet2,7.59646,12.7439,0.8,0,1
296245,player,6.81408,13.0369,-0.351431,0.323679,1
296245,flyer1,4.49999,11.1812,-0.3,0,2
296245,bullet1,12.1579,13.3009,0.8,0,1
296247,flyer4,4.49999,0.761694,-0.3,0,2
296247,bullet4,16.1983,13.2926,0.8,0,1
296248,flayer7,10.5,3.68804,-0.3,0,2
296248,bullet3,16.1738,13.2976,0.8,0,1
296248,bullet2,11.5965,12.7439,0.8,0,1
296249,bullet6,6.93833,13.2909,0.8,0,1
296250,player,6.53185,13.2969,-0.00648489,0.00597279,1
296250,flyer1,2.99999,11.1812,-0.3,0,2
296250,bullet1,16.1579,13.3009,0.8,0,1
296250,bullet5,6.93185,13.2969,0.8,0,1
296252,flyer4,2.99999,0.761694,-0.3,0,2
296253,flayer7,9,3.68804,-0.3,0,2
296253,bullet2,15.5965,12.7439,0.8,0,1
296254,bullet6,10.9383,13.2909,0.8,0,1
296255,player,7.08436,14.4478,0.0682241,0.0992087,1
296255,flyer1,1.49999,11.1812,-0.3,0,2
296255,bullet5,10.9318,13.2969,0.8,0,1
296257,flyer4,1.49999,0.761694,-0.3,0,2
296257,bullet4,8.01825,15.002,0.8,0,1
296258,flayer7,7.5,3.68804,-0.3,0,2
296259,bullet6,14.9383,13.2909,0.8,0,1
296260,player,7.74146,14.7923,0.0150985,-0.32183,1
296260,flyer1,-6.4373e-06,11.1812,-0.3,0,2
296260,bullet5,14.9318,13.2969,0.8,0,1
296262,flyer4,-6.4373e-06,0.761694,-0.3,0,2
296262,flyer5,16.5,3.68804,-0.3,0,2
296262,bullet4,12.0182,15.002,0.8,0,1
296263,flayer7,5.99999,3.68804,-0.3,0,2
296264,flyer6,16.5,7.21669,-0.260746,-0.148363,2
296264,bullet3,8.15331,14.0504,0.8,0,1
296265,player,7.75358,13.9762,0.00027861,-0.0742824,1
296266,bullet1,8.15371,13.9427,0.8,0,1
296267,flyer5,15,3.68804,-0.3,0,2
296267,bullet4,16.0182,15.002,0.8,0,1
296267,bullet2,8.15377,13.9277,0.8,0,1
296268,flayer7,4.49999,3.68804,-0.3,0,2
296269,flyer6,15.1963,6.47487,-0.260746,-0.148363,2
296269,bullet3,12.1533,14.0504,0.8,0,1
296269,bullet6,8.1538,13.9179,0.8,0,1
296270,player,7.75381,13.9165,5.14115e-06,-0.00137072,1
296271,bullet1,12.1537,13.9427,0.8,0,1
296272,flyer5,13.5,3.68804,-0.3,0,2
296272,bullet2,12.1538,13.9277,0.8,0,1
296273,flayer7,2.99999,3.68804,-0.3,0,2
296274,flyer6,13.8925,5.73306,-0.260746,-0.148363,2
296274,bullet3,16.1533,14.0504,0.8,0,1
296274,bullet6,12.1538,13.9179,0.8,0,1
296275,player,7.75381,13.3131,9.48686e-08,-0.0138649,1
296276,bullet1,16.1537,13.9427,0.8,0,1
296276,bullet5,8.15381,13.3068,0.8,0,1
296277,flyer5,12,3.68804,-0.3,0,2
296277,bullet2,16.1538,13.9277,0.8,0,1
296278,flayer7,1.49999,3.68804,-0.3,0,2
296279,flyer6,12.5888,4.99125,-0.260746,-0.148363,2
296279,bullet6,16.1538,13.9179,0.8,0,1
296280,player,8.83166,13.7913,0.18263,0.151619,1
296280,bullet4,9.23166,13.7913,0.8,0,1
296281,bullet5,12.1538,13.3068,0.8,0,1
296282,flyer5,10.5,3.68804,-0.3,0,2
296282,bullet3,9.35083,13.8903,0.8,0,1
296283,flayer7,-6.4373e-06,3.68804,-0.3,0,2
296284,flyer6,11.2851,4.24943,-0.260746,-0.148363,2
296284,bullet1,9.37496,13.9103,0.8,0,1
296285,player,8.97833,13.9131,0.00337003,0.0027978,1
296285,bullet4,13.2317,13.7913,0.8,0,1
296286,bullet5,16.1538,13.3068,0.8,0,1
296287,flyer5,9,3.68804,-0.3,0,2
296287,bullet3,13.3508,13.8903,0.8,0,1
296289,flyer6,9.98135,3.50762,-0.260746,-0.148363,2
296289,bullet1,13.375,13.9103,0.8,0,1
296290,player,8.39256,12.8375,-0.0306925,-0.182578,1
296290,bullet2,8.79256,12.8375,0.8,0,1
296292,flyer5,7.5,3.68804,-0.3,0,2
296293,flayer8,16.5,5.14547,-0.3,0,2
296293,bullet6,8.76974,12.7017,0.8,0,1
296294,flyer6,8.67762,2.76581,-0.260746,-0.148363,2
296294,bullet5,8.76848,12.6942,0.8,0,1
296295,player,8.36791,12.6909,-0.000566363,-0.00336908,1
296295,bullet2,12.7926,12.8375,0.8,0,1
296297,flyer5,5.99999,3.68804,-0.3,0,2
296298,flayer8,15,5.14547,-0.3,0,2
296298,bullet6,12.7697,12.7017,0.8,0,1
296299,flyer6,7.37389,2.02399,-0.260746,-0.148363,2
296299,bullet5,12.7685,12.6942,0.8,0,1
296300,player,7.17667,12.8011,-0.0446047,-0.138098,1
296302,flyer5,4.49999,3.68804,-0.3,0,2
296302,bullet4,7.54757,12.711,0.8,0,1
296303,flayer8,13.5,5.14547,-0.3,0,2
296304,flyer6,6.07016,1.28218,-0.260746,-0.148363,2
296304,bullet3,7.54167,12.6927,0.8,0,1
296305,player,7.14085,12.6902,-0.000823083,-0.00254829,1
296307,flyer5,2.99999,3.68804,-0.3,0,2
296307,bullet4,11.5476,12.711,0.8,0,1
296308,flayer8,12,5.14547,-0.3,0,2
296309,flyer6,4.76643,0.540367,-0.260746,-0.148363,2
296309,bullet3,11.5417,12.6927,0.8,0,1
296309,bullet1,6.39401,12.6882,0.8,0,1
296310,player,5.9494,12.6881,-0.0446095,-4.70231e-05,1
296311,bullet2,6.32933,12.6881,0.8,0,1
296312,flyer5,1.49999,3.68804,-0.3,0,2
296312,bullet4,15.5476,12.711,0.8,0,1
296313,flayer8,10.5,5.14547,-0.3,0,2
296314,flyer6,3.4627,-0.201446,-0.260746,-0.148363,2
296314,bullet3,15.5417,12.6927,0.8,0,1
296314,bullet1,10.394,12.6882,0.8,0,1
296314,bullet6,6.3144,12.6881,0.8,0,1
296315,player,5.91358,12.6881,-0.00082317,-8.67708e-07,1
296316,bullet2,10.3293,12.6881,0.8,0,1
296317,flyer5,-6.4373e-06,3.68804,-0.3,0,2
296318,flayer8,9,5.14547,-0.3,0,2
296319,bullet1,14.394,12.6882,0.8,0,1
296319,bullet6,10.3144,12.6881,0.8,0,1
296319,bullet5,6.87065,12.6881,0.8,0,1
296320,player,6.50139,12.6881,0.0307395,-1.60117e-08,1
296321,bullet2,14.3293,12.6881,0.8,0,1
296323,flayer8,7.5,5.14547,-0.3,0,2
296324,flyer2,16.5,5.14547,-0.3,0,2
296324,bullet6,14.3144,12.6881,0.8,0,1
296324,bullet5,10.8707,12.6881,0.8,0,1
296324,bullet4,8.0717,13.8343,0.8,0,1
296325,player,7.71686,13.8789,0.0451615,0.0445943,1
296325,bullet3,8.11686,13.8789,0.8,0,1
296328,flayer8,5.99999,5.14547,-0.3,0,2
296329,flyer2,15,5.14547,-0.3,0,2
296329,bullet5,14.8707,12.6881,0.8,0,1
296329,bullet4,12.0717,13.8343,0.8,0,1
296330,player,6.67528,13.9147,-0.181796,0.00082289,1
296330,bullet3,12.1169,13.8789,0.8,0,1
296332,bullet1,7.44604,13.4259,0.8,0,1
296333,flayer8,4.49999,5.14547,-0.3,0,2
296334,flyer2,13.5,5.14547,-0.3,0,2
296334,bullet4,16.0717,13.8343,0.8,0,1
296335,player,7.1316,12.8237,0.010485,-0.165699,1
296335,bullet3,16.1169,13.8789,0.8,0,1
296335,bullet2,7.5316,12.8237,0.8,0,1
296337,bullet1,11.446,13.4259,0.8,0,1
296338,flayer8,2.99999,5.14547,-0.3,0,2
296339,flyer2,12,5.14547,-0.3,0,2
296340,player,7.20836,12.6906,-0.0833378,-0.00305762,1
296340,bullet2,11.5316,12.8237,0.8,0,1
296341,bullet6,7.57086,12.6892,0.8,0,1
296342,bullet1,15.446,13.4259,0.8,0,1
296343,flayer8,1.49999,5.14547,-0.3,0,2
296344,flyer2,10.5,5.14547,-0.3,0,2
296345,player,7.14143,11.6103,-0.00153782,-0.182686,1
296345,bullet2,15.5316,12.8237,0.8,0,1
296345,bullet5,7.54143,11.6103,0.8,0,1
296346,bullet6,11.5709,12.6892,0.8,0,1
296348,flayer8,-6.4373e-06,5.14547,-0.3,0,2
296349,flyer2,9,5.14547,-0.3,0,2
296349,bullet4,8.09795,10.9092,0.8,0,1
296350,player,7.72867,10.8751,0.0307263,-0.0341258,1
296350,bullet5,11.5414,11.6103,0.8,0,1
296351,bullet6,15.5709,12.6892,0.8,0,1
296353,flyer3,16.5,5.14547,-0.3,0,2
296354,flyer2,7.5,5.14547,-0.3,0,2
296354,bullet4,12.0979,10.9092,0.8,0,1
296354,bullet3,7.59506,10.8483,0.8,0,1
296355,player,7.16487,10.8477,-0.0301877,-0.000629716,1
296355,bullet5,15.5414,11.6103,0.8,0,1
296355,bullet1,7.56487,10.8477,0.8,0,1
296358,flyer3,15,5.14547,-0.3,0,2
296359,flyer2,5.99999,5.14547,-0.3,0,2
296359,bullet4,16.0979,10.9092,0.8,0,1
296359,bullet3,11.5951,10.8483,0.8,0,1
296359,bullet2,8.09891,10.8472,0.8,0,1
296360,player,7.7291,10.8472,0.0301976,-1.162e-05,1
296360,bullet1,11.5649,10.8477,0.8,0,1
296363,flyer3,13.5,5.14547,-0.3,0,2
296364,flyer2,4.49999,5.14547,-0.3,0,2
296364,bullet3,15.5951,10.8483,0.8,0,1
296364,bullet2,12.0989,10.8472,0.8,0,1
296365,player,8.84504,9.65641,0.166272,-0.0445945,1
296365,bullet1,15.5649,10.8477,0.8,0,1
296367,flyer1,16.5,5.58502,-0.3,0,2
296368,flyer3,12,5.14547,-0.3,0,2
296369,flyer2,2.99999,5.14547,-0.3,0,2
296369,bullet2,16.0989,10.8472,0.8,0,1
296369,bullet6,9.3755,9.62143,0.8,0,1
296370,player,8.97857,9.6206,0.00306818,-0.000822894,1
296371,bullet5,9.37995,9.62023,0.8,0,1
296372,flyer1,15,5.58502,-0.3,0,2
296372,bullet4,9.38057,9.62006,0.8,0,1
296373,flyer3,10.5,5.14547,-0.3,0,2
296374,flyer2,1.49999,5.14547,-0.3,0,2
296374,bullet6,13.3755,9.62143,0.8,0,1
296375,player,8.49165,10.1093,-0.151818,0.15186,1
296375,bullet3,8.89165,10.1093,0.8,0,1
296376,bullet5,13.3799,9.62023,0.8,0,1
296377,flyer1,13.5,5.58502,-0.3,0,2
296377,bullet4,13.3806,9.62006,0.8,0,1
296378,flyer3,9,5.14547,-0.3,0,2
296379,flyer2,-6.4373e-06,5.14547,-0.3,0,2
296380,player,7.22354,10.789,-0.1019,0.071146,1
296380,bullet3,12.8917,10.1093,0.8,0,1
296381,flyer4,16.5,5.58502,-0.228871,-0.193954,2
296381,bullet1,7.57768,10.821,0.8,0,1
296382,flyer1,12,5.58502,-0.3,0,2
296383,flyer3,7.5,5.14547,-0.3,0,2
296385,player,7.96858,11.3355,0.487495,0.153188,1
296386,flyer4,15.3556,4.61525,-0.228871,-0.193954,2
296386,bullet1,11.5777,10.821,0.8,0,1
296387,flyer1,10.5,5.58502,-0.3,0,2
296387,bullet2,8.68667,11.4355,0.8,0,1
296388,flyer3,5.99999,5.14547,-0.3,0,2
296390,player,8.91779,11.4585,0.0773394,0.00282675,1
296390,bullet6,9.31779,11.4585,0.8,0,1
296391,flyer4,14.2113,3.64549,-0.228871,-0.193954,2
296391,bullet1,15.5777,10.821,0.8,0,1
296392,flyer1,9,5.58502,-0.3,0,2
296392,bullet2,12.6867,11.4355,0.8,0,1
296393,flyer3,4.49999,5.14547,-0.3,0,2
296395,player,8.9799,12.0493,0.00142713,0.0308068,1
296395,bullet6,13.3178,11.4585,0.8,0,1
296395,bullet5,9.3799,12.0493,0.8,0,1
296396,flyer4,13.0669,2.67572,-0.228871,-0.193954,2
296397,flyer1,7.5,5.58502,-0.3,0,2
296398,flyer3,2.99999,5.14547,-0.3,0,2
296400,player,8.39257,11.9749,-0.0307284,0.121689,1
296400,bullet5,13.3799,12.0493,0.8,0,1
296401,flyer4,11.9226,1.70595,-0.228871,-0.193954,2
296401,bullet4,8.77874,12.0297,0.8,0,1
296402,flyer1,5.99999,5.58502,-0.3,0,2
296403,flyer3,1.49999,5.14547,-0.3,0,2
296405,player,6.95254,12.9986,-0.520697,0.3705,1
296406,flyer4,10.7782,0.736183,-0.228871,-0.193954,2
296406,bullet4,12.7787,12.0297,0.8,0,1
296407,flyer1,4.49999,5.58502,-0.3,0,2
296408,flyer3,-6.4373e-06,5.14547,-0.3,0,2
296409,bullet3,6.38627,13.2893,0.8,0,1
296410,player,5.9459,13.2962,-0.040363,0.00683677,1
296411,flyer4,9.63386,-0.233584,-0.228871,-0.193954,2
296411,flayer7,16.5,3.923,-0.3,0,2
296411,bullet1,6.32774,13.2992,0.8,0,1
296412,flyer1,2.99999,5.58502,-0.3,0,2
296414,bullet3,10.3863,13.2893,0.8,0,1
296414,bullet2,5.51423,12.7438,-0.8,-6.99382e-08,1
296415,player,5.91349,12.7132,-0.000744811,-0.0306285,1
296416,flayer7,15,3.923,-0.3,0,2
296416,bullet1,10.3277,13.2992,0.8,0,1
296417,flyer1,1.49999,5.58502,-0.3,0,2
296417,bullet6,6.313,12.6932,0.8,0,1
296419,bullet3,14.3863,13.2893,0.8,0,1
296419,bullet2,1.51423,12.7438,-0.8,-6.99382e-08,1
296420,player,5.91289,12.6886,-1.37439e-05,-0.000565182,1
296421,flayer7,13.5,3.923,-0.3,0,2
296421,bullet1,14.3277,13.2992,0.8,0,1
296422,flyer1,-6.4373e-06,5.58502,-0.3,0,2
296422,bullet6,10.313,12.6932,0.8,0,1
296424,flyer6,16.5,3.923,-0.3,0,2
296424,bullet5,5.8235,12.6881,0.8,0,1
296425,player,5.35516,12.6881,-0.068344,-1.04292e-05,1
296426,flayer7,12,3.923,-0.3,0,2
296427,bullet6,14.313,12.6932,0.8,0,1
296429,flyer6,15,3.923,-0.3,0,2
296429,bullet5,9.82351,12.6881,0.8,0,1
296430,player,5.83424,14.3375,0.0961097,0.234058,1
296430,flyer5,16.5,3.923,-0.29609,-0.0482772,2
296431,flayer7,10.5,3.923,-0.3,0,2
296433,bullet4,5.74799,14.5116,0.8,0,1
296434,flyer6,13.5,3.923,-0.3,0,2
296434,bullet5,13.8235,12.6881,0.8,0,1
296435,player,5.30912,14.5255,-0.0120661,0.00431903,1
296435,flyer5,15.0196,3.68161,-0.29609,-0.0482772,2
296435,bullet3,5.70912,14.5255,0.8,0,1
296436,flayer7,9,3.923,-0.3,0,2
296436,bullet2,5.70369,14.5274,0.8,0,1
296438,bullet4,9.748,14.5116,0.8,0,1
296439,flyer6,12,3.923,-0.3,0,2
296440,player,5.29943,14.5289,-0.000222654,7.96983e-05,1
296440,flyer5,13.5391,3.44023,-0.29609,-0.0482772,2
296440,bullet3,9.70912,14.5255,0.8,0,1
296440,bullet1,5.69943,14.5289,0.8,0,1
296441,flayer7,7.5,3.923,-0.3,0,2
296441,bullet2,9.70369,14.5274,0.8,0,1
296443,bullet4,13.748,14.5116,0.8,0,1
296444,flyer6,10.5,3.923,-0.3,0,2
296445,player,5.63674,14.529,0.337496,1.47066e-06,1
296445,flyer5,12.0586,3.19884,-0.29609,-0.0482772,2
296445,bullet3,13.7091,14.5255,0.8,0,1
296445,bullet1,9.69943,14.5289,0.8,0,1
296446,flayer7,5.99999,3.923,-0.3,0,2
296446,bullet2,13.7037,14.5274,0.8,0,1
296448,bullet6,6.84543,14.529,0.8,0,1
296449,flyer6,9,3.923,-0.3,0,2
296450,player,6.51009,14.529,0.0200674,2.71378e-08,1
296450,flyer5,10.5782,2.95746,-0.29609,-0.0482772,2
296450,bullet1,13.6994,14.5289,0.8,0,1
296450,bullet5,6.91009,14.529,0.8,0,1
296451,flayer7,4.49999,3.923,-0.3,0,2
296452,bullet4,6.92319,14.529,0.8,0,1
296453,bullet6,10.8454,14.529,0.8,0,1
296454,flyer6,7.5,3.923,-0.3,0,2
296455,player,7.42143,14.1915,0.406214,-0.3375,1
296455,flyer5,9.09775,2.71607,-0.29609,-0.0482772,2
296455,bullet5,10.9101,14.529,0.8,0,1
296456,flayer7,2.99999,3.923,-0.3,0,2
296456,bullet3,7.20423,14.0396,-0.8,-6.99382e-08,1
296457,bullet4,10.9232,14.529,0.8,0,1
296458,bullet6,14.8454,14.529,0.8,0,1
296459,flyer6,5.99999,3.923,-0.3,0,2
296460,player,7.25828,13.9205,-0.144379,-0.00622782,1
296460,flyer5,7.6173,2.47469,-0.29609,-0.0482772,2
296460,bullet5,14.9101,14.529,0.8,0,1
296460,bullet2,7.65828,13.9205,0.8,0,1
296461,flayer7,1.49999,3.923,-0.3,0,2
296461,bullet3,3.20423,14.0396,-0.8,-6.99382e-08,1
296462,bullet4,14.9232,14.529,0.8,0,1
296463,bullet1,7.06154,13.9158,0.8,0,1
296464,flyer6,4.49999,3.923,-0.3,0,2
296465,player,6.55386,13.9155,-0.0334189,-0.000114921,1
296465,flyer5,6.13685,2.2333,-0.29609,-0.0482772,2
296465,bullet2,11.6583,13.9205,0.8,0,1
296466,flayer7,-6.4373e-06,3.923,-0.3,0,2
296468,bullet1,11.0615,13.9158,0.8,0,1
296469,flyer6,2.99999,3.923,-0.3,0,2
296470,player,6.86452,12.9756,0.336883,-0.351342,1
296470,flyer5,4.6564,1.99191,-0.29609,-0.0482772,2
296470,bullet2,15.6583,13.9205,0.8,0,1
296471,flayer8,16.5,4.73361,-0.3,0,2
296472,bullet6,7.48433,12.7463,0.8,0,1
296473,bullet1,15.0615,13.9158,0.8,0,1
296474,flyer6,1.49999,3.923,-0.3,0,2
296475,player,7.47256,12.4732,0.343716,0.262673,1
296475,flyer5,3.17595,1.75053,-0.29609,-0.0482772,2
296476,flayer8,15,4.73361,-0.3,0,2
296477,bullet6,11.4843,12.7463,0.8,0,1
296479,flyer6,-6.4373e-06,3.923,-0.3,0,2
296480,player,6.33325,13.0216,-0.513787,0.342347,1
296480,flyer5,1.69549,1.50914,-0.29609,-0.0482772,2
296481,flayer8,13.5,4.73361,-0.3,0,2
296481,flyer2,16.5,4.73361,-0.278743,-0.110916,2
296482,bullet6,15.4843,12.7463,0.8,0,1
296482,bullet5,6.398,13.245,0.8,0,1
296485,player,6.25814,13.6341,0.328019,0.343817,1
296485,flyer5,0.215045,1.26776,-0.29609,-0.0482772,2
296486,flayer8,12,4.73361,-0.3,0,2
296486,flyer2,15.1063,4.17903,-0.278743,-0.110916,2
296487,bullet5,10.398,13.245,0.8,0,1
296488,flyer3,16.5,4.73361,-0.3,0,2
296489,bullet4,7.47323,13.9038,0.8,0,1
296490,player,7.11004,13.9102,0.0368076,0.0063444,1
296491,flayer8,10.5,4.73361,-0.3,0,2
296491,flyer2,13.7126,3.62446,-0.278743,-0.110916,2
296492,bullet5,14.398,13.245,0.8,0,1
296492,bullet3,8.02343,13.9143,0.8,0,1
296493,flyer3,15,4.73361,-0.3,0,2
296494,bullet4,11.4732,13.9038,0.8,0,1
296495,player,8.23128,14.4046,0.166394,0.151992,1
296495,bullet2,8.63128,14.4046,0.8,0,1
296496,flayer8,9,4.73361,-0.3,0,2
296496,flyer2,12.3189,3.06988,-0.278743,-0.110916,2
296497,bullet3,12.0234,13.9143,0.8,0,1
296498,flyer3,13.5,4.73361,-0.3,0,2
296499,bullet4,15.4732,13.9038,0.8,0,1
296500,player,8.43326,13.969,-0.0804608,-0.0655391,1
296500,bullet2,12.6313,14.4046,0.8,0,1
296501,flayer8,7.5,4.73361,-0.3,0,2
296501,flyer2,10.9251,2.5153,-0.278743,-0.110916,2
296502,bullet3,16.0234,13.9143,0.8,0,1
296502,bullet1,9.27013,13.4368,0.8,0,1
296503,flyer3,12,4.73361,-0.3,0,2
296505,player,8.63345,13.6515,-0.325145,0.322451,1
296506,flayer8,5.99999,4.73361,-0.3,0,2
296506,flyer2,9.53143,1.96072,-0.278743,-0.110916,2
296506,bullet6,8.88713,13.7966,0.8,0,1
296507,bullet1,13.2701,13.4368,0.8,0,1
296508,flyer3,10.5,4.73361,-0.3,0,2
296508,bullet5,8.79166,13.8913,0.8,0,1
296509,bullet4,8.77833,13.9045,0.8,0,1
296510,player,8.37233,13.9105,-0.00599984,0.00595013,1
296511,flayer8,4.49999,4.73361,-0.3,0,2
296511,flyer2,8.13772,1.40614,-0.278743,-0.110916,2
296511,bullet6,12.8871,13.7966,0.8,0,1
296511,bullet3,8.76963,13.9132,0.8,0,1
296513,flyer3,9,4.73361,-0.3,0,2
296513,bullet5,12.7917,13.8913,0.8,0,1
296514,bullet4,12.7783,13.9045,0.8,0,1
296515,player,8.36752,13.9153,-0.000110714,0.000109797,1
296516,flayer8,2.99999,4.73361,-0.3,0,2
296516,flyer2,6.744,0.851564,-0.278743,-0.110916,2
296516,bullet3,12.7696,13.9132,0.8,0,1
296518,flyer3,7.5,4.73361,-0.3,0,2
296518,bullet2,8.20971,13.3576,0.8,0,1
296519,bullet1,8.17895,13.3269,0.8,0,1
296520,player,7.76511,13.3131,-0.0138417,-0.0138376,1
296521,flayer8,1.49999,4.73361,-0.3,0,2
296521,flyer2,5.35028,0.296986,-0.278743,-0.110916,2
296523,flyer3,5.99999,4.73361,-0.3,0,2
296523,bullet2,12.2097,13.3576,0.8,0,1
296524,bullet1,12.179,13.3269,0.8,0,1
296525,player,8.13609,12.6996,0.28274,-0.014095,1
296526,flayer8,-6.4373e-06,4.73361,-0.3,0,2
296526,flyer2,3.95657,-0.257592,-0.278743,-0.110916,2
296526,bullet6,8.66332,12.6933,0.8,0,1
296528,flyer3,4.49999,4.73361,-0.3,0,2
296528,bullet2,16.2097,13.3576,0.8,0,1
296528,bullet5,8.74634,12.6891,0.8,0,1
296529,bullet1,16.179,13.3269,0.8,0,1
296530,player,8.36315,12.6883,0.00521736,-0.000260092,1
296531,flyer4,16.5,4.73361,-0.3,0,2
296531,bullet6,12.6633,12.6933,0.8,0,1
296533,flyer3,2.99999,4.73361,-0.3,0,2
296533,bullet5,12.7463,12.6891,0.8,0,1
296533,bullet4,8.76703,12.1987,0.8,0,1
296535,player,8.36734,12.0996,9.62749e-05,-0.0307595,1
296535,bullet3,8.76734,12.0996,0.8,0,1
296536,flyer4,15,4.73361,-0.3,0,2
296538,flyer3,1.49999,4.73361,-0.3,0,2
296538,bullet4,12.767,12.1987,0.8,0,1
296538,bullet2,8.76741,12.6345,0.8,0,1
296539,bullet1,8.76741,12.664,0.8,0,1
296540,player,8.36741,12.6772,1.77654e-06,0.013272,1
296540,bullet3,12.7673,12.0996,0.8,0,1
296541,flyer4,13.5,4.73361,-0.3,0,2
296543,flyer3,-6.4373e-06,4.73361,-0.3,0,2
296543,bullet2,12.7674,12.6345,0.8,0,1
296544,bullet1,12.7674,12.664,0.8,0,1
296545,player,8.02991,12.6879,-0.3375,0.000244906,1
296545,bullet3,16.7673,12.0996,0.8,0,1
296546,flyer4,12,4.73361,-0.3,0,2
296546,flyer1,16.5,4.31187,-0.281969,-0.102438,2
296548,flayer7,16.5,4.31187,-0.261748,0.146588,2
296549,flyer6,16.5,4.31187,-0.3,0,2
296549,bullet6,8.1651,12.1304,0.8,0,1
296550,player,7.42137,12.0996,-0.343728,-0.0307502,1
296551,flyer4,10.5,4.73361,-0.3,0,2
296551,flyer1,15.0902,3.79968,-0.281969,-0.102438,2
296553,flayer7,15.1913,5.04481,-0.261748,0.146588,2
296554,flyer6,15,4.31187,-0.3,0,2
296554,bullet6,12.1651,12.1304,0.8,0,1
296555,player,7.14533,12.0749,-0.00634275,-0.000567427,1
296556,flyer4,9,4.73361,-0.3,0,2
296556,flyer1,13.6803,3.28749,-0.281969,-0.102438,2
296558,flayer7,13.8825,5.77775,-0.261748,0.146588,2
296559,flyer6,13.5,4.31187,-0.3,0,2
296559,bullet6,16.1651,12.1304,0.8,0,1
296559,bullet5,7.57111,12.6322,0.8,0,1
296560,player,6.81658,12.3254,-0.354532,-0.306756,1
296561,flyer4,7.5,4.73361,-0.3,0,2
296561,flyer1,12.2705,2.7753,-0.281969,-0.102438,2
296563,flayer7,12.5738,6.5107,-0.261748,0.146588,2
296564,flyer6,12,4.31187,-0.3,0,2
296564,bullet5,11.5711,12.6322,0.8,0,1
296565,player,7.12033,11.7416,0.0242126,-0.343161,1
296566,flyer4,5.99999,4.73361,-0.3,0,2
296566,flyer1,10.8606,2.26311,-0.281969,-0.102438,2
296568,flayer7,11.2651,7.24364,-0.261748,0.146588,2
296569,flyer6,10.5,4.31187,-0.3,0,2
296569,bullet5,15.5711,12.6322,0.8,0,1
296570,player,7.69749,11.466,0.0687905,-0.00633228,1
296571,flyer4,4.49999,4.73361,-0.3,0,2
296571,flyer1,9.45077,1.75092,-0.281969,-0.102438,2
296572,bullet4,7.65301,10.9725,0.8,0,1
296573,flayer7,9.95632,7.97658,-0.261748,0.146588,2
296574,flyer6,9,4.31187,-0.3,0,2
296575,player,6.66105,10.3692,-0.164445,-0.165831,1
296575,bullet3,7.06105,10.3692,0.8,0,1
296576,flyer4,2.99999,4.73361,-0.3,0,2
296576,flyer1,8.04093,1.23873,-0.281969,-0.102438,2
296577,bullet4,11.653,10.9725,0.8,0,1
296577,bullet2,6.95375,10.261,0.8,0,1
296578,flayer7,8.64758,8.70952,-0.261748,0.146588,2
296579,flyer6,7.5,4.31187,-0.3,0,2
296580,player,7.01836,10.2361,0.148841,-0.00306006,1
296580,bullet3,11.0611,10.3692,0.8,0,1
296581,flyer4,1.49999,4.73361,-0.3,0,2
296581,flyer1,6.63108,0.726536,-0.281969,-0.102438,2
296581,bullet1,7.48534,10.2347,0.8,0,1
296582,bullet4,15.653,10.9725,0.8,0,1
296582,bullet2,10.9538,10.261,0.8,0,1
296583,flayer7,7.33884,9.44246,-0.261748,0.146588,2
