358170,player,8.73333,8.92142,0.3375,0,1
358172,bullet1,8.86418,8.43205,0.8,0,1
358173,bullet2,8.82659,8.3637,0.8,0,1
358174,bullet3,8.80967,8.33295,0.8,0,1
358175,player,8.40206,8.31911,-0.00761179,-0.0138396,1
358175,bullet4,8.80206,8.31911,0.8,0,1
358177,bullet1,12.8642,8.43205,0.8,0,1
358178,bullet2,12.8266,8.3637,0.8,0,1
358179,bullet3,12.8097,8.33295,0.8,0,1
358180,player,7.23592,8.9103,-0.0823238,0.0135842,1
358180,bullet4,12.8021,8.31911,0.8,0,1
358182,bullet5,7.5822,8.91916,0.8,0,1
358184,bullet6,8.0607,9.41033,0.8,0,1
358185,player,7.72752,9.47893,0.0668246,0.0685944,1
358185,bullet1,7.32752,9.47893,-0.8,-6.99382e-08,1
358187,bullet5,11.5822,8.91916,0.8,0,1
358187,bullet2,6.88175,10.0131,-0.8,-6.99382e-08,1
358189,bullet6,12.0607,9.41033,0.8,0,1
358190,player,7.66825,9.64695,0.139268,-0.13677,1
358190,bullet1,3.32752,9.47893,-0.8,-6.99382e-08,1
358192,bullet5,15.5822,8.91916,0.8,0,1
358192,bullet2,2.88175,10.0131,-0.8,-6.99382e-08,1
358194,flyer1,16.5,6.59253,-0.297975,0.0347979,2
358194,bullet6,16.0607,9.41033,0.8,0,1
358195,player,7.29072,10.0265,-0.149305,0.149351,1
358195,flyer2,16.5,6.59253,-0.3,0,2
358195,bullet1,-0.672478,9.47893,-0.8,-6.99382e-08,1
358195,bullet3,7.69072,10.0265,0.8,0,1
358198,bullet4,6.5326,10.2059,0.8,0,1
358199,flyer1,15.0101,6.76652,-0.297975,0.0347979,2
358200,player,5.49066,10.6496,-0.199224,0.137716,1
358200,flyer2,15,6.59253,-0.3,0,2
358200,bullet3,11.6907,10.0265,0.8,0,1
358201,bullet5,5.80101,10.7116,0.8,0,1
358203,bullet4,10.5326,10.2059,0.8,0,1
358203,bullet6,6.23188,11.2414,0.8,0,1
358204,flyer1,13.5203,6.94051,-0.297975,0.0347979,2
358205,player,5.91914,11.3487,0.0270784,0.0332959,1
358205,flyer2,13.5,6.59253,-0.3,0,2
358205,bullet3,15.6907,10.0265,0.8,0,1
358206,bullet5,9.80101,10.7116,0.8,0,1
358206,bullet1,6.33132,11.3637,0.8,0,1
358208,bullet4,14.5326,10.2059,0.8,0,1
358208,bullet6,10.2319,11.2414,0.8,0,1
358209,flyer1,12.0304,7.1145,-0.297975,0.0347979,2
358210,player,5.45151,11.8648,-0.151375,0.152489,1
358210,flyer2,12,6.59253,-0.3,0,2
358211,bullet5,13.801,10.7116,0.8,0,1
358211,bullet1,10.3313,11.3637,0.8,0,1
358211,bullet2,5.78339,11.9334,0.8,0,1
358213,bullet6,14.2319,11.2414,0.8,0,1
358214,flyer1,10.5405,7.2885,-0.297975,0.0347979,2
358215,player,4.77223,12.5758,-0.071137,0.0335685,1
358215,flyer2,10.5,6.59253,-0.3,0,2
358215,bullet3,5.17223,12.5758,0.8,0,1
358216,bullet1,14.3313,11.3637,0.8,0,1
358216,bullet2,9.78339,11.9334,0.8,0,1
358216,bullet4,5.14021,12.5909,0.8,0,1
358219,flyer1,9.05063,7.46249,-0.297975,0.0347979,2
358219,bullet5,5.11641,13.1598,0.8,0,1
358220,player,4.7151,13.1912,-0.00131268,0.0313741,1
358220,flyer2,9,6.59253,-0.3,0,2
358220,bullet3,9.17223,12.5758,0.8,0,1
358221,bullet2,13.7834,11.9334,0.8,0,1
358221,bullet4,9.14021,12.5909,0.8,0,1
358224,flyer1,7.56076,7.63648,-0.297975,0.0347979,2
358224,bullet5,9.11641,13.1598,0.8,0,1
358225,player,4.81314,12.6279,-0.121145,-0.0301757,1
358225,flyer2,7.5,6.59253,-0.3,0,2
358225,bullet3,13.1722,12.5758,0.8,0,1
358225,bullet6,5.21314,12.6279,0.8,0,1
358226,bullet4,13.1402,12.5909,0.8,0,1
358229,flyer1,6.07089,7.81047,-0.297975,0.0347979,2
358229,bullet5,13.1164,13.1598,0.8,0,1
358230,player,3.88897,12.1532,-0.49161,-0.200021,1
358230,flyer2,5.99999,6.59253,-0.3,0,2
358230,bullet6,9.21314,12.6279,0.8,0,1
358232,bullet1,3.9682,11.5334,0.8,0,1
358233,bullet2,3.9234,11.4468,0.8,0,1
358234,flyer1,4.58101,7.98446,-0.297975,0.0347979,2
358234,bullet3,3.90324,11.4078,0.8,0,1
358235,player,3.83167,11.7278,0.328428,0.319969,1
358235,flyer2,4.49999,6.59253,-0.3,0,2
358235,bullet6,13.2131,12.6279,0.8,0,1
358237,bullet1,7.9682,11.5334,0.8,0,1
358238,bullet2,7.9234,11.4468,0.8,0,1
358239,flyer1,3.09113,8.15845,-0.297975,0.0347979,2
358239,bullet3,7.90324,11.4078,0.8,0,1
358240,player,4.69774,10.3046,0.0199,-0.190565,1
358240,flyer2,2.99999,6.59253,-0.3,0,2
358240,bullet4,5.09774,10.3046,0.8,0,1
358242,bullet1,11.9682,11.5334,0.8,0,1
358243,bullet2,11.9234,11.4468,0.8,0,1
358244,flyer1,1.60126,8.33244,-0.297975,0.0347979,2
358244,bullet3,11.9032,11.4078,0.8,0,1
358245,player,4.71372,9.54925,0.000367212,-0.0173561,1
358245,flyer2,1.49999,6.59253,-0.3,0,2
358245,bullet4,9.09774,10.3046,0.8,0,1
358247,bullet1,15.9682,11.5334,0.8,0,1
358248,bullet2,15.9234,11.4468,0.8,0,1
358249,flyer1,0.111384,8.50642,-0.297975,0.0347979,2
358249,bullet3,15.9032,11.4078,0.8,0,1
358250,player,3.88714,10.0247,-0.489368,0.151555,1
358250,flyer2,-6.4373e-06,6.59253,-0.3,0,2
358250,flyer3,16.5,10.4925,-0.3,0,2
358250,bullet4,13.0977,10.3046,0.8,0,1
358252,flyer4,16.5,10.4925,-0.277379,-0.114285,2
358254,flyer5,16.5,10.4925,-0.266616,0.137534,2
358254,bullet5,4.46089,10.1436,0.8,0,1
358255,player,4.08261,10.1464,0.0217245,0.00279661,1
358255,flyer3,15,10.4925,-0.3,0,2
358255,bullet6,4.48261,10.1464,0.8,0,1
358257,flyer4,15.1131,9.92111,-0.277379,-0.114285,1
358259,flyer5,15.1669,11.1802,-0.266616,0.137534,2
358259,bullet5,8.46089,10.1436,0.8,0,1
358259,bullet1,4.49966,9.59088,0.8,0,1
358260,player,4.10006,9.56017,0.000400878,-0.0307031,1
358260,flyer3,13.5,10.4925,-0.3,0,2
358260,bullet6,8.48261,10.1464,0.8,0,1
358260,bullet2,4.50006,9.56017,0.8,0,1
358262,flyer4,13.7262,9.34969,-0.277379,-0.114285,1
358264,flyer5,13.8338,11.8679,-0.266616,0.137534,2
358264,bullet1,8.49966,9.59088,0.8,0,1
358265,player,4.10038,9.53551,7.39732e-06,-0.000566558,1
358265,bullet2,8.50006,9.56017,0.8,0,1
358265,bullet3,4.50038,9.53551,0.8,0,1
358267,flyer4,12.3393,8.77827,-0.277379,-0.114285,1
358269,flyer5,12.5007,12.5555,-0.266616,0.137534,2
358269,bullet1,12.4997,9.59088,0.8,0,1
358270,player,2.6167,9.87256,-0.436598,0.33749,1
358270,bullet2,12.5001,9.56017,0.8,0,1
358270,bullet3,8.50038,9.53551,0.8,0,1
358272,flyer4,10.9524,8.20684,-0.277379,-0.114285,1
358272,bullet4,2.73182,10.0928,0.8,0,1
358274,flyer5,11.1677,13.2432,-0.266616,0.137534,2
358274,bullet5,2.67413,10.1374,0.8,0,1
358275,player,2.26607,10.1436,-0.00805647,0.00622763,1
358275,bullet3,12.5004,9.53551,0.8,0,1
358275,bullet6,1.86607,10.1436,-0.8,-6.99382e-08,1
358277,flyer4,9.56553,7.63542,-0.277379,-0.114285,1
358277,bullet4,6.73182,10.0928,0.8,0,1
358278,bullet1,2.1707,10.6376,0.8,0,1
358279,flyer5,9.83458,13.9309,-0.266616,0.137534,2
358279,bullet5,6.67413,10.1374,0.8,0,1
358280,player,1.67113,10.7371,-0.0309033,0.0308696,1
358282,flyer4,8.17863,7.064,-0.277379,-0.114285,1
358282,bullet4,10.7318,10.0928,0.8,0,1
358282,bullet2,2.54034,11.2466,0.8,0,1
358283,bullet1,6.17071,10.6376,0.8,0,1
358284,flyer5,8.5015,14.6186,-0.266616,0.137534,2
358284,bullet5,10.6741,10.1374,0.8,0,1
358285,player,1.91112,11.0267,-0.324231,-0.323091,1
358287,flyer4,6.79173,6.49258,-0.277379,-0.114285,1
358287,bullet4,14.7318,10.0928,0.8,0,1
358287,bullet2,6.54034,11.2466,0.8,0,1
358288,bullet1,10.1707,10.6376,0.8,0,1
358289,flyer5,7.16841,15.3062,-0.266616,0.137534,2
358289,bullet5,14.6741,10.1374,0.8,0,1
358290,player,1.16136,11.845,-0.157858,0.176668,1
358291,bullet6,1.49033,11.9246,0.8,0,1
358292,flyer4,5.40484,5.92115,-0.277379,-0.114285,1
358292,bullet2,10.5403,11.2466,0.8,0,1
358292,bullet3,1.45836,11.9603,0.8,0,1
358293,bullet1,14.1707,10.6376,0.8,0,1
358294,flyer5,5.83533,15.9939,-0.266616,0.137534,2
358295,player,0.545216,11.9869,-0.154788,0.00326002,1
358296,bullet6,5.49033,11.9246,0.8,0,1
358297,flyer4,4.01794,5.34973,-0.277379,-0.114285,1
358297,bullet2,14.5403,11.2466,0.8,0,1
358297,bullet3,5.45836,11.9603,0.8,0,1
358297,bullet4,0.844217,11.9891,0.8,0,1
358300,player,0.420909,11.9895,-0.00285627,6.01565e-05,1
358300,bullet5,0.820909,11.9895,0.8,0,1
358301,bullet6,9.49033,11.9246,0.8,0,1
358302,flyer4,2.63105,4.77831,-0.277379,-0.114285,1
358302,bullet3,9.45836,11.9603,0.8,0,1
358302,bullet4,4.84422,11.9891,0.8,0,1
358305,player,0.7375,12.479,0.3375,0.151876,1
358305,bullet5,4.82091,11.9895,0.8,0,1
358306,bullet6,13.4903,11.9246,0.8,0,1
358307,flyer4,1.24416,4.20689,-0.277379,-0.114285,1
358307,bullet3,13.4584,11.9603,0.8,0,1
358307,bullet4,8.84422,11.9891,0.8,0,1
358310,player,1.00854,12.6009,0.00622782,0.00280254,1
358310,bullet5,8.82091,11.9895,0.8,0,1
358311,flyer6,16.5,10.4925,-0.288596,0.0819304,2
358312,flyer4,-0.142738,3.63546,-0.277379,-0.114285,1
358312,bullet4,12.8442,11.9891,0.8,0,1
358312,bullet1,1.4126,12.6028,0.8,0,1
358314,bullet2,1.41343,12.6031,0.8,0,1
358315,player,1.01354,12.6032,0.000114921,5.17148e-05,1
358315,bullet5,12.8209,11.9895,0.8,0,1
358316,flyer6,15.057,10.9022,-0.288596,0.0819304,2
358317,bullet1,5.4126,12.6028,0.8,0,1
358318,bullet6,1.41363,12.6032,0.8,0,1
358319,bullet2,5.41343,12.6031,0.8,0,1
358320,player,1.01363,12.6032,2.12061e-06,9.54283e-07,1
358321,flyer6,13.614,11.3118,-0.288596,0.0819304,2
358321,bullet3,1.41364,12.6032,0.8,0,1
358322,bullet1,9.41261,12.6028,0.8,0,1
358323,bullet6,5.41363,12.6032,0.8,0,1
358324,bullet2,9.41343,12.6031,0.8,0,1
358325,player,0.425163,12.8542,-0.0307546,-0.306745,1
358326,flyer6,12.1711,11.7215,-0.288596,0.0819304,1
358326,bullet3,5.41364,12.6032,0.8,0,1
358326,bullet4,0.811323,12.7162,0.8,0,1
358328,bullet6,9.41363,12.6032,0.8,0,1
358330,player,0.468808,11.5608,-0.0840988,-0.225879,1
358331,bullet3,9.41364,12.6032,0.8,0,1
358331,bullet4,4.81132,12.7162,0.8,0,1
358333,flayer7,16.5,10.4925,-0.3,0,2
358333,bullet6,13.4136,12.6032,0.8,0,1
358335,player,0.4,10.1886,0,-0.0487624,1
358335,bullet5,0.8,10.1886,0.8,0,1
358336,bullet3,13.4136,12.6032,0.8,0,1
358336,bullet4,8.81132,12.7162,0.8,0,1
358338,flayer7,15,10.4925,-0.3,0,2
358338,bullet1,0.8,10.1523,0.8,0,1
358340,player,0.4,10.1494,0,-0.000899803,1
358340,bullet5,4.8,10.1886,0.8,0,1
358341,bullet4,12.8113,12.7162,0.8,0,1
358341,bullet2,0.8,10.149,0.8,0,1
358343,flayer7,13.5,10.4925,-0.3,0,2
358343,bullet1,4.8,10.1523,0.8,0,1
358345,player,0.4,10.1487,0,-1.66039e-05,1
358345,bullet5,8.8,10.1886,0.8,0,1
358346,bullet2,4.8,10.149,0.8,0,1
358346,bullet6,0.8,10.1487,0.8,0,1
358348,flayer7,12,10.4925,-0.3,0,1
358348,bullet1,8.8,10.1523,0.8,0,1
358350,player,1.44709,10.217,0.220219,-0.0835316,1
358351,bullet2,8.8,10.149,0.8,0,1
358351,bullet6,4.8,10.1487,0.8,0,1
358355,player,1.27261,10.4736,-0.316521,0.352874,1
358356,flayer8,16.5,5.06331,-0.26837,-0.134081,2
358356,bullet2,12.8,10.149,0.8,0,1
358356,bullet6,8.8,10.1487,0.8,0,1
358356,bullet3,1.53017,10.6324,0.8,0,1
358360,player,2.06551,10.6887,0.214378,0.0900428,1
358361,flayer8,15.1582,4.3929,-0.26837,-0.134081,2
358361,flyer1,16.5,5.06331,-0.3,0,2
358361,bullet6,12.8,10.1487,0.8,0,1
358361,bullet3,5.53017,10.6324,0.8,0,1
358365,player,1.6492,11.9518,-0.0267988,0.0462558,1
358365,bullet4,2.0492,11.9518,0.8,0,1
358366,flayer8,13.8163,3.7225,-0.26837,-0.134081,2
358366,flyer1,15,5.06331,-0.3,0,2
358366,bullet3,9.53018,10.6324,0.8,0,1
358366,bullet5,2.03714,11.9726,0.8,0,1
358368,bullet1,2.02927,11.9862,0.8,0,1
358370,player,1.62768,11.9889,-0.000494513,0.00085355,1
358370,bullet4,6.0492,11.9518,0.8,0,1
358371,flayer8,12.4745,3.05209,-0.26837,-0.134081,2
358371,flyer1,13.5,5.06331,-0.3,0,2
358371,bullet3,13.5302,10.6324,0.8,0,1
358371,bullet5,6.03714,11.9726,0.8,0,1
358373,bullet1,6.02927,11.9862,0.8,0,1
358375,player,2.11665,12.479,0.151866,0.151891,1
358375,bullet4,10.0492,11.9518,0.8,0,1
358375,bullet2,2.51665,12.479,0.8,0,1
358376,flayer8,11.1326,2.38169,-0.26837,-0.134081,2
358376,flyer1,12,5.06331,-0.3,0,2
358376,bullet5,10.0371,11.9726,0.8,0,1
358378,bullet1,10.0293,11.9862,0.8,0,1
358380,player,1.6809,13.1587,-0.0655414,0.0711466,1
358380,bullet4,14.0492,11.9518,0.8,0,1
358380,bullet2,6.51665,12.479,0.8,0,1
358381,flayer8,9.79076,1.71128,-0.26837,-0.134081,2
358381,flyer1,10.5,5.06331,-0.3,0,2
358381,bullet5,14.0371,11.9726,0.8,0,1
358383,bullet1,14.0293,11.9862,0.8,0,1
358384,bullet6,2.61794,13.803,0.8,0,1
358385,player,2.23057,13.8181,0.0126302,0.0151525,1
358385,bullet2,10.5167,12.479,0.8,0,1
358386,flayer8,8.44891,1.04088,-0.26837,-0.134081,2
358386,flyer1,9,5.06331,-0.3,0,2
358386,bullet3,2.63626,13.8249,0.8,0,1
358389,bullet6,6.61795,13.803,0.8,0,1
358390,player,2.30906,13.8303,-0.0832982,0.000279606,1
358390,bullet2,14.5167,12.479,0.8,0,1
358391,flayer8,7.10706,0.370473,-0.26837,-0.134081,2
358391,flyer1,7.5,5.06331,-0.3,0,2
358391,bullet3,6.63626,13.8249,0.8,0,1
358392,bullet4,2.16534,13.3411,0.8,0,1
358394,bullet6,10.6179,13.803,0.8,0,1
358395,player,1.15048,12.7388,-0.167252,-0.165709,1
358396,flayer8,5.76521,-0.299932,-0.26837,-0.134081,2
358396,flyer1,5.99999,5.06331,-0.3,0,2
358396,bullet3,10.6363,13.8249,0.8,0,1
358397,bullet4,6.16534,13.3411,0.8,0,1
358398,bullet5,1.42611,12.6156,0.8,0,1
358399,bullet6,14.6179,13.803,0.8,0,1
358400,player,0.526787,12.1164,-0.154961,-0.154933,1
358401,flyer1,4.49999,5.06331,-0.3,0,2
358401,bullet3,14.6363,13.8249,0.8,0,1
358402,bullet4,10.1653,13.3411,0.8,0,1
358403,bullet5,5.42611,12.6156,0.8,0,1
358404,flyer2,16.5,15.0711,-0.291304,-0.0717074,2
358405,player,0.7375,12.5497,0.3375,0.0654848,1
358406,flyer1,2.99999,5.06331,-0.3,0,2
358406,bullet1,0.489375,12.5791,-0.8,-6.99382e-08,1
358407,bullet4,14.1653,13.3411,0.8,0,1
358408,bullet5,9.42611,12.6156,0.8,0,1
358409,flyer2,15.0435,14.7126,-0.291304,-0.0717074,2
358410,player,0.4,13.4975,-0.099904,0.407052,1
358410,flyer3,16.5,15.0711,-0.292853,0.0650939,2
358411,flyer1,1.49999,5.06331,-0.3,0,2
358413,bullet5,13.4261,12.6156,0.8,0,1
358413,bullet2,0.8,14.2895,0.8,0,1
358414,flyer2,13.587,14.3541,-0.291304,-0.0717074,2
358415,player,0.4,14.4128,0,0.0382659,1
358415,flyer3,15.0357,15.3966,-0.292853,0.0650939,2
358415,bullet6,0.8,14.4128,0.8,0,1
358416,flyer1,-6.4373e-06,5.06331,-0.3,0,2
358418,bullet2,4.8,14.2895,0.8,0,1
358419,flyer2,12.1304,13.9955,-0.291304,-0.0717074,2
358419,bullet3,1.28938,13.365,0.8,0,1
358420,player,0.957719,13.2835,0.0683438,-0.0814772,1
358420,flyer3,13.5715,15.7221,-0.292853,0.0650939,2
358420,bullet6,4.8,14.4128,0.8,0,1
358422,bullet1,1.40231,13.2304,0.8,0,1
358423,bullet2,8.8,14.2895,0.8,0,1
358424,flyer2,10.6739,13.637,-0.291304,-0.0717074,2
358424,bullet3,5.28938,13.365,0.8,0,1
358425,player,1.57032,12.6604,0.0696049,-0.0698472,1
358425,flyer3,12.1072,16.0475,-0.292853,0.0650939,2
358425,bullet6,8.8,14.4128,0.8,0,1
358426,bullet4,2.00165,12.629,0.8,0,1
358427,bullet1,5.40231,13.2304,0.8,0,1
358429,flyer2,9.21741,13.2784,-0.291304,-0.0717074,0
358430,player,1.28872,12.9418,-0.336216,0.336211,1
358430,flyer3,10.643,16.373,-0.292853,0.0650939,2
358430,bullet6,12.8,14.4128,0.8,0,1
358431,bullet4,6.00165,12.629,0.8,0,1
358432,bullet1,9.40231,13.2304,0.8,0,1
358432,bullet5,1.46934,13.1612,0.8,0,1
358435,player,1.57643,13.2118,0.0621396,0.00620404,1
358435,flyer5,16.5,15.0711,-0.272619,-0.125214,2
358435,bullet2,1.97643,13.2118,0.8,0,1
358436,bullet4,10.0016,12.629,0.8,0,1
358437,bullet1,13.4023,13.2304,0.8,0,1
358437,bullet5,5.46934,13.1612,0.8,0,1
358440,player,1.62633,13.2168,0.00114665,0.000114482,1
358440,flyer5,15.1369,14.4451,-0.272619,-0.125214,2
358440,bullet2,5.97643,13.2118,0.8,0,1
358441,bullet4,14.0016,12.629,0.8,0,1
358441,bullet3,2.02685,13.2168,0.8,0,1
358442,bullet5,9.46934,13.1612,0.8,0,1
358444,bullet6,2.02723,13.7062,0.8,0,1
358445,player,1.62726,13.7746,2.11589e-05,0.0683459,1
358445,flyer5,13.7738,13.819,-0.272619,-0.125214,2
358445,bullet2,9.97643,13.2118,0.8,0,1
358446,bullet3,6.02685,13.2168,0.8,0,1
358448,bullet1,2.58499,13.8254,0.8,0,1
358449,bullet6,6.02724,13.7062,0.8,0,1
358449,bullet4,1.81575,13.8282,-0.8,-6.99382e-08,1
358450,player,2.22959,13.8295,0.01384,0.00126117,1
358451,bullet3,10.0269,13.2168,0.8,0,1
358453,bullet1,6.58499,13.8254,0.8,0,1
358454,flyer4,16.5,15.0711,-0.3,0,2
358454,bullet6,10.0272,13.7062,0.8,0,1
358455,player,2.1416,13.9296,0.121376,-0.121097,1
358456,bullet3,14.0269,13.2168,0.8,0,1
358458,bullet1,10.585,13.8254,0.8,0,1
358459,flyer4,15,15.0711,-0.3,0,2
358459,flyer6,16.5,6.47281,-0.3,0,2
358459,bullet6,14.0272,13.7062,0.8,0,1
358460,player,2.90974,14.503,-0.0674519,-0.0719262,1
358461,bullet5,3.27938,14.4706,0.8,0,1
358462,bullet2,3.26572,14.4561,0.8,0,1
358463,bullet1,14.585,13.8254,0.8,0,1
358464,flyer4,13.5,15.0711,-0.3,0,2
358464,flyer6,15,6.47281,-0.3,0,2
358464,bullet4,3.25681,14.4466,0.8,0,1
358465,player,2.85557,14.4452,-0.00124468,-0.00132724,1
358466,bullet5,7.27938,14.4706,0.8,0,1
358467,bullet2,7.26572,14.4561,0.8,0,1
358469,flyer4,12,15.0711,-0.3,0,2
358469,flyer6,13.5,6.47281,-0.3,0,2
358469,bullet4,7.25681,14.4466,0.8,0,1
358469,bullet3,2.76522,13.8557,0.8,0,1
358470,player,2.29685,13.8419,-0.0683667,-0.0138641,1
358474,flyer6,12,6.47281,-0.3,0,2
358474,bullet4,11.2568,14.4466,0.8,0,1
358474,bullet3,6.76522,13.8557,0.8,0,1
358475,player,2.2727,13.8,-0.0388506,0.0373332,1
358475,bullet6,2.6727,13.8,0.8,0,1
358479,flyer6,10.5,6.47281,-0.3,0,2
358479,bullet4,15.2568,14.4466,0.8,0,1
358479,bullet3,10.7652,13.8557,0.8,0,1
358480,player,2.68628,14.99,0.205662,0.0828723,1
358480,bullet6,6.6727,13.8,0.8,0,1
358481,flayer7,16.5,15.0711,-0.3,0,2
358483,bullet1,2.74984,15.0516,0.8,0,1
358484,flyer6,9,6.47281,-0.3,0,2
358484,bullet3,14.7652,13.8557,0.8,0,1
358485,player,2.60047,15.0565,0.31054,0.00152923,1
358485,bullet6,10.6727,13.8,0.8,0,1
358486,flayer7,15,15.0711,-0.3,0,2
358486,bullet5,3.14021,15.0572,0.8,0,1
358488,bullet1,6.74984,15.0516,0.8,0,1
358489,flyer6,7.5,6.47281,-0.3,0,2
358489,bullet2,3.24413,15.0577,0.8,0,1
358490,player,2.84986,15.0578,0.00573034,2.82185e-05,1
358490,bullet6,14.6727,13.8,0.8,0,1
358491,flayer7,13.5,15.0711,-0.3,0,2
358491,bullet5,7.14021,15.0572,0.8,0,1
358493,bullet1,10.7498,15.0516,0.8,0,1
358494,flyer6,5.99999,6.47281,-0.3,0,2
358494,bullet2,7.24413,15.0577,0.8,0,1
358495,player,1.69443,15.2677,-0.0820776,-0.33231,1
358496,flayer7,12,15.0711,-0.3,0,0
358496,bullet4,2.0575,15.1182,0.8,0,1
358499,flyer6,4.49999,6.47281,-0.3,0,2
358499,bullet2,11.2441,15.0577,0.8,0,1
358500,player,1.62852,14.6633,-0.00151456,-0.343632,1
358501,bullet4,6.0575,15.1182,0.8,0,1
358502,flayer8,16.5,6.47281,-0.297161,-0.0411746,2
358502,bullet3,2.02753,14.4391,0.8,0,1
358503,bullet6,2.02739,14.4078,0.8,0,1
358504,flyer6,2.99999,6.47281,-0.3,0,2
358504,bullet2,15.2441,15.0577,0.8,0,1
358505,player,1.6273,14.3874,-2.79479e-05,-0.00634098,1
358506,bullet4,10.0575,15.1182,0.8,0,1
358507,flayer8,15.0142,6.26693,-0.297161,-0.0411746,2
358507,bullet3,6.02753,14.4391,0.8,0,1
358507,bullet1,2.51666,14.3832,0.8,0,1
358508,bullet6,6.02739,14.4078,0.8,0,1
358509,flyer6,1.49999,6.47281,-0.3,0,2
358510,player,2.22959,14.3823,0.0138391,-0.000117009,1
358511,bullet4,14.0575,15.1182,0.8,0,1
358512,flayer8,13.5284,6.06106,-0.297161,-0.0411746,2
358512,bullet3,10.0275,14.4391,0.8,0,1
358512,bullet1,6.51666,14.3832,0.8,0,1
358513,bullet6,10.0274,14.4078,0.8,0,1
358514,flyer6,-6.4373e-06,6.47281,-0.3,0,2
358514,bullet5,2.15108,14.8715,0.8,0,1
358515,player,1.68299,14.9399,-0.0680884,0.0683416,1
358517,flayer8,12.0426,5.85519,-0.297161,-0.0411746,2
358517,bullet3,14.0275,14.4391,0.8,0,1
358517,bullet1,10.5167,14.3832,0.8,0,1
358518,bullet6,14.0274,14.4078,0.8,0,1
358519,bullet5,6.15108,14.8715,0.8,0,1
358520,player,1.96581,14.0996,0.336244,-0.404583,1
358521,flyer1,16.5,6.47281,-0.299953,0.0052937,2
358522,flayer8,10.5568,5.64932,-0.297161,-0.0411746,2
358522,bullet1,14.5167,14.3832,0.8,0,1
358524,bullet5,10.1511,14.8715,0.8,0,1
358524,bullet2,2.04116,13.7821,0.8,0,1
358525,player,1.29603,14.1121,-0.345135,0.330034,1
358526,flyer1,15.0002,6.49928,-0.299953,0.0052937,2
358527,flayer8,9.07097,5.44345,-0.297161,-0.0411746,2
358529,bullet5,14.1511,14.8715,0.8,0,1
358529,bullet2,6.04116,13.7821,0.8,0,1
358530,player,2.16505,13.8195,0.0927297,-0.0622537,1
358530,bullet4,2.56505,13.8195,0.8,0,1
358531,flyer1,13.5005,6.52574,-0.299953,0.0052937,2
358532,flayer8,7.58517,5.23757,-0.297161,-0.0411746,2
358533,bullet3,2.07628,14.3309,0.8,0,1
358534,bullet2,10.0412,13.7821,0.8,0,1
358535,player,2.12658,14.3718,0.139747,0.0126909,1
358535,bullet4,6.56505,13.8195,0.8,0,1
358536,flyer1,12.0007,6.55221,-0.299953,0.0052937,2
358537,flayer8,6.09936,5.0317,-0.297161,-0.0411746,2
358538,bullet3,6.07628,14.3309,0.8,0,1
358538,bullet6,2.6305,13.8919,0.8,0,1
358539,bullet2,14.0412,13.7821,0.8,0,1
358540,player,2.23881,13.7935,0.00257872,-0.0305205,1
358540,bullet4,10.565,13.8195,0.8,0,1
358541,flyer1,10.5009,6.57868,-0.299953,0.0052937,2
358542,flayer8,4.61356,4.82583,-0.297161,-0.0411746,2
358543,bullet3,10.0763,14.3309,0.8,0,1
358543,bullet6,6.6305,13.8919,0.8,0,1
358545,player,1.7515,14.2584,-0.151827,0.151312,1
358545,bullet4,14.565,13.8195,0.8,0,1
358545,bullet1,2.1515,14.2584,0.8,0,1
358546,flyer1,9.00116,6.60515,-0.299953,0.0052937,2
358547,flayer8,3.12775,4.61996,-0.297161,-0.0411746,2
358548,bullet3,14.0763,14.3309,0.8,0,1
358548,bullet6,10.6305,13.8919,0.8,0,1
358550,player,1.62957,13.8222,-0.00280164,-0.0655516,1
358550,bullet1,6.1515,14.2584,0.8,0,1
358550,bullet5,2.02957,13.8222,0.8,0,1
358551,flyer1,7.5014,6.63162,-0.299953,0.0052937,2
358552,flayer8,1.64195,4.41409,-0.297161,-0.0411746,2
358553,bullet6,14.6305,13.8919,0.8,0,1
358555,player,1.96482,13.5185,0.337448,0.305536,1
358555,bullet1,10.1515,14.2584,0.8,0,1
358555,bullet5,6.02957,13.8222,0.8,0,1
358556,flyer1,6.00163,6.65809,-0.299953,0.0052937,2
358556,bullet2,2.51667,13.656,0.8,0,1
358557,flayer8,0.15614,4.20821,-0.297161,-0.0411746,2
358558,bullet4,2.61576,13.7458,0.8,0,1
358560,player,2.23582,13.7639,0.00622687,0.00563799,1
358560,bullet1,14.1515,14.2584,0.8,0,1
358560,bullet5,10.0296,13.8222,0.8,0,1
358561,flyer1,4.50186,6.68456,-0.299953,0.0052937,2
358561,bullet2,6.51667,13.656,0.8,0,1
358563,bullet4,6.61576,13.7458,0.8,0,1
358565,player,1.90332,14.6637,-0.337385,0.405948,1
358565,bullet5,14.0296,13.8222,0.8,0,1
358566,flyer1,3.0021,6.71103,-0.299953,0.0052937,2
358566,bullet2,10.5167,13.656,0.8,0,1
358568,flyer2,16.5,4.92548,-0.3,0,2
358568,bullet4,10.6158,13.7458,0.8,0,1
358568,bullet3,1.49472,14.4078,0.8,0,1
358570,player,0.540686,14.8767,-0.17194,0.145526,1
358571,flyer1,1.50233,6.7375,-0.299953,0.0052937,2
358571,bullet2,14.5167,13.656,0.8,0,1
358571,bullet6,0.863313,14.9422,0.8,0,1
358573,flyer2,15,4.92548,-0.3,0,2
358573,bullet4,14.6158,13.7458,0.8,0,1
358573,bullet3,5.49472,14.4078,0.8,0,1
358575,player,0.891979,14.9936,0.148702,0.00268537,1
358576,flyer1,0.00256222,6.76397,-0.299953,0.0052937,2
358576,bullet6,4.86331,14.9422,0.8,0,1
358576,bullet1,1.35889,14.9948,0.8,0,1
358578,flyer2,13.5,4.92548,-0.3,0,2
358578,bullet3,9.49472,14.4078,0.8,0,1
358578,bullet5,1.40256,14.9956,0.8,0,1
358580,player,1.50077,14.5064,0.154619,-0.151825,1
358581,bullet6,8.86331,14.9422,0.8,0,1
358581,bullet1,5.35889,14.9948,0.8,0,1
358583,flyer2,12,4.92548,-0.3,0,2
358583,bullet3,13.4947,14.4078,0.8,0,1
358583,bullet5,5.40256,14.9956,0.8,0,1
358585,player,1.13557,14.3845,-0.149022,-0.00280161,1
358586,bullet6,12.8633,14.9422,0.8,0,1
358586,bullet1,9.3589,14.9948,0.8,0,1
358588,flyer2,10.5,4.92548,-0.3,0,2
358588,bullet5,9.40256,14.9956,0.8,0,1
358588,bullet2,1.18247,13.8247,-0.8,-6.99382e-08,1
358590,player,1.61821,13.7799,0.0110897,-0.0138913,1
358591,flyer3,16.5,6.47281,-0.3,0,2
358591,bullet1,13.3589,14.9948,0.8,0,1
358591,bullet4,2.0232,13.7736,0.8,0,1
358593,flyer2,9,4.92548,-0.3,0,2
358593,bullet5,13.4026,14.9956,0.8,0,1
358593,bullet3,2.02645,13.7696,0.8,0,1
358595,player,1.62711,13.7687,0.000204637,-0.000256334,1
358596,flyer3,15,6.47281,-0.3,0,2
358596,bullet4,6.0232,13.7736,0.8,0,1
358598,flyer2,7.5,4.92548,-0.3,0,2
358598,bullet3,6.02645,13.7696,0.8,0,1
358599,bullet2,1.4388,13.7685,0.8,0,1
358600,player,1.36246,13.431,0.323664,-0.337505,1
358601,flyer3,13.5,6.47281,-0.3,0,2
358601,bullet4,10.0232,13.7736,0.8,0,1
358603,flyer2,5.99999,4.92548,-0.3,0,2
358603,bullet3,10.0265,13.7696,0.8,0,1
358604,bullet2,5.4388,13.7685,0.8,0,1
358605,player,0.476203,13.7177,-0.0931259,0.0621158,1
358605,bullet6,0.876203,13.7177,0.8,0,1
358606,flyer3,12,6.47281,-0.3,0,2
358606,bullet4,14.0232,13.7736,0.8,0,1
358608,flyer2,4.49999,4.92548,-0.3,0,2
358608,bullet3,14.0265,13.7696,0.8,0,1
358609,bullet2,9.4388,13.7685,0.8,0,1
358609,bullet1,0.803133,13.2087,0.8,0,1
358610,player,0.738915,12.8416,0.335782,-0.367108,1
358610,bullet6,4.8762,13.7177,0.8,0,1
358611,flyer3,10.5,6.47281,-0.3,0,2
358613,flyer2,2.99999,4.92548,-0.3,0,2
358613,bullet5,1.38861,12.5686,0.8,0,1
358614,bullet2,13.4388,13.7685,0.8,0,1
358614,bullet1,4.80313,13.2087,0.8,0,1
358615,player,1.00858,12.5468,0.00619611,-0.00677418,1
358615,bullet6,8.8762,13.7177,0.8,0,1
358616,flyer3,9,6.47281,-0.3,0,2
358618,flyer2,1.49999,4.92548,-0.3,0,2
358618,bullet5,5.38861,12.5686,0.8,0,1
358619,bullet1,8.80313,13.2087,0.8,0,1
358620,player,0.676051,11.6015,-0.337386,-0.351465,1
358620,bullet6,12.8762,13.7177,0.8,0,1
358621,flyer3,7.5,6.47281,-0.3,0,2
358622,bullet4,0.855907,11.3722,0.8,0,1
358623,flyer2,-6.4373e-06,4.92548,-0.3,0,2
358623,bullet5,9.38861,12.5686,0.8,0,1
358624,bullet1,12.8031,13.2087,0.8,0,1
358625,player,0.4,10.7616,-0,-0.0748293,1
358625,bullet6,16.8762,13.7177,0.8,0,1
358626,flyer3,5.99999,6.47281,-0.3,0,2
358627,bullet4,4.85591,11.3722,0.8,0,1
358628,bullet5,13.3886,12.5686,0.8,0,1
358628,bullet3,1.35772,10.7059,0.8,0,1
358630,player,1.00231,11.039,0.0138396,0.336119,1
358631,flyer3,4.49999,6.47281,-0.3,0,2
358632,flyer5,16.5,4.92548,-0.29742,-0.0392637,2
358632,bullet4,8.85591,11.3722,0.8,0,1
358633,bullet3,5.35772,10.7059,0.8,0,1
358633,bullet2,0.92323,11.7783,0.8,0,1
358635,player,0.424954,11.8974,-0.0304993,0.036957,1
358635,bullet6,0.0249544,11.8974,-0.8,-6.99382e-08,1
358636,flyer3,2.99999,6.47281,-0.3,0,2
358637,flyer5,15.0129,4.72916,-0.29742,-0.0392637,2
358637,bullet4,12.8559,11.3722,0.8,0,1
358637,bullet1,0.805054,11.9215,0.8,0,1
358638,bullet3,9.35772,10.7059,0.8,0,1
358638,bullet2,4.92323,11.7783,0.8,0,1
358640,player,0.737961,11.5896,0.336937,-0.336818,1
358641,flyer3,1.49999,6.47281,-0.3,0,2
358642,flyer5,13.5258,4.53284,-0.29742,-0.0392637,2
358642,bullet1,4.80505,11.9215,0.8,0,1
358643,bullet3,13.3577,10.7059,0.8,0,1
358643,bullet2,8.92323,11.7783,0.8,0,1
358645,player,1.05314,10.159,-0.0482867,-0.0883986,1
358645,bullet5,1.45314,10.159,0.8,0,1
358646,flyer3,-6.4373e-06,6.47281,-0.3,0,2
358647,flyer5,12.0387,4.33652,-0.29742,-0.0392637,2
358647,bullet1,8.80505,11.9215,0.8,0,1
358648,bullet2,12.9232,11.7783,0.8,0,1
358648,bullet6,0.927862,9.60393,0.8,0,1
358650,player,0.4,9.16207,-0,-0.369886,1
358650,bullet5,5.45314,10.159,0.8,0,1
358652,flyer5,10.5516,4.1402,-0.29742,-0.0392637,2
358652,bullet1,12.8051,11.9215,0.8,0,1
358653,bullet6,4.92786,9.60393,0.8,0,1
358653,bullet4,0.8,8.88701,0.8,0,1
358655,player,0.4,8.86502,0,-0.00682544,1
358655,bullet5,9.45315,10.159,0.8,0,1
358657,flyer5,9.06451,3.94388,-0.29742,-0.0392637,2
358658,bullet6,8.92786,9.60393,0.8,0,1
358658,bullet4,4.8,8.88701,0.8,0,1
358660,player,1.00231,8.30182,0.0138396,-0.0684697,1
358660,bullet5,13.4531,10.159,0.8,0,1
358660,bullet3,1.40231,8.30182,0.8,0,1
358662,flyer5,7.57741,3.74756,-0.29742,-0.0392637,2
358663,bullet6,12.9279,9.60393,0.8,0,1
358663,bullet4,8.8,8.88701,0.8,0,1
358665,player,0.411115,8.1339,-0.0135842,0.136772,1
358665,bullet3,5.40231,8.30182,0.8,0,1
358666,bullet2,0.805002,8.19544,0.8,0,1
358667,flyer5,6.09032,3.55124,-0.29742,-0.0392637,2
358668,bullet4,12.8,8.88701,0.8,0,1
358670,player,0.400205,8.24373,-0.000250667,0.00252383,1
358670,bullet3,9.40231,8.30182,0.8,0,1
358670,bullet1,0.800205,8.24373,0.8,0,1
358671,bullet2,4.805,8.19544,0.8,0,1
358672,flyer5,4.60322,3.35493,-0.29742,-0.0392637,2
358675,player,0.957723,8.24576,0.0683391,4.65717e-05,1
358675,bullet3,13.4023,8.30182,0.8,0,1
358675,bullet1,4.80021,8.24373,0.8,0,1
358676,bullet2,8.805,8.19544,0.8,0,1
358677,flyer5,3.11612,3.15861,-0.29742,-0.0392637,2
358679,flyer4,16.5,6.47281,-0.3,0,2
358679,bullet5,0.8,8.83427,0.8,0,1
358680,player,0.4,8.84811,0,0.0138405,1
358680,bullet1,8.80021,8.24373,0.8,0,1
358681,bullet2,12.805,8.19544,0.8,0,1
358681,bullet6,0.8,8.85434,0.8,0,1
358682,flyer5,1.62902,2.96229,-0.29742,-0.0392637,2
358684,flyer4,15,6.47281,-0.3,0,2
358684,bullet5,4.8,8.83427,0.8,0,1
358685,player,0.4,9.3486,0,0.15213,1
358685,bullet1,12.8002,8.24373,0.8,0,1
358686,bullet6,4.8,8.85434,0.8,0,1
358687,flyer5,0.141926,2.76597,-0.29742,-0.0392637,2
358687,bullet4,0.8,9.44787,0.8,0,1
358689,flyer4,13.5,6.47281,-0.3,0,2
358689,bullet5,8.8,8.83427,0.8,0,1
358690,player,0.7375,9.13328,0.3375,-0.334693,1
358690,bullet1,16.8002,8.24373,0.8,0,1
358691,bullet6,8.8,8.85434,0.8,0,1
358692,bullet4,4.8,9.44787,0.8,0,1
358693,bullet3,1.38847,8.32667,0.8,0,1
358694,flyer4,12,6.47281,-0.3,0,2
358694,bullet5,12.8,8.83427,0.8,0,1
358695,player,0.519166,8.26217,-0.145647,-0.0200156,1
358696,bullet6,12.8,8.85434,0.8,0,1
358697,bullet4,8.8,9.44787,0.8,0,1
358698,bullet3,5.38847,8.32667,0.8,0,1
358699,flyer4,10.5,6.47281,-0.3,0,2
358699,bullet2,0.804887,8.24647,0.8,0,1
358700,player,0.4,8.5836,-0,0.337131,1
358702,bullet4,12.8,9.44787,0.8,0,1
358703,bullet3,9.38847,8.32667,0.8,0,1
358704,flyer4,9,6.47281,-0.3,0,2
358704,bullet2,4.80489,8.24647,0.8,0,1
358704,bullet1,0.8,8.35875,0.8,0,1
358705,player,0.4,8.29663,0,-0.0621227,1
358707,bullet5,0.8,7.76672,0.8,0,1
358708,bullet3,13.3885,8.32667,0.8,0,1
358709,flyer4,7.5,6.47281,-0.3,0,2
358709,bullet2,8.80489,8.24647,0.8,0,1
358709,bullet1,4.8,8.35875,0.8,0,1
358710,player,1.22688,7.49255,0.489375,0.170639,1
358712,bullet5,4.8,7.76672,0.8,0,1
358714,flyer4,5.99999,6.47281,-0.3,0,2
358714,bullet2,12.8049,8.24647,0.8,0,1
358714,bullet1,8.8,8.35875,0.8,0,1
358715,player,2.1776,7.07187,0.0773741,-0.065195,1
358717,bullet5,8.8,7.76672,0.8,0,1
358719,flyer4,4.49999,6.47281,-0.3,0,2
358719,flayer7,16.5,4.92548,-0.298164,0.0331408,2
358719,bullet1,12.8,8.35875,0.8,0,1
358720,player,2.94115,8.2103,-0.105853,0.0433913,1
358720,bullet6,3.34115,8.2103,0.8,0,1
358722,bullet5,12.8,7.76672,0.8,0,1
358722,bullet4,3.27208,8.23861,0.8,0,1
358724,flyer4,2.99999,6.47281,-0.3,0,2
358724,flayer7,15.0092,5.09118,-0.298164,0.0331408,2
358725,player,2.36677,8.73452,-0.153828,0.152676,1
358725,bullet6,7.34115,8.2103,0.8,0,1
358727,bullet4,7.27208,8.23861,0.8,0,1
358729,flyer4,1.49999,6.47281,-0.3,0,2
358729,flayer7,13.5184,5.25688,-0.298164,0.0331408,2
358730,player,1.15154,7.76545,-0.168553,-0.162897,1
358730,bullet6,11.3412,8.2103,0.8,0,1
358730,bullet3,1.55154,7.76545,0.8,0,1
358732,bullet4,11.2721,8.23861,0.8,0,1
358732,bullet2,1.44156,7.65915,0.8,0,1
358734,flyer4,-6.4373e-06,6.47281,-0.3,0,2
358734,flayer7,12.0275,5.42259,-0.298164,0.0331408,2
358735,player,0.526806,8.124,-0.154985,0.148869,1
358735,bullet6,15.3412,8.2103,0.8,0,1
358735,bullet3,5.55154,7.76545,0.8,0,1
358737,bullet4,15.2721,8.23861,0.8,0,1
358737,bullet2,5.44156,7.65915,0.8,0,1
358739,flayer7,10.5367,5.58829,-0.298164,0.0331408,2
358739,flyer6,16.5,4.92548,-0.3,0,2
358740,player,1.22688,6.81437,0.489375,-0.500468,1
358740,bullet3,9.55154,7.76545,0.8,0,1
358742,bullet2,9.44156,7.65915,0.8,0,1
358742,bullet1,1.94619,6.48781,0.8,0,1
358744,flayer7,9.04591,5.75399,-0.298164,0.0331408,2
358744,flyer6,15,4.92548,-0.3,0,2
358745,player,2.10926,6.90182,0.160905,0.14264,1
358745,bullet3,13.5515,7.76545,0.8,0,1
358747,bullet2,13.4416,7.65915,0.8,0,1
358747,bullet1,5.94619,6.48781,0.8,0,1
358747,bullet5,3.10362,6.50552,0.8,0,1
358749,flayer7,7.5551,5.91969,-0.298164,0.0331408,1
358749,flyer6,13.5,4.92548,-0.3,0,2
358750,player,2.84079,6.41406,0.0168088,-0.0112075,1
358750,bullet6,3.24079,6.41406,0.8,0,1
358752,bullet5,7.10363,6.50552,0.8,0,1
358753,bullet4,3.25329,6.40573,0.8,0,1
358754,flyer6,12,4.92548,-0.3,0,2
358754,bullet3,3.25398,6.40527,0.8,0,1
358755,player,2.85429,6.40506,0.000310169,-0.00020681,1
358755,bullet6,7.24079,6.41406,0.8,0,1
358758,bullet4,7.25329,6.40573,0.8,0,1
358759,flyer6,10.5,4.92548,-0.3,0,2
358759,bullet3,7.25398,6.40527,0.8,0,1
358759,bullet1,3.25453,6.99337,0.8,0,1
358760,player,2.85454,7.34471,5.72349e-06,0.351336,1
358760,bullet6,11.2408,6.41406,0.8,0,1
358763,bullet4,11.2533,6.40573,0.8,0,1
358764,flyer6,9,4.92548,-0.3,0,2
358764,bullet3,11.254,6.40527,0.8,0,1
358764,bullet1,7.25453,6.99337,0.8,0,1
358765,player,2.26607,7.62686,-0.0307546,0.00648313,1
358765,bullet6,15.2408,6.41406,0.8,0,1
358767,bullet2,2.646,7.63109,0.8,0,1
358768,bullet4,15.2533,6.40573,0.8,0,1
358769,flyer6,7.5,4.92548,-0.3,0,2
358769,bullet3,15.254,6.40527,0.8,0,1
358769,bullet1,11.2545,6.99337,0.8,0,1
358770,player,2.24137,7.14269,-0.000567509,-0.151755,1
358771,flayer8,16.5,4.92548,-0.3,0,2
358772,bullet2,6.646,7.63109,0.8,0,1
358774,flyer6,5.99999,4.92548,-0.3,0,2
358774,bullet1,15.2545,6.99337,0.8,0,1
358775,player,1.09472,7.60929,-0.0991089,0.0279544,1
358776,flayer8,15,4.92548,-0.3,0,2
358776,flyer1,16.5,10.0471,-0.3,0,2
358776,bullet5,1.45013,7.62187,0.8,0,1
358777,bullet2,10.646,7.63109,0.8,0,1
358778,bullet6,1.42102,7.63008,0.8,0,1
358779,flyer6,4.49999,4.92548,-0.3,0,2
358780,player,1.50451,7.14237,0.150046,-0.151359,1
358781,flayer8,13.5,4.92548,-0.3,0,2
358781,flyer1,15,10.0471,-0.3,0,2
358781,bullet5,5.45013,7.62187,0.8,0,1
358782,bullet2,14.646,7.63109,0.8,0,1
358782,bullet4,2.00241,7.04361,0.8,0,1
358783,bullet6,5.42102,7.63008,0.8,0,1
358784,flyer6,2.99999,4.92548,-0.3,0,2
358785,player,2.18272,6.68331,0.0711125,-0.340293,1
358786,flayer8,12,4.92548,-0.3,0,2
358786,flyer1,13.5,10.0471,-0.3,0,2
358786,bullet5,9.45013,7.62187,0.8,0,1
358787,bullet4,6.00241,7.04361,0.8,0,1
358788,bullet6,9.42103,7.63008,0.8,0,1
358789,flyer6,1.49999,4.92548,-0.3,0,2
358790,player,1.75046,5.95959,-0.150563,-0.205744,1
358791,flayer8,10.5,4.92548,-0.3,0,2
358791,flyer1,12,10.0471,-0.3,0,2
358791,bullet5,13.4501,7.62187,0.8,0,1
358792,bullet4,10.0024,7.04361,0.8,0,1
358793,bullet6,13.421,7.63008,0.8,0,1
358793,bullet3,2.52787,5.31722,0.8,0,1
358794,flyer6,-6.4373e-06,4.92548,-0.3,0,2
358795,player,2.21802,5.20589,0.0279764,-0.0345512,1
358795,bullet1,2.61802,5.20589,0.8,0,1
358796,flayer8,9,4.92548,-0.3,0,2
358796,flyer1,10.5,10.0471,-0.3,0,2
358797,bullet4,14.0024,7.04361,0.8,0,1
358798,bullet3,6.52787,5.31722,0.8,0,1
358799,bullet2,2.63997,5.17878,0.8,0,1
358800,player,2.24048,5.17814,0.000516243,-0.000637568,1
358800,bullet1,6.61802,5.20589,0.8,0,1
358800,bullet5,2.64049,5.17814,0.8,0,1
358801,flayer8,7.5,4.92548,-0.3,0,0
358801,flyer1,9,10.0471,-0.3,0,2
358804,bullet2,6.63997,5.17878,0.8,0,1
358805,player,2.82937,4.58915,0.0307642,-0.0307664,1
358805,bullet5,6.64049,5.17814,0.8,0,1
358805,bullet6,3.22937,4.58915,0.8,0,1
358806,flyer1,7.5,10.0471,-0.3,0,2
358807,bullet3,3.24945,4.56908,0.8,0,1
358809,bullet2,10.64,5.17878,0.8,0,1
358810,player,2.85408,4.56445,0.000567686,-0.000567727,1
358810,bullet5,10.6405,5.17814,0.8,0,1
358810,bullet6,7.22937,4.58915,0.8,0,1
358811,flyer1,5.99999,10.0471,-0.3,0,2
358812,bullet3,7.24945,4.56908,0.8,0,1
358814,bullet2,14.64,5.17878,0.8,0,1
358815,player,3.34391,4.41212,0.151885,0.185615,1
358815,bullet5,14.6405,5.17814,0.8,0,1
358815,bullet6,11.2294,4.58915,0.8,0,1
358816,flyer1,4.49999,10.0471,-0.3,0,2
358817,bullet3,11.2494,4.56908,0.8,0,1
358817,bullet4,3.84302,4.53323,0.8,0,1
358818,bullet1,3.85686,4.55014,0.8,0,1
358820,player,3.12839,4.56118,-0.334697,0.00342511,1
358820,bullet6,15.2294,4.58915,0.8,0,1
358821,flyer1,2.99999,10.0471,-0.3,0,2
358822,bullet3,15.2494,4.56908,0.8,0,1
358822,bullet4,7.84302,4.53323,0.8,0,1
358822,bullet2,3.31,4.56342,0.8,0,1
358823,bullet1,7.85686,4.55014,0.8,0,1
358825,player,3.41732,4.00621,0.0621676,-0.0682805,1
358825,bullet5,3.81732,4.00621,0.8,0,1
358826,flyer1,1.49999,10.0471,-0.3,0,2
358827,bullet4,11.843,4.53323,0.8,0,1
358827,bullet2,7.31,4.56342,0.8,0,1
358828,bullet1,11.8569,4.55014,0.8,0,1
358830,player,2.90952,3.95138,-0.0671966,-0.00125997,1
358830,bullet5,7.81732,4.00621,0.8,0,1
358831,flyer1,-6.4373e-06,10.0471,-0.3,0,2
358832,bullet4,15.843,4.53323,0.8,0,1
358832,bullet2,11.31,4.56342,0.8,0,1
358833,bullet1,15.8569,4.55014,0.8,0,1
358834,flyer2,16.5,10.0471,-0.3,0,2
358835,player,2.26709,4.55268,-0.0319946,0.0138164,1
358835,flyer3,16.5,9.0416,-0.246042,0.171648,2
358835,bullet5,11.8173,4.00621,0.8,0,1
358835,bullet6,2.66709,4.55268,0.8,0,1
358837,bullet2,15.31,4.56342,0.8,0,1
358839,flyer2,15,10.0471,-0.3,0,2
358840,player,3.38758,3.41758,0.098508,-0.0988435,1
358840,flyer3,15.2698,9.89984,-0.246042,0.171648,2
358840,bullet5,15.8173,4.00621,0.8,0,1
358840,bullet6,6.66709,4.55268,0.8,0,1
358841,flyer5,16.5,15.2441,-0.3,0,2
358841,bullet3,3.83191,3.3731,0.8,0,1
358842,bullet4,3.85186,3.35309,0.8,0,1
358844,flyer2,13.5,10.0471,-0.3,0,2
358844,bullet1,3.86488,3.34003,0.8,0,1
358845,player,3.4667,3.3382,0.00181775,-0.00182394,1
358845,flyer3,14.0396,10.7581,-0.246042,0.171648,2
358845,bullet6,10.6671,4.55268,0.8,0,1
358846,flyer5,15,15.2441,-0.3,0,2
358846,bullet3,7.83191,3.3731,0.8,0,1
358847,bullet4,7.85186,3.35309,0.8,0,1
358849,flyer2,12,10.0471,-0.3,0,2
358849,bullet1,7.86488,3.34003,0.8,0,1
358850,player,2.87968,3.92521,-0.0307211,0.030721,1
358850,flyer3,12.8094,11.6163,-0.246042,0.171648,2
358850,bullet6,14.6671,4.55268,0.8,0,1
358851,flyer5,13.5,15.2441,-0.3,0,2
358851,bullet3,11.8319,3.3731,0.8,0,1
358852,bullet4,11.8519,3.35309,0.8,0,1
358854,flyer2,10.5,10.0471,-0.3,0,2
358854,bullet1,11.8649,3.34003,0.8,0,1
358854,bullet2,2.6671,3.94931,0.8,0,1
358855,player,2.2527,3.94988,-0.0144065,0.000566889,1
358855,flyer3,11.5792,12.4746,-0.246042,0.171648,2
358856,flyer5,12,15.2441,-0.3,0,2
358856,bullet3,15.8319,3.3731,0.8,0,1
358857,bullet4,15.8519,3.35309,0.8,0,1
358858,bullet5,2.64198,3.9503,0.8,0,1
358859,flyer2,9,10.0471,-0.3,0,2
358859,bullet1,15.8649,3.34003,0.8,0,1
358859,bullet2,6.66711,3.94931,0.8,0,1
358859,bullet6,2.64139,3.95032,0.8,0,1
358860,player,2.24113,3.95033,-0.00026584,1.04607e-05,1
358860,flyer3,10.3489,13.3328,-0.246042,0.171648,2
358861,flyer5,10.5,15.2441,-0.3,0,2
358863,bullet5,6.64199,3.9503,0.8,0,1
358864,flyer2,7.5,10.0471,-0.3,0,2
358864,bullet2,10.6671,3.94931,0.8,0,1
358864,bullet6,6.6414,3.95032,0.8,0,1
358865,player,1.16307,5.63051,-0.182635,0.196469,1
358865,flyer3,9.11873,14.191,-0.246042,0.171648,2
358866,flyer5,9,15.2441,-0.3,0,2
358866,bullet3,1.48088,5.71892,0.8,0,1
358868,bullet5,10.642,3.9503,0.8,0,1
358869,flyer2,5.99999,10.0471,-0.3,0,2
358869,bullet2,14.6671,3.94931,0.8,0,1
358869,bullet6,10.6414,3.95032,0.8,0,1
358870,player,1.0164,5.78829,-0.00337012,0.00362542,1
358870,flyer3,7.88852,15.0493,-0.246042,0.171648,2
358871,flyer5,7.5,15.2441,-0.3,0,2
358871,bullet3,5.48088,5.71892,0.8,0,1
358873,bullet5,14.642,3.9503,0.8,0,1
358874,flyer2,4.49999,10.0471,-0.3,0,2
358874,bullet6,14.6414,3.95032,0.8,0,1
358875,player,2.09154,4.86523,0.182567,-0.368188,1
358875,flyer3,6.65831,15.9075,-0.246042,0.171648,2
358876,flyer5,5.99999,15.2441,-0.3,0,2
358876,bullet3,9.48088,5.71892,0.8,0,1
358878,bullet4,2.6273,4.59144,0.8,0,1
358879,flyer2,2.99999,10.0471,-0.3,0,2
358879,bullet1,1.83479,4.57634,-0.8,-6.99382e-08,1
358880,player,2.23816,4.56954,0.00336888,-0.0067941,1
358881,flyer5,4.49999,15.2441,-0.3,0,2
358881,bullet3,13.4809,5.71892,0.8,0,1
358881,bullet2,2.63967,4.56649,0.8,0,1
358883,bullet4,6.6273,4.59144,0.8,0,1
358884,flyer2,1.49999,10.0471,-0.3,0,2
358884,bullet5,2.08308,4.56421,0.8,0,1
358885,player,1.65239,4.22659,-0.0306925,-0.337625,1
358886,flyer5,2.99999,15.2441,-0.3,0,2
358886,bullet2,6.63967,4.56649,0.8,0,1
358887,bullet6,2.03236,4.00629,0.8,0,1
358888,bullet4,10.6273,4.59144,0.8,0,1
358889,flyer2,-6.4373e-06,10.0471,-0.3,0,2
358889,bullet5,6.08308,4.56421,0.8,0,1
358890,player,1.62774,4.44482,-0.000566363,0.145645,1
358891,flyer5,1.49999,15.2441,-0.3,0,2
358891,bullet2,10.6397,4.56649,0.8,0,1
358892,bullet6,6.03236,4.00629,0.8,0,1
358893,bullet4,14.6273,4.59144,0.8,0,1
358894,bullet5,10.0831,4.56421,0.8,0,1
358895,player,1.02497,5.1641,-0.0138501,0.0165272,1
358896,flyer5,-6.4373e-06,15.2441,-0.3,0,2
358896,bullet2,14.6397,4.56649,0.8,0,1
358897,bullet6,10.0324,4.00629,0.8,0,1
358898,flyer4,16.5,6.39427,-0.3,0,2
358898,bullet1,1.90405,4.68701,0.8,0,1
358899,bullet5,14.0831,4.56421,0.8,0,1
358900,player,1.60232,4.5889,0.0304991,-0.0304497,1
358901,bullet3,1.21605,4.5752,-0.8,-6.99382e-08,1
358902,bullet6,14.0324,4.00629,0.8,0,1
358903,flyer4,15,6.39427,-0.3,0,2
358903,bullet1,5.90405,4.68701,0.8,0,1
358904,flayer7,16.5,6.39427,-0.29246,0.0668389,2
358904,bullet4,1.46853,4.00729,0.8,0,1
358905,player,1.03834,3.97597,-0.0301919,-0.0313166,1
358905,bullet2,1.43834,3.97597,0.8,0,1
358907,bullet5,1.41864,3.95554,0.8,0,1
358908,flyer4,13.5,6.39427,-0.3,0,2
358908,bullet1,9.90405,4.68701,0.8,0,1
358909,flayer7,15.0377,6.72846,-0.29246,0.0668389,2
358909,bullet4,5.46853,4.00729,0.8,0,1
358910,player,1.0141,3.95082,-0.000557125,-0.000577879,1
358910,bullet2,5.43834,3.97597,0.8,0,1
358912,bullet5,5.41864,3.95554,0.8,0,1
358913,flyer4,12,6.39427,-0.3,0,2
358913,bullet1,13.904,4.68701,0.8,0,1
358914,flayer7,13.5754,7.06266,-0.29246,0.0668389,2
358914,bullet4,9.46854,4.00729,0.8,0,1
358915,player,1.35115,3.95036,0.33749,-1.06635e-05,1
358915,bullet2,9.43834,3.97597,0.8,0,1
358917,bullet5,9.41864,3.95554,0.8,0,1
358918,flyer4,10.5,6.39427,-0.3,0,2
358918,bullet3,1.51274,4.43972,0.8,0,1
358919,flayer7,12.1131,7.39685,-0.29246,0.0668389,2
358919,bullet4,13.4685,4.00729,0.8,0,1
358920,player,1.03371,4.53882,-0.0245271,0.0307545,1
358920,bullet2,13.4383,3.97597,0.8,0,1
358922,bullet5,13.4186,3.95554,0.8,0,1
358923,flyer4,9,6.39427,-0.3,0,2
358923,bullet3,5.51274,4.43972,0.8,0,1
358924,flayer7,10.6508,7.73104,-0.29246,0.0668389,2
358925,player,0.524635,5.0529,-0.152328,0.152442,1
358925,bullet6,0.924635,5.0529,0.8,0,1
358928,flyer4,7.5,6.39427,-0.3,0,2
358928,bullet3,9.51274,4.43972,0.8,0,1
358929,flayer7,9.18851,8.06524,-0.29246,0.0668389,2
358930,player,0.4,5.51282,-0,0.340313,1
358930,bullet6,4.92463,5.0529,0.8,0,1
358932,bullet1,0.8,5.73487,0.8,0,1
358933,flyer4,5.99999,6.39427,-0.3,0,2
358933,bullet3,13.5127,4.43972,0.8,0,1
358934,flayer7,7.72622,8.39943,-0.29246,0.0668389,2
358934,bullet4,0.8,5.77984,0.8,0,1
358935,player,0.4,6.12362,-0,0.34378,1
358935,bullet6,8.92464,5.0529,0.8,0,1
358937,bullet1,4.8,5.73487,0.8,0,1
358937,bullet2,0.8,6.34794,0.8,0,1
358938,flyer4,4.49999,6.39427,-0.3,0,0
358939,flayer7,6.26392,8.73363,-0.29246,0.0668389,2
358940,player,1.29522,5.50449,0.405844,-0.3995,1
358940,bullet6,12.9246,5.0529,0.8,0,1
358942,bullet2,4.8,6.34794,0.8,0,1
358944,flayer7,4.80162,9.06783,-0.29246,0.0668389,2
358944,flyer6,16.5,6.39427,-0.3,0,2
358944,bullet5,1.21366,5.19103,-0.8,-6.99382e-08,1
358945,player,1.62115,5.18366,0.00748896,-0.0073719,1
358947,flayer8,16.5,9.0321,-0.3,0,2
358947,bullet2,8.8,6.34794,0.8,0,1
358947,bullet3,2.02603,5.17884,0.8,0,1
358949,flayer7,3.33932,9.40202,-0.29246,0.0668389,2
358949,flyer6,15,6.39427,-0.3,0,2
358950,player,1.13778,5.66711,-0.151737,0.151739,1
358951,bullet1,1.4695,5.73539,0.8,0,1
358952,flayer8,15,9.0321,-0.3,0,2
358952,bullet2,12.8,6.34794,0.8,0,1
358952,bullet3,6.02603,5.17884,0.8,0,1
358954,flayer7,1.87703,9.73622,-0.29246,0.0668389,2
358954,flyer6,13.5,6.39427,-0.3,0,1
358955,player,1.45253,5.35237,0.21358,-0.21358,1
358956,bullet1,5.4695,5.73539,0.8,0,1
358957,flayer8,13.5,9.0321,-0.3,0,2
358957,bullet3,10.026,5.17884,0.8,0,1
358959,flayer7,0.414728,10.0704,-0.29246,0.0668389,2
358959,flyer6,12,6.39427,-0.3,0,1
358960,player,1.06633,5.73857,-0.0644026,0.0644026,1
358961,bullet1,9.4695,5.73539,0.8,0,1
358962,flayer8,12,9.0321,-0.3,0,2
358962,bullet3,14.026,5.17884,0.8,0,1
358964,bullet4,0.8,6.37758,0.8,0,1
358965,player,0.4,6.7301,-0,0.352528,1
358967,flayer8,10.5,9.0321,-0.3,0,2
358967,flyer1,16.5,9.0321,-0.215759,0.208441,2
358967,bullet6,0.8,6.96013,0.8,0,1
358969,bullet4,4.8,6.37758,0.8,0,1
358970,player,0.4,7.50259,0,0.15838,1
358970,bullet5,0.8,7.50259,0.8,0,1
358972,flayer8,9,9.0321,-0.3,0,2
358972,flyer1,15.4212,10.0743,-0.215759,0.208441,2
358972,bullet6,4.8,6.96013,0.8,0,1
358974,bullet4,8.8,6.37758,0.8,0,1
358974,bullet2,1.35772,8.18458,0.8,0,1
358975,player,1.32597,8.55575,0.368255,0.371177,1
358975,bullet5,4.8,7.50259,0.8,0,1
358977,flayer8,7.5,9.0321,-0.3,0,2
358977,flyer1,14.3424,11.1165,-0.215759,0.208441,2
358977,bullet6,8.8,6.96013,0.8,0,1
358979,bullet4,12.8,6.37758,0.8,0,1
358979,bullet2,5.35772,8.18458,0.8,0,1
358980,player,1.52261,7.77599,0.127916,-0.17578,1
358980,bullet5,8.8,7.50259,0.8,0,1
358980,bullet1,1.92261,7.77599,0.8,0,1
358982,flayer8,5.99999,9.0321,-0.3,0,1
358982,flyer1,13.2636,12.1587,-0.215759,0.208441,2
358982,bullet6,12.8,6.96013,0.8,0,1
358984,bullet3,2.02298,8.19579,0.8,0,1
358985,player,1.62534,8.2233,0.0023604,0.027511,1
358985,bullet5,12.8,7.50259,0.8,0,1
358985,bullet1,5.92262,7.77599,0.8,0,1
358987,flayer8,4.49999,9.0321,-0.3,0,0
358987,flyer1,12.1848,13.2009,-0.215759,0.208441,2
358987,bullet2,2.02688,8.24125,0.8,0,1
358989,bullet4,2.02719,8.24488,0.8,0,1
358990,player,1.62724,8.24539,4.35561e-05,0.000507656,1
358990,bullet1,9.92262,7.77599,0.8,0,1
358992,flyer1,11.106,14.2431,-0.215759,0.208441,2
358992,bullet2,6.02688,8.24125,0.8,0,1
358994,bullet4,6.02719,8.24488,0.8,0,1
358995,player,0.92586,8.34489,0.107282,-0.121111,1
358995,bullet1,13.9226,7.77599,0.8,0,1
358997,flyer1,10.0272,15.2854,-0.215759,0.208441,2
358997,bullet2,10.0269,8.24125,0.8,0,1
358999,flyer3,16.5,9.0321,-0.3,0,2
358999,bullet4,10.0272,8.24488,0.8,0,1
358999,bullet6,1.99851,8.83834,0.8,0,1
359000,player,1.61433,8.84995,0.0158193,0.0116048,1
359001,bullet3,1.22145,8.85517,-0.8,-6.99382e-08,1
359002,flyer1,8.94843,16.3276,-0.215759,0.208441,2
359002,bullet2,14.0269,8.24125,0.8,0,1
359004,flyer3,15,9.0321,-0.3,0,1
359004,bullet4,14.0272,8.24488,0.8,0,1
359004,bullet6,5.99851,8.83834,0.8,0,1
359005,player,2.11641,8.36989,0.152167,-0.151661,1
359008,flyer2,16.5,14.155,-0.268742,0.133333,2
359009,bullet6,9.99851,8.83834,0.8,0,1
359009,bullet5,1.48961,8.83936,0.8,0,1
359010,player,1.04782,8.8504,-0.0417864,0.011041,1
359011,flyer5,16.5,9.0321,-0.3,0,2
359012,bullet1,1.42056,8.8576,0.8,0,1
359013,flyer2,15.1563,14.8216,-0.268742,0.133333,2
359014,bullet6,13.9985,8.83834,0.8,0,1
359014,bullet5,5.48961,8.83936,0.8,0,1
359015,player,1.50364,9.34864,0.151104,0.152079,1
359016,flyer5,15,9.0321,-0.3,0,1
359016,bullet2,1.97164,9.41708,0.8,0,1
359017,bullet1,5.42056,8.8576,0.8,0,1
359017,bullet3,2.00224,9.44788,0.8,0,1
359018,flyer2,13.8126,15.4883,-0.268742,0.133333,2
359019,bullet5,9.48961,8.83936,0.8,0,1
359020,player,1.62499,9.47078,0.00278829,0.00280628,1
359021,flyer5,13.5,9.0321,-0.3,0,1
359021,bullet2,5.97164,9.41708,0.8,0,1
359022,bullet1,9.42056,8.8576,0.8,0,1
359022,bullet3,6.00224,9.44788,0.8,0,1
359023,flyer2,12.4689,16.1549,-0.268742,0.133333,2
359023,bullet4,1.46934,10.0306,0.8,0,1
359025,player,0.535542,10.5647,-0.165663,0.165766,1
359026,bullet2,9.97164,9.41708,0.8,0,1
359027,bullet1,13.4206,8.8576,0.8,0,1
359027,bullet3,10.0022,9.44788,0.8,0,1
359028,bullet4,5.46935,10.0306,0.8,0,1
359030,player,0.501598,11.2863,-0.124177,0.0338135,1
359031,flyer4,16.5,14.155,-0.3,0,2
359031,bullet2,13.9716,9.41708,0.8,0,1
359031,bullet6,0.845719,11.3015,0.8,0,1
359032,bullet3,14.0022,9.44788,0.8,0,1
359033,bullet4,9.46935,10.0306,0.8,0,1
359035,player,0.4,11.3135,0,0.000623955,1
359036,flayer7,16.5,9.0321,-0.249088,-0.167197,2
359036,flyer4,15,14.155,-0.3,0,2
359036,bullet6,4.84572,11.3015,0.8,0,1
359038,bullet4,13.4693,10.0306,0.8,0,1
359040,player,0.650973,11.063,-0.306745,0.306757,1
359041,flayer7,15.2546,8.19612,-0.249088,-0.167197,2
359041,flyer4,13.5,14.155,-0.3,0,2
359041,bullet6,8.84572,11.3015,0.8,0,1
359042,flyer6,16.5,14.155,-0.299836,0.00990805,2
359045,player,0.4,11.8433,0,0.103031,1
359046,flayer7,14.0091,7.36013,-0.249088,-0.167197,2
359046,flyer4,12,14.155,-0.3,0,2
359046,bullet6,12.8457,11.3015,0.8,0,1
359046,bullet5,0.8,11.8897,0.8,0,1
359047,flyer6,15.0008,14.2045,-0.299836,0.00990805,2
359050,player,0.4,11.3376,0,-0.0288535,1
359050,bullet1,0.8,11.3376,0.8,0,1
359051,flayer7,12.7637,6.52415,-0.249088,-0.167197,2
359051,flyer4,10.5,14.155,-0.3,0,2
359051,bullet5,4.8,11.8897,0.8,0,1
359052,flyer6,13.5016,14.254,-0.299836,0.00990805,2
359055,player,0.4,11.9167,0,0.0133072,1
359055,bullet1,4.8,11.3376,0.8,0,1
359056,flayer7,11.5182,5.68816,-0.249088,-0.167197,2
359056,flyer4,9,14.155,-0.3,0,2
359056,bullet5,8.8,11.8897,0.8,0,1
359057,flyer6,12.0025,14.3036,-0.299836,0.00990805,2
359059,bullet2,0.8,13.0734,0.8,0,1
359060,player,0.4,13.1182,0,0.0448398,1
359060,bullet1,8.8,11.3376,0.8,0,1
359061,flayer7,10.2728,4.85217,-0.249088,-0.167197,2
359061,flyer4,7.5,14.155,-0.3,0,2
359061,bullet5,12.8,11.8897,0.8,0,1
359061,bullet3,0.8,13.1384,0.8,0,1
359062,flyer6,10.5033,14.3531,-0.299836,0.00990805,2
359064,bullet2,4.8,13.0734,0.8,0,1
359065,player,0.4,13.1542,0,0.000827421,1
359065,bullet1,12.8,11.3376,0.8,0,1
359066,flayer7,9.02735,4.01619,-0.249088,-0.167197,2
359066,flyer4,5.99999,14.155,-0.3,0,2
359066,bullet3,4.8,13.1384,0.8,0,1
359067,flyer6,9.0041,14.4026,-0.299836,0.00990805,2
359069,bullet2,8.8,13.0734,0.8,0,1
359070,player,0.4,13.2678,0,-0.13802,1
359071,flayer7,7.78191,3.1802,-0.249088,-0.167197,2
359071,flyer4,4.49999,14.155,-0.3,0,2
359071,bullet3,8.8,13.1384,0.8,0,1
359072,flyer6,7.50491,14.4522,-0.299836,0.00990805,2
359074,bullet2,12.8,13.0734,0.8,0,1
359075,player,0.889375,13.8276,0.151875,-0.0722385,1
359076,flayer7,6.53647,2.34421,-0.249088,-0.167197,2
359076,flyer4,2.99999,14.155,-0.3,0,2
359076,bullet3,12.8,13.1384,0.8,0,1
359077,flyer6,6.00573,14.5017,-0.299836,0.00990805,2
359078,bullet4,0.844594,14.3316,0.8,0,1
359079,bullet6,0.820068,14.3594,0.8,0,1
359080,player,0.409031,14.3719,-0.0110371,0.0125066,1
359081,flayer7,5.29103,1.50822,-0.249088,-0.167197,2
359081,bullet5,0.804064,14.3776,0.8,0,1
359082,flyer6,4.50655,14.5513,-0.299836,0.00990805,2
359085,player,0.957886,14.9397,0.0681401,0.0685745,1
359085,bullet1,1.35789,14.9397,0.8,0,1
359086,flayer7,4.04559,0.672237,-0.249088,-0.167197,2
359086,bullet2,1.38855,14.9706,0.8,0,1
359087,flyer6,3.00737,14.6008,-0.299836,0.00990805,-1
359088,bullet4,0.608556,14.9907,-0.8,-6.99382e-08,1
359090,player,1.01261,14.6573,0.00125738,-0.336235,1
359091,flayer7,2.80014,-0.16375,-0.249088,-0.167197,2
359091,bullet3,1.41317,14.506,0.8,0,1
359093,flayer8,16.5,14.155,-0.299673,0.0139941,2
359094,flyer1,16.5,15.4067,-0.299931,0.00645149,2
359095,player,1.16549,14.5391,-0.185602,-0.191829,1
359095,flyer3,16.5,15.4067,-0.299879,0.00851902,2
359096,bullet3,5.41317,14.506,0.8,0,1
359097,bullet6,1.44439,14.4139,0.8,0,1
359098,flayer8,15.0016,14.2249,-0.299673,0.0139941,2
359099,flyer1,15.0003,15.4389,-0.299931,0.00645149,2
359100,player,1.23666,15.2803,-0.272581,0.402304,1
359100,flyer3,15.0006,15.4493,-0.299879,0.00851902,2
359101,bullet3,9.41317,14.506,0.8,0,1
359101,bullet5,0.713997,15.4613,-0.8,-6.99382e-08,1
359102,bullet6,5.44439,14.4139,0.8,0,1
359103,flayer8,13.5033,14.2949,-0.299673,0.0139941,2
359104,flyer1,13.5007,15.4712,-0.299931,0.00645149,2
359105,player,0.680253,15.4515,-0.34253,0.193049,1
359105,flyer3,13.5012,15.4919,-0.299879,0.00851902,2
359107,bullet6,9.44439,14.4139,0.8,0,1
359107,bullet1,0.856752,15.5774,0.8,0,1
359108,flayer8,12.0049,14.3649,-0.299673,0.0139941,1
359108,bullet2,0.825539,15.595,0.8,0,1
359109,flyer1,12.001,15.5035,-0.299931,0.00645149,2
359110,player,0.405172,15.269,-0.00632064,-0.333938,1
359110,flyer3,12.0018,15.5345,-0.299879,0.00851902,2
359112,bullet1,4.85675,15.5774,0.8,0,1
359113,bullet2,4.82554,15.595,0.8,0,1
359114,flyer1,10.5014,15.5357,-0.299931,0.00645149,2
359115,player,0.4,14.9562,0,0.0483421,1
359115,flyer3,10.5024,15.5771,-0.299879,0.00851902,2
359115,bullet4,0.8,14.9562,0.8,0,1
359118,bullet5,0.8,15.4816,0.8,0,1
359119,flyer1,9.00174,15.568,-0.299931,0.00645149,1
359120,player,0.4,15.5835,0,0.0316467,1
359120,flyer3,9.00302,15.6197,-0.299879,0.00851902,1
359120,bullet4,4.8,14.9562,0.8,0,1
359120,bullet3,0.8,15.5835,0.8,0,1
359123,bullet5,4.8,15.4816,0.8,0,1
359124,finish,18.9485,8,-0.2,0,1
359125,player,0.4,15.2625,0,-0.3375,1
359125,flyer3,7.50363,15.6623,-0.299879,0.00851902,1
359125,bullet3,4.8,15.5835,0.8,0,1
359127,bullet6,0.8,15.0423,0.8,0,1
359129,finish,17.9485,8,-0.2,0,1
359130,player,0.7375,14.8396,0.3375,0.179397,1
359130,bullet3,8.8,15.5835,0.8,0,1
359132,flyer5,16.5,15.4067,-0.263356,0.14368,2
359132,bullet6,4.8,15.0423,0.8,0,1
359132,bullet1,1.35772,14.9566,0.8,0,1
359134,finish,16.9485,8,-0.2,0,1
359134,bullet2,1.40231,14.9803,0.8,0,1
359135,player,1.00854,14.9837,0.00622782,0.00331038,1
359135,bullet3,12.8,15.5835,0.8,0,1
359137,flyer5,15.1832,16.1251,-0.263356,0.14368,1
359137,bullet6,8.8,15.0423,0.8,0,1
359137,bullet1,5.35772,14.9566,0.8,0,1
359138,bullet4,1.41317,14.9861,0.8,0,1
359139,finish,15.9485,8,-0.2,0,1
359139,bullet2,5.40231,14.9803,0.8,0,1
359140,player,1.01354,14.4969,0.000114921,-0.151814,1
359142,bullet6,12.8,15.0423,0.8,0,1
359142,bullet1,9.35772,14.9566,0.8,0,1
359143,bullet4,5.41317,14.9861,0.8,0,1
359144,finish,14.9485,8,-0.2,0,1
359144,bullet2,9.40231,14.9803,0.8,0,1
359145,player,0.425161,13.7865,-0.0307526,-0.0335561,1
359147,bullet1,13.3577,14.9566,0.8,0,1
359148,bullet4,9.41317,14.9861,0.8,0,1
359148,bullet5,0.8,13.2039,0.8,0,1
359149,finish,13.9485,8,-0.2,0,1
359149,bullet2,13.4023,14.9803,0.8,0,1
359150,player,0.4,13.1573,0,-0.0144588,1
359151,bullet3,0.8,13.1508,0.8,0,1
359153,bullet4,13.4132,14.9861,0.8,0,1
359153,bullet5,4.8,13.2039,0.8,0,1
359154,finish,12.9485,8,-0.2,0,1
359155,player,0.4,12.6563,0,-0.152142,1
359156,bullet3,4.8,13.1508,0.8,0,1
359157,flyer2,16.5,15.4067,-0.23261,0.189453,2
359157,bullet6,0.8,12.557,0.8,0,1
359158,bullet5,8.8,13.2039,0.8,0,1
359159,finish,11.9485,8,-0.2,0,1
359159,bullet1,0.8,12.5369,0.8,0,1
359160,player,0.4,12.5341,0,-0.00280744,1
359161,bullet3,8.8,13.1508,0.8,0,1
359162,flyer2,15.3369,16.354,-0.23261,0.189453,2
359162,bullet6,4.8,12.557,0.8,0,1
359163,bullet5,12.8,13.2039,0.8,0,1
359164,finish,10.9485,8,-0.2,0,1
359164,bullet1,4.8,12.5369,0.8,0,1
359165,player,1.49169,13.0212,0.165715,0.151823,1
359166,bullet3,12.8,13.1508,0.8,0,1
359167,bullet6,8.8,12.557,0.8,0,1
359168,bullet2,1.4572,13.1341,0.8,0,1
359169,finish,9.9485,8,-0.2,0,1
359169,bullet1,8.8,12.5369,0.8,0,1
