15536,player,13.1462,5.90145,0,0,1
15538,bullet1,13.0568,5.90145,0.8,0,1
15541,player,13.0333,5.41208,0.138035,-0.151875,1
15546,player,13.9528,4.14392,-0.235854,-0.101901,1
15548,bullet2,14.1989,4.07743,0.8,0,1
15550,bullet3,14.1678,4.06396,0.8,0,1
15551,player,13.7634,4.06208,-0.00435218,-0.00188036,1
15551,bullet4,14.1634,4.06208,0.8,0,1
15552,flyer1,16.5,12.4606,-0.2913,-0.0717226,2
15554,bullet5,14.1602,4.06068,0.8,0,1
15556,player,13.7599,4.06057,-8.03099e-05,-3.46979e-05,1
15556,bullet6,14.1599,4.06057,0.8,0,1
15557,flyer1,15.0435,12.102,-0.2913,-0.0717226,2
15557,flyer2,16.5,12.4606,-0.3,0,2
15557,bullet1,14.1599,4.06055,0.8,0,1
15559,bullet2,14.1599,4.06054,0.8,0,1
15560,bullet3,14.1599,4.06054,0.8,0,1
15561,player,13.7599,4.06054,-1.48194e-06,-6.40274e-07,1
15562,flyer1,13.587,11.7434,-0.2913,-0.0717226,2
15562,flyer2,15,12.4606,-0.3,0,2
15562,flyer3,16.5,12.4606,-0.284352,-0.095623,2
15563,flyer4,16.5,8.46753,-0.3,0,2
15564,bullet4,14.1599,3.50282,0.8,0,1
15565,bullet5,14.1599,3.47207,0.8,0,1
15566,player,13.7599,3.45823,-2.7346e-08,-0.0138396,1
15567,flyer1,12.1305,11.3848,-0.2913,-0.0717226,2
15567,flyer2,13.5,12.4606,-0.3,0,2
15567,flyer3,15.0782,11.9825,-0.284352,-0.095623,2
15567,bullet6,13.3599,3.452,-0.8,-6.99382e-08,1
15568,flyer4,15,8.46753,-0.3,0,2
15569,bullet1,14.1599,3.44794,0.8,0,1
15571,player,14.0974,3.10961,0.3375,-0.337755,1
15572,flyer1,10.674,11.0261,-0.2913,-0.0717226,2
15572,flyer2,12,12.4606,-0.3,0,2
15572,flyer3,13.6565,11.5044,-0.284352,-0.095623,2
15572,bullet6,9.35985,3.452,-0.8,-6.99382e-08,1
15572,bullet2,14.6492,2.95762,0.8,0,1
15573,flyer4,13.5,8.46753,-0.3,0,2
15574,bullet3,14.7483,2.85845,0.8,0,1
15575,bullet4,14.7622,2.8446,0.8,0,1
15576,player,14.3684,2.83837,0.00622782,-0.00623254,1
15577,flyer1,9.21748,10.6675,-0.2913,-0.0717226,2
15577,flyer2,10.5,12.4606,-0.3,0,2
15577,flyer3,12.2347,11.0263,-0.284352,-0.095623,2
15577,bullet6,5.35985,3.452,-0.8,-6.99382e-08,1
15577,bullet5,14.7712,2.83556,0.8,0,1
15578,flyer4,12,8.46753,-0.3,0,2
15580,bullet1,14.7733,2.83348,0.8,0,1
15581,player,14.3734,2.83336,0.000114921,-0.000115008,1
15581,bullet2,14.7734,2.83336,0.8,0,1
15582,flyer1,7.76098,10.3089,-0.2913,-0.0717226,2
15582,flyer2,9,12.4606,-0.3,0,2
15582,flyer3,10.813,10.5481,-0.284352,-0.095623,2
15582,bullet6,1.35985,3.452,-0.8,-6.99382e-08,1
15583,flyer4,10.5,8.46753,-0.3,0,2
15584,bullet3,14.2841,3.32265,0.8,0,1
15586,player,13.785,3.42174,-0.0307526,0.0307526,1
15586,bullet4,14.185,3.42174,0.8,0,1
15587,flyer1,6.30448,9.9503,-0.2913,-0.0717226,2
15587,flyer2,7.5,12.4606,-0.3,0,2
15587,flyer3,9.39119,10.07,-0.284352,-0.095623,2
15588,flyer4,9,8.46753,-0.3,0,2
15588,bullet5,14.165,3.44181,0.8,0,1
15591,player,13.2709,2.95706,-0.152442,-0.151308,1
15591,bullet1,13.6709,2.95706,0.8,0,1
15592,flyer1,4.84798,9.59168,-0.2913,-0.0717226,2
15592,flyer2,5.99999,12.4606,-0.3,0,2
15592,flyer3,7.96943,9.59191,-0.284352,-0.095623,2
15593,flyer4,7.5,8.46753,-0.3,0,2
15593,bullet2,13.5715,2.85834,0.8,0,1
15596,player,12.5908,2.83555,-0.0711567,-0.00279205,1
15596,bullet6,12.9908,2.83555,0.8,0,1
15597,flyer1,3.39147,9.23307,-0.2913,-0.0717226,2
15597,flyer2,4.49999,12.4606,-0.3,0,2
15597,flyer3,6.54767,9.11379,-0.284352,-0.095623,2
15597,bullet3,12.9588,2.8343,0.8,0,1
15598,flyer4,5.99999,8.46753,-0.3,0,2
15601,player,12.4653,1.78622,0.0822182,-0.22027,1
15602,flyer1,1.93497,8.87445,-0.2913,-0.0717226,2
15602,flyer2,2.99999,12.4606,-0.3,0,2
15602,flyer3,5.12591,8.63568,-0.284352,-0.095623,2
15603,flyer4,4.49999,8.46753,-0.3,0,2
15604,bullet4,12.9265,1.0647,0.8,0,1
15606,player,12.5313,1.00701,0.00151716,-0.0179042,1
15607,flyer1,0.478471,8.51584,-0.2913,-0.0717226,2
15607,flyer2,1.49999,12.4606,-0.3,0,2
15607,flyer3,3.70415,8.15756,-0.284352,-0.095623,2
15608,flyer4,2.99999,8.46753,-0.3,0,2
15609,bullet5,12.1325,0.435974,-0.8,-6.99382e-08,1
15610,bullet1,12.9325,0.404485,0.8,0,1
15611,player,12.5326,0.4,2.79958e-05,-0.0106275,1
15612,flyer2,-6.4373e-06,12.4606,-0.3,0,2
15612,flyer3,2.28238,7.67945,-0.284352,-0.095623,2
15612,bullet2,12.9326,0.395218,0.8,0,1
15613,flyer4,1.49999,8.46753,-0.3,0,2
15614,bullet5,8.13248,0.435973,-0.8,-6.99382e-08,1
15615,bullet6,12.9326,0.4,0.8,0,1
15616,player,12.5326,0.4,5.16602e-07,0,1
15616,bullet3,12.9326,0.4,0.8,0,1
15617,flyer3,0.860622,7.20133,-0.284352,-0.095623,2
15618,flyer4,-6.4373e-06,8.46753,-0.3,0,2
15619,bullet5,4.13247,0.435973,-0.8,-6.99382e-08,1
15620,bullet6,16.9326,0.4,0.8,0,1
15621,player,12.0432,0.889375,-0.151875,0.151875,1
15621,flyer5,16.5,8.46753,-0.3,0,2
15621,bullet3,16.9326,0.4,0.8,0,1
15622,flyer6,16.5,8.24118,-0.269338,0.132126,2
15622,bullet4,12.3749,0.957719,0.8,0,1
15623,bullet1,12.3441,0.988474,0.8,0,1
15624,bullet5,0.132475,0.435973,-0.8,-6.99382e-08,1
15625,bullet2,12.324,1.00854,0.8,0,1
15626,player,11.9212,1.34884,-0.00280252,0.340303,1
15626,flyer5,15,8.46753,-0.3,0,2
15627,flyer6,15.1533,8.90181,-0.269338,0.132126,2
15627,bullet4,16.3749,0.957719,0.8,0,1
15628,bullet1,16.3441,0.988474,0.8,0,1
15629,flayer7,16.5,8.24118,-0.299686,0.0137157,2
15630,bullet2,16.324,1.00854,0.8,0,1
15630,bullet6,12.319,1.05814,0.8,0,1
15631,player,11.919,1.03366,-5.17144e-05,-0.0244751,1
15631,flyer5,13.5,8.46753,-0.3,0,2
15632,flyer6,13.8066,9.56244,-0.269338,0.132126,2
15633,bullet3,11.8296,1.50707,0.8,0,1
15634,flayer7,15.0016,8.30976,-0.299686,0.0137157,2
15635,bullet6,16.319,1.05814,0.8,0,1
15636,player,10.8273,1.61632,-0.165716,0.013388,1
15636,flyer5,12,8.46753,-0.3,0,2
15636,bullet5,11.2273,1.61632,0.8,0,1
15637,flyer6,12.4599,10.2231,-0.269338,0.132126,2
15638,bullet3,15.8296,1.50707,0.8,0,1
15639,flayer7,13.5031,8.37834,-0.299686,0.0137157,2
15639,bullet4,10.6146,1.62628,0.8,0,1
15641,player,10.1057,1.62707,-0.0338126,0.000247046,1
15641,flyer5,10.5,8.46753,-0.3,0,2
15641,bullet5,15.2273,1.61632,0.8,0,1
15641,bullet1,10.5057,1.62707,0.8,0,1
15642,flyer6,11.1132,10.8837,-0.269338,0.132126,2
15642,bullet2,10.4905,1.62718,0.8,0,1
15644,flayer7,12.0047,8.44692,-0.299686,0.0137157,2
15644,bullet4,14.6146,1.62628,0.8,0,1
15644,bullet6,10.4805,1.62725,0.8,0,1
15646,player,10.0785,1.13789,-0.000623938,-0.15187,1
15646,flyer5,9,8.46753,-0.3,0,2
15646,bullet1,14.5057,1.62707,0.8,0,1
15647,flyer6,9.76656,11.5443,-0.269338,0.132126,2
15647,bullet2,14.4905,1.62718,0.8,0,1
15647,bullet3,10.4783,1.06955,0.8,0,1
15649,flayer7,10.5063,8.5155,-0.299686,0.0137157,2
15649,bullet6,14.4805,1.62725,0.8,0,1
15651,player,10.6358,0.458211,0.0683322,-0.0711462,1
15651,flyer5,7.5,8.46753,-0.3,0,2
15651,bullet5,11.0358,0.458211,0.8,0,1
15652,flyer6,8.41987,12.205,-0.269338,0.132126,2
15652,bullet3,14.4783,1.06955,0.8,0,1
15652,bullet4,11.0665,0.426195,0.8,0,1
15654,flayer7,9.00784,8.58407,-0.299686,0.0137157,2
15655,bullet1,10.6,0.402387,0.8,0,1
15656,player,10.1329,0.401074,-0.0670828,-0.00131285,1
15656,flyer5,5.99999,8.46753,-0.3,0,2
15656,bullet5,15.0358,0.458211,0.8,0,1
15657,flyer6,7.07318,12.8656,-0.269338,0.132126,2
15657,bullet4,15.0665,0.426195,0.8,0,1
15657,bullet2,10.5027,0.400483,0.8,0,1
15658,bullet6,10.4891,0.400218,0.8,0,1
15659,flayer7,7.50941,8.65265,-0.299686,0.0137157,2
15660,bullet1,14.6,0.402387,0.8,0,1
15661,player,9.74154,0.4,-0.338738,-0,1
15661,flyer5,4.49999,8.46753,-0.3,0,2
15662,flyer6,5.72649,13.5262,-0.269338,0.132126,2
15662,bullet2,14.5027,0.400483,0.8,0,1
15663,bullet6,14.4891,0.400218,0.8,0,1
15664,flayer7,6.01097,8.72123,-0.299686,0.0137157,2
15666,player,8.98013,0.4,-0.158126,0,1
15666,flyer5,2.99999,8.46753,-0.3,0,2
15666,flayer8,16.5,8.24118,-0.3,0,2
15667,flyer6,4.37981,14.1868,-0.269338,0.132126,2
15669,flayer7,4.51254,8.78981,-0.299686,0.0137157,2
15671,player,8.58833,0.4,0.320743,0,1
15671,flyer5,1.49999,8.46753,-0.3,0,2
15671,flayer8,15,8.24118,-0.3,0,2
15672,flyer6,3.03312,14.8475,-0.269338,0.132126,2
15673,bullet3,9.19761,0.4,0.8,0,1
15674,flayer7,3.01411,8.85839,-0.299686,0.0137157,2
15676,player,8.28819,0.620219,-0.0624251,-0.269156,1
15676,flyer5,-6.4373e-06,8.46753,-0.3,0,2
15676,flayer8,13.5,8.24118,-0.3,0,2
15677,flyer6,1.68643,15.5081,-0.269338,0.132126,2
15678,bullet3,13.1976,0.4,0.8,0,1
15679,flayer7,1.51568,8.92697,-0.299686,0.0137157,2
15681,player,7.74869,0.992538,-0.153027,0.025788,1
15681,flayer8,12,8.24118,-0.3,0,2
15681,bullet5,8.14869,0.992538,0.8,0,1
15682,flyer6,0.339743,16.1687,-0.269338,0.132126,2
15684,flayer7,0.0172471,8.99555,-0.299686,0.0137157,2
15685,flyer1,16.5,10.6749,-0.3,0,2
15686,player,6.4796,0.793028,-0.101922,0.269632,1
15686,flayer8,10.5,8.24118,-0.3,0,2
15686,flyer2,16.5,8.24118,-0.299202,-0.0218653,2
15686,bullet5,12.1487,0.992538,0.8,0,1
15687,bullet4,6.83374,0.914363,0.8,0,1
15690,flyer1,15,10.6749,-0.3,0,2
15691,player,6.39775,0.451847,-0.00188075,-0.0633683,1
15691,flayer8,9,8.24118,-0.3,0,2
15691,flyer2,15.004,8.13186,-0.299202,-0.0218653,2
15691,bullet5,16.1487,0.992538,0.8,0,1
15692,bullet4,10.8337,0.914363,0.8,0,1
15693,bullet1,6.79652,0.410499,0.8,0,1
15695,flyer1,13.5,10.6749,-0.3,0,2
15696,player,6.39624,0.958676,-3.47052e-05,0.0671744,1
15696,flayer8,7.5,8.24118,-0.3,0,2
15696,flyer2,13.508,8.02253,-0.299202,-0.0218653,2
15696,bullet2,6.79624,0.958676,0.8,0,1
15697,bullet4,14.8337,0.914363,0.8,0,1
15698,bullet1,10.7965,0.410499,0.8,0,1
15700,flyer1,12,10.6749,-0.3,0,2
15701,player,6.28327,1.05722,0.138035,-0.0532646,1
15701,flayer8,5.99999,8.24118,-0.3,0,2
15701,flyer2,12.012,7.91321,-0.299202,-0.0218653,2
15701,bullet2,10.7962,0.958676,0.8,0,1
15702,bullet6,6.74539,1.03325,0.8,0,1
15703,bullet1,14.7965,0.410499,0.8,0,1
15703,bullet3,6.77334,1.02246,0.8,0,1
15705,flyer1,10.5,10.6749,-0.3,0,2
15706,player,5.90475,1.35194,-0.149328,0.336517,1
15706,flayer8,4.49999,8.24118,-0.3,0,2
15706,flyer2,10.516,7.80388,-0.299202,-0.0218653,2
15706,bullet2,14.7962,0.958676,0.8,0,1
15707,bullet6,10.7454,1.03325,0.8,0,1
15708,bullet3,10.7733,1.02246,0.8,0,1
15710,flyer1,9,10.6749,-0.3,0,2
15710,bullet5,6.67696,2.10536,0.8,0,1
15711,player,6.34255,2.17991,0.0655882,0.0745534,1
15711,flayer8,2.99999,8.24118,-0.3,0,2
15711,flyer2,9.01995,7.69455,-0.299202,-0.0218653,2
15712,bullet6,14.7454,1.03325,0.8,0,1
15712,bullet4,6.77206,2.21346,0.8,0,1
15713,bullet3,14.7733,1.02246,0.8,0,1
15715,flyer1,7.5,10.6749,-0.3,0,2
15715,bullet5,10.677,2.10536,0.8,0,1
15715,bullet1,6.23629,1.68069,0.8,0,1
15716,player,5.80674,1.65131,-0.0295444,-0.029379,1
15716,flayer8,1.49999,8.24118,-0.3,0,2
15716,flyer2,7.52394,7.58522,-0.299202,-0.0218653,2
15717,bullet4,10.7721,2.21346,0.8,0,1
15719,bullet2,4.82706,1.07174,-0.8,-6.99382e-08,1
15720,flyer1,5.99999,10.6749,-0.3,0,2
15720,bullet5,14.677,2.10536,0.8,0,1
15720,bullet1,10.2363,1.68069,0.8,0,1
15721,player,5.18071,1.0254,-0.0143848,-0.0143817,1
15721,flayer8,-6.4373e-06,8.24118,-0.3,0,2
15721,flyer2,6.02793,7.4759,-0.299202,-0.0218653,2
15722,bullet4,14.7721,2.21346,0.8,0,1
15723,bullet6,6.06069,1.01602,0.8,0,1
15724,bullet2,0.827055,1.07174,-0.8,-6.99382e-08,1
15725,flyer1,4.49999,10.6749,-0.3,0,2
15725,bullet1,14.2363,1.68069,0.8,0,1
15726,player,5.61959,1.16573,0.199199,-0.18589,1
15726,flyer2,4.53192,7.36657,-0.299202,-0.0218653,2
15728,flyer4,16.5,10.6749,-0.261476,0.147073,2
15728,bullet6,10.0607,1.01602,0.8,0,1
15730,flyer1,2.99999,10.6749,-0.3,0,2
15730,bullet3,6.73361,1.57759,0.8,0,1
15731,player,6.36804,1.60492,0.0344305,0.0273245,1
15731,flyer2,3.03591,7.25724,-0.299202,-0.0218653,2
15732,bullet5,6.78353,1.61721,0.8,0,1
15733,flyer4,15.1926,11.4103,-0.261476,0.147073,2
15733,bullet6,14.0607,1.01602,0.8,0,1
15733,bullet4,5.9905,1.62275,-0.8,-6.99382e-08,1
15735,flyer1,1.49999,10.6749,-0.3,0,2
15735,bullet3,10.7336,1.57759,0.8,0,1
15736,player,6.39569,1.96436,0.000635339,0.338004,1
15736,flyer2,1.5399,7.14792,-0.299202,-0.0218653,2
15737,bullet5,10.7835,1.61721,0.8,0,1
15738,flyer4,13.8852,12.1457,-0.261476,0.147073,2
15738,bullet4,1.9905,1.62275,-0.8,-6.99382e-08,1
15740,flyer1,-6.4373e-06,10.6749,-0.3,0,2
15740,bullet3,14.7336,1.57759,0.8,0,1
15741,player,6.2971,1.15796,0.121132,-0.176393,1
15741,flyer2,0.0438893,7.03859,-0.299202,-0.0218653,2
15742,bullet5,14.7835,1.61721,0.8,0,1
15742,bullet2,6.75161,1.07858,0.8,0,1
15743,flyer4,12.5779,12.881,-0.261476,0.147073,2
15743,bullet1,6.77614,1.04286,0.8,0,1
15745,flyer3,16.5,7.58545,-0.3,0,2
15746,player,5.905,1.0163,-0.14964,-0.00325494,1
15746,bullet6,6.305,1.0163,0.8,0,1
15747,bullet2,10.7516,1.07858,0.8,0,1
15748,flyer4,11.2705,13.6164,-0.261476,0.147073,2
15748,bullet1,10.7761,1.04286,0.8,0,1
15749,bullet4,6.19373,1.50325,0.8,0,1
15750,flyer3,15,7.58545,-0.3,0,2
15751,player,5.78483,1.60216,-0.00276127,0.0306946,1
15751,bullet6,10.305,1.0163,0.8,0,1
15752,bullet2,14.7516,1.07858,0.8,0,1
15753,flyer4,9.96311,14.3517,-0.261476,0.147073,2
15753,bullet1,14.7761,1.04286,0.8,0,1
15754,bullet4,10.1937,1.50325,0.8,0,1
15755,flyer3,13.5,7.58545,-0.3,0,2
15756,player,5.29324,2.11618,-0.151926,0.152441,1
15756,bullet6,14.305,1.0163,0.8,0,1
15757,bullet3,5.62487,2.18478,0.8,0,1
15758,flyer4,8.65573,15.0871,-0.261476,0.147073,2
15759,bullet4,14.1937,1.50325,0.8,0,1
15759,bullet5,5.58026,2.22954,0.8,0,1
15760,flyer3,12,7.58545,-0.3,0,2
15761,player,5.50873,2.23861,0.334697,0.00281297,1
15762,bullet3,9.62487,2.18478,0.8,0,1
15762,bullet2,6.05934,2.23987,0.8,0,1
15763,flyer4,7.34835,15.8225,-0.261476,0.147073,2
15764,bullet5,9.58026,2.22954,0.8,0,1
15765,flyer3,10.5,7.58545,-0.3,0,2
15765,bullet1,5.68196,2.73019,0.8,0,1
15766,player,5.2198,2.79858,-0.0621677,0.0683957,1
15767,bullet3,13.6249,2.18478,0.8,0,1
15767,bullet2,10.0593,2.23987,0.8,0,1
15769,bullet5,13.5803,2.22954,0.8,0,1
15770,flyer3,9,7.58545,-0.3,0,2
15770,bullet1,9.68196,2.73019,0.8,0,1
15771,player,6.06509,3.41123,0.404697,0.0696058,1
15772,bullet2,14.0593,2.23987,0.8,0,1
15772,bullet6,6.6472,3.44255,0.8,0,1
15775,flyer3,7.5,7.58545,-0.3,0,2
15775,flyer5,16.5,12.5573,-0.23872,0.181694,2
15775,bullet1,13.682,2.73019,0.8,0,1
15775,bullet4,7.272,3.46585,0.8,0,1
15776,player,6.94782,3.46713,0.0758115,0.00128442,1
15777,bullet6,10.6472,3.44255,0.8,0,1
15777,bullet3,7.38193,3.46771,0.8,0,1
15780,flyer3,5.99999,7.58545,-0.3,0,2
15780,flyer5,15.3064,13.4658,-0.23872,0.181694,2
15780,bullet4,11.272,3.46585,0.8,0,1
15781,player,7.0087,2.97879,0.00139894,-0.151851,1
15781,bullet5,7.4087,2.97879,0.8,0,1
15782,bullet6,14.6472,3.44255,0.8,0,1
15782,bullet3,11.3819,3.46771,0.8,0,1
15785,flyer3,4.49999,7.58545,-0.3,0,2
15785,flyer5,14.1128,14.3743,-0.23872,0.181694,2
15785,bullet4,15.272,3.46585,0.8,0,1
15786,player,6.91072,2.85684,0.121146,-0.00280208,1
15786,bullet5,11.4087,2.97879,0.8,0,1
15787,bullet3,15.3819,3.46771,0.8,0,1
15787,bullet2,7.36524,2.85558,0.8,0,1
15790,flyer3,2.99999,7.58545,-0.3,0,2
15790,flyer5,12.9192,15.2827,-0.23872,0.181694,2
15790,bullet1,6.84806,3.41236,0.8,0,1
15791,player,6.41954,3.44306,-0.0285192,0.030703,1
15791,bullet5,15.4087,2.97879,0.8,0,1
15791,bullet6,6.81954,3.44306,0.8,0,1
15792,bullet2,11.3652,2.85558,0.8,0,1
15795,flyer3,1.49999,7.58545,-0.3,0,2
15795,flyer5,11.7256,16.1912,-0.23872,0.181694,2
15795,bullet1,10.8481,3.41236,0.8,0,1
15796,player,6.36588,3.49847,0.0370628,-0.0370225,1
15796,bullet6,10.8195,3.44306,0.8,0,1
15796,bullet4,6.76588,3.49847,0.8,0,1
15797,bullet2,15.3652,2.85558,0.8,0,1
15799,bullet3,6.79344,3.47094,0.8,0,1
15800,flyer3,-6.4373e-06,7.58545,-0.3,0,2
15800,bullet1,14.8481,3.41236,0.8,0,1
15801,player,6.39565,3.46874,0.000683913,-0.000683169,1
15801,bullet6,14.8195,3.44306,0.8,0,1
15801,bullet4,10.7659,3.49847,0.8,0,1
15803,flyer6,16.5,1.23605,-0.3,0,2
15803,bullet5,6.79609,3.4683,0.8,0,1
15804,bullet3,10.7934,3.47094,0.8,0,1
15806,player,5.83848,3.46819,-0.0683311,-1.26064e-05,1
15806,bullet4,14.7659,3.49847,0.8,0,1
15806,bullet2,6.23848,3.46819,0.8,0,1
15808,flyer6,15,1.23605,-0.3,0,2
15808,bullet5,10.7961,3.4683,0.8,0,1
15809,bullet3,14.7934,3.47094,0.8,0,1
15809,bullet1,6.18766,3.46818,0.8,0,1
15811,player,5.7836,3.46818,-0.0012609,-2.32623e-07,1
15811,bullet2,10.2385,3.46819,0.8,0,1
15812,bullet6,6.18303,3.46818,0.8,0,1
15813,flyer6,13.5,1.23605,-0.3,0,2
15813,bullet5,14.7961,3.4683,0.8,0,1
15814,bullet1,10.1877,3.46818,0.8,0,1
15816,player,5.44509,3.46818,-0.337523,-4.29256e-09,1
15816,bullet2,14.2385,3.46819,0.8,0,1
15817,bullet6,10.183,3.46818,0.8,0,1
15817,bullet4,4.8932,3.46818,-0.8,-6.99382e-08,1
15818,flyer6,12,1.23605,-0.3,0,2
15819,bullet1,14.1877,3.46818,0.8,0,1
15821,player,5.66341,2.91046,0.145647,-0.0683438,1
15822,flayer7,16.5,1.23605,-0.3,0,2
15822,bullet6,14.183,3.46818,0.8,0,1
15822,bullet4,0.893204,3.46818,-0.8,-6.99382e-08,1
15823,flyer6,10.5,1.23605,-0.3,0,2
15823,bullet3,5.66907,3.35525,0.8,0,1
15825,flayer8,16.5,1.23605,-0.239516,0.180643,2
15826,player,4.35119,2.96852,-0.500527,-0.139297,1
15827,flayer7,15,1.23605,-0.3,0,2
15828,flyer6,9,1.23605,-0.3,0,2
15828,bullet3,9.66907,3.35525,0.8,0,1
15830,flayer8,15.3024,2.13927,-0.239516,0.180643,2
15831,player,2.80303,3.44512,-0.108335,0.0281843,1
15831,bullet5,3.20303,3.44512,0.8,0,1
15832,flayer7,13.5,1.23605,-0.3,0,2
15833,flyer6,7.5,1.23605,-0.3,0,2
15833,bullet3,13.6691,3.35525,0.8,0,1
15835,flayer8,14.1048,3.04248,-0.239516,0.180643,1
15835,bullet2,3.67575,3.46724,0.8,0,1
15836,player,3.3045,3.46776,0.0287556,0.000520079,1
15836,bullet5,7.20303,3.44512,0.8,0,1
15836,bullet1,3.7045,3.46776,0.8,0,1
15837,flayer7,12,1.23605,-0.3,0,2
15838,flyer6,5.99999,1.23605,-0.3,0,2
15840,flayer8,12.9073,3.9457,-0.239516,0.180643,1
15840,bullet2,7.67575,3.46724,0.8,0,1
15841,player,3.32759,3.43742,0.000530622,0.0375987,1
15841,bullet5,11.203,3.44512,0.8,0,1
15841,bullet1,7.7045,3.46776,0.8,0,1
15842,flayer7,10.5,1.23605,-0.3,0,2
15843,flyer6,4.49999,1.23605,-0.3,0,2
15845,bullet2,11.6757,3.46724,0.8,0,1
15846,player,4.48805,3.42302,0.0821932,0.0551979,1
15846,bullet1,11.7045,3.46776,0.8,0,1
15847,flayer7,9,1.23605,-0.3,0,2
15848,flyer6,2.99999,1.23605,-0.3,0,2
15850,bullet2,15.6757,3.46724,0.8,0,1
15851,player,5.11178,4.61354,0.0698604,0.100117,1
15851,flyer1,16.5,0.79428,-0.3,0,2
15851,bullet1,15.7045,3.46776,0.8,0,1
15851,bullet4,5.51178,4.61354,0.8,0,1
15852,flayer7,7.5,1.23605,-0.3,0,2
15853,flyer6,1.49999,1.23605,-0.3,0,2
15855,bullet6,4.48874,5.28057,0.8,0,1
15856,player,4.00785,5.29626,-0.0808942,0.015687,1
15856,flyer1,15,0.79428,-0.3,0,2
15856,bullet4,9.51178,4.61354,0.8,0,1
15857,flayer7,5.99999,1.23605,-0.3,0,2
15858,flyer6,-6.4373e-06,1.23605,-0.3,0,2
15860,bullet6,8.48875,5.28057,0.8,0,1
15861,player,4.04198,5.30886,-0.122613,0.00028947,1
15861,flyer1,13.5,0.79428,-0.3,0,2
15861,bullet4,13.5118,4.61354,0.8,0,1
15862,flayer7,4.49999,1.23605,-0.3,0,2
15862,bullet3,4.38681,5.30899,0.8,0,1
15865,bullet6,12.4887,5.28057,0.8,0,1
15866,player,2.89642,6.35618,-0.222481,0.220224,1
15866,flyer1,12,0.79428,-0.3,0,2
15867,flayer7,2.99999,1.23605,-0.3,0,2
15867,bullet3,8.38681,5.30899,0.8,0,1
15867,bullet5,3.1963,6.45528,0.8,0,1
15871,player,2.28115,6.63214,-0.220485,-0.117057,1
15871,flyer1,10.5,0.79428,-0.3,0,2
15872,flayer7,1.49999,1.23605,-0.3,0,2
15872,bullet3,12.3868,5.30899,0.8,0,1
15872,bullet5,7.1963,6.45528,0.8,0,1
15873,bullet2,2.53728,6.55576,0.8,0,1
15875,bullet1,2.50815,6.54029,0.8,0,1
15876,player,2.10408,6.53813,-0.00406857,-0.00216002,1
15876,flyer1,9,0.79428,-0.3,0,2
15877,flayer7,-6.4373e-06,1.23605,-0.3,0,2
15877,bullet3,16.3868,5.30899,0.8,0,1
15877,bullet5,11.1963,6.45528,0.8,0,1
15878,bullet2,6.53728,6.55576,0.8,0,1
15878,bullet4,2.50143,6.53672,0.8,0,1
15880,bullet1,6.50815,6.54029,0.8,0,1
15881,player,2.59019,7.02577,0.1518,0.151835,1
15881,flyer1,7.5,0.79428,-0.3,0,2
15882,bullet5,15.1963,6.45528,0.8,0,1
15883,bullet2,10.5373,6.55576,0.8,0,1
15883,bullet4,6.50143,6.53672,0.8,0,1
15884,bullet6,3.10307,7.13868,0.8,0,1
15885,bullet1,10.5082,6.54029,0.8,0,1
15886,player,3.0496,7.14771,0.340301,0.00280179,1
15886,flyer1,5.99999,0.79428,-0.3,0,2
15888,bullet2,14.5373,6.55576,0.8,0,1
15888,bullet4,10.5014,6.53672,0.8,0,1
15889,bullet6,7.10307,7.13868,0.8,0,1
15890,bullet1,14.5082,6.54029,0.8,0,1
15891,player,2.24504,7.05086,-0.17635,0.121172,1
15891,flyer1,4.49999,0.79428,-0.3,0,2
15891,bullet3,2.64504,7.05086,0.8,0,1
15893,bullet4,14.5014,6.53672,0.8,0,1
15893,bullet5,2.52997,7.12993,0.8,0,1
15894,bullet6,11.1031,7.13868,0.8,0,1
15896,player,2.10341,7.14817,-0.00325416,0.00223596,1
15896,flyer1,2.99999,0.79428,-0.3,0,2
15896,bullet3,6.64504,7.05086,0.8,0,1
15896,bullet2,2.50341,7.14817,0.8,0,1
15898,bullet5,6.52997,7.12993,0.8,0,1
15899,bullet6,15.1031,7.13868,0.8,0,1
15901,player,0.451394,8.19706,-0.234118,0.22026,1
15901,flyer1,1.49999,0.79428,-0.3,0,2
15901,bullet3,10.645,7.05086,0.8,0,1
15901,bullet2,6.50341,7.14817,0.8,0,1
15902,bullet1,0.8,8.29618,0.8,0,1
15903,bullet5,10.53,7.12993,0.8,0,1
15906,player,0.611405,8.71145,-0.270236,0.341564,1
15906,flyer1,-6.4373e-06,0.79428,-0.3,0,2
15906,bullet3,14.645,7.05086,0.8,0,1
15906,bullet2,10.5034,7.14817,0.8,0,1
15907,bullet1,4.8,8.29618,0.8,0,1
15908,bullet5,14.53,7.12993,0.8,0,1
15909,flyer2,16.5,0.79428,-0.299578,-0.0159077,2
15911,player,0.4,7.89407,0,-0.159412,1
15911,flyer4,16.5,0.79428,-0.256077,-0.156284,2
15911,bullet2,14.5034,7.14817,0.8,0,1
15912,bullet1,8.8,8.29618,0.8,0,1
15913,bullet4,0.8,8.27943,0.8,0,1
15914,flyer2,15.0021,0.714742,-0.299578,-0.0159077,2
15915,bullet6,0.8,8.35747,0.8,0,1
15916,player,0.4,8.36837,0,0.010898,1
15916,flyer4,15.2196,0.0128586,-0.256077,-0.156284,2
15917,bullet1,12.8,8.29618,0.8,0,1
15918,bullet4,4.8,8.27943,0.8,0,1
15919,flyer2,13.5042,0.635203,-0.299578,-0.0159077,2
15920,bullet6,4.8,8.35747,0.8,0,1
15921,player,0.499099,10.0573,-0.12112,0.19667,1
15922,flyer5,16.5,11.9233,-0.271061,-0.128554,2
15923,bullet4,8.8,8.27943,0.8,0,1
15923,bullet3,0.820068,9.69623,0.8,0,1
15924,flyer2,12.0063,0.555665,-0.299578,-0.0159077,2
15925,bullet6,8.8,8.35747,0.8,0,1
15926,player,0.4,9.12353,0,-0.162085,1
15926,bullet5,0.8,9.12353,0.8,0,1
15927,flyer5,15.1447,11.2805,-0.271061,-0.128554,2
15928,bullet4,12.8,8.27943,0.8,0,1
15928,bullet3,4.82007,9.69623,0.8,0,1
15929,flyer2,10.5084,0.476126,-0.299578,-0.0159077,2
15930,bullet6,12.8,8.35747,0.8,0,1
15931,player,0.7375,8.09815,0.3375,-0.408835,1
15931,bullet5,4.8,9.12353,0.8,0,1
15932,flyer5,13.7894,10.6377,-0.271061,-0.128554,2
15933,bullet3,8.82007,9.69623,0.8,0,1
15934,flyer2,9.01056,0.396587,-0.299578,-0.0159077,2
15935,bullet2,1.40231,7.77736,0.8,0,1
15936,player,1.00854,7.76982,0.00622782,-0.00754415,1
15936,bullet5,8.8,9.12353,0.8,0,1
15936,bullet1,1.40854,7.76982,0.8,0,1
15937,flyer5,12.4341,9.99497,-0.271061,-0.128554,1
15939,flyer2,7.51267,0.317049,-0.299578,-0.0159077,2
15939,bullet4,0.923797,7.76421,0.8,0,1
15940,bullet2,5.40231,7.77736,0.8,0,1
15941,player,0.425069,7.76376,-0.0306398,-0.000139211,1
15941,bullet1,5.40854,7.76982,0.8,0,1
15941,bullet6,0.825069,7.76376,0.8,0,1
15944,flyer2,6.01478,0.23751,-0.299578,-0.0159077,2
15944,bullet4,4.9238,7.76421,0.8,0,1
15945,bullet2,9.40231,7.77736,0.8,0,1
15946,player,1.34028,8.70347,0.350774,0.351337,1
15946,bullet1,9.40854,7.76982,0.8,0,1
15946,bullet6,4.82507,7.76376,0.8,0,1
15949,flyer2,4.51689,0.157971,-0.299578,-0.0159077,2
15949,bullet4,8.9238,7.76421,0.8,0,1
15950,bullet2,13.4023,7.77736,0.8,0,1
15951,player,1.62198,8.98562,0.00647277,0.00648316,1
15951,bullet1,13.4085,7.76982,0.8,0,1
15951,bullet6,8.82507,7.76376,0.8,0,1
15954,flyer2,3.019,0.0784327,-0.299578,-0.0159077,2
15954,bullet4,12.9238,7.76421,0.8,0,1
15954,bullet3,2.02679,8.99044,0.8,0,1
15956,player,1.1378,9.4802,-0.151756,0.151995,1
15956,bullet6,12.8251,7.76376,0.8,0,1
15959,flyer2,1.52111,-0.00110596,-0.299578,-0.0159077,2
15959,flyer3,16.5,0.79428,-0.3,0,2
15959,bullet3,6.02679,8.99044,0.8,0,1
15961,player,1.00209,10.7931,0.0141148,0.047399,1
15961,flayer8,16.5,0.79428,-0.215875,0.208322,2
15964,flyer2,0.0232224,-0.0806446,-0.299578,-0.0159077,2
15964,flyer3,15,0.79428,-0.3,0,2
15964,bullet3,10.0268,8.99044,0.8,0,1
15964,bullet5,1.9703,10.8283,0.8,0,1
15966,player,2.10511,10.8311,0.165975,0.000874645,1
15966,flayer8,15.4206,1.83589,-0.215875,0.208322,2
15967,bullet2,2.5798,10.8315,0.8,0,1
15969,flyer3,13.5,0.79428,-0.3,0,2
15969,bullet3,14.0268,8.99044,0.8,0,1
15969,bullet5,5.9703,10.8283,0.8,0,1
15970,bullet1,3.19306,10.2741,0.8,0,1
15971,player,2.48938,10.5808,-0.303683,0.306761,1
15971,flayer8,14.3413,2.8775,-0.215875,0.208322,2
15972,bullet2,6.5798,10.8315,0.8,0,1
15974,flyer3,12,0.79428,-0.3,0,2
15974,bullet5,9.9703,10.8283,0.8,0,1
15975,bullet1,7.19306,10.2741,0.8,0,1
15975,bullet4,2.40882,10.8215,-0.8,-6.99382e-08,1
15976,player,2.83397,10.8272,0.0251509,0.00566061,1
15976,flayer8,13.2619,3.91911,-0.215875,0.208322,2
15977,bullet2,10.5798,10.8315,0.8,0,1
15979,flyer3,10.5,0.79428,-0.3,0,2
15979,bullet5,13.9703,10.8283,0.8,0,1
15980,bullet1,11.1931,10.2741,0.8,0,1
15980,bullet6,3.2537,10.8316,0.8,0,1
15981,player,3.19167,10.4942,0.337964,-0.337396,1
15981,flayer8,12.1825,4.96073,-0.215875,0.208322,2
15982,bullet2,14.5798,10.8315,0.8,0,1
15983,bullet3,3.81219,10.2741,0.8,0,1
15984,flyer3,9,0.79428,-0.3,0,2
15985,bullet1,15.1931,10.2741,0.8,0,1
15985,bullet6,7.2537,10.8316,0.8,0,1
15986,player,3.46308,10.2233,0.00623639,-0.0062259,1
15986,flayer8,11.1031,6.00234,-0.215875,0.208322,2
15988,bullet3,7.81219,10.2741,0.8,0,1
15988,bullet4,3.86715,10.2192,0.8,0,1
15989,flyer3,7.5,0.79428,-0.3,0,2
15990,bullet6,11.2537,10.8316,0.8,0,1
15990,bullet5,3.86797,10.2184,0.8,0,1
15991,player,3.46809,10.2183,0.000115079,-0.000114885,1
15991,flayer8,10.0238,7.04395,-0.215875,0.208322,2
15993,bullet3,11.8122,10.2741,0.8,0,1
15993,bullet4,7.86715,10.2192,0.8,0,1
15994,flyer3,5.99999,0.79428,-0.3,0,2
15995,bullet6,15.2537,10.8316,0.8,0,1
15995,bullet5,7.86797,10.2184,0.8,0,1
15996,player,3.46818,10.7759,2.12353e-06,0.0683416,1
15996,flayer8,8.94439,8.08556,-0.215875,0.208322,2
15998,bullet3,15.8122,10.2741,0.8,0,1
15998,bullet4,11.8671,10.2192,0.8,0,1
15999,flyer3,4.49999,0.79428,-0.3,0,2
16000,bullet5,11.868,10.2184,0.8,0,1
16000,bullet2,3.86818,9.75169,0.8,0,1
16001,player,3.46818,9.67077,3.91851e-08,-0.0809223,1
16001,flayer8,7.86502,9.12718,-0.215875,0.208322,2
16003,bullet4,15.8672,10.2192,0.8,0,1
16004,flyer3,2.99999,0.79428,-0.3,0,2
16005,bullet5,15.868,10.2184,0.8,0,1
16006,player,3.85027,9.26828,0.282996,-0.338993,1
16006,flayer8,6.78564,10.1688,-0.215875,0.208322,1
16006,flyer6,16.5,13.9704,-0.3,0,2
16007,bullet1,4.37762,9.11573,0.8,0,1
16009,flyer3,1.49999,0.79428,-0.3,0,2
16010,bullet6,4.47232,8.51292,0.8,0,1
16011,player,4.07754,8.43832,0.00522207,-0.0745991,1
16011,flayer8,5.70627,11.2104,-0.215875,0.208322,1
16011,flyer6,15,13.9704,-0.3,0,2
16012,bullet1,8.37762,9.11573,0.8,0,1
16014,flyer3,-6.4373e-06,0.79428,-0.3,0,2
16015,bullet6,8.47232,8.51292,0.8,0,1
16015,bullet3,4.51239,8.37979,0.8,0,1
16016,player,4.09557,8.37841,-0.0168187,-0.00137656,1
16016,flayer8,4.62689,12.252,-0.215875,0.208322,1
16016,flyer6,13.5,13.9704,-0.3,0,2
16016,bullet4,4.49557,8.37841,0.8,0,1
16017,bullet1,12.3776,9.11573,0.8,0,1
16020,bullet6,12.4723,8.51292,0.8,0,1
16020,bullet3,8.51239,8.37979,0.8,0,1
16021,player,3.59269,7.78883,-0.152185,-0.0307801,1
16021,flayer8,3.54752,13.2936,-0.215875,0.208322,1
16021,flyer6,12,13.9704,-0.3,0,2
16021,bullet4,8.49557,8.37841,0.8,0,1
16022,bullet1,16.3776,9.11573,0.8,0,1
16025,bullet3,12.5124,8.37979,0.8,0,1
16026,player,3.37137,6.68627,0.118312,-0.183198,1
16026,flayer8,2.46815,14.3352,-0.215875,0.208322,1
16026,flyer6,10.5,13.9704,-0.3,0,2
16026,bullet4,12.4956,8.37841,0.8,0,1
16026,bullet2,3.77137,6.68627,0.8,0,1
16028,bullet5,3.84857,6.56673,0.8,0,1
16030,bullet1,3.8642,6.54252,0.8,0,1
16031,player,3.46639,6.53914,0.00218319,-0.00338051,1
16031,flayer8,1.38878,15.3769,-0.215875,0.208322,1
16031,flyer6,9,13.9704,-0.3,0,2
16031,bullet2,7.77137,6.68627,0.8,0,1
16033,bullet5,7.84857,6.56673,0.8,0,1
16035,bullet1,7.86421,6.54252,0.8,0,1
16036,player,2.87967,6.06089,-0.0307144,-0.168852,1
16036,flayer8,0.309402,16.4185,-0.215875,0.208322,1
16036,flyer6,7.5,13.9704,-0.3,0,2
16036,bullet2,11.7714,6.68627,0.8,0,1
16036,bullet6,3.27967,6.06089,0.8,0,1
16038,bullet5,11.8486,6.56673,0.8,0,1
16040,bullet1,11.8642,6.54252,0.8,0,1
16041,player,2.36563,6.41467,-0.152442,0.148759,1
16041,flyer6,5.99999,13.9704,-0.3,0,2
16041,bullet2,15.7714,6.68627,0.8,0,1
16041,bullet6,7.27967,6.06089,0.8,0,1
16043,bullet5,15.8486,6.56673,0.8,0,1
16043,bullet3,2.17678,7.00111,0.8,0,1
16045,bullet1,15.8642,6.54252,0.8,0,1
16045,bullet4,2.05754,7.11986,0.8,0,1
16046,player,1.64089,7.13645,-0.0166526,0.0165846,1
16046,flyer6,4.49999,13.9704,-0.3,0,2
16046,bullet6,11.2797,6.06089,0.8,0,1
16046,bullet2,2.04089,7.13645,0.8,0,1
16048,bullet3,6.17678,7.00111,0.8,0,1
16050,bullet4,6.05754,7.11986,0.8,0,1
16051,player,1.29002,7.48727,-0.337807,0.337806,1
16051,flyer6,2.99999,13.9704,-0.3,0,2
16051,bullet6,15.2797,6.06089,0.8,0,1
16051,bullet2,6.04089,7.13645,0.8,0,1
16053,bullet3,10.1768,7.00111,0.8,0,1
16054,bullet5,0.881095,8.29619,0.8,0,1
16055,bullet4,10.0575,7.11986,0.8,0,1
16056,player,0.416415,8.36086,-0.0200731,0.0200731,1
16056,flyer6,1.49999,13.9704,-0.3,0,2
16056,bullet2,10.0409,7.13645,0.8,0,1
16058,bullet3,14.1768,7.00111,0.8,0,1
16059,bullet5,4.8811,8.29619,0.8,0,1
16060,bullet4,14.0575,7.11986,0.8,0,1
16061,player,0.958014,8.71449,0.0679733,0.33787,1
16061,flyer6,-6.4373e-06,13.9704,-0.3,0,2
16061,bullet2,14.0409,7.13645,0.8,0,1
16062,bullet1,1.3886,8.86653,0.8,0,1
16064,flayer7,16.5,13.9704,-0.285622,0.0917621,2
16064,bullet5,8.8811,8.29619,0.8,0,1
16064,bullet6,1.40856,8.96574,0.8,0,1
16065,bullet3,1.41135,8.9796,0.8,0,1
16066,player,1.0126,8.98583,0.0012543,0.00623466,1
16067,bullet1,5.3886,8.86653,0.8,0,1
16069,flayer7,15.0719,14.4292,-0.285622,0.0917621,2
16069,bullet5,12.8811,8.29619,0.8,0,1
16069,bullet6,5.40856,8.96574,0.8,0,1
16070,bullet3,5.41135,8.9796,0.8,0,1
16071,player,0.914511,8.50146,0.121143,-0.15176,1
16072,bullet1,9.3886,8.86653,0.8,0,1
16074,flayer7,13.6438,14.888,-0.285622,0.0917621,2
16074,bullet6,9.40856,8.96574,0.8,0,1
16075,bullet3,9.41135,8.9796,0.8,0,1
16075,bullet4,1.89894,8.38239,0.8,0,1
16076,player,1.56952,8.37959,0.0705792,-0.0028004,1
16077,bullet1,13.3886,8.86653,0.8,0,1
16079,flayer7,12.2157,15.3468,-0.285622,0.0917621,2
16079,bullet6,13.4086,8.96574,0.8,0,1
16080,bullet3,13.4113,8.9796,0.8,0,1
16080,bullet4,5.89894,8.38239,0.8,0,1
16081,player,2.21467,8.37734,0.0320571,-5.16752e-05,1
16081,bullet2,1.81467,8.37734,-0.8,-6.99382e-08,1
16084,flayer7,10.7876,15.8056,-0.285622,0.0917621,2
16084,flyer1,16.5,13.9704,-0.3,0,2
16085,flyer4,16.5,13.9704,-0.3,0,2
16085,bullet4,9.89894,8.38239,0.8,0,1
16085,bullet5,2.63982,7.88792,0.8,0,1
16086,player,2.24042,7.81957,0.000591543,-0.0683447,1
16089,flayer7,9.35946,16.2644,-0.285622,0.0917621,2
16089,flyer1,15,13.9704,-0.3,0,2
16090,flyer4,15,13.9704,-0.3,0,2
16090,bullet4,13.8989,8.38239,0.8,0,1
16090,bullet5,6.63982,7.88792,0.8,0,1
16091,player,3.33258,7.17621,0.165726,-0.0320158,1
16091,bullet1,3.73258,7.17621,0.8,0,1
16094,flyer1,13.5,13.9704,-0.3,0,2
16095,flyer4,13.5,13.9704,-0.3,0,2
16095,bullet5,10.6398,7.88792,0.8,0,1
16096,player,2.38782,7.1505,-0.179572,-0.000590782,1
16096,bullet1,7.73258,7.17621,0.8,0,1
16097,bullet6,2.70702,7.15024,0.8,0,1
16099,flyer1,12,13.9704,-0.3,0,2
16100,flyer4,12,13.9704,-0.3,0,2
16100,bullet5,14.6398,7.88792,0.8,0,1
16100,bullet3,2.08921,6.59232,0.8,0,1
16101,player,1.99264,6.89906,0.303432,0.306734,1
16101,bullet1,11.7326,7.17621,0.8,0,1
16102,bullet6,6.70702,7.15024,0.8,0,1
16104,flyer1,10.5,13.9704,-0.3,0,2
16104,bullet2,2.61828,7.61653,0.8,0,1
16105,flyer4,10.5,13.9704,-0.3,0,2
16105,bullet3,6.08921,6.59232,0.8,0,1
16106,player,1.89882,8.07136,-0.331901,0.373915,1
16106,bullet1,15.7326,7.17621,0.8,0,1
16107,bullet6,10.707,7.15024,0.8,0,1
16109,flyer1,9,13.9704,-0.3,0,2
16109,bullet2,6.61828,7.61653,0.8,0,1
16110,flyer4,9,13.9704,-0.3,0,2
16110,bullet3,10.0892,6.59232,0.8,0,1
16111,player,2.52749,9.26687,0.399719,0.412744,1
16112,bullet6,14.707,7.15024,0.8,0,1
16113,bullet4,3.18831,9.53619,0.8,0,1
16114,flyer1,7.5,13.9704,-0.3,0,2
16114,bullet2,10.6183,7.61653,0.8,0,1
16115,flyer4,7.5,13.9704,-0.3,0,2
16115,bullet3,14.0892,6.59232,0.8,0,1
16116,player,2.29078,9.04062,-0.0609678,-0.0607275,1
16116,bullet5,2.69078,9.04062,0.8,0,1
16118,bullet4,7.18831,9.53619,0.8,0,1
16119,flyer1,5.99999,13.9704,-0.3,0,2
16119,bullet2,14.6183,7.61653,0.8,0,1
16120,flyer4,5.99999,13.9704,-0.3,0,2
16121,player,3.40185,7.83182,0.0810583,-0.0833039,1
16121,bullet5,6.69078,9.04062,0.8,0,1
16121,bullet1,3.80185,7.83182,0.8,0,1
16122,bullet6,3.83833,7.79434,0.8,0,1
16123,bullet4,11.1883,9.53619,0.8,0,1
16124,flyer1,4.49999,13.9704,-0.3,0,2
16125,flyer4,4.49999,13.9704,-0.3,0,2
16126,player,3.46695,7.76492,0.00149575,-0.00153719,1
16126,bullet5,10.6908,9.04062,0.8,0,1
16126,bullet1,7.80185,7.83182,0.8,0,1
16127,bullet6,7.83833,7.79434,0.8,0,1
16128,bullet4,15.1883,9.53619,0.8,0,1
16129,flyer1,2.99999,13.9704,-0.3,0,2
16130,flyer4,2.99999,13.9704,-0.3,0,2
16130,bullet3,3.86812,7.76372,0.8,0,1
16131,player,3.46815,7.76369,2.76009e-05,-2.83655e-05,1
16131,bullet5,14.6908,9.04062,0.8,0,1
16131,bullet1,11.8019,7.83182,0.8,0,1
16132,bullet6,11.8383,7.79434,0.8,0,1
16134,flyer1,1.49999,13.9704,-0.3,0,2
16135,flyer4,1.49999,13.9704,-0.3,0,2
16135,bullet3,7.86812,7.76372,0.8,0,1
16136,player,3.71915,7.27429,-0.306745,-0.151876,1
16136,bullet1,15.8019,7.83182,0.8,0,1
16137,bullet6,15.8383,7.79434,0.8,0,1
16138,flyer5,16.5,2.258,-0.288689,0.0816014,2
16138,bullet2,3.91899,7.17519,0.8,0,1
16139,flyer1,-6.4373e-06,13.9704,-0.3,0,2
16140,flyer4,-6.4373e-06,13.9704,-0.3,0,2
16140,bullet3,11.8681,7.76372,0.8,0,1
16141,player,2.57759,8.04754,-0.411504,0.403041,1
16142,flyer2,16.5,2.258,-0.3,0,2
16143,flyer5,15.0566,2.66601,-0.288689,0.0816014,2
16143,bullet2,7.919,7.17519,0.8,0,1
16145,bullet3,15.8681,7.76372,0.8,0,1
16146,player,0.831764,9.11157,-0.527723,-0.147433,1
16146,flyer3,16.5,2.258,-0.227329,-0.195759,2
16147,flyer2,15,2.258,-0.3,0,2
16148,flyer5,13.6131,3.07401,-0.288689,0.0816014,2
16148,bullet2,11.919,7.17519,0.8,0,1
16151,player,0.996432,7.84697,0.0210167,-0.101819,1
16151,flyer3,15.3634,1.27921,-0.227329,-0.195759,2
16151,bullet4,1.39643,7.84697,0.8,0,1
16152,flyer2,13.5,2.258,-0.3,0,2
16153,flyer5,12.1697,3.48202,-0.288689,0.0816014,2
16153,bullet2,15.919,7.17519,0.8,0,1
16156,player,1.35081,7.54498,0.337888,0.267277,1
16156,flyer3,14.2267,0.300412,-0.227329,-0.195759,2
16156,bullet4,5.39643,7.84697,0.8,0,1
16157,flyer2,12,2.258,-0.3,0,2
16158,flyer5,10.7262,3.89003,-0.288689,0.0816014,2
16161,player,1.37119,7.75963,0.31298,0.00493202,1
16161,flayer8,16.5,14.5085,-0.3,0,2
16161,bullet4,9.39643,7.84697,0.8,0,1
16162,flyer2,10.5,2.258,-0.3,0,2
16163,flyer5,9.28278,4.29803,-0.288689,0.0816014,2
16164,bullet5,2.56165,8.32101,0.8,0,1
16166,player,1.73548,7.87653,-0.13226,-0.137944,1
16166,flayer8,15,14.5085,-0.3,0,2
16166,bullet4,13.3964,7.84697,0.8,0,1
16167,flyer2,9,2.258,-0.3,0,2
16167,bullet1,1.27596,7.81445,-0.8,-6.99382e-08,1
16168,flyer5,7.83934,4.70604,-0.288689,0.0816014,2
16169,bullet5,6.56165,8.32101,0.8,0,1
16171,player,2.52448,7.98596,0.403403,-0.271702,1
16171,flayer8,13.5,14.5085,-0.3,0,2
16172,flyer2,7.5,2.258,-0.3,0,2
16173,flyer5,6.3959,5.11405,-0.288689,0.0816014,2
16174,bullet5,10.5616,8.32101,0.8,0,1
16174,bullet6,2.66674,8.34164,0.8,0,1
16175,bullet3,2.65253,8.36125,0.8,0,1
16176,player,2.24613,8.37008,-0.00639569,0.00882595,1
16176,flayer8,12,14.5085,-0.3,0,2
16177,flyer2,5.99999,2.258,-0.3,0,2
16178,flyer5,4.95245,5.52206,-0.288689,0.0816014,2
16178,bullet2,2.15259,8.86521,0.8,0,1
16179,bullet5,14.5616,8.32101,0.8,0,1
16179,bullet6,6.66674,8.34164,0.8,0,1
16180,bullet3,6.65253,8.36125,0.8,0,1
16181,player,1.14931,8.49011,-0.165833,-0.137873,1
16181,flayer8,10.5,14.5085,-0.3,0,2
16182,flyer2,4.49999,2.258,-0.3,0,2
16182,bullet4,1.47468,8.42807,0.8,0,1
16183,flyer5,3.50901,5.93007,-0.288689,0.0816014,2
16183,bullet2,6.15259,8.86521,0.8,0,1
16184,bullet6,10.6667,8.34164,0.8,0,1
16185,bullet3,10.6525,8.36125,0.8,0,1
16186,player,0.526757,8.86876,-0.154935,0.149331,1
16186,flayer8,9,14.5085,-0.3,0,2
16187,flyer2,2.99999,2.258,-0.3,0,2
16187,bullet4,5.47469,8.42807,0.8,0,1
16188,flyer5,2.06557,6.33808,-0.288689,0.0816014,2
16188,bullet2,10.1526,8.86521,0.8,0,1
16189,bullet6,14.6667,8.34164,0.8,0,1
16190,bullet3,14.6525,8.36125,0.8,0,1
16191,player,0.4,10.0358,0,0.222974,1
16191,flayer8,7.5,14.5085,-0.3,0,2
16192,flyer2,1.49999,2.258,-0.3,0,2
16192,bullet4,9.47469,8.42807,0.8,0,1
16192,bullet1,0.8,10.1361,0.8,0,1
16193,flyer5,0.622123,6.74608,-0.288689,0.0816014,2
16193,bullet2,14.1526,8.86521,0.8,0,1
16194,bullet5,0.8,10.2016,0.8,0,1
16196,player,0.4,9.72547,0,-0.147761,1
16196,flayer8,5.99999,14.5085,-0.3,0,2
16197,flyer2,-6.4373e-06,2.258,-0.3,0,2
16197,bullet4,13.4747,8.42807,0.8,0,1
16197,bullet1,4.8,10.1361,0.8,0,1
16197,bullet6,0.8,9.65897,0.8,0,1
16199,bullet5,4.8,10.2016,0.8,0,1
16201,player,0.4,9.6068,0,-0.0027266,1
16201,flayer8,4.49999,14.5085,-0.3,0,2
16202,bullet1,8.8,10.1361,0.8,0,1
16202,bullet6,4.8,9.65897,0.8,0,1
16203,bullet3,0.8,9.60502,0.8,0,1
16204,bullet5,8.8,10.2016,0.8,0,1
16206,player,0.4,9.45273,-0,0.185575,1
16206,flayer8,2.99999,14.5085,-0.3,0,2
16207,bullet1,12.8,10.1361,0.8,0,1
16207,bullet6,8.8,9.65897,0.8,0,1
16208,bullet3,4.8,9.60502,0.8,0,1
16209,bullet5,12.8,10.2016,0.8,0,1
16211,player,0.4,9.11239,-0,-0.148451,1
16211,flayer8,1.49999,14.5085,-0.3,0,2
16212,bullet6,12.8,9.65897,0.8,0,1
16213,bullet3,8.8,9.60502,0.8,0,1
16213,finish,18.6096,8,-0.2,0,1
16216,player,0.957719,9.55089,0.0683438,0.0656044,1
16216,flayer8,-6.4373e-06,14.5085,-0.3,0,2
16216,bullet2,1.35772,9.55089,0.8,0,1
16217,bullet4,1.38847,9.58041,0.8,0,1
16218,bullet3,12.8,9.60502,0.8,0,1
16218,finish,17.6096,8,-0.2,0,1
16219,bullet1,1.40854,9.59967,0.8,0,1
16221,player,1.0126,9.1142,0.00126113,-0.150664,1
16221,bullet2,5.35772,9.55089,0.8,0,1
16222,bullet4,5.38847,9.58041,0.8,0,1
16223,finish,16.6096,8,-0.2,0,1
16224,bullet1,5.40854,9.59967,0.8,0,1
16226,player,0.411305,7.49567,-0.0138163,-0.422464,1
16226,bullet2,9.35772,9.55089,0.8,0,1
16227,bullet4,9.38847,9.58041,0.8,0,1
16228,finish,15.6096,8,-0.2,0,1
16229,bullet1,9.40854,9.59967,0.8,0,1
16231,player,0.889375,5.50699,0.151875,-0.241854,1
16231,bullet2,13.3577,9.55089,0.8,0,1
16232,bullet4,13.3885,9.58041,0.8,0,1
16233,finish,14.6096,8,-0.2,0,1
16234,bullet1,13.4085,9.59967,0.8,0,1
16235,flyer6,16.5,14.5085,-0.282099,-0.102079,2
16236,player,0.453625,5.26816,-0.0655412,0.0500413,1
16236,flayer7,16.5,14.5085,-0.3,0,2
16236,bullet5,0.853625,5.26816,0.8,0,1
16237,bullet6,0.824131,5.29068,0.8,0,1
16238,finish,13.6096,8,-0.2,0,1
16239,bullet3,0.804887,5.30538,0.8,0,1
16240,flyer6,15.0895,13.9981,-0.282099,-0.102079,2
16241,player,0.40099,4.81898,-0.00120942,-0.150952,1
16241,flayer7,15,14.5085,-0.3,0,2
16241,bullet5,4.85362,5.26816,0.8,0,1
16242,bullet6,4.82413,5.29068,0.8,0,1
16243,finish,12.6096,8,-0.2,0,1
16243,bullet2,0.8,4.72048,0.8,0,1
16244,bullet3,4.80489,5.30538,0.8,0,1
16245,flyer6,13.679,13.4877,-0.282099,-0.102079,2
16246,player,0.4,4.69775,0,-0.00278548,1
16246,flayer7,13.5,14.5085,-0.3,0,2
16246,bullet5,8.85363,5.26816,0.8,0,1
16247,bullet6,8.82413,5.29068,0.8,0,1
16248,finish,11.6096,8,-0.2,0,1
16248,bullet2,4.8,4.72048,0.8,0,1
16249,bullet3,8.80489,5.30538,0.8,0,1
16250,flyer6,12.2685,12.9773,-0.282099,-0.102079,2
16251,player,0.4,4.0932,0,-0.013891,1
16251,flayer7,12,14.5085,-0.3,0,2
16251,bullet5,12.8536,5.26816,0.8,0,1
16252,bullet6,12.8241,5.29068,0.8,0,1
16253,finish,10.6096,8,-0.2,0,1
16253,bullet2,8.8,4.72048,0.8,0,1
16254,bullet3,12.8049,5.30538,0.8,0,1
16255,flyer6,10.858,12.4669,-0.282099,-0.102079,2
16256,player,0.7375,4.41955,0.3375,0.337244,1
16256,flayer7,10.5,14.5085,-0.3,0,2
16258,finish,9.60962,8,-0.2,0,1
16258,bullet2,12.8,4.72048,0.8,0,1
16260,flyer6,9.44753,11.9565,-0.282099,-0.102079,2
16260,bullet4,1.40231,4.68416,0.8,0,1
16261,player,1.00854,4.69038,0.00622782,0.00622309,1
16261,flayer7,9,14.5085,-0.3,0,2
16263,finish,8.60962,8,-0.2,0,1
16265,flyer6,8.03704,11.4461,-0.282099,-0.102079,2
16265,bullet4,5.40231,4.68416,0.8,0,1
16265,bullet1,0.824954,4.69527,0.8,0,1
16266,player,0.41123,4.69538,-0.0137247,0.000114834,1
16266,flayer7,7.5,14.5085,-0.3,0,2
16268,finish,7.60962,8,-0.2,0,1
16270,flyer6,6.62654,10.9357,-0.282099,-0.102079,2
16270,bullet4,9.40231,4.68416,0.8,0,1
16270,bullet1,4.82495,4.69527,0.8,0,1
16271,player,0.499306,4.69547,-0.121374,2.119e-06,1
16271,flayer7,5.99999,14.5085,-0.3,0,2
16272,bullet5,0.844688,4.69547,0.8,0,1
16273,finish,6.60962,8,-0.2,0,1
16273,bullet6,0.82011,4.69547,0.8,0,1
16275,flyer6,5.21604,10.4254,-0.282099,-0.102079,2
16275,bullet4,13.4023,4.68416,0.8,0,1
16275,bullet1,8.82495,4.69527,0.8,0,1
16276,player,1.22871,5.52234,0.487135,0.489375,1
16276,flayer7,4.49999,14.5085,-0.3,0,2
16277,bullet5,4.84469,4.69547,0.8,0,1
16278,finish,5.60962,8,-0.2,0,1
16278,bullet6,4.82011,4.69547,0.8,0,1
