622279,player,5.97121,10.5227,0,0,1
622279,bullet1,6.37121,10.5227,0.8,0,1
622280,bullet2,6.37121,10.5227,0.8,0,1
622281,bullet3,6.37121,10.5227,0.8,0,1
622282,bullet4,6.37121,10.5227,0.8,0,1
622284,player,5.63371,10.8602,-0.3375,0.3375,1
622284,bullet1,10.3712,10.5227,0.8,0,1
622285,bullet2,10.3712,10.5227,0.8,0,1
622286,bullet3,10.3712,10.5227,0.8,0,1
622287,bullet4,10.3712,10.5227,0.8,0,1
622289,player,4.28482,11.1996,-0.188858,-0.0773034,1
622289,bullet1,14.3712,10.5227,0.8,0,1
622290,bullet2,14.3712,10.5227,0.8,0,1
622291,bullet3,14.3712,10.5227,0.8,0,1
622292,bullet4,14.3712,10.5227,0.8,0,1
622293,bullet5,4.53664,10.0611,0.8,0,1
622294,player,4.13315,9.97745,-0.00348495,-0.0836098,1
622294,bullet6,4.53315,9.97745,0.8,0,1
622295,flyer1,16.5,3.07626,-0.299759,0.0120268,2
622297,bullet1,5.01994,9.91528,0.8,0,1
622298,bullet5,8.53664,10.0611,0.8,0,1
622298,bullet2,5.08814,9.91185,0.8,0,1
622299,player,4.71883,9.57281,0.0306904,-0.339043,1
622299,bullet6,8.53315,9.97745,0.8,0,1
622300,flyer1,15.0012,3.13639,-0.299759,0.0120268,2
622302,bullet1,9.01994,9.91528,0.8,0,1
622303,bullet5,12.5366,10.0611,0.8,0,1
622303,bullet2,9.08814,9.91185,0.8,0,1
622304,player,3.84826,8.37456,-0.405277,-0.374511,1
622304,bullet6,12.5332,9.97745,0.8,0,1
622305,flyer1,13.5024,3.19652,-0.299759,0.0120268,2
622307,bullet1,13.0199,9.91528,0.8,0,1
622308,bullet2,13.0881,9.91185,0.8,0,1
622308,bullet3,3.93026,8.08071,0.8,0,1
622309,player,3.52279,8.07379,-0.00747851,-0.00691078,1
622309,bullet4,3.92279,8.07379,0.8,0,1
622310,flyer1,12.0036,3.25666,-0.299759,0.0120268,2
622312,bullet5,4.47494,8.62637,0.8,0,1
622313,bullet3,7.93026,8.08071,0.8,0,1
622314,player,3.62972,9.15993,-0.138173,0.165587,1
622314,bullet4,7.92279,8.07379,0.8,0,1
622314,bullet6,4.02972,9.15993,0.8,0,1
622315,flyer1,10.5048,3.31679,-0.299759,0.0120268,2
622317,bullet5,8.47495,8.62637,0.8,0,1
622318,bullet3,11.9303,8.08071,0.8,0,1
622319,player,1.83859,9.30675,-0.199019,-0.0138595,1
622319,bullet4,11.9228,8.07379,0.8,0,1
622319,bullet6,8.02972,9.15993,0.8,0,1
622320,flyer1,9.00603,3.37693,-0.299759,0.0120268,2
622322,bullet5,12.4749,8.62637,0.8,0,1
622323,bullet3,15.9303,8.08071,0.8,0,1
622324,player,1.66492,9.89793,0.0132426,0.0135839,1
622324,bullet4,15.9228,8.07379,0.8,0,1
622324,bullet6,12.0297,9.15993,0.8,0,1
622324,bullet1,1.26492,9.89793,-0.8,-6.99382e-08,1
622325,flyer1,7.50723,3.43706,-0.299759,0.0120268,2
622327,flyer2,16.5,3.07626,-0.3,0,2
622328,flyer3,16.5,12.0034,-0.3,0,2
622328,bullet2,2.66379,10.5654,0.8,0,1
622329,player,1.94037,10.2044,-0.323416,-0.360999,1
622329,bullet6,16.0297,9.15993,0.8,0,1
622330,flyer1,6.00844,3.49719,-0.299759,0.0120268,2
622331,bullet3,1.63997,9.96886,0.8,0,1
622332,flyer2,15,3.07626,-0.3,0,2
622333,flyer3,15,12.0034,-0.3,0,2
622333,bullet2,6.66379,10.5654,0.8,0,1
622334,player,0.588954,9.9145,-0.171683,-0.00666144,1
622335,flyer1,4.50964,3.55733,-0.299759,0.0120268,2
622336,bullet3,5.63997,9.96886,0.8,0,1
622336,bullet4,0.876931,10.3995,0.8,0,1
622337,flyer2,13.5,3.07626,-0.3,0,2
622337,bullet5,0.861287,10.4673,0.8,0,1
622338,flyer3,13.5,12.0034,-0.3,0,2
622338,bullet2,10.6638,10.5654,0.8,0,1
622339,player,0.451079,10.5115,-0.00316803,0.0137167,1
622340,flyer1,3.01085,3.61746,-0.299759,0.0120268,2
622341,bullet3,9.63997,9.96886,0.8,0,1
622341,bullet4,4.87693,10.3995,0.8,0,1
622342,flyer2,12,3.07626,-0.3,0,2
622342,bullet5,4.86129,10.4673,0.8,0,1
622343,flyer3,12,12.0034,-0.3,0,2
622343,bullet2,14.6638,10.5654,0.8,0,1
622344,player,0.4,10.5225,0,0.000253111,1
622345,flyer1,1.51205,3.67759,-0.299759,0.0120268,2
622346,bullet3,13.64,9.96886,0.8,0,1
622346,bullet4,8.87693,10.3995,0.8,0,1
622346,bullet1,0.8,10.5226,0.8,0,1
622347,flyer2,10.5,3.07626,-0.3,0,2
622347,bullet5,8.86129,10.4673,0.8,0,1
622348,flyer3,10.5,12.0034,-0.3,0,2
622349,player,0.4,10.3708,-0,0.18563,1
622350,flyer1,0.0132601,3.73773,-0.299759,0.0120268,2
622351,bullet4,12.8769,10.3995,0.8,0,1
622351,bullet1,4.8,10.5226,0.8,0,1
622351,bullet6,1.28938,10.4919,0.8,0,1
622352,flyer2,9,3.07626,-0.3,0,2
622352,bullet5,12.8613,10.4673,0.8,0,1
622353,flyer3,9,12.0034,-0.3,0,2
622354,player,1.07066,11.0776,-0.0696916,0.0717691,1
622356,bullet1,8.8,10.5226,0.8,0,1
622356,bullet6,5.28938,10.4919,0.8,0,1
622356,bullet2,1.42518,11.1244,0.8,0,1
622357,flyer2,7.5,3.07626,-0.3,0,2
622358,flyer3,7.5,12.0034,-0.3,0,2
622359,player,1.35219,11.4727,0.336214,0.338824,1
622361,bullet1,12.8,10.5226,0.8,0,1
622361,bullet6,9.28938,10.4919,0.8,0,1
622361,bullet2,5.42518,11.1244,0.8,0,1
622361,bullet3,1.17157,11.6938,-0.8,-6.99382e-08,1
622362,flyer2,5.99999,3.07626,-0.3,0,2
622362,bullet4,2.00221,11.7247,0.8,0,1
622363,flyer3,5.99999,12.0034,-0.3,0,1
622364,player,1.6222,11.7448,0.00620409,0.00625226,1
622364,bullet5,2.0222,11.7448,0.8,0,1
622366,bullet6,13.2894,10.4919,0.8,0,1
622366,bullet2,1.22624,11.7489,-0.8,-6.99382e-08,1
622367,flyer2,4.49999,3.07626,-0.3,0,2
622369,player,2.45405,12.2392,0.489489,0.15199,1
622369,bullet5,6.0222,11.7448,0.8,0,1
622371,flyer4,16.5,12.0034,-0.3,0,2
622372,flyer2,2.99999,3.07626,-0.3,0,2
622372,flyer5,16.5,12.0034,-0.3,0,2
622374,player,3.43563,11.993,0.0397871,-0.297106,1
622374,bullet5,10.0222,11.7448,0.8,0,1
622376,flyer4,15,12.0034,-0.3,0,2
622376,bullet3,3.86159,11.7992,0.8,0,1
622377,flyer2,1.49999,3.07626,-0.3,0,2
622377,flyer5,15,12.0034,-0.3,0,2
622379,player,2.90986,11.1967,-0.0676096,-0.0738262,1
622379,bullet1,3.30986,11.1967,0.8,0,1
622381,flyer4,13.5,12.0034,-0.3,0,2
622381,bullet3,7.86159,11.7992,0.8,0,1
622382,flyer2,-6.4373e-06,3.07626,-0.3,0,2
622382,flyer5,13.5,12.0034,-0.3,0,1
622383,bullet4,1.89909,10.5811,-0.8,-6.99382e-08,1
622384,player,2.26709,10.549,-0.0320023,-0.032117,1
622384,bullet1,7.30986,11.1967,0.8,0,1
622384,bullet2,2.66709,10.549,0.8,0,1
622386,flyer4,12,12.0034,-0.3,0,2
622388,bullet4,-2.10091,10.5811,-0.8,-6.99382e-08,1
622388,bullet6,3.13136,10.5238,0.8,0,1
622389,player,2.79911,10.5232,0.0677532,-0.000592649,1
622389,bullet2,6.66709,10.549,0.8,0,1
622391,flyer4,10.5,12.0034,-0.3,0,1
622391,bullet5,1.95394,10.5228,-0.8,-6.99382e-08,1
622393,bullet6,7.13136,10.5238,0.8,0,1
622393,bullet3,2.6638,10.5227,0.8,0,1
622394,player,2.25121,10.5227,-0.0125894,-1.0936e-05,1
622394,bullet2,10.6671,10.549,0.8,0,1
622394,bullet1,2.65121,10.5227,0.8,0,1
622396,flyer4,9,12.0034,-0.3,0,1
622398,bullet6,11.1314,10.5238,0.8,0,1
622398,bullet3,6.6638,10.5227,0.8,0,1
622399,player,2.27185,10.5534,-0.0378214,-0.0375893,1
622399,bullet2,14.6671,10.549,0.8,0,1
622399,bullet1,6.65121,10.5227,0.8,0,1
622401,flyer4,7.5,12.0034,-0.3,0,1
622403,bullet6,15.1314,10.5238,0.8,0,1
622403,bullet3,10.6638,10.5227,0.8,0,1
622403,bullet4,2.08446,11.0817,0.8,0,1
622404,player,1.65301,11.1117,-0.0314526,0.0300611,1
622404,bullet1,10.6512,10.5227,0.8,0,1
622406,flyer4,5.99999,12.0034,-0.3,0,1
622406,bullet5,2.03248,11.1313,0.8,0,1
622408,bullet3,14.6638,10.5227,0.8,0,1
622408,bullet4,6.08446,11.0817,0.8,0,1
622409,player,1.62775,11.1359,-0.000580389,0.000554711,1
622409,bullet1,14.6512,10.5227,0.8,0,1
622412,flyer6,16.5,12.0034,-0.275286,0.119239,2
622413,bullet4,10.0845,11.0817,0.8,0,1
622414,player,0.549432,11.6257,-0.18264,0.151885,1
622414,flayer7,16.5,7.28292,-0.3,0,2
622415,flayer8,16.5,7.28292,-0.3,0,2
622417,flyer6,15.1236,12.5996,-0.275286,0.119239,2
622418,bullet4,14.0845,11.0817,0.8,0,1
622419,player,0.853194,12.1843,0.196094,0.219182,1
622419,flayer7,15,7.28292,-0.3,0,2
622420,flayer8,15,7.28292,-0.3,0,2
622421,flyer1,16.5,7.28292,-0.3,0,2
622421,bullet2,1.38115,12.3273,0.8,0,1
622422,flyer6,13.7471,13.1958,-0.275286,0.119239,2
622422,bullet6,1.39901,12.3472,0.8,0,1
622424,player,1.01067,12.3603,0.00361849,0.00404453,1
622424,flayer7,13.5,7.28292,-0.3,0,2
622424,bullet5,1.41067,12.3603,0.8,0,1
622425,flayer8,13.5,7.28292,-0.3,0,2
622426,flyer1,15,7.28292,-0.3,0,2
622426,bullet2,5.38115,12.3273,0.8,0,1
622427,flyer6,12.3707,13.792,-0.275286,0.119239,2
622427,bullet6,5.39901,12.3472,0.8,0,1
622429,player,1.60205,12.4626,0.0308215,-0.121046,1
622429,flayer7,12,7.28292,-0.3,0,2
622429,bullet5,5.41067,12.3603,0.8,0,1
622429,bullet3,2.00205,12.4626,0.8,0,1
622430,flayer8,12,7.28292,-0.3,0,2
622431,flyer1,13.5,7.28292,-0.3,0,2
622431,bullet2,9.38115,12.3273,0.8,0,1
622432,flyer6,10.9943,14.3882,-0.275286,0.119239,2
622432,bullet6,9.39902,12.3472,0.8,0,1
622434,player,1.62681,12.3654,0.000568743,-0.00223363,1
622434,flayer7,10.5,7.28292,-0.3,0,2
622434,bullet5,9.41068,12.3603,0.8,0,1
622434,bullet3,6.00205,12.4626,0.8,0,1
622435,flayer8,10.5,7.28292,-0.3,0,2
622436,flyer1,12,7.28292,-0.3,0,2
622436,bullet2,13.3811,12.3273,0.8,0,1
622437,flyer6,9.61786,14.9844,-0.275286,0.119239,2
622437,bullet6,13.399,12.3472,0.8,0,1
622439,player,0.800388,12.853,-0.489365,0.151834,1
622439,flayer7,9,7.28292,-0.3,0,2
622439,bullet5,13.4107,12.3603,0.8,0,1
622439,bullet3,10.0021,12.4626,0.8,0,1
622440,flayer8,9,7.28292,-0.3,0,2
622441,flyer1,10.5,7.28292,-0.3,0,2
622442,flyer6,8.24143,15.5806,-0.275286,0.119239,2
622442,bullet1,0.836485,12.9659,0.8,0,1
622444,player,0.744887,12.9749,0.32847,0.00280176,1
622444,flayer7,7.5,7.28292,-0.3,0,2
622444,bullet3,14.0021,12.4626,0.8,0,1
622445,flayer8,7.5,7.28292,-0.3,0,2
622445,bullet4,1.2927,12.9762,0.8,0,1
622446,flyer1,9,7.28292,-0.3,0,2
622447,flyer6,6.865,16.1768,-0.275286,0.119239,2
622447,bullet1,4.83648,12.9659,0.8,0,1
622447,bullet2,1.38915,12.977,0.8,0,1
622449,player,1.00868,12.9772,0.00606119,5.17004e-05,1
622449,flayer7,5.99999,7.28292,-0.3,0,2
622449,bullet6,1.40868,12.9772,0.8,0,1
622450,flayer8,5.99999,7.28292,-0.3,0,2
622450,bullet4,5.2927,12.9762,0.8,0,1
622451,flyer1,7.5,7.28292,-0.3,0,2
622452,bullet1,8.83649,12.9659,0.8,0,1
622452,bullet2,5.38915,12.977,0.8,0,1
622454,player,1.61586,13.5795,0.0139515,0.0138406,1
622454,flayer7,4.49999,7.28292,-0.3,0,2
622454,bullet6,5.40868,12.9772,0.8,0,1
622455,flayer8,4.49999,7.28292,-0.3,0,2
622455,bullet4,9.2927,12.9762,0.8,0,1
622456,flyer1,5.99999,7.28292,-0.3,0,2
622457,bullet1,12.8365,12.9659,0.8,0,1
622457,bullet2,9.38915,12.977,0.8,0,1
622459,player,1.62706,13.5907,0.000257444,0.000255397,1
622459,flayer7,2.99999,7.28292,-0.3,0,2
622459,bullet6,9.40868,12.9772,0.8,0,1
622460,flayer8,2.99999,7.28292,-0.3,0,2
622460,bullet4,13.2927,12.9762,0.8,0,1
622461,flyer1,4.49999,7.28292,-0.3,0,2
622462,bullet2,13.3891,12.977,0.8,0,1
622464,player,2.43596,13.3399,-0.238397,0.30675,1
622464,flayer7,1.49999,7.28292,-0.3,0,2
622464,bullet6,13.4087,12.9772,0.8,0,1
622465,flayer8,1.49999,7.28292,-0.3,0,2
622466,flyer1,2.99999,7.28292,-0.3,0,2
622467,bullet5,2.16931,14.0574,0.8,0,1
622469,player,1.65603,13.8372,-0.0351538,-0.301085,1
622469,flayer7,-6.4373e-06,7.28292,-0.3,0,2
622470,flayer8,-6.4373e-06,7.28292,-0.3,0,2
622470,bullet3,1.24021,13.7017,-0.8,-6.99382e-08,1
622471,flyer1,1.49999,7.28292,-0.3,0,2
622472,flyer3,16.5,7.28292,-0.3,0,2
622472,bullet5,6.16931,14.0574,0.8,0,1
622473,flyer2,16.5,7.31893,-0.3,0,2
622474,player,1.13843,13.7473,-0.152524,-0.191181,1
622476,flyer1,-6.4373e-06,7.28292,-0.3,0,2
622477,flyer3,15,7.28292,-0.3,0,2
622477,bullet5,10.1693,14.0574,0.8,0,1
622478,flyer5,16.5,7.28292,-0.275992,0.117595,2
622478,flyer2,15,7.31893,-0.3,0,2
622479,player,1.35344,13.6245,0.334686,-0.0411169,1
622482,flyer3,13.5,7.28292,-0.3,0,2
622482,bullet5,14.1693,14.0574,0.8,0,1
622483,flyer5,15.12,7.87089,-0.275992,0.117595,2
622483,flyer2,13.5,7.31893,-0.3,0,2
622483,bullet1,2.01604,13.0345,0.8,0,1
622484,player,1.28472,12.6655,-0.331324,-0.369013,1
622487,flyer3,12,7.28292,-0.3,0,2
622488,flyer5,13.7401,8.45887,-0.275992,0.117595,2
622488,flyer2,12,7.31893,-0.3,0,2
622488,bullet1,6.01604,13.0345,0.8,0,1
622489,player,0.430164,13.447,-0.0368685,0.17582,1
622492,flyer3,10.5,7.28292,-0.3,0,2
622493,flyer5,12.3601,9.04684,-0.275992,0.117595,2
622493,flyer2,10.5,7.31893,-0.3,0,2
622493,bullet1,10.016,13.0345,0.8,0,1
622494,player,0.4,15.0174,0,0.506459,1
622497,flyer3,9,7.28292,-0.3,0,2
622498,flyer5,10.9802,9.63482,-0.275992,0.117595,2
622498,flyer2,9,7.31893,-0.3,0,2
622498,bullet1,14.016,13.0345,0.8,0,1
622499,player,1.47785,15.4241,0.18263,0.00934559,1
622501,flyer4,16.5,7.31893,-0.279735,0.10839,2
622502,flyer3,7.5,7.28292,-0.3,0,2
622503,flyer5,9.60021,10.2228,-0.275992,0.117595,2
622503,flyer2,7.5,7.31893,-0.3,0,2
622504,player,1.51158,15.1106,0.141405,-0.151875,1
622504,bullet4,1.91158,15.1106,0.8,0,1
622506,flyer4,15.1013,7.86088,-0.279735,0.10839,2
622507,flyer3,5.99999,7.28292,-0.3,0,2
622507,bullet2,2.01673,14.9977,0.8,0,1
622508,flyer5,8.22026,10.8108,-0.275992,0.117595,2
622508,flyer2,5.99999,7.31893,-0.3,0,2
622509,player,1.28764,15.3262,-0.334891,0.334697,1
622509,bullet4,5.91158,15.1106,0.8,0,1
622511,flyer4,13.7027,8.40283,-0.279735,0.10839,2
622512,flyer3,4.49999,7.28292,-0.3,0,2
622512,bullet2,6.01673,14.9977,0.8,0,1
622513,flyer5,6.8403,11.3987,-0.275992,0.117595,2
622513,flyer2,4.49999,7.31893,-0.3,0,2
622513,bullet6,0.867153,15.6,0.8,0,1
622514,player,0.430219,15.6,-0.0369344,0,1
622514,bullet4,9.91158,15.1106,0.8,0,1
622515,bullet3,0.813599,15.6,0.8,0,1
622516,flyer4,12.304,8.94478,-0.279735,0.10839,2
622517,flyer3,2.99999,7.28292,-0.3,0,2
622517,bullet2,10.0167,14.9977,0.8,0,1
622518,flyer5,5.46034,11.9867,-0.275992,0.117595,2
622518,flyer2,2.99999,7.31893,-0.3,0,2
622518,bullet6,4.86715,15.6,0.8,0,1
622519,player,0.400558,15.6,-0.000681543,0,1
622519,bullet4,13.9116,15.1106,0.8,0,1
622520,bullet3,4.8136,15.6,0.8,0,1
622521,flyer4,10.9053,9.48673,-0.279735,0.10839,2
622522,flyer3,1.49999,7.28292,-0.3,0,2
622522,bullet2,14.0167,14.9977,0.8,0,1
622523,flyer5,4.08038,12.5747,-0.275992,0.117595,2
622523,flyer2,1.49999,7.31893,-0.3,0,2
622523,bullet6,8.86715,15.6,0.8,0,1
622524,player,0.40001,15.1106,-1.25764e-05,-0.151875,1
622525,bullet3,8.8136,15.6,0.8,0,1
622525,bullet5,0.800005,15.0423,0.8,0,1
622526,flyer4,9.50663,10.0287,-0.279735,0.10839,2
622527,flyer3,-6.4373e-06,7.28292,-0.3,0,2
622527,bullet1,0.800001,14.9977,0.8,0,1
622528,flyer5,2.70042,13.1627,-0.275992,0.117595,2
622528,flyer2,-6.4373e-06,7.31893,-0.3,0,2
622528,bullet6,12.8672,15.6,0.8,0,1
622529,player,0.4,14.9887,-2.3207e-07,-0.00280252,1
622530,bullet3,12.8136,15.6,0.8,0,1
622530,bullet5,4.8,15.0423,0.8,0,1
622531,flyer4,8.10796,10.5706,-0.279735,0.10839,2
622532,bullet1,4.8,14.9977,0.8,0,1
622533,flyer5,1.32046,13.7506,-0.275992,0.117595,2
622534,player,1.00231,15.5887,0.0138396,0.0137879,1
622534,bullet4,1.40231,15.5887,0.8,0,1
622535,bullet5,8.80001,15.0423,0.8,0,1
622536,flyer4,6.70929,11.1126,-0.279735,0.10839,2
622537,bullet1,8.8,14.9977,0.8,0,1
622537,bullet2,1.97032,15.599,0.8,0,1
622538,flyer5,-0.0594974,14.3386,-0.275992,0.117595,2
622539,player,1.61574,15.6,0.014095,0,1
622539,bullet4,5.40231,15.5887,0.8,0,1
622540,bullet5,12.8,15.0423,0.8,0,1
622541,flyer4,5.31061,11.6545,-0.279735,0.10839,2
622542,bullet1,12.8,14.9977,0.8,0,1
622542,bullet2,5.97032,15.599,0.8,0,1
622544,player,1.28956,15.6,-0.33724,0,1
622544,bullet4,9.40231,15.5887,0.8,0,1
622546,flyer4,3.91193,12.1965,-0.279735,0.10839,2
622547,flyer6,16.5,6.8027,-0.285454,-0.0922825,2
622547,bullet2,9.97032,15.599,0.8,0,1
622549,player,1.5527,15.5317,0.0911478,0.0835313,1
622549,bullet4,13.4023,15.5887,0.8,0,1
622551,flyer4,2.51326,12.7384,-0.279735,0.10839,2
622552,flyer6,15.0727,6.34128,-0.285454,-0.0922825,2
622552,bullet2,13.9703,15.599,0.8,0,1
622553,flayer7,16.5,6.8027,-0.3,0,2
622554,player,2.56571,15.6,0.353022,0.0983864,1
622555,bullet6,3.12457,15.6,0.8,0,1
622556,flyer4,1.11459,13.2804,-0.279735,0.10839,2
622557,flyer6,13.6455,5.87987,-0.285454,-0.0922825,2
622558,flayer7,15,6.8027,-0.3,0,2
622558,bullet3,2.75333,15.1106,0.8,0,1
622559,player,2.2915,15.0423,-0.0618295,-0.0683438,1
622560,bullet6,7.12457,15.6,0.8,0,1
622561,flyer4,-0.284088,13.8223,-0.279735,0.10839,2
622561,bullet5,2.65115,14.9977,0.8,0,1
622562,flyer6,12.2182,5.41846,-0.285454,-0.0922825,2
622563,flayer7,13.5,6.8027,-0.3,0,2
622563,bullet3,6.75333,15.1106,0.8,0,1
622564,player,1.68412,14.4297,-0.0694847,-0.0696049,1
622564,bullet1,2.08412,14.4297,0.8,0,1
622565,bullet6,11.1246,15.6,0.8,0,1
622566,bullet5,6.65115,14.9977,0.8,0,1
622567,flyer6,10.7909,4.95704,-0.285454,-0.0922825,2
622568,flayer7,12,6.8027,-0.3,0,2
622568,bullet3,10.7533,15.1106,0.8,0,1
622569,player,2.18604,14.8631,0.0670616,0.150591,1
622569,bullet1,6.08412,14.4297,0.8,0,1
622570,bullet6,15.1246,15.6,0.8,0,1
622571,bullet5,10.6512,14.9977,0.8,0,1
622572,flyer6,9.36366,4.49563,-0.285454,-0.0922825,2
622572,bullet4,1.27819,14.4174,-0.8,-6.99382e-08,1
622573,flayer7,10.5,6.8027,-0.3,0,2
622573,bullet3,14.7533,15.1106,0.8,0,1
622574,player,1.63758,14.7193,-0.0126021,0.326439,1
622574,bullet1,10.0841,14.4297,0.8,0,1
622576,bullet5,14.6512,14.9977,0.8,0,1
622577,flyer6,7.93639,4.03422,-0.285454,-0.0922825,2
622577,bullet2,1.47049,15.5197,0.8,0,1
622578,flayer7,9,6.8027,-0.3,0,2
622579,player,0.535773,15.6,-0.165947,0,1
622579,bullet1,14.0841,14.4297,0.8,0,1
622581,bullet6,0.827493,15.1106,0.8,0,1
622582,flyer6,6.50912,3.5728,-0.285454,-0.0922825,2
622582,bullet2,5.47049,15.5197,0.8,0,1
622583,flayer7,7.5,6.8027,-0.3,0,2
622584,player,0.402504,14.9977,-0.00306219,-0.0138396,1
622584,bullet4,0.00250372,14.9977,-0.8,-6.99382e-08,1
622586,bullet6,4.82749,15.1106,0.8,0,1
622587,flyer6,5.08185,3.11139,-0.285454,-0.0922825,2
622587,bullet2,9.47049,15.5197,0.8,0,1
622588,flayer7,5.99999,6.8027,-0.3,0,2
622589,player,0.4,13.8265,0,-0.0824387,1
622589,bullet3,0.8,13.8265,0.8,0,1
622591,bullet6,8.82749,15.1106,0.8,0,1
622592,flyer6,3.65458,2.64998,-0.285454,-0.0922825,2
622592,bullet2,13.4705,15.5197,0.8,0,1
622593,flayer7,4.49999,6.8027,-0.3,0,2
622594,player,0.988474,14.3181,0.0307547,0.0668225,1
622594,bullet3,4.8,13.8265,0.8,0,1
622594,bullet5,1.38847,14.3181,0.8,0,1
622596,bullet6,12.8275,15.1106,0.8,0,1
622597,flyer6,2.22731,2.18856,-0.285454,-0.0922825,2
622597,bullet1,1.41134,14.3677,0.8,0,1
622598,flayer7,2.99999,6.8027,-0.3,0,2
622599,player,1.01317,14.3717,0.00056751,0.00123306,1
622599,bullet3,8.8,13.8265,0.8,0,1
622599,bullet5,5.38847,14.3181,0.8,0,1
622602,flyer6,0.800041,1.72715,-0.285454,-0.0922825,2
622602,bullet1,5.41134,14.3677,0.8,0,1
622603,flayer7,1.49999,6.8027,-0.3,0,2
622604,player,1.01363,14.8621,1.04722e-05,0.151898,1
622604,bullet3,12.8,13.8265,0.8,0,1
622604,bullet5,9.38847,14.3181,0.8,0,1
622604,bullet4,1.41363,14.8621,0.8,0,1
622607,bullet1,9.41134,14.3677,0.8,0,1
622608,flayer7,-6.4373e-06,6.8027,-0.3,0,2
622609,player,0.425163,15.3216,-0.0307545,0.340303,1
622609,bullet5,13.3885,14.3181,0.8,0,1
622609,bullet4,5.41363,14.8621,0.8,0,1
622610,flayer8,16.5,6.8027,-0.3,0,2
622611,bullet2,0.805096,15.5436,0.8,0,1
622612,bullet1,13.4113,14.3677,0.8,0,1
622614,player,0.400465,15.5949,-0.000567507,0.00627955,1
622614,bullet4,9.41363,14.8621,0.8,0,1
622614,bullet6,0.800465,15.5949,0.8,0,1
622615,flayer8,15,6.8027,-0.3,0,2
622616,bullet2,4.8051,15.5436,0.8,0,1
622619,player,0.430764,15.5999,-0.0375995,0.000115875,1
622619,bullet4,13.4136,14.8621,0.8,0,1
622619,bullet6,4.80047,15.5949,0.8,0,1
622620,flayer8,13.5,6.8027,-0.3,0,2
622621,bullet2,8.8051,15.5436,0.8,0,1
622621,bullet3,0.8,15.6,0.8,0,1
622623,bullet5,0.8,15.6,0.8,0,1
622624,player,0.4,15.6,-0,0,1
622624,bullet6,8.80047,15.5949,0.8,0,1
622625,flayer8,12,6.8027,-0.3,0,2
622626,bullet2,12.8051,15.5436,0.8,0,1
622626,bullet3,4.8,15.6,0.8,0,1
622628,bullet5,4.8,15.6,0.8,0,1
622629,player,0.4,15.6,0,0,1
622629,bullet6,12.8005,15.5949,0.8,0,1
622630,flayer8,10.5,6.8027,-0.3,0,2
622631,bullet3,8.8,15.6,0.8,0,1
622631,bullet1,0.8,15.6,0.8,0,1
622633,bullet5,8.8,15.6,0.8,0,1
622634,player,0.4,15.1106,0,-0.151875,1
622634,bullet4,0.8,15.1106,0.8,0,1
622635,flayer8,9,6.8027,-0.3,0,2
622636,bullet3,12.8,15.6,0.8,0,1
622636,bullet1,4.8,15.6,0.8,0,1
622638,bullet5,12.8,15.6,0.8,0,1
622639,player,0.4,14.4993,0,-0.154678,1
622639,bullet4,4.8,15.1106,0.8,0,1
622640,flayer8,7.5,6.8027,-0.3,0,2
622641,bullet1,8.8,15.6,0.8,0,1
622643,flyer1,16.5,13.1976,-0.280924,0.105271,2
622644,player,0.4,15.3149,0,0.348485,1
622644,bullet4,8.8,15.1106,0.8,0,1
622645,flayer8,5.99999,6.8027,-0.3,0,2
622646,bullet1,12.8,15.6,0.8,0,1
622646,bullet2,0.8,15.5423,0.8,0,1
622648,flyer1,15.0954,13.724,-0.280924,0.105271,2
622649,player,0.4,15.6,0,0,1
622649,bullet4,12.8,15.1106,0.8,0,1
622650,flayer8,4.49999,6.8027,-0.3,0,2
622651,bullet2,4.8,15.5423,0.8,0,1
622651,bullet6,1.28938,15.6,0.8,0,1
622653,flyer1,13.6908,14.2503,-0.280924,0.105271,2
622653,bullet3,1.38847,15.6,0.8,0,1
622654,player,1.00231,15.6,0.0138396,0,1
622655,flayer8,2.99999,6.8027,-0.3,0,2
622656,bullet2,8.8,15.5423,0.8,0,1
622656,bullet6,5.28938,15.6,0.8,0,1
622656,bullet5,1.41134,15.6,0.8,0,1
622658,flyer1,12.2861,14.7767,-0.280924,0.105271,2
622658,bullet3,5.38847,15.6,0.8,0,1
622659,player,1.01343,15.6,0.00025538,0,1
622660,flayer8,1.49999,6.8027,-0.3,0,2
622661,bullet6,9.28938,15.6,0.8,0,1
622661,bullet5,5.41134,15.6,0.8,0,1
622661,bullet1,1.41359,15.1106,0.8,0,1
622663,flyer1,10.8815,15.303,-0.280924,0.105271,0
622663,bullet3,9.38847,15.6,0.8,0,1
622664,player,0.524258,14.9977,-0.15187,-0.0138396,1
622665,flayer8,-6.4373e-06,6.8027,-0.3,0,2
622666,bullet5,9.41134,15.6,0.8,0,1
622666,bullet1,5.41359,15.1106,0.8,0,1
622667,bullet4,1.36904,14.4297,0.8,0,1
622668,bullet3,13.3885,15.6,0.8,0,1
622669,player,1.00461,14.3843,0.0110372,-0.014095,1
622671,bullet5,13.4113,15.6,0.8,0,1
622671,bullet1,9.4136,15.1106,0.8,0,1
622672,flyer3,16.5,1.70209,-0.299892,0.00804435,2
622672,bullet4,5.36904,14.4297,0.8,0,1
622674,player,1.60194,15.5191,0.0309584,0.0988383,1
622674,bullet2,2.00194,15.5191,0.8,0,1
622676,bullet1,13.4136,15.1106,0.8,0,1
622677,flyer3,15.0005,1.74231,-0.299892,0.00804435,2
622677,bullet4,9.36904,14.4297,0.8,0,1
622677,bullet6,2.58268,15.5926,0.8,0,1
622679,player,2.22912,15.5985,0.0144109,0.00182385,1
622679,bullet2,6.00194,15.5191,0.8,0,1
622682,flyer3,13.5011,1.78253,-0.299892,0.00804435,2
622682,bullet4,13.369,14.4297,0.8,0,1
622682,bullet6,6.58268,15.5926,0.8,0,1
622684,player,0.757,15.2317,-0.436333,-0.299877,1
622684,bullet2,10.0019,15.5191,0.8,0,1
622686,flyer2,16.5,1.70209,-0.3,0,2
622687,flyer3,12.0016,1.82275,-0.299892,0.00804435,2
622687,bullet6,10.5827,15.5926,0.8,0,1
622689,player,0.4,14.3886,0,-0.0193732,1
622689,bullet2,14.0019,15.5191,0.8,0,1
622689,bullet3,0.8,14.3886,0.8,0,1
622691,flyer2,15,1.70209,-0.3,0,2
622691,bullet5,0.8,14.3759,0.8,0,1
622692,flyer3,10.5022,1.86298,-0.299892,0.00804435,2
622692,bullet6,14.5827,15.5926,0.8,0,1
622692,bullet1,0.8,14.3742,0.8,0,1
622694,player,0.4,14.0355,0,-0.337857,1
622694,bullet3,4.8,14.3886,0.8,0,1
622696,flyer2,13.5,1.70209,-0.3,0,2
622696,bullet5,4.8,14.3759,0.8,0,1
622697,flyer3,9.00269,1.9032,-0.299892,0.00804435,2
622697,bullet1,4.8,14.3742,0.8,0,1
622698,bullet4,1.28938,13.281,0.8,0,1
622699,player,0.957719,13.2065,0.0683438,-0.0745782,1
622699,bullet3,8.8,14.3886,0.8,0,1
622701,flyer2,12,1.70209,-0.3,0,2
622701,bullet5,8.8,14.3759,0.8,0,1
622702,flyer3,7.50323,1.94342,-0.299892,0.00804435,2
622702,bullet1,8.8,14.3742,0.8,0,1
622703,bullet4,5.28938,13.281,0.8,0,1
622704,player,1.61492,13.1466,0.0151007,-0.00137618,1
622704,bullet3,12.8,14.3886,0.8,0,1
622706,flyer2,10.5,1.70209,-0.3,0,2
622706,bullet5,12.8,14.3759,0.8,0,1
622707,flyer3,6.00377,1.98364,-0.299892,0.00804435,2
622707,bullet1,12.8,14.3742,0.8,0,1
622708,bullet4,9.28938,13.281,0.8,0,1
622709,player,1.02473,13.7478,-0.013561,0.0138142,1
622711,flyer2,9,1.70209,-0.3,0,2
622712,flyer3,4.50431,2.02386,-0.299892,0.00804435,2
622712,flyer5,16.5,1.70209,-0.3,0,2
622712,bullet2,0.856929,14.3158,0.8,0,1
622713,bullet4,13.2894,13.281,0.8,0,1
622714,player,0.4,14.6987,-0,0.351595,1
622716,flyer2,7.5,1.70209,-0.3,0,2
622717,flyer3,3.00485,2.06408,-0.299892,0.00804435,2
622717,flyer5,15,1.70209,-0.3,0,2
622717,bullet2,4.85693,14.3158,0.8,0,1
622718,bullet6,0.8,15.6,0.8,0,1
622719,player,0.4,15.6,0,0,1
622721,flyer2,5.99999,1.70209,-0.3,0,2
622722,flyer3,1.50539,2.10431,-0.299892,0.00804435,2
622722,flyer5,13.5,1.70209,-0.3,0,2
622722,bullet2,8.85693,14.3158,0.8,0,1
622722,bullet3,1.35772,15.6,0.8,0,1
622723,bullet6,4.8,15.6,0.8,0,1
622724,player,1.00231,15.6,0.0138396,0,1
622724,bullet5,1.40231,15.6,0.8,0,1
622726,flyer2,4.49999,1.70209,-0.3,0,2
622727,flyer3,0.00592637,2.14453,-0.299892,0.00804435,2
622727,flyer5,12,1.70209,-0.3,0,2
622727,bullet2,12.8569,14.3158,0.8,0,1
622727,bullet3,5.35772,15.6,0.8,0,1
622728,bullet6,8.8,15.6,0.8,0,1
622729,player,1.61574,14.9977,0.014095,-0.0138396,1
622729,bullet5,5.40231,15.6,0.8,0,1
622731,flyer2,2.99999,1.70209,-0.3,0,2
622732,flyer5,10.5,1.70209,-0.3,0,2
622732,bullet3,9.35772,15.6,0.8,0,1
622733,bullet6,12.8,15.6,0.8,0,1
622734,player,1.33415,15.6,-0.391744,0.101397,1
622734,bullet5,9.40231,15.6,0.8,0,1
622735,bullet1,1.55787,15.6,0.8,0,1
622736,flyer2,1.49999,1.70209,-0.3,0,2
622737,flyer5,9,1.70209,-0.3,0,2
622737,bullet3,13.3577,15.6,0.8,0,1
622738,bullet4,0.937404,15.6,0.8,0,1
622739,player,0.461832,15.6,-0.0755725,0,1
622739,bullet5,13.4023,15.6,0.8,0,1
622740,bullet1,5.55787,15.6,0.8,0,1
622741,flyer2,-6.4373e-06,1.70209,-0.3,0,2
622742,flyer5,7.5,1.70209,-0.3,0,2
622743,bullet4,4.9374,15.6,0.8,0,1
622743,bullet2,0.8,15.6,0.8,0,1
622744,player,0.4,15.6,0,0,1
622745,bullet1,9.55787,15.6,0.8,0,1
622747,flyer5,5.99999,1.70209,-0.3,0,2
622747,bullet6,1.35772,15.6,0.8,0,1
622748,bullet4,8.9374,15.6,0.8,0,1
622748,bullet2,4.8,15.6,0.8,0,1
622749,player,1.00231,15.1106,0.0138396,-0.151875,1
622750,bullet1,13.5579,15.6,0.8,0,1
622752,flyer5,4.49999,1.70209,-0.3,0,2
622752,bullet6,5.35772,15.6,0.8,0,1
622753,bullet4,12.9374,15.6,0.8,0,1
622753,bullet2,8.8,15.6,0.8,0,1
622754,player,0.424954,14.4002,-0.0304993,-0.0335572,1
622754,bullet3,0.824954,14.4002,0.8,0,1
622757,flyer5,2.99999,1.70209,-0.3,0,2
622757,bullet6,9.35772,15.6,0.8,0,1
622758,bullet2,12.8,15.6,0.8,0,1
622759,player,1.44755,14.3732,0.219656,-0.000619225,1
622759,bullet3,4.82495,14.4002,0.8,0,1
622761,bullet5,1.99088,14.3728,0.8,0,1
622762,flyer5,1.49999,1.70209,-0.3,0,2
622762,bullet6,13.3577,15.6,0.8,0,1
622764,player,1.62396,14.7102,0.00405327,0.337489,1
622764,bullet3,8.82495,14.4002,0.8,0,1
622766,flyer4,16.5,10.3473,-0.3,0,2
622766,bullet5,5.99088,14.3728,0.8,0,1
622767,flyer5,-6.4373e-06,1.70209,-0.3,0,2
622769,player,0.956555,15.539,0.0697664,0.0745714,1
622769,flyer6,16.5,10.3473,-0.3,0,2
622769,bullet3,12.825,14.4002,0.8,0,1
622771,flyer4,15,10.3473,-0.3,0,2
622771,bullet5,9.99088,14.3728,0.8,0,1
622774,player,0.644329,15.6,-0.298624,0,1
622774,flyer6,15,10.3473,-0.3,0,2
622774,flayer7,16.5,10.3473,-0.241346,-0.178191,2
622776,flyer4,13.5,10.3473,-0.3,0,2
622776,bullet5,13.9909,14.3728,0.8,0,1
622779,player,0.7375,15.6,0.3375,0,1
622779,flyer6,13.5,10.3473,-0.3,0,2
622779,flayer7,15.2933,9.45635,-0.241346,-0.178191,2
622780,flyer1,16.5,4.59239,-0.3,0,2
622781,flyer4,12,10.3473,-0.3,0,2
622781,bullet1,1.35772,15.6,0.8,0,1
622784,player,1.22876,15.2625,-0.262928,-0.3375,1
622784,flyer6,12,10.3473,-0.3,0,2
622784,flayer7,14.0865,8.5654,-0.241346,-0.178191,2
622785,flyer1,15,4.59239,-0.3,0,2
622785,bullet4,1.51044,15.1106,0.8,0,1
622786,flyer4,10.5,10.3473,-0.3,0,2
622786,bullet1,5.35772,15.6,0.8,0,1
622787,bullet2,1.43324,15.0115,0.8,0,1
622788,bullet6,1.42246,14.9977,0.8,0,1
622789,player,1.01761,14.9915,-0.00485177,-0.00622782,1
622789,flyer6,10.5,10.3473,-0.3,0,2
622789,flayer7,12.8798,7.67444,-0.241346,-0.178191,2
622790,flyer1,13.5,4.59239,-0.3,0,2
622790,bullet4,5.51044,15.1106,0.8,0,1
622791,flyer4,9,10.3473,-0.3,0,2
622791,bullet1,9.35772,15.6,0.8,0,1
622792,bullet2,5.43324,15.0115,0.8,0,1
622793,bullet6,5.42246,14.9977,0.8,0,1
622794,player,1.01371,14.9865,-8.95288e-05,-0.000114921,1
622794,flyer6,9,10.3473,-0.3,0,2
622794,flayer7,11.6731,6.78349,-0.241346,-0.178191,2
622795,flyer1,12,4.59239,-0.3,0,2
622795,bullet4,9.51044,15.1106,0.8,0,1
622796,flyer4,7.5,10.3473,-0.3,0,2
622796,bullet1,13.3577,15.6,0.8,0,1
622797,bullet2,9.43324,15.0115,0.8,0,1
622798,bullet6,9.42246,14.9977,0.8,0,1
622799,player,1.01364,14.9864,-1.65206e-06,-2.12061e-06,1
622799,flyer6,7.5,10.3473,-0.3,0,2
622799,flayer7,10.4663,5.89254,-0.241346,-0.178191,2
622800,flyer1,10.5,4.59239,-0.3,0,2
622800,bullet4,13.5104,15.1106,0.8,0,1
622800,bullet3,1.41364,14.9864,0.8,0,1
622801,flyer4,5.99999,10.3473,-0.3,0,2
622802,bullet2,13.4332,15.0115,0.8,0,1
622803,bullet6,13.4225,14.9977,0.8,0,1
622804,player,1.01364,14.9864,-3.04851e-08,-3.91313e-08,1
622804,flyer6,5.99999,10.3473,-0.3,0,2
622804,flayer7,9.25961,5.00158,-0.241346,-0.178191,2
622804,bullet5,1.41364,14.9864,0.8,0,1
622805,flyer1,9,4.59239,-0.3,0,2
622805,bullet3,5.41364,14.9864,0.8,0,1
622806,flyer4,4.49999,10.3473,-0.3,0,2
622807,bullet1,1.41364,14.9864,0.8,0,1
622809,player,1.35114,14.9864,0.3375,-7.22082e-10,1
622809,flyer6,4.49999,10.3473,-0.3,0,2
622809,flayer7,8.05288,4.11063,-0.241346,-0.178191,2
622809,bullet5,5.41364,14.9864,0.8,0,1
622810,flyer1,7.5,4.59239,-0.3,0,2
622810,bullet3,9.41364,14.9864,0.8,0,1
622811,flyer4,2.99999,10.3473,-0.3,0,2
622812,bullet1,5.41364,14.9864,0.8,0,1
622813,bullet4,1.42748,14.9864,0.8,0,1
622814,player,1.01986,14.9864,-0.00761179,-1.33244e-11,1
622814,flyer6,2.99999,10.3473,-0.3,0,2
622814,flayer7,6.84615,3.21968,-0.241346,-0.178191,2
622814,bullet5,9.41364,14.9864,0.8,0,1
622815,flyer1,5.99999,4.59239,-0.3,0,2
622815,bullet3,13.4136,14.9864,0.8,0,1
622816,flyer4,1.49999,10.3473,-0.3,0,2
622817,bullet1,9.41364,14.9864,0.8,0,1
622818,bullet4,5.42748,14.9864,0.8,0,1
622819,player,1.01375,14.9864,-0.000140459,-2.45874e-13,1
622819,flyer6,1.49999,10.3473,-0.3,0,2
622819,flayer7,5.63941,2.32872,-0.241346,-0.178191,2
622819,bullet5,13.4136,14.9864,0.8,0,1
622819,bullet2,1.41375,14.9864,0.8,0,1
622820,flyer1,4.49999,4.59239,-0.3,0,2
622821,flyer4,-6.4373e-06,10.3473,-0.3,0,2
622822,bullet1,13.4136,14.9864,0.8,0,1
622823,bullet4,9.42748,14.9864,0.8,0,1
622823,bullet6,0.855922,14.9864,0.8,0,1
622824,player,0.425165,14.9864,-0.0307573,-4.53706e-15,1
622824,flyer6,-6.4373e-06,10.3473,-0.3,0,2
622824,flayer7,4.43268,1.43777,-0.241346,-0.178191,2
622824,bullet2,5.41375,14.9864,0.8,0,1
622825,flyer1,2.99999,4.59239,-0.3,0,2
622826,bullet3,0.805096,14.9864,0.8,0,1
622828,bullet4,13.4275,14.9864,0.8,0,1
622828,bullet6,4.85592,14.9864,0.8,0,1
622829,player,0.958183,14.9864,0.0677762,-8.37215e-17,1
622829,flayer7,3.22595,0.546816,-0.241346,-0.178191,2
622829,bullet2,9.41375,14.9864,0.8,0,1
622830,flyer1,1.49999,4.59239,-0.3,0,2
622831,bullet3,4.8051,14.9864,0.8,0,1
622833,bullet6,8.85592,14.9864,0.8,0,1
622833,bullet5,0.611362,14.9864,-0.8,-6.99382e-08,1
622834,player,0.675113,14.6489,-0.336249,-0.3375,1
622834,flayer7,2.01922,-0.344137,-0.241346,-0.178191,2
622834,bullet2,13.4138,14.9864,0.8,0,1
622835,flyer1,-6.4373e-06,4.59239,-0.3,0,2
622836,bullet3,8.8051,14.9864,0.8,0,1
622836,bullet1,0.85571,14.4286,0.8,0,1
622838,flayer8,16.5,4.59239,-0.3,0,2
622838,bullet6,12.8559,14.9864,0.8,0,1
622839,player,0.742576,14.0403,0.331295,-0.343728,1
622841,bullet3,12.8051,14.9864,0.8,0,1
622841,bullet1,4.85571,14.4286,0.8,0,1
622841,bullet4,1.35875,13.816,0.8,0,1
622843,flayer8,15,4.59239,-0.3,0,2
622844,player,0.450915,13.2065,-0.0622304,-0.0746865,1
622845,bullet5,0.822912,13.1729,0.8,0,1
622846,bullet1,8.85571,14.4286,0.8,0,1
622846,bullet4,5.35875,13.816,0.8,0,1
622846,bullet2,0.81031,13.1578,0.8,0,1
622848,flayer8,13.5,4.59239,-0.3,0,2
622849,player,0.890314,13.2984,0.150727,-0.187003,1
622850,bullet5,4.82291,13.1729,0.8,0,1
622851,bullet1,12.8557,14.4286,0.8,0,1
622851,bullet4,9.35875,13.816,0.8,0,1
622851,bullet2,4.81031,13.1578,0.8,0,1
622853,flayer8,12,4.59239,-0.3,0,2
622854,player,1.01136,13.1483,0.00278133,-0.00345073,1
622855,bullet5,8.82291,13.1729,0.8,0,1
622856,bullet4,13.3587,13.816,0.8,0,1
622856,bullet2,8.81031,13.1578,0.8,0,1
622858,flayer8,10.5,4.59239,-0.3,0,2
622859,player,3.03126,13.0326,0.534021,0.137972,1
622860,flyer3,16.5,4.59239,-0.3,0,2
622860,bullet5,12.8229,13.1729,0.8,0,1
622861,bullet2,12.8103,13.1578,0.8,0,1
622862,bullet6,3.82837,13.1352,0.8,0,1
622863,flayer8,9,4.59239,-0.3,0,2
622863,bullet3,3.85026,13.1408,0.8,0,1
622864,player,3.46012,13.1434,0.00985418,0.00254597,1
622865,flyer3,15,4.59239,-0.3,0,2
622865,bullet1,3.86455,13.1445,0.8,0,1
622867,bullet6,7.82837,13.1352,0.8,0,1
622868,flayer8,7.5,4.59239,-0.3,0,2
622868,bullet3,7.85027,13.1408,0.8,0,1
622869,player,3.46803,12.5569,0.000181837,-0.0307077,1
622869,bullet4,3.86803,12.5569,0.8,0,1
622870,flyer3,13.5,4.59239,-0.3,0,2
622870,bullet1,7.86455,13.1445,0.8,0,1
622872,bullet6,11.8284,13.1352,0.8,0,1
622873,flayer8,5.99999,4.59239,-0.3,0,2
622873,bullet3,11.8503,13.1408,0.8,0,1
622874,player,3.95755,12.6006,0.151878,-0.0840979,1
622874,bullet4,7.86803,12.5569,0.8,0,1
622875,flyer3,12,4.59239,-0.3,0,2
622875,bullet1,11.8646,13.1445,0.8,0,1
622877,bullet6,15.8284,13.1352,0.8,0,1
622878,flayer8,4.49999,4.59239,-0.3,0,2
622878,bullet3,15.8503,13.1408,0.8,0,1
622879,player,3.82855,12.2821,0.309548,0.305193,1
622879,bullet4,11.868,12.5569,0.8,0,1
622880,flyer3,10.5,4.59239,-0.3,0,2
622880,bullet1,15.8646,13.1445,0.8,0,1
622880,bullet5,4.36785,12.4194,0.8,0,1
622883,flayer8,2.99999,4.59239,-0.3,0,2
622883,bullet2,3.98206,13.0109,0.8,0,1
622884,player,3.51943,13.0849,-0.0626317,0.0739754,1
622884,bullet4,15.868,12.5569,0.8,0,1
622885,flyer3,9,4.59239,-0.3,0,2
622885,bullet5,8.36785,12.4194,0.8,0,1
622885,bullet6,3.89124,13.1182,0.8,0,1
622887,bullet3,3.87285,13.1399,0.8,0,1
622888,flayer8,1.49999,4.59239,-0.3,0,2
622888,bullet2,7.98206,13.0109,0.8,0,1
622889,player,3.46913,13.1443,-0.00115573,0.00136505,1
622890,flyer3,7.5,4.59239,-0.3,0,2
622890,bullet5,12.3679,12.4194,0.8,0,1
622890,bullet6,7.89124,13.1182,0.8,0,1
622892,bullet3,7.87285,13.1399,0.8,0,1
622893,flayer8,-6.4373e-06,4.59239,-0.3,0,2
622893,bullet2,11.9821,13.0109,0.8,0,1
622894,player,3.4682,13.1454,-2.13265e-05,2.51891e-05,1
622895,flyer3,5.99999,4.59239,-0.3,0,2
622895,bullet5,16.3679,12.4194,0.8,0,1
622895,bullet6,11.8912,13.1182,0.8,0,1
622897,bullet3,11.8729,13.1399,0.8,0,1
622898,bullet2,15.9821,13.0109,0.8,0,1
622898,bullet1,4.4259,13.1454,0.8,0,1
622899,player,4.05666,13.1454,0.0307543,4.6481e-07,1
622900,flyer3,4.49999,4.59239,-0.3,0,2
622900,bullet6,15.8912,13.1182,0.8,0,1
622901,flyer2,16.5,8.7721,-0.3,0,2
622902,bullet3,15.8729,13.1399,0.8,0,1
622903,flyer5,16.5,8.7721,-0.3,0,2
622903,bullet1,8.4259,13.1454,0.8,0,1
622904,player,5.17304,13.19,0.166282,-0.0545041,1
622905,flyer3,2.99999,4.59239,-0.3,0,2
622905,bullet4,5.64787,13.1655,0.8,0,1
622906,flyer2,15,8.7721,-0.3,0,2
622908,flyer5,15,8.7721,-0.3,0,2
622908,bullet1,12.4259,13.1454,0.8,0,1
622909,player,5.05561,14.0722,0.309814,0.367249,1
622910,flyer3,1.49999,4.59239,-0.3,0,2
622910,bullet4,9.64787,13.1655,0.8,0,1
622911,flyer2,13.5,8.7721,-0.3,0,2
622912,bullet5,5.68599,13.7876,0.8,0,1
622913,flyer5,13.5,8.7721,-0.3,0,2
622914,player,4.81504,14.2542,-0.146158,0.144812,1
622915,flyer3,-6.4373e-06,4.59239,-0.3,0,2
622915,bullet4,13.6479,13.1655,0.8,0,1
622916,flyer2,12,8.7721,-0.3,0,2
622916,bullet2,4.6303,14.8381,0.8,0,1
622917,bullet5,9.686,13.7876,0.8,0,1
622918,flyer5,12,8.7721,-0.3,0,2
622919,player,4.09535,15.3103,-0.0165366,0.354012,1
622920,bullet6,4.48791,15.4696,0.8,0,1
622921,flyer2,10.5,8.7721,-0.3,0,2
622921,bullet2,8.6303,14.8381,0.8,0,1
622922,bullet5,13.686,13.7876,0.8,0,1
622922,bullet3,3.68305,15.5736,-0.8,-6.99382e-08,1
622923,flyer5,10.5,8.7721,-0.3,0,2
622924,player,4.08207,15.5946,-0.000305147,0.00653251,1
622925,bullet6,8.48791,15.4696,0.8,0,1
622926,flyer2,9,8.7721,-0.3,0,2
622926,bullet2,12.6303,14.8381,0.8,0,1
622927,bullet3,-0.316948,15.5736,-0.8,-6.99382e-08,1
622927,bullet1,3.92412,15.5995,0.8,0,1
622928,flyer5,9,8.7721,-0.3,0,2
622929,player,3.47951,15.5999,-0.0138452,0.000120543,1
622929,bullet4,3.87951,15.5999,0.8,0,1
622930,bullet6,12.4879,15.4696,0.8,0,1
622931,flyer2,7.5,8.7721,-0.3,0,2
622932,bullet1,7.92412,15.5995,0.8,0,1
622932,bullet5,3.3115,15.6,0.8,0,1
622933,flyer5,7.5,8.7721,-0.3,0,2
622934,player,2.86608,15.6,-0.0140951,0,1
622934,bullet4,7.87951,15.5999,0.8,0,1
622935,bullet3,2.45973,15.6,-0.8,-6.99382e-08,1
622936,flyer2,5.99999,8.7721,-0.3,0,2
622937,bullet1,11.9241,15.5995,0.8,0,1
622937,bullet5,7.3115,15.6,0.8,0,1
622938,flyer5,5.99999,8.7721,-0.3,0,2
622939,player,2.85476,15.6,-0.000260094,0,1
622939,bullet4,11.8795,15.5999,0.8,0,1
622939,bullet2,3.25476,15.6,0.8,0,1
622941,flyer2,4.49999,8.7721,-0.3,0,2
622942,bullet1,15.9241,15.5995,0.8,0,1
622942,bullet5,11.3115,15.6,0.8,0,1
622943,flyer5,4.49999,8.7721,-0.3,0,2
622944,player,2.89914,15.5554,-0.0545089,0.0545041,1
622944,bullet4,15.8795,15.5999,0.8,0,1
622944,bullet2,7.25476,15.6,0.8,0,1
622944,bullet6,3.29914,15.5554,0.8,0,1
622946,flyer2,2.99999,8.7721,-0.3,0,2
622946,bullet3,3.26358,15.591,0.8,0,1
622947,bullet5,15.3115,15.6,0.8,0,1
622948,flyer5,2.99999,8.7721,-0.3,0,2
622949,player,2.85537,15.0415,-0.00100584,-0.067338,1
622949,bullet2,11.2548,15.6,0.8,0,1
622949,bullet6,7.29914,15.5554,0.8,0,1
622949,bullet1,3.25537,15.0415,0.8,0,1
622951,flyer2,1.49999,8.7721,-0.3,0,2
622951,bullet3,7.26358,15.591,0.8,0,1
622953,flyer5,1.49999,8.7721,-0.3,0,2
622954,player,2.85456,15.3249,-1.85606e-05,0.336257,1
622954,bullet2,15.2548,15.6,0.8,0,1
622954,bullet6,11.2991,15.5554,0.8,0,1
622954,bullet1,7.25537,15.0415,0.8,0,1
622956,flyer2,-6.4373e-06,8.7721,-0.3,0,2
622956,bullet3,11.2636,15.591,0.8,0,1
622956,bullet4,3.25455,15.5443,0.8,0,1
622958,flyer5,-6.4373e-06,8.7721,-0.3,0,2
622959,player,2.85454,15.5949,-3.42496e-07,0.00620489,1
622959,bullet6,15.2991,15.5554,0.8,0,1
622959,bullet1,11.2554,15.0415,0.8,0,1
622961,flyer4,16.5,2.21525,-0.3,0,2
622961,bullet3,15.2636,15.591,0.8,0,1
622961,bullet4,7.25455,15.5443,0.8,0,1
622962,bullet5,3.25454,15.5995,0.8,0,1
622964,player,2.85454,15.5999,-6.32001e-09,0.000114498,1
622964,bullet1,15.2554,15.0415,0.8,0,1
622964,bullet2,3.25454,15.5999,0.8,0,1
622966,flyer4,15,2.21525,-0.3,0,2
622966,bullet4,11.2545,15.5443,0.8,0,1
622967,bullet5,7.25455,15.5995,0.8,0,1
622969,player,3.41226,15.0115,0.0683438,-0.0307526,1
622969,bullet2,7.25455,15.5999,0.8,0,1
622969,bullet6,3.81226,15.0115,0.8,0,1
622971,flyer4,13.5,2.21525,-0.3,0,2
622971,bullet4,15.2545,15.5443,0.8,0,1
622972,bullet5,11.2545,15.5995,0.8,0,1
622973,bullet3,3.86589,14.9874,0.8,0,1
622974,player,3.46715,14.9868,0.00126113,-0.000567471,1
622974,bullet2,11.2545,15.5999,0.8,0,1
622974,bullet6,7.81226,15.0115,0.8,0,1
622976,flyer4,12,2.21525,-0.3,0,2
622977,bullet5,15.2545,15.5995,0.8,0,1
622978,bullet3,7.86589,14.9874,0.8,0,1
622979,player,3.46816,15.3239,2.32715e-05,0.33749,1
622979,bullet2,15.2545,15.5999,0.8,0,1
622979,bullet6,11.8123,15.0115,0.8,0,1
622980,bullet1,3.86817,15.4757,0.8,0,1
622981,flyer4,10.5,2.21525,-0.3,0,2
622983,bullet3,11.8659,14.9874,0.8,0,1
622983,bullet4,3.37881,15.5887,0.8,0,1
622984,player,2.91046,15.5949,-0.0683433,0.00622763,1
622984,bullet6,15.8123,15.0115,0.8,0,1
622985,bullet1,7.86817,15.4757,0.8,0,1
622986,flyer4,9,2.21525,-0.3,0,2
622988,bullet3,15.8659,14.9874,0.8,0,1
622988,bullet4,7.37881,15.5887,0.8,0,1
622989,player,2.51808,15.6,-0.338761,0,1
622989,flyer6,16.5,2.21525,-0.263855,0.142761,2
622990,bullet1,11.8682,15.4757,0.8,0,1
622991,flyer4,7.5,2.21525,-0.3,0,2
622993,bullet4,11.3788,15.5887,0.8,0,1
622993,bullet5,1.57443,15.6,0.8,0,1
622994,player,1.08599,15.6,-0.0884345,0,1
622994,flyer6,15.1807,2.92905,-0.263855,0.142761,2
622995,bullet1,15.8682,15.4757,0.8,0,1
622996,flyer4,5.99999,2.21525,-0.3,0,2
622996,bullet2,1.42829,15.6,0.8,0,1
622998,bullet4,15.3788,15.5887,0.8,0,1
622998,bullet5,5.57443,15.6,0.8,0,1
622999,player,1.01497,15.6,-0.00163186,0,1
622999,flyer6,13.8615,3.64286,-0.263855,0.142761,2
622999,bullet6,1.41497,15.6,0.8,0,1
623001,flyer4,4.49999,2.21525,-0.3,0,2
623001,bullet2,5.42829,15.6,0.8,0,1
623002,bullet3,0.856039,15.6,0.8,0,1
623003,bullet5,9.57443,15.6,0.8,0,1
623004,player,0.411348,15.6,-0.0138697,0,1
623004,flyer6,12.5422,4.35666,-0.263855,0.142761,2
623004,bullet6,5.41497,15.6,0.8,0,1
623006,flyer4,2.99999,2.21525,-0.3,0,2
623006,bullet2,9.42829,15.6,0.8,0,1
623007,bullet3,4.85604,15.6,0.8,0,1
623008,bullet5,13.5744,15.6,0.8,0,1
623009,player,1.10162,15.5009,-0.107537,0.12112,1
623009,flyer6,11.2229,5.07047,-0.263855,0.142761,2
623009,bullet6,9.41497,15.6,0.8,0,1
623011,flyer4,1.49999,2.21525,-0.3,0,2
623011,bullet2,13.4283,15.6,0.8,0,1
623012,bullet3,8.85604,15.6,0.8,0,1
623012,bullet1,1.42165,15.6,0.8,0,1
623014,player,0.525885,15.6,-0.153859,0,1
623014,flyer6,9.90363,5.78427,-0.263855,0.142761,2
623014,bullet6,13.415,15.6,0.8,0,1
623016,flyer4,-6.4373e-06,2.21525,-0.3,0,2
623017,bullet3,12.856,15.6,0.8,0,1
623017,bullet1,5.42165,15.6,0.8,0,1
623019,player,0.891698,15.6,0.149036,0,1
623019,flyer6,8.58435,6.49807,-0.263855,0.142761,2
623019,flayer7,16.5,2.21525,-0.3,0,2
623020,bullet4,0.558764,15.6,-0.8,-6.99382e-08,1
623022,flyer1,16.5,2.43948,-0.296308,-0.0469223,2
623022,bullet1,9.42165,15.6,0.8,0,1
623023,bullet5,0.919261,15.6,0.8,0,1
623024,player,0.453667,15.6,-0.0655936,0,1
623024,flyer6,7.26508,7.21188,-0.263855,0.142761,2
623024,flayer7,15,2.21525,-0.3,0,2
623027,flyer1,15.0185,2.20487,-0.296308,-0.0469223,2
623027,bullet1,13.4217,15.6,0.8,0,1
623028,bullet5,4.91926,15.6,0.8,0,1
623028,bullet2,1.39067,14.4538,0.8,0,1
623029,player,1.0033,14.4092,0.0126292,-0.0445943,1
623029,flyer6,5.9458,7.92568,-0.263855,0.142761,2
623029,flayer7,13.5,2.21525,-0.3,0,2
623032,flyer1,13.5369,1.97026,-0.296308,-0.0469223,2
623033,bullet5,8.91926,15.6,0.8,0,1
623033,bullet2,5.39067,14.4538,0.8,0,1
623034,player,0.52407,12.724,-0.151642,-0.234881,1
623034,flyer6,4.62653,8.63949,-0.263855,0.142761,2
623034,flayer7,12,2.21525,-0.3,0,2
623036,bullet6,0.825123,12.0814,0.8,0,1
623037,flyer1,12.0554,1.73565,-0.296308,-0.0469223,2
623038,bullet5,12.9193,15.6,0.8,0,1
623038,bullet2,9.39067,14.4538,0.8,0,1
623039,player,0.402288,11.9331,-0.00279822,-0.0181738,1
623039,flyer6,3.30725,9.35329,-0.263855,0.142761,2
623039,flayer7,10.5,2.21525,-0.3,0,2
623039,bullet3,0.802288,11.9331,0.8,0,1
623041,bullet6,4.82512,12.0814,0.8,0,1
623042,flyer1,10.5738,1.50103,-0.296308,-0.0469223,2
623043,bullet2,13.3907,14.4538,0.8,0,1
623043,bullet4,0.800093,11.9188,0.8,0,1
623044,player,0.400041,11.9185,-5.1635e-05,-0.000335358,1
623044,flyer6,1.98798,10.0671,-0.263855,0.142761,2
623044,flayer7,9,2.21525,-0.3,0,2
623044,bullet3,4.80229,11.9331,0.8,0,1
623046,bullet6,8.82512,12.0814,0.8,0,1
623047,flyer1,9.09231,1.26642,-0.296308,-0.0469223,2
