563486,player,5.3747,8.48743,0,0,1
563489,bullet1,5.53242,8.48743,-0.8,-6.99382e-08,1
563491,player,5.97702,8.48743,0.0138396,0,1
563491,bullet2,6.37702,8.48743,0.8,0,1
563494,bullet1,1.53242,8.48743,-0.8,-6.99382e-08,1
563494,bullet3,6.38731,7.92971,0.8,0,1
563496,player,5.98813,7.39574,0.00025538,-0.165715,1
563496,bullet2,10.377,8.48743,0.8,0,1
563497,flyer1,16.5,9.12557,-0.3,0,2
563497,bullet4,6.38824,7.32117,0.8,0,1
563499,bullet3,10.3873,7.92971,0.8,0,1
563499,bullet5,6.38832,7.27251,0.8,0,1
563501,player,5.98833,7.26265,4.71247e-06,-0.0030579,1
563501,bullet2,14.377,8.48743,0.8,0,1
563502,flyer1,15,9.12557,-0.3,0,1
563502,bullet4,10.3882,7.32117,0.8,0,1
563504,bullet3,14.3873,7.92971,0.8,0,1
563504,bullet5,10.3883,7.27251,0.8,0,1
563505,bullet6,6.28924,6.77088,0.8,0,1
563506,player,5.94374,6.70248,0.0545042,-0.0684002,1
563507,flyer1,13.5,9.12557,-0.3,0,1
563507,bullet4,14.3882,7.32117,0.8,0,1
563507,bullet1,6.36827,6.6717,0.8,0,1
563509,bullet5,14.3883,7.27251,0.8,0,1
563510,bullet6,10.2892,6.77088,0.8,0,1
563511,player,7.06536,7.23602,0.183635,0.0294925,1
563511,bullet2,7.46536,7.23602,0.8,0,1
563512,flyer1,12,9.12557,-0.3,0,1
563512,bullet1,10.3683,6.6717,0.8,0,1
563515,bullet6,14.2892,6.77088,0.8,0,1
563516,player,7.70221,6.67123,0.155264,-0.0302105,1
563516,bullet2,11.4654,7.23602,0.8,0,1
563517,flyer1,10.5,9.12557,-0.3,0,1
563517,bullet1,14.3683,6.6717,0.8,0,1
563518,flyer2,16.5,9.12557,-0.3,0,2
563520,flyer3,16.5,9.12557,-0.239935,-0.180086,2
563521,player,7.8269,6.17144,0.00286505,-0.169348,1
563521,bullet2,15.4654,7.23602,0.8,0,1
563522,flyer1,9,9.12557,-0.3,0,1
563522,bullet3,8.22819,6.09523,0.8,0,1
563523,flyer2,15,9.12557,-0.3,0,2
563523,bullet4,8.22877,6.06094,0.8,0,1
563525,flyer3,15.3003,8.22514,-0.239935,-0.180086,2
563525,bullet5,8.22915,6.03856,0.8,0,1
563526,player,7.8292,6.03544,5.28682e-05,-0.00312494,1
563527,flyer1,7.5,9.12557,-0.3,0,1
563527,bullet3,12.2282,6.09523,0.8,0,1
563528,flyer2,13.5,9.12557,-0.3,0,2
563528,bullet4,12.2288,6.06094,0.8,0,1
563530,flyer3,14.1007,7.32471,-0.239935,-0.180086,2
563530,bullet5,12.2291,6.03856,0.8,0,1
563531,player,8.53066,5.54356,-0.10728,-0.151933,1
563532,flyer1,5.99999,9.12557,-0.3,0,1
563532,bullet3,16.2282,6.09523,0.8,0,1
563533,flyer2,12,9.12557,-0.3,0,2
563533,bullet4,16.2288,6.06094,0.8,0,1
563535,flyer3,12.901,6.42428,-0.239935,-0.180086,2
563535,bullet5,16.2292,6.03856,0.8,0,1
563535,bullet6,7.70029,5.4551,0.8,0,1
563536,player,7.59121,5.09788,0.290926,-0.357219,1
563537,flyer1,4.49999,9.12557,-0.3,0,1
563538,flyer2,10.5,9.12557,-0.3,0,2
563538,bullet1,8.18104,4.8648,0.8,0,1
563540,flyer3,11.7013,5.52385,-0.239935,-0.180086,1
563541,player,8.65173,5.30038,0.494743,0.145283,1
563542,flyer1,2.99999,9.12557,-0.3,0,1
563543,flyer2,9,9.12557,-0.3,0,2
563543,bullet2,9.37454,5.39518,0.8,0,1
563546,player,8.22217,5.41706,-0.480246,0.00268089,1
563547,flyer1,1.49999,9.12557,-0.3,0,1
563547,flyer4,16.5,9.12557,-0.3,0,2
563548,flyer2,7.5,9.12557,-0.3,0,2
563548,bullet2,13.3745,5.39518,0.8,0,1
563548,bullet3,8.30881,5.41881,0.8,0,1
563549,bullet4,8.26505,5.41905,0.8,0,1
563551,player,7.83649,5.41921,-0.00886188,4.94699e-05,1
563551,bullet5,8.23649,5.41921,0.8,0,1
563552,flyer1,-6.4373e-06,9.12557,-0.3,0,1
563552,flyer4,15,9.12557,-0.3,0,2
563553,flyer2,5.99999,9.12557,-0.3,0,2
563553,bullet3,12.3088,5.41881,0.8,0,1
563554,bullet4,12.265,5.41905,0.8,0,1
563556,player,8.43169,6.02156,0.0136761,0.0138405,1
563556,bullet5,12.2365,5.41921,0.8,0,1
563556,bullet6,8.83169,6.02156,0.8,0,1
563557,flyer4,13.5,9.12557,-0.3,0,2
563558,flyer2,4.49999,9.12557,-0.3,0,2
563558,bullet3,16.3088,5.41881,0.8,0,1
563559,bullet4,16.2651,5.41905,0.8,0,1
563559,bullet1,8.84186,6.58957,0.8,0,1
563561,player,8.44267,6.63499,0.000252362,0.014095,1
563561,bullet5,16.2365,5.41921,0.8,0,1
563561,bullet6,12.8317,6.02156,0.8,0,1
563562,flyer4,12,9.12557,-0.3,0,2
563563,flyer2,2.99999,9.12557,-0.3,0,2
563564,bullet1,12.8419,6.58957,0.8,0,1
563566,player,9.03135,5.16262,0.0307593,-0.436338,1
563566,flyer5,16.5,13.6354,-0.29553,0.0515948,2
563567,flyer4,10.5,9.12557,-0.3,0,2
563568,flyer2,1.49999,9.12557,-0.3,0,2
563569,flyer6,16.5,13.6354,-0.3,0,2
563571,player,8.56668,4.9113,-0.151307,-0.129172,1
563571,flyer5,15.0223,13.8934,-0.29553,0.0515948,2
563571,bullet2,8.96668,4.9113,0.8,0,1
563572,flyer4,9,9.12557,-0.3,0,2
563573,flyer2,-6.4373e-06,9.12557,-0.3,0,2
563573,bullet3,8.86795,4.82702,0.8,0,1
563574,flyer6,15,13.6354,-0.3,0,2
563576,player,9.34039,5.36528,0.403052,0.0659602,1
563576,flyer5,13.5447,14.1514,-0.29553,0.0515948,2
563576,bullet2,12.9667,4.9113,0.8,0,1
563577,flyer4,7.5,9.12557,-0.3,0,2
563578,bullet3,12.868,4.82702,0.8,0,1
563579,flyer6,13.5,13.6354,-0.3,0,2
563579,bullet4,10.5295,5.90371,0.8,0,1
563581,player,10.2525,5.66923,0.0381921,-0.305528,1
563581,flyer5,12.067,14.4093,-0.29553,0.0515948,2
563582,flyer4,5.99999,9.12557,-0.3,0,2
563584,flyer6,12,13.6354,-0.3,0,2
563584,bullet4,14.5295,5.90371,0.8,0,1
563584,bullet5,10.6809,5.44203,0.8,0,1
563586,player,10.2832,5.76136,0.000704752,0.331862,1
563586,flyer5,10.5894,14.6673,-0.29553,0.0515948,2
563587,flyer4,4.49999,9.12557,-0.3,0,2
563589,flyer6,10.5,13.6354,-0.3,0,2
563589,bullet5,14.6809,5.44203,0.8,0,1
563591,player,10.2838,4.88169,1.30047e-05,-0.0929746,1
563591,flyer5,9.11174,14.9253,-0.29553,0.0515948,2
563591,bullet6,9.88378,4.88169,-0.8,-6.99382e-08,1
563592,flyer4,2.99999,9.12557,-0.3,0,2
563594,flyer6,9,13.6354,-0.3,0,2
563596,player,10.019,3.37783,0.323661,-0.50493,1
563596,flyer5,7.63409,15.1832,-0.29553,0.0515948,2
563596,bullet6,5.88378,4.88169,-0.8,-6.99382e-08,1
563597,flyer4,1.49999,9.12557,-0.3,0,2
563598,bullet1,10.6302,3.04837,0.8,0,1
563599,flyer6,7.5,13.6354,-0.3,0,2
563601,player,10.2789,2.75211,0.00597245,0.259839,1
563601,flyer5,6.15644,15.4412,-0.29553,0.0515948,2
563601,bullet6,1.88378,4.88169,-0.8,-6.99382e-08,1
563602,flyer4,-6.4373e-06,9.12557,-0.3,0,2
563603,bullet1,14.6302,3.04837,0.8,0,1
563604,flyer6,5.99999,13.6354,-0.3,0,2
563604,flayer7,16.5,13.6354,-0.24048,-0.179358,2
563606,player,9.79434,3.07372,-0.151765,-0.133241,1
563606,flyer5,4.67879,15.6992,-0.29553,0.0515948,2
563606,flayer8,16.5,13.6354,-0.3,0,2
563606,bullet2,10.1943,3.07372,0.8,0,1
563609,flyer6,4.49999,13.6354,-0.3,0,2
563609,flayer7,15.2976,12.7386,-0.24048,-0.179358,2
563609,bullet3,8.79211,3.46402,-0.8,-6.99382e-08,1
563611,player,9.08399,3.5552,-0.0335552,0.028296,1
563611,flyer5,3.20114,15.9572,-0.29553,0.0515948,2
563611,flayer8,15,13.6354,-0.3,0,2
563611,bullet2,14.1943,3.07372,0.8,0,1
563611,bullet4,9.48399,3.5552,0.8,0,1
563612,bullet5,9.46889,3.56793,0.8,0,1
563614,flyer6,2.99999,13.6354,-0.3,0,2
563614,flayer7,14.0952,11.8418,-0.24048,-0.179358,2
563614,bullet3,4.79211,3.46402,-0.8,-6.99382e-08,1
563614,bullet6,9.45904,3.57624,0.8,0,1
563616,player,9.05704,3.91542,-0.000619187,0.338022,1
563616,flyer5,1.72349,16.2151,-0.29553,0.0515948,2
563616,flayer8,13.5,13.6354,-0.3,0,2
563616,bullet4,13.484,3.5552,0.8,0,1
563617,bullet5,13.4689,3.56793,0.8,0,1
563619,flyer6,1.49999,13.6354,-0.3,0,2
563619,flayer7,12.8928,10.945,-0.24048,-0.179358,2
563619,bullet3,0.792108,3.46402,-0.8,-6.99382e-08,1
563619,bullet6,13.459,3.57624,0.8,0,1
563621,player,9.05654,4.035,-1.14257e-05,0.191862,1
563621,flyer5,0.245843,16.4731,-0.29553,0.0515948,2
563621,flayer8,12,13.6354,-0.3,0,2
563623,flyer3,16.5,13.6354,-0.224883,0.198564,2
563624,flyer6,-6.4373e-06,13.6354,-0.3,0,2
563624,flayer7,11.6904,10.0482,-0.24048,-0.179358,2
563624,bullet1,8.16716,4.66705,-0.8,-6.99382e-08,1
563626,player,8.46806,5.11506,-0.0307549,0.371795,1
563626,flayer8,10.5,13.6354,-0.3,0,2
563628,flyer3,15.3756,14.6282,-0.224883,0.198564,2
563629,flayer7,10.488,9.15144,-0.24048,-0.179358,2
563629,bullet1,4.16716,4.66705,-0.8,-6.99382e-08,1
563629,bullet2,8.04519,5.39154,-0.8,-6.99382e-08,1
563631,player,8.10586,5.07614,-0.338068,-0.330639,1
563631,flayer8,9,13.6354,-0.3,0,2
563632,bullet4,8.35373,4.92735,0.8,0,1
563633,flyer3,14.2512,15.6211,-0.224883,0.198564,2
563634,flayer7,9.28559,8.25465,-0.24048,-0.179358,2
563634,bullet1,0.167161,4.66705,-0.8,-6.99382e-08,1
563634,bullet2,4.04519,5.39154,-0.8,-6.99382e-08,1
563634,bullet3,8.25447,4.83027,0.8,0,1
563636,player,7.83437,5.14811,-0.0062383,0.331399,1
563636,flayer8,7.5,13.6354,-0.3,0,2
563637,bullet4,12.3537,4.92735,0.8,0,1
563639,flayer7,8.08319,7.35786,-0.24048,-0.179358,2
563639,bullet2,0.04519,5.39154,-0.8,-6.99382e-08,1
563639,bullet3,12.2545,4.83027,0.8,0,1
563641,player,8.97555,5.19404,0.0989833,0.275271,1
563641,flayer8,5.99999,13.6354,-0.3,0,2
563642,bullet4,16.3537,4.92735,0.8,0,1
563642,bullet5,9.42009,5.31791,0.8,0,1
563644,flayer7,6.88079,6.46107,-0.24048,-0.179358,2
563644,bullet3,16.2545,4.83027,0.8,0,1
563644,bullet6,9.44916,5.39874,0.8,0,1
563646,player,9.54442,4.92573,0.153702,-0.146795,1
563646,flayer8,4.49999,13.6354,-0.3,0,2
563647,bullet5,13.4201,5.31791,0.8,0,1
563649,flayer7,5.67839,5.56428,-0.24048,-0.179358,2
563649,bullet6,13.4492,5.39874,0.8,0,1
563651,player,9.11014,4.77708,-0.0655075,0.0348803,1
563651,flayer8,2.99999,13.6354,-0.3,0,2
563651,flyer1,16.5,14.8659,-0.255209,0.157697,2
563652,bullet1,9.48065,4.79278,0.8,0,1
563654,flayer7,4.47599,4.66749,-0.24048,-0.179358,2
563654,bullet2,9.46142,4.80302,0.8,0,1
563656,player,8.56815,4.80509,-0.153084,0.000643639,1
563656,flayer8,1.49999,13.6354,-0.3,0,2
563656,flyer1,15.224,15.6544,-0.255209,0.157697,2
563657,bullet1,13.4807,4.79278,0.8,0,1
563659,flayer7,3.27359,3.7707,-0.24048,-0.179358,2
563659,bullet2,13.4614,4.80302,0.8,0,1
563659,bullet4,9.41203,5.36329,0.8,0,1
563661,player,9.04752,5.40792,0.0110148,0.0138515,1
563661,flayer8,-6.4373e-06,13.6354,-0.3,0,2
563661,flyer1,13.9479,16.4429,-0.255209,0.157697,2
563661,bullet3,9.44752,5.40792,0.8,0,1
563662,bullet5,9.45248,5.41416,0.8,0,1
563664,flayer7,2.07118,2.87391,-0.24048,-0.179358,2
563664,bullet4,13.412,5.36329,0.8,0,1
563666,player,9.61409,5.75655,0.068547,0.337756,1
563666,bullet3,13.4475,5.40792,0.8,0,1
563667,bullet5,13.4525,5.41416,0.8,0,1
563668,flyer2,16.5,5.88671,-0.3,0,2
563668,bullet6,10.0588,5.97694,0.8,0,1
563669,flayer7,0.868784,1.97712,-0.24048,-0.179358,2
563669,bullet1,10.0651,6.00772,0.8,0,1
563671,player,9.66914,6.3653,0.00126488,0.343733,1
563673,bullet6,14.0588,5.97694,0.8,0,1
563674,flayer7,-0.333617,1.08033,-0.24048,-0.179358,2
563674,bullet1,14.0651,6.00772,0.8,0,1
563675,flyer4,16.5,5.88671,-0.3,0,2
563676,player,9.23356,5.226,-0.216356,-0.513787,1
563678,flyer5,16.5,5.88671,-0.236953,0.183992,2
563679,flyer6,16.5,4.17116,-0.262602,-0.145053,2
563681,player,9.0598,4.91248,-0.00399238,-0.130601,1
563681,flyer3,16.5,4.17116,-0.29801,0.0344955,2
563681,bullet2,9.4598,4.91248,0.8,0,1
563683,flyer5,15.3152,6.80667,-0.236953,0.183992,2
563683,bullet4,9.4572,4.82726,0.8,0,1
563684,flyer6,15.187,3.44589,-0.262602,-0.145053,2
563685,bullet3,9.45667,4.81,0.8,0,1
563686,player,9.3941,4.80759,0.337426,-0.00240996,1
563686,flyer3,15.01,4.34364,-0.29801,0.0344955,2
563686,bullet2,13.4598,4.91248,0.8,0,1
563688,flyer5,14.1305,7.72663,-0.236953,0.183992,2
563688,bullet4,13.4572,4.82726,0.8,0,1
563689,flyer6,13.874,2.72063,-0.262602,-0.145053,2
563690,bullet3,13.4567,4.81,0.8,0,1
563691,player,9.66507,4.70656,0.00622646,0.121076,1
563691,bullet5,10.0651,4.70656,0.8,0,1
563693,flyer5,12.9457,8.64659,-0.236953,0.183992,2
563693,bullet6,10.0691,4.78556,0.8,0,1
563694,flyer6,12.561,1.99536,-0.262602,-0.145053,2
563695,bullet1,9.26997,4.80156,-0.8,-6.99382e-08,1
563696,player,9.67008,4.80379,0.000114896,0.00223419,1
563696,bullet5,14.0651,4.70656,0.8,0,1
563698,flyer5,11.7609,9.56655,-0.236953,0.183992,2
563698,bullet6,14.0691,4.78556,0.8,0,1
563698,bullet2,10.5595,4.80525,0.8,0,1
563699,flyer6,11.248,1.2701,-0.262602,-0.145053,2
563700,bullet1,5.26996,4.80156,-0.8,-6.99382e-08,1
563701,player,9.78311,4.80559,-0.138033,4.12271e-05,1
563701,bullet4,10.1831,4.80559,0.8,0,1
563703,flyer5,10.5762,10.4865,-0.236953,0.183992,2
563703,bullet2,14.5595,4.80525,0.8,0,1
563704,flyer6,9.93495,0.544831,-0.262602,-0.145053,2
563704,bullet3,10.0805,4.80562,0.8,0,1
563705,bullet1,1.26996,4.80156,-0.8,-6.99382e-08,1
563706,player,9.67226,4.80562,-0.0025471,7.60756e-07,1
563706,bullet4,14.1831,4.80559,0.8,0,1
563708,flyer5,9.39139,11.4065,-0.236953,0.183992,2
563709,flyer6,8.62194,-0.180434,-0.262602,-0.145053,2
563709,flyer1,16.5,4.17116,-0.3,0,2
563709,bullet3,14.0805,4.80562,0.8,0,1
563711,player,9.1125,4.2479,-0.0683907,-0.0683437,1
563711,bullet5,9.5125,4.2479,0.8,0,1
563713,flyer5,8.20662,12.3264,-0.236953,0.183992,2
563714,flyer1,15,4.17116,-0.3,0,1
563714,bullet6,10.0194,4.19708,0.8,0,1
563715,bullet2,10.0473,4.19428,0.8,0,1
563716,player,9.65989,4.19302,0.0125776,-0.00126113,1
563716,bullet5,13.5125,4.2479,0.8,0,1
563718,flyer5,7.02185,13.2464,-0.236953,0.183992,2
563719,bullet6,14.0194,4.19708,0.8,0,1
563719,bullet1,9.51153,3.63436,0.8,0,1
563720,bullet2,14.0473,4.19428,0.8,0,1
563721,player,9.06768,3.25219,-0.0136075,-0.351363,1
563722,bullet4,9.46156,3.09408,0.8,0,1
563723,flyer5,5.83709,14.1664,-0.236953,0.183992,2
563724,flayer8,16.5,10.8939,-0.282576,0.100751,2
563724,bullet1,13.5115,3.63436,0.8,0,1
563724,bullet3,9.45756,2.99091,0.8,0,1
563725,bullet5,9.45701,2.9765,0.8,0,1
563726,player,9.05676,2.97002,-0.000251097,-0.00648363,1
563727,bullet4,13.4616,3.09408,0.8,0,1
563728,flyer5,4.65232,15.0863,-0.236953,0.183992,2
563729,flayer8,15.0871,11.3977,-0.282576,0.100751,2
563729,bullet3,13.4576,2.99091,0.8,0,1
563729,bullet6,8.89885,3.52291,0.8,0,1
563730,bullet5,13.457,2.9765,0.8,0,1
563731,player,8.11674,3.56712,-0.351344,0.01372,1
563733,flyer5,3.46755,16.0063,-0.236953,0.183992,2
563734,flayer8,13.6742,11.9014,-0.282576,0.100751,2
563734,flyer2,16.5,10.8939,-0.3,0,2
563734,bullet6,12.8989,3.52291,0.8,0,1
563734,bullet2,7.69775,4.13504,0.8,0,1
563735,bullet1,7.65259,4.16636,0.8,0,1
563736,player,7.23227,4.18045,-0.0203229,0.0140928,1
563738,bullet4,7.12963,4.67902,0.8,0,1
563739,flayer8,12.2614,12.4052,-0.282576,0.100751,2
563739,flyer2,15,10.8939,-0.3,0,2
563739,bullet2,11.6978,4.13504,0.8,0,1
563740,bullet1,11.6526,4.16636,0.8,0,1
563741,player,6.61363,4.30471,-0.0142146,-0.137775,1
563742,bullet3,7.00724,4.24271,0.8,0,1
563743,bullet4,11.1296,4.67902,0.8,0,1
563744,flayer8,10.8485,12.9089,-0.282576,0.100751,2
563744,flyer2,13.5,10.8939,-0.3,0,2
563744,bullet2,15.6978,4.13504,0.8,0,1
563745,bullet1,15.6526,4.16636,0.8,0,1
563745,bullet5,7.00248,4.19661,0.8,0,1
563746,player,6.60222,4.19406,-0.0002623,-0.00254234,1
563747,bullet3,11.0072,4.24271,0.8,0,1
563747,bullet6,7.0021,4.19292,0.8,0,1
563748,bullet4,15.1296,4.67902,0.8,0,1
563749,flayer8,9.43559,13.4127,-0.282576,0.100751,2
563749,flyer2,12,10.8939,-0.3,0,2
563750,bullet5,11.0025,4.19661,0.8,0,1
563751,player,5.67603,4.443,-0.36826,-0.306792,1
563752,bullet3,15.0072,4.24271,0.8,0,1
563752,bullet6,11.0021,4.19292,0.8,0,1
563754,flayer8,8.0227,13.9164,-0.282576,0.100751,2
563754,flyer2,10.5,10.8939,-0.3,0,2
563755,bullet5,15.0025,4.19661,0.8,0,1
563755,bullet2,6.27646,4.20228,0.8,0,1
563756,player,5.93801,4.19662,0.0615483,-0.00566118,1
563757,bullet6,15.0021,4.19292,0.8,0,1
563759,flayer8,6.60982,14.4202,-0.282576,0.100751,2
563759,flyer2,9,10.8939,-0.3,0,2
563759,flayer7,16.5,10.8939,-0.3,0,2
563759,bullet1,6.38378,4.75012,0.8,0,1
563760,bullet2,10.2765,4.20228,0.8,0,1
563761,player,5.98744,4.79438,0.00113574,0.0137351,1
563761,bullet4,6.38744,4.79438,0.8,0,1
563762,bullet3,6.38795,4.80056,0.8,0,1
563764,flayer8,5.19694,14.9239,-0.282576,0.100751,2
563764,flyer2,7.5,10.8939,-0.3,0,2
563764,flayer7,15,10.8939,-0.3,0,2
563764,bullet1,10.3838,4.75012,0.8,0,1
563765,bullet2,14.2765,4.20228,0.8,0,1
563766,player,5.98835,4.80541,2.09576e-05,0.000253452,1
563766,bullet4,10.3874,4.79438,0.8,0,1
563767,bullet3,10.3879,4.80056,0.8,0,1
563769,flayer8,3.78406,15.4277,-0.282576,0.100751,2
563769,flyer2,5.99999,10.8939,-0.3,0,2
563769,flayer7,13.5,10.8939,-0.3,0,2
563769,bullet1,14.3838,4.75012,0.8,0,1
563771,player,6.32586,4.46812,0.3375,-0.337495,1
563771,bullet4,14.3874,4.79438,0.8,0,1
563772,bullet3,14.3879,4.80056,0.8,0,1
563774,flayer8,2.37118,15.9315,-0.282576,0.100751,2
563774,flyer2,4.49999,10.8939,-0.3,0,2
563774,flayer7,12,10.8939,-0.3,0,2
563775,flyer4,16.5,10.8939,-0.250984,0.164338,2
563775,bullet5,6.89158,4.79178,0.8,0,1
563776,player,6.55231,4.79939,0.060732,0.00761187,1
563779,flayer8,0.958302,16.4352,-0.282576,0.100751,2
563779,flyer2,2.99999,10.8939,-0.3,0,2
563779,flayer7,10.5,10.8939,-0.3,0,2
563780,flyer4,15.2451,11.7156,-0.250984,0.164338,2
563780,bullet5,10.8916,4.79178,0.8,0,1
563781,player,6.50198,5.88335,0.122241,0.18277,1
563782,bullet6,6.95699,5.9656,0.8,0,1
563784,flyer2,1.49999,10.8939,-0.3,0,2
563784,flayer7,9,10.8939,-0.3,0,2
563785,flyer4,13.9902,12.5373,-0.250984,0.164338,2
563785,bullet5,14.8916,4.79178,0.8,0,1
563785,bullet2,6.9979,6.51613,0.8,0,1
563786,player,6.60015,6.58785,0.00225569,0.0717164,1
563787,bullet6,10.957,5.9656,0.8,0,1
563789,flyer2,-6.4373e-06,10.8939,-0.3,0,2
563789,flayer7,7.5,10.8939,-0.3,0,2
563790,flyer4,12.7352,13.359,-0.250984,0.164338,2
563790,bullet2,10.9979,6.51613,0.8,0,1
563791,player,6.35099,6.04313,0.306787,-0.0125162,1
563792,bullet6,14.957,5.9656,0.8,0,1
563792,bullet1,6.88905,6.0375,0.8,0,1
563794,flayer7,5.99999,10.8939,-0.3,0,2
563794,bullet4,6.97913,6.03383,0.8,0,1
563795,flyer4,11.4803,14.1807,-0.250984,0.164338,2
563795,bullet2,14.9979,6.51613,0.8,0,1
563796,player,6.59737,6.03308,0.00566108,-0.00023096,1
563797,bullet1,10.889,6.0375,0.8,0,1
563799,flayer7,4.49999,10.8939,-0.3,0,2
563799,bullet4,10.9791,6.03383,0.8,0,1
563800,flyer4,10.2254,15.0024,-0.250984,0.164338,2
563801,player,6.04419,5.43058,-0.0682393,-0.0138439,1
563801,bullet3,6.44419,5.43058,0.8,0,1
563802,bullet1,14.889,6.0375,0.8,0,1
563802,bullet5,6.41349,5.42435,0.8,0,1
563804,flayer7,2.99999,10.8939,-0.3,0,2
563804,bullet4,14.9791,6.03383,0.8,0,1
563805,flyer4,8.97047,15.824,-0.250984,0.164338,2
563805,bullet6,5.90128,5.41972,0.8,0,1
563806,player,5.43167,5.41946,-0.069603,-0.000255458,1
563806,bullet3,10.4442,5.43058,0.8,0,1
563807,bullet5,10.4135,5.42435,0.8,0,1
563809,flayer7,1.49999,10.8939,-0.3,0,2
563810,bullet6,9.90128,5.41972,0.8,0,1
563811,player,4.7873,5.97698,-0.0320391,0.068339,1
563811,bullet3,14.4442,5.43058,0.8,0,1
563811,bullet2,5.1873,5.97698,0.8,0,1
563812,bullet5,14.4135,5.42435,0.8,0,1
563814,flayer7,-6.4373e-06,10.8939,-0.3,0,2
563814,bullet1,5.16348,6.0278,0.8,0,1
563815,bullet6,13.9013,5.41972,0.8,0,1
563815,bullet4,4.36216,6.0306,-0.8,-6.99382e-08,1
563816,player,4.76157,6.03186,-0.000591211,0.00126105,1
563816,bullet2,9.1873,5.97698,0.8,0,1
563819,flyer3,16.5,11.3993,-0.3,0,2
563819,bullet1,9.16348,6.0278,0.8,0,1
563820,bullet4,0.362162,6.0306,-0.8,-6.99382e-08,1
563821,player,3.60106,6.8554,-0.0821943,-0.255293,1
563821,flyer6,16.5,11.3993,-0.3,0,2
563821,bullet2,13.1873,5.97698,0.8,0,1
563822,bullet3,3.96408,6.74052,0.8,0,1
563824,flyer3,15,11.3993,-0.3,0,2
563824,bullet1,13.1635,6.0278,0.8,0,1
563826,player,3.04568,6.09266,-0.153392,-0.0730546,1
563826,flyer6,15,11.3993,-0.3,0,2
563827,bullet3,7.96408,6.74052,0.8,0,1
563829,flyer3,13.5,11.3993,-0.3,0,2
563829,flyer1,16.5,6.01754,-0.283422,0.0983462,2
563829,bullet5,2.77389,5.48062,0.8,0,1
563831,player,2.32018,5.43168,-0.0166701,-0.0151877,1
563831,flyer6,13.5,11.3993,-0.3,0,2
563831,bullet6,2.72018,5.43168,0.8,0,1
563832,bullet3,11.9641,6.74052,0.8,0,1
563834,flyer3,12,11.3993,-0.3,0,2
563834,flyer1,15.0829,6.50927,-0.283422,0.0983462,2
563834,bullet5,6.7739,5.48062,0.8,0,1
563835,bullet4,3.19648,5.41976,0.8,0,1
563836,player,2.86451,5.41948,0.0680361,-0.000280255,1
563836,flyer6,12,11.3993,-0.3,0,2
563836,bullet6,6.72018,5.43168,0.8,0,1
563839,flyer3,10.5,11.3993,-0.3,0,2
563839,flyer1,13.6658,7.001,-0.283422,0.0983462,1
563839,bullet5,10.7739,5.48062,0.8,0,1
563840,bullet4,7.19648,5.41976,0.8,0,1
563841,player,2.09662,5.41926,0.256572,-5.1715e-06,1
563841,flyer6,10.5,11.3993,-0.3,0,2
563841,bullet6,10.7202,5.43168,0.8,0,1
563842,bullet2,1.81208,5.41926,-0.8,-6.99382e-08,1
563844,flyer3,9,11.3993,-0.3,0,2
563844,flyer1,12.2487,7.49273,-0.283422,0.0983462,1
563844,bullet5,14.7739,5.48062,0.8,0,1
563845,bullet4,11.1965,5.41976,0.8,0,1
563845,bullet1,2.69793,5.90863,0.8,0,1
563846,player,2.30267,5.97697,0.00473448,0.0683437,1
563846,flyer6,9,11.3993,-0.3,0,2
563846,bullet6,14.7202,5.43168,0.8,0,1
563849,flyer3,7.5,11.3993,-0.3,0,2
563849,flyer1,10.8316,7.98446,-0.283422,0.0983462,1
563849,bullet3,2.39556,5.53842,-0.8,-6.99382e-08,1
563850,bullet4,15.1965,5.41976,0.8,0,1
563850,bullet1,6.69793,5.90863,0.8,0,1
563851,player,2.89494,5.44339,0.0308421,-0.0294936,1
563851,flyer6,7.5,11.3993,-0.3,0,2
563851,bullet2,3.29494,5.44339,0.8,0,1
563852,bullet5,3.30882,5.43012,0.8,0,1
563854,flyer3,5.99999,11.3993,-0.3,0,2
563854,flyer1,9.41444,8.47619,-0.283422,0.0983462,1
563854,bullet6,2.51788,5.42146,-0.8,-6.99382e-08,1
563855,bullet1,10.6979,5.90863,0.8,0,1
563856,player,2.91971,5.4197,0.000569123,-0.000544239,1
563856,flyer6,5.99999,11.3993,-0.3,0,2
563856,bullet2,7.29494,5.44339,0.8,0,1
563857,bullet5,7.30882,5.43012,0.8,0,1
563859,flyer3,4.49999,11.3993,-0.3,0,2
563859,flyer1,7.99733,8.96792,-0.283422,0.0983462,1
563859,bullet4,3.87785,5.97702,0.8,0,1
563860,bullet1,14.6979,5.90863,0.8,0,1
563861,player,3.52248,6.02158,0.0138501,0.0138296,1
563861,flyer6,4.49999,11.3993,-0.3,0,2
563861,bullet2,11.2949,5.44339,0.8,0,1
563862,bullet5,11.3088,5.43012,0.8,0,1
563864,flyer3,2.99999,11.3993,-0.3,0,2
563864,flyer1,6.58022,9.45965,-0.283422,0.0983462,1
563864,bullet4,7.87785,5.97702,0.8,0,1
563864,bullet3,3.93278,6.03186,0.8,0,1
563866,player,3.5336,6.03269,0.000255574,0.000255194,1
563866,flyer6,2.99999,11.3993,-0.3,0,2
563866,bullet2,15.2949,5.44339,0.8,0,1
563867,bullet5,15.3088,5.43012,0.8,0,1
563868,bullet6,3.93377,6.03285,0.8,0,1
563869,flyer3,1.49999,11.3993,-0.3,0,2
563869,flyer1,5.16311,9.95138,-0.283422,0.0983462,1
563869,bullet4,11.8779,5.97702,0.8,0,1
563869,bullet3,7.93278,6.03186,0.8,0,1
563871,player,4.09153,6.03289,0.0683485,4.70905e-06,1
563871,flyer6,1.49999,11.3993,-0.3,0,2
563871,bullet1,4.49153,6.03289,0.8,0,1
563873,bullet6,7.93377,6.03285,0.8,0,1
563874,flyer3,-6.4373e-06,11.3993,-0.3,0,2
563874,flyer1,3.746,10.4431,-0.283422,0.0983462,1
563874,bullet4,15.8779,5.97702,0.8,0,1
563874,bullet3,11.9328,6.03186,0.8,0,1
563876,player,4.48391,6.03289,0.338761,8.68953e-08,1
563876,flyer6,-6.4373e-06,11.3993,-0.3,0,2
563876,bullet1,8.49153,6.03289,0.8,0,1
563878,bullet6,11.9338,6.03285,0.8,0,1
563878,bullet2,5.10496,6.03289,0.8,0,1
563879,flyer1,2.32889,10.9348,-0.283422,0.0983462,1
563879,bullet3,15.9328,6.03186,0.8,0,1
563881,player,4.75597,5.69539,0.0062511,-0.3375,1
563881,bullet1,12.4915,6.03289,0.8,0,1
563883,bullet6,15.9338,6.03285,0.8,0,1
563883,bullet2,9.10496,6.03289,0.8,0,1
563884,flyer1,0.911777,11.4266,-0.283422,0.0983462,1
563884,flyer5,16.5,4.3856,-0.3,0,2
563886,player,4.20327,5.98207,-0.0682284,0.0621159,1
563886,flayer8,16.5,4.3856,-0.3,0,2
563886,bullet5,4.60327,5.98207,0.8,0,1
563888,bullet2,13.105,6.03289,0.8,0,1
563889,flyer5,15,4.3856,-0.3,0,2
563891,player,4.73695,6.95793,0.0294957,0.369401,1
563891,flayer8,15,4.3856,-0.3,0,2
563891,bullet5,8.60327,5.98207,0.8,0,1
563893,flyer2,16.5,6.70802,-0.255132,0.157822,2
563894,flyer5,13.5,4.3856,-0.3,0,2
563894,bullet4,5.15889,6.6749,0.8,0,1
563896,player,5.25002,6.65227,0.152419,-0.00702312,1
563896,flayer8,13.5,4.3856,-0.3,0,2
563896,bullet5,12.6033,5.98207,0.8,0,1
563898,flyer2,15.2243,7.49714,-0.255132,0.157822,2
563898,bullet3,5.26009,6.15831,0.8,0,1
563899,flyer5,12,4.3856,-0.3,0,2
563899,bullet4,9.15889,6.6749,0.8,0,1
563900,bullet6,5.18114,6.05829,0.8,0,1
563901,player,4.77011,6.04432,-0.011027,-0.0139692,1
563901,flayer8,12,4.3856,-0.3,0,2
563902,bullet1,5.16515,6.03803,0.8,0,1
563903,flyer2,13.9487,8.28625,-0.255132,0.157822,2
563903,bullet3,9.26009,6.15831,0.8,0,1
563904,flyer5,10.5,4.3856,-0.3,0,2
563904,bullet4,13.1589,6.6749,0.8,0,1
563905,bullet6,9.18114,6.05829,0.8,0,1
563906,player,4.76125,6.0331,-0.00020348,-0.000257771,1
563906,flayer8,10.5,4.3856,-0.3,0,2
563907,bullet1,9.16515,6.03803,0.8,0,1
563908,flyer2,12.673,9.07535,-0.255132,0.157822,2
563908,bullet3,13.2601,6.15831,0.8,0,1
563909,flyer5,9,4.3856,-0.3,0,2
563910,bullet6,13.1811,6.05829,0.8,0,1
563911,player,5.23662,5.54352,0.168786,-0.15188,1
563911,flayer8,9,4.3856,-0.3,0,2
563912,bullet1,13.1651,6.03803,0.8,0,1
563912,bullet2,5.71258,5.47517,0.8,0,1
563913,flyer2,11.3974,9.86446,-0.255132,0.157822,2
563914,flyer5,7.5,4.3856,-0.3,0,2
563914,bullet5,5.76214,5.43058,0.8,0,1
563915,bullet4,5.76906,5.42435,0.8,0,1
563916,player,5.37218,5.42155,0.00311458,-0.00280261,1
563916,flayer8,7.5,4.3856,-0.3,0,2
563917,bullet2,9.71258,5.47517,0.8,0,1
563917,bullet3,5.77358,5.42029,0.8,0,1
563918,flyer2,10.1217,10.6536,-0.255132,0.157822,2
563919,flyer5,5.99999,4.3856,-0.3,0,2
563919,bullet5,9.76214,5.43058,0.8,0,1
563920,bullet4,9.76906,5.42435,0.8,0,1
563921,player,5.37468,6.00777,5.74728e-05,0.030703,1
563921,flayer8,5.99999,4.3856,-0.3,0,2
563922,bullet2,13.7126,5.47517,0.8,0,1
563922,bullet3,9.77358,5.42029,0.8,0,1
563923,flyer2,8.84605,11.4427,-0.255132,0.157822,2
563924,flyer5,4.49999,4.3856,-0.3,0,2
563924,bullet5,13.7621,5.43058,0.8,0,1
563925,bullet4,13.7691,5.42435,0.8,0,1
563926,player,4.77241,6.63474,-0.0138385,0.0144062,1
563926,flayer8,4.49999,4.3856,-0.3,0,2
563927,bullet3,13.7736,5.42029,0.8,0,1
563928,flyer2,7.57039,12.2318,-0.255132,0.157822,2
563929,flyer5,2.99999,4.3856,-0.3,0,2
563929,bullet6,5.71984,6.64545,0.8,0,1
563931,player,5.36361,6.64631,0.0135842,0.000265834,1
563931,flayer8,2.99999,4.3856,-0.3,0,2
563931,bullet1,5.76361,6.64631,0.8,0,1
563933,flyer2,6.29473,13.0209,-0.255132,0.157822,2
563934,flyer5,1.49999,4.3856,-0.3,0,2
563934,bullet6,9.71984,6.64545,0.8,0,1
563935,bullet2,6.36274,6.74562,0.8,0,1
563936,player,5.97683,6.69112,0.0140903,-0.0544992,1
563936,flayer8,1.49999,4.3856,-0.3,0,2
563936,bullet1,9.76361,6.64631,0.8,0,1
563938,flyer2,5.01907,13.81,-0.255132,0.157822,2
563939,flyer5,-6.4373e-06,4.3856,-0.3,0,2
563939,bullet6,13.7198,6.64545,0.8,0,1
563940,bullet2,10.3627,6.74562,0.8,0,1
563941,player,5.39967,7.24966,-0.0304947,0.0128339,1
563941,flayer8,-6.4373e-06,4.3856,-0.3,0,2
563941,bullet1,13.7636,6.64631,0.8,0,1
563942,bullet5,5.78595,7.25544,0.8,0,1
563943,flyer2,3.74341,14.5991,-0.255132,0.157822,2
563944,bullet4,5.777,7.25921,0.8,0,1
563945,bullet2,14.3627,6.74562,0.8,0,1
563946,player,5.86456,6.7706,0.151312,-0.151638,1
563947,bullet5,9.78595,7.25544,0.8,0,1
563948,flyer2,2.46775,15.3882,-0.255132,0.157822,2
563948,flyer4,16.5,6.70802,-0.278373,-0.111841,2
563949,bullet4,9.777,7.25921,0.8,0,1
563951,player,6.54379,6.06035,0.0711359,-0.0335528,1
563951,bullet3,6.94379,6.06035,0.8,0,1
563952,bullet5,13.786,7.25544,0.8,0,1
563953,flyer2,1.1921,16.1773,-0.255132,0.157822,2
563953,flyer4,15.1081,6.14882,-0.278373,-0.111841,2
563954,bullet4,13.777,7.25921,0.8,0,1
563954,bullet6,7.55441,5.47768,0.8,0,1
563956,player,7.20323,5.43109,0.0151523,-0.0144588,1
563956,bullet3,10.9438,6.06035,0.8,0,1
563958,flyer4,13.7163,5.58962,-0.278373,-0.111841,2
563958,flayer7,16.5,6.70802,-0.281088,0.10483,2
563959,bullet6,11.5544,5.47768,0.8,0,1
563961,player,5.71787,5.75698,-0.419404,0.337233,1
563962,bullet1,5.92914,5.90873,0.8,0,1
563963,flayer7,15.0946,7.23218,-0.281088,0.10483,2
563965,flyer3,16.5,8.57013,-0.219203,0.204817,2
563966,player,5.38105,6.0278,-0.00773918,0.0062229,1
563966,flyer6,16.5,8.57013,-0.3,0,2
563967,bullet1,9.92914,5.90873,0.8,0,1
563968,flayer7,13.6891,7.75633,-0.281088,0.10483,2
563968,bullet2,5.776,6.03186,0.8,0,1
563969,bullet5,5.7753,6.03243,0.8,0,1
563970,flyer3,15.404,9.59421,-0.219203,0.204817,2
563971,player,5.37484,6.0328,-0.00014281,0.00011483,1
563971,flyer6,15,8.57013,-0.3,0,2
563971,bullet4,5.77484,6.0328,0.8,0,1
563972,bullet1,13.9291,5.90873,0.8,0,1
563973,flayer7,12.2837,8.28048,-0.281088,0.10483,2
563973,bullet2,9.776,6.03186,0.8,0,1
563974,bullet5,9.7753,6.03243,0.8,0,1
563975,flyer3,14.308,10.6183,-0.219203,0.204817,2
563976,player,5.37472,5.43058,-2.63524e-06,-0.0138375,1
563976,flyer6,13.5,8.57013,-0.3,0,2
563976,bullet4,9.77484,6.0328,0.8,0,1
563976,bullet3,5.77472,5.43058,0.8,0,1
563978,flayer7,10.8782,8.80463,-0.281088,0.10483,2
563978,bullet2,13.776,6.03186,0.8,0,1
563979,bullet5,13.7753,6.03243,0.8,0,1
563980,flyer3,13.212,11.6424,-0.219203,0.204817,2
563981,player,5.40548,4.27327,-0.0375891,-0.0993538,1
563981,flyer6,12,8.57013,-0.3,0,2
563981,bullet4,13.7748,6.0328,0.8,0,1
563981,bullet3,9.77472,5.43058,0.8,0,1
563983,flayer7,9.4728,9.32878,-0.281088,0.10483,2
563985,flyer3,12.1159,12.6665,-0.219203,0.204817,2
563986,player,7.05545,3.59117,0.195776,-0.015673,1
563986,flyer6,10.5,8.57013,-0.3,0,2
563986,bullet3,13.7747,5.43058,0.8,0,1
563986,bullet6,7.45545,3.59117,0.8,0,1
563988,flayer7,8.06736,9.85292,-0.281088,0.10483,2
563989,bullet1,7.11166,3.57951,0.8,0,1
563990,flyer3,11.0199,13.6905,-0.219203,0.204817,2
563991,player,6.6242,3.57858,-0.0271421,-0.00028921,1
563991,flyer6,9,8.57013,-0.3,0,2
563991,bullet6,11.4555,3.59117,0.8,0,1
563992,bullet2,7.01199,3.57845,0.8,0,1
563993,flayer7,6.66192,10.3771,-0.281088,0.10483,2
563994,bullet1,11.1117,3.57951,0.8,0,1
563995,flyer3,9.92391,14.7146,-0.219203,0.204817,2
563996,player,6.6024,3.42648,-0.000500848,0.18562,1
563996,flyer6,7.5,8.57013,-0.3,0,2
563996,bullet6,15.4555,3.59117,0.8,0,1
563997,bullet2,11.012,3.57845,0.8,0,1
563998,flayer7,5.25648,10.9012,-0.281088,0.10483,2
563999,bullet1,15.1117,3.57951,0.8,0,1
564000,flyer3,8.82789,15.7387,-0.219203,0.204817,2
564000,bullet5,7.55973,3.0144,0.8,0,1
564001,player,7.19047,2.98707,0.0307454,-0.0273295,1
564001,flyer6,5.99999,8.57013,-0.3,0,2
564001,bullet4,7.59047,2.98707,0.8,0,1
564002,bullet2,15.012,3.57845,0.8,0,1
564003,flayer7,3.85104,11.4254,-0.281088,0.10483,2
564005,bullet5,11.5597,3.0144,0.8,0,1
564006,player,6.13731,3.89109,-0.182062,0.36775,1
564006,flyer6,4.49999,8.57013,-0.3,0,2
564006,bullet4,11.5905,2.98707,0.8,0,1
564008,flayer7,2.4456,11.9495,-0.281088,0.10483,2
564010,bullet5,15.5597,3.0144,0.8,0,1
564011,player,6.48048,3.59795,0.148515,-0.0239687,1
564011,flyer6,2.99999,8.57013,-0.3,0,2
564011,bullet4,15.5905,2.98707,0.8,0,1
564012,flyer1,16.5,11.6632,-0.263025,-0.144284,2
564012,bullet3,6.94731,3.58717,0.8,0,1
564013,flayer7,1.04015,12.4737,-0.281088,0.10483,2
564014,bullet6,6.99092,3.58013,0.8,0,1
564015,bullet1,6.99701,3.57915,0.8,0,1
564016,player,6.59975,3.57871,0.00274053,-0.000442289,1
564016,flyer6,1.49999,8.57013,-0.3,0,2
564017,flyer1,15.1849,10.9417,-0.263025,-0.144284,2
564017,bullet3,10.9473,3.58717,0.8,0,1
564018,flayer7,-0.365287,12.9978,-0.281088,0.10483,2
564019,bullet6,10.9909,3.58013,0.8,0,1
564019,bullet2,7.00179,3.02066,0.8,0,1
564020,bullet1,10.997,3.57915,0.8,0,1
564021,player,6.26445,3.31354,-0.337449,0.323652,1
564021,flyer6,-6.4373e-06,8.57013,-0.3,0,2
564022,flyer1,13.8698,10.2203,-0.263025,-0.144284,2
564022,bullet3,14.9473,3.58717,0.8,0,1
564024,bullet6,14.9909,3.58013,0.8,0,1
564024,bullet2,11.0018,3.02066,0.8,0,1
564025,bullet1,14.997,3.57915,0.8,0,1
564025,bullet5,6.39968,3.56748,0.8,0,1
564026,player,5.99345,3.57346,-0.00622689,0.00597229,1
564026,bullet4,6.39345,3.57346,0.8,0,1
564027,flyer1,12.5546,9.49889,-0.263025,-0.144284,2
564028,bullet3,6.38939,3.57735,0.8,0,1
564029,bullet2,15.0018,3.02066,0.8,0,1
564030,bullet5,10.3997,3.56748,0.8,0,1
564031,player,6.54617,3.02053,0.0682288,-0.0682335,1
564031,bullet4,10.3935,3.57346,0.8,0,1
564031,bullet6,6.94617,3.02053,0.8,0,1
564032,flyer1,11.2395,8.77747,-0.263025,-0.144284,2
564033,bullet3,10.3894,3.57735,0.8,0,1
564035,bullet5,14.3997,3.56748,0.8,0,1
564036,player,6.60096,2.96574,0.00125901,-0.0012591,1
564036,bullet4,14.3935,3.57346,0.8,0,1
564036,bullet6,10.9462,3.02053,0.8,0,1
564037,flyer1,9.92439,8.05605,-0.263025,-0.144284,2
564038,bullet3,14.3894,3.57735,0.8,0,1
564038,bullet1,7.00179,2.96491,0.8,0,1
564039,bullet2,7.0019,2.9648,0.8,0,1
564041,player,6.60197,3.30223,2.32324e-05,0.337477,1
564041,bullet6,14.9462,3.02053,0.8,0,1
564042,flyer1,8.60927,7.33463,-0.263025,-0.144284,2
564043,flyer5,16.5,11.6632,-0.28224,0.101688,2
564043,bullet1,11.0018,2.96491,0.8,0,1
564044,bullet2,11.0019,2.9648,0.8,0,1
564045,bullet5,6.44427,3.56702,0.8,0,1
564046,player,6.01352,3.57325,-0.0307543,0.0062274,1
564046,bullet4,6.41352,3.57325,0.8,0,1
564047,flyer1,7.29415,6.61321,-0.263025,-0.144284,2
564048,flyer5,15.0888,12.1716,-0.28224,0.101688,2
564048,bullet1,15.0018,2.96491,0.8,0,1
564049,bullet2,15.0019,2.9648,0.8,0,1
564050,bullet5,10.4443,3.56702,0.8,0,1
564050,bullet3,6.94711,3.02042,0.8,0,1
564051,player,6.5773,2.98978,0.0301872,-0.0306398,1
564051,bullet4,10.4135,3.57325,0.8,0,1
564052,flyer1,5.97902,5.89179,-0.263025,-0.144284,2
564053,flyer5,13.6776,12.68,-0.28224,0.101688,2
564055,bullet5,14.4443,3.56702,0.8,0,1
564055,bullet3,10.9471,3.02042,0.8,0,1
564056,player,6.71448,1.87348,-0.137478,-0.16628,1
564056,bullet4,14.4135,3.57325,0.8,0,1
564056,bullet6,7.11448,1.87348,0.8,0,1
564057,flyer1,4.6639,5.17037,-0.263025,-0.144284,2
564058,flyer5,12.2664,13.1885,-0.28224,0.101688,2
564060,bullet3,14.9471,3.02042,0.8,0,1
564060,bullet1,7.00661,1.25364,0.8,0,1
564061,player,6.60407,1.18223,-0.00253686,-0.0714121,1
564061,bullet6,11.1145,1.87348,0.8,0,1
564062,flyer1,3.34877,4.44894,-0.263025,-0.144284,2
564063,flyer5,10.8552,13.6969,-0.28224,0.101688,2
564065,bullet1,11.0066,1.25364,0.8,0,1
564065,bullet2,6.4136,1.09544,0.8,0,1
564066,player,5.99972,1.11104,-0.0138864,0.0155973,1
564066,bullet6,15.1145,1.87348,0.8,0,1
564066,bullet5,6.39972,1.11104,0.8,0,1
564067,flyer1,2.03365,3.72752,-0.263025,-0.144284,2
564068,flyer5,9.444,14.2054,-0.28224,0.101688,2
564069,bullet4,6.38939,1.12264,0.8,0,1
564070,bullet1,15.0066,1.25364,0.8,0,1
564070,bullet2,10.4136,1.09544,0.8,0,1
564071,player,5.98857,1.12356,-0.000256244,0.000287815,1
564071,bullet5,10.3997,1.11104,0.8,0,1
564072,flyer1,0.718526,3.0061,-0.263025,-0.144284,2
564073,flyer5,8.0328,14.7138,-0.28224,0.101688,2
564074,bullet4,10.3894,1.12264,0.8,0,1
564075,bullet2,14.4136,1.09544,0.8,0,1
564076,player,4.89667,2.80396,-0.165719,0.196475,1
564076,bullet5,14.3997,1.11104,0.8,0,1
564077,bullet3,5.2221,2.89237,0.8,0,1
564078,flyer5,6.6216,15.2222,-0.28224,0.101688,2
564079,flayer8,16.5,11.6632,-0.264627,0.141324,2
564079,bullet4,14.3894,1.12264,0.8,0,1
564079,bullet6,5.17344,2.95006,0.8,0,1
564080,bullet1,5.16665,2.95812,0.8,0,1
564081,player,4.76359,2.96174,-0.00305799,0.00362551,1
564082,bullet3,9.2221,2.89237,0.8,0,1
564082,bullet2,5.16221,2.96337,0.8,0,1
564083,flyer5,5.2104,15.7307,-0.28224,0.101688,2
564084,flayer8,15.1769,12.3698,-0.264627,0.141324,2
564084,bullet6,9.17344,2.95006,0.8,0,1
564085,bullet1,9.16665,2.95812,0.8,0,1
564086,player,5.34961,3.45403,0.0306983,0.151942,1
564087,bullet3,13.2221,2.89237,0.8,0,1
564087,bullet2,9.16221,2.96337,0.8,0,1
564088,flyer5,3.7992,16.2391,-0.28224,0.101688,2
564089,flayer8,13.8537,13.0764,-0.264627,0.141324,2
564089,bullet6,13.1734,2.95006,0.8,0,1
564090,bullet1,13.1666,2.95812,0.8,0,1
564091,player,5.37426,2.97374,0.000566469,-0.0110359,1
564092,bullet2,13.1622,2.96337,0.8,0,1
564092,bullet5,5.77452,2.96877,0.8,0,1
564094,flayer8,12.5306,13.783,-0.264627,0.141324,2
564095,flyer2,16.5,12.6219,-0.296619,0.0449098,2
564096,player,4.88534,3.06398,-0.151865,-0.121324,1
564097,flyer4,16.5,12.6219,-0.29886,0.0261303,2
564097,bullet5,9.77452,2.96877,0.8,0,1
564099,flayer8,11.2075,14.4896,-0.264627,0.141324,2
564099,bullet4,4.61469,3.53148,0.8,0,1
564100,flyer2,15.0169,12.8464,-0.296619,0.0449098,2
564101,player,3.67169,3.07948,-0.168517,-0.140274,1
564102,flyer4,15.0057,12.7525,-0.29886,0.0261303,2
564102,bullet5,13.7745,2.96877,0.8,0,1
564104,flayer8,9.88434,15.1963,-0.264627,0.141324,2
564104,bullet4,8.61469,3.53148,0.8,0,1
564104,bullet3,4.5041,2.97517,0.8,0,1
564105,flyer2,13.5338,13.071,-0.296619,0.0449098,2
564106,player,4.13867,2.96683,0.01073,-0.00258845,1
564107,flyer4,13.5114,12.8832,-0.29886,0.0261303,2
564107,bullet6,4.5435,2.96566,0.8,0,1
564109,flayer8,8.5612,15.9029,-0.264627,0.141324,2
564109,bullet4,12.6147,3.53148,0.8,0,1
564109,bullet3,8.5041,2.97517,0.8,0,1
564110,flyer2,12.0507,13.2955,-0.296619,0.0449098,2
564111,player,4.21564,2.96475,-0.0833333,-4.77642e-05,1
564112,flyer4,12.0171,13.0138,-0.29886,0.0261303,2
564112,bullet6,8.5435,2.96566,0.8,0,1
564112,bullet1,4.57814,2.96473,0.8,0,1
564114,bullet3,12.5041,2.97517,0.8,0,1
564115,flyer2,10.5676,13.5201,-0.296619,0.0449098,2
564116,player,3.59099,2.96471,-0.0698815,-8.81384e-07,1
564116,bullet2,3.99099,2.96471,0.8,0,1
564117,flyer4,10.5228,13.1445,-0.29886,0.0261303,2
564117,bullet6,12.5435,2.96566,0.8,0,1
564117,bullet1,8.57814,2.96473,0.8,0,1
564119,bullet5,3.93903,2.96471,0.8,0,1
564120,flyer2,9.08451,13.7446,-0.296619,0.0449098,2
564121,player,3.53487,2.62721,-0.00128951,-0.3375,1
564121,bullet2,7.99099,2.96471,0.8,0,1
564122,flyer4,9.02851,13.2751,-0.29886,0.0261303,2
564122,bullet1,12.5781,2.96473,0.8,0,1
564124,bullet5,7.93903,2.96471,0.8,0,1
564125,flyer2,7.60142,13.9692,-0.296619,0.0449098,2
564126,player,3.50308,2.91389,0.0375653,0.0621159,1
564126,bullet2,11.991,2.96471,0.8,0,1
564126,bullet4,3.90308,2.91389,0.8,0,1
564127,flyer4,7.53421,13.4058,-0.29886,0.0261303,2
564127,bullet3,3.91999,2.94184,0.8,0,1
564129,bullet5,11.939,2.96471,0.8,0,1
564130,flyer2,6.11832,14.1937,-0.296619,0.0449098,2
564131,player,3.53325,3.45315,0.000693185,0.153021,1
564131,bullet2,15.991,2.96471,0.8,0,1
564131,bullet4,7.90308,2.91389,0.8,0,1
564132,flyer4,6.03991,13.5364,-0.29886,0.0261303,2
564132,bullet3,7.91999,2.94184,0.8,0,1
564132,bullet6,3.93356,3.52201,0.8,0,1
564134,bullet5,15.939,2.96471,0.8,0,1
564135,flyer2,4.63522,14.4183,-0.296619,0.0449098,2
564135,bullet1,3.93379,3.57321,0.8,0,1
564136,player,3.53381,3.57604,1.27912e-05,0.00282367,1
564136,bullet4,11.9031,2.91389,0.8,0,1
564137,flyer4,4.54561,13.6671,-0.29886,0.0261303,2
564137,bullet3,11.92,2.94184,0.8,0,1
564137,bullet6,7.93356,3.52201,0.8,0,1
564140,flyer2,3.15213,14.6428,-0.296619,0.0449098,2
564140,bullet1,7.9338,3.57321,0.8,0,1
564141,player,3.75404,4.7245,-0.269156,0.0991505,1
564141,bullet4,15.9031,2.91389,0.8,0,1
564142,flyer4,3.05131,13.7978,-0.29886,0.0261303,2
564142,bullet3,15.92,2.94184,0.8,0,1
564142,bullet6,11.9336,3.52201,0.8,0,1
564145,flyer2,1.66903,14.8673,-0.296619,0.0449098,2
564145,bullet1,11.9338,3.57321,0.8,0,1
564146,player,4.12635,3.32043,0.025788,-0.434769,1
564147,flyer4,1.55701,13.9284,-0.29886,0.0261303,2
564147,bullet6,15.9336,3.52201,0.8,0,1
564148,flyer3,16.5,9.77273,-0.3,0,2
564149,bullet2,5.0349,3.4865,0.8,0,1
564150,flyer2,0.185932,15.0919,-0.296619,0.0449098,2
564150,bullet1,15.9338,3.57321,0.8,0,1
564151,player,4.73554,3.89725,0.0312305,0.360232,1
564151,finish,18.9485,8,-0.2,0,1
564152,flyer4,0.0627117,14.0591,-0.29886,0.0261303,2
564153,flyer3,15,9.77273,-0.3,0,2
564154,flayer7,16.5,1.71117,-0.293078,0.0640713,2
564154,bullet2,9.03491,3.4865,0.8,0,1
564155,bullet5,5.16004,3.62218,0.8,0,1
564156,player,4.76062,3.26057,0.000576291,-0.361607,1
564156,finish,17.9485,8,-0.2,0,1
564158,flyer3,13.5,9.77273,-0.3,0,2
564159,flayer7,15.0346,2.03153,-0.293078,0.0640713,2
564159,bullet2,13.0349,3.4865,0.8,0,1
564160,bullet5,9.16004,3.62218,0.8,0,1
564160,bullet4,4.60335,2.41912,0.8,0,1
564161,player,4.17261,2.3817,-0.0307441,-0.0374274,1
564161,finish,16.9485,8,-0.2,0,1
564161,bullet3,4.57261,2.3817,0.8,0,1
564163,flyer3,12,9.77273,-0.3,0,2
564164,flayer7,13.5692,2.35188,-0.293078,0.0640713,2
564165,bullet5,13.16,3.62218,0.8,0,1
564165,bullet4,8.60335,2.41912,0.8,0,1
564165,bullet6,4.54848,2.35233,0.8,0,1
564166,player,4.14792,2.35164,-0.000567314,-0.00069064,1
564166,finish,15.9485,8,-0.2,0,1
564166,bullet3,8.57261,2.3817,0.8,0,1
564168,flyer3,10.5,9.77273,-0.3,0,2
564169,flayer7,12.1038,2.67224,-0.293078,0.0640713,1
564170,bullet6,8.54848,2.35233,0.8,0,1
564170,bullet1,4.54747,2.3511,0.8,0,1
564171,player,4.14746,2.35109,-1.04685e-05,-1.27443e-05,1
564171,finish,14.9485,8,-0.2,0,1
564171,bullet3,12.5726,2.3817,0.8,0,1
564173,flyer3,9,9.77273,-0.3,0,2
564175,bullet6,12.5485,2.35233,0.8,0,1
564175,bullet1,8.54747,2.3511,0.8,0,1
564175,bullet2,4.54745,1.20488,0.8,0,1
564176,player,4.14745,1.16029,-1.93174e-07,-0.0445945,1
564176,finish,13.9485,8,-0.2,0,1
564177,bullet4,4.54745,1.14022,0.8,0,1
564178,flyer3,7.5,9.77273,-0.3,0,2
564180,bullet1,12.5475,2.3511,0.8,0,1
564180,bullet2,8.54746,1.20488,0.8,0,1
564181,player,4.14745,1.12448,-3.5646e-09,-0.000822894,1
564181,finish,12.9485,8,-0.2,0,1
564182,bullet4,8.54746,1.14022,0.8,0,1
564183,flyer3,5.99999,9.77273,-0.3,0,2
564185,bullet2,12.5475,1.20488,0.8,0,1
564186,player,3.10036,2.77322,-0.220219,0.234043,1
564186,finish,11.9485,8,-0.2,0,1
564187,bullet4,12.5475,1.14022,0.8,0,1
564188,flyer3,4.49999,9.77273,-0.3,0,2
564189,bullet5,3.3366,2.94726,0.8,0,1
564190,bullet3,3.32757,2.95686,0.8,0,1
564191,player,2.92351,2.96118,-0.00406366,0.00431876,1
564191,finish,10.9485,8,-0.2,0,1
564192,bullet6,3.32168,2.96312,0.8,0,1
564193,flyer3,2.99999,9.77273,-0.3,0,2
564194,bullet5,7.3366,2.94726,0.8,0,1
564195,bullet3,7.32757,2.95686,0.8,0,1
564196,player,3.47796,2.96465,0.0682688,7.96932e-05,1
564196,finish,9.9485,8,-0.2,0,1
564197,bullet6,7.32168,2.96312,0.8,0,1
564197,bullet1,3.90868,2.96468,0.8,0,1
564198,flyer3,1.49999,9.77273,-0.3,0,2
564199,bullet5,11.3366,2.94726,0.8,0,1
564200,bullet3,11.3276,2.95686,0.8,0,1
564201,player,3.53279,2.96471,0.00125975,1.47056e-06,1
564201,finish,8.94851,8,-0.2,0,1
564202,bullet6,11.3217,2.96312,0.8,0,1
564202,bullet1,7.90868,2.96468,0.8,0,1
564203,flyer3,-6.4373e-06,9.77273,-0.3,0,2
564204,bullet5,15.3366,2.94726,0.8,0,1
564205,bullet3,15.3276,2.95686,0.8,0,1
564206,player,3.5338,2.40699,2.32459e-05,-0.0683437,1
564206,finish,7.94851,8,-0.2,0,1
564207,flyer6,16.5,1.71117,-0.234434,0.187191,2
564207,bullet6,15.3217,2.96312,0.8,0,1
564207,bullet1,11.9087,2.96468,0.8,0,1
564208,bullet2,3.93381,2.3624,0.8,0,1
