295509,player,0.685094,15.2101,0,0,1
295510,bullet1,1.08509,15.2101,0.8,0,1
295513,bullet2,0.8,15.2101,0.8,0,1
295514,player,0.7375,14.8726,0.3375,-0.3375,1
295515,bullet1,5.08509,15.2101,0.8,0,1
295518,bullet2,4.8,15.2101,0.8,0,1
295519,player,0.909443,14.6015,0.127348,-0.00622782,1
295520,bullet1,9.08509,15.2101,0.8,0,1
295521,bullet3,0.903162,14.1081,0.8,0,1
295523,bullet2,8.8,15.2101,0.8,0,1
295523,bullet4,0.820891,14.0082,0.8,0,1
295524,player,0.409401,13.9942,-0.0114897,-0.0139545,1
295525,bullet1,13.0851,15.2101,0.8,0,1
295526,bullet3,4.90316,14.1081,0.8,0,1
295528,bullet2,12.8,15.2101,0.8,0,1
295528,bullet4,4.82089,14.0082,0.8,0,1
295529,player,0.850612,13.2288,0.199253,0.171528,1
295530,flyer1,16.5,1.65969,-0.255915,-0.156549,2
295531,bullet3,8.90316,14.1081,0.8,0,1
295533,flyer2,16.5,1.65969,-0.299682,-0.0138028,2
295533,bullet4,8.82089,14.0082,0.8,0,1
295533,bullet5,1.89633,13.3634,0.8,0,1
295534,player,1.56835,13.3666,0.0720205,0.00316517,1
295535,flyer1,15.2204,0.876947,-0.255915,-0.156549,2
295535,bullet6,2.00076,13.368,0.8,0,1
295536,bullet3,12.9032,14.1081,0.8,0,1
295538,flyer2,15.0016,1.59068,-0.299682,-0.0138028,2
295538,bullet4,12.8209,14.0082,0.8,0,1
295538,bullet5,5.89633,13.3634,0.8,0,1
295539,player,2.70404,12.8797,0.183959,-0.151817,1
295540,flyer1,13.9409,0.0942025,-0.255915,-0.156549,2
295540,bullet6,6.00076,13.368,0.8,0,1
295542,bullet1,3.24083,12.7668,0.8,0,1
295543,flyer2,13.5032,1.52166,-0.299682,-0.0138028,2
295543,bullet5,9.89633,13.3634,0.8,0,1
295544,player,2.85177,12.7578,0.00339455,-0.00280144,1
295545,bullet6,10.0008,13.368,0.8,0,1
295547,bullet1,7.24083,12.7668,0.8,0,1
295548,flyer2,12.0048,1.45265,-0.299682,-0.0138028,2
295548,bullet5,13.8963,13.3634,0.8,0,1
295549,player,2.8545,13.344,6.26391e-05,0.030703,1
295549,bullet2,3.2545,13.344,0.8,0,1
295550,bullet6,14.0008,13.368,0.8,0,1
295552,bullet1,11.2408,12.7668,0.8,0,1
295552,bullet3,3.25454,13.3669,0.8,0,1
295553,flyer2,10.5063,1.38364,-0.299682,-0.0138028,2
295553,bullet4,3.25455,13.3681,0.8,0,1
295554,player,2.85455,13.3687,1.15587e-06,0.000566557,1
295554,bullet2,7.2545,13.344,0.8,0,1
295557,bullet1,15.2408,12.7668,0.8,0,1
295557,bullet3,7.25454,13.3669,0.8,0,1
295558,flyer2,9.00793,1.31462,-0.299682,-0.0138028,2
295558,bullet4,7.25455,13.3681,0.8,0,1
295559,player,2.26607,13.9576,-0.0307547,0.0307651,1
295559,bullet2,11.2545,13.344,0.8,0,1
295559,bullet5,2.66607,13.9576,0.8,0,1
295562,bullet3,11.2545,13.3669,0.8,0,1
295563,flyer2,7.50952,1.24561,-0.299682,-0.0138028,2
295563,bullet4,11.2545,13.3681,0.8,0,1
295564,player,2.12844,12.8906,0.137468,-0.165147,1
295564,bullet2,15.2545,13.344,0.8,0,1
295564,bullet5,6.66608,13.9576,0.8,0,1
295567,bullet3,15.2545,13.3669,0.8,0,1
295568,flyer2,6.01111,1.17659,-0.299682,-0.0138028,2
295568,bullet4,15.2545,13.3681,0.8,0,1
295569,player,1.74946,12.1695,-0.149338,-0.0338021,1
295569,flyer3,16.5,1.65969,-0.3,0,2
295569,bullet5,10.6661,13.9576,0.8,0,1
295570,flyer4,16.5,0.55882,-0.3,0,2
295570,bullet6,2.08226,12.1543,0.8,0,1
295572,bullet1,2.03841,12.1444,0.8,0,1
295573,flyer2,4.5127,1.10758,-0.299682,-0.0138028,2
295573,bullet2,2.03228,12.143,0.8,0,1
295574,player,1.62953,12.1424,-0.00275571,-0.000623744,1
295574,flyer3,15,1.65969,-0.3,0,2
295574,bullet5,14.6661,13.9576,0.8,0,1
295575,flyer4,15,0.55882,-0.3,0,2
295575,bullet6,6.08226,12.1543,0.8,0,1
295577,bullet1,6.03841,12.1444,0.8,0,1
295578,flyer2,3.01429,1.03857,-0.299682,-0.0138028,2
295578,bullet2,6.03229,12.143,0.8,0,1
295579,player,2.21579,12.1419,0.0307038,-1.15098e-05,1
295579,flyer3,13.5,1.65969,-0.3,0,2
295580,flyer4,13.5,0.55882,-0.3,0,2
295580,bullet6,10.0823,12.1543,0.8,0,1
295580,bullet3,2.62961,12.1419,0.8,0,1
295582,bullet1,10.0384,12.1444,0.8,0,1
295583,flyer2,1.51588,0.969553,-0.299682,-0.0138028,2
295583,bullet2,10.0323,12.143,0.8,0,1
295584,player,1.75107,12.6313,-0.151308,0.151875,1
295584,flyer3,12,1.65969,-0.3,0,2
295585,flyer4,12,0.55882,-0.3,0,2
295585,bullet6,14.0823,12.1543,0.8,0,1
295585,bullet3,6.62961,12.1419,0.8,0,1
295587,bullet1,14.0384,12.1444,0.8,0,1
295588,flyer2,0.0174658,0.900539,-0.299682,-0.0138028,2
295588,bullet2,14.0323,12.143,0.8,0,1
295588,bullet4,2.62082,13.3389,0.8,0,1
295589,player,2.23187,13.3555,0.0110475,0.0166421,1
295589,flyer3,10.5,1.65969,-0.3,0,2
295590,flyer4,10.5,0.55882,-0.3,0,2
295590,bullet3,10.6296,12.1419,0.8,0,1
295593,bullet4,6.62082,13.3389,0.8,0,1
295594,player,2.28534,15.0183,-0.0543003,0.234365,1
295594,flyer3,9,1.65969,-0.3,0,2
295595,flyer4,9,0.55882,-0.3,0,2
295595,bullet3,14.6296,12.1419,0.8,0,1
295598,flyer5,16.5,0.55882,-0.282097,-0.102084,2
295598,bullet4,10.6208,13.3389,0.8,0,1
295599,player,1.97692,14.6042,0.322658,-0.00951491,1
295599,flyer3,7.5,1.65969,-0.3,0,2
295600,flyer4,7.5,0.55882,-0.3,0,2
295603,flyer5,15.0895,0.0484022,-0.282097,-0.102084,2
295603,bullet4,14.6208,13.3389,0.8,0,1
295604,player,1.63373,14.6412,-0.00788565,-0.0546797,1
295604,flyer3,5.99999,1.65969,-0.3,0,2
295605,flyer4,5.99999,0.55882,-0.3,0,2
295606,flyer6,16.5,4.76478,-0.270803,0.129097,2
295608,flyer5,13.679,-0.462016,-0.282097,-0.102084,2
295609,player,2.18511,14.904,0.0681982,0.37408,1
295609,flyer3,4.49999,1.65969,-0.3,0,2
295609,flayer7,16.5,4.76478,-0.3,0,2
295610,flyer4,4.49999,0.55882,-0.3,0,2
295611,flyer6,15.146,5.41026,-0.270803,0.129097,2
295613,bullet5,2.14925,15.0984,0.8,0,1
295614,player,1.68216,15.1598,-0.0670853,0.061407,1
295614,flyer3,2.99999,1.65969,-0.3,0,2
295614,flayer7,15,4.76478,-0.3,0,2
295615,flyer4,2.99999,0.55882,-0.3,0,2
295615,bullet6,2.05197,15.1875,0.8,0,1
295616,flyer6,13.792,6.05574,-0.270803,0.129097,2
295618,bullet5,6.14925,15.0984,0.8,0,1
295619,player,1.62829,15.11,-0.00123791,0.122253,1
295619,flyer3,1.49999,1.65969,-0.3,0,2
295619,flayer7,13.5,4.76478,-0.3,0,2
295620,flyer4,1.49999,0.55882,-0.3,0,2
295620,bullet6,6.05197,15.1875,0.8,0,1
295621,flyer6,12.438,6.70123,-0.270803,0.129097,2
295623,bullet5,10.1492,15.0984,0.8,0,1
295623,bullet1,2.61579,15.6,0.8,0,1
295624,player,2.22961,15.6,0.0138168,0,1
295624,flyer3,-6.4373e-06,1.65969,-0.3,0,2
295624,flayer7,12,4.76478,-0.3,0,2
295625,flyer4,-6.4373e-06,0.55882,-0.3,0,2
295625,bullet6,10.052,15.1875,0.8,0,1
295625,bullet2,2.63582,15.6,0.8,0,1
295626,flyer6,11.0839,7.34671,-0.270803,0.129097,2
295628,bullet5,14.1492,15.0984,0.8,0,1
295628,bullet1,6.61579,15.6,0.8,0,1
295629,player,2.2407,15.6,0.000254958,0,1
295629,flayer7,10.5,4.76478,-0.3,0,2
295630,bullet6,14.052,15.1875,0.8,0,1
295630,bullet2,6.63582,15.6,0.8,0,1
295631,flyer6,9.72994,7.99219,-0.270803,0.129097,2
295633,bullet1,10.6158,15.6,0.8,0,1
295634,player,1.68319,15.5554,-0.068339,0.0545041,1
295634,flayer7,9,4.76478,-0.3,0,2
295634,bullet3,2.08319,15.5554,0.8,0,1
295635,bullet2,10.6358,15.6,0.8,0,1
295636,flyer6,8.37592,8.63768,-0.270803,0.129097,2
295638,bullet1,14.6158,15.6,0.8,0,1
295639,player,1.6283,15.0107,-0.00126105,-0.0297489,1
295639,flayer7,7.5,4.76478,-0.3,0,2
295639,bullet3,6.08319,15.5554,0.8,0,1
295639,bullet4,2.02831,15.0107,0.8,0,1
295640,bullet2,14.6358,15.6,0.8,0,1
295641,flyer6,7.02191,9.28316,-0.270803,0.129097,2
295641,bullet5,2.02748,14.9913,0.8,0,1
295643,bullet6,2.02732,14.9874,0.8,0,1
295644,player,1.62729,14.6493,-2.32699e-05,-0.338049,1
295644,flayer7,5.99999,4.76478,-0.3,0,2
295644,bullet3,10.0832,15.5554,0.8,0,1
295644,bullet4,6.02831,15.0107,0.8,0,1
295646,flyer6,5.6679,9.92865,-0.270803,0.129097,2
295646,bullet5,6.02748,14.9913,0.8,0,1
295648,bullet6,6.02732,14.9874,0.8,0,1
295649,player,2.21575,14.4086,0.0307543,-0.043827,1
295649,flayer7,4.49999,4.76478,-0.3,0,2
295649,bullet3,14.0832,15.5554,0.8,0,1
295649,bullet4,10.0283,15.0107,0.8,0,1
295651,flyer6,4.31389,10.5741,-0.270803,0.129097,2
295651,bullet5,10.0275,14.9913,0.8,0,1
295653,bullet6,10.0273,14.9874,0.8,0,1
295654,player,2.25428,15.5642,-0.0163476,0.0437856,1
295654,flayer7,2.99999,4.76478,-0.3,0,2
295654,bullet4,14.0283,15.0107,0.8,0,1
295654,bullet1,2.65428,15.5642,0.8,0,1
295656,flyer6,2.95987,11.2196,-0.270803,0.129097,2
295656,bullet5,14.0275,14.9913,0.8,0,1
295657,bullet2,3.1315,15.6,0.8,0,1
295658,bullet6,14.0273,14.9874,0.8,0,1
295659,player,3.16713,15.6,0.367953,0,1
295659,flayer7,1.49999,4.76478,-0.3,0,2
295659,bullet1,6.65428,15.5642,0.8,0,1
295660,bullet3,3.73271,15.6,0.8,0,1
295661,flyer6,1.60586,11.8651,-0.270803,0.129097,2
295662,bullet2,7.1315,15.6,0.8,0,1
295664,player,4.02035,15.6,0.0751335,0,1
295664,flayer7,-6.4373e-06,4.76478,-0.3,0,2
295664,bullet1,10.6543,15.5642,0.8,0,1
295664,bullet4,4.42035,15.6,0.8,0,1
295665,bullet3,7.73271,15.6,0.8,0,1
295666,flyer6,0.251848,12.5106,-0.270803,0.129097,2
295667,bullet2,11.1315,15.6,0.8,0,1
295669,player,5.00666,15.6,0.369641,0,1
295669,bullet1,14.6543,15.5642,0.8,0,1
295669,bullet4,8.42035,15.6,0.8,0,1
295670,bullet3,11.7327,15.6,0.8,0,1
295672,flayer8,16.5,4.76478,-0.299859,-0.00920827,2
295672,bullet2,15.1315,15.6,0.8,0,1
295672,bullet5,5.68153,15.6,0.8,0,1
295674,player,4.96601,15.6,-0.330679,0,1
295674,bullet4,12.4203,15.6,0.8,0,1
295675,bullet3,15.7327,15.6,0.8,0,1
295676,flyer1,16.5,4.76478,-0.298851,-0.0262354,2
295677,flayer8,15.0007,4.71874,-0.299859,-0.00920827,2
295677,bullet5,9.68153,15.6,0.8,0,1
295679,player,5.28892,14.4538,0.0246527,-0.0990984,1
295679,flyer2,16.5,2.8418,-0.3,0,2
295680,bullet6,5.70001,14.4092,0.8,0,1
295681,flyer1,15.0057,4.6336,-0.298851,-0.0262354,2
295681,bullet1,5.70501,14.3891,0.8,0,1
295682,flayer8,13.5014,4.6727,-0.299859,-0.00920827,2
295682,bullet5,13.6815,15.6,0.8,0,1
295683,bullet2,5.70826,14.3761,0.8,0,1
295684,player,5.30872,14.3742,0.000454912,-0.00182864,1
295684,flyer2,15,2.8418,-0.3,0,2
295685,bullet6,9.70002,14.4092,0.8,0,1
295686,flyer1,13.5115,4.50242,-0.298851,-0.0262354,2
295686,bullet1,9.70501,14.3891,0.8,0,1
295687,flayer8,12.0021,4.62665,-0.299859,-0.00920827,2
295687,bullet3,6.26678,14.9306,0.8,0,1
295688,bullet2,9.70826,14.3761,0.8,0,1
295689,player,5.42203,14.4857,-0.138027,-0.138069,1
295689,flyer2,13.5,2.8418,-0.3,0,2
295690,bullet6,13.7,14.4092,0.8,0,1
295691,flyer1,12.0172,4.37124,-0.298851,-0.0262354,2
295691,bullet1,13.705,14.3891,0.8,0,1
295692,flayer8,10.5028,4.58061,-0.299859,-0.00920827,2
295692,bullet3,10.2668,14.9306,0.8,0,1
295693,bullet2,13.7083,14.3761,0.8,0,1
295694,player,5.31118,14.3748,-0.00254699,-0.00254776,1
295694,flyer2,12,2.8418,-0.3,0,2
295695,bullet4,5.71003,14.3737,0.8,0,1
295696,flyer1,10.523,4.24007,-0.298851,-0.0262354,2
295697,flayer8,9.00352,4.53457,-0.299859,-0.00920827,2
295697,bullet3,14.2668,14.9306,0.8,0,1
295697,bullet5,5.70929,14.3729,0.8,0,1
295699,player,5.30913,14.3728,-4.69991e-05,-4.70134e-05,1
295699,flyer2,10.5,2.8418,-0.3,0,2
295699,bullet6,5.70913,14.3728,0.8,0,1
295700,bullet4,9.71003,14.3737,0.8,0,1
295700,bullet1,5.70911,14.3727,0.8,0,1
295701,flyer1,9.02872,4.10889,-0.298851,-0.0262354,2
295702,flayer8,7.50423,4.48853,-0.299859,-0.00920827,2
295702,bullet5,9.70929,14.3729,0.8,0,1
295704,player,5.3091,14.3727,-8.67265e-07,-8.6753e-07,1
295704,flyer2,9,2.8418,-0.3,0,2
295704,bullet6,9.70913,14.3728,0.8,0,1
295705,bullet4,13.71,14.3737,0.8,0,1
295705,bullet1,9.70911,14.3727,0.8,0,1
295706,flyer1,7.53447,3.97771,-0.298851,-0.0262354,2
295707,flayer8,6.00494,4.44249,-0.299859,-0.00920827,2
295707,bullet5,13.7093,14.3729,0.8,0,1
295709,player,5.91141,14.0352,0.0138396,-0.3375,1
295709,flyer2,7.5,2.8418,-0.3,0,2
295709,bullet6,13.7091,14.3728,0.8,0,1
295710,bullet1,13.7091,14.3727,0.8,0,1
295710,bullet2,6.31764,13.8834,0.8,0,1
295711,flyer1,6.04022,3.84653,-0.298851,-0.0262354,2
295712,flayer8,4.50564,4.39645,-0.299859,-0.00920827,2
295713,bullet3,5.83289,13.281,0.8,0,1
295714,player,5.3648,13.2065,-0.0680884,-0.0745716,1
295714,flyer2,5.99999,2.8418,-0.3,0,2
295715,bullet2,10.3176,13.8834,0.8,0,1
295716,flyer1,4.54597,3.71536,-0.298851,-0.0262354,2
295717,flayer8,3.00635,4.35041,-0.299859,-0.00920827,2
295717,bullet4,5.15645,13.151,0.8,0,1
295718,bullet3,9.83289,13.281,0.8,0,1
295719,player,4.70781,13.1466,-0.015096,-0.00137606,1
295719,flyer2,4.49999,2.8418,-0.3,0,2
295719,bullet5,5.10781,13.1466,0.8,0,1
295720,bullet2,14.3176,13.8834,0.8,0,1
295721,flyer1,3.05171,3.58418,-0.298851,-0.0262354,2
295722,flayer8,1.50706,4.30437,-0.299859,-0.00920827,2
295722,bullet4,9.15645,13.151,0.8,0,1
295723,bullet3,13.8329,13.281,0.8,0,1
295724,player,4.69568,12.0538,-0.000278564,-0.16574,1
295724,flyer2,2.99999,2.8418,-0.3,0,2
295724,bullet5,9.10781,13.1466,0.8,0,1
295726,flyer1,1.55746,3.453,-0.298851,-0.0262354,2
295726,bullet6,5.0955,11.9456,0.8,0,1
295727,flayer8,0.00776547,4.25833,-0.299859,-0.00920827,2
295727,bullet4,13.1565,13.151,0.8,0,1
295727,bullet1,5.09548,11.9305,0.8,0,1
295729,player,4.69546,11.9207,-5.14029e-06,-0.00305837,1
295729,flyer2,1.49999,2.8418,-0.3,0,2
295729,bullet5,13.1078,13.1466,0.8,0,1
295731,flyer1,0.0632063,3.32183,-0.298851,-0.0262354,2
295731,bullet6,9.0955,11.9456,0.8,0,1
295732,bullet1,9.09548,11.9305,0.8,0,1
295734,player,5.18483,12.4076,0.151875,0.151819,1
295734,flyer2,-6.4373e-06,2.8418,-0.3,0,2
295734,flyer5,16.5,2.8418,-0.3,0,2
295734,bullet2,5.58483,12.4076,0.8,0,1
295736,bullet6,13.0955,11.9456,0.8,0,1
295737,bullet1,13.0955,11.9305,0.8,0,1
295739,player,4.22895,13.118,-0.179827,0.0335562,1
295739,flyer5,15,2.8418,-0.3,0,2
295739,bullet2,9.58483,12.4076,0.8,0,1
295740,bullet3,4.54803,13.1331,0.8,0,1
295741,bullet4,4.51161,13.1399,0.8,0,1
295744,player,3.74703,12.8075,-0.340818,-0.336881,1
295744,flyer5,13.5,2.8418,-0.3,0,2
295744,bullet2,13.5848,12.4076,0.8,0,1
295745,bullet3,8.54803,13.1331,0.8,0,1
295745,bullet5,3.99367,12.6559,0.8,0,1
295746,bullet4,8.51161,13.1399,0.8,0,1
295749,player,2.42623,12.5369,-0.226508,-0.0062164,1
295749,flyer5,12,2.8418,-0.3,0,2
295750,bullet3,12.548,13.1331,0.8,0,1
295750,bullet5,7.99367,12.6559,0.8,0,1
295751,bullet4,12.5116,13.1399,0.8,0,1
295752,bullet6,3.21552,12.5323,0.8,0,1
295754,player,2.84664,12.1944,0.0096599,-0.337615,1
295754,flyer5,10.5,2.8418,-0.3,0,2
295755,bullet5,11.9937,12.6559,0.8,0,1
295755,bullet1,3.25099,12.0425,0.8,0,1
295757,bullet6,7.21552,12.5323,0.8,0,1
295757,bullet2,3.25383,11.9434,0.8,0,1
295759,player,2.8544,11.4339,0.000178252,-0.158105,1
295759,flyer5,9,2.8418,-0.3,0,2
295760,bullet5,15.9937,12.6559,0.8,0,1
295760,bullet1,7.25099,12.0425,0.8,0,1
295762,bullet6,11.2155,12.5323,0.8,0,1
295762,bullet2,7.25383,11.9434,0.8,0,1
295764,player,3.19204,11.056,0.337503,0.303828,1
295764,flyer5,7.5,2.8418,-0.3,0,2
295765,bullet1,11.251,12.0425,0.8,0,1
295765,bullet3,3.74392,11.1927,0.8,0,1
295767,bullet6,15.2155,12.5323,0.8,0,1
295767,bullet2,11.2538,11.9434,0.8,0,1
295769,player,3.46309,11.3,0.00622789,0.00560648,1
295769,flyer5,5.99999,2.8418,-0.3,0,2
295770,bullet1,15.251,12.0425,0.8,0,1
295770,bullet3,7.74392,11.1927,0.8,0,1
295770,bullet4,3.86589,11.3025,0.8,0,1
295772,bullet2,15.2538,11.9434,0.8,0,1
295774,player,3.80559,10.967,0.337615,-0.337397,1
295774,flyer5,4.49999,2.8418,-0.3,0,2
295774,flyer3,16.5,2.8418,-0.3,0,2
295775,bullet3,11.7439,11.1927,0.8,0,1
295775,bullet4,7.86589,11.3025,0.8,0,1
295778,bullet5,4.56959,10.8013,0.8,0,1
295779,player,4.12131,10.7406,-0.0482742,-0.0607301,1
295779,flyer5,2.99999,2.8418,-0.3,0,2
295779,flyer3,15,2.8418,-0.3,0,2
295780,bullet3,15.7439,11.1927,0.8,0,1
295780,bullet4,11.8659,11.3025,0.8,0,1
295782,bullet6,4.48542,10.6954,0.8,0,1
295783,bullet5,8.56959,10.8013,0.8,0,1
295784,player,4.08255,10.6918,-0.000890795,-0.00112064,1
295784,flyer5,1.49999,2.8418,-0.3,0,2
295784,flyer3,13.5,2.8418,-0.3,0,2
295784,bullet1,4.48255,10.6918,0.8,0,1
295785,bullet4,15.8659,11.3025,0.8,0,1
295787,bullet6,8.48542,10.6954,0.8,0,1
295788,bullet5,12.5696,10.8013,0.8,0,1
295788,bullet2,5.07032,10.691,0.8,0,1
295789,player,4.68414,10.6909,0.0138232,-2.0679e-05,1
295789,flyer5,-6.4373e-06,2.8418,-0.3,0,2
295789,flyer3,12,2.8418,-0.3,0,2
295789,bullet1,8.48255,10.6918,0.8,0,1
295792,bullet6,12.4854,10.6954,0.8,0,1
295793,bullet2,9.07032,10.691,0.8,0,1
295794,player,4.13753,11.2486,-0.0680887,0.0683434,1
295794,flyer3,10.5,2.8418,-0.3,0,2
295794,bullet1,12.4825,10.6918,0.8,0,1
295794,bullet3,3.73753,11.2486,-0.8,-6.99382e-08,1
295798,bullet2,13.0703,10.691,0.8,0,1
295798,bullet4,4.4841,10.7138,0.8,0,1
295799,player,4.08284,10.7012,-0.00125643,-0.0125785,1
295799,flyer3,9,2.8418,-0.3,0,2
295799,bullet3,-0.262474,11.2486,-0.8,-6.99382e-08,1
295799,bullet5,4.48284,10.7012,0.8,0,1
295803,flyer4,16.5,2.8418,-0.298314,0.0317597,2
295803,bullet4,8.4841,10.7138,0.8,0,1
295804,player,4.05108,10.3844,0.0375659,-0.375321,1
295804,flyer3,7.5,2.8418,-0.3,0,2
295804,bullet5,8.48284,10.7012,0.8,0,1
295806,bullet6,4.47559,10.1395,0.8,0,1
295808,flyer4,15.0084,3.00059,-0.298314,0.0317597,2
295808,bullet4,12.4841,10.7138,0.8,0,1
295808,bullet1,4.48056,10.0899,0.8,0,1
295809,player,4.08125,10.083,0.000693196,-0.00692573,1
295809,flyer3,5.99999,2.8418,-0.3,0,2
295809,bullet5,12.4828,10.7012,0.8,0,1
295811,bullet6,8.47559,10.1395,0.8,0,1
295813,flyer4,13.5169,3.15939,-0.298314,0.0317597,2
295813,bullet1,8.48056,10.0899,0.8,0,1
295814,player,4.05105,9.48892,0.0376019,-0.0308825,1
295814,flyer3,4.49999,2.8418,-0.3,0,2
295814,bullet3,4.45105,9.48892,0.8,0,1
295816,bullet6,12.4756,10.1395,0.8,0,1
295818,flyer4,12.0253,3.31819,-0.298314,0.0317597,2
295818,bullet1,12.4806,10.0899,0.8,0,1
295819,player,3.47894,9.41953,-0.0131457,0.0539343,1
295819,flyer3,2.99999,2.8418,-0.3,0,2
295819,bullet3,8.45105,9.48892,0.8,0,1
295819,bullet2,3.87894,9.41953,0.8,0,1
295823,flyer4,10.5337,3.47699,-0.298314,0.0317597,2
295824,player,3.10012,10.0206,-0.300154,0.069339,1
295824,flyer3,1.49999,2.8418,-0.3,0,2
295824,bullet3,12.4511,9.48892,0.8,0,1
295824,bullet2,7.87894,9.41953,0.8,0,1
295825,bullet4,3.36506,10.0518,0.8,0,1
295828,flyer4,9.04215,3.63579,-0.298314,0.0317597,2
295828,bullet5,3.26461,10.075,0.8,0,1
295829,player,2.85908,10.0762,-0.00553868,0.0012795,1
295829,flyer3,-6.4373e-06,2.8418,-0.3,0,2
295829,bullet2,11.8789,9.41953,0.8,0,1
295830,bullet4,7.36506,10.0518,0.8,0,1
295833,flyer4,7.55058,3.79459,-0.298314,0.0317597,2
295833,bullet5,7.26462,10.075,0.8,0,1
295834,player,2.85463,9.47496,-0.000102204,-0.013816,1
295834,bullet2,15.8789,9.41953,0.8,0,1
295834,bullet6,3.25463,9.47496,0.8,0,1
295835,bullet4,11.3651,10.0518,0.8,0,1
295838,flyer4,6.05901,3.95339,-0.298314,0.0317597,2
295838,bullet5,11.2646,10.075,0.8,0,1
295838,bullet1,2.94392,9.36502,-0.8,-6.99382e-08,1
295839,player,3.41227,9.41927,0.0683419,0.0542492,1
295839,bullet6,7.25463,9.47496,0.8,0,1
295840,bullet4,15.3651,10.0518,0.8,0,1
295843,flyer4,4.56744,4.11219,-0.298314,0.0317597,2
295843,flayer7,16.5,3.77744,-0.3,0,2
295843,bullet5,15.2646,10.075,0.8,0,1
295843,bullet3,3.86589,8.90411,0.8,0,1
295844,player,3.46715,8.87436,0.0012611,-0.0297536,1
295844,bullet6,11.2546,9.47496,0.8,0,1
295845,bullet2,3.86772,8.86097,0.8,0,1
295848,flyer4,3.07586,4.27098,-0.298314,0.0317597,2
295848,flayer7,15,3.77744,-0.3,0,2
295848,bullet3,7.86589,8.90411,0.8,0,1
295849,player,3.95754,8.78212,0.151898,0.0829822,1
295849,bullet6,15.2546,9.47496,0.8,0,1
295850,bullet2,7.86772,8.86097,0.8,0,1
295850,bullet4,4.42589,8.81946,0.8,0,1
295853,flyer4,1.58429,4.42978,-0.298314,0.0317597,2
295853,flayer7,13.5,3.77744,-0.3,0,2
295853,bullet3,11.8659,8.90411,0.8,0,1
295853,bullet1,5.03444,8.28951,0.8,0,1
295854,player,4.668,8.26029,0.0335576,-0.0292234,1
295855,bullet2,11.8677,8.86097,0.8,0,1
295855,bullet4,8.42589,8.81946,0.8,0,1
295858,flyer4,0.0927238,4.58858,-0.298314,0.0317597,2
295858,flayer7,12,3.77744,-0.3,0,2
295858,bullet3,15.8659,8.90411,0.8,0,1
295858,bullet1,9.03444,8.28951,0.8,0,1
295859,player,5.13973,8.16848,0.206998,0.082992,1
295860,bullet2,15.8677,8.86097,0.8,0,1
295860,bullet4,12.4259,8.81946,0.8,0,1
295861,flyer6,16.5,12.4027,-0.299185,-0.0220969,2
295861,bullet5,5.6748,7.73325,0.8,0,1
295863,flayer7,10.5,3.77744,-0.3,0,2
295863,bullet1,13.0344,8.28951,0.8,0,1
295864,player,4.81659,7.14344,-0.148055,-0.164183,1
295866,flyer6,15.0041,12.2923,-0.299185,-0.0220969,2
295866,bullet5,9.6748,7.73325,0.8,0,1
295868,flayer7,9,3.77744,-0.3,0,2
295868,flayer8,16.5,12.4027,-0.3,0,2
295868,bullet6,3.71195,7.11372,-0.8,-6.99382e-08,1
295869,player,4.09538,7.05618,-0.0165716,-0.0575338,1
295871,flyer6,13.5082,12.1818,-0.299185,-0.0220969,2
295871,bullet5,13.6748,7.73325,0.8,0,1
295871,bullet3,4.97394,7.01864,0.8,0,1
295873,flayer7,7.5,3.77744,-0.3,0,2
295873,flayer8,15,12.4027,-0.3,0,2
295873,bullet6,-0.288049,7.11372,-0.8,-6.99382e-08,1
295873,bullet2,5.07085,7.01104,0.8,0,1
295874,player,4.34688,7.34748,-0.323966,0.336438,1
295876,flyer6,12.0122,12.0713,-0.299185,-0.0220969,2
295876,bullet3,8.97394,7.01864,0.8,0,1
295876,bullet4,4.5355,7.567,0.8,0,1
295877,bullet1,3.70597,7.59766,-0.8,-6.99382e-08,1
295878,flayer7,5.99999,3.77744,-0.3,0,2
295878,flayer8,13.5,12.4027,-0.3,0,2
295878,bullet2,9.07085,7.01104,0.8,0,1
295879,player,4.08671,7.61767,-0.00597809,0.00620823,1
295881,flyer6,10.5163,11.9608,-0.299185,-0.0220969,2
295881,bullet3,12.9739,7.01864,0.8,0,1
295881,bullet4,8.5355,7.567,0.8,0,1
295882,bullet1,-0.294026,7.59766,-0.8,-6.99382e-08,1
295883,flayer7,4.49999,3.77744,-0.3,0,2
295883,flayer8,12,12.4027,-0.3,0,2
295883,bullet2,13.0709,7.01104,0.8,0,1
295884,player,4.08191,8.11203,-0.000110313,0.15199,1
295884,bullet6,4.48191,8.11203,0.8,0,1
295886,flyer6,9.02038,11.8503,-0.299185,-0.0220969,2
295886,bullet4,12.5355,7.567,0.8,0,1
295886,bullet5,4.48184,8.2112,0.8,0,1
295888,flayer7,2.99999,3.77744,-0.3,0,2
295888,flayer8,10.5,12.4027,-0.3,0,2
295889,player,3.5241,8.23409,-0.0683458,0.00280463,1
295889,bullet6,8.48191,8.11203,0.8,0,1
295889,bullet1,3.9241,8.23409,0.8,0,1
295891,flyer6,7.52446,11.7398,-0.299185,-0.0220969,2
295891,bullet5,8.48184,8.2112,0.8,0,1
295893,flayer7,1.49999,3.77744,-0.3,0,2
295893,flayer8,9,12.4027,-0.3,0,2
295894,player,4.8984,8.4609,0.501953,0.475587,1
295894,bullet6,12.4819,8.11203,0.8,0,1
295894,bullet1,7.9241,8.23409,0.8,0,1
295896,flyer6,6.02853,11.6294,-0.299185,-0.0220969,2
295896,bullet5,12.4818,8.2112,0.8,0,1
295897,bullet3,5.67167,8.81456,0.8,0,1
295898,flayer7,-6.4373e-06,3.77744,-0.3,0,2
295898,flayer8,7.5,12.4027,-0.3,0,2
295899,player,5.30151,8.84284,0.00926245,0.00877592,1
295899,bullet1,11.9241,8.23409,0.8,0,1
295899,bullet2,5.70151,8.84284,0.8,0,1
295901,flyer6,4.5326,11.5189,-0.299185,-0.0220969,2
295902,bullet3,9.67167,8.81456,0.8,0,1
295902,bullet4,5.7084,8.84937,0.8,0,1
295903,flayer8,5.99999,12.4027,-0.3,0,2
295904,player,5.64645,8.84988,0.337671,0.00016194,1
295904,bullet1,15.9241,8.23409,0.8,0,1
295904,bullet2,9.70151,8.84284,0.8,0,1
295906,flyer6,3.03668,11.4084,-0.299185,-0.0220969,2
295906,bullet6,6.26678,8.84999,0.8,0,1
295907,bullet3,13.6717,8.81456,0.8,0,1
295907,bullet4,9.7084,8.84937,0.8,0,1
295908,flayer8,4.49999,12.4027,-0.3,0,2
295909,player,6.25513,8.85002,0.343731,2.98826e-06,1
295909,bullet2,13.7015,8.84284,0.8,0,1
295911,flyer6,1.54075,11.2979,-0.299185,-0.0220969,2
295911,bullet6,10.2668,8.84999,0.8,0,1
295912,bullet4,13.7084,8.84937,0.8,0,1
295913,flayer8,2.99999,12.4027,-0.3,0,2
295914,player,8.01487,9.40774,0.442941,0.0683438,1
295916,flyer6,0.0448257,11.1874,-0.299185,-0.0220969,2
295916,flyer1,16.5,12.4027,-0.3,0,2
295916,bullet6,14.2668,8.84999,0.8,0,1
295917,bullet5,8.74425,8.96918,0.8,0,1
295918,flayer8,1.49999,12.4027,-0.3,0,2
295919,player,8.03308,8.87415,-0.329326,-0.0294936,1
295919,flyer2,16.5,12.4027,-0.292943,-0.0646872,2
295921,flyer1,15,12.4027,-0.3,0,2
295922,bullet5,12.7442,8.96918,0.8,0,1
295923,flayer8,-6.4373e-06,12.4027,-0.3,0,2
295924,player,7.21089,9.99665,-0.0744207,0.0985542,1
295924,flyer2,15.0353,12.0793,-0.292943,-0.0646872,2
295924,bullet1,7.61089,9.99665,0.8,0,1
295926,flyer1,13.5,12.4027,-0.3,0,2
295927,flyer5,16.5,13.4405,-0.3,0,2
295927,bullet3,7.06617,9.58056,0.8,0,1
295929,player,6.90015,9.48733,0.305372,-0.0289361,1
295929,flyer2,13.5706,11.7559,-0.292943,-0.0646872,2
295929,bullet1,11.6109,9.99665,0.8,0,1
295931,flyer1,12,12.4027,-0.3,0,2
295931,bullet2,7.4994,9.46845,0.8,0,1
295932,flyer5,15,13.4405,-0.3,0,2
295932,bullet3,11.0662,9.58056,0.8,0,1
295932,bullet4,7.52723,9.46581,0.8,0,1
295934,player,6.80789,9.12659,-0.331865,-0.338034,1
295934,flyer2,12.1059,11.4324,-0.292943,-0.0646872,2
295934,bullet1,15.6109,9.99665,0.8,0,1
295936,flyer1,10.5,12.4027,-0.3,0,2
295936,bullet2,11.4994,9.46845,0.8,0,1
295937,flyer5,13.5,13.4405,-0.3,0,2
295937,bullet3,15.0662,9.58056,0.8,0,1
295937,bullet4,11.5272,9.46581,0.8,0,1
295939,player,5.98365,8.25281,-0.0744676,-0.0200773,1
295939,flyer2,10.6411,11.109,-0.292943,-0.0646872,2
295939,bullet6,6.38365,8.25281,0.8,0,1
295941,flyer1,9,12.4027,-0.3,0,2
295941,bullet2,15.4994,9.46845,0.8,0,1
295942,flyer5,12,13.4405,-0.3,0,2
295942,bullet4,15.5272,9.46581,0.8,0,1
295944,player,5.36613,8.20593,-0.0697179,0.0372186,1
295944,flyer2,9.17643,10.7856,-0.292943,-0.0646872,2
295944,bullet6,10.3837,8.25281,0.8,0,1
295944,bullet5,4.96613,8.20593,-0.8,-6.99382e-08,1
295946,flyer1,7.5,12.4027,-0.3,0,2
295947,flyer5,10.5,13.4405,-0.3,0,2
295949,player,4.15011,8.83813,-0.0834698,0.0145264,1
295949,flyer2,7.71171,10.4621,-0.292943,-0.0646872,2
295949,bullet6,14.3837,8.25281,0.8,0,1
295949,bullet5,0.966131,8.20593,-0.8,-6.99382e-08,1
295949,bullet1,4.55011,8.83813,0.8,0,1
295950,bullet3,4.51255,8.84467,0.8,0,1
295951,flyer1,5.99999,12.4027,-0.3,0,2
295952,flyer5,9,13.4405,-0.3,0,2
295952,bullet2,4.48804,8.84894,0.8,0,1
295954,player,4.08307,8.8498,-0.00154025,0.000268053,1
295954,flyer2,6.247,10.1387,-0.292943,-0.0646872,2
295954,bullet1,8.55011,8.83813,0.8,0,1
295954,bullet4,4.48307,8.8498,0.8,0,1
295955,bullet3,8.51255,8.84467,0.8,0,1
295956,flyer1,4.49999,12.4027,-0.3,0,2
295957,flyer5,7.5,13.4405,-0.3,0,2
295957,bullet2,8.48804,8.84894,0.8,0,1
295959,player,3.47952,8.80542,-0.013868,0.0545091,1
295959,flyer2,4.78228,9.81528,-0.292943,-0.0646872,2
295959,bullet1,12.5501,8.83813,0.8,0,1
295959,bullet4,8.48308,8.8498,0.8,0,1
295960,bullet3,12.5126,8.84467,0.8,0,1
295961,flyer1,2.99999,12.4027,-0.3,0,2
