43100,player,3.07809,6.92449,0,0,1
43100,bullet1,3.47809,6.92449,0.8,0,1
43103,bullet2,3.47809,6.92449,0.8,0,1
43105,player,3.07809,6.43512,0,-0.151875,1
43105,bullet1,7.47809,6.92449,0.8,0,1
43107,bullet3,3.47809,6.8254,0.8,0,1
43108,bullet2,7.47809,6.92449,0.8,0,1
43110,player,3.07809,7.40484,0,0.162912,1
43110,bullet1,11.4781,6.92449,0.8,0,1
43110,bullet4,3.47809,7.40484,0.8,0,1
43112,bullet3,7.47809,6.8254,0.8,0,1
43113,bullet2,11.4781,6.92449,0.8,0,1
43115,player,3.07809,7.53567,0,0.00300619,1
43115,bullet1,15.4781,6.92449,0.8,0,1
43115,bullet4,7.47809,7.40484,0.8,0,1
43117,bullet3,11.4781,6.8254,0.8,0,1
43118,bullet2,15.4781,6.92449,0.8,0,1
43119,flyer1,16.5,6.91081,-0.3,0,2
43120,player,2.00025,8.12656,-0.18263,0.0308102,1
43120,bullet4,11.4781,7.40484,0.8,0,1
43120,bullet5,2.40025,8.12656,0.8,0,1
43124,bullet6,1.76757,8.15073,0.8,0,1
43125,player,1.29586,8.1513,-0.0717138,0.000568534,1
43125,bullet4,15.4781,7.40484,0.8,0,1
43125,bullet5,6.40025,8.12656,0.8,0,1
43126,bullet1,1.66359,8.15156,0.8,0,1
43127,bullet2,0.849067,8.15167,-0.8,-6.99382e-08,1
43129,flyer2,16.5,6.91081,-0.3,0,2
43129,bullet6,5.76757,8.15073,0.8,0,1
43129,bullet3,1.63959,8.15175,0.8,0,1
43130,player,1.23827,8.15176,-0.00132332,1.04911e-05,1
43130,bullet5,10.4002,8.12656,0.8,0,1
43131,bullet1,5.66359,8.15156,0.8,0,1
43134,flyer2,15,6.91081,-0.3,0,2
43134,bullet6,9.76758,8.15073,0.8,0,1
43134,bullet3,5.63959,8.15175,0.8,0,1
43135,player,1.82568,7.59405,0.0307303,-0.0683435,1
43135,bullet5,14.4002,8.12656,0.8,0,1
43136,bullet1,9.66359,8.15156,0.8,0,1
43139,flyer2,13.5,6.91081,-0.3,0,2
43139,bullet6,13.7676,8.15073,0.8,0,1
43139,bullet3,9.63959,8.15175,0.8,0,1
43140,player,1.36098,7.69104,-0.151308,-0.186886,1
43141,bullet1,13.6636,8.15156,0.8,0,1
43142,bullet4,1.66225,7.5691,0.8,0,1
43144,flyer2,12,6.91081,-0.3,0,2
43144,bullet3,13.6396,8.15175,0.8,0,1
43145,player,1.79719,8.09868,0.0655517,0.0648952,1
43145,flyer3,16.5,6.91081,-0.3,0,2
43146,bullet2,2.22669,8.12788,0.8,0,1
43147,bullet4,5.66225,7.5691,0.8,0,1
43149,flyer2,10.5,6.91081,-0.3,0,2
43150,player,1.26136,7.66142,-0.0295451,-0.150678,1
43150,flyer3,15,6.91081,-0.3,0,2
43150,bullet5,1.66136,7.66142,0.8,0,1
43151,bullet2,6.22669,8.12788,0.8,0,1
43154,flyer2,9,6.91081,-0.3,0,1
43155,player,2.31548,7.54041,0.182085,-0.00278042,1
43155,flyer3,13.5,6.91081,-0.3,0,2
43155,bullet5,5.66136,7.66142,0.8,0,1
43156,bullet2,10.2267,8.12788,0.8,0,1
43156,bullet6,2.79742,7.53916,0.8,0,1
43157,bullet1,2.03429,7.5386,-0.8,-6.99382e-08,1
43160,player,2.95108,7.53818,0.155235,-5.13066e-05,1
43160,flyer3,12,6.91081,-0.3,0,2
43160,bullet3,3.35108,7.53818,0.8,0,1
43161,bullet2,14.2267,8.12788,0.8,0,1
43161,bullet6,6.79742,7.53916,0.8,0,1
43164,flyer4,16.5,6.91081,-0.3,0,2
43164,bullet4,4.0306,6.98042,0.8,0,1
43165,player,3.66422,6.94966,0.0336192,-0.0307556,1
43165,flyer3,10.5,6.91081,-0.3,0,1
43165,bullet3,7.35108,7.53818,0.8,0,1
43167,bullet5,4.57553,6.92959,0.8,0,1
43169,flyer4,15,6.91081,-0.3,0,2
43169,bullet4,8.0306,6.98042,0.8,0,1
43170,player,3.80416,6.92496,-0.137415,-0.000567528,1
43171,bullet1,4.14232,6.92471,0.8,0,1
43172,bullet5,8.57553,6.92959,0.8,0,1
43174,flyer4,13.5,6.91081,-0.3,0,2
43174,bullet4,12.0306,6.98042,0.8,0,1
43174,bullet2,3.60696,7.41389,0.8,0,1
43175,player,3.13609,7.48222,-0.0708794,0.0683333,1
43176,bullet1,8.14232,6.92471,0.8,0,1
43176,bullet6,3.50419,7.51297,0.8,0,1
43177,bullet3,3.48984,7.52681,0.8,0,1
43179,bullet2,7.60697,7.41389,0.8,0,1
43180,player,3.41666,7.5371,0.336192,0.00126094,1
43181,bullet1,12.1423,6.92471,0.8,0,1
43181,bullet6,7.50419,7.51297,0.8,0,1
43182,bullet3,7.48984,7.52681,0.8,0,1
43184,bullet2,11.607,7.41389,0.8,0,1
43185,player,3.19728,8.02749,-0.145671,0.151898,1
43186,bullet1,16.1423,6.92471,0.8,0,1
43186,bullet6,11.5042,7.51297,0.8,0,1
43187,flyer5,16.5,4.47662,-0.296754,-0.0440142,2
43187,bullet3,11.4898,7.52681,0.8,0,1
43189,bullet2,15.607,7.41389,0.8,0,1
43189,bullet4,2.89451,7.58896,0.8,0,1
43190,player,2.47798,7.561,-0.0165277,-0.0279517,1
43190,bullet5,2.87798,7.561,0.8,0,1
43191,bullet6,15.5042,7.51297,0.8,0,1
43192,flyer5,15.0162,4.25655,-0.296754,-0.0440142,2
43192,bullet3,15.4898,7.52681,0.8,0,1
43194,flyer6,16.5,6.91081,-0.3,0,2
43194,bullet4,6.89451,7.58896,0.8,0,1
43194,bullet1,2.86501,7.53907,0.8,0,1
43195,player,2.4647,7.53856,-0.000304982,-0.000515788,1
43195,bullet5,6.87798,7.561,0.8,0,1
43196,bullet2,2.86457,7.53832,0.8,0,1
43197,flyer5,13.5325,4.03648,-0.296754,-0.0440142,2
43199,flyer6,15,6.91081,-0.3,0,2
43199,bullet4,10.8945,7.58896,0.8,0,1
43199,bullet1,6.86501,7.53907,0.8,0,1
43200,player,2.46446,7.53814,-5.62777e-06,-9.51774e-06,1
43200,bullet5,10.878,7.561,0.8,0,1
43201,bullet2,6.86457,7.53832,0.8,0,1
43202,flyer5,12.0487,3.81641,-0.296754,-0.0440142,2
43203,bullet6,2.30674,8.09585,0.8,0,1
43204,bullet1,10.865,7.53907,0.8,0,1
43205,player,2.35152,7.65107,0.138035,-0.138036,1
43206,bullet2,10.8646,7.53832,0.8,0,1
43207,flyer5,10.5649,3.59634,-0.296754,-0.0440142,2
43207,bullet3,2.84159,7.561,0.8,0,1
43208,bullet6,6.30674,8.09585,0.8,0,1
43209,bullet1,14.865,7.53907,0.8,0,1
43210,player,2.12487,7.54022,-0.334953,-0.00254714,1
43211,bullet2,14.8646,7.53832,0.8,0,1
43212,flyer5,9.08115,3.37627,-0.296754,-0.0440142,2
43212,bullet3,6.84159,7.561,0.8,0,1
43213,flayer7,16.5,4.47662,-0.299,-0.0244719,2
43213,bullet6,10.3067,8.09585,0.8,0,1
43213,bullet4,2.83351,7.53832,0.8,0,1
43215,player,2.94756,7.53817,0.159534,-4.7002e-05,1
43217,flyer5,7.59738,3.1562,-0.296754,-0.0440142,2
43217,bullet3,10.8416,7.561,0.8,0,1
43218,flayer7,15.005,4.35426,-0.299,-0.0244719,2
43218,bullet6,14.3067,8.09585,0.8,0,1
43218,bullet4,6.83351,7.53832,0.8,0,1
43218,bullet5,3.95557,7.53814,0.8,0,1
43220,player,3.66415,7.53813,0.0336985,-8.67319e-07,1
43222,flyer5,6.11362,2.93613,-0.296754,-0.0440142,2
43222,bullet3,14.8416,7.561,0.8,0,1
43223,flayer7,13.51,4.2319,-0.299,-0.0244719,2
43223,bullet4,10.8335,7.53832,0.8,0,1
43223,bullet5,7.95557,7.53814,0.8,0,1
43225,player,3.1335,8.20879,-0.0677219,-0.0696917,1
43226,bullet1,3.50302,8.17743,0.8,0,1
43227,flyer5,4.62985,2.71606,-0.296754,-0.0440142,2
43228,flayer7,12.015,4.10955,-0.299,-0.0244719,2
43228,bullet4,14.8335,7.53832,0.8,0,1
43228,bullet5,11.9556,7.53814,0.8,0,1
43230,player,3.07911,8.15282,-0.00124966,-0.00128601,1
43230,bullet2,3.47911,8.15282,0.8,0,1
43231,bullet1,7.50302,8.17743,0.8,0,1
43231,bullet6,3.47855,8.15224,0.8,0,1
43232,flyer5,3.14608,2.49598,-0.296754,-0.0440142,2
43233,flayer7,10.52,3.98719,-0.299,-0.0244719,2
43233,bullet5,15.9556,7.53814,0.8,0,1
43234,bullet3,2.98876,8.64119,0.8,0,1
43235,player,2.52039,8.70951,-0.0683668,0.06832,1
43235,bullet2,7.47911,8.15282,0.8,0,1
43236,bullet1,11.503,8.17743,0.8,0,1
43236,bullet6,7.47855,8.15224,0.8,0,1
43237,flyer5,1.66231,2.27591,-0.296754,-0.0440142,2
43238,flayer7,9.02501,3.86483,-0.299,-0.0244719,2
43239,bullet3,6.98876,8.64119,0.8,0,1
43240,player,2.20067,9.36669,0.322399,0.0151003,1
43240,bullet2,11.4791,8.15282,0.8,0,1
43241,bullet1,15.503,8.17743,0.8,0,1
43241,bullet6,11.4785,8.15224,0.8,0,1
43242,flyer5,0.17854,2.05584,-0.296754,-0.0440142,2
43243,flayer7,7.53001,3.74247,-0.299,-0.0244719,2
43244,bullet3,10.9888,8.64119,0.8,0,1
43245,player,1.78893,9.91279,0.0756408,0.0976495,1
43245,bullet2,15.4791,8.15282,0.8,0,1
43246,bullet6,15.4786,8.15224,0.8,0,1
43246,bullet4,2.22297,9.95673,0.8,0,1
43248,flayer7,6.035,3.62011,-0.299,-0.0244719,2
43248,flayer8,16.5,4.47662,-0.3,0,2
43249,bullet3,14.9888,8.64119,0.8,0,1
43250,player,1.84967,10.5489,0.00139579,0.0701457,1
43250,bullet5,2.24967,10.5489,0.8,0,1
43251,bullet4,6.22297,9.95673,0.8,0,1
43251,bullet1,2.2503,10.5805,0.8,0,1
43253,flayer7,4.54,3.49775,-0.299,-0.0244719,2
43253,flayer8,15,4.47662,-0.3,0,2
43254,bullet2,2.25077,10.604,0.8,0,1
43255,player,1.85079,10.6053,2.57562e-05,0.00129438,1
43255,bullet5,6.24967,10.5489,0.8,0,1
43256,bullet4,10.223,9.95673,0.8,0,1
43256,bullet1,6.2503,10.5805,0.8,0,1
43258,flayer7,3.045,3.37539,-0.299,-0.0244719,2
43258,flayer8,13.5,4.47662,-0.3,0,2
43259,bullet2,6.25077,10.604,0.8,0,1
43260,player,1.26234,10.0178,-0.0307542,-0.0307308,1
43260,bullet5,10.2497,10.5489,0.8,0,1
43261,bullet4,14.223,9.95673,0.8,0,1
43261,bullet1,10.2503,10.5805,0.8,0,1
43263,flayer7,1.55,3.25303,-0.299,-0.0244719,2
43263,flayer8,12,4.47662,-0.3,0,2
43264,bullet2,10.2508,10.604,0.8,0,1
43264,bullet6,0.838211,9.99372,-0.8,-6.99382e-08,1
43265,player,1.23764,9.99315,-0.000567502,-0.00056707,1
43265,bullet5,14.2497,10.5489,0.8,0,1
43266,bullet1,14.2503,10.5805,0.8,0,1
43268,flayer7,0.0549989,3.13067,-0.299,-0.0244719,2
43268,flayer8,10.5,4.47662,-0.3,0,2
43269,flyer1,16.5,4.28968,-0.3,0,2
43269,bullet2,14.2508,10.604,0.8,0,1
43269,bullet3,1.6372,10.5504,0.8,0,1
43270,player,1.23719,10.5812,-1.0472e-05,0.0307442,1
43271,bullet4,1.63718,10.595,0.8,0,1
43273,flayer8,9,4.47662,-0.3,0,2
43274,flyer1,15,4.28968,-0.3,0,2
43274,bullet3,5.6372,10.5504,0.8,0,1
43275,player,0.800581,9.77898,-0.21638,-0.488808,1
43276,bullet4,5.63718,10.595,0.8,0,1
43278,flayer8,7.5,4.47662,-0.3,0,2
43278,bullet6,1.03968,9.41549,0.8,0,1
43279,flyer1,13.5,4.28968,-0.3,0,2
43279,bullet3,9.6372,10.5504,0.8,0,1
43279,bullet5,1.0308,9.39545,0.8,0,1
43280,player,0.626809,9.38643,-0.00399282,-0.00901988,1
43281,bullet4,9.63718,10.595,0.8,0,1
43283,flayer8,5.99999,4.47662,-0.3,0,2
43283,bullet6,5.03968,9.41549,0.8,0,1
43284,flyer1,12,4.28968,-0.3,0,2
43284,bullet3,13.6372,10.5504,0.8,0,1
43284,bullet5,5.0308,9.39545,0.8,0,1
43285,player,1.22688,9.04169,0.489375,-0.337666,1
43286,bullet4,13.6372,10.595,0.8,0,1
43288,flayer8,4.49999,4.47662,-0.3,0,2
43288,bullet6,9.03968,9.41549,0.8,0,1
43289,flyer1,10.5,4.28968,-0.3,0,2
43289,bullet5,9.0308,9.39545,0.8,0,1
43290,player,0.542036,9.25989,-0.173599,0.145644,1
43291,bullet1,0.863916,9.32543,0.8,0,1
43293,flayer8,2.99999,4.47662,-0.3,0,2
43293,bullet6,13.0397,9.41549,0.8,0,1
43294,flyer1,9,4.28968,-0.3,0,2
43294,bullet5,13.0308,9.39545,0.8,0,1
43294,bullet2,1.36354,8.81645,0.8,0,1
43295,player,0.991095,8.78838,0.0275513,-0.0280671,1
43296,bullet1,4.86392,9.32543,0.8,0,1
43298,flayer8,1.49999,4.47662,-0.3,0,2
43299,flyer1,7.5,4.28968,-0.3,0,2
43299,bullet2,5.36354,8.81645,0.8,0,1
43300,player,1.01322,8.17736,0.000508399,-0.0312726,1
43301,bullet1,8.86392,9.32543,0.8,0,1
43301,bullet3,1.41345,8.16329,0.8,0,1
43302,bullet4,1.41355,8.15696,0.8,0,1
43303,flayer8,-6.4373e-06,4.47662,-0.3,0,2
43304,flyer1,5.99999,4.28968,-0.3,0,2
43304,bullet2,9.36354,8.81645,0.8,0,1
43305,player,1.01363,8.15225,9.38139e-06,-0.000577068,1
43306,bullet1,12.8639,9.32543,0.8,0,1
43306,bullet3,5.41345,8.16329,0.8,0,1
43307,bullet4,5.41355,8.15696,0.8,0,1
43309,flyer1,4.49999,4.28968,-0.3,0,2
43309,bullet2,13.3635,8.81645,0.8,0,1
43310,player,1.08198,9.19888,-0.0835311,0.220208,1
43311,bullet3,9.41345,8.16329,0.8,0,1
43312,bullet4,9.41355,8.15696,0.8,0,1
43313,flyer2,16.5,7.55181,-0.3,0,2
43314,flyer1,2.99999,4.28968,-0.3,0,2
43315,player,0.412585,8.77341,-0.015381,-0.00977615,1
43315,bullet6,0.812585,8.77341,0.8,0,1
43316,bullet3,13.4135,8.16329,0.8,0,1
43317,bullet4,13.4136,8.15696,0.8,0,1
43318,flyer2,15,7.55181,-0.3,0,0
43318,bullet5,0.8,9.32385,0.8,0,1
43319,flyer1,1.49999,4.28968,-0.3,0,2
43319,bullet1,0.8,9.35421,0.8,0,1
43320,player,0.4,9.36787,0,0.0136592,1
43320,bullet6,4.81259,8.77341,0.8,0,1
43321,bullet2,0.8,9.37401,0.8,0,1
43323,bullet5,4.8,9.32385,0.8,0,1
43324,flyer1,-6.4373e-06,4.28968,-0.3,0,2
43324,bullet1,4.8,9.35421,0.8,0,1
43325,player,0.4,9.86821,0,0.152127,1
43325,bullet6,8.81259,8.77341,0.8,0,1
43326,bullet2,4.8,9.37401,0.8,0,1
43328,bullet5,8.8,9.32385,0.8,0,1
43329,bullet1,8.8,9.35421,0.8,0,1
43330,player,0.4,9.50101,0,-0.149068,1
43330,bullet6,12.8126,8.77341,0.8,0,1
43331,bullet2,8.8,9.37401,0.8,0,1
43333,bullet5,12.8,9.32385,0.8,0,1
43334,bullet1,12.8,9.35421,0.8,0,1
43335,player,0.468344,10.473,-0.0835313,0.162964,1
43335,flyer3,16.5,7.55181,-0.3,0,2
43336,bullet2,12.8,9.37401,0.8,0,1
43338,flyer4,16.5,7.55181,-0.3,0,2
43338,bullet3,1.36395,10.5942,0.8,0,1
43339,bullet4,0.591276,10.6008,-0.8,-6.99382e-08,1
43340,player,1.00357,10.6039,0.0122982,0.00300714,1
43340,flyer3,15,7.55181,-0.3,0,2
43341,flyer6,16.5,7.55181,-0.271542,-0.127534,2
43342,bullet6,0.922224,11.0952,0.8,0,1
43343,flyer4,15,7.55181,-0.3,0,2
43343,bullet3,5.36395,10.5942,0.8,0,1
43345,player,0.411138,10.8711,-0.0136127,-0.323605,1
43345,flyer3,13.5,7.55181,-0.3,0,2
43346,flyer6,15.1423,6.91414,-0.271542,-0.127534,2
43346,bullet5,0.805012,10.7255,0.8,0,1
43347,bullet6,4.92222,11.0952,0.8,0,1
43348,flyer4,13.5,7.55181,-0.3,0,2
43348,bullet3,9.36395,10.5942,0.8,0,1
43350,player,0.4,10.5429,0,0.0775598,1
43350,flyer3,12,7.55181,-0.3,0,2
43351,flyer6,13.7846,6.27647,-0.271542,-0.127534,2
43351,bullet5,4.80501,10.7255,0.8,0,1
43352,bullet6,8.92222,11.0952,0.8,0,1
43353,flyer4,12,7.55181,-0.3,0,2
43353,bullet3,13.3639,10.5942,0.8,0,1
43353,bullet1,0.8,10.6005,0.8,0,1
43355,player,0.4,10.6051,0,0.0014312,1
43355,flyer3,10.5,7.55181,-0.3,0,2
43356,flyer6,12.4269,5.6388,-0.271542,-0.127534,2
43356,bullet5,8.80501,10.7255,0.8,0,1
43357,bullet6,12.9222,11.0952,0.8,0,1
43358,flyer4,10.5,7.55181,-0.3,0,2
43358,bullet1,4.8,10.6005,0.8,0,1
43358,bullet2,0.8,10.6062,0.8,0,1
43360,player,0.4,10.1169,0,-0.151849,1
43360,flyer3,9,7.55181,-0.3,0,2
43361,flyer6,11.0692,5.00113,-0.271542,-0.127534,2
43361,bullet5,12.805,10.7255,0.8,0,1
43362,bullet4,0.8,10.0178,0.8,0,1
43363,flyer4,9,7.55181,-0.3,0,2
43363,bullet1,8.8,10.6005,0.8,0,1
43363,bullet2,4.8,10.6062,0.8,0,1
43365,player,0.620219,10.2152,-0.269156,-0.271958,1
43365,flyer3,7.5,7.55181,-0.3,0,2
43366,flyer6,9.71146,4.36346,-0.271542,-0.127534,2
43367,bullet4,4.8,10.0178,0.8,0,1
43368,flyer4,7.5,7.55181,-0.3,0,2
43368,bullet1,12.8,10.6005,0.8,0,1
43368,bullet2,8.8,10.6062,0.8,0,1
43370,player,0.4,10.0414,0,-0.0595225,1
43370,flyer3,5.99999,7.55181,-0.3,0,2
43371,flyer6,8.35375,3.72579,-0.271542,-0.127534,2
43372,bullet4,8.8,10.0178,0.8,0,1
43373,flyer4,5.99999,7.55181,-0.3,0,2
43373,bullet2,12.8,10.6062,0.8,0,1
43375,player,1.54619,9.99358,0.0990984,-0.00109836,1
43375,flyer3,4.49999,7.55181,-0.3,0,2
43375,bullet3,1.94619,9.99358,0.8,0,1
43376,flyer6,6.99604,3.08812,-0.271542,-0.127534,2
43377,bullet4,12.8,10.0178,0.8,0,1
43378,flyer4,4.49999,7.55181,-0.3,0,2
43378,bullet6,1.46217,9.99276,0.8,0,1
43380,player,1.51284,9.50332,0.139864,-0.151895,1
43380,flyer3,2.99999,7.55181,-0.3,0,2
43380,bullet3,5.94619,9.99358,0.8,0,1
43381,flyer6,5.63833,2.45045,-0.271542,-0.127534,2
43382,bullet5,2.0041,9.40421,0.8,0,1
43383,flyer4,2.99999,7.55181,-0.3,0,2
43383,bullet6,5.46217,9.99276,0.8,0,1
43383,bullet1,2.01684,9.39037,0.8,0,1
43385,player,1.62516,9.38134,0.00258088,-0.00280289,1
43385,flyer3,1.49999,7.55181,-0.3,0,2
43385,bullet3,9.94619,9.99358,0.8,0,1
43386,flyer6,4.28062,1.81278,-0.271542,-0.127534,2
43387,bullet5,6.0041,9.40421,0.8,0,1
43388,flyer4,1.49999,7.55181,-0.3,0,2
43388,bullet6,9.46217,9.99276,0.8,0,1
43388,bullet1,6.01685,9.39037,0.8,0,1
43390,player,1.62723,9.37909,4.76246e-05,-5.17213e-05,1
43390,flyer3,-6.4373e-06,7.55181,-0.3,0,2
43390,bullet3,13.9462,9.99358,0.8,0,1
43391,flyer6,2.92291,1.17511,-0.271542,-0.127534,2
43392,bullet5,10.0041,9.40421,0.8,0,1
43393,flyer4,-6.4373e-06,7.55181,-0.3,0,2
43393,bullet6,13.4622,9.99276,0.8,0,1
43393,bullet1,10.0168,9.39037,0.8,0,1
43395,player,1.62727,9.37904,8.78807e-07,-9.54403e-07,1
43395,bullet2,2.02727,9.37904,0.8,0,1
43396,flyer6,1.5652,0.537438,-0.271542,-0.127534,2
43397,bullet5,14.0041,9.40421,0.8,0,1
43398,bullet1,14.0168,9.39037,0.8,0,1
43398,bullet4,2.02727,9.93676,0.8,0,1
43400,player,1.62727,9.98135,1.62165e-08,0.0138396,1
43400,bullet2,6.02727,9.37904,0.8,0,1
43401,flyer6,0.207491,-0.100232,-0.271542,-0.127534,2
43401,flyer5,16.5,10.9107,-0.295616,0.0510974,2
43401,bullet3,2.02727,9.98758,0.8,0,1
43403,bullet4,6.02727,9.93676,0.8,0,1
43405,player,1.72637,9.89337,-0.12112,0.121376,1
43405,bullet2,10.0273,9.37904,0.8,0,1
43406,flyer5,15.0219,11.1662,-0.295616,0.0510974,2
43406,bullet3,6.02727,9.98758,0.8,0,1
43408,bullet4,10.0273,9.93676,0.8,0,1
43409,bullet6,1.93224,9.40013,0.8,0,1
43410,player,1.58451,9.38853,0.0522691,-0.0115999,1
43410,bullet2,14.0273,9.37904,0.8,0,1
43411,flyer5,13.5438,11.4217,-0.295616,0.0510974,2
43411,bullet3,10.0273,9.98758,0.8,0,1
43413,bullet4,14.0273,9.93676,0.8,0,1
43414,bullet6,5.93224,9.40013,0.8,0,1
43415,player,2.45336,7.96387,0.49034,-0.520344,1
43416,flayer7,16.5,7.55181,-0.299279,-0.020784,2
43416,flyer5,12.0658,11.6772,-0.295616,0.0510974,2
43416,bullet3,14.0273,9.98758,0.8,0,1
43419,flayer8,16.5,10.9107,-0.3,0,2
43419,bullet6,9.93224,9.40013,0.8,0,1
43420,player,1.76929,8.03537,-0.173582,0.142273,1
43421,flayer7,15.0036,7.44789,-0.299279,-0.020784,2
43421,flyer5,10.5877,11.9327,-0.295616,0.0510974,2
43424,flayer8,15,10.9107,-0.3,0,2
43424,bullet6,13.9322,9.40013,0.8,0,1
43424,bullet5,1.44462,7.0008,0.8,0,1
43425,player,1.02758,6.95884,-0.0170427,-0.041969,1
43425,bullet1,1.42758,6.95884,0.8,0,1
43426,flayer7,13.5072,7.34397,-0.299279,-0.020784,2
43426,flyer5,9.1096,12.1882,-0.295616,0.0510974,2
43429,flayer8,13.5,10.9107,-0.3,0,2
43429,bullet5,5.44462,7.0008,0.8,0,1
43430,player,1.50327,6.85679,0.151561,0.0827568,1
43430,bullet1,5.42758,6.95884,0.8,0,1
43431,flayer7,12.0108,7.24005,-0.299279,-0.020784,2
43431,flyer5,7.63151,12.4437,-0.295616,0.0510974,2
43431,bullet2,1.97147,6.89403,0.8,0,1
43434,flayer8,12,10.9107,-0.3,0,2
43434,bullet5,9.44462,7.0008,0.8,0,1
43435,player,2.45186,7.84922,0.492172,0.369782,1
43435,bullet1,9.42758,6.95884,0.8,0,1
43436,flayer7,10.5144,7.13613,-0.299279,-0.020784,0
43436,flyer5,6.15343,12.6992,-0.295616,0.0510974,2
43436,bullet2,5.97147,6.89403,0.8,0,1
43437,bullet4,3.173,8.0905,0.8,0,1
43438,bullet3,3.21785,8.1242,0.8,0,1
43439,flayer8,10.5,10.9107,-0.3,0,2
43440,player,2.84711,8.14619,0.00908195,0.00682351,1
43440,bullet6,3.24711,8.14619,0.8,0,1
43441,flyer5,4.67535,12.9546,-0.295616,0.0510974,2
43441,bullet2,9.97147,6.89403,0.8,0,1
43442,bullet4,7.173,8.0905,0.8,0,1
43443,bullet3,7.21785,8.1242,0.8,0,1
43444,flayer8,9,10.9107,-0.3,0,2
43445,player,3.78038,7.81416,0.368422,-0.337374,1
43445,bullet6,7.24711,8.14619,0.8,0,1
43446,flyer5,3.19727,13.2101,-0.295616,0.0510974,2
43446,bullet2,13.9715,6.89403,0.8,0,1
43447,bullet4,11.173,8.0905,0.8,0,1
43448,bullet3,11.2179,8.1242,0.8,0,1
43449,flayer8,7.5,10.9107,-0.3,0,2
43450,player,4.07625,7.54323,0.00679843,-0.0062255,1
43450,bullet6,11.2471,8.14619,0.8,0,1
43451,flyer5,1.71918,13.4656,-0.295616,0.0510974,2
43451,bullet5,4.47931,7.54042,0.8,0,1
43452,bullet4,15.173,8.0905,0.8,0,1
43453,bullet3,15.2179,8.1242,0.8,0,1
43454,flayer8,5.99999,10.9107,-0.3,0,2
43455,player,3.98261,7.28725,0.121246,0.30663,1
43455,bullet6,15.2471,8.14619,0.8,0,1
43456,flyer5,0.241102,13.7211,-0.295616,0.0510974,2
43456,bullet5,8.47931,7.54042,0.8,0,1
43457,flyer2,16.5,10.9107,-0.29595,-0.0491308,2
43458,bullet1,4.47278,7.51527,0.8,0,1
43459,flayer8,4.49999,10.9107,-0.3,0,2
43460,player,4.07999,8.02287,0.00223733,0.157533,1
43461,bullet5,12.4793,7.54042,0.8,0,1
43462,flyer2,15.0203,10.6651,-0.29595,-0.0491308,2
43463,bullet1,8.47278,7.51527,0.8,0,1
43463,bullet2,4.48165,8.14002,0.8,0,1
43464,flayer8,2.99999,10.9107,-0.3,0,2
43465,player,3.74428,7.81188,-0.337459,-0.334593,1
43467,flyer2,13.5405,10.4194,-0.29595,-0.0491308,2
43468,bullet1,12.4728,7.51527,0.8,0,1
43468,bullet2,8.48165,8.14002,0.8,0,1
43468,bullet4,3.89334,7.56307,0.8,0,1
43469,flayer8,1.49999,10.9107,-0.3,0,2
43470,player,3.13578,7.88068,-0.343727,0.331326,1
43472,flyer2,12.0608,10.1738,-0.29595,-0.0491308,2
43473,bullet2,12.4817,8.14002,0.8,0,1
43473,bullet4,7.89334,7.56307,0.8,0,1
43474,flayer8,-6.4373e-06,10.9107,-0.3,0,2
43475,player,2.85973,6.64923,-0.00634273,-0.413569,1
43476,flyer1,16.5,10.9107,-0.274517,-0.120999,2
43476,bullet3,3.25688,6.46312,0.8,0,1
43477,flyer2,10.581,9.92812,-0.29595,-0.0491308,2
43478,bullet4,11.8933,7.56307,0.8,0,1
43478,bullet6,3.25502,6.34169,0.8,0,1
43480,player,2.36526,6.80647,-0.151992,0.144243,1
43481,flyer1,15.1274,10.3057,-0.274517,-0.120999,2
43481,bullet3,7.25688,6.46312,0.8,0,1
43482,flyer2,9.10125,9.68247,-0.29595,-0.0491308,2
43482,bullet5,2.66609,6.90059,0.8,0,1
43483,bullet4,15.8933,7.56307,0.8,0,1
43483,bullet6,7.25502,6.34169,0.8,0,1
43485,player,1.9057,6.92231,-0.340305,0.0026617,1
43486,flyer1,13.7548,9.70074,-0.274517,-0.120999,2
43486,bullet3,11.2569,6.46312,0.8,0,1
43487,flyer2,7.6215,9.43682,-0.29595,-0.0491308,2
43487,bullet5,6.66609,6.90059,0.8,0,1
43488,bullet6,11.255,6.34169,0.8,0,1
43490,player,2.19013,6.96904,0.0620642,-0.054455,1
43490,bullet1,2.59013,6.96904,0.8,0,1
43491,flyer1,12.3822,9.09575,-0.274517,-0.120999,2
43491,bullet3,15.2569,6.46312,0.8,0,1
43492,flyer2,6.14176,9.19116,-0.29595,-0.0491308,2
43492,bullet5,10.6661,6.90059,0.8,0,1
43493,bullet6,15.255,6.34169,0.8,0,1
43495,player,2.19538,6.9699,0.0556494,-0.055509,1
43495,bullet1,6.59013,6.96904,0.8,0,1
43495,bullet2,2.59538,6.9699,0.8,0,1
43496,flyer1,11.0097,8.49076,-0.274517,-0.120999,2
43497,flyer2,4.66201,8.94551,-0.29595,-0.0491308,2
43497,bullet5,14.6661,6.90059,0.8,0,1
43500,player,1.68235,5.76529,-0.0673169,-0.0832077,1
43500,bullet1,10.5901,6.96904,0.8,0,1
43500,bullet2,6.59538,6.9699,0.8,0,1
43501,flyer1,9.63707,7.88577,-0.274517,-0.120999,2
43501,bullet4,2.05206,5.72785,0.8,0,1
43502,flyer2,3.18226,8.69986,-0.29595,-0.0491308,2
43505,player,0.733068,6.25619,-0.407086,0.0668083,1
43505,bullet1,14.5901,6.96904,0.8,0,1
43506,flyer1,8.26449,7.28078,-0.274517,-0.120999,1
43506,bullet4,6.05206,5.72785,0.8,0,1
43507,flyer2,1.70251,8.45421,-0.29595,-0.0491308,2
43509,flyer3,16.5,15.3939,-0.293761,0.0608624,2
43510,player,1.56618,6.64734,0.0746715,0.338733,1
43511,flyer1,6.89191,6.67579,-0.274517,-0.120999,1
43511,bullet4,10.0521,5.72785,0.8,0,1
43512,flyer2,0.222764,8.20855,-0.29595,-0.0491308,2
43512,bullet3,2.0149,6.86837,0.8,0,1
43513,bullet6,2.0217,6.89923,0.8,0,1
43514,flyer3,15.0312,15.6983,-0.293761,0.0608624,2
43515,player,1.96364,6.91937,0.338878,0.00625057,1
43516,flyer1,5.51932,6.07079,-0.274517,-0.120999,0
43516,bullet4,14.0521,5.72785,0.8,0,1
43516,bullet5,2.51614,6.92219,0.8,0,1
43518,bullet6,6.0217,6.89923,0.8,0,1
43518,bullet2,2.61564,6.92402,0.8,0,1
43519,flyer3,13.5624,16.0026,-0.293761,0.0608624,2
43520,player,2.72517,6.43502,0.158128,-0.15176,1
43521,bullet5,6.51614,6.92219,0.8,0,1
43523,bullet6,10.0217,6.89923,0.8,0,1
43523,bullet2,6.61564,6.92402,0.8,0,1
43524,flyer3,12.0936,16.3069,-0.293761,0.0608624,2
43524,bullet1,2.66076,5.82657,0.8,0,1
43525,player,2.24984,5.75542,-0.0109217,-0.0711441,1
43526,bullet5,10.5161,6.92219,0.8,0,1
43528,bullet6,14.0217,6.89923,0.8,0,1
43528,bullet2,10.6156,6.92402,0.8,0,1
43529,bullet1,6.66077,5.82657,0.8,0,1
43530,player,2.84339,6.3006,0.0136381,0.0125268,1
43531,flyer4,16.5,15.3939,-0.281825,0.102833,2
43531,bullet5,14.5161,6.92219,0.8,0,1
43531,bullet3,3.24952,6.30624,0.8,0,1
43533,bullet2,14.6156,6.92402,0.8,0,1
43534,bullet1,10.6608,5.82657,0.8,0,1
43535,player,3.41206,5.75294,0.0685954,-0.0681126,1
43536,flyer4,15.0909,15.9081,-0.281825,0.102833,2
43536,flyer6,16.5,15.3939,-0.3,0,2
43536,bullet3,7.24952,6.30624,0.8,0,1
43538,bullet4,2.57369,6.19167,-0.8,-6.99382e-08,1
43539,bullet1,14.6608,5.82657,0.8,0,1
43540,player,2.54117,5.94921,-0.366989,-0.308002,1
43541,flyer4,13.6818,16.4223,-0.281825,0.102833,2
43541,flyer6,15,15.3939,-0.3,0,2
43541,bullet3,11.2495,6.30624,0.8,0,1
43541,bullet6,2.77603,5.81061,0.8,0,1
43543,flayer7,16.5,15.3939,-0.291947,-0.0690442,2
43545,player,3.14167,6.25958,0.399072,0.0626602,1
43546,flyer6,13.5,15.3939,-0.3,0,2
43546,bullet3,15.2495,6.30624,0.8,0,1
43546,bullet6,6.77603,5.81061,0.8,0,1
43548,flayer7,15.0403,15.0487,-0.291947,-0.0690442,2
43548,flyer5,16.5,15.3939,-0.237933,0.182724,2
43550,player,4.06447,6.53012,0.0212036,-0.268,1
43551,flyer6,12,15.3939,-0.3,0,2
43551,bullet6,10.776,5.81061,0.8,0,1
43553,flayer7,13.5805,14.7035,-0.291947,-0.0690442,2
43553,flyer5,15.3103,16.3076,-0.237933,0.182724,2
43553,bullet5,3.99086,6.33083,0.8,0,1
43555,player,3.49303,6.31489,-0.0303634,-0.00494535,1
43555,bullet2,3.89303,6.31489,0.8,0,1
43556,flyer6,10.5,15.3939,-0.3,0,2
43556,bullet6,14.776,5.81061,0.8,0,1
43557,bullet1,3.87321,6.31167,0.8,0,1
43558,flayer7,12.1208,14.3583,-0.291947,-0.0690442,2
43558,bullet5,7.99086,6.33083,0.8,0,1
43560,player,2.97927,5.82155,-0.152435,-0.151966,1
43560,bullet2,7.89303,6.31489,0.8,0,1
43561,flyer6,9,15.3939,-0.3,0,2
43562,bullet1,7.87322,6.31167,0.8,0,1
43562,bullet4,3.2798,5.72239,0.8,0,1
43563,flayer7,10.6611,14.0131,-0.291947,-0.0690442,2
43563,bullet5,11.9909,6.33083,0.8,0,1
43565,player,2.85685,5.14179,-0.00281286,-0.071148,1
43565,bullet2,11.893,6.31489,0.8,0,1
43566,flyer6,7.5,15.3939,-0.3,0,2
43567,bullet1,11.8732,6.31167,0.8,0,1
43567,bullet4,7.2798,5.72239,0.8,0,1
43568,flayer7,9.20134,13.6678,-0.291947,-0.0690442,2
43568,bullet5,15.9909,6.33083,0.8,0,1
43570,player,1.77674,4.59527,-0.182682,-0.153188,1
43570,bullet2,15.893,6.31489,0.8,0,1
43570,bullet3,2.17674,4.59527,0.8,0,1
43571,flyer6,5.99999,15.3939,-0.3,0,2
43572,bullet1,15.8732,6.31167,0.8,0,1
43572,bullet4,11.2798,5.72239,0.8,0,1
43573,flayer7,7.74161,13.3226,-0.291947,-0.0690442,2
43575,player,2.11941,5.06072,0.148504,0.0279279,1
43575,bullet3,6.17674,4.59527,0.8,0,1
43575,bullet6,2.51941,5.06072,0.8,0,1
43576,flyer6,4.49999,15.3939,-0.3,0,2
43577,bullet4,15.2798,5.72239,0.8,0,1
43578,flayer7,6.28187,12.9774,-0.291947,-0.0690442,2
43580,player,2.72805,6.161,0.154615,0.183145,1
43580,bullet3,10.1767,4.59527,0.8,0,1
43580,bullet6,6.51941,5.06072,0.8,0,1
43580,bullet5,3.12805,6.161,0.8,0,1
43581,flyer6,2.99999,15.3939,-0.3,0,2
43582,bullet2,3.22893,6.2805,0.8,0,1
43583,flayer7,4.82214,12.6322,-0.291947,-0.0690442,2
43585,player,2.85222,6.8658,0.00285309,0.0717233,1
43585,bullet3,14.1767,4.59527,0.8,0,1
43585,bullet6,10.5194,5.06072,0.8,0,1
43585,bullet5,7.12805,6.161,0.8,0,1
43586,flyer6,1.49999,15.3939,-0.3,0,2
43587,bullet2,7.22893,6.2805,0.8,0,1
43588,flayer7,3.3624,12.287,-0.291947,-0.0690442,2
43590,player,4.26986,7.51187,0.520182,0.0320782,1
43590,bullet6,14.5194,5.06072,0.8,0,1
43590,bullet5,11.128,6.161,0.8,0,1
43591,flyer6,-6.4373e-06,15.3939,-0.3,0,2
43592,bullet2,11.2289,6.2805,0.8,0,1
43592,bullet1,5.00927,7.5328,0.8,0,1
43593,flayer7,1.90267,11.9417,-0.291947,-0.0690442,2
43595,player,4.6876,7.53763,0.00959883,0.000591933,1
43595,bullet5,15.128,6.161,0.8,0,1
43597,flayer8,16.5,8.04505,-0.215425,0.208787,2
43597,bullet2,15.2289,6.2805,0.8,0,1
43597,bullet1,9.00927,7.5328,0.8,0,1
43598,flayer7,0.442937,11.5965,-0.291947,-0.0690442,2
43599,flyer2,16.5,11.6035,-0.3,0,2
43600,player,4.21978,8.95346,-0.168613,0.520141,1
43602,flayer8,15.4229,9.08899,-0.215425,0.208787,2
43602,flyer1,16.5,11.6035,-0.279889,-0.107992,2
43602,bullet1,13.0093,7.5328,0.8,0,1
43603,bullet4,4.00502,9.82963,0.8,0,1
43604,flyer2,15,11.6035,-0.3,0,2
43605,player,3.49589,9.95965,-0.0338661,0.0403527,1
43606,bullet3,3.88065,9.97781,0.8,0,1
43607,flayer8,14.3458,10.1329,-0.215425,0.208787,2
43607,flyer1,15.1006,11.0636,-0.279889,-0.107992,2
43607,bullet6,3.8738,9.98598,0.8,0,1
43608,bullet4,8.00502,9.82963,0.8,0,1
43609,flyer2,13.5,11.6035,-0.3,0,2
43610,player,3.62057,10.3296,-0.18625,0.338245,1
43611,bullet3,7.88065,9.97781,0.8,0,1
43612,flayer8,13.2686,11.1769,-0.215425,0.208787,2
43612,flyer1,13.7011,10.5236,-0.279889,-0.107992,2
43612,bullet6,7.8738,9.98598,0.8,0,1
43613,bullet4,12.005,9.82963,0.8,0,1
43614,flyer2,12,11.6035,-0.3,0,2
43615,player,2.3248,11.1897,-0.102535,0.0369963,1
43615,bullet5,2.7248,11.1897,0.8,0,1
43617,flayer8,12.1915,12.2208,-0.215425,0.208787,2
43617,bullet6,11.8738,9.98598,0.8,0,1
43617,bullet2,2.6579,11.2138,0.8,0,1
43619,flyer2,10.5,11.6035,-0.3,0,2
43620,player,2.24246,10.6617,-0.00189206,-0.0676611,1
43620,bullet5,6.7248,11.1897,0.8,0,1
43620,bullet1,2.64246,10.6617,0.8,0,1
43622,flayer8,11.1144,13.2647,-0.215425,0.208787,2
43622,bullet6,15.8738,9.98598,0.8,0,1
43622,bullet2,6.6579,11.2138,0.8,0,1
43624,flyer2,9,11.6035,-0.3,0,0
43625,player,2.79866,10.6073,0.0683088,-0.00124854,1
43625,bullet1,6.64246,10.6617,0.8,0,1
43625,bullet4,3.19866,10.6073,0.8,0,1
43627,flayer8,10.0373,14.3087,-0.215425,0.208787,2
43628,bullet3,3.80717,10.6064,0.8,0,1
43630,player,3.45583,10.6063,0.0151001,-2.3039e-05,1
43630,bullet1,10.6425,10.6617,0.8,0,1
43630,bullet4,7.19866,10.6073,0.8,0,1
43630,bullet6,3.85583,10.6063,0.8,0,1
43632,flayer8,8.96014,15.3526,-0.215425,0.208787,2
43633,bullet3,7.80718,10.6064,0.8,0,1
43635,player,4.07027,10.6063,0.0141182,-4.25135e-07,1
43635,bullet1,14.6425,10.6617,0.8,0,1
43635,bullet4,11.1987,10.6073,0.8,0,1
43635,bullet6,7.85583,10.6063,0.8,0,1
43637,flayer8,7.88302,16.3965,-0.215425,0.208787,2
43638,bullet3,11.8072,10.6064,0.8,0,1
43639,flyer3,16.5,11.6035,-0.299924,0.00677187,2
43639,bullet5,3.89287,10.0178,0.8,0,1
43640,player,3.81679,9.66649,0.323921,-0.35134,1
43640,bullet4,15.1987,10.6073,0.8,0,1
43640,bullet6,11.8558,10.6063,0.8,0,1
43643,bullet3,15.8072,10.6064,0.8,0,1
43643,bullet2,3.9683,8.91585,0.8,0,1
43644,flyer3,15.0004,11.6374,-0.299924,0.00677187,2
43644,bullet5,7.89287,10.0178,0.8,0,1
43645,player,3.48846,8.79586,-0.0247774,-0.0372379,1
43645,bullet6,15.8558,10.6063,0.8,0,1
43645,bullet1,3.88846,8.79586,0.8,0,1
43646,bullet4,3.87731,8.7791,0.8,0,1
43648,bullet2,7.9683,8.91585,0.8,0,1
43649,flyer3,13.5008,11.6712,-0.299924,0.00677187,2
43649,bullet5,11.8929,10.0178,0.8,0,1
43650,player,2.97918,8.76595,-0.152332,-0.000687144,1
43650,bullet1,7.88846,8.79586,0.8,0,1
43651,bullet4,7.87731,8.7791,0.8,0,1
43653,bullet2,11.9683,8.91585,0.8,0,1
43654,flyer3,12.0011,11.7051,-0.299924,0.00677187,2
43654,bullet5,15.8929,10.0178,0.8,0,1
43655,player,3.19435,9.69137,0.334689,0.368242,1
43655,bullet1,11.8885,8.79586,0.8,0,1
43656,bullet4,11.8773,8.7791,0.8,0,1
43658,bullet2,15.9683,8.91585,0.8,0,1
43659,flyer3,10.5015,11.739,-0.299924,0.00677187,2
43659,flyer4,16.5,8.67301,-0.3,0,2
43659,bullet3,4.41467,9.98031,0.8,0,1
43660,player,4.0516,9.9871,0.0369306,0.0067951,1
43662,bullet6,4.4757,9.99154,0.8,0,1
43663,bullet5,4.47907,9.99216,0.8,0,1
43664,flyer3,9.0019,11.7728,-0.299924,0.00677187,2
43664,bullet3,8.41468,9.98031,0.8,0,1
43665,player,4.08126,9.99256,0.000681474,0.000125389,1
43665,bullet2,4.48126,9.99256,0.8,0,1
43667,bullet6,8.4757,9.99154,0.8,0,1
43668,bullet5,8.47907,9.99216,0.8,0,1
43669,flyer3,7.50229,11.8067,-0.299924,0.00677187,2
43669,bullet3,12.4147,9.98031,0.8,0,1
43670,player,3.18659,9.09744,-0.405831,-0.405841,1
43670,bullet2,8.48126,9.99256,0.8,0,1
43672,bullet6,12.4757,9.99154,0.8,0,1
43673,bullet5,12.4791,9.99216,0.8,0,1
43674,flyer3,6.00267,11.8405,-0.299924,0.00677187,2
43675,player,2.86067,8.18305,-0.00748873,-0.0382436,1
43675,bullet2,12.4813,9.99256,0.8,0,1
43675,bullet1,3.26067,8.18305,0.8,0,1
43677,bullet4,2.45579,8.15809,-0.8,-6.99382e-08,1
43678,bullet3,3.25511,8.15461,0.8,0,1
43679,flyer3,4.50305,11.8744,-0.299924,0.00677187,2
43680,player,2.85466,8.15233,-0.000138188,-0.000705702,1
43680,bullet1,7.26068,8.18305,0.8,0,1
43680,bullet6,3.25466,8.15233,0.8,0,1
43683,bullet3,7.25511,8.15461,0.8,0,1
43683,bullet5,3.25456,8.15181,0.8,0,1
43684,flyer3,3.00343,11.9083,-0.299924,0.00677187,2
43685,player,2.85455,8.15177,-2.54996e-06,-1.30222e-05,1
43685,bullet1,11.2607,8.18305,0.8,0,1
43685,bullet6,7.25466,8.15233,0.8,0,1
43688,bullet3,11.2551,8.15461,0.8,0,1
43688,bullet5,7.25456,8.15181,0.8,0,1
43689,flyer3,1.50381,11.9421,-0.299924,0.00677187,2
43690,player,2.26607,8.74023,-0.0307547,0.0307545,1
43690,bullet1,15.2607,8.18305,0.8,0,1
43690,bullet6,11.2547,8.15233,0.8,0,1
43693,bullet3,15.2551,8.15461,0.8,0,1
43693,bullet5,11.2546,8.15181,0.8,0,1
43693,bullet2,3.13258,8.27373,0.8,0,1
43694,flyer3,0.00419694,11.976,-0.299924,0.00677187,2
43695,player,3.16735,8.17646,0.367687,-0.0301872,1
43695,bullet6,15.2547,8.15233,0.8,0,1
43696,flyer5,16.5,8.67301,-0.232391,-0.189722,2
43696,bullet4,3.73281,8.16288,0.8,0,1
43698,bullet2,7.13258,8.27373,0.8,0,1
43698,bullet1,3.84077,8.15402,0.8,0,1
43699,bullet3,3.85585,8.15278,0.8,0,1
43700,player,3.46263,8.15222,0.00678486,-0.000557038,1
43701,bullet4,7.73281,8.16288,0.8,0,1
43703,bullet2,11.1326,8.27373,0.8,0,1
43703,bullet1,7.84077,8.15402,0.8,0,1
43704,bullet3,7.85585,8.15278,0.8,0,1
43705,player,2.54211,9.07775,-0.368129,0.368244,1
43706,bullet4,11.7328,8.16288,0.8,0,1
43708,bullet2,15.1326,8.27373,0.8,0,1
43708,bullet1,11.8408,8.15402,0.8,0,1
43709,bullet3,11.8558,8.15278,0.8,0,1
43710,player,2.17812,9.48641,0.0767382,-0.13124,1
43710,flyer6,16.5,8.67301,-0.292546,-0.0664613,2
43711,bullet6,2.61266,9.42735,0.8,0,1
43714,bullet3,15.8558,8.15278,0.8,0,1
43715,player,1.65128,8.89164,-0.0293387,-0.154297,1
43716,flayer7,16.5,2.03748,-0.288263,0.0830943,2
43716,bullet6,6.61266,9.42735,0.8,0,1
43717,flyer1,16.5,12.4987,-0.220808,0.203085,2
43718,flyer2,16.5,12.4987,-0.299993,-0.00209448,2
43720,player,0.467685,8.81232,-0.0827247,-0.0573513,1
43721,flayer7,15.0587,2.45295,-0.288263,0.0830943,2
43721,bullet6,10.6127,9.42735,0.8,0,1
43721,bullet5,0.830459,8.78651,0.8,0,1
43722,flyer1,15.396,13.5141,-0.220808,0.203085,2
43722,bullet2,0.813708,8.7749,0.8,0,1
43723,flyer2,15,12.4882,-0.299993,-0.00209448,2
43725,player,0.401251,8.76626,-0.0015265,-0.00105829,1
43725,bullet4,0.801251,8.76626,0.8,0,1
43726,flayer7,13.6174,2.86842,-0.288263,0.0830943,2
43726,bullet6,14.6127,9.42735,0.8,0,1
43726,bullet5,4.83046,8.78651,0.8,0,1
43727,flyer1,14.2919,14.5295,-0.220808,0.203085,2
43727,bullet2,4.81371,8.7749,0.8,0,1
43728,flyer2,13.5001,12.4777,-0.299993,-0.00209448,2
43730,player,0.400025,9.25479,-2.81683e-05,0.151855,1
43730,bullet4,4.80125,8.76626,0.8,0,1
43731,flayer7,12.1761,3.28389,-0.288263,0.0830943,2
43731,bullet5,8.83046,8.78651,0.8,0,1
43732,flyer1,13.1879,15.5449,-0.220808,0.203085,2
43732,bullet2,8.81371,8.7749,0.8,0,1
43733,flyer2,12.0001,12.4672,-0.299993,-0.00209448,2
43735,player,0.4,8.52345,0,0.295708,1
43735,bullet4,8.80125,8.76626,0.8,0,1
43736,flayer7,10.7348,3.69936,-0.288263,0.0830943,2
43736,bullet5,12.8305,8.78651,0.8,0,1
43737,bullet2,12.8137,8.7749,0.8,0,1
43738,flyer2,10.5001,12.4568,-0.299993,-0.00209448,2
43739,bullet1,0.899099,9.34395,0.8,0,1
43740,player,0.444594,9.36324,-0.0545041,0.0192963,1
43740,bullet4,12.8013,8.76626,0.8,0,1
43741,flayer7,9.29344,4.11483,-0.288263,0.0830943,2
43742,bullet3,1.29841,9.37583,0.8,0,1
43743,flyer2,9.00019,12.4463,-0.299993,-0.00209448,2
43744,bullet1,4.8991,9.34395,0.8,0,1
43745,player,1.00314,9.37874,0.0128339,0.00035607,1
43746,flayer7,7.85213,4.5303,-0.288263,0.0830943,2
43746,bullet6,1.40891,9.3789,0.8,0,1
43747,bullet3,5.29841,9.37583,0.8,0,1
43748,flyer2,7.50022,12.4358,-0.299993,-0.00209448,2
43748,bullet5,1.41268,9.379,0.8,0,1
43749,bullet1,8.8991,9.34395,0.8,0,1
43750,player,0.524068,8.88965,-0.151638,-0.151868,1
43751,flayer7,6.41081,4.94578,-0.288263,0.0830943,2
43751,bullet6,5.40891,9.3789,0.8,0,1
43752,bullet3,9.29841,9.37583,0.8,0,1
43753,flyer2,6.00026,12.4254,-0.299993,-0.00209448,2
43753,bullet5,5.41268,9.379,0.8,0,1
43754,bullet1,12.8991,9.34395,0.8,0,1
43755,player,0.40229,8.76768,-0.00279815,-0.0028024,1
43756,flayer7,4.9695,5.36125,-0.288263,0.0830943,2
43756,bullet6,9.40891,9.3789,0.8,0,1
43757,bullet3,13.2984,9.37583,0.8,0,1
43758,flyer2,4.5003,12.4149,-0.299993,-0.00209448,2
43758,bullet5,9.41268,9.379,0.8,0,1
43759,bullet2,1.38857,8.17701,0.8,0,1
43760,player,1.00236,8.16312,0.013788,-0.0138913,1
43761,flayer7,3.52819,5.77672,-0.288263,0.0830943,2
43761,bullet6,13.4089,9.3789,0.8,0,1
43761,bullet4,1.40856,8.15687,0.8,0,1
43763,flyer2,3.00033,12.4044,-0.299993,-0.00209448,2
43763,bullet5,13.4127,9.379,0.8,0,1
43764,bullet2,5.38857,8.17701,0.8,0,1
43765,player,0.793209,7.59424,0.269411,-0.0686001,1
43766,flayer7,2.08687,6.19219,-0.288263,0.0830943,2
43766,bullet4,5.40856,8.15687,0.8,0,1
43768,flyer2,1.50037,12.3939,-0.299993,-0.00209448,2
43768,bullet1,1.39355,8.10095,0.8,0,1
43769,bullet2,9.38857,8.17701,0.8,0,1
43769,bullet3,1.4046,8.12889,0.8,0,1
43770,player,1.00957,8.14146,0.00497138,0.0125737,1
43771,flayer7,0.645559,6.60766,-0.288263,0.0830943,2
43771,bullet4,9.40856,8.15687,0.8,0,1
43773,flyer2,0.00040561,12.3835,-0.299993,-0.00209448,2
43773,bullet1,5.39355,8.10095,0.8,0,1
43774,bullet2,13.3886,8.17701,0.8,0,1
43774,bullet3,5.4046,8.12889,0.8,0,1
43775,player,0.455843,8.15156,-0.068252,0.000232021,1
43776,bullet4,13.4086,8.15687,0.8,0,1
43778,flayer8,16.5,12.4987,-0.298529,0.0296766,2
43778,bullet1,9.39355,8.10095,0.8,0,1
43779,bullet3,9.4046,8.12889,0.8,0,1
43780,player,0.958749,8.70946,0.0670843,0.068348,1
43780,flyer4,16.5,8.42756,-0.299275,0.020851,2
43783,flayer8,15.0074,12.647,-0.298529,0.0296766,2
43783,bullet1,13.3936,8.10095,0.8,0,1
43784,bullet3,13.4046,8.12889,0.8,0,1
43785,player,0.981869,8.7951,0.038827,-0.0363279,1
43785,flyer4,15.0036,8.53181,-0.299275,0.020851,0
43785,bullet6,1.38187,8.7951,0.8,0,1
43788,flayer8,13.5147,12.7954,-0.298529,0.0296766,2
43790,player,0.720144,9.70575,-0.391288,0.350669,1
43790,bullet6,5.38187,8.7951,0.8,0,1
43791,flyer3,16.5,8.42756,-0.3,0,2
43792,flyer5,16.5,8.42756,-0.241618,0.177822,2
43793,flayer8,12.0221,12.9438,-0.298529,0.0296766,2
43795,player,0.963625,9.95661,0.0611234,0.0440599,1
43795,bullet6,9.38187,8.7951,0.8,0,1
43795,bullet5,1.36363,9.95661,0.8,0,1
43796,flyer3,15,8.42756,-0.3,0,2
43796,bullet2,0.591131,9.97644,-0.8,-6.99382e-08,1
43797,flyer5,15.2919,9.31667,-0.241618,0.177822,2
43798,flayer8,10.5294,13.0922,-0.298529,0.0296766,2
43800,player,1.23293,10.8872,-0.268028,0.406657,1
43800,bullet5,5.36363,9.95661,0.8,0,1
43801,flyer3,13.5,8.42756,-0.3,0,1
43802,flyer5,14.0838,10.2058,-0.241618,0.177822,2
43802,bullet4,0.658043,11.1526,-0.8,-6.99382e-08,1
43803,flayer8,9.03678,13.2406,-0.298529,0.0296766,2
43805,player,0.459964,11.2138,-0.0732896,0.00750396,1
43805,bullet5,9.36363,9.95661,0.8,0,1
43805,bullet1,0.859964,11.2138,0.8,0,1
43806,flyer3,12,8.42756,-0.3,0,1
43806,bullet3,0.826983,11.2172,0.8,0,1
43807,flyer5,12.8757,11.0949,-0.241618,0.177822,2
43808,flayer8,7.54414,13.389,-0.298529,0.0296766,2
43808,bullet2,0.00546369,11.2194,-0.8,-6.99382e-08,1
43810,player,0.401106,11.2198,-0.0013524,0.000138469,1
43810,bullet5,13.3636,9.95661,0.8,0,1
43810,bullet1,4.85996,11.2138,0.8,0,1
43810,bullet6,0.801106,11.2198,0.8,0,1
43811,flyer3,10.5,8.42756,-0.3,0,1
43811,bullet3,4.82698,11.2172,0.8,0,1
43812,flyer5,11.6676,11.984,-0.241618,0.177822,2
43813,flayer8,6.0515,13.5373,-0.298529,0.0296766,2
43815,player,0.7375,11.8084,0.3375,0.0307572,1
43815,bullet1,8.85996,11.2138,0.8,0,1
43815,bullet6,4.80111,11.2198,0.8,0,1
43815,finish,18.6096,8,-0.2,0,1
43816,flyer3,9,8.42756,-0.3,0,1
43816,bullet3,8.82698,11.2172,0.8,0,1
43817,flyer5,10.4595,12.8731,-0.241618,0.177822,2
43817,bullet4,1.35772,11.8285,0.8,0,1
43818,flayer8,4.55885,13.6857,-0.298529,0.0296766,2
43820,player,0.671041,11.4956,-0.331272,-0.336932,1
43820,bullet1,12.86,11.2138,0.8,0,1
43820,bullet6,8.80111,11.2198,0.8,0,1
43820,finish,17.6096,8,-0.2,0,1
43821,flyer3,7.5,8.42756,-0.3,0,1
43821,bullet3,12.827,11.2172,0.8,0,1
43822,flyer5,9.25146,13.7622,-0.241618,0.177822,2
43822,bullet4,5.35772,11.8285,0.8,0,1
43823,flayer8,3.06621,13.8341,-0.298529,0.0296766,2
43825,player,0.4,10.3298,-0,-0.412061,1
43825,bullet6,12.8011,11.2198,0.8,0,1
43825,finish,16.6096,8,-0.2,0,1
43826,flyer3,5.99999,8.42756,-0.3,0,1
43826,bullet2,0.8,10.1444,0.8,0,1
43827,flyer5,8.04337,14.6513,-0.241618,0.177822,2
43827,bullet4,9.35772,11.8285,0.8,0,1
43828,flayer8,1.57357,13.9825,-0.298529,0.0296766,2
43828,bullet5,0.8,10.0234,0.8,0,1
43830,player,0.4,9.99888,0,-0.00760369,1
43830,finish,15.6096,8,-0.2,0,1
43830,bullet1,0.8,9.99888,0.8,0,1
43831,flyer3,4.49999,8.42756,-0.3,0,1
43831,bullet2,4.8,10.1444,0.8,0,1
43832,flyer5,6.83528,15.5404,-0.241618,0.177822,2
43832,bullet4,13.3577,11.8285,0.8,0,1
43833,flayer8,0.0809239,14.1309,-0.298529,0.0296766,2
43833,bullet5,4.8,10.0234,0.8,0,1
43835,player,0.4,9.99277,0,-0.000140309,1
43835,finish,14.6096,8,-0.2,0,1
43835,bullet1,4.8,9.99888,0.8,0,1
43836,flyer3,2.99999,8.42756,-0.3,0,1
43836,bullet2,8.8,10.1444,0.8,0,1
43837,flyer5,5.62718,16.4296,-0.241618,0.177822,2
43837,bullet3,0.8,9.99268,0.8,0,1
43838,bullet5,8.8,10.0234,0.8,0,1
43840,player,0.4,9.99265,0,-2.5891e-06,1
43840,finish,13.6096,8,-0.2,0,1
43840,bullet1,8.8,9.99888,0.8,0,1
43841,flyer3,1.49999,8.42756,-0.3,0,1
43841,bullet2,12.8,10.1444,0.8,0,1
43842,bullet3,4.8,9.99268,0.8,0,1
43843,bullet5,12.8,10.0234,0.8,0,1
43845,player,0.4,10.3302,0,0.3375,1
43845,finish,12.6096,8,-0.2,0,1
43845,bullet1,12.8,9.99888,0.8,0,1
43846,flyer3,-6.4373e-06,8.42756,-0.3,0,1
43847,bullet3,8.8,9.99268,0.8,0,1
43847,bullet6,0.8,10.5504,0.8,0,1
43848,bullet5,16.8,10.0234,0.8,0,1
43849,bullet4,0.8,10.595,0.8,0,1
43850,player,0.4,10.6012,-0,0.00622782,1
43850,finish,11.6096,8,-0.2,0,1
43852,bullet3,12.8,9.99268,0.8,0,1
43852,bullet6,4.8,10.5504,0.8,0,1
43852,bullet2,0.8,10.6053,0.8,0,1
43854,bullet4,4.8,10.595,0.8,0,1
43855,player,0.4,10.6062,0,0.000114921,1
43855,finish,10.6096,8,-0.2,0,1
43857,bullet6,8.8,10.5504,0.8,0,1
43857,bullet2,4.8,10.6053,0.8,0,1
43859,bullet4,8.8,10.595,0.8,0,1
43860,player,0.4,10.1169,0,-0.151873,1
43860,finish,9.60962,8,-0.2,0,1
43860,bullet5,0.8,10.1169,0.8,0,1
43862,bullet6,12.8,10.5504,0.8,0,1
43862,bullet2,8.8,10.6053,0.8,0,1
43864,bullet4,12.8,10.595,0.8,0,1
43865,player,0.7375,10.5834,0.3375,0.0279522,1
43865,finish,8.60962,8,-0.2,0,1
43865,bullet5,4.8,10.1169,0.8,0,1
43867,bullet2,12.8,10.6053,0.8,0,1
43869,flyer6,16.5,8.42756,-0.3,0,2
43869,bullet1,1.40231,10.6054,0.8,0,1
43870,player,1.00854,10.6059,0.00622782,0.000515797,1
43870,finish,7.60962,8,-0.2,0,1
43870,bullet5,8.8,10.1169,0.8,0,1
43874,flyer6,15,8.42756,-0.3,0,2
43874,bullet1,5.40231,10.6054,0.8,0,1
43875,player,0.425069,10.2688,-0.0306398,-0.33749,1
43875,finish,6.60962,8,-0.2,0,1
43875,bullet5,12.8,10.1169,0.8,0,1
43879,flyer6,13.5,8.42756,-0.3,0,2
43879,bullet1,9.40231,10.6054,0.8,0,1
43880,player,0.737963,9.74678,0.336935,0.300518,1
43880,flyer1,16.5,11.7248,-0.3,0,2
43880,finish,5.60962,8,-0.2,0,1
43884,flyer6,12,8.42756,-0.3,0,2
43884,bullet1,13.4023,10.6054,0.8,0,1
43885,player,1.00855,9.4304,0.00621739,-0.0627984,1
43885,flyer1,15,11.7248,-0.3,0,2
43885,finish,4.60963,8,-0.2,0,1
43886,bullet3,1.41135,9.40215,0.8,0,1
