12556,player,4.37145,4.57608,0,0,1
12557,bullet1,4.77145,4.57608,0.8,0,1
12558,bullet2,4.77145,4.57608,0.8,0,1
12561,player,4.37145,4.57608,0,0,1
12561,bullet3,4.77145,4.57608,0.8,0,1
12562,bullet1,8.77145,4.57608,0.8,0,1
12562,bullet4,4.77145,4.57608,0.8,0,1
12563,bullet2,8.77145,4.57608,0.8,0,1
12566,player,4.92916,5.1338,0.0683438,0.0683438,1
12566,bullet3,8.77145,4.57608,0.8,0,1
12567,bullet1,12.7714,4.57608,0.8,0,1
12567,bullet4,8.77145,4.57608,0.8,0,1
12568,bullet2,12.7714,4.57608,0.8,0,1
12571,player,4.42633,5.18869,-0.0670826,0.00126113,1
12571,bullet3,12.7714,4.57608,0.8,0,1
12572,bullet4,12.7714,4.57608,0.8,0,1
12572,bullet5,4.79614,5.18925,0.8,0,1
12576,player,3.32536,5.74742,-0.221457,0.068367,1
12577,bullet5,8.79614,5.18925,0.8,0,1
12578,flyer1,16.5,14.7622,-0.3,0,2
12581,player,3.70524,4.65613,0.0642572,-0.0978369,1
12582,bullet5,12.7961,5.18925,0.8,0,1
12582,bullet6,4.13415,4.6121,0.8,0,1
12583,flyer1,15,14.7622,-0.3,0,2
12586,player,3.75684,5.06693,0.00118573,0.15007,1
12586,bullet1,4.15684,5.06693,0.8,0,1
12587,bullet6,8.13415,4.6121,0.8,0,1
12588,flyer1,13.5,14.7622,-0.3,0,2
12588,bullet2,4.15761,5.16486,0.8,0,1
12589,bullet3,4.15772,5.17853,0.8,0,1
12591,player,3.75779,5.18745,2.188e-05,0.00276921,1
12591,bullet1,8.15684,5.06693,0.8,0,1
12592,bullet6,12.1342,4.6121,0.8,0,1
12593,flyer1,12,14.7622,-0.3,0,2
12593,bullet2,8.15761,5.16486,0.8,0,1
12594,bullet3,8.15772,5.17853,0.8,0,1
12596,player,3.75781,4.85218,4.03747e-07,-0.337449,1
12596,bullet1,12.1568,5.06693,0.8,0,1
12597,bullet6,16.1342,4.6121,0.8,0,1
12598,flyer1,10.5,14.7622,-0.3,0,2
12598,bullet2,12.1576,5.16486,0.8,0,1
12598,bullet4,4.15781,4.63199,0.8,0,1
12599,bullet3,12.1577,5.17853,0.8,0,1
12601,player,3.42031,4.91868,-0.3375,0.331273,1
12601,bullet1,16.1568,5.06693,0.8,0,1
12602,bullet5,3.66843,5.06775,0.8,0,1
12603,flyer1,9,14.7622,-0.3,0,2
12603,bullet2,16.1576,5.16486,0.8,0,1
12603,bullet4,8.15781,4.63199,0.8,0,1
12604,bullet3,16.1577,5.17853,0.8,0,1
12605,flyer2,16.5,1.60073,-0.3,0,2
12606,player,3.14927,4.84722,-0.00622782,-0.331387,1
12607,bullet5,7.66843,5.06775,0.8,0,1
12608,flyer1,7.5,14.7622,-0.3,0,2
12608,bullet4,12.1578,4.63199,0.8,0,1
12610,flyer2,15,1.60073,-0.3,0,2
12611,player,3.73274,3.99262,0.0306398,-0.0368697,1
12612,bullet5,11.6684,5.06775,0.8,0,1
12613,flyer1,5.99999,14.7622,-0.3,0,2
12613,bullet4,16.1578,4.63199,0.8,0,1
12614,flyer3,16.5,7.8684,-0.250909,-0.164452,2
12615,flyer2,13.5,1.60073,-0.3,0,2
12615,bullet6,4.15678,3.37522,0.8,0,1
12616,player,4.09485,3.6982,0.338065,0.32298,1
12617,bullet5,15.6684,5.06775,0.8,0,1
12618,flyer1,4.49999,14.7622,-0.3,0,2
12619,flyer3,15.2455,7.04614,-0.250909,-0.164452,2
12619,bullet1,4.25687,4.42775,0.8,0,1
12620,flyer2,12,1.60073,-0.3,0,2
12620,bullet6,8.15678,3.37522,0.8,0,1
12621,player,3.77787,4.54605,-0.0245164,0.0367146,1
12621,bullet2,4.17787,4.54605,0.8,0,1
12623,flyer1,2.99999,14.7622,-0.3,0,2
12623,bullet3,4.16187,4.57001,0.8,0,1
12624,flyer3,13.9909,6.22388,-0.250909,-0.164452,2
12624,bullet1,8.25687,4.42775,0.8,0,1
12625,flyer2,10.5,1.60073,-0.3,0,2
12625,bullet6,12.1568,3.37522,0.8,0,1
12626,player,3.6063,4.91303,0.185173,0.338178,1
12626,bullet2,8.17787,4.54605,0.8,0,1
12628,flyer1,1.49999,14.7622,-0.3,0,2
12628,bullet3,8.16187,4.57001,0.8,0,1
12629,flyer3,12.7364,5.40162,-0.250909,-0.164452,2
12629,bullet1,12.2569,4.42775,0.8,0,1
12630,flyer2,9,1.60073,-0.3,0,2
12630,bullet6,16.1568,3.37522,0.8,0,1
12630,explosion1,13.0569,4.42775,-0.250909,-0.164452,1
12631,player,3.75501,4.03843,0.00341696,-0.0928581,1
12631,bullet2,12.1779,4.54605,0.8,0,1
12631,explosion2,12.1779,4.54605,-0.250909,-0.164452,1
12631,explosion3,12.2345,5.07271,-0.250909,-0.164452,1
12631,bullet4,4.15501,4.03843,0.8,0,1
12633,flyer1,-6.4373e-06,14.7622,-0.3,0,2
12633,bullet3,12.1619,4.57001,0.8,0,1
12633,bullet5,4.15724,3.97784,0.8,0,1
12635,flyer2,7.5,1.60073,-0.3,0,2
12636,player,3.60588,3.96385,0.185688,-0.00171349,1
12636,explosion3,10.98,4.25045,-0.250909,-0.164452,1
12636,bullet4,8.15501,4.03843,0.8,0,1
12638,bullet3,16.1619,4.57001,0.8,0,1
12638,bullet5,8.15724,3.97784,0.8,0,1
12639,flyer4,16.5,7.8684,-0.273648,0.122951,2
12640,flyer2,5.99999,1.60073,-0.3,0,2
12641,player,4.9012,3.99323,0.102525,-0.0376207,1
12641,bullet4,12.155,4.03843,0.8,0,1
12641,bullet1,5.3012,3.99323,0.8,0,1
12643,bullet5,12.1572,3.97784,0.8,0,1
12644,flyer4,15.1318,8.48315,-0.273648,0.122951,2
12645,flyer2,4.49999,1.60073,-0.3,0,2
12646,player,5.54125,2.81682,0.0702356,-0.0997926,1
12646,bullet4,16.155,4.03843,0.8,0,1
12646,bullet1,9.3012,3.99323,0.8,0,1
12646,bullet6,5.94125,2.81682,0.8,0,1
12648,bullet5,16.1572,3.97784,0.8,0,1
12649,flyer4,13.7635,9.09791,-0.273648,0.122951,2
12650,flyer2,2.99999,1.60073,-0.3,0,2
12651,player,4.18231,3.56356,-0.518834,0.487534,1
12651,bullet1,13.3012,3.99323,0.8,0,1
12651,bullet6,9.94125,2.81682,0.8,0,1
12654,flyer4,12.3953,9.71267,-0.273648,0.122951,2
12654,bullet2,3.70712,3.9261,0.8,0,1
12655,flyer2,1.49999,1.60073,-0.3,0,2
12656,player,3.17717,3.95509,-0.0403286,0.00899636,1
12656,bullet6,13.9413,2.81682,0.8,0,1
12658,bullet3,3.55086,4.45033,0.8,0,1
12659,flyer4,11.0271,10.3274,-0.273648,0.122951,2
12659,bullet2,7.70712,3.9261,0.8,0,1
12660,flyer2,-6.4373e-06,1.60073,-0.3,0,2
12661,player,3.14478,5.054,-0.000744177,0.165881,1
12662,flyer5,16.5,7.8684,-0.263784,0.142892,2
12662,bullet4,3.54445,5.12865,0.8,0,1
12663,bullet3,7.55086,4.45033,0.8,0,1
12664,flyer4,9.65882,10.9422,-0.273648,0.122951,2
12664,bullet2,11.7071,3.9261,0.8,0,1
12665,bullet5,3.05483,5.67353,0.8,0,1
12666,player,2.58647,5.74494,-0.0683575,0.0714047,1
12667,flyer5,15.1811,8.58286,-0.263784,0.142892,2
12667,bullet4,7.54445,5.12865,0.8,0,1
12668,bullet3,11.5509,4.45033,0.8,0,1
12669,flyer4,8.29058,11.5569,-0.273648,0.122951,2
12669,bullet2,15.7071,3.9261,0.8,0,1
12670,bullet5,7.05483,5.67353,0.8,0,1
12671,player,1.34078,5.80228,-0.0458557,0.00131762,1
12671,bullet1,1.74078,5.80228,0.8,0,1
12672,flyer5,13.8622,9.29732,-0.263784,0.142892,2
12672,bullet4,11.5445,5.12865,0.8,0,1
12673,bullet3,15.5509,4.45033,0.8,0,1
12674,flyer4,6.92234,12.1717,-0.273648,0.122951,2
12675,bullet5,11.0548,5.67353,0.8,0,1
12675,bullet6,2.29328,5.80331,0.8,0,1
12676,player,1.90627,5.80334,0.0129934,2.43138e-05,1
12676,bullet1,5.74079,5.80228,0.8,0,1
12677,flyer5,12.5432,10.0118,-0.263784,0.142892,2
12677,bullet4,15.5445,5.12865,0.8,0,1
12679,flyer4,5.55411,12.7865,-0.273648,0.122951,2
12680,bullet5,15.0548,5.67353,0.8,0,1
12680,bullet6,6.29328,5.80331,0.8,0,1
12681,player,2.40608,4.72551,0.152115,-0.182629,1
12681,bullet1,9.74079,5.80228,0.8,0,1
12681,bullet2,2.80608,4.72551,0.8,0,1
12682,flyer5,11.2243,10.7262,-0.263784,0.142892,2
12684,flyer4,4.18587,13.4012,-0.273648,0.122951,2
12684,bullet3,2.1192,4.5897,-0.8,-6.99382e-08,1
12685,bullet6,10.2933,5.80331,0.8,0,1
12686,player,3.01762,4.08947,0.154682,-0.155245,1
12686,bullet1,13.7408,5.80228,0.8,0,1
12686,bullet2,6.80608,4.72551,0.8,0,1
12687,flyer5,9.90539,11.4407,-0.263784,0.142892,2
12689,flyer4,2.81763,14.016,-0.273648,0.122951,2
12690,bullet6,14.2933,5.80331,0.8,0,1
12691,player,2.21587,3.47542,-0.3654,-0.15474,1
12691,bullet2,10.8061,4.72551,0.8,0,1
12692,flyer5,8.58647,12.1552,-0.263784,0.142892,2
12693,flyer6,16.5,7.8684,-0.3,0,2
12694,flyer4,1.4494,14.6307,-0.273648,0.122951,2
12695,bullet4,2.32916,2.86463,0.8,0,1
12696,player,1.92242,2.79343,-0.00674266,-0.0711991,1
12696,bullet2,14.8061,4.72551,0.8,0,1
12697,flyer5,7.26755,12.8696,-0.263784,0.142892,2
12698,flyer6,15,7.8684,-0.3,0,2
12699,flyer4,0.081158,15.2455,-0.273648,0.122951,2
12700,bullet4,6.32916,2.86463,0.8,0,1
12700,bullet5,1.72866,2.17985,0.8,0,1
12701,player,1.65219,2.48528,0.323536,0.305431,1
12702,flyer5,5.94863,13.5841,-0.263784,0.142892,2
12703,flyer6,13.5,7.8684,-0.3,0,2
12703,bullet3,2.2633,2.68457,0.8,0,1
12705,bullet4,10.3292,2.86463,0.8,0,1
12705,bullet5,5.72866,2.17985,0.8,0,1
12706,player,1.91202,2.73056,0.00597015,0.00563607,1
12707,flyer5,4.62971,14.2985,-0.263784,0.142892,2
12707,bullet1,2.31471,2.7331,0.8,0,1
12708,flyer6,12,7.8684,-0.3,0,2
12708,bullet3,6.2633,2.68457,0.8,0,1
12710,bullet4,14.3292,2.86463,0.8,0,1
12710,bullet5,9.72866,2.17985,0.8,0,1
12711,player,1.91681,2.73509,0.000110166,0.000104001,1
12712,flyer5,3.31079,15.013,-0.263784,0.142892,2
12712,bullet1,6.31471,2.7331,0.8,0,1
12713,flyer6,10.5,7.8684,-0.3,0,2
12713,bullet3,10.2633,2.68457,0.8,0,1
12715,bullet5,13.7287,2.17985,0.8,0,1
12716,player,1.42753,3.29289,-0.151873,0.0683457,1
12717,flyer5,1.99187,15.7275,-0.263784,0.142892,2
12717,bullet1,10.3147,2.7331,0.8,0,1
12718,flyer6,9,7.8684,-0.3,0,2
12718,bullet3,14.2633,2.68457,0.8,0,1
12721,player,1.29172,3.93625,0.0141126,0.0320159,1
12721,flayer7,16.5,11.5278,-0.3,0,2
12722,flyer5,0.672949,16.4419,-0.263784,0.142892,2
12722,bullet1,14.3147,2.7331,0.8,0,1
12723,flyer6,7.5,7.8684,-0.3,0,2
12723,flayer8,16.5,7.16828,-0.292372,-0.0672216,2
12725,flyer3,16.5,6.85789,-0.214647,0.209587,2
12726,player,0.4,4.40675,0,0.20697,1
12726,flayer7,15,11.5278,-0.3,0,2
12728,flyer6,5.99999,7.8684,-0.3,0,2
12728,flayer8,15.0381,6.83217,-0.292372,-0.0672216,2
12728,bullet6,0.8,4.05242,0.8,0,1
12730,flyer3,15.4268,7.90583,-0.214647,0.209587,2
12730,bullet2,0.8,3.98067,0.8,0,1
12731,player,0.4,3.97065,0,-0.0100204,1
12731,flayer7,13.5,11.5278,-0.3,0,2
12732,bullet4,0.8,3.96614,0.8,0,1
12733,flyer6,4.49999,7.8684,-0.3,0,2
12733,flayer8,13.5763,6.49607,-0.292372,-0.0672216,2
12733,bullet6,4.8,4.05242,0.8,0,1
12734,bullet5,0.8,3.9632,0.8,0,1
12735,flyer3,14.3535,8.95376,-0.214647,0.209587,2
12735,bullet2,4.8,3.98067,0.8,0,1
12736,player,0.4,3.9626,0,-0.000184905,1
12736,flayer7,12,11.5278,-0.3,0,2
12737,bullet4,4.8,3.96614,0.8,0,1
12738,flyer6,2.99999,7.8684,-0.3,0,2
12738,flayer8,12.1144,6.15996,-0.292372,-0.0672216,2
12738,bullet6,8.8,4.05242,0.8,0,1
12739,bullet5,4.8,3.9632,0.8,0,1
12740,flyer3,13.2803,10.0017,-0.214647,0.209587,2
12740,bullet2,8.8,3.98067,0.8,0,1
12741,player,0.4,3.36014,0,-0.013843,1
12741,flayer7,10.5,11.5278,-0.3,0,2
12742,bullet4,8.8,3.96614,0.8,0,1
12743,flyer6,1.49999,7.8684,-0.3,0,2
12743,flayer8,10.6526,5.82385,-0.292372,-0.0672216,2
12743,bullet6,12.8,4.05242,0.8,0,1
12744,bullet5,8.8,3.9632,0.8,0,1
12745,flyer3,12.2071,11.0496,-0.214647,0.209587,2
12745,bullet2,12.8,3.98067,0.8,0,1
12746,player,0.4,3.8384,0,0.15162,1
12746,flayer7,9,11.5278,-0.3,0,2
12747,bullet4,12.8,3.96614,0.8,0,1
12748,flyer6,-6.4373e-06,7.8684,-0.3,0,2
12748,flayer8,9.19071,5.48774,-0.292372,-0.0672216,2
12748,bullet3,0.8,3.93733,0.8,0,1
12749,bullet5,12.8,3.9632,0.8,0,1
12750,flyer3,11.1338,12.0976,-0.214647,0.209587,2
12751,player,0.4,4.44953,0,0.154673,1
12751,flayer7,7.5,11.5278,-0.3,0,2
12753,flayer8,7.72885,5.15163,-0.292372,-0.0672216,2
12753,bullet3,4.8,3.93733,0.8,0,1
12753,bullet1,0.8,5.03983,0.8,0,1
12755,flyer3,10.0606,13.1455,-0.214647,0.209587,2
12755,bullet6,0.8,5.15937,0.8,0,1
12756,player,0.4,5.17606,0,0.0166938,1
12756,flayer7,5.99999,11.5278,-0.3,0,2
12758,flayer8,6.26699,4.81552,-0.292372,-0.0672216,2
12758,bullet3,8.8,3.93733,0.8,0,1
12758,bullet1,4.8,5.03983,0.8,0,1
12758,bullet2,0.8,5.67633,0.8,0,1
12759,explosion4,5.6,5.03983,-0.292372,-0.0672216,1
12760,flyer3,8.98734,14.1934,-0.214647,0.209587,2
12760,explosion5,4.8,5.15937,-0.292372,-0.0672216,1
12760,explosion6,5.68225,4.68108,-0.292372,-0.0672216,1
12760,bullet4,0.8,5.77763,0.8,0,1
12761,player,0.4,5.79178,0,0.0141477,1
12761,flayer7,4.49999,11.5278,-0.3,0,2
12761,bullet5,0.8,5.79178,0.8,0,1
12763,bullet3,12.8,3.93733,0.8,0,1
12763,bullet2,4.8,5.67633,0.8,0,1
12765,flyer3,7.91411,15.2413,-0.214647,0.209587,2
12765,explosion6,4.22039,4.34497,-0.292372,-0.0672216,1
12765,bullet4,4.8,5.77763,0.8,0,1
12766,player,0.4,4.75605,0,-0.219958,1
12766,flayer7,2.99999,11.5278,-0.3,0,2
12766,bullet5,4.8,5.79178,0.8,0,1
12768,bullet2,8.8,5.67633,0.8,0,1
12768,bullet1,0.8,4.61253,0.8,0,1
12770,flyer3,6.84087,16.2893,-0.214647,0.209587,2
12770,bullet4,8.8,5.77763,0.8,0,1
12771,player,0.4,4.5794,-0,-0.00405884,1
12771,flayer7,1.49999,11.5278,-0.3,0,2
12771,bullet5,8.8,5.79178,0.8,0,1
12773,bullet2,12.8,5.67633,0.8,0,1
12773,bullet1,4.8,4.61253,0.8,0,1
12775,bullet4,12.8,5.77763,0.8,0,1
12776,player,0.4,4.57614,0,-7.4897e-05,1
12776,flayer7,-6.4373e-06,11.5278,-0.3,0,2
12776,bullet5,12.8,5.79178,0.8,0,1
12778,bullet2,16.8,5.67633,0.8,0,1
12778,bullet1,8.8,4.61253,0.8,0,1
12779,flyer1,16.5,6.85789,-0.283101,-0.0992661,2
12780,flyer2,16.5,8.12891,-0.3,0,2
12780,bullet6,1.35772,5.1338,0.8,0,1
12781,player,1.32597,4.82705,0.368255,-0.306747,1
12783,bullet1,12.8,4.61253,0.8,0,1
12783,bullet3,1.96626,4.6269,0.8,0,1
12784,flyer1,15.0845,6.36156,-0.283101,-0.0992661,1
12785,flyer2,15,8.12891,-0.3,0,2
12785,bullet6,5.35772,5.1338,0.8,0,1
12786,player,1.62171,4.09133,0.00679533,-0.157535,1
12787,bullet2,2.02477,4.02044,0.8,0,1
12788,bullet3,5.96626,4.6269,0.8,0,1
12789,flyer1,13.669,5.86523,-0.283101,-0.0992661,1
12790,flyer2,13.5,8.12891,-0.3,0,2
12790,bullet6,9.35772,5.1338,0.8,0,1
12791,player,1.52807,4.06392,0.121246,-0.124027,1
12791,bullet4,1.92807,4.06392,0.8,0,1
12792,bullet2,6.02477,4.02044,0.8,0,1
12793,bullet3,9.96626,4.6269,0.8,0,1
12793,explosion7,11.7577,5.1338,-0.283101,-0.0992661,1
12793,explosion8,12.5366,5.46817,-0.283101,-0.0992661,1
12793,bullet5,2.00719,3.98299,0.8,0,1
12795,flyer2,12,8.12891,-0.3,0,2
12796,player,1.62544,3.0691,0.00223732,-0.408132,1
12796,bullet4,5.92807,4.06392,0.8,0,1
12797,bullet2,10.0248,4.02044,0.8,0,1
12798,bullet3,13.9663,4.6269,0.8,0,1
12798,explosion8,11.1211,4.97184,-0.283101,-0.0992661,1
12798,bullet5,6.00719,3.98299,0.8,0,1
12800,flyer2,10.5,8.12891,-0.3,0,2
12801,player,1.13787,2.74133,-0.151834,-0.00753119,1
12801,bullet4,9.92807,4.06392,0.8,0,1
12802,bullet2,14.0248,4.02044,0.8,0,1
12803,bullet5,10.0072,3.98299,0.8,0,1
12805,flyer2,9,8.12891,-0.3,0,2
12805,flyer4,16.5,8.12891,-0.3,0,2
12806,player,0.427457,2.24591,-0.0335564,-0.152014,1
12806,bullet4,13.9281,4.06392,0.8,0,1
12807,bullet1,0.812356,2.1775,0.8,0,1
12808,bullet5,14.0072,3.98299,0.8,0,1
12808,bullet6,0.805561,2.14672,0.8,0,1
12810,flyer2,7.5,8.12891,-0.3,0,2
12810,flyer4,15,8.12891,-0.3,0,2
12810,bullet3,0.801127,2.12664,0.8,0,1
12811,player,0.4,2.46133,-0,0.334695,1
12812,bullet1,4.81236,2.1775,0.8,0,1
12813,bullet6,4.80556,2.14672,0.8,0,1
12813,bullet2,0.8,2.67972,0.8,0,1
12815,flyer2,5.99999,8.12891,-0.3,0,2
12815,flyer4,13.5,8.12891,-0.3,0,2
12815,bullet3,4.80113,2.12664,0.8,0,1
12816,player,0.4,2.73012,0,0.00617606,1
12817,bullet1,8.81236,2.1775,0.8,0,1
12818,bullet6,8.80556,2.14672,0.8,0,1
12818,bullet2,4.8,2.67972,0.8,0,1
12820,flyer2,4.49999,8.12891,-0.3,0,2
12820,flyer4,12,8.12891,-0.3,0,2
12820,bullet3,8.80113,2.12664,0.8,0,1
12821,player,0.4,2.73508,0,0.000113966,1
12822,bullet1,12.8124,2.1775,0.8,0,1
12823,bullet6,12.8056,2.14672,0.8,0,1
12823,bullet2,8.8,2.67972,0.8,0,1
12825,flyer2,2.99999,8.12891,-0.3,0,2
12825,flyer4,10.5,8.12891,-0.3,0,2
12825,bullet3,12.8011,2.12664,0.8,0,1
12826,player,0.4,3.07267,0,0.337502,1
12828,bullet2,12.8,2.67972,0.8,0,1
12830,flyer2,1.49999,8.12891,-0.3,0,2
12830,flyer4,9,8.12891,-0.3,0,2
12830,flyer5,16.5,8.12891,-0.259688,0.150208,2
12830,bullet4,0.8,3.33748,0.8,0,1
12831,player,0.4,3.34371,0,0.00622786,1
12831,bullet5,0.8,3.34371,0.8,0,1
12833,bullet1,0.8,3.34778,0.8,0,1
12834,bullet6,0.8,3.34834,0.8,0,1
12835,flyer2,-6.4373e-06,8.12891,-0.3,0,2
12835,flyer4,7.5,8.12891,-0.3,0,2
12835,flyer5,15.2016,8.87994,-0.259688,0.150208,2
12835,bullet4,4.8,3.33748,0.8,0,1
12836,player,0.4,3.34871,0,0.000114922,1
12836,bullet5,4.8,3.34371,0.8,0,1
12838,bullet1,4.8,3.34778,0.8,0,1
12839,bullet6,4.8,3.34834,0.8,0,1
12840,flyer4,5.99999,8.12891,-0.3,0,2
12840,flyer5,13.9031,9.63098,-0.259688,0.150208,2
12840,bullet4,8.8,3.33748,0.8,0,1
12841,player,0.4,3.34881,0,2.12063e-06,1
12841,bullet5,8.8,3.34371,0.8,0,1
12843,bullet1,8.8,3.34778,0.8,0,1
12844,bullet6,8.8,3.34834,0.8,0,1
12845,flyer4,4.49999,8.12891,-0.3,0,2
12845,flyer5,12.6047,10.382,-0.259688,0.150208,2
12845,bullet4,12.8,3.33748,0.8,0,1
12846,player,0.4,3.68631,0,0.3375,1
12846,bullet5,12.8,3.34371,0.8,0,1
12848,bullet1,12.8,3.34778,0.8,0,1
12849,bullet6,12.8,3.34834,0.8,0,1
12850,flyer4,2.99999,8.12891,-0.3,0,2
12850,flyer5,11.3063,11.1331,-0.259688,0.150208,2
12850,bullet3,0.8,3.95112,0.8,0,1
12851,player,0.4,3.95735,0,0.00622782,1
12851,bullet2,0,3.95735,-0.8,-6.99382e-08,1
12854,flyer6,16.5,9.29927,-0.3,0,2
12855,flyer4,1.49999,8.12891,-0.3,0,2
12855,flyer5,10.0078,11.8841,-0.259688,0.150208,2
12855,bullet3,4.8,3.95112,0.8,0,1
12856,player,0.4,4.52007,0,0.0684587,1
12856,bullet4,0.8,4.52007,0.8,0,1
12857,bullet5,0.8,4.55087,0.8,0,1
12859,flyer6,15,9.29927,-0.3,0,2
12860,flyer4,-6.4373e-06,8.12891,-0.3,0,2
12860,flyer5,8.70938,12.6351,-0.259688,0.150208,2
12860,bullet3,8.8,3.95112,0.8,0,1
12861,player,1.29522,4.35483,0.405844,0.27042,1
12861,bullet4,4.8,4.52007,0.8,0,1
12862,bullet5,4.8,4.55087,0.8,0,1
12863,bullet2,1.96003,4.53128,0.8,0,1
12864,flyer6,13.5,9.29927,-0.3,0,2
12865,flyer5,7.41094,13.3862,-0.259688,0.150208,2
12865,bullet3,12.8,3.95112,0.8,0,1
12866,player,1.06343,4.01428,-0.0608548,-0.0633537,1
12866,bullet4,8.8,4.52007,0.8,0,1
12867,bullet5,8.8,4.55087,0.8,0,1
12868,bullet2,5.96003,4.53128,0.8,0,1
12869,flyer6,12,9.29927,-0.3,0,2
12870,flyer5,6.1125,14.1372,-0.259688,0.150208,2
12870,bullet1,1.44643,3.37609,0.8,0,1
12871,player,1.0284,3.69859,-0.018038,0.322491,1
12871,bullet4,12.8,4.52007,0.8,0,1
12872,bullet5,12.8,4.55087,0.8,0,1
12873,bullet2,9.96003,4.53128,0.8,0,1
12874,flyer6,10.5,9.29927,-0.3,0,2
12875,flyer5,4.81406,14.8882,-0.259688,0.150208,2
12875,bullet1,5.44643,3.37609,0.8,0,1
12876,player,1.01391,3.95757,-0.000332852,0.00595087,1
12878,bullet2,13.96,4.53128,0.8,0,1
12878,bullet6,0.924317,4.45083,0.8,0,1
12879,flyer6,9,9.29927,-0.3,0,2
12880,flyer5,3.51562,15.6393,-0.259688,0.150208,2
12880,bullet1,9.44643,3.37609,0.8,0,1
12881,player,0.411329,4.07529,-0.0138458,-0.137926,1
12882,bullet3,0.805098,4.01322,0.8,0,1
12883,bullet6,4.92432,4.45083,0.8,0,1
12883,bullet4,0.802294,3.98529,0.8,0,1
12884,flyer6,7.5,9.29927,-0.3,0,2
12885,flyer5,2.21718,16.3903,-0.259688,0.150208,2
12885,bullet1,13.4464,3.37609,0.8,0,1
12886,player,0.400209,3.96452,-0.000255493,-0.00254511,1
12887,bullet3,4.8051,4.01322,0.8,0,1
12888,bullet6,8.92432,4.45083,0.8,0,1
12888,bullet4,4.80229,3.98529,0.8,0,1
12889,flyer6,5.99999,9.29927,-0.3,0,2
12890,bullet5,0.8,3.96253,0.8,0,1
12891,player,0.4,3.62498,0,-0.337547,1
12892,bullet3,8.8051,4.01322,0.8,0,1
12893,bullet6,12.9243,4.45083,0.8,0,1
12893,bullet4,8.8023,3.98529,0.8,0,1
12894,flyer6,4.49999,9.29927,-0.3,0,2
12895,bullet5,4.8,3.96253,0.8,0,1
12896,player,0.4,2.76543,0,-0.0369834,1
12897,bullet3,12.8051,4.01322,0.8,0,1
12898,bullet4,12.8023,3.98529,0.8,0,1
12899,flyer6,2.99999,9.29927,-0.3,0,2
12900,bullet5,8.8,3.96253,0.8,0,1
12901,player,0.7375,3.6617,0.3375,0.367572,1
12902,flayer8,16.5,9.29927,-0.298835,0.0264093,2
12903,flyer3,16.5,9.29927,-0.279619,0.108689,2
12904,flyer6,1.49999,9.29927,-0.3,0,2
12904,bullet2,1.38847,3.93503,0.8,0,1
12905,bullet5,12.8,3.96253,0.8,0,1
12906,player,0.519166,4.44626,-0.145647,0.158658,1
12907,flayer8,15.0058,9.43132,-0.298835,0.0264093,2
12907,bullet1,0.853625,4.51766,0.8,0,1
12908,flyer3,15.1019,9.84272,-0.279619,0.108689,2
12909,flyer6,-6.4373e-06,9.29927,-0.3,0,2
12909,bullet2,5.38847,3.93503,0.8,0,1
12910,bullet6,0.8,4.57075,0.8,0,1
12911,player,0.4,4.57368,0,0.00292768,1
12911,bullet3,0.8,4.57368,0.8,0,1
12912,flayer8,13.5116,9.56337,-0.298835,0.0264093,2
12912,bullet1,4.85362,4.51766,0.8,0,1
12913,flyer3,13.7038,10.3862,-0.279619,0.108689,2
12914,bullet2,9.38847,3.93503,0.8,0,1
12915,bullet6,4.8,4.57075,0.8,0,1
12916,player,0.889375,4.08666,0.151875,-0.151821,1
12916,bullet3,4.8,4.57368,0.8,0,1
12917,flayer8,12.0175,9.69541,-0.298835,0.0264093,2
12917,bullet1,8.85363,4.51766,0.8,0,1
12918,flyer3,12.3057,10.9296,-0.279619,0.108689,2
12919,bullet2,13.3885,3.93503,0.8,0,1
12920,bullet6,8.8,4.57075,0.8,0,1
12921,player,1.01134,3.96473,0.00280252,-0.00280152,1
12921,bullet3,8.8,4.57368,0.8,0,1
12922,flayer8,10.5233,9.82746,-0.298835,0.0264093,2
12922,bullet1,12.8536,4.51766,0.8,0,1
12923,flyer3,10.9076,11.4731,-0.279619,0.108689,2
12923,bullet4,1.41317,3.9629,0.8,0,1
12925,bullet6,12.8,4.57075,0.8,0,1
12926,player,1.50297,3.4731,0.151927,-0.151927,1
12926,bullet3,12.8,4.57368,0.8,0,1
12927,flayer8,9.02911,9.9595,-0.298835,0.0264093,2
12928,flyer3,9.50952,12.0165,-0.279619,0.108689,2
12928,bullet4,5.41317,3.9629,0.8,0,1
12928,bullet5,2.0021,3.37397,0.8,0,1
12930,bullet2,2.02218,3.3539,0.8,0,1
12931,player,1.62498,3.35109,0.00280348,-0.00280347,1
12932,flayer8,7.53493,10.0915,-0.298835,0.0264093,2
12932,bullet1,2.02624,3.34983,0.8,0,1
12933,flyer3,8.11142,12.56,-0.279619,0.108689,2
12933,bullet4,9.41317,3.9629,0.8,0,1
12933,bullet5,6.0021,3.37397,0.8,0,1
12935,bullet2,6.02218,3.3539,0.8,0,1
12936,player,1.62723,3.83822,5.1732e-05,0.151823,1
12937,flayer8,6.04075,10.2236,-0.298835,0.0264093,2
12937,bullet1,6.02624,3.34983,0.8,0,1
12938,flyer3,6.71333,13.1034,-0.279619,0.108689,2
12938,bullet4,13.4132,3.9629,0.8,0,1
12938,bullet5,10.0021,3.37397,0.8,0,1
12940,bullet2,10.0222,3.3539,0.8,0,1
12941,player,1.1379,4.44952,-0.151874,0.154677,1
12942,flayer8,4.54658,10.3556,-0.298835,0.0264093,2
12942,bullet1,10.0262,3.34983,0.8,0,1
12943,flyer3,5.31524,13.6468,-0.279619,0.108689,2
12943,bullet5,14.0021,3.37397,0.8,0,1
12945,bullet2,14.0222,3.3539,0.8,0,1
12946,player,0.691142,3.48205,0.291142,-0.16286,1
12947,flayer8,3.0524,10.4877,-0.298835,0.0264093,2
12947,bullet1,14.0262,3.34983,0.8,0,1
12948,flyer3,3.91714,14.1903,-0.279619,0.108689,2
12948,flayer7,16.5,10.3751,-0.3,0,2
12949,bullet6,1.79702,2.87157,0.8,0,1
12951,player,1.51343,2.76279,0.0361271,-0.0337599,1
12951,bullet3,1.91343,2.76279,0.8,0,1
12952,flayer8,1.55822,10.6197,-0.298835,0.0264093,2
12953,flyer3,2.51905,14.7337,-0.279619,0.108689,2
12953,flayer7,15,10.3751,-0.3,0,2
12953,bullet4,1.937,2.74076,0.8,0,1
12954,bullet6,5.79702,2.87157,0.8,0,1
12956,player,1.39056,3.07317,0.186292,0.336877,1
12956,bullet3,5.91343,2.76279,0.8,0,1
12957,flayer8,0.0640461,10.7518,-0.298835,0.0264093,2
12958,flyer3,1.12095,15.2772,-0.279619,0.108689,2
12958,flayer7,13.5,10.3751,-0.3,0,2
12958,bullet4,5.937,2.74076,0.8,0,1
12958,bullet5,1.91212,3.29299,0.8,0,1
12959,bullet6,9.79702,2.87157,0.8,0,1
12961,player,1.54017,3.34371,0.0034376,0.00621633,1
12961,bullet3,9.91343,2.76279,0.8,0,1
12963,flyer3,-0.277142,15.8206,-0.279619,0.108689,2
12963,flayer7,12,10.3751,-0.3,0,2
12963,bullet4,9.937,2.74076,0.8,0,1
12963,bullet5,5.91212,3.29299,0.8,0,1
12964,bullet6,13.797,2.87157,0.8,0,1
12966,player,0.95446,3.93718,-0.0306913,0.0308694,1
12966,bullet3,13.9134,2.76279,0.8,0,1
12968,flayer7,10.5,10.3751,-0.3,0,2
12968,bullet4,13.937,2.74076,0.8,0,1
12968,bullet5,9.91212,3.29299,0.8,0,1
12968,bullet2,1.33443,3.95732,0.8,0,1
12971,player,1.48753,3.96197,0.0677774,0.000569627,1
12971,bullet1,1.88753,3.96197,0.8,0,1
12973,flayer7,9,10.3751,-0.3,0,2
12973,bullet5,13.9121,3.29299,0.8,0,1
12973,bullet2,5.33443,3.95732,0.8,0,1
12973,bullet6,1.93176,3.96234,0.8,0,1
12976,player,0.984244,4.52014,-0.0670931,0.0683543,1
12976,bullet1,5.88753,3.96197,0.8,0,1
12978,flayer7,7.5,10.3751,-0.3,0,2
12978,bullet2,9.33443,3.95732,0.8,0,1
12978,bullet6,5.93176,3.96234,0.8,0,1
12981,player,0.930362,4.57504,-0.00123806,0.00126133,1
12981,bullet1,9.88753,3.96197,0.8,0,1
12982,bullet3,1.32981,4.57561,0.8,0,1
12983,flayer7,5.99999,10.3751,-0.3,0,2
12983,bullet2,13.3344,3.95732,0.8,0,1
12983,bullet6,9.93176,3.96234,0.8,0,1
12986,player,1.26687,4.23855,0.337477,-0.337477,1
12986,bullet1,13.8875,3.96197,0.8,0,1
12987,bullet3,5.32981,4.57561,0.8,0,1
12988,flayer7,4.49999,10.3751,-0.3,0,2
12988,bullet6,13.9318,3.96234,0.8,0,1
12988,bullet4,1.88707,4.01835,0.8,0,1
12991,player,1.53789,3.96753,0.0062274,-0.00622739,1
12991,bullet5,1.93789,3.96753,0.8,0,1
12992,bullet3,9.32981,4.57561,0.8,0,1
12993,flayer7,2.99999,10.3751,-0.3,0,2
12993,bullet4,5.88707,4.01835,0.8,0,1
12993,bullet2,1.94195,3.96347,0.8,0,1
12996,player,1.88039,3.62503,0.337615,-0.337615,1
12996,bullet5,5.93789,3.96753,0.8,0,1
12997,bullet3,13.3298,4.57561,0.8,0,1
12998,flayer7,1.49999,10.3751,-0.3,0,2
12998,bullet4,9.88707,4.01835,0.8,0,1
12998,bullet2,5.94195,3.96347,0.8,0,1
13001,player,1.81403,3.0164,-0.33127,-0.34373,1
13001,bullet5,9.93789,3.96753,0.8,0,1
13003,flayer7,-6.4373e-06,10.3751,-0.3,0,2
13003,bullet4,13.8871,4.01835,0.8,0,1
13003,bullet2,9.94196,3.96347,0.8,0,1
13005,flyer1,16.5,10.3751,-0.3,0,2
13006,player,0.470139,3.8182,-0.188743,0.176287,1
13006,bullet5,13.9379,3.96753,0.8,0,1
13007,flyer2,16.5,10.3751,-0.3,0,2
13008,bullet2,13.942,3.96347,0.8,0,1
13008,bullet1,0.8,3.93323,0.8,0,1
13010,flyer1,15,10.3751,-0.3,0,2
13011,player,0.4,4.29727,0,0.340753,1
13012,flyer2,15,10.3751,-0.3,0,2
13012,flyer4,16.5,6.85844,-0.217003,-0.207147,2
13013,bullet1,4.8,3.93323,0.8,0,1
13015,flyer1,13.5,10.3751,-0.3,0,2
13015,bullet6,0.8,5.12236,0.8,0,1
13016,player,0.4,5.1594,0,0.0370425,1
13017,flyer2,13.5,10.3751,-0.3,0,2
13017,flyer4,15.415,5.82271,-0.217003,-0.207147,2
13017,bullet3,0.8,5.17607,0.8,0,1
13018,bullet1,8.8,3.93323,0.8,0,1
13018,bullet4,0.8,5.18357,0.8,0,1
13020,flyer1,12,10.3751,-0.3,0,2
13020,bullet6,4.8,5.12236,0.8,0,1
13021,player,0.4,5.18915,0,0.000683539,1
13022,flyer2,12,10.3751,-0.3,0,2
13022,flyer4,14.33,4.78697,-0.217003,-0.207147,2
13022,bullet3,4.8,5.17607,0.8,0,1
13023,bullet1,12.8,3.93323,0.8,0,1
13023,bullet4,4.8,5.18357,0.8,0,1
13024,explosion1,13.6,3.93323,-0.217003,-0.207147,1
13025,flyer1,10.5,10.3751,-0.3,0,2
13025,bullet6,8.8,5.12236,0.8,0,1
13025,bullet5,0.8,5.18969,0.8,0,1
13026,player,0.4,5.1897,0,1.26132e-05,1
13027,flyer2,10.5,10.3751,-0.3,0,2
13027,flyer4,13.245,3.75124,-0.217003,-0.207147,1
13027,bullet3,8.8,5.17607,0.8,0,1
13028,bullet4,8.8,5.18357,0.8,0,1
13030,flyer1,9,10.3751,-0.3,0,2
13030,bullet6,12.8,5.12236,0.8,0,1
13030,bullet5,4.8,5.18969,0.8,0,1
13031,player,0.41384,3.50955,-0.0169151,-0.196469,1
13032,flyer2,9,10.3751,-0.3,0,2
13032,flyer4,12.1599,2.71551,-0.217003,-0.207147,1
13032,bullet3,12.8,5.17607,0.8,0,1
13033,bullet4,12.8,5.18357,0.8,0,1
13035,flyer1,7.5,10.3751,-0.3,0,2
13035,bullet5,8.8,5.18969,0.8,0,1
13036,player,0.4,3.35177,0,-0.00362541,1
13037,flyer2,7.5,10.3751,-0.3,0,2
13037,flyer4,11.0749,1.67978,-0.217003,-0.207147,1
13037,bullet2,0.8,3.35013,0.8,0,1
13040,flyer1,5.99999,10.3751,-0.3,0,2
13040,bullet5,12.8,5.18969,0.8,0,1
13041,player,0.988474,3.34886,0.0307547,-6.6899e-05,1
13041,bullet1,1.38847,3.34886,0.8,0,1
13042,flyer2,5.99999,10.3751,-0.3,0,2
13042,flyer4,9.98991,0.644042,-0.217003,-0.207147,1
13042,bullet2,4.8,3.35013,0.8,0,1
13044,bullet6,0.853625,3.90652,0.8,0,1
13045,flyer1,4.49999,10.3751,-0.3,0,2
13045,bullet3,0.824131,3.93728,0.8,0,1
13046,player,0.410859,3.95111,-0.0132721,0.0138384,1
13046,bullet1,5.38847,3.34886,0.8,0,1
13047,flyer2,4.49999,10.3751,-0.3,0,2
13047,flyer4,8.9049,-0.391691,-0.217003,-0.207147,1
13047,bullet2,8.8,3.35013,0.8,0,1
13049,bullet6,4.85362,3.90652,0.8,0,1
13050,flyer1,2.99999,10.3751,-0.3,0,2
13050,bullet3,4.82413,3.93728,0.8,0,1
13051,player,0.400201,3.96223,-0.000244908,0.000255357,1
13051,bullet1,9.38847,3.34886,0.8,0,1
13052,flyer2,2.99999,10.3751,-0.3,0,2
13052,bullet2,12.8,3.35013,0.8,0,1
13054,bullet6,8.85363,3.90652,0.8,0,1
13055,flyer1,1.49999,10.3751,-0.3,0,2
13055,bullet3,8.82413,3.93728,0.8,0,1
13056,player,1.00232,3.36012,0.0138351,-0.0138349,1
13056,bullet1,13.3885,3.34886,0.8,0,1
13057,flyer2,1.49999,10.3751,-0.3,0,2
13058,bullet4,0.921969,3.35109,0.8,0,1
13059,bullet6,12.8536,3.90652,0.8,0,1
13060,flyer1,-6.4373e-06,10.3751,-0.3,0,2
13060,bullet3,12.8241,3.93728,0.8,0,1
13061,player,0.411115,3.83838,-0.0135843,0.15162,1
13062,flyer2,-6.4373e-06,10.3751,-0.3,0,2
13063,bullet4,4.92197,3.35109,0.8,0,1
13064,flyer5,16.5,10.3751,-0.285331,0.0926611,2
13064,bullet6,16.8536,3.90652,0.8,0,1
13065,flyer6,16.5,6.85844,-0.292812,0.0652777,2
13065,bullet3,16.8241,3.93728,0.8,0,1
13066,player,0.957924,3.62265,0.0680931,-0.334702,1
13066,flayer8,16.5,10.3751,-0.271229,0.128199,2
13067,bullet5,1.38857,3.47203,0.8,0,1
13068,bullet4,8.92197,3.35109,0.8,0,1
13069,flyer5,15.0733,10.8384,-0.285331,0.0926611,2
13070,flyer6,15.0359,7.18483,-0.292812,0.0652777,2
13071,player,1.50198,2.79613,0.153132,-0.0745199,1
13071,flayer8,15.1439,11.0161,-0.271229,0.128199,2
13072,bullet5,5.38857,3.47203,0.8,0,1
13072,bullet2,1.97089,2.7626,0.8,0,1
13073,bullet4,12.922,3.35109,0.8,0,1
13074,flyer5,13.6467,11.3017,-0.285331,0.0926611,2
13075,flyer6,13.5719,7.51122,-0.292812,0.0652777,2
13076,player,1.06724,3.29401,-0.065518,0.0669686,1
13076,flayer8,13.7877,11.6571,-0.271229,0.128199,2
13077,bullet5,9.38857,3.47203,0.8,0,1
13077,bullet2,5.97089,2.7626,0.8,0,1
13079,flyer5,12.22,11.765,-0.285331,0.0926611,2
13080,flyer6,12.1078,7.8376,-0.292812,0.0652777,2
13080,bullet1,0.827362,3.93503,0.8,0,1
13081,player,0.412313,3.9501,-0.0150486,0.0150754,1
13081,flayer8,12.4316,12.2981,-0.271229,0.128199,2
13082,bullet5,13.3886,3.47203,0.8,0,1
13082,bullet2,9.97089,2.7626,0.8,0,1
13083,bullet6,0.802494,3.95994,0.8,0,1
13084,flyer5,10.7934,12.2283,-0.285331,0.0926611,2
13085,flyer6,10.6438,8.16399,-0.292812,0.0652777,2
13085,bullet1,4.82736,3.93503,0.8,0,1
13086,player,0.400228,3.96221,-0.000277689,0.000278183,1
13086,flayer8,11.0754,12.9391,-0.271229,0.128199,2
13086,bullet3,0.000228137,3.96221,-0.8,-6.99382e-08,1
13087,bullet2,13.9709,2.7626,0.8,0,1
13087,bullet4,0.800103,3.96233,0.8,0,1
13088,bullet6,4.80249,3.95994,0.8,0,1
13089,flyer5,9.36671,12.6916,-0.285331,0.0926611,2
13090,flyer6,9.17969,8.49038,-0.292812,0.0652777,2
13090,bullet1,8.82736,3.93503,0.8,0,1
13091,player,0.4,3.40471,0,-0.0683386,1
13091,flayer8,9.71928,13.5801,-0.271229,0.128199,2
13092,bullet4,4.8001,3.96233,0.8,0,1
13093,bullet6,8.8025,3.95994,0.8,0,1
13094,flyer5,7.94005,13.1549,-0.285331,0.0926611,2
13095,flyer6,7.71563,8.81677,-0.292812,0.0652777,2
13095,bullet1,12.8274,3.93503,0.8,0,1
13096,player,0.4,3.12961,-0,0.267895,1
13096,flayer8,8.36314,14.221,-0.271229,0.128199,2
13097,bullet4,8.8001,3.96233,0.8,0,1
13098,bullet6,12.8025,3.95994,0.8,0,1
13099,flyer5,6.51339,13.6182,-0.285331,0.0926611,2
13099,bullet5,0,2.7711,-0.8,-6.99382e-08,1
13100,flyer6,6.25157,9.14316,-0.292812,0.0652777,2
13100,bullet3,0,2.75133,-0.8,-6.99382e-08,1
13101,player,0.4,2.74244,0,-0.00889619,1
13101,flayer8,7.00699,14.862,-0.271229,0.128199,2
13102,bullet4,12.8001,3.96233,0.8,0,1
13102,bullet2,0.8,2.73843,0.8,0,1
13104,flyer5,5.08674,14.0815,-0.285331,0.0926611,2
13104,bullet1,0.8,2.73582,0.8,0,1
13105,flyer6,4.78751,9.46955,-0.292812,0.0652777,2
13106,player,0.7375,2.39779,0.3375,-0.337664,1
13106,flayer8,5.65085,15.503,-0.271229,0.128199,2
13107,bullet2,4.8,2.73843,0.8,0,1
13109,flyer5,3.66008,14.5448,-0.285331,0.0926611,2
13109,bullet1,4.8,2.73582,0.8,0,1
13110,flyer6,3.32345,9.79595,-0.292812,0.0652777,2
13110,bullet5,0.912938,2.62223,0.8,0,1
13111,player,0.450822,2.68434,-0.0621159,0.0621129,1
13111,flayer8,4.2947,16.144,-0.271229,0.128199,2
13112,bullet2,8.8,2.73843,0.8,0,1
13112,bullet3,0.82287,2.71229,0.8,0,1
13114,flyer5,2.23342,15.0081,-0.285331,0.0926611,2
13114,bullet1,8.8,2.73582,0.8,0,1
13115,flyer6,1.85939,10.1223,-0.292812,0.0652777,2
13115,bullet5,4.91294,2.62223,0.8,0,1
13116,player,0.4,2.73422,-0,0.00114616,1
13117,bullet2,12.8,2.73843,0.8,0,1
13117,bullet3,4.82287,2.71229,0.8,0,1
13119,flyer5,0.806767,15.4714,-0.285331,0.0926611,2
13119,bullet1,12.8,2.73582,0.8,0,1
13120,flyer6,0.395333,10.4487,-0.292812,0.0652777,2
13120,bullet5,8.91294,2.62223,0.8,0,1
13121,player,1.56003,3.33746,0.0821834,0.0138608,1
13122,bullet3,8.82287,2.71229,0.8,0,1
13124,bullet1,16.8,2.73582,0.8,0,1
13125,flyer3,16.5,6.85844,-0.3,0,2
13125,bullet5,12.9129,2.62223,0.8,0,1
13126,player,0.47984,3.90631,-0.0975819,0.0685995,1
13126,flayer7,16.5,6.85844,-0.293378,-0.0626851,2
13126,bullet6,0.87984,3.90631,0.8,0,1
13127,bullet3,12.8229,2.71229,0.8,0,1
13127,bullet4,0.835928,3.93717,0.8,0,1
13130,flyer3,15,6.85844,-0.3,0,2
13131,player,0.4,3.9614,0,0.00126585,1
13131,flayer7,15.0331,6.54502,-0.293378,-0.0626851,2
13131,bullet6,4.87984,3.90631,0.8,0,1
13131,bullet2,0.8,3.9614,0.8,0,1
13132,bullet4,4.83593,3.93717,0.8,0,1
13133,bullet1,0.8,3.96222,0.8,0,1
13135,flyer3,13.5,6.85844,-0.3,0,2
13136,player,0.4,3.96241,0,2.33586e-05,1
13136,flayer7,13.5662,6.23159,-0.293378,-0.0626851,2
13136,bullet6,8.87984,3.90631,0.8,0,1
13136,bullet2,4.8,3.9614,0.8,0,1
13137,bullet4,8.83593,3.93717,0.8,0,1
13138,bullet1,4.8,3.96222,0.8,0,1
13140,flyer3,12,6.85844,-0.3,0,2
13141,player,0.4,4.5509,0,0.0307551,1
13141,flayer7,12.0993,5.91817,-0.293378,-0.0626851,2
13141,bullet6,12.8798,3.90631,0.8,0,1
13141,bullet2,8.8,3.9614,0.8,0,1
13142,bullet4,12.8359,3.93717,0.8,0,1
13143,bullet1,8.8,3.96222,0.8,0,1
13145,flyer3,10.5,6.85844,-0.3,0,2
13146,player,0.4,3.98713,0,-0.0301872,1
13146,flayer7,10.6324,5.60474,-0.293378,-0.0626851,2
13146,bullet2,12.8,3.9614,0.8,0,1
13146,bullet5,0.8,3.98713,0.8,0,1
13148,bullet1,12.8,3.96222,0.8,0,1
13148,bullet3,0.8,3.96743,0.8,0,1
13150,flyer3,9,6.85844,-0.3,0,2
13151,player,0.889375,3.47351,0.151875,-0.152432,1
13151,flayer7,9.16555,5.29132,-0.293378,-0.0626851,2
13151,bullet5,4.8,3.98713,0.8,0,1
13151,bullet6,0.489375,3.47351,-0.8,-6.99382e-08,1
13153,bullet3,4.8,3.96743,0.8,0,1
13155,flyer3,7.5,6.85844,-0.3,0,2
13155,bullet4,1.40854,3.84328,0.8,0,1
13156,player,1.01134,3.90881,0.00280252,0.0655309,1
13156,flayer7,7.69866,4.97789,-0.293378,-0.0626851,2
13156,bullet5,8.8,3.98713,0.8,0,1
13157,bullet2,1.4126,3.9383,0.8,0,1
13158,bullet3,8.8,3.96743,0.8,0,1
13160,flyer3,5.99999,6.85844,-0.3,0,2
13160,bullet4,5.40854,3.84328,0.8,0,1
13161,player,0.425121,3.96144,-0.030703,0.00120923,1
13161,flayer7,6.23178,4.66447,-0.293378,-0.0626851,1
13161,bullet5,12.8,3.98713,0.8,0,1
13161,explosion2,6.20854,3.84328,-0.293378,-0.0626851,1
13162,explosion3,5.4126,3.9383,-0.293378,-0.0626851,1
13162,explosion4,5.9384,4.60178,-0.293378,-0.0626851,1
13163,bullet3,12.8,3.96743,0.8,0,1
13165,flyer3,4.49999,6.85844,-0.3,0,2
13166,player,1.00278,3.97625,0.0132731,-0.0168928,1
13166,explosion2,4.74165,3.52986,-0.293378,-0.0626851,1
13167,explosion3,3.94572,3.62488,-0.293378,-0.0626851,1
13167,explosion4,4.47151,4.28836,-0.293378,-0.0626851,1
13167,bullet1,1.40875,3.96865,0.8,0,1
13168,bullet6,1.41144,3.96523,0.8,0,1
13170,flyer3,2.99999,6.85844,-0.3,0,2
13170,flyer4,16.5,6.85844,-0.3,0,2
13171,player,1.01344,3.47331,0.000244925,-0.152187,1
13172,bullet1,5.40875,3.96865,0.8,0,1
13172,bullet4,1.41355,3.40482,0.8,0,1
13173,bullet6,5.41144,3.96523,0.8,0,1
13175,flyer3,1.49999,6.85844,-0.3,0,2
13175,flyer4,15,6.85844,-0.3,0,2
13176,player,0.945289,2.304,0.0835358,-0.223027,1
13177,bullet1,9.40875,3.96865,0.8,0,1
13177,bullet4,5.41355,3.40482,0.8,0,1
13178,bullet6,9.41144,3.96523,0.8,0,1
13180,flyer3,-6.4373e-06,6.85844,-0.3,0,2
13180,flyer4,13.5,6.85844,-0.3,0,2
13181,player,0.4,3.80505,-0,0.192354,1
13182,bullet1,13.4088,3.96865,0.8,0,1
13182,bullet4,9.41355,3.40482,0.8,0,1
13183,bullet6,13.4114,3.96523,0.8,0,1
13185,flyer4,12,6.85844,-0.3,0,2
13185,bullet2,0.899099,3.95598,0.8,0,1
13186,player,0.444594,3.95953,-0.0545041,0.00354947,1
13187,flyer1,16.5,3.01564,-0.3,0,2
13187,bullet4,13.4135,3.40482,0.8,0,1
13187,bullet5,0.820068,3.96112,0.8,0,1
13189,explosion5,15.0135,3.40482,-0.3,0,1
13190,flyer4,10.5,6.85844,-0.3,0,2
13190,bullet2,4.8991,3.95598,0.8,0,1
13191,player,0.738323,3.62488,0.336494,-0.337435,1
13192,flyer1,15,3.01564,-0.3,0,1
13192,bullet5,4.82007,3.96112,0.8,0,1
13192,bullet3,1.28975,3.47303,0.8,0,1
13194,bullet1,1.38855,3.37395,0.8,0,1
13195,flyer4,9,6.85844,-0.3,0,2
13195,bullet2,8.8991,3.95598,0.8,0,1
13196,player,0.519181,3.84326,-0.145666,0.145648,1
13197,flyer1,13.5,3.01564,-0.3,0,1
13197,bullet5,8.82007,3.96112,0.8,0,1
13197,bullet3,5.28975,3.47303,0.8,0,1
13199,bullet1,5.38855,3.37395,0.8,0,1
13200,flyer4,7.5,6.85844,-0.3,0,2
13200,bullet2,12.8991,3.95598,0.8,0,1
13201,player,0.959918,4.51795,0.0656558,0.0710314,1
13202,flyer1,12,3.01564,-0.3,0,1
13202,bullet5,12.8201,3.96112,0.8,0,1
13202,bullet3,9.28975,3.47303,0.8,0,1
13204,bullet1,9.38855,3.37395,0.8,0,1
13204,explosion6,10.8897,3.47303,-0.3,0,1
13204,explosion7,11.4,3.01564,-0.3,0,1
13204,bullet6,1.40874,4.57077,0.8,0,1
13205,flyer4,5.99999,6.85844,-0.3,0,2
13206,player,1.01265,4.57499,0.00121153,0.00131073,1
13206,bullet4,1.41265,4.57499,0.8,0,1
13208,bullet3,1.41344,4.57585,0.8,0,1
13209,bullet1,13.3886,3.37395,0.8,0,1
13209,explosion7,9.9,3.01564,-0.3,0,1
13209,bullet6,5.40874,4.57077,0.8,0,1
13210,flyer4,4.49999,6.85844,-0.3,0,2
13211,player,1.35112,4.91355,0.337522,0.337524,1
13211,bullet4,5.41265,4.57499,0.8,0,1
13213,bullet3,5.41344,4.57585,0.8,0,1
13214,bullet6,9.40874,4.57077,0.8,0,1
13215,flyer4,2.99999,6.85844,-0.3,0,2
13216,player,1.35736,6.2763,0.329889,0.171943,1
13216,bullet4,9.41265,4.57499,0.8,0,1
