19001,player,6.94199,12.7054,0,0,1
19004,bullet1,6.78427,12.7054,0.8,0,1
19006,player,5.8503,13.1948,-0.165715,0.151875,1
19009,bullet1,10.7843,12.7054,0.8,0,1
19010,bullet2,7.26647,13.3447,0.8,0,1
19011,player,6.908,13.3306,0.0415364,-0.0141126,1
19012,bullet3,7.3267,13.3242,0.8,0,1
19014,bullet1,14.7843,12.7054,0.8,0,1
19014,bullet4,7.33889,13.3201,0.8,0,1
19015,bullet2,11.2665,13.3447,0.8,0,1
19016,player,6.94136,13.3192,0.000766463,-0.000260416,1
19017,bullet3,11.3267,13.3242,0.8,0,1
19017,bullet5,7.34171,13.3191,0.8,0,1
19019,bullet4,11.3389,13.3201,0.8,0,1
19020,bullet2,15.2665,13.3447,0.8,0,1
19021,player,6.4526,13.319,-0.151861,-4.80541e-06,1
19022,flyer1,16.5,4.3129,-0.3,0,2
19022,bullet3,15.3267,13.3242,0.8,0,1
19022,bullet5,11.3417,13.3191,0.8,0,1
19022,bullet6,6.78427,13.319,0.8,0,1
19024,bullet4,15.3389,13.3201,0.8,0,1
19025,bullet1,7.22282,13.319,0.8,0,1
19026,player,6.88836,13.319,0.0655415,-8.86734e-08,1
19027,flyer1,15,4.3129,-0.3,0,2
19027,bullet5,15.3417,13.3191,0.8,0,1
19027,bullet6,10.7843,13.319,0.8,0,1
19027,bullet2,7.31786,13.319,0.8,0,1
19030,bullet1,11.2228,13.319,0.8,0,1
19031,player,6.941,13.319,0.00120942,-1.63627e-09,1
19031,bullet3,7.341,13.319,0.8,0,1
19032,flyer1,13.5,4.3129,-0.3,0,2
19032,bullet6,14.7843,13.319,0.8,0,1
19032,bullet2,11.3179,13.319,0.8,0,1
19035,bullet1,15.2228,13.319,0.8,0,1
19035,bullet4,7.89967,12.7613,0.8,0,1
19036,player,7.53044,12.7305,0.030777,-0.0307547,1
19036,bullet3,11.341,13.319,0.8,0,1
19037,flyer1,12,4.3129,-0.3,0,2
19037,bullet2,15.3179,13.319,0.8,0,1
19038,bullet5,7.46115,12.2211,0.8,0,1
19040,bullet4,11.8997,12.7613,0.8,0,1
19041,player,7.10472,12.5929,-0.198897,0.137468,1
19041,bullet3,15.341,13.319,0.8,0,1
19042,flyer1,10.5,4.3129,-0.3,0,2
19043,flyer2,16.5,4.3129,-0.3,0,2
19043,bullet5,11.4611,12.2211,0.8,0,1
19045,bullet4,15.8997,12.7613,0.8,0,1
19046,player,7.50271,13.261,0.0646735,0.0708804,1
19046,flyer3,16.5,2.15442,-0.291714,0.070023,2
19047,flyer1,9,4.3129,-0.3,0,2
19047,bullet6,7.13181,13.2929,-0.8,-6.99382e-08,1
19048,flyer2,15,4.3129,-0.3,0,2
19048,bullet5,15.4612,12.2211,0.8,0,1
19050,bullet1,7.95345,12.7589,0.8,0,1
19051,player,7.55465,12.7295,0.00119341,-0.0294467,1
19051,flyer3,15.0414,2.50453,-0.291714,0.070023,2
19051,bullet2,7.95465,12.7295,0.8,0,1
19052,flyer1,7.5,4.3129,-0.3,0,2
19052,bullet6,3.13181,13.2929,-0.8,-6.99382e-08,1
19053,flyer2,13.5,4.3129,-0.3,0,2
19055,bullet1,11.9535,12.7589,0.8,0,1
19055,bullet3,7.39787,12.1486,0.8,0,1
19056,player,6.96713,12.1173,-0.0307327,-0.0312981,1
19056,flyer3,13.5829,2.85465,-0.291714,0.070023,2
19056,bullet2,11.9546,12.7295,0.8,0,1
19057,flyer1,5.99999,4.3129,-0.3,0,2
19058,flyer2,12,4.3129,-0.3,0,2
19060,bullet1,15.9535,12.7589,0.8,0,1
19060,bullet3,11.3979,12.1486,0.8,0,1
19061,player,5.26229,13.1701,-0.197036,0.182052,1
19061,flyer3,12.1243,3.20476,-0.291714,0.070023,2
19061,bullet2,15.9546,12.7295,0.8,0,1
19061,bullet4,5.66229,13.1701,0.8,0,1
19062,flyer1,4.49999,4.3129,-0.3,0,2
19063,flyer2,10.5,4.3129,-0.3,0,2
19064,bullet5,5.51577,13.7948,0.8,0,1
19065,bullet3,15.3979,12.1486,0.8,0,1
19066,player,5.10405,13.9047,-0.00363588,0.0341141,1
19066,flyer3,10.6657,3.55488,-0.291714,0.070023,2
19066,bullet4,9.66229,13.1701,0.8,0,1
19067,flyer1,2.99999,4.3129,-0.3,0,2
19068,flyer2,9,4.3129,-0.3,0,2
19069,bullet5,9.51577,13.7948,0.8,0,1
19071,player,4.66454,14.084,-0.216447,-0.184996,1
19071,flyer3,9.20716,3.90499,-0.291714,0.070023,2
19071,bullet4,13.6623,13.1701,0.8,0,1
19072,flyer1,1.49999,4.3129,-0.3,0,2
19073,flyer2,7.5,4.3129,-0.3,0,2
19074,bullet5,13.5158,13.7948,0.8,0,1
19074,bullet6,4.41421,13.9464,0.8,0,1
19076,player,3.90224,13.9354,-0.0347487,-0.00341369,1
19076,flyer3,7.74859,4.25511,-0.291714,0.070023,2
19077,flyer1,-6.4373e-06,4.3129,-0.3,0,2
19078,flyer2,5.99999,4.3129,-0.3,0,2
19078,bullet1,4.76894,13.4438,0.8,0,1
19079,bullet6,8.41421,13.9464,0.8,0,1
19081,player,4.47665,12.5035,0.0131984,-0.503278,1
19081,flyer3,6.29002,4.60523,-0.291714,0.070023,2
19083,flyer2,4.49999,4.3129,-0.3,0,2
19083,bullet1,8.76894,13.4438,0.8,0,1
19083,bullet2,4.88526,12.1751,0.8,0,1
19084,bullet6,12.4142,13.9464,0.8,0,1
19086,player,4.48725,12.0993,0.000243548,-0.00928689,1
19086,flyer3,4.83145,4.95534,-0.291714,0.070023,2
19087,bullet3,4.88736,12.0952,0.8,0,1
19088,flyer2,2.99999,4.3129,-0.3,0,2
19088,bullet1,12.7689,13.4438,0.8,0,1
19088,bullet2,8.88526,12.1751,0.8,0,1
19090,bullet4,4.88744,12.0921,0.8,0,1
19091,player,4.48744,12.0919,4.49414e-06,-0.000171369,1
19091,flyer3,3.37288,5.30546,-0.291714,0.070023,2
19092,bullet3,8.88736,12.0952,0.8,0,1
19093,flyer2,1.49999,4.3129,-0.3,0,2
19093,bullet2,12.8853,12.1751,0.8,0,1
19095,bullet4,8.88744,12.0921,0.8,0,1
19095,bullet5,4.39807,12.5811,0.8,0,1
19096,player,3.92973,12.6495,-0.0683437,0.0683406,1
19096,flyer3,1.91432,5.65557,-0.291714,0.070023,2
19097,bullet3,12.8874,12.0952,0.8,0,1
19098,flyer2,-6.4373e-06,4.3129,-0.3,0,2
19099,bullet6,4.2789,12.7003,0.8,0,1
19100,bullet4,12.8874,12.0921,0.8,0,1
19100,bullet5,8.39807,12.5811,0.8,0,1
19101,player,3.87484,12.7044,-0.00126113,0.00126108,1
19101,flyer3,0.455749,6.00569,-0.291714,0.070023,2
19104,bullet6,8.2789,12.7003,0.8,0,1
19104,bullet1,4.83162,12.1476,0.8,0,1
19105,bullet4,16.8874,12.0921,0.8,0,1
19105,bullet5,12.3981,12.5811,0.8,0,1
19106,player,4.47614,12.5924,0.0138163,0.138059,1
19106,flyer4,16.5,2.15442,-0.3,0,2
19108,bullet2,4.88516,12.6825,0.8,0,1
19109,bullet6,12.2789,12.7003,0.8,0,1
19109,bullet1,8.83162,12.1476,0.8,0,1
19110,bullet5,16.3981,12.5811,0.8,0,1
19111,player,4.48724,12.7033,0.00025495,0.00254757,1
19111,flyer4,15,2.15442,-0.3,0,2
19111,bullet3,4.88724,12.7033,0.8,0,1
19113,bullet2,8.88516,12.6825,0.8,0,1
19114,bullet6,16.2789,12.7003,0.8,0,1
19114,bullet1,12.8316,12.1476,0.8,0,1
19116,player,3.99807,12.7053,-0.15187,4.70098e-05,1
19116,flyer4,13.5,2.15442,-0.3,0,2
19116,bullet3,8.88724,12.7033,0.8,0,1
19117,bullet4,4.32972,12.7054,0.8,0,1
19118,bullet2,12.8852,12.6825,0.8,0,1
19121,player,4.2136,11.29,0.334698,-0.520129,1
19121,flyer4,12,2.15442,-0.3,0,2
19121,bullet3,12.8872,12.7033,0.8,0,1
19122,bullet4,8.32973,12.7054,0.8,0,1
19123,flyer5,16.5,2.15442,-0.3,0,2
19124,bullet5,4.86249,10.9033,0.8,0,1
19125,bullet6,4.87621,10.8819,0.8,0,1
19126,player,4.48239,10.8723,0.00617611,-0.00959784,1
19126,flyer4,10.5,2.15442,-0.3,0,2
19127,bullet4,12.3297,12.7054,0.8,0,1
19128,flyer5,15,2.15442,-0.3,0,2
19129,bullet5,8.86249,10.9033,0.8,0,1
19130,bullet6,8.87622,10.8819,0.8,0,1
19131,player,5.5652,10.7517,0.182744,0.137858,1
19131,flyer4,9,2.15442,-0.3,0,2
19132,bullet4,16.3297,12.7054,0.8,0,1
19133,flyer5,13.5,2.15442,-0.3,0,2
19134,bullet5,12.8625,10.9033,0.8,0,1
19135,bullet6,12.8762,10.8819,0.8,0,1
19136,player,5.17799,10.2601,-0.0939987,-0.0112957,1
19136,flyer4,7.5,2.15442,-0.3,0,2
19137,bullet1,5.53569,10.255,0.8,0,1
19138,flyer5,12,2.15442,-0.3,0,2
19138,bullet2,5.51665,10.2527,0.8,0,1
19141,player,5.1025,10.251,-0.00173454,-0.000208438,1
19141,flyer4,5.99999,2.15442,-0.3,0,2
19141,bullet3,5.5025,10.251,0.8,0,1
19142,bullet1,9.53569,10.255,0.8,0,1
19142,bullet4,5.50172,10.2509,0.8,0,1
19143,flyer5,10.5,2.15442,-0.3,0,2
19143,bullet2,9.51665,10.2527,0.8,0,1
19146,player,5.10111,10.2508,-3.20072e-05,-3.84627e-06,1
19146,flyer4,4.49999,2.15442,-0.3,0,2
19146,bullet3,9.5025,10.251,0.8,0,1
19147,bullet1,13.5357,10.255,0.8,0,1
19147,bullet4,9.50172,10.2509,0.8,0,1
19148,flyer5,9,2.15442,-0.3,0,2
19148,bullet2,13.5167,10.2527,0.8,0,1
19151,player,6.04089,11.1907,0.351339,0.35134,1
19151,flyer4,2.99999,2.15442,-0.3,0,2
19151,bullet3,13.5025,10.251,0.8,0,1
19152,bullet4,13.5017,10.2509,0.8,0,1
19153,flyer5,7.5,2.15442,-0.3,0,2
19155,flyer6,16.5,5.583,-0.3,0,2
19155,bullet5,6.12809,12.5442,0.8,0,1
19156,player,5.72074,12.6328,-0.00735642,0.0886666,1
19156,flyer4,1.49999,2.15442,-0.3,0,2
19158,flyer5,5.99999,2.15442,-0.3,0,2
19158,bullet6,6.11594,12.6907,0.8,0,1
19159,bullet1,6.11527,12.6988,0.8,0,1
19160,flyer6,15,5.583,-0.3,0,2
19160,bullet5,10.1281,12.5442,0.8,0,1
19161,player,5.71483,12.704,-0.000135747,0.00163615,1
19161,flyer4,-6.4373e-06,2.15442,-0.3,0,2
19161,bullet2,6.11483,12.704,0.8,0,1
19163,flyer5,4.49999,2.15442,-0.3,0,2
19163,bullet6,10.1159,12.6907,0.8,0,1
19164,bullet1,10.1153,12.6988,0.8,0,1
19165,flyer6,13.5,5.583,-0.3,0,2
19165,bullet5,14.1281,12.5442,0.8,0,1
19166,player,5.11241,13.2631,-0.0138421,0.0683739,1
19166,bullet2,10.1148,12.704,0.8,0,1
19168,flyer5,2.99999,2.15442,-0.3,0,2
19168,bullet6,14.1159,12.6907,0.8,0,1
19169,bullet1,14.1153,12.6988,0.8,0,1
19170,flyer6,12,5.583,-0.3,0,2
19171,player,4.61192,13.2497,-0.15213,0.0847929,1
19171,bullet2,14.1148,12.704,0.8,0,1
19172,flayer7,16.5,0.514249,-0.232301,-0.189832,2
19172,bullet3,4.94346,13.2878,0.8,0,1
19173,flyer5,1.49999,2.15442,-0.3,0,2
19175,flyer6,10.5,5.583,-0.3,0,2
19175,bullet4,4.89255,13.3162,0.8,0,1
19176,player,4.48974,13.3177,-0.00280723,0.00156467,1
19177,flayer7,15.3385,-0.434909,-0.232301,-0.189832,2
19177,bullet3,8.94346,13.2878,0.8,0,1
19178,flyer5,-6.4373e-06,2.15442,-0.3,0,2
19180,flyer6,9,5.583,-0.3,0,2
19180,flayer8,16.5,0.514249,-0.259131,0.151166,2
19180,bullet4,8.89255,13.3162,0.8,0,1
19181,player,4.53208,12.7167,-0.0545559,-0.0138107,1
19181,bullet5,4.13208,12.7167,-0.8,-6.99382e-08,1
19182,bullet3,12.9435,13.2878,0.8,0,1
19182,bullet6,4.90753,12.7105,0.8,0,1
19185,flyer6,7.5,5.583,-0.3,0,2
19185,flayer8,15.2043,1.27008,-0.259131,0.151166,2
19185,bullet4,12.8926,13.3162,0.8,0,1
19186,player,4.48827,13.2633,-0.00100671,0.0680889,1
19186,bullet5,0.132083,12.7167,-0.8,-6.99382e-08,1
19187,bullet6,8.90753,12.7105,0.8,0,1
19187,bullet1,4.88782,13.294,0.8,0,1
19189,bullet2,4.88752,13.314,0.8,0,1
19190,flyer6,5.99999,5.583,-0.3,0,2
19190,flayer8,13.9087,2.02591,-0.259131,0.151166,2
19191,player,4.48746,12.9805,-1.85766e-05,-0.336244,1
19192,bullet6,12.9075,12.7105,0.8,0,1
19192,bullet1,8.88782,13.294,0.8,0,1
19192,bullet3,4.88745,12.8292,0.8,0,1
19194,bullet2,8.88752,13.314,0.8,0,1
19195,flyer6,4.49999,5.583,-0.3,0,2
19195,flayer8,12.613,2.78174,-0.259131,0.151166,2
19196,player,4.48745,12.7105,-3.42791e-07,-0.00620464,1
19197,bullet1,12.8878,13.294,0.8,0,1
19197,bullet3,8.88745,12.8292,0.8,0,1
19199,bullet2,12.8875,13.314,0.8,0,1
19199,bullet5,4.39807,13.1952,0.8,0,1
19200,flyer6,2.99999,5.583,-0.3,0,2
19200,flayer8,11.3174,3.53757,-0.259131,0.151166,2
19201,player,3.89897,13.294,-0.0307547,0.0306402,1
19202,bullet3,12.8875,12.8292,0.8,0,1
19204,bullet5,8.39807,13.1952,0.8,0,1
19205,flyer6,1.49999,5.583,-0.3,0,2
19205,flayer8,10.0217,4.2934,-0.259131,0.151166,2
19206,player,3.87428,14.4103,-0.000567511,0.16628,1
19207,flyer1,16.5,0.514249,-0.252567,0.161896,2
19209,bullet5,12.3981,13.1952,0.8,0,1
19209,bullet4,3.78448,14.5339,0.8,0,1
19210,flyer6,-6.4373e-06,5.583,-0.3,0,2
19210,flayer8,8.72609,5.04923,-0.259131,0.151166,2
19211,player,3.28535,14.8813,-0.0307652,0.340568,1
19212,flyer1,15.2372,1.32373,-0.252567,0.161896,2
19214,bullet5,16.3981,13.1952,0.8,0,1
19214,bullet4,7.78448,14.5339,0.8,0,1
19214,bullet6,3.66247,14.5768,0.8,0,1
19215,flayer8,7.43043,5.80506,-0.259131,0.151166,2
19216,player,3.59814,14.5525,0.336932,-0.00755517,1
19217,flyer1,13.9743,2.1332,-0.252567,0.161896,2
19219,bullet4,11.7845,14.5339,0.8,0,1
19219,bullet6,7.66247,14.5768,0.8,0,1
19219,bullet1,3.93806,15.0362,-0.8,-6.99382e-08,1
19220,flayer8,6.13478,6.56089,-0.259131,0.151166,2
19221,player,4.7947,14.7974,0.374472,-0.306885,1
19222,flyer1,12.7115,2.94268,-0.252567,0.161896,2
19222,bullet2,5.36321,14.6593,0.8,0,1
19224,bullet4,15.7845,14.5339,0.8,0,1
19224,bullet6,11.6625,14.5768,0.8,0,1
19224,bullet1,-0.0619372,15.0362,-0.8,-6.99382e-08,1
19225,flayer8,4.83912,7.31672,-0.259131,0.151166,2
19225,bullet3,5.97789,14.5566,0.8,0,1
19226,player,5.65315,14.5509,0.0752538,-0.00566289,1
19227,flyer1,11.4487,3.75216,-0.252567,0.161896,2
19227,bullet2,9.36321,14.6593,0.8,0,1
19229,bullet6,15.6625,14.5768,0.8,0,1
19229,bullet5,5.55139,15.1044,0.8,0,1
19230,flayer8,3.54347,8.07255,-0.259131,0.151166,2
19230,bullet3,9.97789,14.5566,0.8,0,1
19231,player,5.44877,14.8112,0.325049,-0.323765,1
19232,flyer1,10.1858,4.56164,-0.252567,0.161896,2
19232,bullet2,13.3632,14.6593,0.8,0,1
19232,bullet4,5.99504,14.6655,0.8,0,1
19234,bullet5,9.55139,15.1044,0.8,0,1
19235,flayer8,2.24781,8.82838,-0.259131,0.151166,2
19235,bullet3,13.9779,14.5566,0.8,0,1
19236,player,6.04731,14.8887,0.343498,0.331526,1
19237,flyer1,8.92301,5.37112,-0.252567,0.161896,2
19237,bullet4,9.99504,14.6655,0.8,0,1
19239,bullet5,13.5514,15.1044,0.8,0,1
19239,bullet1,6.21337,14.6458,0.8,0,1
19240,flayer8,0.952158,9.58421,-0.259131,0.151166,2
19241,player,5.39719,14.904,-0.361916,0.312863,1
19242,flyer1,7.66018,6.18059,-0.252567,0.161896,2
19242,bullet4,13.995,14.6655,0.8,0,1
19242,bullet6,5.63433,15.0447,0.8,0,1
19244,bullet1,10.2134,14.6458,0.8,0,1
19244,bullet2,5.52806,15.1366,0.8,0,1
19245,flayer8,-0.343496,10.34,-0.259131,0.151166,2
19246,player,5.10654,15.1552,-0.00667837,0.0057732,1
19247,flyer1,6.39735,6.99007,-0.252567,0.161896,2
19247,bullet6,9.63433,15.0447,0.8,0,1
19249,bullet1,14.2134,14.6458,0.8,0,1
19249,bullet2,9.52806,15.1366,0.8,0,1
19251,player,5.07043,15.6,0.0374658,0,1
19251,bullet3,5.47043,15.6,0.8,0,1
19252,flyer1,5.13451,7.79955,-0.252567,0.161896,2
19252,bullet6,13.6343,15.0447,0.8,0,1
19254,bullet2,13.5281,15.1366,0.8,0,1
19254,bullet5,5.49829,15.0423,0.8,0,1
19256,player,4.61114,14.5083,-0.151184,-0.165715,1
19256,bullet3,9.47043,15.6,0.8,0,1
19257,flyer1,3.87168,8.60903,-0.252567,0.161896,2
19257,bullet4,4.94311,14.4337,0.8,0,1
19259,bullet5,9.49829,15.0423,0.8,0,1
19261,player,4.70994,13.48,-0.271946,-0.408902,1
19261,bullet3,13.4704,15.6,0.8,0,1
19262,flyer1,2.60885,9.41851,-0.252567,0.161896,2
19262,bullet4,8.94311,14.4337,0.8,0,1
19262,bullet1,4.98757,13.296,0.8,0,1
19264,bullet5,13.4983,15.0423,0.8,0,1
19266,player,5.53864,13.1516,0.215201,-0.00754539,1
19267,flyer1,1.34602,10.228,-0.252567,0.161896,2
19267,bullet4,12.9431,14.4337,0.8,0,1
19267,bullet1,8.98757,13.296,0.8,0,1
19268,flyer2,16.5,11.6606,-0.3,0,2
19268,bullet6,6.07906,13.1467,0.8,0,1
19271,player,5.71147,13.7033,0.00397106,0.0682045,1
19271,bullet2,6.11147,13.7033,0.8,0,1
19272,flyer1,0.0831833,11.0375,-0.252567,0.161896,2
19272,bullet1,12.9876,13.296,0.8,0,1
19272,bullet3,5.31325,13.734,-0.8,-6.99382e-08,1
19273,flyer2,15,11.6606,-0.3,0,2
19273,bullet6,10.0791,13.1467,0.8,0,1
19276,player,5.37716,13.7581,-0.337427,0.00125857,1
19276,bullet2,10.1115,13.7033,0.8,0,1
19277,bullet3,1.31325,13.734,-0.8,-6.99382e-08,1
19278,flyer2,13.5,11.6606,-0.3,0,2
19278,bullet6,14.0791,13.1467,0.8,0,1
19279,bullet5,6.01561,13.2696,0.8,0,1
19281,player,5.69465,13.5081,0.0245282,0.306769,1
19281,flyer3,16.5,0.514249,-0.3,0,2
19281,bullet2,14.1115,13.7033,0.8,0,1
19283,flyer2,12,11.6606,-0.3,0,2
19284,flyer4,16.5,0.514249,-0.290569,-0.0746291,2
19284,bullet5,10.0156,13.2696,0.8,0,1
19286,player,5.81344,14.8323,-0.120668,0.18829,1
19286,flyer3,15,0.514249,-0.3,0,2
19286,bullet4,6.21344,14.8323,0.8,0,1
19288,flyer2,10.5,11.6606,-0.3,0,2
19288,bullet1,5.33471,14.9552,-0.8,-6.99382e-08,1
19289,flyer4,15.0472,0.141104,-0.290569,-0.0746291,2
19289,bullet5,14.0156,13.2696,0.8,0,1
19291,player,6.27425,15.5412,0.0661171,0.0718182,1
19291,flyer3,13.5,0.514249,-0.3,0,2
19291,bullet4,10.2134,14.8323,0.8,0,1
19292,bullet3,6.70401,15.5736,0.8,0,1
19293,flyer2,9,11.6606,-0.3,0,2
19293,bullet1,1.33471,14.9552,-0.8,-6.99382e-08,1
19293,bullet6,6.71739,15.5881,0.8,0,1
19294,flyer4,13.5943,-0.232042,-0.290569,-0.0746291,2
19296,player,6.32735,15.5989,0.00122005,0.00132525,1
19296,flyer3,12,0.514249,-0.3,0,2
19296,bullet4,14.2134,14.8323,0.8,0,1
19296,bullet2,6.72735,15.5989,0.8,0,1
19297,bullet3,10.704,15.5736,0.8,0,1
19298,flyer2,7.5,11.6606,-0.3,0,2
19298,bullet6,10.7174,15.5881,0.8,0,1
19300,bullet5,6.72831,15.5999,0.8,0,1
19301,player,6.32833,15.6,2.25133e-05,2.44546e-05,1
19301,flyer3,10.5,0.514249,-0.3,0,2
19301,bullet2,10.7274,15.5989,0.8,0,1
19302,bullet3,14.704,15.5736,0.8,0,1
19303,flyer2,5.99999,11.6606,-0.3,0,2
19303,bullet6,14.7174,15.5881,0.8,0,1
19305,bullet5,10.7283,15.5999,0.8,0,1
19306,player,5.72603,15.6,-0.0138392,0,1
19306,flyer3,9,0.514249,-0.3,0,2
19306,bullet2,14.7274,15.5989,0.8,0,1
19308,flyer2,4.49999,11.6606,-0.3,0,2
19309,flayer7,16.5,0.710318,-0.3,0,2
19310,bullet5,14.7283,15.5999,0.8,0,1
19311,player,6.27264,15.6,0.0680884,0,1
19311,flyer3,7.5,0.514249,-0.3,0,2
19312,bullet1,6.70328,15.6,0.8,0,1
19313,flyer2,2.99999,11.6606,-0.3,0,2
19314,flayer7,15,0.710318,-0.3,0,2
19316,player,6.32732,15.3798,0.00125642,0.269156,1
19316,flyer3,5.99999,0.514249,-0.3,0,2
19317,bullet1,10.7033,15.6,0.8,0,1
19318,flyer2,1.49999,11.6606,-0.3,0,2
19319,flayer7,13.5,0.710318,-0.3,0,2
19321,player,6.32833,15.5276,2.31845e-05,0.0884979,1
19321,flyer3,4.49999,0.514249,-0.3,0,2
19322,bullet1,14.7033,15.6,0.8,0,1
19323,flyer2,-6.4373e-06,11.6606,-0.3,0,2
19324,flayer7,12,0.710318,-0.3,0,2
19325,flyer5,16.5,1.62264,-0.3,0,2
19325,flyer6,16.5,1.62264,-0.233085,0.188869,2
19326,player,6.28375,15.6,0.0545046,0,1
19326,flyer3,2.99999,0.514249,-0.3,0,2
19327,bullet4,6.70828,15.6,0.8,0,1
19329,flayer7,10.5,0.710318,-0.3,0,2
19329,bullet3,6.72428,15.6,0.8,0,1
19330,flyer5,15,1.62264,-0.3,0,2
19330,flyer6,15.3346,2.56698,-0.233085,0.188869,2
19330,bullet6,6.72652,15.6,0.8,0,1
19331,player,6.32752,15.6,0.00100576,0,1
19331,flyer3,1.49999,0.514249,-0.3,0,2
19332,bullet4,10.7083,15.6,0.8,0,1
19334,flayer7,9,0.710318,-0.3,0,2
19334,bullet3,10.7243,15.6,0.8,0,1
19334,bullet2,6.72827,15.6,0.8,0,1
19335,flyer5,13.5,1.62264,-0.3,0,2
19335,flyer6,14.1692,3.51133,-0.233085,0.188869,2
19335,bullet6,10.7265,15.6,0.8,0,1
19336,player,6.32833,15.6,1.85591e-05,0,1
19336,flyer3,-6.4373e-06,0.514249,-0.3,0,2
19337,bullet4,14.7083,15.6,0.8,0,1
19339,flayer7,7.5,0.710318,-0.3,0,2
19339,bullet3,14.7243,15.6,0.8,0,1
19339,bullet2,10.7283,15.6,0.8,0,1
19340,flyer5,12,1.62264,-0.3,0,2
19340,flyer6,13.0037,4.45568,-0.233085,0.188869,2
19340,bullet6,14.7265,15.6,0.8,0,1
19340,bullet5,5.92835,15.6,-0.8,-6.99382e-08,1
19341,player,6.32835,15.6,3.42468e-07,0,1
19344,flayer7,5.99999,0.710318,-0.3,0,2
19344,bullet2,14.7283,15.6,0.8,0,1
19344,bullet1,7.28606,15.6,0.8,0,1
19345,flyer5,10.5,1.62264,-0.3,0,2
19345,flyer6,11.8383,5.40002,-0.233085,0.188869,2
19345,bullet5,1.92834,15.6,-0.8,-6.99382e-08,1
19346,player,6.93066,15.6,0.0138396,0,1
19346,bullet4,7.33066,15.6,0.8,0,1
19349,flayer7,4.49999,0.710318,-0.3,0,2
19349,bullet1,11.2861,15.6,0.8,0,1
19350,flyer5,9,1.62264,-0.3,0,2
19350,flyer6,10.6729,6.34437,-0.233085,0.188869,2
19350,bullet3,6.26367,15.6,0.8,0,1
19351,player,5.78174,15.6,-0.081928,0,1
19351,bullet4,11.3307,15.6,0.8,0,1
19354,flayer7,2.99999,0.710318,-0.3,0,2
19354,bullet1,15.2861,15.6,0.8,0,1
19354,bullet6,5.5631,15.6,0.8,0,1
19355,flyer5,7.5,1.62264,-0.3,0,2
19355,flyer6,9.50746,7.28872,-0.233085,0.188869,2
19355,bullet3,10.2637,15.6,0.8,0,1
19356,player,5.11363,15.6,-0.0153514,0,1
19356,bullet4,15.3307,15.6,0.8,0,1
19356,bullet2,5.51363,15.6,0.8,0,1
19359,flayer7,1.49999,0.710318,-0.3,0,2
19359,bullet6,9.5631,15.6,0.8,0,1
19359,bullet5,5.50222,15.6,0.8,0,1
19360,flyer5,5.99999,1.62264,-0.3,0,2
19360,flyer6,8.34204,8.23307,-0.233085,0.188869,2
19360,bullet3,14.2637,15.6,0.8,0,1
19361,player,5.1013,15.6,-0.000283277,0,1
19361,bullet2,9.51363,15.6,0.8,0,1
19364,flayer7,-6.4373e-06,0.710318,-0.3,0,2
19364,bullet6,13.5631,15.6,0.8,0,1
19364,bullet5,9.50222,15.6,0.8,0,1
19365,flyer5,4.49999,1.62264,-0.3,0,2
19365,flyer6,7.17661,9.17741,-0.233085,0.188869,2
19366,player,6.02705,15.2625,0.368249,-0.3375,1
19366,bullet2,13.5136,15.6,0.8,0,1
19367,bullet1,6.59276,15.1106,0.8,0,1
19369,bullet5,13.5022,15.6,0.8,0,1
19369,bullet4,6.70089,15.0115,0.8,0,1
19370,flyer5,2.99999,1.62264,-0.3,0,2
19370,flyer6,6.01119,10.1218,-0.233085,0.188869,2
19371,player,6.32278,14.5021,0.00679524,-0.158103,1
19372,bullet1,10.5928,15.1106,0.8,0,1
19374,bullet4,10.7009,15.0115,0.8,0,1
19374,bullet3,6.17012,14.3845,0.8,0,1
19375,flyer5,1.49999,1.62264,-0.3,0,2
19375,flyer6,4.84577,11.0661,-0.233085,0.188869,2
19376,player,5.72593,14.3751,-0.0137142,-0.00291744,1
19376,bullet6,6.12593,14.3751,0.8,0,1
19377,bullet1,14.5928,15.1106,0.8,0,1
19379,bullet4,14.7009,15.0115,0.8,0,1
19379,bullet3,10.1701,14.3845,0.8,0,1
19380,flyer5,-6.4373e-06,1.62264,-0.3,0,2
19380,flyer6,3.68035,12.0105,-0.233085,0.188869,2
19381,player,5.18095,13.815,-0.0976239,-0.0683976,1
19381,bullet6,10.1259,14.3751,0.8,0,1
19383,flayer8,16.5,1.62264,-0.249729,-0.166239,2
19384,bullet3,14.1701,14.3845,0.8,0,1
19384,bullet2,5.01898,14.2536,0.8,0,1
19385,flyer6,2.51492,12.9548,-0.233085,0.188869,2
19386,player,4.51407,14.3486,-0.0325561,0.0294926,1
19386,bullet6,14.1259,14.3751,0.8,0,1
19386,bullet5,4.91407,14.3486,0.8,0,1
19387,bullet1,4.89942,14.3619,0.8,0,1
19388,flayer8,15.2514,0.791444,-0.249729,-0.166239,2
19389,bullet2,9.01898,14.2536,0.8,0,1
19389,bullet4,4.88986,14.3705,0.8,0,1
19390,flyer6,1.3495,13.8992,-0.233085,0.188869,2
19391,player,3.99855,14.8617,-0.152476,0.152419,1
19391,bullet5,8.91407,14.3486,0.8,0,1
19392,bullet1,8.89942,14.3619,0.8,0,1
19393,flayer8,14.0027,-0.0397505,-0.249729,-0.166239,2
19394,bullet2,13.019,14.2536,0.8,0,1
19394,bullet4,8.88986,14.3705,0.8,0,1
19395,flyer6,0.184078,14.8435,-0.233085,0.188869,2
19396,player,4.09632,15.2043,-0.27197,-0.266344,1
19396,bullet5,12.9141,14.3486,0.8,0,1
19397,bullet1,12.8994,14.3619,0.8,0,1
19399,flyer1,16.5,1.62264,-0.3,0,2
19399,bullet4,12.8899,14.3705,0.8,0,1
19399,bullet3,4.29408,15.0062,0.8,0,1
19401,player,3.87791,14.9904,-0.00501861,-0.00491479,1
19401,bullet6,4.27791,14.9904,0.8,0,1
19403,bullet2,4.27463,14.9872,0.8,0,1
19404,flyer1,15,1.62264,-0.3,0,2
19404,bullet3,8.29408,15.0062,0.8,0,1
19406,player,4.43159,14.9864,0.0682511,-9.06917e-05,1
19406,bullet6,8.27791,14.9904,0.8,0,1
19406,bullet5,4.83159,14.9864,0.8,0,1
19408,bullet2,8.27463,14.9872,0.8,0,1
19409,flyer1,13.5,1.62264,-0.3,0,2
19409,bullet3,12.2941,15.0062,0.8,0,1
19411,player,4.4864,14.9864,0.00125943,-1.67352e-06,1
19411,bullet6,12.2779,14.9904,0.8,0,1
19411,bullet5,8.83159,14.9864,0.8,0,1
19413,bullet2,12.2746,14.9872,0.8,0,1
19414,flyer1,12,1.62264,-0.3,0,2
19414,bullet3,16.2941,15.0062,0.8,0,1
19416,player,4.75223,15.6,-0.323637,0,1
19416,bullet6,16.2779,14.9904,0.8,0,1
19416,bullet5,12.8316,14.9864,0.8,0,1
19417,flyer4,16.5,12.2897,-0.287914,0.0842952,2
19417,bullet1,5.00659,15.6,0.8,0,1
19418,bullet2,16.2746,14.9872,0.8,0,1
19419,flyer1,10.5,1.62264,-0.3,0,2
19419,bullet4,4.91156,15.6,0.8,0,1
19420,bullet3,4.89829,15.6,0.8,0,1
19421,player,4.49232,15.6,-0.00597202,0,1
19422,flyer4,15.0604,12.7112,-0.287914,0.0842952,2
19422,bullet1,9.00659,15.6,0.8,0,1
19424,flyer1,9,1.62264,-0.3,0,2
19424,bullet4,8.91156,15.6,0.8,0,1
19425,bullet3,8.89829,15.6,0.8,0,1
19426,player,4.53211,15.0423,-0.0546143,-0.0683438,1
19426,bullet6,4.93211,15.0423,0.8,0,1
19427,flyer4,13.6209,13.1327,-0.287914,0.0842952,2
19427,bullet1,13.0066,15.6,0.8,0,1
19429,flyer1,7.5,1.62264,-0.3,0,2
19429,bullet4,12.9116,15.6,0.8,0,1
19430,bullet3,12.8983,15.6,0.8,0,1
19431,player,4.97763,14.498,0.150867,-0.153136,1
19431,bullet6,8.93211,15.0423,0.8,0,1
19432,flyer4,12.1813,13.5542,-0.287914,0.0842952,2
19432,bullet2,5.44552,14.4291,0.8,0,1
19434,flyer1,5.99999,1.62264,-0.3,0,2
19436,player,5.09879,14.375,0.00278392,-0.00282579,1
19436,bullet6,12.9321,15.0423,0.8,0,1
19436,bullet5,5.49879,14.375,0.8,0,1
19437,flyer4,10.7417,13.9756,-0.287914,0.0842952,2
19437,bullet2,9.44552,14.4291,0.8,0,1
19438,explosion1,10.2455,14.4291,-0.287914,0.0842952,1
19439,flyer1,4.49999,1.62264,-0.3,0,2
19441,player,4.49871,15.6,-0.0137882,0,1
19441,bullet5,9.49879,14.375,0.8,0,1
19441,explosion2,9.49879,14.375,-0.287914,0.0842952,1
19441,explosion3,9.59008,14.3128,-0.287914,0.0842952,1
19443,explosion1,8.80595,14.8506,-0.287914,0.0842952,1
19443,bullet1,5.37909,15.1106,0.8,0,1
19444,flyer1,2.99999,1.62264,-0.3,0,2
19445,bullet4,5.47637,15.0115,0.8,0,1
19446,player,5.08995,14.9977,0.0135852,-0.0138396,1
19446,explosion3,8.15051,14.7343,-0.287914,0.0842952,1
19447,flyer2,16.5,1.22439,-0.3,0,2
19448,bullet1,9.37909,15.1106,0.8,0,1
19449,flyer1,1.49999,1.62264,-0.3,0,2
19450,bullet4,9.47637,15.0115,0.8,0,1
19451,player,4.43021,13.9395,0.0699423,-0.220474,1
19452,flyer2,15,1.22439,-0.3,0,2
19452,bullet3,4.86168,13.8403,0.8,0,1
19453,bullet1,13.3791,15.1106,0.8,0,1
19453,bullet2,4.87585,13.7956,0.8,0,1
19454,flyer1,-6.4373e-06,1.62264,-0.3,0,2
19455,bullet4,13.4764,15.0115,0.8,0,1
19456,player,4.48638,13.7624,0.00129063,-0.00406837,1
19457,flyer2,13.5,1.22439,-0.3,0,2
19457,bullet3,8.86168,13.8403,0.8,0,1
19457,bullet6,4.88696,13.7606,0.8,0,1
19458,bullet2,8.87585,13.7956,0.8,0,1
19459,bullet5,4.88734,13.7594,0.8,0,1
19461,player,4.48742,14.2485,2.38158e-05,0.1518,1
19462,flyer2,12,1.22439,-0.3,0,2
19462,bullet3,12.8617,13.8403,0.8,0,1
19462,bullet6,8.88696,13.7606,0.8,0,1
19463,bullet2,12.8758,13.7956,0.8,0,1
19464,bullet5,8.88734,13.7594,0.8,0,1
19466,player,5.08975,14.9727,0.0138401,0.0166407,1
19467,flyer2,10.5,1.22439,-0.3,0,2
19467,bullet6,12.887,13.7606,0.8,0,1
19468,flyer3,16.5,1.22439,-0.251022,-0.164281,2
19469,bullet5,12.8873,13.7594,0.8,0,1
19469,bullet1,5.50004,14.4274,0.8,0,1
19471,player,5.10086,14.3838,0.000255388,-0.0135325,1
19472,flyer2,9,1.22439,-0.3,0,2
19473,flyer3,15.2449,0.402983,-0.251022,-0.164281,2
19474,flayer7,16.5,1.22439,-0.297045,-0.0420005,2
19474,bullet1,9.50004,14.4274,0.8,0,1
19475,bullet4,5.40196,14.2741,0.8,0,1
19476,player,5.05647,14.3283,0.0545089,0.0542544,1
19477,flyer2,7.5,1.22439,-0.3,0,2
19477,bullet3,5.481,14.3527,0.8,0,1
19478,flyer3,13.9898,-0.418421,-0.251022,-0.164281,2
19479,flayer7,15.0148,1.01438,-0.297045,-0.0420005,2
19479,bullet1,13.5,14.4274,0.8,0,1
19479,bullet2,4.69701,14.3687,-0.8,-6.99382e-08,1
19480,bullet4,9.40197,14.2741,0.8,0,1
19481,player,4.61087,14.8613,-0.150869,0.152876,1
19482,flyer2,5.99999,1.22439,-0.3,0,2
19482,bullet3,9.481,14.3527,0.8,0,1
19483,bullet6,4.91243,15.4504,0.8,0,1
19484,flayer7,13.5295,0.804383,-0.297045,-0.0420005,2
19484,bullet2,0.697006,14.3687,-0.8,-6.99382e-08,1
19485,bullet4,13.402,14.2741,0.8,0,1
19486,player,4.48971,15.097,-0.00278396,-0.135214,1
19487,flyer2,4.49999,1.22439,-0.3,0,2
19487,bullet3,13.481,14.3527,0.8,0,1
19488,bullet6,8.91243,15.4504,0.8,0,1
19489,flayer7,12.0443,0.59438,-0.297045,-0.0420005,2
19489,bullet5,4.88764,14.9964,0.8,0,1
19490,bullet1,4.88752,14.9909,0.8,0,1
19491,player,4.48747,14.9884,-5.13719e-05,-0.00249509,1
19492,flyer2,2.99999,1.22439,-0.3,0,2
19492,bullet2,4.88745,14.9873,0.8,0,1
19493,bullet6,12.9124,15.4504,0.8,0,1
19494,flayer7,10.5591,0.384378,-0.297045,-0.0420005,2
19494,bullet5,8.88764,14.9964,0.8,0,1
19495,bullet1,8.88752,14.9909,0.8,0,1
19496,player,4.14993,14.0604,-0.337501,-0.368301,1
19497,flyer2,1.49999,1.22439,-0.3,0,2
19497,bullet2,8.88745,14.9873,0.8,0,1
19499,flayer7,9.07386,0.174375,-0.297045,-0.0420005,2
19499,bullet5,12.8876,14.9964,0.8,0,1
19500,bullet1,12.8875,14.9909,0.8,0,1
19500,bullet4,4.28512,12.6936,0.8,0,1
19501,player,3.87889,12.6046,-0.00622784,-0.0889795,1
19502,flyer2,-6.4373e-06,1.22439,-0.3,0,2
19502,bullet2,12.8875,14.9873,0.8,0,1
19504,flayer7,7.58863,-0.0356272,-0.297045,-0.0420005,2
19504,bullet5,16.8876,14.9964,0.8,0,1
19505,bullet1,16.8875,14.9909,0.8,0,1
19505,bullet4,8.28512,12.6936,0.8,0,1
19506,player,3.38452,12.6323,-0.15199,-0.122762,1
19506,flyer5,16.5,1.22439,-0.3,0,2
19507,flayer8,16.5,4.81501,-0.284767,-0.0943816,2
19509,flayer7,6.1034,-0.24563,-0.297045,-0.0420005,2
19510,bullet4,12.2851,12.6936,0.8,0,1
19511,player,2.17077,11.9314,-0.168519,-0.0161049,1
19511,flyer5,15,1.22439,-0.3,0,2
19512,flayer8,15.0762,4.3431,-0.284767,-0.0943816,2
19512,bullet3,2.49493,11.9241,0.8,0,1
19514,flayer7,4.61818,-0.455632,-0.297045,-0.0420005,2
19514,bullet6,2.44545,11.9194,0.8,0,1
19515,bullet4,16.2851,12.6936,0.8,0,1
19516,player,2.03543,11.9184,-0.00310965,-0.000297181,1
19516,flyer5,13.5,1.22439,-0.3,0,2
19516,bullet5,2.43543,11.9184,0.8,0,1
19517,flayer8,13.6523,3.8712,-0.284767,-0.0943816,2
19517,bullet3,6.49494,11.9241,0.8,0,1
19517,bullet1,2.43403,11.9183,0.8,0,1
19519,bullet6,6.44545,11.9194,0.8,0,1
19521,player,2.10128,12.4076,-0.0835886,0.15187,1
19521,flyer5,12,1.22439,-0.3,0,2
19521,bullet5,6.43543,11.9184,0.8,0,1
19522,flayer8,12.2285,3.39929,-0.284767,-0.0943816,2
19522,bullet3,10.4949,11.9241,0.8,0,1
19522,bullet1,6.43403,11.9183,0.8,0,1
19524,bullet6,10.4455,11.9194,0.8,0,1
19526,player,2.59187,12.5295,0.0668013,0.00280242,1
19526,flyer5,10.5,1.22439,-0.3,0,2
19526,bullet5,10.4354,11.9184,0.8,0,1
19527,flayer8,10.8047,2.92738,-0.284767,-0.0943816,2
19527,bullet3,14.4949,11.9241,0.8,0,1
19527,bullet1,10.434,11.9183,0.8,0,1
19529,bullet6,14.4455,11.9194,0.8,0,1
19530,bullet2,3.63276,12.5317,0.8,0,1
19531,player,3.24783,12.5318,0.0150723,5.17125e-05,1
19531,flyer5,9,1.22439,-0.3,0,2
19531,bullet5,14.4354,11.9184,0.8,0,1
19532,flayer8,9.38082,2.45547,-0.284767,-0.0943816,2
19532,bullet1,14.434,11.9183,0.8,0,1
19532,bullet4,3.65461,12.5318,0.8,0,1
19535,bullet2,7.63276,12.5317,0.8,0,1
19536,player,3.25993,12.5318,0.000278126,9.54242e-07,1
19536,flyer5,7.5,1.22439,-0.3,0,2
19536,bullet3,3.65993,12.5318,0.8,0,1
19537,flayer8,7.95699,1.98356,-0.284767,-0.0943816,2
19537,bullet4,7.65461,12.5318,0.8,0,1
19537,bullet6,3.66006,12.5318,0.8,0,1
19540,bullet2,11.6328,12.5317,0.8,0,1
19541,player,2.70244,11.9741,-0.0683386,-0.0683437,1
19541,flyer5,5.99999,1.22439,-0.3,0,2
19541,bullet3,7.65993,12.5318,0.8,0,1
19542,flayer8,6.53315,1.51166,-0.284767,-0.0943816,2
19542,bullet4,11.6546,12.5318,0.8,0,1
19542,bullet6,7.66006,12.5318,0.8,0,1
19545,bullet2,15.6328,12.5317,0.8,0,1
19546,player,1.70774,11.0967,-0.352601,0.254056,1
19546,flyer5,4.49999,1.22439,-0.3,0,2
19546,bullet3,11.6599,12.5318,0.8,0,1
19547,flayer8,5.10932,1.03975,-0.284767,-0.0943816,2
19547,bullet4,15.6546,12.5318,0.8,0,1
19547,bullet6,11.6601,12.5318,0.8,0,1
19547,bullet5,1.94907,11.211,0.8,0,1
19551,player,0.4,11.7901,-0.170044,0.156563,1
19551,flyer5,2.99999,1.22439,-0.3,0,2
19551,bullet3,15.6599,12.5318,0.8,0,1
19552,flayer8,3.68549,0.567841,-0.284767,-0.0943816,2
19552,bullet6,15.6601,12.5318,0.8,0,1
19552,bullet5,5.94907,11.211,0.8,0,1
19552,bullet1,0.8,11.8605,0.8,0,1
19556,player,0.4,11.9158,0,0.00288903,1
19556,flyer5,1.49999,1.22439,-0.3,0,2
19557,flayer8,2.26165,0.0959328,-0.284767,-0.0943816,2
19557,bullet5,9.94907,11.211,0.8,0,1
19557,bullet1,4.8,11.8605,0.8,0,1
19559,bullet2,0.8,11.918,0.8,0,1
19560,bullet4,0.8,11.9181,0.8,0,1
19561,player,0.4,11.9181,0,5.33107e-05,1
19561,flyer5,-6.4373e-06,1.22439,-0.3,0,2
19562,flayer8,0.837819,-0.375975,-0.284767,-0.0943816,2
19562,bullet5,13.9491,11.211,0.8,0,1
19562,bullet1,8.8,11.8605,0.8,0,1
19564,bullet2,4.8,11.918,0.8,0,1
19565,bullet4,4.8,11.9181,0.8,0,1
19566,player,0.4,11.9182,0,9.83732e-07,1
19566,flyer6,16.5,4.81501,-0.3,0,2
19566,bullet3,0.8,11.9182,0.8,0,1
19567,bullet1,12.8,11.8605,0.8,0,1
19569,bullet2,8.8,11.918,0.8,0,1
19570,bullet4,8.8,11.9181,0.8,0,1
19571,player,0.4,11.9182,0,1.81526e-08,1
19571,flyer6,15,4.81501,-0.3,0,2
19571,bullet3,4.8,11.9182,0.8,0,1
19574,bullet2,12.8,11.918,0.8,0,1
19575,bullet4,12.8,11.9181,0.8,0,1
19576,player,0.836599,10.489,0.21638,-0.503215,1
19576,flyer6,13.5,4.81501,-0.3,0,2
19576,bullet3,8.8,11.9182,0.8,0,1
19579,flyer4,16.5,4.81501,-0.3,0,2
19579,bullet6,0.908129,10.6042,0.8,0,1
19581,player,0.421896,10.3358,-0.0267619,-0.316031,1
19581,flyer6,12,4.81501,-0.3,0,2
19581,bullet3,12.8,11.9182,0.8,0,1
19583,bullet5,0.804434,10.1296,0.8,0,1
19584,flyer4,15,4.81501,-0.3,0,2
19584,bullet6,4.90813,10.6042,0.8,0,1
19586,player,0.737904,9.74455,0.337006,-0.343332,1
19586,flyer6,10.5,4.81501,-0.3,0,2
19588,bullet5,4.80443,10.1296,0.8,0,1
19588,bullet1,1.3578,9.52052,0.8,0,1
19589,flyer4,13.5,4.81501,-0.3,0,2
19589,bullet6,8.90813,10.6042,0.8,0,1
19589,bullet2,1.38851,9.48924,0.8,0,1
19591,player,1.00855,9.46882,0.00621871,-0.00633543,1
19591,flyer6,9,4.81501,-0.3,0,2
19593,bullet5,8.80443,10.1296,0.8,0,1
19593,bullet1,5.3578,9.52052,0.8,0,1
19594,flyer4,12,4.81501,-0.3,0,2
19594,bullet6,12.9081,10.6042,0.8,0,1
19594,bullet2,5.38851,9.48924,0.8,0,1
19596,player,0.4,9.12624,-0,-0.337617,1
19596,flyer6,7.5,4.81501,-0.3,0,2
19598,bullet5,12.8044,10.1296,0.8,0,1
19598,bullet1,9.3578,9.52052,0.8,0,1
19599,flyer4,10.5,4.81501,-0.3,0,2
19599,bullet2,9.38851,9.48924,0.8,0,1
19601,player,0.4,7.92913,-0,-0.374485,1
19601,flyer6,5.99999,4.81501,-0.3,0,2
19603,bullet1,13.3578,9.52052,0.8,0,1
19603,bullet4,0.8,7.68478,0.8,0,1
19604,flyer4,9,4.81501,-0.3,0,2
19604,bullet2,13.3885,9.48924,0.8,0,1
19605,bullet3,0.8,7.6353,0.8,0,1
19606,player,0.7375,7.96589,0.3375,0.33059,1
19606,flyer6,4.49999,4.81501,-0.3,0,2
19608,bullet4,4.8,7.68478,0.8,0,1
19608,bullet6,1.35772,8.1816,0.8,0,1
19609,flyer4,7.5,4.81501,-0.3,0,2
19610,bullet3,4.8,7.6353,0.8,0,1
19611,player,0.450822,8.56888,-0.0621159,0.3436,1
19611,flyer6,2.99999,4.81501,-0.3,0,2
19612,bullet5,0.82287,8.72351,0.8,0,1
19613,bullet4,8.8,7.68478,0.8,0,1
19613,bullet6,5.35772,8.1816,0.8,0,1
19614,flyer4,5.99999,4.81501,-0.3,0,2
19615,bullet3,8.8,7.6353,0.8,0,1
19616,player,0.738438,9.18233,0.336354,0.34384,1
19616,flyer6,1.49999,4.81501,-0.3,0,2
19617,bullet5,4.82287,8.72351,0.8,0,1
19618,bullet4,12.8,7.68478,0.8,0,1
19618,bullet6,9.35772,8.1816,0.8,0,1
19619,flyer4,4.49999,4.81501,-0.3,0,2
19620,bullet3,12.8,7.6353,0.8,0,1
19621,player,1.00856,9.45846,0.00620667,0.00634482,1
19621,flyer6,-6.4373e-06,4.81501,-0.3,0,2
19622,bullet5,8.82287,8.72351,0.8,0,1
19623,bullet4,16.8,7.68478,0.8,0,1
19623,bullet6,13.3577,8.1816,0.8,0,1
19624,flyer4,2.99999,4.81501,-0.3,0,2
19625,flyer1,16.5,1.4026,-0.3,0,2
19626,player,1.01354,9.46356,0.000114531,0.00011708,1
19626,bullet1,1.41354,9.46356,0.8,0,1
19627,bullet5,12.8229,8.72351,0.8,0,1
19629,flyer4,1.49999,4.81501,-0.3,0,2
19630,flyer1,15,1.4026,-0.3,0,2
19631,player,0.455916,8.31746,-0.0683416,-0.0990963,1
19631,bullet1,5.41354,9.46356,0.8,0,1
19632,flyer3,16.5,1.4026,-0.282493,-0.100983,2
19634,flyer4,-6.4373e-06,4.81501,-0.3,0,2
19635,flyer1,13.5,1.4026,-0.3,0,2
19636,player,0.4,8.28248,-0,-0.0563327,1
19636,flyer2,16.5,1.4026,-0.297316,-0.0400409,2
19636,bullet1,9.41354,9.46356,0.8,0,1
19637,flyer3,15.0875,0.897686,-0.282493,-0.100983,2
19639,bullet2,0.8,7.75121,0.8,0,1
19640,flyer1,12,1.4026,-0.3,0,2
19641,player,0.4,7.64876,0,-0.0317942,1
19641,flyer2,15.0134,1.20239,-0.297316,-0.0400409,2
19641,bullet1,13.4135,9.46356,0.8,0,1
19641,bullet4,0.8,7.64876,0.8,0,1
19642,flyer3,13.6751,0.392772,-0.282493,-0.100983,2
19642,bullet3,0.8,7.63446,0.8,0,1
19644,bullet2,4.8,7.75121,0.8,0,1
19645,flyer1,10.5,1.4026,-0.3,0,2
19646,player,0.4,7.13385,0,-0.152462,1
19646,flyer2,13.5268,1.00219,-0.297316,-0.0400409,2
19646,bullet4,4.8,7.64876,0.8,0,1
19647,flyer3,12.2626,-0.112141,-0.282493,-0.100983,2
19647,bullet3,4.8,7.63446,0.8,0,1
19649,bullet2,8.8,7.75121,0.8,0,1
19649,bullet6,0.8,6.53111,0.8,0,1
19650,flyer1,9,1.4026,-0.3,0,2
19651,player,0.7375,6.42294,0.3375,-0.033568,1
19651,flyer2,12.0403,0.801986,-0.297316,-0.0400409,2
19651,bullet4,8.8,7.64876,0.8,0,1
19652,bullet3,8.8,7.63446,0.8,0,1
19654,bullet2,12.8,7.75121,0.8,0,1
19654,bullet6,4.8,6.53111,0.8,0,1
19655,flyer1,7.5,1.4026,-0.3,0,2
19656,player,1.00854,6.39598,0.00622782,-0.000619425,1
19656,flyer2,10.5537,0.601782,-0.297316,-0.0400409,2
19656,bullet4,12.8,7.64876,0.8,0,1
19657,bullet3,12.8,7.63446,0.8,0,1
19659,bullet6,8.8,6.53111,0.8,0,1
19660,flyer1,5.99999,1.4026,-0.3,0,2
19661,player,0.4,6.39548,-0.101432,-1.14301e-05,1
19661,flyer2,9.06711,0.401578,-0.297316,-0.0400409,2
19662,flayer7,16.5,1.4026,-0.294503,-0.0571678,2
19664,bullet6,12.8,6.53111,0.8,0,1
19664,bullet5,0.8,6.95319,0.8,0,1
19665,flyer1,4.49999,1.4026,-0.3,0,2
19665,bullet1,0.8,6.98395,0.8,0,1
19666,player,0.4,6.99779,0,0.0138394,1
19666,flyer2,7.58053,0.201374,-0.297316,-0.0400409,2
19667,flayer7,15.0275,1.11676,-0.294503,-0.0571678,2
19669,bullet5,4.8,6.95319,0.8,0,1
19669,bullet2,0.8,7.5658,0.8,0,1
19670,flyer1,2.99999,1.4026,-0.3,0,2
19670,bullet1,4.8,6.98395,0.8,0,1
19671,player,0.4,7.61121,0,0.014095,1
19671,flyer2,6.09395,0.00116944,-0.297316,-0.0400409,2
19671,bullet4,0.8,7.61121,0.8,0,1
19672,flayer7,13.555,0.830922,-0.294503,-0.0571678,2
19674,bullet5,8.8,6.95319,0.8,0,1
19674,bullet2,4.8,7.5658,0.8,0,1
19675,flyer1,1.49999,1.4026,-0.3,0,2
19675,bullet1,8.8,6.98395,0.8,0,1
19676,player,0.889375,7.62253,0.151875,0.000260092,1
19676,flyer2,4.60737,-0.199035,-0.297316,-0.0400409,2
19676,bullet4,4.8,7.61121,0.8,0,1
19677,flayer7,12.0825,0.545083,-0.294503,-0.0571678,2
19679,bullet5,12.8,6.95319,0.8,0,1
19679,bullet2,8.8,7.5658,0.8,0,1
19680,flyer1,-6.4373e-06,1.4026,-0.3,0,2
19680,bullet1,12.8,6.98395,0.8,0,1
19681,player,0.453625,7.62274,-0.0655412,4.79943e-06,1
19681,flyer2,3.12079,-0.399239,-0.297316,-0.0400409,2
19681,bullet4,8.8,7.61121,0.8,0,1
19682,flayer7,10.61,0.259244,-0.294503,-0.0571678,2
19684,bullet5,16.8,6.95319,0.8,0,1
19684,bullet2,12.8,7.5658,0.8,0,1
19685,bullet1,16.8,6.98395,0.8,0,1
19686,player,0.4,8.11212,0,0.151875,1
19686,flyer5,16.5,13.7281,-0.290968,-0.0730581,2
19686,bullet4,12.8,7.61121,0.8,0,1
19687,flayer7,9.13744,-0.026595,-0.294503,-0.0571678,2
19689,flayer8,16.5,7.6937,-0.247147,0.170053,2
19690,explosion4,16,7.61121,-0.247147,0.170053,1
19691,player,0.620219,7.08789,-0.269156,-0.0962959,1
19691,flyer5,15.0452,13.3628,-0.290968,-0.0730581,2
19692,flayer7,7.66493,-0.312434,-0.294503,-0.0571678,2
19692,bullet3,0.899099,7.04456,0.8,0,1
19694,flayer8,15.2643,8.54397,-0.247147,0.170053,1
19695,bullet6,0.809031,6.52296,0.8,0,1
19696,player,0.404064,6.45284,-0.00496669,-0.0701207,1
19696,flyer5,13.5903,12.9976,-0.290968,-0.0730581,2
19697,bullet3,4.8991,7.04456,0.8,0,1
19699,flayer8,14.0285,9.39424,-0.247147,0.170053,1
19700,bullet6,4.80903,6.52296,0.8,0,1
19701,player,0.4,6.42728,0,-0.038883,1
19701,flyer5,12.1355,12.6323,-0.290968,-0.0730581,2
19702,bullet3,8.8991,7.04456,0.8,0,1
19704,flayer8,12.7928,10.2445,-0.247147,0.170053,1
19705,bullet6,8.80903,6.52296,0.8,0,1
19706,player,0.4,5.23602,0,-0.0829009,1
19706,flyer5,10.6806,12.267,-0.290968,-0.0730581,2
19706,bullet5,0.8,5.23602,0.8,0,1
19707,bullet3,12.8991,7.04456,0.8,0,1
19708,bullet1,0.8,5.18193,0.8,0,1
19709,flayer8,11.5571,11.0948,-0.247147,0.170053,1
19710,bullet6,12.809,6.52296,0.8,0,1
19711,player,0.957719,4.61173,0.0683438,-0.0698735,1
19711,flyer5,9.2258,11.9017,-0.290968,-0.0730581,2
19711,bullet5,4.8,5.23602,0.8,0,1
19712,bullet2,1.38847,4.58029,0.8,0,1
19713,bullet1,4.8,5.18193,0.8,0,1
19714,flayer8,10.3213,11.945,-0.247147,0.170053,1
19715,bullet4,1.41134,4.5569,0.8,0,1
19716,player,1.0126,4.21812,0.00126113,-0.338789,1
19716,flyer5,7.77096,11.5364,-0.290968,-0.0730581,2
19716,bullet5,8.8,5.23602,0.8,0,1
19717,bullet2,5.38847,4.58029,0.8,0,1
19718,bullet1,8.8,5.18193,0.8,0,1
19719,flayer8,9.08558,12.7953,-0.247147,0.170053,1
19720,bullet4,5.41134,4.5569,0.8,0,1
19721,player,1.01362,3.45666,2.32715e-05,-0.158127,1
19721,flyer5,6.31612,11.1711,-0.290968,-0.0730581,2
19721,bullet5,12.8,5.23602,0.8,0,1
19722,bullet2,9.38847,4.58029,0.8,0,1
19723,bullet1,12.8,5.18193,0.8,0,1
19724,flayer8,7.84984,13.6456,-0.247147,0.170053,1
19725,bullet4,9.41134,4.5569,0.8,0,1
19726,player,0.425163,2.7412,-0.0307543,-0.0336726,1
19726,flyer5,4.86128,10.8058,-0.290968,-0.0730581,2
19726,bullet3,0.825163,2.7412,0.8,0,1
19727,bullet2,13.3885,4.58029,0.8,0,1
19729,flayer8,6.6141,14.4958,-0.247147,0.170053,1
19729,bullet6,0.802293,3.27388,0.8,0,1
19730,bullet4,13.4113,4.5569,0.8,0,1
19731,player,0.400465,3.31647,-0.000567502,0.0132183,1
19731,flyer5,3.40644,10.4405,-0.290968,-0.0730581,2
19731,bullet3,4.82516,2.7412,0.8,0,1
19732,bullet5,0.800209,3.32242,0.8,0,1
19734,flayer8,5.37836,15.3461,-0.247147,0.170053,1
19734,bullet6,4.80229,3.27388,0.8,0,1
19736,player,0.957728,2.76937,0.0683333,-0.0680998,1
19736,flyer5,1.95159,10.0752,-0.290968,-0.0730581,2
19736,bullet3,8.82516,2.7412,0.8,0,1
19736,bullet1,1.35773,2.76937,0.8,0,1
19737,bullet5,4.80021,3.32242,0.8,0,1
19739,flayer8,4.14262,16.1964,-0.247147,0.170053,1
19739,bullet6,8.80229,3.27388,0.8,0,1
19741,player,0.4,2.42177,-0,-0.393261,1
19741,flyer5,0.496753,9.70994,-0.290968,-0.0730581,2
19741,bullet3,12.8252,2.7412,0.8,0,1
19741,bullet1,5.35773,2.76937,0.8,0,1
19742,bullet5,8.80021,3.32242,0.8,0,1
19744,bullet6,12.8023,3.27388,0.8,0,1
19746,player,1.54619,2.13671,0.0990984,-0.0448458,1
19746,flyer6,16.5,7.6937,-0.222879,-0.20081,2
19746,bullet1,9.35773,2.76937,0.8,0,1
19746,bullet2,1.94619,2.13671,0.8,0,1
19747,bullet5,12.8002,3.32242,0.8,0,1
19750,bullet4,1.53457,1.02367,0.8,0,1
19751,player,1.06806,0.940661,-0.0665151,-0.0830109,1
19751,flyer6,15.3856,6.68965,-0.222879,-0.20081,2
19751,bullet1,13.3577,2.76937,0.8,0,1
19751,bullet2,5.94619,2.13671,0.8,0,1
19754,bullet3,1.90797,0.4,0.8,0,1
19755,bullet4,5.53457,1.02367,0.8,0,1
19756,player,1.60311,0.4,0.0295273,-0,1
19756,flyer6,14.2712,5.6856,-0.222879,-0.20081,2
19756,bullet2,9.94619,2.13671,0.8,0,1
19757,bullet6,1.2164,0.4,-0.8,-6.99382e-08,1
19759,bullet3,5.90797,0.4,0.8,0,1
19760,bullet4,9.53457,1.02367,0.8,0,1
19760,bullet5,2.51566,0.4,0.8,0,1
19761,player,2.18455,0.4,0.0688886,0,1
19761,flyer6,13.1568,4.68155,-0.222879,-0.20081,2
19761,bullet2,13.9462,2.13671,0.8,0,1
19764,bullet3,9.90797,0.4,0.8,0,1
19765,bullet4,13.5346,1.02367,0.8,0,1
19765,bullet5,6.51566,0.4,0.8,0,1
19766,player,2.57737,0.4,0.338771,0,1
19766,flyer6,12.0424,3.6775,-0.222879,-0.20081,2
19769,flyer4,16.5,7.6937,-0.3,0,2
19769,bullet3,13.908,0.4,0.8,0,1
19770,bullet5,10.5157,0.4,0.8,0,1
19771,player,2.73649,0.933969,0.144287,0.0973709,1
19771,flyer6,10.928,2.67345,-0.222879,-0.20081,2
19773,flyer3,16.5,7.6937,-0.299299,0.0205034,2
19773,bullet1,3.23064,0.997504,0.8,0,1
19774,flyer4,15,7.6937,-0.3,0,2
19774,bullet6,3.24379,1.00638,0.8,0,1
19775,bullet5,14.5157,0.4,0.8,0,1
19776,player,2.85237,1.01217,0.0026625,0.00179677,1
19776,flyer6,9.81362,1.66939,-0.222879,-0.20081,2
19776,bullet2,3.25237,1.01217,0.8,0,1
19778,flyer3,15.0035,7.79622,-0.299299,0.0205034,2
19778,bullet1,7.23064,0.997504,0.8,0,1
19779,flyer4,13.5,7.6937,-0.3,0,2
19779,bullet6,7.24379,1.00638,0.8,0,1
19779,bullet4,2.69663,1.0135,0.8,0,1
19780,explosion5,8.04379,1.00638,-0.222879,-0.20081,1
19780,explosion6,8.83064,0.997504,-0.222879,-0.20081,1
19780,explosion7,8.9221,0.866154,-0.222879,-0.20081,1
19780,bullet3,2.66598,1.01358,0.8,0,1
19781,player,2.25219,1.01361,-0.0137905,3.31554e-05,1
19781,bullet2,7.25237,1.01217,0.8,0,1
19782,bullet5,2.64599,1.01362,0.8,0,1
19783,flyer3,13.507,7.89874,-0.299299,0.0205034,2
19784,flyer4,12,7.6937,-0.3,0,2
19784,bullet4,6.69663,1.0135,0.8,0,1
19785,explosion6,7.71624,-0.00654718,-0.222879,-0.20081,1
19785,explosion7,7.8077,-0.137897,-0.222879,-0.20081,1
19785,bullet3,6.66598,1.01358,0.8,0,1
19786,player,1.6834,1.57136,-0.0685982,0.0683444,1
19786,bullet2,11.2524,1.01217,0.8,0,1
19787,bullet5,6.64599,1.01362,0.8,0,1
19788,flyer3,12.0105,8.00126,-0.299299,0.0205034,2
19789,flyer4,10.5,7.6937,-0.3,0,2
19789,bullet4,10.6966,1.0135,0.8,0,1
19790,bullet3,10.666,1.01358,0.8,0,1
19791,player,1.59755,1.03777,0.0363232,-0.0294935,1
19791,bullet2,15.2524,1.01217,0.8,0,1
19792,bullet5,10.646,1.01362,0.8,0,1
19793,flyer3,10.514,8.10377,-0.299299,0.0205034,2
19794,flyer4,9,7.6937,-0.3,0,2
19794,bullet4,14.6966,1.0135,0.8,0,1
19794,bullet1,1.46685,1.57356,0.8,0,1
19795,bullet3,14.666,1.01358,0.8,0,1
19796,player,0.535037,1.6164,-0.165044,0.0132954,1
19797,bullet5,14.646,1.01362,0.8,0,1
19798,flyer3,9.01754,8.20629,-0.299299,0.0205034,2
19798,bullet6,0.827345,1.62507,0.8,0,1
19799,flyer4,7.5,7.6937,-0.3,0,2
19799,bullet1,5.46685,1.57356,0.8,0,1
19799,bullet2,0.812306,1.62628,0.8,0,1
19801,player,0.402492,1.62707,-0.00304553,0.000245337,1
19801,bullet4,0.802492,1.62707,0.8,0,1
19803,flyer3,7.52105,8.3088,-0.299299,0.0205034,2
19803,bullet6,4.82735,1.62507,0.8,0,1
19804,flyer4,5.99999,7.6937,-0.3,0,2
19804,bullet1,9.46685,1.57356,0.8,0,1
19804,bullet2,4.81231,1.62628,0.8,0,1
19806,player,0.4,1.62727,-0,4.52716e-06,1
19806,bullet4,4.80249,1.62707,0.8,0,1
19808,flyer3,6.02456,8.41132,-0.299299,0.0205034,2
19808,bullet6,8.82735,1.62507,0.8,0,1
19809,flyer4,4.49999,7.6937,-0.3,0,2
19809,bullet1,13.4668,1.57356,0.8,0,1
19809,bullet2,8.81231,1.62628,0.8,0,1
19811,player,0.988474,1.65803,0.0307547,-0.037589,1
19811,bullet4,8.80249,1.62707,0.8,0,1
19813,flyer3,4.52806,8.51383,-0.299299,0.0205034,2
19813,bullet6,12.8273,1.62507,0.8,0,1
19814,flyer4,2.99999,7.6937,-0.3,0,2
19814,bullet2,12.8123,1.62628,0.8,0,1
19815,bullet3,1.4126,1.62853,0.8,0,1
19816,player,0.675672,1.62784,-0.336933,-0.000693622,1
19816,bullet4,12.8025,1.62707,0.8,0,1
19818,flyer3,3.03157,8.61635,-0.299299,0.0205034,2
19819,flyer4,1.49999,7.6937,-0.3,0,2
19819,bullet5,1.3145,1.13795,0.8,0,1
19820,bullet3,5.4126,1.62853,0.8,0,1
19821,player,0.993561,1.03881,0.0245373,-0.0307675,1
19823,flyer3,1.53508,8.71886,-0.299299,0.0205034,2
19824,flyer4,-6.4373e-06,7.6937,-0.3,0,2
19824,bullet5,5.3145,1.13795,0.8,0,1
19825,bullet3,9.41261,1.62853,0.8,0,1
19825,bullet1,1.97053,0.456951,0.8,0,1
19826,player,1.60174,0.425628,0.0312075,-0.0313224,1
19826,bullet6,2.00174,0.425628,0.8,0,1
19828,flyer3,0.0385837,8.82138,-0.299299,0.0205034,2
19829,bullet5,9.3145,1.13795,0.8,0,1
19830,bullet3,13.4126,1.62853,0.8,0,1
19830,bullet1,5.97053,0.456951,0.8,0,1
19831,player,1.6268,0.400474,0.000575866,-0.000577987,1
19831,bullet6,6.00174,0.425628,0.8,0,1
19834,flyer1,16.5,7.6937,-0.263158,0.144042,2
19834,bullet5,13.3145,1.13795,0.8,0,1
19834,bullet2,2.02723,0.400044,0.8,0,1
19835,bullet1,9.97053,0.456951,0.8,0,1
19836,player,1.62726,0.400009,1.06263e-05,-1.06655e-05,1
19836,bullet6,10.0017,0.425628,0.8,0,1
19839,flyer1,15.1842,8.41391,-0.263158,0.144042,2
19839,bullet2,6.02723,0.400044,0.8,0,1
19839,bullet4,1.5379,0.400002,0.8,0,1
19840,bullet1,13.9705,0.456951,0.8,0,1
19841,player,1.0388,0.400001,-0.0307545,-1.96808e-07,1
19841,bullet6,14.0017,0.425628,0.8,0,1
19844,flyer1,13.8684,9.13412,-0.263158,0.144042,2
19844,bullet2,10.0272,0.400044,0.8,0,1
19844,bullet4,5.5379,0.400002,0.8,0,1
19845,flyer2,16.5,7.35377,-0.291968,-0.0689562,2
19846,player,0.4,0.512939,0,-0.138035,1
19846,bullet3,0,0.512939,-0.8,-6.99382e-08,1
19849,flyer1,12.5526,9.85433,-0.263158,0.144042,2
19849,bullet2,14.0272,0.400044,0.8,0,1
19849,bullet4,9.5379,0.400002,0.8,0,1
19850,flyer2,15.0402,7.00899,-0.291968,-0.0689562,2
19851,player,0.4,0.4,0,0,1
19852,flayer7,16.5,7.35377,-0.27686,-0.115536,2
19854,flyer1,11.2368,10.5745,-0.263158,0.144042,2
19854,bullet4,13.5379,0.400002,0.8,0,1
19855,flyer2,13.5803,6.66421,-0.291968,-0.0689562,2
19855,bullet5,0.8,0.988474,0.8,0,1
19856,player,0.4,1.33981,-0,0.35134,1
19857,flayer7,15.1157,6.77609,-0.27686,-0.115536,2
19859,flyer1,9.92105,11.2948,-0.263158,0.144042,2
19859,bullet1,1.28938,1.1117,0.8,0,1
19860,flyer2,12.1205,6.31942,-0.291968,-0.0689562,2
19860,bullet5,4.8,0.988474,0.8,0,1
19861,player,1.32597,1.371,0.368255,0.313229,1
19862,flayer7,13.7314,6.19841,-0.27686,-0.115536,2
19864,flyer1,8.60527,12.015,-0.263158,0.144042,2
19864,bullet1,5.28938,1.1117,0.8,0,1
19865,flyer2,10.6607,5.97464,-0.291968,-0.0689562,2
19865,bullet5,8.8,0.988474,0.8,0,1
19865,bullet6,1.4572,2.17448,0.8,0,1
19866,player,0.69574,2.54852,-0.361459,0.374035,1
19867,flayer7,12.3471,5.62073,-0.27686,-0.115536,2
19869,flyer1,7.28948,12.7352,-0.263158,0.144042,2
19869,bullet1,9.28938,1.1117,0.8,0,1
19869,bullet3,0.8,2.82666,0.8,0,1
19870,flyer2,9.20082,5.62986,-0.291968,-0.0689562,2
19870,bullet5,12.8,0.988474,0.8,0,1
19870,bullet6,5.4572,2.17448,0.8,0,1
19871,player,0.4,2.8489,0,0.00690199,1
19872,flayer7,10.9628,5.04305,-0.27686,-0.115536,2
19874,flyer1,5.97369,13.4554,-0.263158,0.144042,2
19874,bullet1,13.2894,1.1117,0.8,0,1
19874,bullet3,4.8,2.82666,0.8,0,1
19875,flyer2,7.74098,5.28508,-0.291968,-0.0689562,2
19875,bullet6,9.4572,2.17448,0.8,0,1
19876,player,0.4,3.41216,0,0.0684711,1
19876,bullet2,0.8,3.41216,0.8,0,1
19877,flayer7,9.5785,4.46536,-0.27686,-0.115536,2
19879,flyer1,4.6579,14.1756,-0.263158,0.144042,2
19879,bullet3,8.8,2.82666,0.8,0,1
19879,bullet4,0.8,3.95245,0.8,0,1
19880,flyer2,6.28114,4.9403,-0.291968,-0.0689562,2
19880,bullet6,13.4572,2.17448,0.8,0,1
19881,player,0.7375,4.05562,0.3375,0.0320182,1
19881,bullet2,4.8,3.41216,0.8,0,1
19882,flayer7,8.19419,3.88768,-0.27686,-0.115536,2
19884,flyer1,3.34212,14.8958,-0.263158,0.144042,2
19884,bullet3,12.8,2.82666,0.8,0,1
19884,explosion8,4.8,3.95245,-0.291968,-0.0689562,1
19884,explosion1,7.2,3.41216,-0.27686,-0.115536,1
19884,bullet5,0.899099,4.56881,0.8,0,1
19885,flyer2,4.8213,4.59551,-0.291968,-0.0689562,1
19886,player,0.4,4.66981,-0,0.0313455,1
19887,flayer7,6.8099,3.31,-0.27686,-0.115536,1
19888,explosion2,4.0991,4.56881,-0.291968,-0.0689562,1
19888,explosion3,3.9454,4.38865,-0.291968,-0.0689562,1
19889,flyer1,2.02633,15.616,-0.263158,0.144042,2
19889,bullet3,16.8,2.82666,0.8,0,1
19889,explosion1,5.8157,2.83448,-0.27686,-0.115536,1
19891,player,0.7375,4.54311,0.3375,0.186203,1
19892,flayer7,5.4256,2.73232,-0.27686,-0.115536,1
19893,flayer8,16.5,7.35377,-0.3,0,2
19893,explosion3,2.48556,4.04386,-0.291968,-0.0689562,1
19894,flyer1,0.710541,16.3362,-0.263158,0.144042,2
19894,flyer5,16.5,7.35377,-0.3,0,2
19896,player,0.420068,4.10417,-0.0245269,-0.0273187,1
19896,flyer6,16.5,11.3293,-0.232308,0.189823,2
19897,flayer7,4.0413,2.15464,-0.27686,-0.115536,1
19897,bullet1,0.809031,4.09188,0.8,0,1
19898,flayer8,15,7.35377,-0.3,0,2
19898,bullet6,0.804064,4.08635,0.8,0,1
19899,flyer5,15,7.35377,-0.3,0,2
19901,player,0.40037,4.08224,-0.00045259,-0.000504107,1
19901,flyer6,15.3385,12.2784,-0.232308,0.189823,2
19901,bullet4,0.80037,4.08224,0.8,0,1
19902,flayer7,2.657,1.57695,-0.27686,-0.115536,1
19902,bullet1,4.80903,4.09188,0.8,0,1
19903,flayer8,13.5,7.35377,-0.3,0,2
19903,bullet6,4.80406,4.08635,0.8,0,1
19903,bullet2,0.800075,4.08191,0.8,0,1
19904,flyer5,13.5,7.35377,-0.3,0,2
19905,finish,20.0647,8,-0.2,0,1
19906,player,0.4,4.63955,0,0.0683344,1
19906,flyer6,14.1769,13.2275,-0.232308,0.189823,2
19906,bullet4,4.80037,4.08224,0.8,0,1
19907,flayer7,1.2727,0.999273,-0.27686,-0.115536,1
19907,bullet1,8.80903,4.09188,0.8,0,1
19908,flayer8,12,7.35377,-0.3,0,2
19908,bullet6,8.80406,4.08635,0.8,0,1
19908,bullet2,4.80008,4.08191,0.8,0,1
19909,flyer5,12,7.35377,-0.3,0,2
19910,finish,19.0647,8,-0.2,0,1
19911,player,0.4,5.63424,0,0.352601,1
19911,flyer6,13.0154,14.1767,-0.232308,0.189823,2
19911,bullet4,8.80037,4.08224,0.8,0,1
19912,flayer7,-0.111599,0.421591,-0.27686,-0.115536,1
19912,bullet1,12.809,4.09188,0.8,0,1
19913,flayer8,10.5,7.35377,-0.3,0,2
19913,bullet6,12.8041,4.08635,0.8,0,1
19913,bullet2,8.80008,4.08191,0.8,0,1
19914,flyer5,10.5,7.35377,-0.3,0,2
19915,finish,18.0647,8,-0.2,0,1
19916,player,0.4,5.91741,0,0.00650647,1
19916,flyer6,11.8538,15.1258,-0.232308,0.189823,2
19916,bullet4,12.8004,4.08224,0.8,0,1
19917,bullet5,0.8,5.92034,0.8,0,1
19918,flayer8,9,7.35377,-0.3,0,2
19918,bullet2,12.8001,4.08191,0.8,0,1
19918,bullet3,0.8,5.92165,0.8,0,1
19919,flyer5,9,7.35377,-0.3,0,2
19920,finish,17.0647,8,-0.2,0,1
19921,player,0.4,6.41201,0,0.151995,1
19921,flyer6,10.6923,16.0749,-0.232308,0.189823,2
19921,bullet1,0.8,6.41201,0.8,0,1
19922,bullet5,4.8,5.92034,0.8,0,1
19923,flayer8,7.5,7.35377,-0.3,0,2
19923,bullet3,4.8,5.92165,0.8,0,1
19924,flyer5,7.5,7.35377,-0.3,0,2
19924,bullet6,0.8,6.52504,0.8,0,1
19925,finish,16.0647,8,-0.2,0,1
19926,player,0.4,6.0447,0,-0.14907,1
19926,bullet1,4.8,6.41201,0.8,0,1
19927,bullet5,8.8,5.92034,0.8,0,1
19928,flayer8,5.99999,7.35377,-0.3,0,2
19928,bullet3,8.8,5.92165,0.8,0,1
19929,flyer5,5.99999,7.35377,-0.3,0,2
19929,explosion4,4.8,6.52504,-0.3,0,1
19930,finish,15.0647,8,-0.2,0,1
19930,bullet4,0.8,5.33926,0.8,0,1
19931,player,0.4,5.32267,0,-0.0165904,1
19931,bullet1,8.8,6.41201,0.8,0,1
19932,bullet5,12.8,5.92034,0.8,0,1
19933,flayer8,4.49999,7.35377,-0.3,0,1
19933,bullet3,12.8,5.92165,0.8,0,1
19934,flyer5,4.49999,7.35377,-0.3,0,2
19935,finish,14.0647,8,-0.2,0,1
19935,bullet4,4.8,5.33926,0.8,0,1
19936,player,0.4,4.72087,0,-0.0310608,1
19936,bullet1,12.8,6.41201,0.8,0,1
19937,bullet2,0.8,4.7069,0.8,0,1
19938,flayer8,2.99999,7.35377,-0.3,0,1
19939,flyer5,2.99999,7.35377,-0.3,0,2
19939,bullet6,0.8,4.69778,0.8,0,1
19940,finish,13.0647,8,-0.2,0,1
19940,bullet4,8.8,5.33926,0.8,0,1
19941,player,0.4,4.20655,0,-0.152448,1
19942,bullet2,4.8,4.7069,0.8,0,1
19942,bullet5,0.8,4.13795,0.8,0,1
19943,flayer8,1.49999,7.35377,-0.3,0,1
19944,flyer5,1.49999,7.35377,-0.3,0,2
19944,bullet6,4.8,4.69778,0.8,0,1
19945,finish,12.0647,8,-0.2,0,1
19945,bullet4,12.8,5.33926,0.8,0,1
19946,player,0.4,4.08413,0,-0.0028131,1
19947,bullet2,8.8,4.7069,0.8,0,1
19947,bullet5,4.8,4.13795,0.8,0,1
19948,flayer8,-6.4373e-06,7.35377,-0.3,0,1
19949,flyer5,-6.4373e-06,7.35377,-0.3,0,2
19949,bullet6,8.8,4.69778,0.8,0,1
19950,finish,11.0647,8,-0.2,0,1
19951,player,0.957719,3.52415,0.0683438,-0.0683957,1
19952,bullet2,12.8,4.7069,0.8,0,1
19952,bullet5,8.8,4.13795,0.8,0,1
19952,bullet3,1.38847,3.49337,0.8,0,1
19954,bullet6,12.8,4.69778,0.8,0,1
19955,finish,10.0647,8,-0.2,0,1
19956,player,1.1117,4.54707,-0.119859,0.181368,1
19957,bullet5,12.8,4.13795,0.8,0,1
19957,bullet3,5.38847,3.49337,0.8,0,1
19959,flyer4,16.5,7.35377,-0.275576,-0.118567,2
19960,finish,9.06472,8,-0.2,0,1
19960,bullet1,1.90703,4.68938,0.8,0,1
19961,player,1.57317,4.69272,0.066132,0.00334674,1
19962,bullet3,9.38847,3.49337,0.8,0,1
19962,bullet4,2.00292,4.69423,0.8,0,1
19964,flyer4,15.1221,6.76094,-0.275576,-0.118567,2
19965,finish,8.06472,8,-0.2,0,1
19965,bullet1,5.90703,4.68938,0.8,0,1
19966,player,1.62627,3.61756,0.00122032,-0.182568,1
19966,bullet2,2.02627,3.61756,0.8,0,1
19967,bullet3,13.3885,3.49337,0.8,0,1
19967,bullet4,6.00293,4.69423,0.8,0,1
19969,flyer4,13.7442,6.1681,-0.275576,-0.118567,2
19970,finish,7.06472,8,-0.2,0,1
19970,bullet1,9.90703,4.68938,0.8,0,1
19971,player,1.62725,2.98157,2.25184e-05,-0.155244,1
19971,bullet2,6.02628,3.61756,0.8,0,1
19972,bullet4,10.0029,4.69423,0.8,0,1
