92883,player,6.96767,2.15462,0,0,1
92883,bullet1,7.36767,2.15462,0.8,0,1
92887,bullet2,8.51386,2.18537,0.8,0,1
92888,player,8.49596,2.50596,0.382094,0.320585,1
92888,bullet1,11.3677,2.15462,0.8,0,1
92890,bullet3,9.63465,2.22576,0.8,0,1
92892,bullet2,12.5139,2.18537,0.8,0,1
92893,player,9.81097,2.71882,0.274859,0.0604198,1
92893,bullet1,15.3677,2.15462,0.8,0,1
92894,bullet4,10.3347,2.74601,0.8,0,1
92895,bullet3,13.6346,2.22576,0.8,0,1
92898,player,9.51157,4.74041,-0.109214,0.589588,1
92899,bullet4,14.3347,2.74601,0.8,0,1
92901,bullet5,9.34098,5.17884,0.8,0,1
92902,bullet6,9.26816,5.20302,0.8,0,1
92903,player,8.83539,5.2139,-0.03277,0.0108796,1
92903,bullet1,9.23539,5.2139,0.8,0,1
92906,bullet5,13.341,5.17884,0.8,0,1
92906,bullet2,9.76874,4.66427,0.8,0,1
92907,bullet6,13.2682,5.20302,0.8,0,1
92908,player,9.41139,4.95782,0.0132349,0.323861,1
92908,bullet1,13.2354,5.2139,0.8,0,1
92910,flyer1,16.5,5.25122,-0.3,0,2
92911,bullet2,13.7687,4.66427,0.8,0,1
92911,explosion1,15.6354,5.2139,-0.3,0,1
92911,explosion2,16.2,5.25122,-0.3,0,1
92913,player,8.29958,4.6156,-0.127881,-0.00786346,1
92913,bullet3,7.89958,4.6156,-0.8,-6.99382e-08,1
92914,bullet4,8.64203,4.61206,0.8,0,1
92915,bullet5,8.61614,4.61047,0.8,0,1
92916,explosion2,14.7,5.25122,-0.3,0,1
92916,bullet6,8.60449,4.60975,0.8,0,1
92918,player,7.85938,4.94678,-0.33986,0.337355,1
92918,bullet3,3.89958,4.6156,-0.8,-6.99382e-08,1
92919,bullet4,12.642,4.61206,0.8,0,1
92920,bullet5,12.6161,4.61047,0.8,0,1
92921,bullet6,12.6045,4.60975,0.8,0,1
92923,player,8.17492,5.18695,0.0244833,0.0438142,1
92923,bullet3,-0.100421,4.6156,-0.8,-6.99382e-08,1
92924,flyer2,16.5,4.87467,-0.293049,0.0642046,2
92924,bullet4,16.642,4.61206,0.8,0,1
92924,bullet1,8.58594,5.20667,0.8,0,1
92925,bullet5,16.6161,4.61047,0.8,0,1
92925,explosion3,15.8045,4.60975,-0.293049,0.0642046,1
92925,explosion4,16.207,4.93887,-0.293049,0.0642046,1
92925,bullet2,8.5909,5.21554,0.8,0,1
92926,bullet6,16.6045,4.60975,0.8,0,1
92926,bullet3,8.59313,5.21953,0.8,0,1
92928,player,7.36771,5.37401,-0.488923,-0.184817,1
92929,bullet1,12.5859,5.20667,0.8,0,1
92930,explosion4,14.7417,5.25989,-0.293049,0.0642046,1
92930,bullet2,12.5909,5.21554,0.8,0,1
92931,flyer3,16.5,4.87467,-0.3,0,2
92931,bullet3,12.5931,5.21953,0.8,0,1
92931,bullet4,6.35704,5.72595,0.8,0,1
92933,player,6.27365,5.32469,0.0982587,-0.124531,1
92933,explosion5,15.7859,5.20667,-0.3,0,1
92933,bullet5,6.67365,5.32469,0.8,0,1
92934,explosion6,14.9931,5.21953,-0.3,0,1
92934,explosion7,15.7909,5.21554,-0.3,0,1
92934,explosion8,15.6,4.87467,-0.3,0,1
92936,bullet4,10.357,5.72595,0.8,0,1
92936,bullet6,6.189,4.74271,0.8,0,1
92938,player,5.75025,5.12558,-0.0120265,0.118822,1
92938,bullet5,10.6737,5.32469,0.8,0,1
92938,bullet1,6.15025,5.12558,0.8,0,1
92939,explosion7,14.2909,5.21554,-0.3,0,1
92939,explosion8,14.1,4.87467,-0.3,0,1
92941,bullet4,14.357,5.72595,0.8,0,1
92941,bullet6,10.189,4.74271,0.8,0,1
92943,player,5.40309,5.55851,-0.337722,0.339693,1
92943,bullet5,14.6737,5.32469,0.8,0,1
92943,bullet1,10.1503,5.12558,0.8,0,1
92944,flyer4,16.5,4.87467,-0.3,0,2
92945,flyer5,16.5,15.3606,-0.3,0,2
92946,bullet6,14.189,4.74271,0.8,0,1
92946,bullet2,5.6203,4.76402,0.8,0,1
92947,explosion1,14.989,4.74271,-0.3,0,1
92947,explosion2,15.6,4.87467,-0.3,0,1
92947,bullet3,4.76886,4.67885,-0.8,-6.99382e-08,1
92948,player,5.14571,4.64052,-0.023147,-0.038326,1
92948,bullet1,14.1503,5.12558,0.8,0,1
92948,bullet4,5.54571,4.64052,0.8,0,1
92950,flyer5,15,15.3606,-0.3,0,2
92951,bullet2,9.6203,4.76402,0.8,0,1
92952,explosion2,14.1,4.87467,-0.3,0,1
92952,bullet3,0.768861,4.67885,-0.8,-6.99382e-08,1
92953,player,4.78962,5.50496,-0.337927,0.405137,1
92953,bullet4,9.54571,4.64052,0.8,0,1
92954,flyer6,16.5,4.87467,-0.3,0,2
92955,flyer5,13.5,15.3606,-0.3,0,2
92956,bullet2,13.6203,4.76402,0.8,0,1
92957,bullet5,4.92448,5.82284,0.8,0,1
92958,player,4.51824,5.83032,-0.00623571,0.00747591,1
92958,bullet4,13.5457,4.64052,0.8,0,1
92958,explosion3,15.2203,4.76402,-0.3,0,1
92959,flyer6,15,4.87467,-0.3,0,0
92959,explosion4,14.3457,4.64052,-0.3,0,1
92959,explosion5,15,4.87467,-0.3,0,1
92959,bullet6,4.91544,5.83368,0.8,0,1
92960,flyer5,12,15.3606,-0.3,0,2
92962,bullet5,8.92448,5.82284,0.8,0,1
92962,bullet1,4.91335,5.83619,0.8,0,1
92963,player,4.51323,5.83632,-0.000115066,0.000137952,1
92963,bullet3,4.91323,5.83632,0.8,0,1
92964,explosion5,13.5,4.87467,-0.3,0,1
92964,bullet6,8.91544,5.83368,0.8,0,1
92965,flyer5,10.5,15.3606,-0.3,0,2
92967,bullet5,12.9245,5.82284,0.8,0,1
92967,bullet1,8.91335,5.83619,0.8,0,1
92968,player,3.46605,4.78934,-0.220221,-0.220216,1
92968,bullet3,8.91323,5.83632,0.8,0,1
92969,bullet6,12.9154,5.83368,0.8,0,1
92970,flyer5,9,15.3606,-0.3,0,2
92972,bullet1,12.9134,5.83619,0.8,0,1
92973,player,2.1975,4.61249,-0.169778,-0.00406361,1
92973,bullet3,12.9132,5.83632,0.8,0,1
92974,flayer7,16.5,15.3606,-0.3,0,2
92975,flyer5,7.5,15.3606,-0.3,0,2
92977,flayer8,16.5,4.87467,-0.298703,-0.0278655,2
92978,player,1.50344,5.16694,-0.0714766,0.0682688,1
92978,flyer1,16.5,15.3606,-0.3,0,2
92979,flayer7,15,15.3606,-0.3,0,2
92979,bullet2,1.87128,5.19767,0.8,0,1
92980,flyer5,5.99999,15.3606,-0.3,0,2
92980,bullet4,1.8568,5.21149,0.8,0,1
92982,flayer8,15.0065,4.73534,-0.298703,-0.0278655,2
92983,player,1.78354,5.55927,0.336181,0.33876,1
92983,flyer1,15,15.3606,-0.3,0,2
92984,flayer7,13.5,15.3606,-0.3,0,2
92984,bullet2,5.87128,5.19767,0.8,0,1
92984,bullet5,2.33482,5.71171,0.8,0,1
92985,flyer5,4.49999,15.3606,-0.3,0,2
92985,bullet4,5.8568,5.21149,0.8,0,1
92987,flayer8,13.513,4.59601,-0.298703,-0.0278655,2
92988,player,2.12186,4.78423,-0.0773278,-0.213968,1
92988,flyer1,13.5,15.3606,-0.3,0,2
92989,flayer7,12,15.3606,-0.3,0,2
92989,bullet2,9.87128,5.19767,0.8,0,1
92989,bullet5,6.33482,5.71171,0.8,0,1
92990,flyer5,2.99999,15.3606,-0.3,0,2
92990,bullet4,9.8568,5.21149,0.8,0,1
92990,bullet6,2.47141,4.64462,0.8,0,1
92991,explosion6,11.4713,5.19767,-0.298703,-0.0278655,1
92991,bullet1,2.46436,4.62512,0.8,0,1
92992,flayer8,12.0195,4.45669,-0.298703,-0.0278655,0
92992,explosion7,11.4568,5.21149,-0.298703,-0.0278655,1
92992,explosion8,12.0195,4.45669,-0.298703,-0.0278655,1
92993,player,1.72226,4.6124,-0.338927,-0.00394831,1
92993,flyer1,12,15.3606,-0.3,0,2
92994,flayer7,10.5,15.3606,-0.3,0,2
92994,bullet5,10.3348,5.71171,0.8,0,1
92995,flyer5,1.49999,15.3606,-0.3,0,2
92995,bullet6,6.47141,4.64462,0.8,0,1
92996,bullet1,6.46436,4.62512,0.8,0,1
92997,explosion8,10.5259,4.31736,-0.298703,-0.0278655,1
92998,player,2.87926,4.34442,0.49696,0.323588,1
92998,flyer1,10.5,15.3606,-0.3,0,2
92999,flayer7,9,15.3606,-0.3,0,2
92999,bullet5,14.3348,5.71171,0.8,0,1
93000,flyer5,-6.4373e-06,15.3606,-0.3,0,2
93000,bullet6,10.4714,4.64462,0.8,0,1
93001,bullet1,10.4644,4.62512,0.8,0,1
93003,player,3.27836,4.04657,0.00917032,-0.0623727,1
93003,flyer1,9,15.3606,-0.3,0,2
93003,bullet3,3.67836,4.04657,0.8,0,1
93004,flayer7,7.5,15.3606,-0.3,0,2
93004,bullet2,3.68249,4.0185,0.8,0,1
93005,bullet6,14.4714,4.64462,0.8,0,1
93006,bullet1,14.4644,4.62512,0.8,0,1
93008,player,3.62323,3.99647,0.337669,-0.00115095,1
93008,flyer1,7.5,15.3606,-0.3,0,2
93008,bullet3,7.67837,4.04657,0.8,0,1
93009,flayer7,5.99999,15.3606,-0.3,0,2
93009,bullet2,7.68249,4.0185,0.8,0,1
93011,bullet4,3.78495,4.48499,0.8,0,1
93013,player,3.30593,4.58402,-0.0245237,0.0307335,1
93013,flyer1,5.99999,15.3606,-0.3,0,2
93013,bullet3,11.6784,4.04657,0.8,0,1
93013,bullet5,3.70593,4.58402,0.8,0,1
93014,flayer7,4.49999,15.3606,-0.3,0,2
93014,bullet2,11.6825,4.0185,0.8,0,1
93016,bullet4,7.78495,4.48499,0.8,0,1
93018,player,3.28624,4.85968,-0.000452532,-0.306178,1
93018,flyer1,4.49999,15.3606,-0.3,0,2
93018,bullet3,15.6784,4.04657,0.8,0,1
93018,bullet5,7.70593,4.58402,0.8,0,1
93019,flayer7,2.99999,15.3606,-0.3,0,2
93019,bullet2,15.6825,4.0185,0.8,0,1
93021,bullet4,11.785,4.48499,0.8,0,1
93022,bullet6,3.68588,4.61944,0.8,0,1
93023,player,3.28587,4.61379,-8.35049e-06,-0.00564985,1
93023,flyer1,2.99999,15.3606,-0.3,0,2
93023,bullet5,11.7059,4.58402,0.8,0,1
93024,flayer7,1.49999,15.3606,-0.3,0,2
93026,bullet4,15.785,4.48499,0.8,0,1
93027,bullet6,7.68588,4.61944,0.8,0,1
93028,player,4.37755,3.53141,0.165714,-0.182734,1
93028,flyer1,1.49999,15.3606,-0.3,0,2
93028,bullet5,15.7059,4.58402,0.8,0,1
93029,flayer7,-6.4373e-06,15.3606,-0.3,0,2
93029,flyer2,16.5,15.3606,-0.24916,0.167091,2
93031,flyer3,16.5,0.552718,-0.3,0,2
93031,bullet1,4.34307,3.95324,0.8,0,1
93032,bullet6,11.6859,4.61944,0.8,0,1
93032,bullet3,4.31911,3.9765,0.8,0,1
93033,player,3.90833,3.98697,-0.0107817,0.0104677,1
93033,flyer1,-6.4373e-06,15.3606,-0.3,0,2
93034,flyer2,15.2542,16.1961,-0.24916,0.167091,2
93034,bullet2,4.30347,3.99168,0.8,0,1
93036,flyer3,15,0.552718,-0.3,0,2
93036,bullet1,8.34307,3.95324,0.8,0,1
93037,bullet6,15.6859,4.61944,0.8,0,1
93037,bullet3,8.31911,3.9765,0.8,0,1
93038,player,2.97369,4.92135,-0.368454,0.368448,1
93039,bullet2,8.30347,3.99168,0.8,0,1
93039,bullet4,3.20789,5.08715,0.8,0,1
93041,flyer3,13.5,0.552718,-0.3,0,2
93041,bullet1,12.3431,3.95324,0.8,0,1
93042,bullet3,12.3191,3.9765,0.8,0,1
93043,player,3.23551,4.65953,0.0615447,-0.0615448,1
93044,bullet2,12.3035,3.99168,0.8,0,1
93044,bullet4,7.20789,5.08715,0.8,0,1
93046,flyer3,12,0.552718,-0.3,0,2
93046,bullet1,16.3431,3.95324,0.8,0,1
93047,bullet3,16.3191,3.9765,0.8,0,1
93048,player,3.62244,3.68413,0.338636,-0.36939,1
93048,flyer4,16.5,10.4222,-0.3,0,2
93049,bullet2,16.3035,3.99168,0.8,0,1
93049,bullet4,11.2079,5.08715,0.8,0,1
93050,flyer6,16.5,10.4222,-0.3,0,2
93051,flyer3,10.5,0.552718,-0.3,0,2
93053,player,3.22373,5.03688,0.0759404,0.227242,1
93053,flyer4,15,10.4222,-0.3,0,2
93054,bullet4,15.2079,5.08715,0.8,0,1
93055,flyer6,15,10.4222,-0.3,0,2
93055,bullet5,3.67328,5.18516,0.8,0,1
93056,flyer3,9,0.552718,-0.3,0,2
93058,player,2.727,4.66166,-0.0669424,-0.0641505,1
93058,flyer4,13.5,10.4222,-0.3,0,2
93058,bullet6,3.127,4.66166,0.8,0,1
93059,bullet1,3.09688,4.63279,0.8,0,1
93060,flyer6,13.5,10.4222,-0.3,0,2
93060,bullet5,7.67329,5.18516,0.8,0,1
93061,flyer3,7.5,0.552718,-0.3,0,2
93063,player,3.16262,4.27264,0.15064,-0.338684,1
93063,flyer4,12,10.4222,-0.3,0,2
93063,bullet6,7.127,4.66166,0.8,0,1
93064,bullet1,7.09688,4.63279,0.8,0,1
93065,flyer6,12,10.4222,-0.3,0,2
93065,bullet5,11.6733,5.18516,0.8,0,1
93066,flyer3,5.99999,0.552718,-0.3,0,2
93068,player,2.1374,3.44293,-0.0963187,-0.0745934,1
93068,flyer4,10.5,10.4222,-0.3,0,2
93068,bullet6,11.127,4.66166,0.8,0,1
93069,bullet1,11.0969,4.63279,0.8,0,1
93070,flyer6,10.5,10.4222,-0.3,0,2
93070,bullet5,15.6733,5.18516,0.8,0,1
93071,flyer3,4.49999,0.552718,-0.3,0,2
93073,player,1.57068,4.46087,-0.153652,0.181253,1
93073,flyer4,9,10.4222,-0.3,0,2
93073,bullet6,15.127,4.66166,0.8,0,1
93073,bullet3,1.97068,4.46087,0.8,0,1
93074,bullet1,15.0969,4.63279,0.8,0,1
93075,flyer6,9,10.4222,-0.3,0,2
93076,flyer3,2.99999,0.552718,-0.3,0,2
93078,player,0.957905,5.09581,-0.15471,0.15522,1
93078,flyer4,7.5,10.4222,-0.3,0,2
93078,bullet3,5.97068,4.46087,0.8,0,1
93080,flyer6,7.5,10.4222,-0.3,0,2
93080,bullet2,1.25696,5.19709,0.8,0,1
93081,flyer3,1.49999,0.552718,-0.3,0,2
93082,bullet4,1.23651,5.2176,0.8,0,1
93083,player,0.833659,5.22046,-0.00285484,0.00286424,1
93083,flyer4,5.99999,10.4222,-0.3,0,2
93083,bullet3,9.97068,4.46087,0.8,0,1
93083,bullet5,1.23366,5.22046,0.8,0,1
93085,flyer6,5.99999,10.4222,-0.3,0,2
93085,bullet2,5.25696,5.19709,0.8,0,1
93086,flyer3,-6.4373e-06,0.552718,-0.3,0,2
93087,bullet4,5.23651,5.2176,0.8,0,1
93088,player,0.4,5.22276,-0,5.28533e-05,1
93088,flyer4,4.49999,10.4222,-0.3,0,2
93088,bullet3,13.9707,4.46087,0.8,0,1
93088,bullet5,5.23366,5.22046,0.8,0,1
93090,flyer6,4.49999,10.4222,-0.3,0,2
93090,bullet2,9.25696,5.19709,0.8,0,1
93092,bullet4,9.23652,5.2176,0.8,0,1
93093,player,0.889375,4.73343,0.151875,-0.151874,1
93093,flyer4,2.99999,10.4222,-0.3,0,2
93093,bullet5,9.23366,5.22046,0.8,0,1
93095,flyer6,2.99999,10.4222,-0.3,0,2
93095,bullet2,13.257,5.19709,0.8,0,1
93097,bullet4,13.2365,5.2176,0.8,0,1
93097,bullet6,1.30944,4.02579,0.8,0,1
93098,player,0.966749,4.00915,0.0573067,-0.0166421,1
93098,flyer4,1.49999,10.4222,-0.3,0,2
93098,bullet5,13.2337,5.22046,0.8,0,1
93099,bullet1,1.39254,4.00166,0.8,0,1
93100,flyer6,1.49999,10.4222,-0.3,0,2
93102,bullet6,5.30944,4.02579,0.8,0,1
93103,player,1.60124,2.91794,0.0318122,-0.182937,1
93103,flyer4,-6.4373e-06,10.4222,-0.3,0,2
93104,bullet1,5.39254,4.00166,0.8,0,1
93104,bullet3,2.01556,2.83562,0.8,0,1
93105,flyer6,-6.4373e-06,10.4222,-0.3,0,2
93106,bullet2,2.0249,2.7819,0.8,0,1
93107,bullet6,9.30944,4.02579,0.8,0,1
93108,player,2.11617,2.28165,0.152462,-0.155251,1
93109,bullet1,9.39254,4.00166,0.8,0,1
93109,bullet3,6.01556,2.83562,0.8,0,1
93111,bullet2,6.0249,2.7819,0.8,0,1
93112,bullet6,13.3094,4.02579,0.8,0,1
93113,player,1.90111,2.71469,-0.334687,0.0654789,1
93114,bullet1,13.3925,4.00166,0.8,0,1
93114,bullet3,10.0156,2.83562,0.8,0,1
93116,flayer8,16.5,8.85274,-0.288286,0.0830142,2
93116,bullet2,10.0249,2.7819,0.8,0,1
93116,bullet4,2.05223,2.76339,0.8,0,1
93118,player,1.63233,2.76728,-0.00617591,0.00120827,1
93119,bullet3,14.0156,2.83562,0.8,0,1
93121,flayer8,15.0586,9.26781,-0.288286,0.0830142,2
93121,bullet2,14.0249,2.7819,0.8,0,1
93121,bullet4,6.05223,2.76339,0.8,0,1
93122,flyer5,16.5,8.85274,-0.296959,0.0426091,2
93123,player,2.55334,1.84227,0.368141,-0.368232,1
93124,flayer7,16.5,8.85274,-0.3,0,2
93126,flayer8,13.6171,9.68289,-0.288286,0.0830142,2
93126,bullet4,10.0522,2.76339,0.8,0,1
93127,flyer5,15.0152,9.06579,-0.296959,0.0426091,2
93128,player,2.84899,1.05718,0.00679323,-0.15867,1
93128,bullet5,3.24899,1.05718,0.8,0,1
93129,flayer7,15,8.85274,-0.3,0,2
93131,flayer8,12.1757,10.098,-0.288286,0.0830142,2
93131,bullet4,14.0522,2.76339,0.8,0,1
93131,bullet6,2.76466,0.449812,0.8,0,1
93132,flyer5,13.5304,9.27883,-0.296959,0.0426091,2
93133,player,1.92847,0.712238,-0.368129,0.312238,1
93133,bullet5,7.24899,1.05718,0.8,0,1
93134,flayer7,13.5,8.85274,-0.3,0,2
93134,bullet1,2.16281,0.852745,0.8,0,1
93136,flayer8,10.7343,10.513,-0.288286,0.0830142,2
93136,bullet6,6.76466,0.449812,0.8,0,1
93137,flyer5,12.0456,9.49188,-0.296959,0.0426091,2
93137,bullet3,2.03962,0.95723,0.8,0,1
93138,player,1.29533,0.962991,-0.344293,0.00576167,1
93138,bullet5,11.249,1.05718,0.8,0,1
93139,flayer7,12,8.85274,-0.3,0,2
93139,bullet1,6.16281,0.852745,0.8,0,1
93141,flayer8,9.29287,10.9281,-0.288286,0.0830142,2
93141,bullet6,10.7647,0.449812,0.8,0,1
93142,flyer5,10.5608,9.70493,-0.296959,0.0426091,2
93142,bullet3,6.03962,0.95723,0.8,0,1
93143,player,1.60731,1.55609,0.0244015,0.030861,1
93143,bullet5,15.249,1.05718,0.8,0,1
93144,flayer7,10.5,8.85274,-0.3,0,2
93144,bullet1,10.1628,0.852745,0.8,0,1
93145,bullet2,2.02323,1.57623,0.8,0,1
93146,flayer8,7.85144,11.3432,-0.288286,0.0830142,2
93146,bullet6,14.7647,0.449812,0.8,0,1
93147,flyer5,9.07603,9.91797,-0.296959,0.0426091,2
93147,bullet3,10.0396,0.95723,0.8,0,1
93148,player,1.2894,2.07025,-0.33705,0.152444,1
93149,flayer7,9,8.85274,-0.3,0,2
93149,bullet1,14.1628,0.852745,0.8,0,1
93150,bullet2,6.02323,1.57623,0.8,0,1
93151,flayer8,6.41001,11.7582,-0.288286,0.0830142,2
93152,flyer5,7.59123,10.131,-0.296959,0.0426091,2
93152,bullet3,14.0396,0.95723,0.8,0,1
93153,player,0.461005,3.33887,-0.0745633,0.101911,1
93154,flayer7,7.5,8.85274,-0.3,0,2
93154,bullet4,0.827452,3.38473,0.8,0,1
93155,bullet2,10.0232,1.57623,0.8,0,1
93156,flayer8,4.96858,12.1733,-0.288286,0.0830142,2
93157,flyer5,6.10644,10.3441,-0.296959,0.0426091,2
93158,player,0.837723,3.57259,0.215004,-0.183744,1
93159,flayer7,5.99999,8.85274,-0.3,0,2
93159,bullet4,4.82745,3.38473,0.8,0,1
93160,bullet2,14.0232,1.57623,0.8,0,1
93161,flayer8,3.52715,12.5884,-0.288286,0.0830142,2
93161,bullet5,1.88698,2.94658,0.8,0,1
93162,flyer5,4.62164,10.5571,-0.296959,0.0426091,2
93163,player,1.59886,2.83655,0.0347221,-0.0341453,1
93164,flayer7,4.49999,8.85274,-0.3,0,2
93164,bullet4,8.82745,3.38473,0.8,0,1
93164,bullet6,2.01449,2.82119,0.8,0,1
93165,bullet1,2.02152,2.81427,0.8,0,1
93166,flayer8,2.08573,13.0035,-0.288286,0.0830142,2
93166,bullet5,5.88698,2.94658,0.8,0,1
93167,flyer5,3.13685,10.7702,-0.296959,0.0426091,2
93168,player,1.13737,3.2985,-0.151234,0.151245,1
93169,flayer7,2.99999,8.85274,-0.3,0,2
93169,bullet4,12.8275,3.38473,0.8,0,1
93169,bullet6,6.01449,2.82119,0.8,0,1
93170,bullet1,6.02152,2.81427,0.8,0,1
93171,flayer8,0.644298,13.4185,-0.288286,0.0830142,2
93171,bullet5,9.88698,2.94658,0.8,0,1
93172,flyer5,1.65206,10.9832,-0.296959,0.0426091,2
93173,player,1.01592,3.41997,-0.0027907,0.00279089,1
93174,flayer7,1.49999,8.85274,-0.3,0,2
93174,bullet6,10.0145,2.82119,0.8,0,1
93175,bullet1,10.0215,2.81427,0.8,0,1
93175,bullet3,1.90347,2.93241,0.8,0,1
93176,bullet5,13.887,2.94658,0.8,0,1
93177,flyer5,0.167262,11.1962,-0.296959,0.0426091,2
93178,player,1.27849,3.15739,-0.323712,0.323712,1
93179,flayer7,-6.4373e-06,8.85274,-0.3,0,2
93179,bullet6,14.0145,2.82119,0.8,0,1
93180,bullet1,14.0215,2.81427,0.8,0,1
93180,bullet3,5.90347,2.93241,0.8,0,1
93181,bullet5,17.887,2.94658,0.8,0,1
93182,flyer1,16.5,8.85274,-0.3,0,2
93182,bullet2,1.4245,3.41139,0.8,0,1
93183,player,1.01852,3.41736,-0.00597339,0.00597339,1
93184,flyer2,16.5,12.5836,-0.3,0,2
93184,bullet4,1.41583,3.42005,0.8,0,1
93185,bullet3,9.90347,2.93241,0.8,0,1
93185,bullet5,1.41463,3.42126,0.8,0,1
93187,flyer1,15,8.85274,-0.3,0,2
93187,bullet2,5.4245,3.41139,0.8,0,1
93188,player,1.01373,3.42216,-0.000110226,0.000110226,1
93189,flyer2,15,12.5836,-0.3,0,2
93189,bullet4,5.41583,3.42005,0.8,0,1
93190,bullet3,13.9035,2.93241,0.8,0,1
93190,bullet5,5.41463,3.42126,0.8,0,1
93192,flyer1,13.5,8.85274,-0.3,0,2
93192,bullet2,9.4245,3.41139,0.8,0,1
93193,player,1.01364,3.42225,-2.03398e-06,2.03398e-06,1
93194,flyer2,13.5,12.5836,-0.3,0,2
93194,bullet4,9.41584,3.42005,0.8,0,1
93195,bullet5,9.41463,3.42126,0.8,0,1
93196,bullet6,0.924261,3.42225,0.8,0,1
93197,flyer1,12,8.85274,-0.3,0,2
93197,bullet2,13.4245,3.41139,0.8,0,1
93198,player,0.425162,3.42225,-0.0307547,3.75326e-08,1
93199,flyer2,12,12.5836,-0.3,0,2
93199,bullet4,13.4158,3.42005,0.8,0,1
93200,bullet5,13.4146,3.42126,0.8,0,1
93201,bullet6,4.92426,3.42225,0.8,0,1
93202,flyer1,10.5,8.85274,-0.3,0,2
93203,player,0.7375,3.08475,0.3375,-0.3375,1
93204,flyer2,10.5,12.5836,-0.3,0,2
93204,flyer3,16.5,14.3853,-0.3,0,2
93205,bullet1,1.35772,2.86453,0.8,0,1
93206,bullet6,8.92426,3.42225,0.8,0,1
93207,flyer1,9,8.85274,-0.3,0,2
93208,player,0.450822,2.81371,-0.0621159,-0.00622782,1
93209,flyer2,9,12.5836,-0.3,0,2
93209,flyer3,15,14.3853,-0.3,0,2
93209,bullet3,0.82287,2.81091,0.8,0,1
93210,bullet1,5.35772,2.86453,0.8,0,1
93211,bullet6,12.9243,3.42225,0.8,0,1
93212,flyer1,7.5,8.85274,-0.3,0,2
93213,player,0.4,2.25099,0,-0.0684587,1
93213,bullet2,0.8,2.25099,0.8,0,1
93214,flyer2,7.5,12.5836,-0.3,0,2
93214,flyer3,13.5,14.3853,-0.3,0,2
93214,bullet3,4.82287,2.81091,0.8,0,1
93215,bullet1,9.35772,2.86453,0.8,0,1
93217,flyer1,5.99999,8.85274,-0.3,0,2
93218,player,1.54619,2.19601,0.0990984,-0.00126326,1
93218,bullet2,4.8,2.25099,0.8,0,1
93218,bullet4,1.14619,2.19601,-0.8,-6.99382e-08,1
93219,flyer2,5.99999,12.5836,-0.3,0,2
93219,flyer3,12,14.3853,-0.3,0,2
93219,bullet3,8.82287,2.81091,0.8,0,1
93220,bullet1,13.3577,2.86453,0.8,0,1
93222,flyer1,4.49999,8.85274,-0.3,0,2
93222,bullet5,1.22395,2.19502,-0.8,-6.99382e-08,1
93223,player,1.62578,2.195,0.00182864,-2.33106e-05,1
93223,bullet2,8.8,2.25099,0.8,0,1
93224,flyer2,4.49999,12.5836,-0.3,0,2
93224,flyer3,10.5,14.3853,-0.3,0,2
93224,bullet3,12.8229,2.81091,0.8,0,1
93225,bullet6,2.02697,2.19498,0.8,0,1
93226,bullet4,2.02714,2.19498,0.8,0,1
93227,flyer1,2.99999,8.85274,-0.3,0,2
93228,player,1.62724,2.19498,3.37436e-05,-4.30146e-07,1
93228,bullet2,12.8,2.25099,0.8,0,1
93229,flyer2,2.99999,12.5836,-0.3,0,2
93229,flyer3,9,14.3853,-0.3,0,2
93230,bullet6,6.02697,2.19498,0.8,0,1
93231,bullet4,6.02714,2.19498,0.8,0,1
93232,flyer1,1.49999,8.85274,-0.3,0,2
93233,player,1.52817,3.27283,0.121121,0.18263,1
93233,bullet1,1.92817,3.27283,0.8,0,1
93234,flyer2,1.49999,12.5836,-0.3,0,2
93234,flyer3,7.5,14.3853,-0.3,0,2
93235,bullet6,10.027,2.19498,0.8,0,1
93236,bullet4,10.0271,2.19498,0.8,0,1
93237,flyer1,-6.4373e-06,8.85274,-0.3,0,2
93237,bullet5,1.46549,3.41612,0.8,0,1
93238,player,1.03697,3.41949,-0.0285197,0.00337003,1
93238,bullet1,5.92817,3.27283,0.8,0,1
93239,flyer2,-6.4373e-06,12.5836,-0.3,0,2
93239,flyer3,5.99999,14.3853,-0.3,0,2
93240,bullet6,14.027,2.19498,0.8,0,1
93241,bullet4,14.0271,2.19498,0.8,0,1
93242,bullet5,5.46549,3.41612,0.8,0,1
93243,player,1.01407,3.67317,-0.000526268,-0.306683,1
93243,bullet1,9.92817,3.27283,0.8,0,1
93244,flyer3,4.49999,14.3853,-0.3,0,2
93244,flyer4,16.5,2.83613,-0.3,0,2
93247,bullet5,9.46549,3.41612,0.8,0,1
93247,bullet3,1.97137,2.87482,0.8,0,1
93248,player,1.60212,2.83841,0.030745,-0.0364139,1
93248,bullet1,13.9282,3.27283,0.8,0,1
93249,flyer3,2.99999,14.3853,-0.3,0,2
93249,flyer4,15,2.83613,-0.3,0,1
93249,explosion1,14.7282,3.27283,-0.3,0,1
93249,bullet2,2.01595,2.82202,0.8,0,1
93252,bullet3,5.97137,2.87482,0.8,0,1
93252,explosion2,13.4655,3.41612,-0.3,0,1
93252,explosion3,14.1,2.83613,-0.3,0,1
93253,player,1.62681,3.88701,0.000567331,0.181958,1
93253,bullet6,2.02681,3.88701,0.8,0,1
93254,flyer3,1.49999,14.3853,-0.3,0,2
93254,bullet2,6.01595,2.82202,0.8,0,1
93256,bullet4,2.02723,4.02232,0.8,0,1
93257,bullet3,9.97137,2.87482,0.8,0,1
93257,explosion3,12.6,2.83613,-0.3,0,1
93258,player,1.62726,4.03314,1.04689e-05,0.00335763,1
93258,bullet6,6.02681,3.88701,0.8,0,1
93259,flyer3,-6.4373e-06,14.3853,-0.3,0,2
93259,bullet2,10.016,2.82202,0.8,0,1
93261,bullet4,6.02723,4.02232,0.8,0,1
93262,bullet3,13.9714,2.87482,0.8,0,1
93263,player,2.48056,5.22662,-0.292906,0.0446563,1
93263,bullet6,10.0268,3.88701,0.8,0,1
93264,bullet2,14.016,2.82202,0.8,0,1
93266,flyer6,16.5,2.83613,-0.3,0,2
93266,bullet4,10.0272,4.02232,0.8,0,1
93266,bullet1,1.86275,5.25983,-0.8,-6.99382e-08,1
93267,bullet5,2.65074,5.26166,0.8,0,1
93268,player,2.24533,5.26248,-0.00540493,0.000824034,1
93268,bullet6,14.0268,3.88701,0.8,0,1
93271,flyer6,15,2.83613,-0.3,0,1
93271,flayer8,16.5,15.4584,-0.3,0,2
93271,bullet4,14.0272,4.02232,0.8,0,1
93272,bullet5,6.65074,5.26166,0.8,0,1
93273,player,3.09428,5.36224,-0.293005,-0.121105,1
93274,flyer5,16.5,15.4584,-0.3,0,2
93275,bullet3,3.30309,5.28322,0.8,0,1
93276,flyer6,13.5,2.83613,-0.3,0,1
93276,flayer8,15,15.4584,-0.3,0,2
93277,bullet5,10.6507,5.26166,0.8,0,1
93277,bullet2,3.26438,5.26722,0.8,0,1
93278,player,2.85897,5.26498,-0.00540678,-0.00223473,1
93279,flyer5,15,15.4584,-0.3,0,2
93279,bullet1,3.25654,5.26398,0.8,0,1
93280,bullet3,7.30309,5.28322,0.8,0,1
93281,flyer6,12,2.83613,-0.3,0,1
93281,flayer8,13.5,15.4584,-0.3,0,2
93282,bullet5,14.6507,5.26166,0.8,0,1
93282,bullet2,7.26438,5.26722,0.8,0,1
93283,player,2.85463,5.26319,-9.97702e-05,-4.12371e-05,1
93284,flyer5,13.5,15.4584,-0.3,0,2
93284,bullet1,7.25654,5.26398,0.8,0,1
93285,bullet3,11.3031,5.28322,0.8,0,1
93286,flyer6,10.5,2.83613,-0.3,0,1
93286,flayer8,12,15.4584,-0.3,0,2
93286,bullet6,3.81227,5.82088,0.8,0,1
93287,bullet2,11.2644,5.26722,0.8,0,1
93288,player,3.45686,5.86547,0.0138378,0.0138388,1
93289,flyer5,12,15.4584,-0.3,0,2
93289,bullet1,11.2565,5.26398,0.8,0,1
93290,bullet3,15.3031,5.28322,0.8,0,1
93291,flyer6,9,2.83613,-0.3,0,1
93291,flayer8,10.5,15.4584,-0.3,0,2
93291,bullet6,7.81227,5.82088,0.8,0,1
93292,bullet2,15.2644,5.26722,0.8,0,1
93293,player,4.02569,4.71655,0.0685991,-0.081928,1
93294,flyer5,10.5,15.4584,-0.3,0,2
93294,bullet1,15.2565,5.26398,0.8,0,1
93296,flyer6,7.5,2.83613,-0.3,0,1
93296,flayer8,9,15.4584,-0.3,0,2
93296,bullet6,11.8123,5.82088,0.8,0,1
93296,bullet4,4.4767,4.65563,0.8,0,1
93298,player,4.08078,4.65076,0.00126585,-0.0015118,1
93298,bullet5,3.68078,4.65076,-0.8,-6.99382e-08,1
93299,flyer5,9,15.4584,-0.3,0,2
93301,flyer6,5.99999,2.83613,-0.3,0,1
93301,flayer8,7.5,15.4584,-0.3,0,2
93301,bullet6,15.8123,5.82088,0.8,0,1
93301,bullet4,8.4767,4.65563,0.8,0,1
