83722,player,1.88356,8.75886,0,0,1
83726,bullet1,1.20571,8.17038,0.8,0,1
83727,player,0.723525,8.15654,-0.0821834,-0.0138396,1
83728,bullet2,1.08654,8.15031,0.8,0,1
83731,bullet1,5.20571,8.17038,0.8,0,1
83731,bullet3,1.61676,8.7034,0.8,0,1
83732,player,1.246,8.7339,0.0292382,0.0304993,1
83733,bullet2,5.08654,8.15031,0.8,0,1
83734,flyer1,16.5,9.02154,-0.3,0,2
83736,bullet1,9.20571,8.17038,0.8,0,1
83736,bullet3,5.61676,8.7034,0.8,0,1
83737,player,2.91889,9.36071,0.234598,0.0144024,1
83738,bullet2,9.08654,8.15031,0.8,0,1
83739,flyer1,15,9.02154,-0.3,0,2
83740,bullet4,4.05106,9.37142,0.8,0,1
83741,bullet1,13.2057,8.17038,0.8,0,1
83741,bullet3,9.61676,8.7034,0.8,0,1
83742,player,3.22023,8.8829,-0.133706,-0.151609,1
83742,explosion1,14.0057,8.17038,-0.3,0,1
83743,explosion2,13.0865,8.15031,-0.3,0,1
83743,explosion3,13.8,9.02154,-0.3,0,1
83743,bullet5,3.56006,8.81467,0.8,0,1
83744,bullet6,3.53298,8.78397,0.8,0,1
83745,bullet4,8.05106,9.37142,0.8,0,1
83746,bullet3,13.6168,8.7034,0.8,0,1
83747,player,3.11285,8.76114,-0.00246726,-0.00279762,1
83748,explosion3,12.3,9.02154,-0.3,0,1
83748,bullet5,7.56006,8.81467,0.8,0,1
83749,bullet6,7.53298,8.78397,0.8,0,1
83750,flyer2,16.5,9.02154,-0.287051,0.0871888,2
83750,bullet4,12.0511,9.37142,0.8,0,1
83751,bullet1,4.06863,8.20123,0.8,0,1
83752,player,3.69934,8.17042,0.0307092,-0.0308063,1
83753,bullet5,11.5601,8.81467,0.8,0,1
83754,bullet6,11.533,8.78397,0.8,0,1
83754,explosion4,15.2511,9.37142,-0.287051,0.0871888,1
83755,flyer2,15.0647,9.45748,-0.287051,0.0871888,1
83756,bullet1,8.06863,8.20123,0.8,0,1
83756,explosion5,13.9601,8.81467,-0.287051,0.0871888,1
83756,explosion6,14.7777,9.54467,-0.287051,0.0871888,1
83756,bullet2,4.12344,7.58853,0.8,0,1
83757,player,3.724,7.55721,0.00056667,-0.0313232,1
83759,bullet6,15.533,8.78397,0.8,0,1
83761,flyer3,16.5,9.02154,-0.3,0,2
83761,bullet1,12.0686,8.20123,0.8,0,1
83761,explosion5,12.5248,9.25062,-0.287051,0.0871888,1
83761,bullet2,8.12344,7.58853,0.8,0,1
83762,player,4.32677,7.04268,0.0138501,-0.152453,1
83762,flyer4,16.5,3.29522,-0.216639,-0.207528,2
83764,bullet3,5.22518,7.43258,0.8,0,1
83765,explosion7,15.2686,8.20123,-0.3,0,1
83766,flyer3,15,9.02154,-0.3,0,1
83766,bullet2,12.1234,7.58853,0.8,0,1
83767,player,4.45083,8.34943,-0.13778,0.500401,1
83767,flyer4,15.4168,2.25758,-0.216639,-0.207528,2
83769,bullet3,9.22518,7.43258,0.8,0,1
83771,flyer3,13.5,9.02154,-0.3,0,1
83771,bullet2,16.1234,7.58853,0.8,0,1
83771,bullet4,4.25335,8.25269,0.8,0,1
83772,player,3.78246,8.19358,-0.0708862,-0.0591099,1
83772,flyer4,14.3336,1.21994,-0.216639,-0.207528,2
83774,bullet3,13.2252,7.43258,0.8,0,1
83774,bullet5,3.64684,7.66564,0.8,0,1
83776,flyer3,12,9.02154,-0.3,0,1
83776,bullet4,8.25335,8.25269,0.8,0,1
83777,player,3.6126,8.03317,0.136727,0.136945,1
83777,flyer4,13.2504,0.182301,-0.216639,-0.207528,2
83777,bullet6,4.0126,8.03317,0.8,0,1
83779,bullet5,7.64684,7.66564,0.8,0,1
83779,explosion8,10.6534,8.25269,-0.3,0,1
83779,explosion1,11.1,9.02154,-0.3,0,1
83782,player,2.64455,8.24224,-0.180107,-0.118593,1
83782,bullet6,8.0126,8.03317,0.8,0,1
83783,bullet1,2.96351,8.18888,0.8,0,1
83784,bullet5,11.6468,7.66564,0.8,0,1
83784,explosion1,9.6,9.02154,-0.3,0,1
83785,flyer5,16.5,3.29522,-0.3,0,2
83787,player,1.91144,8.73547,-0.0340782,0.0285663,1
83787,bullet6,12.0126,8.03317,0.8,0,1
83787,bullet2,2.31144,8.73547,0.8,0,1
83788,bullet1,6.96351,8.18888,0.8,0,1
83789,bullet5,15.6468,7.66564,0.8,0,1
83790,flyer5,15,3.29522,-0.3,0,2
83792,player,1.81573,8.71382,0.0829024,0.0550313,1
83792,bullet6,16.0126,8.03317,0.8,0,1
83792,bullet2,6.31144,8.73547,0.8,0,1
83793,flyer6,16.5,3.29522,-0.3,0,2
83793,bullet1,10.9635,8.18888,0.8,0,1
83794,bullet3,2.26982,9.2391,0.8,0,1
83795,flyer5,13.5,3.29522,-0.3,0,2
83797,player,1.88231,9.69782,0.00152978,0.352355,1
83797,bullet2,10.3114,8.73547,0.8,0,1
83798,flyer6,15,3.29522,-0.3,0,2
83798,bullet1,14.9635,8.18888,0.8,0,1
83799,bullet3,6.26982,9.2391,0.8,0,1
83800,flyer5,12,3.29522,-0.3,0,2
83802,player,1.28122,9.44682,-0.0138114,-0.0908689,1
83802,bullet2,14.3114,8.73547,0.8,0,1
83803,flyer6,13.5,3.29522,-0.3,0,2
83803,bullet4,1.67501,9.40593,0.8,0,1
83804,bullet3,10.2698,9.2391,0.8,0,1
83805,flyer5,10.5,3.29522,-0.3,0,2
83805,bullet5,1.67095,9.37925,0.8,0,1
83807,player,1.27013,9.37384,-0.000254859,-0.00167679,1
83807,bullet6,1.67013,9.37384,0.8,0,1
83808,flyer6,12,3.29522,-0.3,0,2
83808,bullet4,5.67501,9.40593,0.8,0,1
83809,bullet3,14.2698,9.2391,0.8,0,1
83810,flyer5,9,3.29522,-0.3,0,2
83810,bullet5,5.67095,9.37925,0.8,0,1
83812,player,1.82764,9.3725,0.068339,-3.09414e-05,1
83812,bullet6,5.67013,9.37384,0.8,0,1
83813,flyer6,10.5,3.29522,-0.3,0,2
83813,bullet4,9.67501,9.40593,0.8,0,1
83814,bullet1,1.78286,9.37247,0.8,0,1
83815,flyer5,7.5,3.29522,-0.3,0,2
83815,bullet5,9.67095,9.37925,0.8,0,1
83817,player,1.28021,9.37247,-0.0125786,-5.70957e-07,1
83817,bullet6,9.67013,9.37384,0.8,0,1
83818,flyer6,9,3.29522,-0.3,0,2
83818,bullet4,13.675,9.40593,0.8,0,1
83819,bullet1,5.78286,9.37247,0.8,0,1
83820,flyer5,5.99999,3.29522,-0.3,0,2
83820,bullet5,13.671,9.37925,0.8,0,1
83822,player,1.75949,8.88309,0.151643,-0.151875,1
83822,bullet6,13.6701,9.37384,0.8,0,1
83823,flyer6,7.5,3.29522,-0.3,0,2
83824,bullet1,9.78286,9.37247,0.8,0,1
83825,flyer5,4.49999,3.29522,-0.3,0,2
83826,flayer7,16.5,2.0949,-0.3,0,2
83827,player,1.91202,8.2034,-0.0347908,-0.0711463,1
83827,bullet2,2.31202,8.2034,0.8,0,1
83828,flyer6,5.99999,3.29522,-0.3,0,2
83828,bullet3,2.29637,8.17138,0.8,0,1
83829,bullet1,13.7829,9.37247,0.8,0,1
83830,flyer5,2.99999,3.29522,-0.3,0,2
83830,bullet4,2.28615,8.15049,0.8,0,1
83831,flayer7,15,2.0949,-0.3,0,2
83832,player,1.88408,7.65689,-0.000641989,-0.153188,1
83832,bullet2,6.31202,8.2034,0.8,0,1
83833,flyer6,4.49999,3.29522,-0.3,0,2
83833,bullet3,6.29637,8.17138,0.8,0,1
83835,flyer5,1.49999,3.29522,-0.3,0,2
83835,bullet4,6.28615,8.15049,0.8,0,1
83835,bullet5,2.2836,8.03235,0.8,0,1
83836,flayer7,13.5,2.0949,-0.3,0,2
83837,player,1.54607,8.12234,-0.337512,0.0279279,1
83837,bullet2,10.312,8.2034,0.8,0,1
83838,flyer6,2.99999,3.29522,-0.3,0,2
83838,bullet3,10.2964,8.17138,0.8,0,1
83840,flyer5,-6.4373e-06,3.29522,-0.3,0,2
83840,bullet4,10.2862,8.15049,0.8,0,1
83840,bullet5,6.2836,8.03235,0.8,0,1
83841,flayer7,12,2.0949,-0.3,0,2
83842,player,1.27502,8.14477,-0.00622804,0.000515349,1
83842,bullet2,14.312,8.2034,0.8,0,1
83843,flyer6,1.49999,3.29522,-0.3,0,2
83843,bullet3,14.2964,8.17138,0.8,0,1
83845,bullet4,14.2862,8.15049,0.8,0,1
83845,bullet5,10.2836,8.03235,0.8,0,1
83845,bullet6,2.15976,8.14515,0.8,0,1
83846,flayer7,10.5,2.0949,-0.3,0,2
83847,player,1.85849,8.14518,0.0306398,9.50964e-06,1
83848,flyer6,-6.4373e-06,3.29522,-0.3,0,2
83848,bullet1,2.27227,8.14518,0.8,0,1
83850,bullet5,14.2836,8.03235,0.8,0,1
83850,bullet6,6.15976,8.14515,0.8,0,1
83851,flayer7,9,2.0949,-0.3,0,2
83851,bullet2,1.72481,7.58747,0.8,0,1
83852,player,1.29462,7.21921,-0.0301893,-0.368255,1
83853,bullet1,6.27228,8.14518,0.8,0,1
83854,bullet3,1.67492,6.97893,0.8,0,1
83855,bullet6,10.1598,8.14515,0.8,0,1
83856,flayer7,7.5,2.0949,-0.3,0,2
83856,bullet2,5.72481,7.58747,0.8,0,1
83857,player,1.27038,6.92347,-0.000557077,-0.00679533,1
83858,bullet1,10.2723,8.14518,0.8,0,1
83859,bullet3,5.67492,6.97893,0.8,0,1
83860,bullet6,14.1598,8.14515,0.8,0,1
83861,flayer7,5.99999,2.0949,-0.3,0,2
83861,bullet2,9.72481,7.58747,0.8,0,1
83862,player,2.46071,7.50649,0.044584,0.0306293,1
83863,bullet1,14.2723,8.14518,0.8,0,1
83864,bullet3,9.67492,6.97893,0.8,0,1
83866,flayer8,16.5,3.29522,-0.29992,0.00690587,2
83866,flayer7,4.49999,2.0949,-0.3,0,2
83866,bullet2,13.7248,7.58747,0.8,0,1
83866,bullet4,3.38507,7.43143,0.8,0,1
83867,player,3.05424,7.48649,0.0691665,0.0550693,1
83868,bullet5,3.48536,7.51127,0.8,0,1
83869,bullet3,13.6749,6.97893,0.8,0,1
83871,flayer8,15.0004,3.32974,-0.29992,0.00690587,2
83871,flayer7,2.99999,2.0949,-0.3,0,2
83871,bullet4,7.38507,7.43143,0.8,0,1
83871,bullet6,3.50851,7.5297,0.8,0,1
83872,player,3.10978,7.53072,0.00127632,0.00101618,1
83873,bullet5,7.48536,7.51127,0.8,0,1
83876,flayer8,13.5008,3.36427,-0.29992,0.00690587,2
83876,flayer7,1.49999,2.0949,-0.3,0,2
83876,bullet4,11.3851,7.43143,0.8,0,1
83876,bullet6,7.50851,7.5297,0.8,0,1
83876,bullet1,2.92231,7.04214,0.8,0,1
83877,player,2.5085,6.97382,-0.0138161,-0.068325,1
83878,bullet5,11.4854,7.51127,0.8,0,1
83881,flayer8,12.0012,3.3988,-0.29992,0.00690587,2
83881,flayer7,-6.4373e-06,2.0949,-0.3,0,2
83881,bullet4,15.3851,7.43143,0.8,0,1
83881,bullet6,11.5085,7.5297,0.8,0,1
83881,bullet1,6.92231,7.04214,0.8,0,1
83882,player,3.31993,6.91895,-0.255572,-0.00126079,1
83883,bullet5,15.4854,7.51127,0.8,0,1
83885,flyer1,16.5,2.0949,-0.274584,0.120845,2
83885,bullet2,4.0876,6.91801,0.8,0,1
83886,flayer8,10.5016,3.43333,-0.29992,0.00690587,2
83886,bullet6,15.5085,7.5297,0.8,0,1
83886,bullet1,10.9223,7.04214,0.8,0,1
83886,bullet3,4.10788,6.91796,0.8,0,1
83887,player,3.717,6.91794,0.0091236,-2.32651e-05,1
83890,flyer1,15.1271,2.69912,-0.274584,0.120845,2
83890,bullet2,8.0876,6.91801,0.8,0,1
83891,flayer8,9.002,3.46786,-0.29992,0.00690587,2
83891,bullet1,14.9223,7.04214,0.8,0,1
83891,bullet3,8.10788,6.91796,0.8,0,1
83892,player,2.57814,6.91792,-0.0989301,-4.29307e-07,1
83892,bullet4,2.17814,6.91792,-0.8,-6.99382e-08,1
83893,bullet5,2.93362,6.91792,0.8,0,1
83895,flyer1,13.7542,3.30334,-0.274584,0.120845,2
83895,bullet2,12.0876,6.91801,0.8,0,1
83896,flayer8,7.5024,3.50239,-0.29992,0.00690587,2
83896,bullet3,12.1079,6.91796,0.8,0,1
83896,bullet6,2.90051,6.91792,0.8,0,1
83897,player,2.49869,6.91792,-0.00182554,-7.92191e-09,1
83898,bullet5,6.93362,6.91792,0.8,0,1
83900,flyer1,12.3812,3.90757,-0.274584,0.120845,2
83900,bullet2,16.0876,6.91801,0.8,0,1
83901,flayer8,6.00279,3.53692,-0.29992,0.00690587,2
83901,bullet3,16.1079,6.91796,0.8,0,1
83901,bullet6,6.90051,6.91792,0.8,0,1
83902,player,2.71744,6.10923,-0.26919,0.238402,1
83903,bullet5,10.9336,6.91792,0.8,0,1
83905,flyer1,11.0083,4.51179,-0.274584,0.120845,2
83906,flayer8,4.50319,3.57145,-0.29992,0.00690587,2
83906,bullet6,10.9005,6.91792,0.8,0,1
83907,player,1.67438,6.63819,-0.494342,0.341899,1
83908,bullet5,14.9336,6.91792,0.8,0,1
83910,flyer1,9.63538,5.11601,-0.274584,0.120845,2
83910,flyer2,16.5,2.0949,-0.3,0,2
83910,bullet1,1.70678,6.89243,0.8,0,1
83911,flayer8,3.00359,3.60598,-0.29992,0.00690587,2
83911,bullet6,14.9005,6.91792,0.8,0,1
83912,player,1.76676,6.42338,0.142753,-0.145566,1
83915,flyer1,8.26246,5.72023,-0.274584,0.120845,2
83915,flyer2,15,2.0949,-0.3,0,2
83915,bullet1,5.70678,6.89243,0.8,0,1
83916,flayer8,1.50398,3.64051,-0.29992,0.00690587,2
83917,player,3.56156,6.40558,0.199104,-0.123806,1
83918,explosion2,8.10678,6.89243,-0.274584,0.120845,1
83918,bullet4,4.05116,6.34987,0.8,0,1
83920,flyer1,6.88954,6.32445,-0.274584,0.120845,1
83920,flyer2,13.5,2.0949,-0.3,0,2
83920,bullet2,4.10962,6.31352,0.8,0,1
83921,flayer8,0.0043819,3.67503,-0.29992,0.00690587,2
83921,explosion3,6.45116,6.34987,-0.274584,0.120845,1
83921,explosion4,6.61495,6.4453,-0.274584,0.120845,1
83921,bullet3,4.11779,6.30844,0.8,0,1
83922,player,3.72146,6.30615,0.00367402,-0.00228458,1
83923,explosion2,6.73386,7.49665,-0.274584,0.120845,1
83923,bullet5,4.12311,6.30513,0.8,0,1
83925,flyer2,12,2.0949,-0.3,0,2
83925,bullet2,8.10962,6.31352,0.8,0,1
83926,explosion4,5.24203,7.04952,-0.274584,0.120845,1
83926,bullet3,8.11779,6.30844,0.8,0,1
83926,bullet6,4.12434,6.86208,0.8,0,1
83927,player,3.72441,6.89279,6.7796e-05,0.0307125,1
83928,bullet5,8.12312,6.30513,0.8,0,1
83930,flyer2,10.5,2.0949,-0.3,0,2
83930,bullet2,12.1096,6.31352,0.8,0,1
83931,bullet3,12.1178,6.30844,0.8,0,1
83931,bullet6,8.12434,6.86208,0.8,0,1
83932,player,3.12215,5.75743,-0.0138384,-0.0816166,1
83933,bullet5,12.1231,6.30513,0.8,0,1
83935,flyer2,9,2.0949,-0.3,0,2
83935,bullet2,16.1096,6.31352,0.8,0,1
83936,bullet3,16.1178,6.30844,0.8,0,1
83936,bullet6,12.1243,6.86208,0.8,0,1
83936,bullet1,2.92282,6.28186,0.8,0,1
83937,player,2.50873,6.29419,-0.014095,0.0123336,1
83938,bullet5,16.1231,6.30513,0.8,0,1
83939,flyer3,16.5,0.537734,-0.3,0,2
83940,flyer2,7.5,2.0949,-0.3,0,2
83940,bullet4,3.45596,5.74565,0.8,0,1
83941,bullet6,16.1243,6.86208,0.8,0,1
83941,bullet1,6.92282,6.28186,0.8,0,1
83942,player,3.09972,5.21241,0.0135795,-0.165487,1
83943,bullet2,3.50583,5.13794,0.8,0,1
83944,flyer3,15,0.537734,-0.3,0,2
83945,flyer2,5.99999,2.0949,-0.3,0,2
83945,bullet4,7.45597,5.74565,0.8,0,1
83946,bullet1,10.9228,6.28186,0.8,0,1
83947,player,2.52215,4.74201,-0.0305041,-0.340554,1
83948,bullet2,7.50583,5.13794,0.8,0,1
83949,flyer3,13.5,0.537734,-0.3,0,2
83950,flyer2,4.49999,2.0949,-0.3,0,2
83950,bullet4,11.456,5.74565,0.8,0,1
83950,bullet3,2.89947,3.93105,0.8,0,1
83951,bullet1,14.9228,6.28186,0.8,0,1
83952,player,2.49765,3.86621,-0.000562887,-0.0201238,1
83953,bullet2,11.5058,5.13794,0.8,0,1
83954,flyer3,12,0.537734,-0.3,0,2
83955,flyer2,2.99999,2.0949,-0.3,0,2
83955,bullet4,15.456,5.74565,0.8,0,1
83955,bullet3,6.89947,3.93105,0.8,0,1
83955,bullet5,2.40786,4.34062,0.8,0,1
83957,player,1.90873,4.43852,-0.0307651,0.0303833,1
83958,bullet2,15.5058,5.13794,0.8,0,1
83958,bullet6,2.29488,4.45219,0.8,0,1
83959,flyer3,10.5,0.537734,-0.3,0,2
83960,flyer2,1.49999,2.0949,-0.3,0,2
83960,bullet3,10.8995,3.93105,0.8,0,1
83960,bullet5,6.40786,4.34062,0.8,0,1
83960,bullet1,2.28585,4.46111,0.8,0,1
83962,player,1.88402,4.46292,-0.000567702,0.000560658,1
83963,bullet6,6.29488,4.45219,0.8,0,1
83964,flyer3,9,0.537734,-0.3,0,2
83965,flyer2,-6.4373e-06,2.0949,-0.3,0,2
83965,bullet3,14.8995,3.93105,0.8,0,1
83965,bullet5,10.4079,4.34062,0.8,0,1
83965,bullet1,6.28585,4.46111,0.8,0,1
83967,player,2.44128,5.60956,0.0683333,0.0991088,1
83968,bullet6,10.2949,4.45219,0.8,0,1
83968,bullet4,2.87203,5.65416,0.8,0,1
83969,flyer3,7.5,0.537734,-0.3,0,2
83970,bullet5,14.4079,4.34062,0.8,0,1
83970,bullet1,10.2859,4.46111,0.8,0,1
83972,player,2.49616,6.17853,0.00126094,0.153704,1
83973,bullet6,14.2949,4.45219,0.8,0,1
83973,bullet4,6.87204,5.65416,0.8,0,1
83974,flyer3,5.99999,0.537734,-0.3,0,2
83974,bullet2,2.89698,6.27882,0.8,0,1
83975,bullet1,14.2859,4.46111,0.8,0,1
83977,player,1.93946,5.74425,-0.0683205,-0.0655075,1
83978,flyer4,16.5,0.537734,-0.299927,-0.00660021,2
83978,bullet4,10.872,5.65416,0.8,0,1
83979,flyer3,4.49999,0.537734,-0.3,0,2
83979,bullet2,6.89699,6.27882,0.8,0,1
83982,player,1.87075,6.88242,0.0156544,0.0433855,1
83983,flyer4,15.0004,0.504733,-0.299927,-0.00660021,2
83983,bullet4,14.872,5.65416,0.8,0,1
83984,flyer3,2.99999,0.537734,-0.3,0,2
83984,bullet2,10.897,6.27882,0.8,0,1
83985,flyer5,16.5,0.537734,-0.3,0,2
83986,bullet3,1.79366,7.01556,0.8,0,1
83987,player,1.3256,6.96186,-0.0680549,-0.0537036,1
83988,flyer4,13.5007,0.471732,-0.299927,-0.00660021,2
83989,flyer3,1.49999,0.537734,-0.3,0,2
83989,bullet2,14.897,6.27882,0.8,0,1
83990,flyer5,15,0.537734,-0.3,0,2
83991,bullet3,5.79366,7.01556,0.8,0,1
83992,player,1.77416,7.52104,0.133704,0.0128486,1
83993,flyer4,12.0011,0.438731,-0.299927,-0.00660021,2
83994,flyer3,-6.4373e-06,0.537734,-0.3,0,2
83995,flyer5,13.5,0.537734,-0.3,0,2
83995,bullet5,1.71587,8.08832,0.8,0,1
83996,bullet3,9.79366,7.01556,0.8,0,1
83997,player,0.789851,8.13368,-0.163247,0.0140767,1
83998,flyer4,10.5014,0.40573,-0.299927,-0.00660021,2
83998,bullet6,1.11639,8.14001,0.8,0,1
83999,bullet1,1.08333,8.14286,0.8,0,1
84000,flyer5,12,0.537734,-0.3,0,2
84000,bullet5,5.71587,8.08832,0.8,0,1
84001,bullet3,13.7937,7.01556,0.8,0,1
84002,player,0.65875,8.14498,-0.00301237,0.000259755,1
84003,flyer4,9.00181,0.372729,-0.299927,-0.00660021,2
84003,bullet6,5.11639,8.14001,0.8,0,1
84004,bullet1,5.08333,8.14286,0.8,0,1
84005,flyer5,10.5,0.537734,-0.3,0,2
84005,bullet5,9.71587,8.08832,0.8,0,1
84007,player,1.21405,8.70291,0.0682882,0.0683485,1
84008,flyer4,7.50217,0.339728,-0.299927,-0.00660021,2
84008,bullet6,9.11639,8.14001,0.8,0,1
84008,bullet4,1.64478,8.73367,0.8,0,1
84009,bullet1,9.08333,8.14286,0.8,0,1
84010,flyer5,9,0.537734,-0.3,0,2
84010,bullet5,13.7159,8.08832,0.8,0,1
84012,player,1.75827,9.24717,0.153135,0.153136,1
84013,flyer4,6.00253,0.306727,-0.299927,-0.00660021,2
84013,bullet6,13.1164,8.14001,0.8,0,1
84013,bullet4,5.64478,8.73367,0.8,0,1
84014,bullet1,13.0833,8.14286,0.8,0,1
84015,flyer5,7.5,0.537734,-0.3,0,2
84015,bullet2,2.27214,9.36105,0.8,0,1
84017,player,1.88125,9.37016,0.00282577,0.00282579,1
84018,flyer4,4.5029,0.273726,-0.299927,-0.00660021,2
84018,bullet4,9.64478,8.73367,0.8,0,1
84018,bullet3,2.28252,9.37143,0.8,0,1
84019,bullet5,2.28309,9.372,0.8,0,1
84020,flyer5,5.99999,0.537734,-0.3,0,2
84020,bullet2,6.27214,9.36105,0.8,0,1
84022,player,1.88351,9.37243,5.21435e-05,5.21439e-05,1
84023,flyer4,3.00326,0.240725,-0.299927,-0.00660021,2
84023,bullet4,13.6448,8.73367,0.8,0,1
84023,bullet3,6.28252,9.37143,0.8,0,1
84024,bullet5,6.28309,9.372,0.8,0,1
84025,flyer5,4.49999,0.537734,-0.3,0,2
84025,bullet2,10.2721,9.36105,0.8,0,1
84027,player,1.88356,9.37247,9.62194e-07,9.62201e-07,1
84028,flyer4,1.50362,0.207724,-0.299927,-0.00660021,2
84028,bullet3,10.2825,9.37143,0.8,0,1
84029,bullet5,10.2831,9.372,0.8,0,1
84030,flyer5,2.99999,0.537734,-0.3,0,2
84030,bullet2,14.2721,9.36105,0.8,0,1
84032,player,3.02975,10.5187,0.0990985,0.0990985,1
84032,bullet6,3.42975,10.5187,0.8,0,1
84033,flyer4,0.00398713,0.174722,-0.299927,-0.00660021,2
84033,bullet3,14.2825,9.37143,0.8,0,1
84033,bullet1,2.67434,10.5633,-0.8,-6.99382e-08,1
84034,bullet5,14.2831,9.372,0.8,0,1
84035,flyer5,1.49999,0.537734,-0.3,0,2
84036,bullet4,3.5075,10.107,0.8,0,1
84037,player,3.10933,10.0405,0.00182865,-0.0665151,1
84037,bullet6,7.42975,10.5187,0.8,0,1
84038,flyer6,16.5,0.537734,-0.3,0,2
84038,bullet2,3.51016,10.0106,0.8,0,1
84040,flyer5,-6.4373e-06,0.537734,-0.3,0,2
84041,bullet4,7.50751,10.107,0.8,0,1
84042,player,3.69928,10.5756,0.0307884,0.0295273,1
84042,bullet6,11.4298,10.5187,0.8,0,1
84042,bullet3,4.09928,10.5756,0.8,0,1
84043,flyer6,15,0.537734,-0.3,0,2
84043,bullet2,7.51016,10.0106,0.8,0,1
84046,bullet4,11.5075,10.107,0.8,0,1
84047,player,4.32631,11.2016,0.0144077,0.0143845,1
84047,bullet6,15.4298,10.5187,0.8,0,1
84047,bullet3,8.09928,10.5756,0.8,0,1
84048,flyer6,13.5,0.537734,-0.3,0,2
84048,bullet2,11.5102,10.0106,0.8,0,1
84049,bullet5,4.73572,11.211,0.8,0,1
84051,bullet4,15.5075,10.107,0.8,0,1
84052,player,4.00038,10.8757,-0.337234,-0.337235,1
84052,bullet3,12.0993,10.5756,0.8,0,1
84053,flyer6,12,0.537734,-0.3,0,2
84053,bullet2,15.5102,10.0106,0.8,0,1
84054,bullet5,8.73572,11.211,0.8,0,1
84055,flayer7,16.5,9.09474,-0.3,0,2
84055,bullet1,4.14961,10.6249,0.8,0,1
84056,bullet6,4.13578,10.6111,0.8,0,1
84057,player,3.72956,10.6048,-0.00622292,-0.00622293,1
84057,bullet3,16.0993,10.5756,0.8,0,1
84058,flyer6,10.5,0.537734,-0.3,0,2
84059,bullet5,12.7357,11.211,0.8,0,1
84059,bullet4,3.81487,11.0902,-0.8,-6.99382e-08,1
84060,flayer7,15,9.09474,-0.3,0,2
84060,bullet1,8.14961,10.6249,0.8,0,1
84061,bullet6,8.13578,10.6111,0.8,0,1
84062,player,4.32688,11.2022,0.0137248,0.0137248,1
84063,flyer6,9,0.537734,-0.3,0,2
84064,bullet4,-0.185127,11.0902,-0.8,-6.99382e-08,1
84065,flayer7,13.5,9.09474,-0.3,0,2
84065,bullet1,12.1496,10.6249,0.8,0,1
84066,bullet6,12.1358,10.6111,0.8,0,1
84067,player,4.22496,12.3732,0.138289,0.0824366,1
84068,flyer6,7.5,0.537734,-0.3,0,2
84070,flayer7,12,9.09474,-0.3,0,2
84070,bullet1,16.1496,10.6249,0.8,0,1
84071,flyer1,16.5,9.09474,-0.3,0,2
84071,bullet6,16.1358,10.6111,0.8,0,1
84071,bullet2,5.32194,12.9956,0.8,0,1
84072,player,4.60083,12.6904,-0.321109,-0.305224,1
84073,flyer6,5.99999,0.537734,-0.3,0,2
84075,flayer7,10.5,9.09474,-0.3,0,2
84076,flyer1,15,9.09474,-0.3,0,2
84076,bullet2,9.32194,12.9956,0.8,0,1
84077,player,4.44205,12.3462,-0.127046,0.115488,1
84078,flyer6,4.49999,0.537734,-0.3,0,2
84080,flayer7,9,9.09474,-0.3,0,2
84081,flyer1,13.5,9.09474,-0.3,0,2
84081,bullet2,13.3219,12.9956,0.8,0,1
84082,player,3.86449,11.2481,-0.171134,-0.0424632,1
84082,bullet3,4.26449,11.2481,0.8,0,1
84083,flyer6,2.99999,0.537734,-0.3,0,2
84084,bullet5,4.15283,11.2204,0.8,0,1
84085,flayer7,7.5,9.09474,-0.3,0,2
84086,flyer1,12,9.09474,-0.3,0,2
84087,player,4.21643,11.7034,0.148717,0.151091,1
84087,bullet3,8.26449,11.2481,0.8,0,1
84088,flyer6,1.49999,0.537734,-0.3,0,2
84088,bullet4,4.68335,11.7714,0.8,0,1
84089,bullet5,8.15283,11.2204,0.8,0,1
84090,flayer7,5.99999,9.09474,-0.3,0,2
84091,flyer1,10.5,9.09474,-0.3,0,2
84092,player,3.25802,11.8248,-0.179885,0.00278806,1
84092,bullet3,12.2645,11.2481,0.8,0,1
84092,bullet1,3.65802,11.8248,0.8,0,1
84093,flyer6,-6.4373e-06,0.537734,-0.3,0,2
84093,bullet4,8.68336,11.7714,0.8,0,1
84094,bullet5,12.1528,11.2204,0.8,0,1
84095,flayer7,4.49999,9.09474,-0.3,0,2
84096,flyer1,9,9.09474,-0.3,0,2
84097,player,3.60293,11.3376,0.148556,-0.151824,1
84097,bullet3,16.2645,11.2481,0.8,0,1
84097,bullet1,7.65802,11.8248,0.8,0,1
84098,bullet4,12.6834,11.7714,0.8,0,1
84099,bullet5,16.1528,11.2204,0.8,0,1
84100,flayer7,2.99999,9.09474,-0.3,0,2
84101,flyer1,7.5,9.09474,-0.3,0,2
84101,bullet6,3.53102,11.807,0.8,0,1
84102,player,3.11992,11.818,-0.0110983,0.011038,1
84102,bullet1,11.658,11.8248,0.8,0,1
84105,flayer7,1.49999,9.09474,-0.3,0,2
84105,bullet2,3.51167,11.8262,0.8,0,1
84106,flyer1,5.99999,9.09474,-0.3,0,2
84106,bullet6,7.53102,11.807,0.8,0,1
84106,bullet3,3.51121,11.8267,0.8,0,1
84107,player,3.11101,11.8269,-0.000204796,0.000203683,1
84107,bullet1,15.658,11.8248,0.8,0,1
84110,flayer7,-6.4373e-06,9.09474,-0.3,0,2
84110,bullet2,7.51167,11.8262,0.8,0,1
84111,flyer1,4.49999,9.09474,-0.3,0,2
84111,bullet6,11.531,11.807,0.8,0,1
84111,bullet3,7.51121,11.8267,0.8,0,1
84112,player,4.18869,12.3164,0.182626,0.151879,1
84115,bullet2,11.5117,11.8262,0.8,0,1
84115,bullet5,4.7245,12.4293,0.8,0,1
84116,flyer1,2.99999,9.09474,-0.3,0,2
84116,bullet6,15.531,11.807,0.8,0,1
84116,bullet3,11.5112,11.8267,0.8,0,1
84117,player,4.82473,11.949,0.155245,-0.149072,1
84120,bullet2,15.5117,11.8262,0.8,0,1
84120,bullet5,8.7245,12.4293,0.8,0,1
84121,flyer1,1.49999,9.09474,-0.3,0,2
84121,bullet3,15.5112,11.8267,0.8,0,1
84122,player,4.36093,11.4779,-0.02789,-0.323336,1
84122,flayer8,16.5,10.7762,-0.22531,0.19808,2
84123,flyer2,16.5,10.7762,-0.299481,-0.0176422,2
84123,bullet4,4.74838,11.3324,0.8,0,1
84125,bullet5,12.7245,12.4293,0.8,0,1
84125,bullet1,4.74019,11.2375,0.8,0,1
84126,flyer1,-6.4373e-06,9.09474,-0.3,0,2
84127,player,3.84916,10.7289,-0.15239,-0.157841,1
84127,flayer8,15.3735,11.7666,-0.22531,0.19808,1
84128,flyer2,15.0026,10.688,-0.299481,-0.0176422,2
84128,bullet4,8.74838,11.3324,0.8,0,1
84128,explosion6,15.1245,12.4293,-0.22531,0.19808,1
84128,explosion5,15.1481,11.9647,-0.22531,0.19808,1
84130,bullet1,8.7402,11.2375,0.8,0,1
84130,bullet6,4.69356,10.6115,0.8,0,1
84132,player,4.32909,10.6021,0.0110276,-0.00291262,1
84132,bullet2,4.72909,10.6021,0.8,0,1
84133,flyer2,13.5052,10.5998,-0.299481,-0.0176422,1
84133,explosion6,13.998,13.4197,-0.22531,0.19808,1
84133,explosion7,12.7484,11.3324,-0.299481,-0.0176422,1
84135,bullet6,8.69356,10.6115,0.8,0,1
84135,explosion8,12.7402,11.2375,-0.299481,-0.0176422,1
84135,explosion1,12.9062,10.5645,-0.299481,-0.0176422,1
84137,player,4.78273,9.99749,0.206583,-0.0138934,1
84137,bullet2,8.72909,10.6021,0.8,0,1
84139,bullet3,5.31753,9.98843,0.8,0,1
84140,bullet6,12.6936,10.6115,0.8,0,1
84140,explosion1,11.4088,10.4763,-0.299481,-0.0176422,1
84140,bullet5,5.33635,9.98716,0.8,0,1
84142,player,5.28613,10.3238,0.341312,0.337244,1
84142,bullet2,12.7291,10.6021,0.8,0,1
84144,bullet3,9.31753,9.98843,0.8,0,1
84145,flyer3,16.5,10.7762,-0.26989,-0.130993,2
84145,bullet5,9.33635,9.98716,0.8,0,1
84146,explosion2,15.9291,10.6021,-0.26989,-0.130993,1
84147,player,5.62858,10.5947,-0.0772331,0.00622309,1
84149,bullet3,13.3175,9.98843,0.8,0,1
84150,flyer3,15.1506,10.1212,-0.26989,-0.130993,1
84150,bullet5,13.3364,9.98716,0.8,0,1
84151,explosion3,14.1364,9.98716,-0.26989,-0.130993,1
84151,explosion4,14.9175,9.98843,-0.26989,-0.130993,1
84151,explosion5,14.8807,9.99025,-0.26989,-0.130993,1
84152,player,4.40653,11.7597,-0.0836085,0.0822982,1
84152,bullet4,4.80653,11.7597,0.8,0,1
84156,flyer4,16.5,10.0383,-0.277283,-0.114517,2
84156,explosion4,13.5681,9.33346,-0.26989,-0.130993,1
84156,explosion5,13.5312,9.33528,-0.26989,-0.130993,1
84157,player,2.68997,11.2681,-0.235601,-0.0668251,1
84157,flyer5,16.5,10.7762,-0.299836,-0.00993333,2
84157,bullet4,8.80653,11.7597,0.8,0,1
84158,flyer6,16.5,10.0383,-0.3,0,2
84160,bullet1,3.47249,10.6607,0.8,0,1
84161,flyer4,15.1136,9.46575,-0.277283,-0.114517,2
84162,player,3.10308,10.6121,0.00949211,-0.0150727,1
84162,flyer5,15.0008,10.7265,-0.299836,-0.00993333,2
84162,bullet4,12.8065,11.7597,0.8,0,1
84162,bullet6,3.50308,10.6121,0.8,0,1
84163,flyer6,15,10.0383,-0.3,0,2
84165,bullet1,7.47249,10.6607,0.8,0,1
84166,flyer4,13.7272,8.89317,-0.277283,-0.114517,2
84167,player,3.66842,10.5316,0.0685189,0.0832531,1
84167,flyer5,13.5016,10.6769,-0.299836,-0.00993333,2
84167,bullet6,7.50308,10.6121,0.8,0,1
84168,flyer6,13.5,10.0383,-0.3,0,2
84169,bullet2,4.11313,10.586,0.8,0,1
84170,bullet1,11.4725,10.6607,0.8,0,1
84170,bullet3,4.11937,10.5935,0.8,0,1
84171,flyer4,12.3408,8.32059,-0.277283,-0.114517,2
84171,explosion6,12.2725,10.6607,-0.3,0,1
84172,player,3.72345,10.261,0.00126437,-0.335964,1
84172,flyer5,12.0025,10.6272,-0.299836,-0.00993333,2
84172,explosion7,11.5031,10.6121,-0.3,0,1
84172,explosion8,12.3,10.0383,-0.3,0,1
84174,bullet2,8.11313,10.586,0.8,0,1
84175,bullet3,8.11937,10.5935,0.8,0,1
84176,flyer4,10.9543,7.74801,-0.277283,-0.114517,2
84177,player,3.13599,8.91334,-0.0307314,-0.188829,1
84177,flyer5,10.5033,10.5775,-0.299836,-0.00993333,0
84177,explosion7,10.0031,10.6121,-0.3,0,1
84177,explosion1,9.71937,10.5935,-0.299836,-0.00993333,1
84177,explosion2,10.5131,10.586,-0.299836,-0.00993333,1
84177,explosion3,10.5033,10.5775,-0.299836,-0.00993333,1
84177,bullet5,3.53599,8.91334,0.8,0,1
84179,bullet4,3.51594,8.79013,0.8,0,1
84181,flyer4,9.56793,7.17542,-0.277283,-0.114517,2
84182,player,3.11131,9.25107,-0.00056708,0.148391,1
84182,explosion2,9.01395,10.5363,-0.299836,-0.00993333,1
84182,explosion3,9.00412,10.5279,-0.299836,-0.00993333,1
84182,bullet5,7.53599,8.91334,0.8,0,1
84184,flayer7,16.5,10.7762,-0.262629,-0.145003,2
84184,bullet4,7.51594,8.79013,0.8,0,1
84186,flyer4,8.18152,6.60284,-0.277283,-0.114517,2
84187,player,3.12469,9.38408,-0.0169255,-0.0141769,1
84187,bullet5,11.536,8.91334,0.8,0,1
84187,bullet1,3.52469,9.38408,0.8,0,1
84188,bullet6,3.51708,9.37771,0.8,0,1
84189,flayer7,15.1869,10.0512,-0.262629,-0.145003,2
84189,bullet4,11.5159,8.79013,0.8,0,1
84191,flyer4,6.7951,6.03025,-0.277283,-0.114517,2
84191,explosion4,14.736,8.91334,-0.262629,-0.145003,1
84192,player,3.1111,8.88332,-0.000312324,-0.152137,1
84192,bullet1,7.5247,9.38408,0.8,0,1
84192,explosion5,13.9159,8.79013,-0.262629,-0.145003,1
84192,explosion6,14.399,9.61618,-0.262629,-0.145003,1
84193,bullet6,7.51708,9.37771,0.8,0,1
84193,bullet2,3.51096,8.81486,0.8,0,1
84194,bullet3,3.5109,8.78405,0.8,0,1
84196,flyer4,5.40869,5.45767,-0.277283,-0.114517,2
84197,player,2.62148,8.76114,-0.151881,-0.00280735,1
84197,bullet1,11.5247,9.38408,0.8,0,1
84197,explosion6,13.0858,8.89116,-0.262629,-0.145003,1
84198,bullet6,11.5171,9.37771,0.8,0,1
84198,bullet2,7.51096,8.81486,0.8,0,1
84199,bullet3,7.5109,8.78405,0.8,0,1
84201,flyer4,4.02227,4.88509,-0.277283,-0.114517,2
84202,player,2.01013,9.24827,-0.154678,0.151823,1
84202,bullet1,15.5247,9.38408,0.8,0,1
84203,bullet6,15.5171,9.37771,0.8,0,1
84203,bullet2,11.511,8.81486,0.8,0,1
84204,bullet3,11.5109,8.78405,0.8,0,1
84205,flyer1,16.5,10.0383,-0.236102,-0.185083,2
84206,flyer4,2.63585,4.3125,-0.277283,-0.114517,2
84206,bullet5,2.28877,9.36739,0.8,0,1
84207,player,1.88591,9.37019,-0.00285424,0.00280156,1
84207,bullet4,2.28591,9.37019,0.8,0,1
84208,explosion8,15.511,8.81486,-0.236102,-0.185083,1
84209,explosion7,15.5109,8.78405,-0.236102,-0.185083,1
84209,explosion1,15.5556,9.298,-0.236102,-0.185083,1
84211,flyer4,1.24944,3.73992,-0.277283,-0.114517,2
84211,bullet5,6.28877,9.36739,0.8,0,1
84211,bullet1,1.72595,9.9301,0.8,0,1
84212,player,1.29515,9.96091,-0.0308074,0.0308064,1
84212,bullet4,6.28591,9.37019,0.8,0,1
84214,explosion1,14.3751,8.37258,-0.236102,-0.185083,1
84214,bullet6,1.18567,9.98101,0.8,0,1
84216,flyer4,-0.136977,3.16734,-0.277283,-0.114517,2
84216,bullet5,10.2888,9.36739,0.8,0,1
84216,bullet1,5.72595,9.9301,0.8,0,1
84217,player,0.668091,9.98565,-0.0144081,0.000568464,1
84217,bullet4,10.2859,9.37019,0.8,0,1
84219,bullet6,5.18567,9.98101,0.8,0,1
84221,bullet5,14.2888,9.36739,0.8,0,1
84221,bullet1,9.72595,9.9301,0.8,0,1
84222,player,0.4,9.49674,0,-0.151865,1
84222,bullet4,14.2859,9.37019,0.8,0,1
84224,flayer8,16.5,7.7458,-0.3,0,2
84224,bullet6,9.18567,9.98101,0.8,0,1
84225,flyer2,16.5,7.7458,-0.3,0,2
84225,bullet2,0.8,9.3838,0.8,0,1
84226,bullet1,13.726,9.9301,0.8,0,1
84227,player,0.4,9.71227,-0,0.334698,1
84228,bullet3,0.8,9.86289,0.8,0,1
84229,flayer8,15,7.7458,-0.3,0,2
84229,bullet6,13.1857,9.98101,0.8,0,1
84230,flyer2,15,7.7458,-0.3,0,2
84230,bullet2,4.8,9.3838,0.8,0,1
84231,bullet5,1.28938,9.97489,0.8,0,1
84232,player,0.957719,9.98106,0.0683438,0.00617611,1
84233,bullet3,4.8,9.86289,0.8,0,1
84234,flayer8,13.5,7.7458,-0.3,0,2
84235,flyer2,13.5,7.7458,-0.3,0,2
84235,bullet2,8.8,9.3838,0.8,0,1
84235,bullet4,1.40854,9.98566,0.8,0,1
84236,bullet5,5.28938,9.97489,0.8,0,1
84237,player,1.0126,9.98603,0.00126113,0.000113967,1
84238,bullet3,8.8,9.86289,0.8,0,1
84239,flayer8,12,7.7458,-0.3,0,2
84240,flyer2,12,7.7458,-0.3,0,2
84240,bullet2,12.8,9.3838,0.8,0,1
84240,bullet4,5.40854,9.98566,0.8,0,1
84241,bullet5,9.28938,9.97489,0.8,0,1
84242,player,1.57134,9.98612,0.068367,2.10301e-06,1
84243,bullet3,12.8,9.86289,0.8,0,1
84244,flayer8,10.5,7.7458,-0.3,0,2
84245,flyer2,10.5,7.7458,-0.3,0,2
84245,bullet4,9.40854,9.98566,0.8,0,1
84245,bullet1,2.02218,9.98612,0.8,0,1
84246,bullet5,13.2894,9.97489,0.8,0,1
84247,player,1.62624,9.98612,0.00126156,3.88064e-08,1
84249,flayer8,9,7.7458,-0.3,0,2
84250,flyer2,9,7.7458,-0.3,0,2
84250,bullet4,13.4085,9.98566,0.8,0,1
84250,bullet1,6.02218,9.98612,0.8,0,1
84251,bullet6,2.6157,11.064,0.8,0,1
84252,player,2.22957,11.1462,0.0138629,0.0821834,1
84254,flayer8,7.5,7.7458,-0.3,0,2
84254,bullet2,1.83861,11.1998,-0.8,-6.99382e-08,1
84255,flyer2,7.5,7.7458,-0.3,0,2
84255,bullet1,10.0222,9.98612,0.8,0,1
84255,bullet3,2.63988,11.2073,0.8,0,1
84256,bullet6,6.6157,11.064,0.8,0,1
84257,player,2.2407,11.2122,0.000255809,0.00151651,1
84257,bullet5,1.8407,11.2122,-0.8,-6.99382e-08,1
84259,flayer8,5.99999,7.7458,-0.3,0,2
84260,flyer2,5.99999,7.7458,-0.3,0,2
84260,bullet1,14.0222,9.98612,0.8,0,1
84260,bullet3,6.63988,11.2073,0.8,0,1
84260,bullet4,2.64089,11.2133,0.8,0,1
84261,bullet6,10.6157,11.064,0.8,0,1
84262,player,2.2409,11.2134,4.7204e-06,2.7984e-05,1
84263,bullet2,2.64091,11.2134,0.8,0,1
84264,flayer8,4.49999,7.7458,-0.3,0,2
84265,flyer2,4.49999,7.7458,-0.3,0,2
84265,bullet3,10.6399,11.2073,0.8,0,1
84265,bullet4,6.64089,11.2133,0.8,0,1
84266,bullet6,14.6157,11.064,0.8,0,1
84267,player,2.24091,11.2134,8.71047e-08,5.16383e-07,1
84268,bullet2,6.64091,11.2134,0.8,0,1
84269,flayer8,2.99999,7.7458,-0.3,0,2
84270,flyer2,2.99999,7.7458,-0.3,0,2
84270,bullet3,14.6399,11.2073,0.8,0,1
84270,bullet4,10.6409,11.2133,0.8,0,1
84270,bullet5,1.84091,11.2134,-0.8,-6.99382e-08,1
84272,player,2.73028,11.2134,0.151875,9.52871e-09,1
84273,bullet2,10.6409,11.2134,0.8,0,1
84274,flayer8,1.49999,7.7458,-0.3,0,2
84275,flyer2,1.49999,7.7458,-0.3,0,2
84275,bullet4,14.6409,11.2133,0.8,0,1
84277,player,2.55934,12.1086,-0.389202,0.405844,1
84278,flyer3,16.5,7.7458,-0.299337,0.0199347,2
84278,bullet2,14.6409,11.2134,0.8,0,1
84279,flayer8,-6.4373e-06,7.7458,-0.3,0,2
84280,flyer2,-6.4373e-06,7.7458,-0.3,0,2
84281,flyer6,16.5,7.7458,-0.299297,0.0205222,2
84281,bullet1,1.57612,12.9164,0.8,0,1
84282,player,1.08675,12.9923,-0.0893652,0.0758327,1
84283,flyer3,15.0033,7.84547,-0.299337,0.0199347,2
84283,flyer5,16.5,2.95136,-0.3,0,2
84284,bullet6,1.91781,12.5524,0.8,0,1
84286,flyer6,15.0035,7.84841,-0.299297,0.0205222,2
84286,bullet1,5.57612,12.9164,0.8,0,1
84287,player,1.9548,12.4508,0.349691,-0.0124403,1
84288,flyer3,13.5066,7.94515,-0.299337,0.0199347,2
84288,flyer5,15,2.95136,-0.3,0,2
84288,bullet3,2.51216,12.4452,0.8,0,1
84289,bullet6,5.91782,12.5524,0.8,0,1
84291,flyer6,13.507,7.95102,-0.299297,0.0205222,2
84291,bullet1,9.57612,12.9164,0.8,0,1
84292,player,1.67791,12.4409,-0.061891,-0.000229558,1
84293,flyer3,12.0099,8.04482,-0.299337,0.0199347,2
84293,flyer5,13.5,2.95136,-0.3,0,2
84293,bullet3,6.51216,12.4452,0.8,0,1
84294,bullet6,9.91782,12.5524,0.8,0,1
84294,bullet5,2.03752,12.4407,0.8,0,1
84296,flyer6,12.0105,8.05363,-0.299297,0.0205222,2
84296,bullet1,13.5761,12.9164,0.8,0,1
84297,player,1.2907,12.7782,-0.338642,0.337496,1
84298,flyer3,10.5133,8.14449,-0.299337,0.0199347,2
84298,flyer5,12,2.95136,-0.3,0,2
84298,bullet3,10.5122,12.4452,0.8,0,1
84299,bullet6,13.9178,12.5524,0.8,0,1
84299,bullet5,6.03752,12.4407,0.8,0,1
84300,bullet4,0.638881,13.0291,-0.8,-6.99382e-08,1
84301,flyer6,10.5141,8.15624,-0.299297,0.0205222,2
84302,player,1.01875,13.0492,-0.0062489,0.00622775,1
84303,flyer3,9.01657,8.24417,-0.299337,0.0199347,2
84303,flyer5,10.5,2.95136,-0.3,0,2
84303,bullet3,14.5122,12.4452,0.8,0,1
84304,bullet5,10.0375,12.4407,0.8,0,1
84305,bullet2,1.4141,12.5645,0.8,0,1
84306,flyer6,9.01757,8.25885,-0.299297,0.0205222,2
84307,player,1.01373,12.4657,-0.00011531,-0.0306398,1
84307,bullet1,1.41373,12.4657,0.8,0,1
84308,flyer3,7.51988,8.34384,-0.299337,0.0199347,2
84308,flyer5,9,2.95136,-0.3,0,2
84308,bullet4,1.41368,12.452,0.8,0,1
84309,bullet5,14.0375,12.4407,0.8,0,1
84310,bullet2,5.4141,12.5645,0.8,0,1
84311,flyer6,7.52108,8.36146,-0.299297,0.0205222,2
84312,player,1.01363,11.8834,-2.12779e-06,-0.0689091,1
84312,bullet1,5.41373,12.4657,0.8,0,1
84312,bullet6,1.41363,11.8834,0.8,0,1
84313,flyer3,6.02319,8.44351,-0.299337,0.0199347,2
84313,flyer5,7.5,2.95136,-0.3,0,2
84313,bullet4,5.41368,12.452,0.8,0,1
84315,bullet2,9.4141,12.5645,0.8,0,1
84316,flyer6,6.02459,8.46408,-0.299297,0.0205222,2
84317,player,0.455914,12.3858,-0.0683438,0.0670722,1
84317,bullet1,9.41373,12.4657,0.8,0,1
84317,bullet6,5.41363,11.8834,0.8,0,1
84318,flyer3,4.52651,8.54319,-0.299337,0.0199347,2
84318,flyer5,5.99999,2.95136,-0.3,0,2
84318,bullet4,9.41368,12.452,0.8,0,1
84320,bullet2,13.4141,12.5645,0.8,0,1
84321,flyer6,4.52811,8.56669,-0.299297,0.0205222,2
84322,player,0.7375,12.3267,0.3375,0.139273,1
84322,bullet1,13.4137,12.4657,0.8,0,1
84322,bullet6,9.41364,11.8834,0.8,0,1
84323,flyer3,3.02983,8.64286,-0.299337,0.0199347,2
84323,flyer5,4.49999,2.95136,-0.3,0,2
84323,bullet4,13.4137,12.452,0.8,0,1
84325,bullet3,1.38847,11.9409,0.8,0,1
84326,flyer6,3.03162,8.6693,-0.299297,0.0205222,2
84327,player,1.34604,12.1876,0.343728,0.309315,1
84327,bullet6,13.4136,11.8834,0.8,0,1
84328,flyer3,1.53314,8.74253,-0.299337,0.0199347,2
84328,flyer5,2.99999,2.95136,-0.3,0,2
84329,bullet5,1.97032,12.3894,0.8,0,1
84330,bullet3,5.38847,11.9409,0.8,0,1
84331,flyer6,1.53513,8.77191,-0.299297,0.0205222,2
84331,bullet2,2.01574,12.4303,0.8,0,1
84332,player,1.62208,12.436,0.00634275,0.00570774,1
84332,bullet1,2.02208,12.436,0.8,0,1
84333,flyer3,0.0364565,8.84221,-0.299337,0.0199347,2
84333,flyer5,1.49999,2.95136,-0.3,0,2
84334,bullet5,5.97032,12.3894,0.8,0,1
84335,bullet3,9.38847,11.9409,0.8,0,1
84336,flyer6,0.0386475,8.87452,-0.299297,0.0205222,2
84336,bullet2,6.01574,12.4303,0.8,0,1
84337,player,1.0387,11.8521,-0.0306376,-0.0306494,1
84337,bullet1,6.02208,12.436,0.8,0,1
84338,flyer5,-6.4373e-06,2.95136,-0.3,0,2
84339,bullet5,9.97032,12.3894,0.8,0,1
84340,bullet3,13.3885,11.9409,0.8,0,1
84341,bullet2,10.0157,12.4303,0.8,0,1
84342,player,1.0141,11.8275,-0.000565351,-0.000565567,1
84342,bullet1,10.0221,12.436,0.8,0,1
84344,flayer7,16.5,2.95136,-0.3,0,2
84344,bullet5,13.9703,12.3894,0.8,0,1
84346,bullet2,14.0157,12.4303,0.8,0,1
84346,bullet4,0.855936,11.8271,0.8,0,1
84347,player,0.425171,11.827,-0.0307651,-1.04363e-05,1
84347,bullet1,14.0221,12.436,0.8,0,1
84348,bullet6,0.811327,11.827,0.8,0,1
84349,flayer7,15,2.95136,-0.3,0,2
84349,bullet3,0.805097,11.827,0.8,0,1
84351,bullet4,4.85594,11.8271,0.8,0,1
84352,player,0.4,11.3377,0,-0.151875,1
84352,bullet5,0.8,11.3377,0.8,0,1
84353,bullet6,4.81133,11.827,0.8,0,1
84354,flayer7,13.5,2.95136,-0.3,0,2
84354,bullet3,4.8051,11.827,0.8,0,1
84356,bullet4,8.85594,11.8271,0.8,0,1
84357,player,0.4,10.8782,0,-0.340303,1
84357,bullet5,4.8,11.3377,0.8,0,1
84358,bullet6,8.81133,11.827,0.8,0,1
84359,flayer7,12,2.95136,-0.3,0,2
84359,bullet3,8.8051,11.827,0.8,0,1
84361,bullet4,12.8559,11.8271,0.8,0,1
84362,player,0.4,10.6049,0,-0.00627954,1
84362,bullet5,8.8,11.3377,0.8,0,1
84363,bullet6,12.8113,11.827,0.8,0,1
84364,flayer7,10.5,2.95136,-0.3,0,2
84364,bullet3,12.8051,11.827,0.8,0,1
84367,player,0.4,11.0892,0,0.151759,1
84367,bullet5,12.8,11.3377,0.8,0,1
84367,bullet2,0.8,11.0892,0.8,0,1
84369,flayer7,9,2.95136,-0.3,0,2
84369,flyer1,16.5,2.95136,-0.291654,-0.0702722,2
84372,player,0.889375,11.7005,0.151875,0.154675,1
84372,flyer4,16.5,2.95136,-0.291978,0.0689126,2
84372,bullet2,4.8,11.0892,0.8,0,1
84373,bullet1,1.35772,11.7701,0.8,0,1
84374,flayer7,7.5,2.95136,-0.3,0,2
84374,flyer1,15.0417,2.6,-0.291654,-0.0702722,2
84374,bullet4,1.38847,11.8014,0.8,0,1
84377,player,0.673844,12.1622,-0.334697,0.340354,1
84377,flyer4,15.0401,3.29592,-0.291978,0.0689126,2
84377,bullet2,8.8,11.0892,0.8,0,1
84378,bullet1,5.35772,11.7701,0.8,0,1
84379,flayer7,5.99999,2.95136,-0.3,0,2
84379,flyer1,13.5835,2.24864,-0.291654,-0.0702722,2
84379,bullet4,5.38847,11.8014,0.8,0,1
84380,bullet6,0.0249544,12.973,-0.8,-6.99382e-08,1
84382,player,0.405054,13.5272,-0.00617611,0.171995,1
84382,flyer4,13.5802,3.64049,-0.291978,0.0689126,2
84382,bullet2,12.8,11.0892,0.8,0,1
84383,bullet1,9.35772,11.7701,0.8,0,1
84384,flayer7,4.49999,2.95136,-0.3,0,2
84384,flyer1,12.1252,1.89728,-0.291654,-0.0702722,2
84384,bullet4,9.38847,11.8014,0.8,0,1
84387,player,0.957719,13.0769,0.0683438,-0.0275809,1
84387,flyer4,12.1203,3.98505,-0.291978,0.0689126,2
84387,bullet3,1.35772,13.0769,0.8,0,1
84388,bullet1,13.3577,11.7701,0.8,0,1
84389,flayer7,2.99999,2.95136,-0.3,0,2
84389,flyer1,10.6669,1.54592,-0.291654,-0.0702722,2
84389,bullet4,13.3885,11.8014,0.8,0,1
84392,player,0.410292,13.2793,-0.0125785,0.475026,1
84392,flyer4,10.6604,4.32961,-0.291978,0.0689126,2
84392,bullet3,5.35772,13.0769,0.8,0,1
84394,flayer7,1.49999,2.95136,-0.3,0,2
84394,flyer1,9.20866,1.19456,-0.291654,-0.0702722,2
84395,bullet5,0.8,13.6325,0.8,0,1
84397,player,0.4,13.6608,-0,0.00876557,1
84397,flyer4,9.20055,4.67417,-0.291978,0.0689126,2
84397,bullet3,9.35772,13.0769,0.8,0,1
84399,flayer7,-6.4373e-06,2.95136,-0.3,0,2
84399,flyer1,7.75039,0.843196,-0.291654,-0.0702722,2
84399,bullet6,0.8,13.6665,0.8,0,1
84400,bullet5,4.8,13.6325,0.8,0,1
84402,player,0.889375,13.6678,0.151875,0.000161749,1
84402,flyer4,7.74066,5.01874,-0.291978,0.0689126,2
84402,bullet3,13.3577,13.0769,0.8,0,1
84402,bullet2,1.28938,13.6678,0.8,0,1
84404,flyer1,6.29212,0.491835,-0.291654,-0.0702722,2
84404,bullet6,4.8,13.6665,0.8,0,1
84405,bullet5,8.8,13.6325,0.8,0,1
84406,bullet1,0.919166,14.1573,0.8,0,1
84407,player,0.453625,14.2256,-0.0655412,0.0683467,1
84407,flyer4,6.28078,5.3633,-0.291978,0.0689126,2
84407,bullet2,5.28938,13.6678,0.8,0,1
84409,flyer1,4.83386,0.140474,-0.291654,-0.0702722,2
84409,bullet6,8.8,13.6665,0.8,0,1
84410,bullet5,12.8,13.6325,0.8,0,1
84411,bullet1,4.91917,14.1573,0.8,0,1
84412,player,0.500088,14.2944,-0.12233,-0.0156539,1
84412,flyer4,4.82089,5.70786,-0.291978,0.0689126,2
84412,bullet2,9.28938,13.6678,0.8,0,1
84414,flyer1,3.37559,-0.210887,-0.291654,-0.0702722,2
84414,bullet6,12.8,13.6665,0.8,0,1
84415,bullet4,0.80912,14.2827,0.8,0,1
84416,bullet1,8.91917,14.1573,0.8,0,1
84417,player,0.401847,14.2818,-0.00225733,-0.000288858,1
84417,flyer4,3.361,6.05242,-0.291978,0.0689126,2
84417,bullet2,13.2894,13.6678,0.8,0,1
84419,bullet6,16.8,13.6665,0.8,0,1
84420,bullet4,4.80912,14.2827,0.8,0,1
84421,flayer8,16.5,15.2416,-0.244825,-0.17338,2
84421,bullet1,12.9192,14.1573,0.8,0,1
84421,bullet3,0.8,13.7239,0.8,0,1
84422,player,0.7375,13.6931,0.3375,-0.03076,1
84422,flyer4,1.90111,6.39699,-0.291978,0.0689126,2
84424,explosion2,15.3192,14.1573,-0.244825,-0.17338,1
84425,bullet4,8.80912,14.2827,0.8,0,1
84426,flayer8,15.2759,14.3747,-0.244825,-0.17338,1
84426,bullet3,4.8,13.7239,0.8,0,1
84426,bullet5,1.40231,14.1583,0.8,0,1
84427,player,1.00854,14.2261,0.00622782,0.0677761,1
84427,flyer4,0.441217,6.74155,-0.291978,0.0689126,2
84428,bullet6,1.41134,14.2566,0.8,0,1
84430,bullet4,12.8091,14.2827,0.8,0,1
84431,flayer8,14.0517,13.5078,-0.244825,-0.17338,0
84431,bullet3,8.8,13.7239,0.8,0,1
84431,bullet5,5.40231,14.1583,0.8,0,1
84431,explosion3,13.6091,14.2827,-0.244825,-0.17338,1
84431,explosion4,14.0517,13.5078,-0.244825,-0.17338,1
84432,player,0.524168,14.1814,-0.15176,0.122371,1
84432,bullet2,0.124168,14.1814,-0.8,-6.99382e-08,1
84433,bullet6,5.41134,14.2566,0.8,0,1
84435,bullet1,0.811315,14.2724,0.8,0,1
84436,bullet3,12.8,13.7239,0.8,0,1
84436,bullet5,9.40231,14.1583,0.8,0,1
84436,explosion4,12.8276,12.6409,-0.244825,-0.17338,1
84437,player,0.4,14.7691,0,0.154133,1
84438,bullet6,9.41134,14.2566,0.8,0,1
84440,bullet1,4.81132,14.2724,0.8,0,1
84441,flyer2,16.5,15.2416,-0.3,0,2
84441,bullet5,13.4023,14.1583,0.8,0,1
84441,bullet4,1.35772,14.3015,0.8,0,1
84442,player,0.650973,14.2906,-0.306745,-0.0109954,1
84443,bullet6,13.4113,14.2566,0.8,0,1
84443,finish,18.6096,8,-0.2,0,1
84445,bullet1,8.81132,14.2724,0.8,0,1
84446,flyer2,15,15.2416,-0.3,0,2
84446,bullet4,5.35772,14.3015,0.8,0,1
84446,bullet2,0.810292,14.2819,0.8,0,1
84447,player,0.404631,14.2817,-0.00566031,-0.000202896,1
84448,finish,17.6096,8,-0.2,0,1
84448,bullet3,0.802084,14.2816,0.8,0,1
84450,bullet1,12.8113,14.2724,0.8,0,1
84451,flyer2,13.5,15.2416,-0.3,0,2
84451,bullet4,9.35772,14.3015,0.8,0,1
84451,bullet2,4.81029,14.2819,0.8,0,1
84452,player,0.4,13.9441,-0,-0.337504,1
84453,finish,16.6096,8,-0.2,0,1
84453,bullet3,4.80208,14.2816,0.8,0,1
84456,flyer2,12,15.2416,-0.3,0,2
84456,bullet4,13.3577,14.3015,0.8,0,1
84456,bullet2,8.81029,14.2819,0.8,0,1
84456,bullet5,0.8,13.6792,0.8,0,1
84457,player,0.4,13.673,0,-0.00622789,1
84458,finish,15.6096,8,-0.2,0,1
84458,bullet3,8.80208,14.2816,0.8,0,1
84461,flyer2,10.5,15.2416,-0.3,0,2
84461,bullet2,12.8103,14.2819,0.8,0,1
84461,bullet5,4.8,13.6792,0.8,0,1
84462,player,0.4,12.5902,0,-0.182745,1
84462,bullet6,0.8,12.5902,0.8,0,1
84463,finish,14.6096,8,-0.2,0,1
84463,bullet3,12.8021,14.2816,0.8,0,1
84466,flyer2,9,15.2416,-0.3,0,2
84466,bullet5,8.8,13.6792,0.8,0,1
84466,bullet1,0,11.8891,-0.8,-6.99382e-08,1
84467,player,0.4,11.8549,0,-0.0341268,1
84467,bullet6,4.8,12.5902,0.8,0,1
84468,finish,13.6096,8,-0.2,0,1
84468,bullet4,0.8,11.8396,0.8,0,1
84471,flyer2,7.5,15.2416,-0.3,0,2
84471,bullet5,12.8,13.6792,0.8,0,1
84472,player,1.32597,11.8275,0.368255,-0.000629736,1
84472,bullet6,8.8,12.5902,0.8,0,1
84473,finish,12.6096,8,-0.2,0,1
84473,bullet4,4.8,11.8396,0.8,0,1
84473,bullet2,1.89169,11.8272,0.8,0,1
84476,flyer2,5.99999,15.2416,-0.3,0,2
84476,bullet1,2.01492,11.827,0.8,0,1
84477,player,1.62171,11.827,0.00679533,-1.16204e-05,1
84477,bullet6,12.8,12.5902,0.8,0,1
84478,finish,11.6096,8,-0.2,0,1
84478,bullet4,8.8,11.8396,0.8,0,1
84478,bullet2,5.89169,11.8272,0.8,0,1
84481,flyer2,4.49999,15.2416,-0.3,0,2
84481,bullet1,6.01492,11.827,0.8,0,1
84482,player,1.62717,11.827,0.000125393,-2.14429e-07,1
84482,bullet3,2.02717,11.827,0.8,0,1
84483,finish,10.6096,8,-0.2,0,1
84483,bullet4,12.8,11.8396,0.8,0,1
84483,bullet2,9.89169,11.8272,0.8,0,1
84486,flyer2,2.99999,15.2416,-0.3,0,2
84486,bullet1,10.0149,11.827,0.8,0,1
84487,player,1.62727,11.3376,2.31385e-06,-0.151875,1
84487,bullet3,6.02717,11.827,0.8,0,1
84488,finish,9.60962,8,-0.2,0,1
84488,bullet2,13.8917,11.8272,0.8,0,1
84488,bullet5,2.02727,11.2693,0.8,0,1
84491,flyer2,1.49999,15.2416,-0.3,0,2
84491,bullet1,14.0149,11.827,0.8,0,1
84492,player,1.28977,11.5532,-0.3375,0.334697,1
84492,bullet3,10.0272,11.827,0.8,0,1
84493,finish,8.60962,8,-0.2,0,1
84493,bullet5,6.02727,11.2693,0.8,0,1
84493,bullet6,1.5379,11.7038,0.8,0,1
84496,flyer2,-6.4373e-06,15.2416,-0.3,0,2
84497,player,1.08708,11.2642,-0.0897591,-0.0621676,1
84497,bullet3,14.0272,11.827,0.8,0,1
84498,finish,7.60962,8,-0.2,0,1
84498,bullet5,10.0273,11.2693,0.8,0,1
84498,bullet6,5.5379,11.7038,0.8,0,1
84500,flyer3,16.5,12.915,-0.3,0,2
84500,bullet4,1.42033,11.218,0.8,0,1
84502,player,1.35249,11.2143,0.335844,-0.00114717,1
84503,finish,6.60962,8,-0.2,0,1
84503,bullet5,14.0273,11.2693,0.8,0,1
84503,bullet6,9.5379,11.7038,0.8,0,1
84505,flyer3,15,12.915,-0.3,0,2
84505,bullet4,5.42033,11.218,0.8,0,1
84507,player,2.78223,11.8157,0.0883806,0.0138184,1
84508,finish,5.60962,8,-0.2,0,1
84508,bullet6,13.5379,11.7038,0.8,0,1
