14776,player,2.55149,5.0175,0,0,1
14780,bullet1,1.80529,3.87131,0.8,0,1
14781,player,1.3607,3.82672,-0.0445943,-0.0445943,1
14781,bullet2,1.7607,3.82672,0.8,0,1
14784,bullet3,1.72754,3.79356,0.8,0,1
14785,bullet1,5.80529,3.87131,0.8,0,1
14785,bullet4,1.72571,3.79173,0.8,0,1
14786,player,1.32489,3.7909,-0.00082289,-0.00082289,1
14786,bullet2,5.7607,3.82672,0.8,0,1
14789,bullet3,5.72754,3.79356,0.8,0,1
14790,bullet1,9.8053,3.87131,0.8,0,1
14790,bullet4,5.72571,3.79173,0.8,0,1
14791,player,1.32423,3.30087,-1.51846e-05,-0.15189,1
14791,bullet2,9.7607,3.82672,0.8,0,1
14794,bullet3,9.72754,3.79356,0.8,0,1
14795,bullet1,13.8053,3.87131,0.8,0,1
14795,bullet4,9.72571,3.79173,0.8,0,1
14796,player,0.735741,3.17889,-0.030755,-0.0028028,1
14796,bullet2,13.7607,3.82672,0.8,0,1
14799,flyer1,16.5,14.2819,-0.3,0,2
14799,bullet3,13.7275,3.79356,0.8,0,1
14800,flyer2,16.5,14.2819,-0.3,0,2
14800,bullet4,13.7257,3.79173,0.8,0,1
14800,bullet5,0.8,3.73441,0.8,0,1
14801,player,0.4,3.76511,0,0.030703,1
14804,flyer1,15,14.2819,-0.3,0,2
14804,flyer3,16.5,14.2819,-0.26434,0.141861,2
14805,flyer2,15,14.2819,-0.3,0,2
14805,bullet5,4.8,3.73441,0.8,0,1
14805,bullet6,0.8,3.29982,0.8,0,1
14806,player,0.4,3.23205,0,-0.0677772,1
14809,flyer1,13.5,14.2819,-0.3,0,2
14809,flyer3,15.1783,14.9912,-0.26434,0.141861,2
14810,flyer2,13.5,14.2819,-0.3,0,2
14810,bullet5,8.8,3.73441,0.8,0,1
14810,bullet6,4.8,3.29982,0.8,0,1
14811,player,0.4,4.85778,0,0.195219,1
14812,bullet1,0.8,4.94563,0.8,0,1
14814,flyer1,12,14.2819,-0.3,0,2
14814,flyer3,13.8566,15.7005,-0.26434,0.141861,2
14814,bullet2,0,5.00295,-0.8,-6.99382e-08,1
14815,flyer2,12,14.2819,-0.3,0,2
14815,bullet5,12.8,3.73441,0.8,0,1
14815,bullet6,8.8,3.29982,0.8,0,1
14815,bullet3,0.8,5.01095,0.8,0,1
14816,player,0.4,5.01456,0,0.00360233,1
14817,bullet1,4.8,4.94563,0.8,0,1
14819,flyer1,10.5,14.2819,-0.3,0,2
14819,flyer3,12.5349,16.4098,-0.26434,0.141861,2
14820,flyer2,10.5,14.2819,-0.3,0,2
14820,bullet6,12.8,3.29982,0.8,0,1
14820,bullet3,4.8,5.01095,0.8,0,1
14821,player,0.7375,4.09148,0.3375,-0.368188,1
14822,bullet1,8.8,4.94563,0.8,0,1
14824,flyer1,9,14.2819,-0.3,0,2
14824,bullet4,0.830755,3.25996,0.8,0,1
14825,flyer2,9,14.2819,-0.3,0,2
14825,bullet3,8.8,5.01095,0.8,0,1
14826,player,0.406228,3.19348,-0.00761179,-0.0206337,1
14827,bullet1,12.8,4.94563,0.8,0,1
14829,flyer1,7.5,14.2819,-0.3,0,2
14829,bullet4,4.83075,3.25996,0.8,0,1
14830,flyer2,7.5,14.2819,-0.3,0,2
14830,bullet3,12.8,5.01095,0.8,0,1
14831,player,0.4,2.73213,0,-0.20676,1
14834,flyer1,5.99999,14.2819,-0.3,0,2
14834,bullet4,8.83076,3.25996,0.8,0,1
14835,flyer2,5.99999,14.2819,-0.3,0,2
14835,flyer4,16.5,7.58325,-0.3,0,2
14835,bullet2,0.8,2.5699,0.8,0,1
14836,player,0.4,2.56608,0,-0.0038153,1
14837,bullet5,0.8,2.56436,0.8,0,1
14839,flyer1,4.49999,14.2819,-0.3,0,2
14839,bullet4,12.8308,3.25996,0.8,0,1
14839,bullet6,0.8,2.56324,0.8,0,1
14840,flyer2,4.49999,14.2819,-0.3,0,2
14840,flyer4,15,7.58325,-0.3,0,2
14840,bullet2,4.8,2.5699,0.8,0,1
14841,player,0.4,2.56302,0,-7.0403e-05,1
14842,bullet5,4.8,2.56436,0.8,0,1
14844,flyer1,2.99999,14.2819,-0.3,0,2
14844,bullet6,4.8,2.56324,0.8,0,1
14845,flyer2,2.99999,14.2819,-0.3,0,2
14845,flyer4,13.5,7.58325,-0.3,0,2
14845,bullet2,8.8,2.5699,0.8,0,1
14846,player,0.889375,3.05233,0.151875,0.151874,1
14847,bullet5,8.8,2.56436,0.8,0,1
14847,bullet1,1.35772,3.12068,0.8,0,1
14849,flyer1,1.49999,14.2819,-0.3,0,2
14849,bullet6,8.8,2.56324,0.8,0,1
14850,flyer2,1.49999,14.2819,-0.3,0,2
14850,flyer4,12,7.58325,-0.3,0,2
14850,bullet2,12.8,2.5699,0.8,0,1
14851,player,0.4,3.76277,-0,0.0335572,1
14852,bullet5,12.8,2.56436,0.8,0,1
14852,bullet1,5.35772,3.12068,0.8,0,1
14854,flyer1,-6.4373e-06,14.2819,-0.3,0,2
14854,bullet6,12.8,2.56324,0.8,0,1
14855,flyer2,-6.4373e-06,14.2819,-0.3,0,2
14855,flyer4,10.5,7.58325,-0.3,0,2
14855,bullet3,0.8,3.7891,0.8,0,1
14856,player,0.4,3.78972,0,0.000619224,1
14857,bullet5,16.8,2.56436,0.8,0,1
14857,bullet1,9.35772,3.12068,0.8,0,1
14859,flyer5,16.5,9.52131,-0.3,0,2
14859,bullet4,0.8,3.79018,0.8,0,1
14860,flyer4,9,7.58325,-0.3,0,2
14860,bullet3,4.8,3.7891,0.8,0,1
14860,bullet2,0.8,3.79021,0.8,0,1
14861,player,0.4,3.79022,0,1.14264e-05,1
14862,bullet1,13.3577,3.12068,0.8,0,1
14864,flyer5,15,9.52131,-0.3,0,2
14864,bullet4,4.8,3.79018,0.8,0,1
14865,flyer4,7.5,7.58325,-0.3,0,2
14865,bullet3,8.8,3.7891,0.8,0,1
14865,bullet2,4.8,3.79021,0.8,0,1
14866,player,0.4,4.39254,0,0.0138398,1
14869,flyer5,13.5,9.52131,-0.3,0,2
14869,bullet4,8.8,3.79018,0.8,0,1
14869,bullet5,0.8,4.96055,0.8,0,1
14870,flyer4,5.99999,7.58325,-0.3,0,2
14870,bullet3,12.8,3.7891,0.8,0,1
14870,bullet2,8.8,3.79021,0.8,0,1
14871,player,0.4,5.00597,0,0.014095,1
14874,flyer5,12,9.52131,-0.3,0,2
14874,bullet4,12.8,3.79018,0.8,0,1
14874,bullet5,4.8,4.96055,0.8,0,1
14875,flyer4,4.49999,7.58325,-0.3,0,2
14875,bullet2,12.8,3.79021,0.8,0,1
14876,player,0.4,5.26826,0,-0.306485,1
14877,bullet6,0.8,5.13034,0.8,0,1
14879,flyer5,10.5,9.52131,-0.3,0,2
14879,bullet5,8.8,4.96055,0.8,0,1
14879,bullet1,0.8,5.04035,0.8,0,1
14880,flyer4,2.99999,7.58325,-0.3,0,2
14881,player,0.4,5.02213,0,-0.00565551,1
14882,bullet6,4.8,5.13034,0.8,0,1
14882,bullet3,0.8,5.01958,0.8,0,1
14884,flyer5,9,9.52131,-0.3,0,2
14884,bullet5,12.8,4.96055,0.8,0,1
14884,bullet1,4.8,5.04035,0.8,0,1
14885,flyer4,1.49999,7.58325,-0.3,0,2
14886,player,0.7375,5.35509,0.3375,0.337396,1
14887,bullet6,8.8,5.13034,0.8,0,1
14887,bullet3,4.8,5.01958,0.8,0,1
14889,flyer5,7.5,9.52131,-0.3,0,2
14889,bullet1,8.8,5.04035,0.8,0,1
14889,bullet4,1.38847,6.1637,0.8,0,1
14890,flyer4,-6.4373e-06,7.58325,-0.3,0,2
14891,player,0.519166,6.22836,-0.145647,0.0200655,1
14892,bullet6,12.8,5.13034,0.8,0,1
14892,bullet3,8.8,5.01958,0.8,0,1
14894,flyer5,5.99999,9.52131,-0.3,0,2
14894,bullet1,12.8,5.04035,0.8,0,1
14894,bullet4,5.38847,6.1637,0.8,0,1
14896,player,0.501298,6.24447,-0.123808,0.000370265,1
14897,bullet3,12.8,5.01958,0.8,0,1
14898,bullet2,1.30989,5.75534,0.8,0,1
14899,flyer5,4.49999,9.52131,-0.3,0,2
14899,bullet4,9.38847,6.1637,0.8,0,1
14901,player,1.49356,5.15308,0.16343,-0.165708,1
14902,flyer6,16.5,12.4873,-0.3,0,2
14902,bullet5,1.9671,5.07851,0.8,0,1
14903,bullet2,5.30989,5.75534,0.8,0,1
14904,flyer5,2.99999,9.52131,-0.3,0,2
14904,bullet4,13.3885,6.1637,0.8,0,1
14906,player,1.96231,4.7816,0.340516,-0.461678,1
14907,flyer6,15,12.4873,-0.3,0,2
14907,bullet5,5.9671,5.07851,0.8,0,1
14908,bullet2,9.30989,5.75534,0.8,0,1
14909,flyer5,1.49999,9.52131,-0.3,0,2
14911,player,3.28286,3.85311,0.226502,-0.076863,1
14912,flyer6,13.5,12.4873,-0.3,0,2
14912,bullet5,9.9671,5.07851,0.8,0,1
14912,bullet6,3.78479,3.81852,0.8,0,1
14913,bullet2,13.3099,5.75534,0.8,0,1
14914,flyer5,-6.4373e-06,9.52131,-0.3,0,2
14916,player,4.05324,2.71353,0.0349343,-0.184048,1
14916,bullet1,4.45324,2.71353,0.8,0,1
14917,flyer6,12,12.4873,-0.3,0,2
14917,bullet5,13.9671,5.07851,0.8,0,1
14917,bullet6,7.78479,3.81852,0.8,0,1
14919,bullet3,4.47921,2.57667,0.8,0,1
14921,player,4.08129,2.56573,0.000644636,-0.0033962,1
14921,bullet1,8.45324,2.71353,0.8,0,1
14922,flyer6,10.5,12.4873,-0.3,0,2
14922,bullet6,11.7848,3.81852,0.8,0,1
14924,bullet3,8.47921,2.57667,0.8,0,1
14925,bullet4,3.92408,3.15154,0.8,0,1
14926,player,3.49333,3.16531,-0.0307428,0.0137769,1
14926,bullet1,12.4532,2.71353,0.8,0,1
14927,flyer6,9,12.4873,-0.3,0,2
14927,bullet6,15.7848,3.81852,0.8,0,1
14929,bullet3,12.4792,2.57667,0.8,0,1
14930,bullet4,7.92408,3.15154,0.8,0,1
14930,bullet2,3.86921,3.6655,0.8,0,1
14931,player,3.46864,3.7341,-0.000567291,0.068598,1
14932,flyer6,7.5,12.4873,-0.3,0,2
14932,bullet5,3.86839,3.76497,0.8,0,1
14935,bullet4,11.9241,3.15154,0.8,0,1
14935,bullet2,7.86921,3.6655,0.8,0,1
14935,bullet6,3.8682,3.78792,0.8,0,1
14936,player,3.80569,3.78919,0.33749,0.00126583,1
14937,flyer6,5.99999,12.4873,-0.3,0,2
14937,bullet5,7.86839,3.76497,0.8,0,1
14940,bullet4,15.9241,3.15154,0.8,0,1
14940,bullet2,11.8692,3.6655,0.8,0,1
14940,bullet6,7.8682,3.78792,0.8,0,1
14941,player,4.07672,3.7902,0.00622763,2.3358e-05,1
14942,flyer6,4.49999,12.4873,-0.3,0,2
14942,bullet5,11.8684,3.76497,0.8,0,1
14943,bullet1,4.48079,3.30084,0.8,0,1
14945,bullet2,15.8692,3.6655,0.8,0,1
14945,bullet6,11.8682,3.78792,0.8,0,1
14946,player,4.08172,3.18791,0.000114917,-0.0138392,1
14946,bullet3,4.48172,3.18791,0.8,0,1
14947,flyer6,2.99999,12.4873,-0.3,0,2
14947,bullet5,15.8684,3.76497,0.8,0,1
14948,bullet1,8.48079,3.30084,0.8,0,1
14949,bullet4,4.48181,3.17762,0.8,0,1
14950,bullet6,15.8682,3.78792,0.8,0,1
14951,player,3.59244,3.1768,-0.151873,-0.000255372,1
14951,bullet3,8.48172,3.18791,0.8,0,1
14952,flyer6,1.49999,12.4873,-0.3,0,2
14953,bullet1,12.4808,3.30084,0.8,0,1
14954,bullet4,8.48181,3.17762,0.8,0,1
14955,bullet2,2.72708,3.76507,0.8,0,1
14956,player,2.27969,3.7789,-0.0473968,0.0138349,1
14956,bullet3,12.4817,3.18791,0.8,0,1
14957,flyer6,-6.4373e-06,12.4873,-0.3,0,2
14959,flayer7,16.5,12.4873,-0.296447,-0.0460363,2
14959,bullet4,12.4818,3.17762,0.8,0,1
14960,bullet2,6.72708,3.76507,0.8,0,1
14960,bullet5,2.6425,3.20128,0.8,0,1
14961,player,2.24162,3.1877,-0.000874604,-0.0135843,1
14962,bullet6,2.64123,3.18159,0.8,0,1
14964,flayer7,15.0178,12.2571,-0.296447,-0.0460363,2
14965,bullet2,10.7271,3.76507,0.8,0,1
14965,bullet5,6.6425,3.20128,0.8,0,1
14966,player,1.90342,3.51429,-0.337516,0.337249,1
14967,bullet6,6.64123,3.18159,0.8,0,1
14969,flayer7,13.5355,12.0269,-0.296447,-0.0460363,2
14970,bullet2,14.7271,3.76507,0.8,0,1
14970,bullet5,10.6425,3.20128,0.8,0,1
14971,player,0.472334,3.25116,-0.0884115,-0.0911477,1
14972,bullet6,10.6412,3.18159,0.8,0,1
14972,bullet1,0.832549,3.21015,0.8,0,1
14974,flayer7,12.0533,11.7967,-0.296447,-0.0460363,2
14975,bullet5,14.6425,3.20128,0.8,0,1
14976,player,0.4,3.73568,0,0.0666618,1
14976,bullet3,0.8,3.73568,0.8,0,1
14977,bullet6,14.6412,3.18159,0.8,0,1
14977,bullet1,4.83255,3.21015,0.8,0,1
14979,flayer7,10.5711,11.5666,-0.296447,-0.0460363,2
14979,bullet4,0.8,3.78525,0.8,0,1
14980,bullet2,0.8,3.78799,0.8,0,1
14981,player,0.4,3.78922,0,0.0012301,1
14981,bullet3,4.8,3.73568,0.8,0,1
14982,bullet1,8.83255,3.21015,0.8,0,1
14984,flayer7,9.08883,11.3364,-0.296447,-0.0460363,2
14984,bullet4,4.8,3.78525,0.8,0,1
14985,bullet2,4.8,3.78799,0.8,0,1
14986,player,0.7375,4.37868,0.3375,0.0307774,1
14986,bullet3,8.8,3.73568,0.8,0,1
14987,bullet1,12.8326,3.21015,0.8,0,1
14989,flayer7,7.6066,11.1062,-0.296447,-0.0460363,2
14989,bullet4,8.8,3.78525,0.8,0,1
14990,bullet2,8.8,3.78799,0.8,0,1
14991,player,0.4,4.44799,0,-0.0539362,1
14991,bullet3,12.8,3.73568,0.8,0,1
14994,flayer7,6.12436,10.876,-0.296447,-0.0460363,2
14994,bullet4,12.8,3.78525,0.8,0,1
14994,bullet5,0.8,3.85016,0.8,0,1
14995,bullet2,12.8,3.78799,0.8,0,1
14996,player,0.4,3.80236,0,-0.0148349,1
14996,bullet6,0.8,3.80236,0.8,0,1
14999,flayer7,4.64213,10.6458,-0.296447,-0.0460363,2
14999,bullet5,4.8,3.85016,0.8,0,1
15000,flayer8,16.5,12.4873,-0.3,0,2
15001,player,0.4,2.69876,-0,-0.165988,1
15001,bullet6,4.8,3.80236,0.8,0,1
15004,flayer7,3.15989,10.4156,-0.296447,-0.0460363,2
15004,bullet5,8.8,3.85016,0.8,0,1
15005,flayer8,15,12.4873,-0.3,0,2
15006,player,0.4,1.67024,0,-0.408907,1
15006,bullet6,8.8,3.80236,0.8,0,1
15007,bullet1,0.8,1.48623,0.8,0,1
15009,flayer7,1.67766,10.1854,-0.296447,-0.0460363,2
15009,bullet5,12.8,3.85016,0.8,0,1
15010,flayer8,13.5,12.4873,-0.3,0,2
15011,player,0.4,0.4,0,-0.113882,1
15011,bullet6,12.8,3.80236,0.8,0,1
15012,bullet1,4.8,1.48623,0.8,0,1
15012,bullet3,0.8,0.4,0.8,0,1
15014,flayer7,0.195427,9.95527,-0.296447,-0.0460363,2
15014,bullet4,0.8,0.4,0.8,0,1
15015,flayer8,12,12.4873,-0.3,0,2
15016,player,0.4,0.4,-0,0,1
15017,bullet1,8.8,1.48623,0.8,0,1
15017,bullet3,4.8,0.4,0.8,0,1
15019,bullet4,4.8,0.4,0.8,0,1
15019,bullet2,0.8,0.4,0.8,0,1
15020,flayer8,10.5,12.4873,-0.3,0,2
15021,player,0.4,0.4,0,0,1
15022,bullet1,12.8,1.48623,0.8,0,1
15022,bullet3,8.8,0.4,0.8,0,1
15024,bullet4,8.8,0.4,0.8,0,1
15024,bullet2,4.8,0.4,0.8,0,1
15025,flayer8,9,12.4873,-0.3,0,2
15026,player,0.4,0.4,0,0,1
15027,bullet3,12.8,0.4,0.8,0,1
15027,bullet5,0.8,0.4,0.8,0,1
15029,bullet4,12.8,0.4,0.8,0,1
15029,bullet2,8.8,0.4,0.8,0,1
15030,flayer8,7.5,12.4873,-0.3,0,2
15031,player,0.4,0.4,0,0,1
15032,bullet5,4.8,0.4,0.8,0,1
15032,bullet6,0.8,0.4,0.8,0,1
15034,bullet2,12.8,0.4,0.8,0,1
15035,flayer8,5.99999,12.4873,-0.3,0,2
15036,player,0.650973,0.988474,-0.306745,0.0307547,1
15037,bullet5,8.8,0.4,0.8,0,1
15037,bullet6,4.8,0.4,0.8,0,1
15037,bullet1,0.912938,1.00231,0.8,0,1
15040,flayer8,4.49999,12.4873,-0.3,0,2
15040,bullet3,1.29967,1.0126,0.8,0,1
15041,player,0.96235,1.01317,0.0626834,0.00056751,1
15042,bullet5,12.8,0.4,0.8,0,1
15042,bullet6,8.8,0.4,0.8,0,1
15042,bullet1,4.91294,1.00231,0.8,0,1
15045,flayer8,2.99999,12.4873,-0.3,0,2
15045,bullet3,5.29967,1.0126,0.8,0,1
15046,player,1.57041,1.57135,0.0695004,0.0683542,1
15047,bullet6,12.8,0.4,0.8,0,1
15047,bullet1,8.91294,1.00231,0.8,0,1
15047,bullet4,2.00168,1.60211,0.8,0,1
15050,flayer8,1.49999,12.4873,-0.3,0,2
15050,bullet3,9.29967,1.0126,0.8,0,1
15051,player,1.06851,1.62624,-0.0670613,0.00126133,1
15052,bullet1,12.9129,1.00231,0.8,0,1
15052,bullet4,6.00168,1.60211,0.8,0,1
15055,flayer8,-6.4373e-06,12.4873,-0.3,0,2
15055,bullet3,13.2997,1.0126,0.8,0,1
15055,bullet2,0.858168,2.18495,0.8,0,1
15056,player,0.426176,2.21573,-0.0319922,0.030778,1
15057,bullet1,16.9129,1.00231,0.8,0,1
15057,bullet4,10.0017,1.60211,0.8,0,1
15058,flyer3,16.5,12.4873,-0.289736,0.0778006,2
15059,flyer1,16.5,12.4873,-0.282874,0.0999108,2
15060,bullet2,4.85817,2.18495,0.8,0,1
15060,bullet5,0.8,2.72925,0.8,0,1
15061,player,0.4,2.79816,0,0.0689117,1
15062,bullet4,14.0017,1.60211,0.8,0,1
15062,bullet6,0.8,2.82917,0.8,0,1
15063,flyer3,15.0513,12.8763,-0.289736,0.0778006,2
15064,flyer1,15.0856,12.9868,-0.282874,0.0999108,2
15065,bullet2,8.85817,2.18495,0.8,0,1
15065,bullet5,4.8,2.72925,0.8,0,1
15066,player,0.4,3.191,0,0.338772,1
15067,bullet6,4.8,2.82917,0.8,0,1
15067,bullet1,0.8,3.34345,0.8,0,1
15068,flyer3,13.6026,13.2653,-0.289736,0.0778006,2
15069,flyer1,13.6713,13.4864,-0.282874,0.0999108,2
15070,bullet2,12.8582,2.18495,0.8,0,1
15070,bullet5,8.8,2.72925,0.8,0,1
15071,player,0.4,3.95244,0,0.158126,1
15072,bullet6,8.8,2.82917,0.8,0,1
15072,bullet1,4.8,3.34345,0.8,0,1
15073,flyer3,12.154,13.6543,-0.289736,0.0778006,2
15074,flyer1,12.2569,13.9859,-0.282874,0.0999108,2
15075,bullet5,12.8,2.72925,0.8,0,1
15076,player,0.4,3.74193,0,-0.334582,1
15077,bullet6,12.8,2.82917,0.8,0,1
15077,bullet1,8.8,3.34345,0.8,0,1
15078,flyer3,10.7053,14.0433,-0.289736,0.0778006,2
15079,flyer1,10.8425,14.4855,-0.282874,0.0999108,2
15080,bullet3,1.87785,2.40156,0.8,0,1
15081,player,1.56003,2.3132,0.0821834,-0.0883573,1
15082,bullet1,12.8,3.34345,0.8,0,1
15082,bullet4,1.99701,2.27344,0.8,0,1
15083,flyer3,9.25661,14.4323,-0.289736,0.0778006,2
15083,bullet2,2.01366,2.25555,0.8,0,1
15084,flyer1,9.42815,14.9851,-0.282874,0.0999108,2
15085,bullet3,5.87785,2.40156,0.8,0,1
15086,player,2.45291,2.24224,0.490892,-0.00163044,1
15087,bullet4,5.99701,2.27344,0.8,0,1
15088,flyer3,7.80793,14.8213,-0.289736,0.0778006,2
15088,bullet2,6.01366,2.25555,0.8,0,1
15088,bullet5,3.17321,2.24118,0.8,0,1
15089,flyer1,8.01378,15.4846,-0.282874,0.0999108,2
15090,bullet3,9.87785,2.40156,0.8,0,1
15091,player,3.33651,2.24093,0.160933,-3.00862e-05,1
15092,bullet4,9.99701,2.27344,0.8,0,1
15093,flyer3,6.35924,15.2103,-0.289736,0.0778006,2
15093,bullet2,10.0137,2.25555,0.8,0,1
15093,bullet5,7.17321,2.24118,0.8,0,1
15094,flyer1,6.59941,15.9842,-0.282874,0.0999108,2
15095,bullet3,13.8779,2.40156,0.8,0,1
15096,player,3.57869,1.14922,-0.135066,-0.165715,1
15097,bullet4,13.997,2.27344,0.8,0,1
15098,flyer3,4.91056,15.5993,-0.289736,0.0778006,2
15098,bullet2,14.0137,2.25555,0.8,0,1
15098,bullet5,11.1732,2.24118,0.8,0,1
15099,flyer1,5.18503,16.4837,-0.282874,0.0999108,2
15100,bullet6,2.72652,1.04995,0.8,0,1
15101,player,2.27943,1.02998,-0.0470866,-0.019973,1
15101,bullet1,2.67943,1.02998,0.8,0,1
15103,flyer3,3.46188,15.9883,-0.289736,0.0778006,2
15103,bullet5,15.1732,2.24118,0.8,0,1
15105,flyer2,16.5,12.8337,-0.218649,0.205409,2
15105,bullet6,6.72652,1.04995,0.8,0,1
15105,bullet3,2.08477,1.01431,0.8,0,1
15106,player,1.65315,1.01394,-0.0316236,-0.000368558,1
15106,bullet1,6.67943,1.02998,0.8,0,1
15108,flyer3,2.0132,16.3773,-0.289736,0.0778006,2
15110,flyer2,15.4068,13.8608,-0.218649,0.205409,2
15110,bullet6,10.7265,1.04995,0.8,0,1
15110,bullet3,6.08477,1.01431,0.8,0,1
15111,player,0.4,1.48918,-0,0.168783,1
15111,bullet1,10.6794,1.02998,0.8,0,1
15111,bullet4,0.8,1.48918,0.8,0,1
15115,flyer2,14.3135,14.8878,-0.218649,0.205409,2
15115,bullet6,14.7265,1.04995,0.8,0,1
15115,bullet3,10.0848,1.01431,0.8,0,1
15116,player,0.988474,2.2132,0.0307547,0.0338692,1
15116,bullet1,14.6794,1.02998,0.8,0,1
15116,bullet4,4.8,1.48918,0.8,0,1
15119,flyer4,16.5,12.2656,-0.299693,-0.0135691,2
15120,flyer2,13.2203,15.9149,-0.218649,0.205409,2
15120,bullet3,14.0848,1.01431,0.8,0,1
15120,bullet2,1.38185,2.82825,0.8,0,1
15121,player,1.33683,2.84271,0.354983,0.0144646,1
15121,bullet4,8.8,1.48918,0.8,0,1
15123,bullet5,1.96846,2.85215,0.8,0,1
15124,flyer4,15.0015,12.1978,-0.299693,-0.0135691,2
15124,bullet6,2.00081,2.85347,0.8,0,1
15125,bullet2,5.38185,2.82825,0.8,0,1
15126,player,1.62191,2.85433,0.00655043,0.000266912,1
15126,bullet4,12.8,1.48918,0.8,0,1
15128,bullet5,5.96846,2.85215,0.8,0,1
15129,flyer4,13.5031,12.1299,-0.299693,-0.0135691,2
15129,bullet6,6.00081,2.85347,0.8,0,1
15130,bullet2,9.38185,2.82825,0.8,0,1
15131,player,1.62717,2.25223,0.000120874,-0.0138347,1
15131,bullet1,2.02717,2.25223,0.8,0,1
15133,bullet5,9.96846,2.85215,0.8,0,1
15134,flyer4,12.0046,12.0621,-0.299693,-0.0135691,2
15134,bullet6,10.0008,2.85347,0.8,0,1
15135,bullet2,13.3819,2.82825,0.8,0,1
15136,player,1.06955,1.6834,-0.0683415,-0.068599,1
15136,bullet1,6.02717,2.25223,0.8,0,1
15138,bullet5,13.9685,2.85215,0.8,0,1
15139,flyer4,10.5061,11.9942,-0.299693,-0.0135691,2
15139,bullet6,14.0008,2.85347,0.8,0,1
15140,bullet3,2.0044,1.0411,0.8,0,1
15141,player,1.95448,1.36349,0.350079,0.322395,1
15141,bullet1,10.0272,2.25223,0.8,0,1
15143,flyer5,16.5,12.2656,-0.264323,-0.141892,2
15144,flyer4,9.00767,11.9264,-0.299693,-0.0135691,2
15144,bullet4,2.12543,2.09261,0.8,0,1
15145,bullet3,6.0044,1.0411,0.8,0,1
15146,player,1.30965,2.54838,-0.361795,0.374204,1
15146,bullet1,14.0272,2.25223,0.8,0,1
15148,flyer5,15.1784,11.5561,-0.264323,-0.141892,2
15149,flyer4,7.50921,11.8585,-0.299693,-0.0135691,2
15149,bullet4,6.12543,2.09261,0.8,0,1
15150,bullet3,10.0044,1.0411,0.8,0,1
15151,player,1.2575,3.58924,0.451944,-0.147965,1
15153,flyer5,13.8568,10.8467,-0.264323,-0.141892,2
15153,bullet2,1.95239,3.49269,0.8,0,1
15154,flyer4,6.01074,11.7907,-0.299693,-0.0135691,2
15154,bullet4,10.1254,2.09261,0.8,0,1
15155,bullet3,14.0044,1.0411,0.8,0,1
15156,player,1.62045,4.02813,0.00833964,0.0656134,1
15156,bullet5,2.02045,4.02813,0.8,0,1
15158,flyer5,12.5352,10.1372,-0.264323,-0.141892,2
15158,bullet2,5.95239,3.49269,0.8,0,1
15159,flyer4,4.51228,11.7229,-0.299693,-0.0135691,2
15159,bullet4,14.1254,2.09261,0.8,0,1
15160,bullet6,2.02699,3.5219,0.8,0,1
15161,player,1.62715,3.49235,0.00015389,-0.0295439,1
15161,bullet5,6.02045,4.02813,0.8,0,1
15163,flyer5,11.2135,9.42776,-0.264323,-0.141892,2
15163,bullet2,9.95239,3.49269,0.8,0,1
15163,bullet1,2.02725,3.47307,0.8,0,1
15164,flyer4,3.01381,11.655,-0.299693,-0.0135691,2
15165,bullet6,6.02699,3.5219,0.8,0,1
15166,player,1.62727,3.46863,2.8397e-06,-0.000545169,1
15166,bullet5,10.0204,4.02813,0.8,0,1
15168,flyer5,9.89192,8.7183,-0.264323,-0.141892,2
15168,bullet2,13.9524,3.49269,0.8,0,1
15168,bullet1,6.02725,3.47307,0.8,0,1
15169,flyer4,1.51535,11.5872,-0.299693,-0.0135691,2
15170,bullet6,10.027,3.5219,0.8,0,1
15171,player,2.22959,2.86587,0.0138397,-0.0138497,1
15171,bullet5,14.0205,4.02813,0.8,0,1
15173,flyer5,8.5703,8.00883,-0.264323,-0.141892,2
15173,bullet1,10.0272,3.47307,0.8,0,1
15173,bullet3,2.63862,2.85684,0.8,0,1
15174,flyer4,0.0168809,11.5193,-0.299693,-0.0135691,2
15174,bullet4,2.63988,2.85558,0.8,0,1
15175,bullet6,14.027,3.5219,0.8,0,1
15176,player,1.9032,2.51725,-0.337245,-0.337756,1
15178,flyer5,7.24869,7.29937,-0.264323,-0.141892,2
15178,bullet1,14.0272,3.47307,0.8,0,1
15178,bullet3,6.63862,2.85684,0.8,0,1
15179,bullet4,6.63988,2.85558,0.8,0,1
15179,bullet2,2.05242,2.26609,0.8,0,1
15181,player,2.12174,2.24601,0.145652,-0.00623254,1
15182,bullet5,2.58728,2.2432,0.8,0,1
15183,flyer5,5.92708,6.58991,-0.264323,-0.141892,2
15183,bullet3,10.6386,2.85684,0.8,0,1
15184,bullet4,10.6399,2.85558,0.8,0,1
15184,bullet2,6.05242,2.26609,0.8,0,1
15186,player,2.23871,2.241,0.00268769,-0.000115008,1
15187,bullet5,6.58728,2.2432,0.8,0,1
15188,flyer5,4.60546,5.88045,-0.264323,-0.141892,2
15188,bullet3,14.6386,2.85684,0.8,0,1
15189,bullet4,14.6399,2.85558,0.8,0,1
15189,bullet2,10.0524,2.26609,0.8,0,1
15191,player,2.24087,2.79863,4.95954e-05,0.0683416,1
15192,flyer6,16.5,12.2656,-0.3,0,2
15192,bullet5,10.5873,2.2432,0.8,0,1
15193,flyer5,3.28385,5.17098,-0.264323,-0.141892,2
15193,bullet6,2.6409,2.84322,0.8,0,1
15194,bullet2,14.0524,2.26609,0.8,0,1
15196,player,2.79863,2.51601,0.0683447,-0.336239,1
15197,flyer6,15,12.2656,-0.3,0,2
15197,bullet5,14.5873,2.2432,0.8,0,1
15198,flyer5,1.96223,4.46152,-0.264323,-0.141892,2
15198,bullet6,6.6409,2.84322,0.8,0,1
15200,flayer7,16.5,12.2656,-0.3,0,2
15201,player,2.80892,2.62808,0.0557653,0.276791,1
15202,flyer6,13.5,12.2656,-0.3,0,2
15203,flyer5,0.640617,3.75206,-0.264323,-0.141892,2
15203,bullet6,10.6409,2.84322,0.8,0,1
15205,flayer7,15,12.2656,-0.3,0,2
15206,player,1.70751,2.81961,-0.0980694,0.0426966,1
15206,bullet1,2.10751,2.81961,0.8,0,1
15207,flyer6,12,12.2656,-0.3,0,2
15207,bullet3,2.06338,2.83882,0.8,0,1
15208,bullet6,14.6409,2.84322,0.8,0,1
15210,flayer7,13.5,12.2656,-0.3,0,2
15211,player,2.18647,3.41162,0.0665341,0.0691316,1
15211,bullet1,6.10751,2.81961,0.8,0,1
15211,bullet4,2.58647,3.41162,0.8,0,1
15212,flyer6,10.5,12.2656,-0.3,0,2
15212,bullet3,6.06338,2.83882,0.8,0,1
15215,flayer7,12,12.2656,-0.3,0,2
15216,player,0.756214,3.83539,-0.435371,0.301187,1
15216,bullet1,10.1075,2.81961,0.8,0,1
15216,bullet4,6.58647,3.41162,0.8,0,1
15217,flyer6,9,12.2656,-0.3,0,2
15217,bullet3,10.0634,2.83882,0.8,0,1
15218,bullet2,0.872134,4.03192,0.8,0,1
15220,flayer7,10.5,12.2656,-0.3,0,2
15221,player,0.4,4.90414,-0,0.494933,1
15221,bullet1,14.1075,2.81961,0.8,0,1
15221,bullet4,10.5865,3.41162,0.8,0,1
15222,flyer6,7.5,12.2656,-0.3,0,2
15222,bullet3,14.0634,2.83882,0.8,0,1
15223,bullet2,4.87213,4.03192,0.8,0,1
15224,bullet5,0.8,5.27219,0.8,0,1
15225,flayer7,9,12.2656,-0.3,0,2
15226,player,0.4,5.30162,0,0.0091329,1
15226,bullet4,14.5865,3.41162,0.8,0,1
15227,flyer6,5.99999,12.2656,-0.3,0,2
15228,bullet2,8.87214,4.03192,0.8,0,1
15228,bullet6,0.8,4.8182,0.8,0,1
15229,bullet5,4.8,5.27219,0.8,0,1
15230,flayer7,7.5,12.2656,-0.3,0,2
15231,player,0.4,4.21726,0,-0.165546,1
15232,flyer6,4.49999,12.2656,-0.3,0,2
15233,bullet2,12.8721,4.03192,0.8,0,1
15233,bullet6,4.8,4.8182,0.8,0,1
15234,bullet5,8.8,5.27219,0.8,0,1
15235,flayer7,5.99999,12.2656,-0.3,0,2
15235,bullet1,0.8,4.67584,0.8,0,1
15236,player,0.4,4.68663,0,0.0107848,1
15237,flyer6,2.99999,12.2656,-0.3,0,2
15238,bullet6,8.8,4.8182,0.8,0,1
15239,bullet5,12.8,5.27219,0.8,0,1
15240,flayer7,4.49999,12.2656,-0.3,0,2
15240,bullet1,4.8,4.67584,0.8,0,1
15241,player,0.4,5.6351,-0,0.351539,1
15242,flyer6,1.49999,12.2656,-0.3,0,2
15242,bullet3,0.8,5.79329,0.8,0,1
15243,bullet6,12.8,4.8182,0.8,0,1
15244,bullet4,0.8,5.89651,0.8,0,1
15245,flayer7,2.99999,12.2656,-0.3,0,2
15245,bullet1,8.8,4.67584,0.8,0,1
15246,player,0.4,5.91741,0,0.00648688,1
15247,flyer6,-6.4373e-06,12.2656,-0.3,0,2
15247,bullet3,4.8,5.79329,0.8,0,1
15249,bullet4,4.8,5.89651,0.8,0,1
15250,flayer7,1.49999,12.2656,-0.3,0,2
15250,bullet1,12.8,4.67584,0.8,0,1
15251,player,0.957719,5.02741,0.0683438,-0.405724,1
15252,bullet3,8.8,5.79329,0.8,0,1
15252,bullet2,1.38847,4.84483,0.8,0,1
15254,bullet4,8.8,5.89651,0.8,0,1
15255,flayer7,-6.4373e-06,12.2656,-0.3,0,2
15255,bullet5,1.41134,4.70906,0.8,0,1
15256,player,1.0126,4.70158,0.00126113,-0.00748675,1
15257,bullet3,12.8,5.79329,0.8,0,1
15257,bullet2,5.38847,4.84483,0.8,0,1
15259,bullet4,12.8,5.89651,0.8,0,1
15260,bullet5,5.41134,4.70906,0.8,0,1
15261,player,1.60209,5.84176,0.030778,0.0989603,1
15262,flayer8,16.5,12.2656,-0.3,0,2
15262,bullet2,9.38847,4.84483,0.8,0,1
15262,bullet6,2.01594,5.88629,0.8,0,1
15264,bullet1,1.22498,5.91535,-0.8,-6.99382e-08,1
15265,bullet5,9.41134,4.70906,0.8,0,1
15266,player,1.62681,5.92123,0.00056794,0.0018261,1
15267,flayer8,15,12.2656,-0.3,0,2
15267,bullet2,13.3885,4.84483,0.8,0,1
15267,bullet6,6.01594,5.88629,0.8,0,1
15270,bullet5,13.4113,4.70906,0.8,0,1
15271,player,1.62727,5.33422,1.04801e-05,-0.030721,1
15271,flyer1,16.5,5.24253,-0.273544,0.123182,2
15271,bullet3,2.02727,5.33422,0.8,0,1
15272,flayer8,13.5,12.2656,-0.3,0,2
15272,bullet6,10.0159,5.88629,0.8,0,1
15272,bullet4,2.02727,5.3204,0.8,0,1
15273,explosion1,15.8113,4.70906,-0.273544,0.123182,1
15275,bullet1,2.02727,5.31012,0.8,0,1
15276,player,1.62727,5.30955,1.93387e-07,-0.000566889,1
15276,flyer1,15.1323,5.85844,-0.273544,0.123182,1
15276,bullet3,6.02727,5.33422,0.8,0,1
15277,flayer8,12,12.2656,-0.3,0,2
15277,bullet4,6.02727,5.3204,0.8,0,1
15277,explosion2,14.0159,5.88629,-0.273544,0.123182,1
15277,explosion3,14.8587,5.98162,-0.273544,0.123182,1
15278,bullet2,2.02727,5.30918,0.8,0,1
15280,bullet1,6.02727,5.31012,0.8,0,1
15281,player,1.40705,6.20431,0.269156,0.405833,1
15281,bullet3,10.0273,5.33422,0.8,0,1
15282,flayer8,10.5,12.2656,-0.3,0,2
15282,bullet4,10.0273,5.3204,0.8,0,1
15282,explosion3,13.491,6.59753,-0.273544,0.123182,1
15283,bullet2,6.02727,5.30918,0.8,0,1
15285,bullet1,10.0273,5.31012,0.8,0,1
15286,player,2.11258,5.3702,0.156842,-0.0746946,1
15286,bullet3,14.0273,5.33422,0.8,0,1
15287,flayer8,9,12.2656,-0.3,0,2
15287,bullet4,14.0273,5.3204,0.8,0,1
15288,bullet2,10.0273,5.30918,0.8,0,1
15289,bullet5,1.82921,5.31465,-0.8,-6.99382e-08,1
15290,bullet1,14.0273,5.31012,0.8,0,1
15291,player,1.74917,5.31021,-0.148981,-0.00137833,1
15292,flayer8,7.5,12.2656,-0.3,0,2
15292,flyer3,16.5,5.24253,-0.297497,0.0386739,2
15293,flyer2,16.5,5.24253,-0.285077,0.0934416,2
15293,bullet2,14.0273,5.30918,0.8,0,1
15294,bullet6,1.48066,4.75147,0.8,0,1
15295,explosion4,15.6273,5.30918,-0.285077,0.0934416,1
15296,player,1.02721,5.19617,-0.0165887,0.13801,1
15297,flayer8,5.99999,12.2656,-0.3,0,2
15297,flyer3,15.0125,5.4359,-0.297497,0.0386739,1
15297,bullet3,1.41974,5.25827,0.8,0,1
15298,flyer2,15.0746,5.70974,-0.285077,0.0934416,1
15298,bullet4,1.41638,5.28622,0.8,0,1
15299,bullet6,5.48066,4.75147,0.8,0,1
15300,bullet5,1.41419,5.30445,0.8,0,1
15301,player,1.01389,5.307,-0.000306109,0.00254667,1
15302,flayer8,4.49999,12.2656,-0.3,0,2
15302,flyer3,13.525,5.62927,-0.297497,0.0386739,1
15302,bullet3,5.41974,5.25827,0.8,0,1
15303,flyer2,13.6492,6.17695,-0.285077,0.0934416,1
15303,bullet4,5.41638,5.28622,0.8,0,1
15304,bullet6,9.48066,4.75147,0.8,0,1
15305,bullet5,5.41419,5.30445,0.8,0,1
15306,player,1.01364,4.70673,-5.64856e-06,-0.0137926,1
15307,flayer8,2.99999,12.2656,-0.3,0,2
15307,flyer3,12.0375,5.82264,-0.297497,0.0386739,1
15307,bullet3,9.41974,5.25827,0.8,0,1
15308,flyer2,12.2239,6.64416,-0.285077,0.0934416,1
15308,bullet4,9.41639,5.28622,0.8,0,1
15309,bullet6,13.4807,4.75147,0.8,0,1
15309,explosion5,11.0197,5.25827,-0.297497,0.0386739,1
15309,explosion6,11.4426,5.89999,-0.297497,0.0386739,1
15309,bullet1,1.41364,4.69648,0.8,0,1
15310,bullet5,9.41419,5.30445,0.8,0,1
15311,player,1.01364,4.69566,-1.04232e-07,-0.000254513,1
15312,flayer8,1.49999,12.2656,-0.3,0,2
15313,flyer2,10.7985,7.11136,-0.285077,0.0934416,1
15313,bullet4,13.4164,5.28622,0.8,0,1
15314,explosion6,9.95507,6.09336,-0.297497,0.0386739,1
15314,bullet1,5.41364,4.69648,0.8,0,1
15314,bullet2,1.41364,4.13775,0.8,0,1
15315,bullet5,13.4142,5.30445,0.8,0,1
15316,player,0.676137,4.43064,-0.3375,0.323656,1
15317,flayer8,-6.4373e-06,12.2656,-0.3,0,2
15318,flyer2,9.3731,7.57857,-0.285077,0.0934416,1
15318,bullet3,0.055918,4.64183,-0.8,-6.99382e-08,1
15319,bullet1,9.41364,4.69648,0.8,0,1
15319,bullet2,5.41364,4.13775,0.8,0,1
15319,bullet6,0.825163,4.67132,0.8,0,1
15321,player,0.405096,4.69056,-0.00622782,0.00597236,1
15321,bullet4,0.805096,4.69056,0.8,0,1
15323,flyer2,7.94772,8.04578,-0.285077,0.0934416,1
15324,bullet1,13.4136,4.69648,0.8,0,1
15324,bullet2,9.41364,4.13775,0.8,0,1
15324,bullet6,4.82516,4.67132,0.8,0,1
15326,player,0.889469,4.54348,0.15176,0.185735,1
15326,bullet4,4.8051,4.69056,0.8,0,1
15328,flyer2,6.52233,8.51299,-0.285077,0.0934416,1
15329,bullet2,13.4136,4.13775,0.8,0,1
15329,bullet6,8.82516,4.67132,0.8,0,1
15329,bullet3,1.8917,4.6816,0.8,0,1
15331,player,1.93732,4.69264,0.371055,0.00342734,1
15331,bullet4,8.8051,4.69056,0.8,0,1
15333,flyer2,5.09695,8.9802,-0.285077,0.0934416,1
15334,bullet6,12.8252,4.67132,0.8,0,1
15334,bullet3,5.8917,4.6816,0.8,0,1
15334,bullet5,2.61325,4.69519,0.8,0,1
15336,player,2.23531,4.6954,0.00684701,6.3244e-05,1
15336,bullet4,12.8051,4.69056,0.8,0,1
15338,flyer2,3.67157,9.44741,-0.285077,0.0934416,1
15339,bullet3,9.8917,4.6816,0.8,0,1
15339,bullet5,6.61325,4.69519,0.8,0,1
15341,player,1.09462,5.84164,-0.0989721,0.0990996,1
15341,flyer4,16.5,5.24253,-0.294724,0.0560175,2
15341,bullet1,1.49462,5.84164,0.8,0,1
15343,flyer2,2.24618,9.91462,-0.285077,0.0934416,1
15344,bullet3,13.8917,4.6816,0.8,0,1
15344,bullet5,10.6132,4.69519,0.8,0,1
15345,explosion7,14.6917,4.6816,-0.294724,0.0560175,1
15346,player,1.01513,5.98957,-0.00182631,-0.0817026,1
15346,flyer4,15.0264,5.52262,-0.294724,0.0560175,1
15346,bullet1,5.49462,5.84164,0.8,0,1
15347,bullet2,1.41431,5.9528,0.8,0,1
15348,flyer2,0.8208,10.3818,-0.285077,0.0934416,1
15349,bullet5,14.6132,4.69519,0.8,0,1
15349,bullet6,1.41377,5.92881,0.8,0,1
15351,player,1.01367,5.92396,-3.37006e-05,-0.00150764,1
15351,flyer4,13.5528,5.80271,-0.294724,0.0560175,1
15351,bullet1,9.49462,5.84164,0.8,0,1
15352,bullet2,5.41431,5.9528,0.8,0,1
15354,bullet6,5.41377,5.92881,0.8,0,1
15354,explosion8,11.8946,5.84164,-0.294724,0.0560175,1
15354,explosion1,12.6686,5.97076,-0.294724,0.0560175,1
15356,player,1.12658,6.48046,-0.138036,0.0683159,1
15357,bullet2,9.41431,5.9528,0.8,0,1
15357,bullet4,1.46446,6.51121,0.8,0,1
15359,bullet6,9.41377,5.92881,0.8,0,1
15359,explosion1,11.195,6.25085,-0.294724,0.0560175,1
15359,bullet3,1.42393,6.53127,0.8,0,1
15361,player,1.01572,6.53533,-0.00254715,0.00126062,1
15362,bullet2,13.4143,5.9528,0.8,0,1
15362,bullet4,5.46446,6.51121,0.8,0,1
15364,bullet6,13.4138,5.92881,0.8,0,1
15364,bullet3,5.42393,6.53127,0.8,0,1
15366,player,0.4,5.93403,0,-0.0138163,1
15366,flyer5,16.5,14.1339,-0.252084,0.162646,2
15367,bullet4,9.46446,6.51121,0.8,0,1
15367,bullet5,0,5.92781,-0.8,-6.99382e-08,1
15368,flyer6,16.5,5.24253,-0.252328,0.162266,2
15369,bullet3,9.42393,6.53127,0.8,0,1
15369,bullet1,0.8,5.92375,0.8,0,1
15371,player,0.4,5.43356,0,-0.15213,1
15371,flyer5,15.2396,14.9471,-0.252084,0.162646,2
15372,bullet4,13.4645,6.51121,0.8,0,1
15373,flyer6,15.2384,6.05386,-0.252328,0.162266,2
15374,bullet3,13.4239,6.53127,0.8,0,1
15374,bullet1,4.8,5.92375,0.8,0,1
15374,explosion2,15.0645,6.51121,-0.252328,0.162266,1
15374,bullet2,0.8,5.87815,0.8,0,1
15375,explosion3,14.2239,6.53127,-0.252328,0.162266,1
15375,explosion4,14.7337,6.3784,-0.252328,0.162266,1
15376,player,0.7375,5.9137,0.3375,0.0110324,1
15376,flyer5,13.9792,15.7603,-0.252084,0.162646,2
15379,bullet1,8.8,5.92375,0.8,0,1
15379,bullet2,4.8,5.87815,0.8,0,1
15379,bullet6,0.830755,6.47962,0.8,0,1
15380,explosion4,13.4721,7.18973,-0.252328,0.162266,1
15381,player,0.4,7.01425,0,0.165918,1
15381,flayer7,16.5,3.74659,-0.254999,0.158037,2
15384,bullet1,12.8,5.92375,0.8,0,1
15384,bullet2,8.8,5.87815,0.8,0,1
15384,bullet6,4.83075,6.47962,0.8,0,1
15385,bullet5,0.8,6.06658,0.8,0,1
15386,player,0.4,5.98746,0,-0.0791217,1
15386,flayer7,15.225,4.53677,-0.254999,0.158037,2
15389,bullet2,12.8,5.87815,0.8,0,1
15389,bullet6,8.83076,6.47962,0.8,0,1
15390,bullet5,4.8,6.06658,0.8,0,1
15390,explosion5,13.6,5.87815,-0.254999,0.158037,1
15391,player,0.957719,4.42639,0.0683438,-0.421143,1
15391,flayer7,13.95,5.32695,-0.254999,0.158037,1
15394,explosion6,12.8308,6.47962,-0.254999,0.158037,1
15394,explosion7,13.185,5.80106,-0.254999,0.158037,1
15395,bullet5,8.8,6.06658,0.8,0,1
15395,explosion5,12.325,6.66833,-0.254999,0.158037,1
15396,player,0.410292,4.62215,-0.0125785,0.0895996,1
15396,flyer1,16.5,3.74659,-0.3,0,2
15399,flyer3,16.5,3.74659,-0.274252,0.121597,2
15399,explosion7,11.91,6.59125,-0.254999,0.158037,1
15400,flayer8,16.5,3.74659,-0.22577,0.197555,2
15400,bullet5,12.8,6.06658,0.8,0,1
15401,player,0.4,4.09179,0,-0.0121862,1
15401,flyer1,15,3.74659,-0.3,0,2
15404,flyer3,15.1287,4.35457,-0.274252,0.121597,2
15404,bullet4,0.8,4.08273,0.8,0,1
15405,flayer8,15.3712,4.73436,-0.22577,0.197555,2
15405,bullet3,0.8,4.08223,0.8,0,1
15406,player,0.4,4.082,0,-0.000224871,1
15406,flyer1,13.5,3.74659,-0.3,0,2
15407,bullet1,0.8,4.0819,0.8,0,1
15409,flyer3,13.7575,4.96255,-0.274252,0.121597,2
15409,bullet4,4.8,4.08273,0.8,0,1
15410,flayer8,14.2423,5.72214,-0.22577,0.197555,2
15410,bullet3,4.8,4.08223,0.8,0,1
15411,player,0.4,4.08182,0,-4.14949e-06,1
15411,flyer1,12,3.74659,-0.3,0,2
15411,bullet2,0.8,4.08182,0.8,0,1
15412,bullet1,4.8,4.0819,0.8,0,1
15414,flyer3,12.3862,5.57053,-0.274252,0.121597,2
15414,bullet4,8.8,4.08273,0.8,0,1
15415,flayer8,13.1135,6.70992,-0.22577,0.197555,2
15415,bullet3,8.8,4.08223,0.8,0,1
15416,player,0.4,4.68413,0,0.0138395,1
15416,flyer1,10.5,3.74659,-0.3,0,0
15416,bullet2,4.8,4.08182,0.8,0,1
15416,explosion8,9.6,4.08223,-0.3,0,1
15416,explosion1,10.4,4.08273,-0.3,0,1
15416,explosion2,10.5,3.74659,-0.3,0,1
15416,bullet6,0.8,4.68413,0.8,0,1
15417,bullet1,8.8,4.0819,0.8,0,1
15419,flyer3,11.015,6.17851,-0.274252,0.121597,2
15420,flayer8,11.9846,7.6977,-0.22577,0.197555,2
15421,player,0.4,5.25296,0,0.0685991,1
15421,bullet2,8.8,4.08182,0.8,0,1
15421,explosion1,8.9,4.08273,-0.3,0,1
15421,explosion2,9,3.74659,-0.3,0,1
15421,bullet6,4.8,4.68413,0.8,0,1
15421,bullet5,0.8,5.25296,0.8,0,1
15422,bullet1,12.8,4.0819,0.8,0,1
15424,flyer3,9.6437,6.7865,-0.274252,0.121597,2
15425,flayer8,10.8558,8.68547,-0.22577,0.197555,2
15426,player,0.4,5.30805,0,0.00126585,1
15426,bullet2,12.8,4.08182,0.8,0,1
15426,bullet6,8.8,4.68413,0.8,0,1
15426,bullet5,4.8,5.25296,0.8,0,1
15429,flyer3,8.27244,7.39448,-0.274252,0.121597,2
15430,flayer8,9.7269,9.67325,-0.22577,0.197555,2
15431,player,0.4,4.3831,0,-0.368231,1
15431,bullet6,12.8,4.68413,0.8,0,1
15431,bullet5,8.8,5.25296,0.8,0,1
15434,flyer3,6.90118,8.00246,-0.274252,0.121597,2
15435,flayer8,8.59805,10.661,-0.22577,0.197555,2
15435,bullet4,0.8,4.09417,0.8,0,1
15436,player,0.4,4.08737,-0,-0.0067949,1
15436,bullet5,12.8,5.25296,0.8,0,1
15439,flyer3,5.52992,8.61044,-0.274252,0.121597,2
15440,flayer8,7.4692,11.6488,-0.22577,0.197555,2
15440,bullet4,4.8,4.09417,0.8,0,1
15441,player,0.499099,4.57129,-0.12112,0.15175,1
15441,flyer2,16.5,3.74659,-0.276344,0.116765,2
15444,flyer3,4.15866,9.21842,-0.274252,0.121597,2
15445,flayer8,6.34036,12.6366,-0.22577,0.197555,2
15445,bullet4,8.8,4.09417,0.8,0,1
15445,bullet3,1.39254,4.10189,0.8,0,1
15446,player,1.00414,4.42835,0.0116046,0.326461,1
15446,flyer2,15.1183,4.33041,-0.276344,0.116765,2
15449,flyer3,2.78739,9.8264,-0.274252,0.121597,2
15449,bullet1,1.41277,4.18174,0.8,0,1
15450,flayer8,5.21151,13.6244,-0.22577,0.197555,2
15450,bullet4,12.8,4.09417,0.8,0,1
15450,bullet3,5.39254,4.10189,0.8,0,1
15451,player,1.01346,4.10205,0.000214137,-0.0247306,1
15451,flyer2,13.7366,4.91424,-0.276344,0.116765,1
15451,explosion3,13.6,4.09417,-0.276344,0.116765,1
15453,bullet2,1.4136,4.08591,0.8,0,1
15454,flyer3,1.41613,10.4344,-0.274252,0.121597,2
15454,bullet1,5.41277,4.18174,0.8,0,1
15455,flayer8,4.08266,14.6121,-0.22577,0.197555,2
15455,bullet3,9.39254,4.10189,0.8,0,1
15455,bullet6,1.41363,4.08264,0.8,0,1
15456,player,1.01363,4.08219,3.95144e-06,-0.000456349,1
15456,flyer2,12.3548,5.49806,-0.276344,0.116765,1
15458,bullet2,5.4136,4.08591,0.8,0,1
15459,flyer3,0.0448729,11.0424,-0.274252,0.121597,2
15459,bullet1,9.41277,4.18174,0.8,0,1
15460,flayer8,2.95381,15.5999,-0.22577,0.197555,2
15460,bullet3,13.3925,4.10189,0.8,0,1
15460,bullet6,5.41363,4.08264,0.8,0,1
15461,player,1.08198,4.01348,-0.0835312,0.0835228,1
15461,flyer2,10.9731,6.08189,-0.276344,0.116765,1
15463,bullet2,9.4136,4.08591,0.8,0,1
15464,bullet1,13.4128,4.18174,0.8,0,1
15465,bullet6,9.41363,4.08264,0.8,0,1
15466,player,0.677398,4.41805,-0.339041,0.339041,1
15466,flyer2,9.59139,6.66571,-0.276344,0.116765,1
15468,flyer4,16.5,10.5609,-0.3,0,2
15468,bullet2,13.4136,4.08591,0.8,0,1
15470,bullet6,13.4136,4.08264,0.8,0,1
15471,player,0.4,4.20096,0,-0.145619,1
15471,flyer2,8.20967,7.24954,-0.276344,0.116765,1
15472,flyer6,16.5,10.5609,-0.299915,0.00713119,2
15472,bullet5,0.8,4.13543,0.8,0,1
15473,flyer4,15,10.5609,-0.3,0,2
15473,bullet4,0.8,4.10594,0.8,0,1
15475,bullet3,0.8,4.0867,0.8,0,1
15476,player,0.4,4.08401,0,-0.00268708,1
15476,flyer2,6.82795,7.83336,-0.276344,0.116765,1
15476,bullet1,0.8,4.08401,0.8,0,1
15477,flyer6,15.0004,10.5966,-0.299915,0.00713119,2
15477,bullet5,4.8,4.13543,0.8,0,1
15478,flyer4,13.5,10.5609,-0.3,0,2
15478,bullet4,4.8,4.10594,0.8,0,1
15480,bullet3,4.8,4.0867,0.8,0,1
15481,player,0.4,4.08185,0,-4.95841e-05,1
15481,flyer2,5.44623,8.41719,-0.276344,0.116765,1
15481,bullet1,4.8,4.08401,0.8,0,1
15482,flyer6,13.5008,10.6323,-0.299915,0.00713119,2
15482,bullet5,8.8,4.13543,0.8,0,1
15483,flyer4,12,10.5609,-0.3,0,2
15483,bullet4,8.8,4.10594,0.8,0,1
15485,bullet3,8.8,4.0867,0.8,0,1
15486,player,0.4,3.4795,0,-0.0138405,1
15486,flyer2,4.06451,9.00101,-0.276344,0.116765,1
15486,bullet1,8.8,4.08401,0.8,0,1
15487,flyer6,12.0013,10.6679,-0.299915,0.00713119,2
15487,bullet5,12.8,4.13543,0.8,0,1
15488,flyer4,10.5,10.5609,-0.3,0,2
15488,bullet4,12.8,4.10594,0.8,0,1
15490,bullet3,12.8,4.0867,0.8,0,1
15491,player,0.4,3.95776,0,0.15162,1
15491,flyer2,2.68279,9.58484,-0.276344,0.116765,1
15491,bullet1,12.8,4.08401,0.8,0,1
15492,flyer6,10.5017,10.7036,-0.299915,0.00713119,2
15493,flyer4,9,10.5609,-0.3,0,2
15496,player,0.4,4.63724,0,0.0711416,1
15496,flyer2,1.30108,10.1687,-0.276344,0.116765,1
15496,flyer5,16.5,10.5609,-0.22982,-0.192828,2
15496,bullet2,0.8,4.63724,0.8,0,1
15497,flyer6,9.00212,10.7392,-0.299915,0.00713119,2
15497,bullet6,0.8,4.66926,0.8,0,1
15498,flyer4,7.5,10.5609,-0.3,0,2
15501,player,0.468344,5.18375,-0.0835313,0.153188,1
15501,flyer2,-0.0806439,10.7525,-0.276344,0.116765,1
15501,flyer5,15.3509,9.59681,-0.22982,-0.192828,2
15501,bullet2,4.8,4.63724,0.8,0,1
15502,flyer6,7.50254,10.7749,-0.299915,0.00713119,2
15502,bullet6,4.8,4.66926,0.8,0,1
15503,flyer4,5.99999,10.5609,-0.3,0,2
15503,bullet5,0.81384,5.28371,0.8,0,1
15506,player,0.401261,5.8645,-0.00154139,0.0711705,1
15506,flyer5,14.2018,8.63266,-0.22982,-0.192828,2
15506,bullet2,8.8,4.63724,0.8,0,1
15506,bullet4,0.801261,5.8645,0.8,0,1
15507,flyer6,6.00296,10.8106,-0.299915,0.00713119,2
15507,bullet6,8.8,4.66926,0.8,0,1
15508,flyer4,4.49999,10.5609,-0.3,0,2
15508,bullet5,4.81384,5.28371,0.8,0,1
15511,player,0.400023,5.92165,-2.84429e-05,0.0013133,1
15511,flyer5,13.0527,7.66852,-0.22982,-0.192828,2
15511,bullet2,12.8,4.63724,0.8,0,1
15511,bullet4,4.80126,5.8645,0.8,0,1
15512,flyer6,4.50339,10.8462,-0.299915,0.00713119,2
15512,bullet6,12.8,4.66926,0.8,0,1
15513,flyer4,2.99999,10.5609,-0.3,0,2
15513,bullet5,8.81384,5.28371,0.8,0,1
15516,player,0.400001,5.33423,-5.24852e-07,-0.0307305,1
15516,flyer5,11.9036,6.70438,-0.22982,-0.192828,2
15516,bullet4,8.80126,5.8645,0.8,0,1
15516,bullet3,5.06639e-07,5.33423,-0.8,-6.99382e-08,1
15517,flyer6,3.00381,10.8819,-0.299915,0.00713119,2
15518,flyer4,1.49999,10.5609,-0.3,0,2
15518,bullet5,12.8138,5.28371,0.8,0,1
15519,explosion4,11.2013,5.8645,-0.22982,-0.192828,1
15520,bullet1,0.8,5.86784,0.8,0,1
15521,player,0.4,5.89803,0,0.0301876,1
15521,flyer5,10.7545,5.74024,-0.22982,-0.192828,1
15521,bullet2,0.8,5.89803,0.8,0,1
15522,flyer6,1.50423,10.9175,-0.299915,0.00713119,2
15523,flyer4,-6.4373e-06,10.5609,-0.3,0,2
15523,bullet6,0.8,5.91773,0.8,0,1
15524,bullet3,0.8,5.92048,0.8,0,1
15525,bullet1,4.8,5.86784,0.8,0,1
15526,player,0.4,5.92227,0,0.000557047,1
15526,flyer5,9.60539,4.7761,-0.22982,-0.192828,1
15526,bullet2,4.8,5.89803,0.8,0,1
15527,flyer6,0.00465852,10.9532,-0.299915,0.00713119,2
15528,bullet6,4.8,5.91773,0.8,0,1
15529,bullet3,4.8,5.92048,0.8,0,1
15530,bullet1,8.8,5.86784,0.8,0,1
15531,player,1.00231,4.99674,0.0138396,-0.368244,1
15531,flyer5,8.45629,3.81196,-0.22982,-0.192828,1
15531,bullet2,8.8,5.89803,0.8,0,1
15533,bullet6,8.8,5.91773,0.8,0,1
15534,bullet3,8.8,5.92048,0.8,0,1
15535,bullet1,12.8,5.86784,0.8,0,1
15536,player,1.01343,5.25873,0.00025538,0.0615486,1
15536,flyer5,7.30719,2.84782,-0.22982,-0.192828,1
15536,bullet2,12.8,5.89803,0.8,0,1
15538,bullet6,12.8,5.91773,0.8,0,1
15539,bullet3,12.8,5.92048,0.8,0,1
15541,player,0.524258,5.30816,-0.15187,0.00113574,1
15541,flyer5,6.15809,1.88368,-0.22982,-0.192828,1
15541,flayer7,16.5,10.5609,-0.3,0,2
15541,bullet4,0.924258,5.30816,0.8,0,1
15544,flyer1,16.5,7.88938,-0.3,0,2
15545,bullet5,1.29447,5.79843,0.8,0,1
15546,player,0.960012,5.86679,0.0655413,0.0683647,1
15546,flyer5,5.00899,0.919541,-0.22982,-0.192828,1
15546,flayer7,15,10.5609,-0.3,0,2
15546,bullet4,4.92426,5.30816,0.8,0,1
15549,flyer1,15,7.88938,-0.3,0,2
15550,bullet5,5.29447,5.79843,0.8,0,1
15551,player,2.17268,5.96629,0.0833928,-0.0532426,1
15551,flyer5,3.85989,-0.0445984,-0.22982,-0.192828,1
15551,flayer7,13.5,10.5609,-0.3,0,2
15551,bullet4,8.92426,5.30816,0.8,0,1
15551,bullet1,2.57268,5.96629,0.8,0,1
15554,flyer1,13.5,7.88938,-0.3,0,2
15555,bullet5,9.29447,5.79843,0.8,0,1
15555,bullet2,3.12749,5.43513,0.8,0,1
15556,player,2.79737,5.36581,0.0698826,-0.0693262,1
15556,flayer7,12,10.5609,-0.3,0,2
15556,bullet4,12.9243,5.30816,0.8,0,1
15556,bullet1,6.57268,5.96629,0.8,0,1
15559,flyer1,12,7.88938,-0.3,0,2
15560,bullet5,13.2945,5.79843,0.8,0,1
15560,bullet2,7.12749,5.43513,0.8,0,1
15561,player,3.7933,4.37032,0.352629,-0.352619,1
15561,flayer7,10.5,10.5609,-0.3,0,2
15561,bullet1,10.5727,5.96629,0.8,0,1
15562,bullet6,4.35199,4.21164,0.8,0,1
15564,flyer1,10.5,7.88938,-0.3,0,2
15564,bullet3,4.45553,4.1081,0.8,0,1
15565,bullet2,11.1275,5.43513,0.8,0,1
15566,player,4.07649,4.08714,0.006507,-0.00650681,1
15566,flayer7,9,10.5609,-0.3,0,2
15566,bullet1,14.5727,5.96629,0.8,0,1
15567,bullet6,8.35199,4.21164,0.8,0,1
15569,flyer1,9,7.88938,-0.3,0,2
15569,bullet3,8.45553,4.1081,0.8,0,1
15569,bullet4,4.48133,4.57167,0.8,0,1
15570,bullet2,15.1275,5.43513,0.8,0,1
15571,player,4.08172,4.67038,0.000120072,0.0306346,1
15571,flayer7,7.5,10.5609,-0.3,0,2
15572,bullet6,12.352,4.21164,0.8,0,1
15572,bullet5,4.48177,4.68417,0.8,0,1
15574,flyer1,7.5,7.88938,-0.3,0,2
15574,bullet3,12.4555,4.1081,0.8,0,1
15574,bullet4,8.48133,4.57167,0.8,0,1
15576,player,4.08182,4.69499,2.21567e-06,0.000565295,1
15576,flayer7,5.99999,10.5609,-0.3,0,2
15577,bullet6,16.352,4.21164,0.8,0,1
15577,bullet5,8.48177,4.68417,0.8,0,1
15579,flyer1,5.99999,7.88938,-0.3,0,2
15579,bullet4,12.4813,4.57167,0.8,0,1
15579,bullet1,3.9241,5.25313,0.8,0,1
15581,player,3.47951,4.96025,-0.0138396,-0.32365,1
15581,flayer7,4.49999,10.5609,-0.3,0,2
15582,bullet5,12.4818,4.68417,0.8,0,1
15584,flyer1,4.49999,7.88938,-0.3,0,2
15584,bullet1,7.9241,5.25313,0.8,0,1
15584,bullet2,4.42693,5.2773,0.8,0,1
15586,player,4.07071,5.79202,0.0135842,0.159742,1
15586,flayer7,2.99999,10.5609,-0.3,0,2
15589,flyer1,2.99999,7.88938,-0.3,0,2
15589,bullet1,11.9241,5.25313,0.8,0,1
15589,bullet2,8.42693,5.2773,0.8,0,1
15589,bullet6,4.48081,5.91081,0.8,0,1
15591,player,3.74411,6.25781,-0.337249,0.340448,1
15591,flayer7,1.49999,10.5609,-0.3,0,2
15594,flyer1,1.49999,7.88938,-0.3,0,2
15594,bullet1,15.9241,5.25313,0.8,0,1
15594,bullet2,12.4269,5.2773,0.8,0,1
15594,bullet6,8.48081,5.91081,0.8,0,1
15594,bullet3,3.33561,7.0687,0.8,0,1
15596,player,2.38159,7.62291,-0.171938,0.171997,1
15596,flayer7,-6.4373e-06,10.5609,-0.3,0,2
15597,bullet4,2.70421,7.70031,0.8,0,1
15599,flyer1,-6.4373e-06,7.88938,-0.3,0,2
15599,bullet6,12.4808,5.91081,0.8,0,1
15599,bullet3,7.33561,7.0687,0.8,0,1
15599,bullet5,2.65373,7.75081,0.8,0,1
15601,player,2.24351,7.76104,-0.00317274,0.00317383,1
15602,bullet4,6.70422,7.70031,0.8,0,1
15604,flyer3,16.5,7.88938,-0.3,0,2
15604,bullet3,11.3356,7.0687,0.8,0,1
15604,bullet5,6.65373,7.75081,0.8,0,1
15605,bullet1,2.15164,7.76353,0.8,0,1
15606,player,1.68324,7.76359,-0.0684023,5.8566e-05,1
15607,bullet4,10.7042,7.70031,0.8,0,1
15608,explosion5,14.5356,7.0687,-0.3,0,1
15609,flyer3,15,7.88938,-0.3,0,1
15609,bullet5,10.6537,7.75081,0.8,0,1
15610,bullet1,6.15164,7.76353,0.8,0,1
15611,player,1.87928,8.68961,-0.308008,0.368256,1
15611,explosion6,13.9042,7.70031,-0.3,0,1
15611,explosion7,14.4,7.88938,-0.3,0,1
15612,bullet2,2.14068,8.85533,0.8,0,1
15614,bullet5,14.6537,7.75081,0.8,0,1
15614,bullet6,2.05024,8.96346,0.8,0,1
15615,bullet1,10.1516,7.76353,0.8,0,1
15616,player,1.63192,8.98535,-0.00568361,0.00679535,1
15616,explosion7,12.9,7.88938,-0.3,0,1
15617,bullet2,6.14068,8.85533,0.8,0,1
15618,flayer8,16.5,7.88938,-0.213101,-0.211159,2
15619,bullet6,6.05024,8.96346,0.8,0,1
15619,bullet3,2.0277,8.43269,0.8,0,1
15620,bullet1,14.1516,7.76353,0.8,0,1
15621,player,1.96486,8.051,0.337395,-0.351214,1
15622,bullet2,10.1407,8.85533,0.8,0,1
15622,explosion8,15.7516,7.76353,-0.213101,-0.211159,1
15623,flayer8,15.4345,6.83359,-0.213101,-0.211159,1
15624,bullet6,10.0502,8.96346,0.8,0,1
15624,bullet3,6.0277,8.43269,0.8,0,1
15626,player,2.16747,7.76894,0.0897571,-0.00648089,1
15627,bullet2,14.1407,8.85533,0.8,0,1
15628,flayer8,14.369,5.7778,-0.213101,-0.211159,1
15629,bullet6,14.0502,8.96346,0.8,0,1
15629,bullet3,10.0277,8.43269,0.8,0,1
15630,flyer2,16.5,7.88938,-0.3,0,2
15631,player,2.01933,7.49892,0.270813,0.323541,1
15632,flyer4,16.5,7.88938,-0.3,0,2
15632,bullet4,2.5412,7.64452,0.8,0,1
15633,flayer8,13.3035,4.722,-0.213101,-0.211159,1
15634,bullet3,14.0277,8.43269,0.8,0,1
15634,bullet5,2.62072,7.73952,0.8,0,1
15635,flyer2,15,7.88938,-0.3,0,2
15635,explosion1,14.8277,8.43269,-0.3,0,1
15635,bullet1,2.63182,7.75278,0.8,0,1
15636,player,2.23682,7.75875,0.00499725,0.00597024,1
15637,flyer4,15,7.88938,-0.3,0,1
15637,bullet4,6.5412,7.64452,0.8,0,1
15637,bullet2,2.63907,7.76144,0.8,0,1
15638,flayer8,12.238,3.66621,-0.213101,-0.211159,1
15639,bullet5,6.62072,7.73952,0.8,0,1
15640,flyer2,13.5,7.88938,-0.3,0,2
15640,bullet1,6.63182,7.75278,0.8,0,1
15641,player,2.24083,7.76355,9.22134e-05,0.000110168,1
15642,flyer4,13.5,7.88938,-0.3,0,1
15642,bullet4,10.5412,7.64452,0.8,0,1
15642,bullet2,6.63907,7.76144,0.8,0,1
15643,flayer8,11.1725,2.61041,-0.213101,-0.211159,1
15644,bullet5,10.6207,7.73952,0.8,0,1
15644,explosion2,12.1412,7.64452,-0.3,0,1
15644,explosion3,12.9,7.88938,-0.3,0,1
15644,bullet6,2.08318,8.32135,0.8,0,1
15645,flyer2,12,7.88938,-0.3,0,1
15645,bullet1,10.6318,7.75278,0.8,0,1
15645,explosion4,11.4207,7.73952,-0.3,0,1
15646,player,1.63859,8.36595,-0.0138379,0.0138416,1
15646,explosion5,11.4318,7.75278,-0.3,0,1
15646,explosion6,11.7,7.88938,-0.3,0,1
15647,bullet2,10.6391,7.76144,0.8,0,1
15648,flayer8,10.107,1.55462,-0.213101,-0.211159,1
15648,bullet3,2.02956,8.37499,0.8,0,1
15649,explosion3,11.4,7.88938,-0.3,0,1
15649,bullet6,6.08318,8.32135,0.8,0,1
15650,explosion4,9.92072,7.73952,-0.3,0,1
15651,player,1.62748,8.37707,-0.000255348,0.000255417,1
15651,explosion5,9.93182,7.75278,-0.3,0,1
15651,explosion6,10.2,7.88938,-0.3,0,1
15651,bullet4,2.02748,8.37707,0.8,0,1
15652,bullet2,14.6391,7.76144,0.8,0,1
15653,flayer8,9.04148,0.498824,-0.213101,-0.211159,1
15653,bullet3,6.02956,8.37499,0.8,0,1
15654,bullet6,10.0832,8.32135,0.8,0,1
15656,player,1.09331,8.91125,-0.0973756,0.0973756,1
15656,bullet4,6.02748,8.37707,0.8,0,1
15657,bullet5,1.44949,8.95507,0.8,0,1
15658,bullet3,10.0296,8.37499,0.8,0,1
15659,bullet6,14.0832,8.32135,0.8,0,1
15661,player,1.01511,8.98945,-0.00179685,0.00179685,1
15661,bullet4,10.0275,8.37707,0.8,0,1
15662,flyer6,16.5,7.31034,-0.251659,0.163303,2
15662,bullet5,5.44949,8.95507,0.8,0,1
15662,bullet1,1.4143,8.99026,0.8,0,1
15663,bullet3,14.0296,8.37499,0.8,0,1
15665,explosion7,15.6296,8.37499,-0.251659,0.163303,1
15665,bullet2,1.41369,8.99086,0.8,0,1
15666,player,1.01366,8.99089,-3.3157e-05,3.3157e-05,1
15666,bullet4,14.0275,8.37707,0.8,0,1
15667,flyer6,15.2417,8.12685,-0.251659,0.163303,0
15667,bullet5,9.44949,8.95507,0.8,0,1
15667,bullet1,5.4143,8.99026,0.8,0,1
15667,explosion8,14.8275,8.37707,-0.251659,0.163303,1
15667,explosion1,15.2417,8.12685,-0.251659,0.163303,1
15668,bullet6,1.90302,9.48029,0.8,0,1
15670,bullet2,5.4137,8.99086,0.8,0,1
15671,player,1.61595,9.59323,0.013839,0.0138402,1
15672,bullet5,13.4495,8.95507,0.8,0,1
15672,bullet1,9.4143,8.99026,0.8,0,1
15672,explosion1,13.9834,8.94336,-0.251659,0.163303,1
15673,bullet6,5.90302,9.48029,0.8,0,1
15675,bullet2,9.4137,8.99086,0.8,0,1
15676,player,1.74,8.51266,-0.13778,-0.165459,1
15676,flyer5,16.5,7.31034,-0.298017,-0.0344401,2
15677,bullet1,13.4143,8.99026,0.8,0,1
15677,bullet3,2.078,8.43821,0.8,0,1
15678,bullet6,9.90302,9.48029,0.8,0,1
15680,bullet2,13.4137,8.99086,0.8,0,1
15681,player,0.582257,8.44813,-0.222761,-0.0865844,1
15681,flyer5,15.0099,7.13814,-0.298017,-0.0344401,2
15682,bullet3,6.078,8.43821,0.8,0,1
15682,bullet4,0.882015,8.40917,0.8,0,1
15683,bullet6,13.903,9.48029,0.8,0,1
15685,bullet5,0.8,7.89082,0.8,0,1
15686,player,0.4,7.82088,0,-0.0699415,1
15686,flyer5,13.5198,6.96594,-0.298017,-0.0344401,2
15687,bullet3,10.078,8.43821,0.8,0,1
15687,bullet4,4.88201,8.40917,0.8,0,1
15687,bullet1,0.8,7.7894,0.8,0,1
15690,bullet5,4.8,7.89082,0.8,0,1
15691,player,0.4,7.76471,0,-0.00129062,1
15691,flyer5,12.0298,6.79374,-0.298017,-0.0344401,2
15692,bullet3,14.078,8.43821,0.8,0,1
15692,bullet4,8.88202,8.40917,0.8,0,1
15692,bullet1,4.8,7.7894,0.8,0,1
15695,bullet5,8.8,7.89082,0.8,0,1
15696,player,0.4,7.98389,-0,-0.26918,1
15696,flyer5,10.5397,6.62154,-0.298017,-0.0344401,2
15697,bullet4,12.882,8.40917,0.8,0,1
15697,bullet1,8.8,7.7894,0.8,0,1
15700,bullet5,12.8,7.89082,0.8,0,1
15700,bullet2,1.28938,6.69483,0.8,0,1
15701,player,0.957719,6.60768,0.0683438,-0.0871505,1
15701,flyer5,9.04959,6.44934,-0.298017,-0.0344401,2
15702,bullet1,12.8,7.7894,0.8,0,1
15704,bullet6,0.919166,7.03225,0.8,0,1
15705,bullet2,5.28938,6.69483,0.8,0,1
15706,player,0.424131,7.12617,-0.0294936,0.0291465,1
15706,flyer5,7.5595,6.27714,-0.298017,-0.0344401,2
15706,bullet3,0.824131,7.12617,0.8,0,1
15707,explosion2,6.88938,6.69483,-0.298017,-0.0344401,1
15707,bullet4,0.810859,7.13929,0.8,0,1
15709,bullet6,4.91917,7.03225,0.8,0,1
15710,explosion3,5.71917,7.03225,-0.298017,-0.0344401,1
15710,explosion4,6.36744,6.13938,-0.298017,-0.0344401,1
15710,bullet5,0.80099,7.14904,0.8,0,1
15711,player,0.4,7.14958,-0,0.000537835,1
15711,bullet3,4.82413,7.12617,0.8,0,1
15712,bullet4,4.81086,7.13929,0.8,0,1
15714,bullet1,0.8,7.63935,0.8,0,1
15715,explosion4,4.87735,5.96718,-0.298017,-0.0344401,1
15715,bullet5,4.80099,7.14904,0.8,0,1
15716,player,0.4,7.73848,0,0.0307646,1
15716,bullet3,8.82413,7.12617,0.8,0,1
15717,bullet4,8.81086,7.13929,0.8,0,1
15719,bullet1,4.8,7.63935,0.8,0,1
15720,bullet5,8.80099,7.14904,0.8,0,1
15721,player,0.4,7.76319,-0,0.000567694,1
15721,bullet3,12.8241,7.12617,0.8,0,1
15722,bullet4,12.8109,7.13929,0.8,0,1
15724,bullet1,8.8,7.63935,0.8,0,1
15725,bullet5,12.801,7.14904,0.8,0,1
15726,player,0.4,8.90983,0,0.0991089,1
15726,flayer7,16.5,7.31034,-0.3,0,2
15726,bullet2,0.8,8.90983,0.8,0,1
15727,bullet6,0.8,8.95443,0.8,0,1
15728,explosion5,15.201,7.14904,-0.3,0,1
15728,explosion6,15.9,7.31034,-0.3,0,1
15729,bullet1,12.8,7.63935,0.8,0,1
15731,player,0.4,8.43171,0,-0.0665149,1
15731,bullet2,4.8,8.90983,0.8,0,1
15731,bullet3,0.8,8.43171,0.8,0,1
15732,bullet6,4.8,8.95443,0.8,0,1
15733,explosion6,14.4,7.31034,-0.3,0,1
15734,flyer1,16.5,7.31034,-0.3,0,2
15734,bullet4,0.8,8.87162,0.8,0,1
15736,player,0.4,8.96676,0,0.0295273,1
15736,bullet2,8.8,8.90983,0.8,0,1
15736,bullet3,4.8,8.43171,0.8,0,1
15737,bullet6,8.8,8.95443,0.8,0,1
15739,flyer1,15,7.31034,-0.3,0,2
15739,bullet4,4.8,8.87162,0.8,0,1
15741,player,0.4,9.32797,0,0.338045,1
15741,bullet2,12.8,8.90983,0.8,0,1
15741,bullet3,8.8,8.43171,0.8,0,1
15742,bullet6,12.8,8.95443,0.8,0,1
15744,flyer1,13.5,7.31034,-0.3,0,2
15744,bullet4,8.8,8.87162,0.8,0,1
15746,player,0.4,9.59945,0,0.00623788,1
15746,bullet3,12.8,8.43171,0.8,0,1
15747,flyer3,16.5,7.31034,-0.3,0,2
15749,flyer1,12,7.31034,-0.3,0,2
15749,bullet4,12.8,8.87162,0.8,0,1
15751,player,1.59079,10.1077,0.0445943,0.135075,1
15751,flyer4,16.5,6.89889,-0.3,0,2
15752,flyer3,15,7.31034,-0.3,0,2
15752,bullet5,2.01085,10.1685,0.8,0,1
15754,flyer1,10.5,7.31034,-0.3,0,2
15754,bullet1,2.02395,10.2081,0.8,0,1
15756,player,1.13722,10.7055,-0.151052,0.154368,1
15756,flyer4,15,6.89889,-0.3,0,2
15757,flyer3,13.5,7.31034,-0.3,0,2
15757,bullet5,6.01085,10.1685,0.8,0,1
15759,flyer1,9,7.31034,-0.3,0,2
15759,bullet1,6.02395,10.2081,0.8,0,1
15760,bullet2,0.860985,11.3844,0.8,0,1
15761,player,0.427443,11.7555,-0.033542,0.371103,1
15761,flyer4,13.5,6.89889,-0.3,0,2
15762,flyer3,12,7.31034,-0.3,0,2
15762,bullet5,10.0109,10.1685,0.8,0,1
15764,flyer1,7.5,7.31034,-0.3,0,2
15764,bullet1,10.0239,10.2081,0.8,0,1
15764,bullet6,0.8025,12.0314,0.8,0,1
15765,bullet2,4.86099,11.3844,0.8,0,1
15766,player,0.4,12.5429,0,0.158723,1
15766,flyer4,12,6.89889,-0.3,0,2
15767,flyer3,10.5,7.31034,-0.3,0,2
15767,bullet5,14.0109,10.1685,0.8,0,1
15769,flyer1,5.99999,7.31034,-0.3,0,2
15769,bullet1,14.0239,10.2081,0.8,0,1
15769,bullet6,4.8025,12.0314,0.8,0,1
15770,bullet2,8.86099,11.3844,0.8,0,1
15771,player,0.4,13.7482,0,0.185559,1
15771,flyer4,10.5,6.89889,-0.3,0,2
15772,flyer3,9,7.31034,-0.3,0,2
15772,bullet3,0.8,13.8317,0.8,0,1
15773,bullet4,0.8,13.8693,0.8,0,1
15774,flyer1,4.49999,7.31034,-0.3,0,2
15774,bullet6,8.8025,12.0314,0.8,0,1
15775,bullet2,12.861,11.3844,0.8,0,1
