99692,player,11.611,9.64746,0,0,1
99692,bullet1,12.011,9.64746,0.8,0,1
99695,bullet2,11.9426,10.2052,0.8,0,1
99697,player,11.5971,9.7604,0.0169151,-0.138035,1
99697,bullet1,16.011,9.64746,0.8,0,1
99697,bullet3,11.9971,9.7604,0.8,0,1
99698,bullet4,12.0048,9.69828,0.8,0,1
99700,bullet2,15.9426,10.2052,0.8,0,1
99700,bullet5,12.4991,9.65776,0.8,0,1
99702,player,12.1992,10.1389,0.0310668,0.149328,1
99702,bullet3,15.9971,9.7604,0.8,0,1
99703,flyer1,16.5,14.5434,-0.3,0,2
99703,bullet4,16.0048,9.69828,0.8,0,1
99707,player,12.7274,10.1459,0.135533,0.140791,1
99707,bullet6,13.1274,10.1459,0.8,0,1
99708,flyer1,15,14.5434,-0.3,0,2
99708,flyer2,16.5,14.5434,-0.3,0,2
99708,bullet1,13.1884,10.2093,0.8,0,1
99709,bullet2,13.2158,10.2378,0.8,0,1
99710,bullet3,13.2282,10.2506,0.8,0,1
99712,player,12.4987,10.259,-0.334999,0.00259799,1
99713,flyer1,13.5,14.5434,-0.3,0,2
99713,flyer2,15,14.5434,-0.3,0,2
99714,bullet4,12.6801,9.77129,0.8,0,1
99715,bullet5,12.6496,9.70319,0.8,0,1
99717,player,12.2297,9.16937,-0.00618167,-0.165667,1
99717,bullet6,12.6297,9.16937,0.8,0,1
99718,flyer1,12,14.5434,-0.3,0,2
99718,flyer2,13.5,14.5434,-0.3,0,2
99718,bullet1,12.6269,9.09482,0.8,0,1
99719,bullet2,12.6257,9.06127,0.8,0,1
99722,player,12.2931,9.1882,-0.0836453,-0.188682,1
99723,flyer1,10.5,14.5434,-0.3,0,2
99723,flyer2,12,14.5434,-0.3,0,2
99724,bullet3,12.1491,9.55446,0.8,0,1
99727,player,12.6707,9.14961,0.204836,-0.141517,1
99727,bullet4,13.0707,9.14961,0.8,0,1
99728,flyer1,9,14.5434,-0.3,0,2
99728,flyer2,10.5,14.5434,-0.3,0,2
99729,bullet3,16.1491,9.55446,0.8,0,1
99730,flyer3,16.5,13.4938,-0.3,0,2
99730,bullet5,13.2913,9.53375,0.8,0,1
99732,player,13.0009,9.96194,-0.19876,0.365643,1
99733,flyer1,7.5,14.5434,-0.3,0,2
99733,flyer2,9,14.5434,-0.3,0,2
99735,flyer3,15,13.4938,-0.3,0,2
99737,player,11.2057,10.5247,-0.254641,0.427778,1
99738,flyer1,5.99999,14.5434,-0.3,0,2
99738,flyer2,7.5,14.5434,-0.3,0,2
99738,bullet6,11.4911,10.7172,0.8,0,1
99740,flyer3,13.5,13.4938,-0.3,0,2
99740,bullet1,11.4163,11.3322,0.8,0,1
99741,bullet2,11.4059,11.4181,0.8,0,1
99742,player,10.6637,11.1193,-0.342199,-0.298852,1
99743,flyer1,4.49999,14.5434,-0.3,0,2
99743,flyer2,5.99999,14.5434,-0.3,0,2
99743,bullet6,15.4911,10.7172,0.8,0,1
99745,flyer3,12,13.4938,-0.3,0,2
99745,bullet1,15.4163,11.3322,0.8,0,1
99746,bullet2,15.4059,11.4181,0.8,0,1
99747,player,9.26644,10.3981,-0.13444,-0.16739,1
99748,flyer1,2.99999,14.5434,-0.3,0,2
99748,flyer2,4.49999,14.5434,-0.3,0,2
99748,bullet3,8.80594,10.3227,-0.8,-6.99382e-08,1
99750,flyer3,10.5,13.4938,-0.3,0,2
99750,bullet4,9.07709,10.2736,0.8,0,1
99752,player,7.74312,10.753,-0.52261,0.148786,1
99753,flyer1,1.49999,14.5434,-0.3,0,2
99753,flyer2,2.99999,14.5434,-0.3,0,2
99753,bullet3,4.80594,10.3227,-0.8,-6.99382e-08,1
99753,bullet5,7.90795,10.82,0.8,0,1
99755,flyer3,9,13.4938,-0.3,0,2
99755,bullet4,13.0771,10.2736,0.8,0,1
99755,bullet6,6.9545,10.8636,-0.8,-6.99382e-08,1
99757,player,7.17155,10.7206,0.175981,0.188371,1
99758,flyer1,-6.4373e-06,14.5434,-0.3,0,2
99758,flyer2,1.49999,14.5434,-0.3,0,2
99758,bullet3,0.805942,10.3227,-0.8,-6.99382e-08,1
99758,bullet5,11.908,10.82,0.8,0,1
99760,flyer3,7.5,13.4938,-0.3,0,2
99760,bullet4,17.0771,10.2736,0.8,0,1
99760,bullet6,2.9545,10.8636,-0.8,-6.99382e-08,1
99760,bullet1,7.70241,11.4184,0.8,0,1
99762,player,7.80225,10.9848,0.155122,-0.134559,1
99763,flyer2,-6.4373e-06,14.5434,-0.3,0,2
99763,bullet5,15.908,10.82,0.8,0,1
99765,flyer3,5.99999,13.4938,-0.3,0,2
99765,flyer4,16.5,10.0584,-0.225164,-0.198245,2
99765,bullet6,-1.0455,10.8636,-0.8,-6.99382e-08,1
99765,bullet1,11.7024,11.4184,0.8,0,1
99766,flyer5,16.5,10.0584,-0.3,0,2
99766,bullet2,8.42307,9.83216,0.8,0,1
99767,player,8.30893,10.0681,0.285858,0.235919,1
99770,flyer3,4.49999,13.4938,-0.3,0,2
99770,flyer4,15.3742,9.06719,-0.225164,-0.198245,2
99770,bullet1,15.7024,11.4184,0.8,0,1
99771,flyer5,15,10.0584,-0.3,0,2
99771,bullet2,12.4231,9.83216,0.8,0,1
99772,player,8.5385,9.69983,0.00527489,-0.0639904,1
99773,explosion1,14.0231,9.83216,-0.3,0,1
99774,bullet3,8.45257,9.1687,0.8,0,1
99775,flyer3,2.99999,13.4938,-0.3,0,2
99775,flyer4,14.2484,8.07596,-0.225164,-0.198245,2
99776,flyer5,13.5,10.0584,-0.3,0,1
99777,player,7.78855,8.70863,0.171883,-0.35252,1
99779,explosion2,12.4526,9.1687,-0.3,0,1
99779,explosion3,12.6,10.0584,-0.3,0,1
99780,flyer3,1.49999,13.4938,-0.3,0,2
99780,flyer4,13.1225,7.08474,-0.225164,-0.198245,2
99781,bullet4,8.32341,7.87431,0.8,0,1
99782,player,8.26409,7.49955,0.340672,-0.37476,1
99784,explosion3,11.1,10.0584,-0.3,0,1
99785,flyer3,-6.4373e-06,13.4938,-0.3,0,2
99785,flyer4,11.9967,6.09351,-0.225164,-0.198245,2
99785,flyer6,16.5,10.0584,-0.3,0,2
99786,bullet4,12.3234,7.87431,0.8,0,1
99786,bullet5,8.37367,7.2055,0.8,0,1
99787,player,7.9492,7.19858,-0.0244683,-0.00691537,1
99790,flyer4,10.8709,5.10229,-0.225164,-0.198245,2
99790,flyer6,15,10.0584,-0.3,0,2
99791,bullet4,16.3234,7.87431,0.8,0,1
99791,bullet5,12.3737,7.2055,0.8,0,1
99792,player,8.04249,6.70366,-0.138487,-0.152003,1
99792,flayer7,16.5,10.0584,-0.3,0,2
99795,flyer4,9.74507,4.11106,-0.225164,-0.198245,2
99795,flyer6,13.5,10.0584,-0.3,0,2
99796,bullet5,16.3737,7.2055,0.8,0,1
99796,bullet6,8.33383,6.55363,0.8,0,1
99797,player,7.93127,6.56775,-0.00255547,0.0141102,1
99797,flayer7,15,10.0584,-0.3,0,2
99798,bullet1,8.33012,6.57409,0.8,0,1
99800,flyer4,8.61925,3.11984,-0.225164,-0.198245,2
99800,flyer6,12,10.0584,-0.3,0,2
99801,bullet6,12.3338,6.55363,0.8,0,1
99802,player,7.83012,7.16755,0.121073,0.0310151,1
99802,flayer7,13.5,10.0584,-0.3,0,2
99803,bullet1,12.3301,6.57409,0.8,0,1
99805,flyer4,7.49342,2.12861,-0.225164,-0.198245,2
99805,flyer6,10.5,10.0584,-0.3,0,2
99805,bullet2,8.32015,6.63289,0.8,0,1
99806,bullet6,16.3338,6.55363,0.8,0,1
99807,player,7.92735,6.59014,0.00223414,-0.0132673,1
99807,flayer7,12,10.0584,-0.3,0,2
99808,bullet1,16.3301,6.57409,0.8,0,1
99808,bullet3,7.52836,6.58417,-0.8,-6.99382e-08,1
99810,flyer4,6.36761,1.13738,-0.225164,-0.198245,2
99810,flyer6,9,10.0584,-0.3,0,2
99810,bullet2,12.3202,6.63289,0.8,0,1
99812,player,8.51762,5.50164,0.0307959,-0.182875,1
99812,flayer7,10.5,10.0584,-0.3,0,2
99813,bullet3,3.52835,6.58417,-0.8,-6.99382e-08,1
99815,flyer4,5.24179,0.146158,-0.225164,-0.198245,2
99815,flyer6,7.5,10.0584,-0.3,0,2
99815,bullet2,16.3202,6.63289,0.8,0,1
99817,player,9.14466,5.95709,0.0144079,0.0104651,1
99817,flayer7,9,10.0584,-0.3,0,2
99818,flayer8,16.5,10.0584,-0.283287,0.0987337,2
99819,flyer1,16.5,4.46792,-0.3,0,2
99820,flyer6,5.99999,10.0584,-0.3,0,2
99820,bullet4,8.99765,6.52259,0.8,0,1
99821,bullet5,8.96749,6.55378,0.8,0,1
99822,player,8.55392,6.56781,-0.0135737,0.0140327,1
99822,flayer7,7.5,10.0584,-0.3,0,2
99823,flayer8,15.0836,10.5521,-0.283287,0.0987337,2
99824,flyer1,15,4.46792,-0.3,0,2
99825,flyer6,4.49999,10.0584,-0.3,0,2
99825,bullet4,12.9977,6.52259,0.8,0,1
99826,bullet5,12.9675,6.55378,0.8,0,1
99826,bullet6,7.86542,5.50097,0.8,0,1
99827,player,7.38299,5.41905,-0.0824338,-0.0819244,1
99827,flayer7,5.99999,10.0584,-0.3,0,2
99828,flayer8,13.6671,11.0458,-0.283287,0.0987337,2
99829,flyer1,13.5,4.46792,-0.3,0,2
99830,flyer6,2.99999,10.0584,-0.3,0,2
99830,bullet1,8.2794,4.80041,0.8,0,1
99831,bullet6,11.8654,5.50097,0.8,0,1
99831,bullet2,8.30678,4.76629,0.8,0,1
99832,player,7.9191,4.75094,0.0123185,-0.0153513,1
99832,flayer7,4.49999,10.0584,-0.3,0,2
99833,flayer8,12.2507,11.5394,-0.283287,0.0987337,2
99833,bullet3,8.32464,4.74403,0.8,0,1
99834,flyer1,12,4.46792,-0.3,0,1
99834,explosion4,11.4794,4.80041,-0.3,0,1
99835,flyer6,1.49999,10.0584,-0.3,0,2
99835,explosion5,11.5068,4.76629,-0.3,0,1
99835,explosion6,11.7,4.46792,-0.3,0,1
99836,bullet6,15.8654,5.50097,0.8,0,1
99837,player,8.14921,4.51839,-0.268929,0.268873,1
99837,flayer7,2.99999,10.0584,-0.3,0,2
99838,flayer8,10.8343,12.0331,-0.283287,0.0987337,2
99838,bullet3,12.3246,4.74403,0.8,0,1
99840,flyer6,-6.4373e-06,10.0584,-0.3,0,2
99840,explosion6,10.2,4.46792,-0.3,0,1
99842,player,8.27074,4.5141,0.332538,0.274118,1
99842,flayer7,1.49999,10.0584,-0.3,0,2
99842,flyer2,16.5,4.46792,-0.3,0,2
99843,flayer8,9.41782,12.5268,-0.283287,0.0987337,2
99843,explosion7,16.3246,4.74403,-0.3,0,1
99843,bullet4,8.82038,4.63745,0.8,0,1
99845,bullet5,8.91802,4.71794,0.8,0,1
99847,player,8.2003,5.07174,-0.331364,0.342558,1
99847,flayer7,-6.4373e-06,10.0584,-0.3,0,2
99847,flyer2,15,4.46792,-0.3,0,1
99848,flayer8,8.00139,13.0204,-0.283287,0.0987337,2
99848,bullet4,12.8204,4.63745,0.8,0,1
99848,bullet1,8.45118,5.22589,0.8,0,1
99849,explosion8,13.6204,4.63745,-0.3,0,1
99849,explosion1,14.4,4.46792,-0.3,0,1
99850,bullet5,12.918,4.71794,0.8,0,1
99851,bullet2,7.85092,5.8299,0.8,0,1
99852,player,7.37647,5.90456,-0.0744584,0.0746649,1
99853,flayer8,6.58495,13.5141,-0.283287,0.0987337,2
99853,bullet1,12.4512,5.22589,0.8,0,1
99853,bullet6,7.74296,5.93816,0.8,0,1
99854,explosion1,12.9,4.46792,-0.3,0,1
99856,bullet2,11.8509,5.8299,0.8,0,1
99856,bullet3,8.20742,5.47377,0.8,0,1
99857,player,7.87439,5.40681,0.0669698,-0.066966,1
99858,flayer8,5.16852,14.0078,-0.283287,0.0987337,2
99858,bullet6,11.743,5.93816,0.8,0,1
99860,bullet4,8.32419,5.35701,0.8,0,1
99861,bullet2,15.8509,5.8299,0.8,0,1
99861,bullet3,12.2074,5.47377,0.8,0,1
99862,player,7.92817,5.35303,0.00123578,-0.00123571,1
99862,bullet5,8.32817,5.35303,0.8,0,1
99863,flayer8,3.75208,14.5014,-0.283287,0.0987337,2
99863,bullet6,15.743,5.93816,0.8,0,1
99865,bullet4,12.3242,5.35701,0.8,0,1
99866,bullet3,16.2074,5.47377,0.8,0,1
99867,player,7.92916,4.45681,2.28036e-05,-0.405867,1
99867,flyer5,16.5,4.46792,-0.269353,0.132095,2
99867,bullet5,12.3282,5.35303,0.8,0,1
99868,flayer8,2.33565,14.9951,-0.283287,0.0987337,2
99869,explosion2,15.5242,5.35701,-0.269353,0.132095,1
99870,bullet1,8.32918,4.155,0.8,0,1
99871,explosion3,15.5282,5.35303,-0.269353,0.132095,1
99871,explosion4,15.4226,4.9963,-0.269353,0.132095,1
99872,player,7.92918,4.13087,4.20791e-07,-0.00748938,1
99873,flayer8,0.91921,15.4888,-0.283287,0.0987337,2
99875,bullet1,12.3292,4.155,0.8,0,1
99876,flyer3,16.5,6.4411,-0.214518,-0.209719,2
99876,explosion4,14.0758,5.65678,-0.269353,0.132095,1
99877,player,7.59168,3.30232,-0.3375,0.255178,1
99877,flyer4,16.5,6.4411,-0.3,0,2
99878,flayer8,-0.497227,15.9824,-0.283287,0.0987337,2
99879,flyer1,16.5,15.2747,-0.293802,-0.0606674,2
99880,bullet1,16.3292,4.155,0.8,0,1
99880,bullet2,7.74071,3.49208,0.8,0,1
99881,flyer3,15.4274,5.39251,-0.214518,-0.209719,2
99882,player,7.65814,3.16975,0.331272,-0.332791,1
99882,flyer4,15,6.4411,-0.3,0,2
99884,flyer1,15.031,14.9713,-0.293802,-0.0606674,2
99885,bullet2,11.7407,3.49208,0.8,0,1
99886,flyer3,14.3548,4.34391,-0.214518,-0.209719,2
99887,player,7.33571,3.49096,-0.0246418,0.0246138,1
99887,flyer4,13.5,6.4411,-0.3,0,2
99887,explosion5,13.3407,3.49208,-0.214518,-0.209719,1
99887,bullet6,7.73571,3.49096,0.8,0,1
99889,flyer1,13.562,14.668,-0.293802,-0.0606674,2
99889,bullet3,7.71963,3.50702,0.8,0,1
99890,bullet4,7.71738,3.50927,0.8,0,1
99891,flyer3,13.2822,3.29532,-0.214518,-0.209719,1
99892,player,7.31592,3.51073,-0.00045471,0.000454193,1
99892,flyer4,12,6.4411,-0.3,0,2
99892,bullet6,11.7357,3.49096,0.8,0,1
99892,bullet5,6.91592,3.51073,-0.8,-6.99382e-08,1
99893,explosion6,12.5357,3.49096,-0.214518,-0.209719,1
99893,explosion7,12.8532,2.87588,-0.214518,-0.209719,1
99894,flyer1,12.093,14.3647,-0.293802,-0.0606674,2
99894,bullet3,11.7196,3.50702,0.8,0,1
99895,bullet4,11.7174,3.50927,0.8,0,1
99897,player,7.36015,4.11341,-0.0545125,0.013848,1
99897,flyer4,10.5,6.4411,-0.3,0,2
99897,bullet5,2.91592,3.51073,-0.8,-6.99382e-08,1
99897,bullet1,7.76015,4.11341,0.8,0,1
99898,explosion7,11.7806,1.82729,-0.214518,-0.209719,1
99899,flyer1,10.624,14.0613,-0.293802,-0.0606674,2
99899,bullet3,15.7196,3.50702,0.8,0,1
99900,bullet4,15.7174,3.50927,0.8,0,1
99902,player,7.31637,3.56681,-0.00100591,-0.0680882,1
99902,flyer4,9,6.4411,-0.3,0,2
99902,flyer6,16.5,3.80887,-0.236583,0.184468,2
99902,bullet1,11.7601,4.11341,0.8,0,1
99904,flyer1,9.15497,13.758,-0.293802,-0.0606674,2
99904,bullet2,7.71571,3.52238,0.8,0,1
99905,bullet6,7.71562,3.51618,0.8,0,1
99906,explosion8,14.9601,4.11341,-0.236583,0.184468,1
99907,player,7.31556,3.17463,-1.85619e-05,-0.338756,1
99907,flyer4,7.5,6.4411,-0.3,0,2
99907,flyer6,15.3171,4.73121,-0.236583,0.184468,1
99909,flyer1,7.68596,13.4546,-0.293802,-0.0606674,2
99909,bullet2,11.7157,3.52238,0.8,0,1
99909,bullet3,7.71555,2.95359,0.8,0,1
99910,bullet6,11.7156,3.51618,0.8,0,1
99910,bullet4,7.71555,2.92272,0.8,0,1
99912,player,7.65305,3.24008,0.3375,0.331249,1
99912,flyer4,5.99999,6.4411,-0.3,0,2
99912,flyer6,14.1342,5.65355,-0.236583,0.184468,1
99914,flyer1,6.21695,13.1513,-0.293802,-0.0606674,2
99914,bullet2,15.7157,3.52238,0.8,0,1
99914,bullet3,11.7155,2.95359,0.8,0,1
99915,bullet6,15.7156,3.51618,0.8,0,1
99915,bullet4,11.7155,2.92272,0.8,0,1
99917,player,8.4818,3.8436,0.0745716,0.343612,1
99917,flyer4,4.49999,6.4411,-0.3,0,2
99917,flyer6,12.9513,6.57589,-0.236583,0.184468,1
99919,flyer1,4.74794,12.848,-0.293802,-0.0606674,2
99919,bullet3,15.7156,2.95359,0.8,0,1
99919,bullet5,8.93046,4.06781,0.8,0,1
99920,bullet4,15.7155,2.92272,0.8,0,1
99920,bullet1,8.93726,4.09912,0.8,0,1
99922,player,8.87919,4.45705,0.338876,0.343841,1
99922,flyer4,2.99999,6.4411,-0.3,0,2
99922,flyer6,11.7683,7.49823,-0.236583,0.184468,1
99924,flyer1,3.27893,12.5446,-0.293802,-0.0606674,2
99924,bullet5,12.9305,4.06781,0.8,0,1
99925,bullet1,12.9373,4.09912,0.8,0,1
99927,player,8.56286,4.73318,-0.0245015,0.00634483,1
99927,flyer4,1.49999,6.4411,-0.3,0,2
99927,flyer6,10.5854,8.42057,-0.236583,0.184468,1
99927,bullet2,8.96286,4.73318,0.8,0,1
99929,flyer1,1.80992,12.2413,-0.293802,-0.0606674,2
99932,player,8.54319,5.54697,-0.000452121,-0.238284,1
99932,flyer4,-6.4373e-06,6.4411,-0.3,0,2
99932,flyer6,9.40252,9.34291,-0.236583,0.184468,1
99932,bullet2,12.9629,4.73318,0.8,0,1
99934,flyer1,0.340914,11.938,-0.293802,-0.0606674,2
99934,flayer7,16.5,3.80887,-0.3,0.0004914,2
99936,bullet6,8.38511,5.91772,0.8,0,1
99937,player,7.95435,5.94408,-0.030763,0.0263577,1
99937,flyer6,8.2196,10.2653,-0.236583,0.184468,1
99937,bullet2,16.9629,4.73318,0.8,0,1
99937,bullet3,8.35435,5.94408,0.8,0,1
99939,flayer7,15,3.81132,-0.3,0.0004914,2
99940,bullet4,8.33147,5.47431,0.8,0,1
99941,bullet6,12.3851,5.91772,0.8,0,1
99942,player,7.92964,5.03928,-0.000567664,-0.367768,1
99942,flyer6,7.03669,11.1876,-0.236583,0.184468,1
99942,bullet3,12.3543,5.94408,0.8,0,1
99944,flayer7,13.5,3.81378,-0.3,0.0004914,2
99945,bullet4,12.3315,5.47431,0.8,0,1
99946,bullet6,16.3851,5.91772,0.8,0,1
99947,player,7.83009,5.2333,0.12111,0.145089,1
99947,flyer6,5.85377,12.1099,-0.236583,0.184468,1
99947,bullet3,16.3543,5.94408,0.8,0,1
99947,bullet5,8.23009,5.2333,0.8,0,1
99949,flayer7,12,3.81624,-0.3,0.0004914,2
99950,bullet4,16.3315,5.47431,0.8,0,1
99950,bullet1,8.32015,5.83057,0.8,0,1
99952,player,7.92735,5.9383,0.00223482,0.033432,1
99952,flyer6,4.67086,13.0323,-0.236583,0.184468,1
99952,bullet5,12.2301,5.2333,0.8,0,1
99954,flayer7,10.5,3.81869,-0.3,0.0004914,2
99954,bullet2,7.83943,5.47074,0.8,0,1
99955,bullet1,12.3201,5.83057,0.8,0,1
99956,bullet6,7.74063,5.37605,0.8,0,1
99957,player,7.32683,5.36283,-0.0137984,-0.0132227,1
99957,flyer6,3.48795,13.9546,-0.236583,0.184468,1
99957,bullet5,16.2301,5.2333,0.8,0,1
99959,flayer7,9.00002,3.82115,-0.3,0.0004914,2
99959,bullet2,11.8394,5.47074,0.8,0,1
99960,bullet1,16.3201,5.83057,0.8,0,1
99961,bullet6,11.7406,5.37605,0.8,0,1
99961,bullet3,8.27372,5.35245,0.8,0,1
99962,player,7.90423,5.35221,0.0305001,-0.000243996,1
99962,flyer6,2.30503,14.877,-0.236583,0.184468,1
99964,flayer7,7.50002,3.82361,-0.3,0.0004914,2
99964,bullet2,15.8394,5.47074,0.8,0,1
99966,bullet6,15.7406,5.37605,0.8,0,1
99966,bullet3,12.2737,5.35245,0.8,0,1
99967,player,8.43193,5.0872,0.135523,0.323656,1
99967,flyer6,1.12212,15.7993,-0.236583,0.184468,1
99967,flyer2,16.5,3.80887,-0.3,0,2
99969,flayer7,6.00002,3.82606,-0.3,0.0004914,2
99969,bullet4,8.92036,5.29839,0.8,0,1
99971,bullet3,16.2737,5.35245,0.8,0,1
99972,player,8.05139,5.34712,-0.149374,0.00597236,1
99972,flyer2,15,3.80887,-0.3,0,2
99972,flyer5,16.5,13.3032,-0.3,0,2
99974,flayer7,4.50002,3.82852,-0.3,0.0004914,2
99974,bullet4,12.9204,5.29839,0.8,0,1
99976,bullet5,8.92266,4.79409,0.8,0,1
99977,player,8.53374,4.76344,0.0110832,-0.0306445,1
99977,flyer2,13.5,3.80887,-0.3,0,2
99977,flyer5,15,13.3032,-0.3,0,2
99977,bullet1,8.93374,4.76344,0.8,0,1
99979,flayer7,3.00003,3.83098,-0.3,0.0004914,2
99981,bullet5,12.9227,4.79409,0.8,0,1
99981,bullet2,8.94244,4.25003,0.8,0,1
99982,player,8.54264,4.18112,0.000204517,-0.0689092,1
99982,flyer2,12,3.80887,-0.3,0,2
99982,flyer5,13.5,13.3032,-0.3,0,2
99982,bullet1,12.9337,4.76344,0.8,0,1
99983,bullet6,8.94274,4.15011,0.8,0,1
99984,flayer7,1.50003,3.83344,-0.3,0.0004914,2
99984,explosion1,11.3424,4.25003,-0.3,0,1
99985,explosion2,10.5427,4.15011,-0.3,0,1
99985,explosion3,11.1,3.80887,-0.3,0,1
99986,bullet5,16.9227,4.79409,0.8,0,1
99987,player,8.54281,4.22487,3.77391e-06,-0.122392,1
99987,flyer5,12,13.3032,-0.3,0,2
99987,bullet1,16.9337,4.76344,0.8,0,1
99988,bullet3,8.94281,4.1698,0.8,0,1
99989,flayer7,2.99215e-05,3.83589,-0.3,0.0004914,2
99990,explosion3,9.6,3.80887,-0.3,0,1
99990,bullet4,8.94281,4.13386,0.8,0,1
99992,player,9.03218,4.61596,0.151875,0.149617,1
99992,flayer8,16.5,3.80887,-0.279378,-0.109307,2
99992,flyer5,10.5,13.3032,-0.3,0,2
99993,bullet3,12.9428,4.1698,0.8,0,1
99994,bullet2,9.53128,4.71358,0.8,0,1
99995,bullet4,12.9428,4.13386,0.8,0,1
99996,explosion4,15.3428,4.1698,-0.279378,-0.109307,1
99996,bullet6,9.55135,4.73335,0.8,0,1
99997,player,9.49165,4.73611,0.340303,0.00276085,1
99997,flayer8,15.1031,3.26233,-0.279378,-0.109307,0
99997,flyer5,9,13.3032,-0.3,0,2
99997,explosion5,14.5428,4.13386,-0.279378,-0.109307,1
99997,explosion6,15.1031,3.26233,-0.279378,-0.109307,1
99999,bullet2,13.5313,4.71358,0.8,0,1
100001,bullet6,13.5514,4.73335,0.8,0,1
100002,player,8.6871,4.83743,-0.17635,-0.121069,1
100002,flyer5,7.5,13.3032,-0.3,0,2
100002,explosion6,13.7062,2.7158,-0.279378,-0.109307,1
100003,flyer3,16.5,3.80887,-0.298344,-0.0314802,2
100004,flyer4,16.5,14.1449,-0.3,0,2
100005,flyer1,16.5,13.3217,-0.283577,-0.0978978,2
100007,player,7.6195,5.93099,-0.371509,0.0423602,1
100007,flyer5,5.99999,13.3032,-0.3,0,2
100008,flyer3,15.0083,3.65147,-0.298344,-0.0314802,2
100009,flyer4,15,14.1449,-0.3,0,2
100010,flyer1,15.0821,12.8322,-0.283577,-0.0978978,2
100011,bullet5,7.728,6.52194,0.8,0,1
100012,player,7.32115,6.55348,-0.00685538,0.0315364,1
100012,flyer5,4.49999,13.3032,-0.3,0,2
100013,flyer3,13.5166,3.49407,-0.298344,-0.0314802,2
100014,flyer4,13.5,14.1449,-0.3,0,2
100015,flyer1,13.6642,12.3427,-0.283577,-0.0978978,2
100016,bullet5,11.728,6.52194,0.8,0,1
100017,player,6.82627,7.16728,-0.152002,0.0313366,1
100017,flyer5,2.99999,13.3032,-0.3,0,2
100018,flyer3,12.0248,3.33667,-0.298344,-0.0314802,2
100018,bullet1,7.15786,7.18138,0.8,0,1
100019,flyer4,12,14.1449,-0.3,0,2
100020,flyer1,12.2463,11.8532,-0.283577,-0.0978978,2
100021,bullet5,15.728,6.52194,0.8,0,1
100022,player,7.78204,7.19244,0.179825,0.000578249,1
100022,flyer5,1.49999,13.3032,-0.3,0,2
100023,flyer3,10.5331,3.17926,-0.298344,-0.0314802,2
100023,bullet1,11.1579,7.18138,0.8,0,1
100024,flyer4,10.5,14.1449,-0.3,0,2
100024,bullet3,8.29938,7.19282,0.8,0,1
100025,flyer1,10.8285,11.3638,-0.283577,-0.0978978,2
100027,player,7.43708,7.19291,-0.148557,1.06703e-05,1
100027,flyer5,-6.4373e-06,13.3032,-0.3,0,2
100028,flyer3,9.04141,3.02186,-0.298344,-0.0314802,2
100028,bullet1,15.1579,7.18138,0.8,0,1
100028,bullet4,7.77023,7.19291,0.8,0,1
100029,flyer4,9,14.1449,-0.3,0,2
100029,bullet3,12.2994,7.19282,0.8,0,1
100030,flyer1,9.41058,10.8743,-0.283577,-0.0978978,2
100031,bullet2,8.27824,6.6352,0.8,0,1
100032,player,7.90625,6.60444,0.0280134,-0.0307545,1
100032,bullet6,8.30625,6.60444,0.8,0,1
100033,flyer3,7.54969,2.86446,-0.298344,-0.0314802,2
100033,bullet4,11.7702,7.19291,0.8,0,1
100034,flyer4,7.5,14.1449,-0.3,0,2
100034,bullet3,16.2994,7.19282,0.8,0,1
100035,flyer1,7.99269,10.3848,-0.283577,-0.0978978,2
100036,bullet2,12.2782,6.6352,0.8,0,1
100037,player,7.92875,7.06912,0.000516926,0.151307,1
100037,bullet6,12.3063,6.60444,0.8,0,1
100038,flyer3,6.05797,2.70706,-0.298344,-0.0314802,2
100038,bullet4,15.7702,7.19291,0.8,0,1
100038,bullet5,8.32898,7.13721,0.8,0,1
100039,flyer4,5.99999,14.1449,-0.3,0,2
100039,bullet1,8.32908,7.16785,0.8,0,1
100040,flyer1,6.5748,9.89529,-0.283577,-0.0978978,2
100041,bullet2,16.2782,6.6352,0.8,0,1
100042,player,7.43979,6.70126,-0.151865,-0.149083,1
100042,bullet6,16.3063,6.60444,0.8,0,1
100043,flyer3,4.56625,2.54966,-0.298344,-0.0314802,2
100043,bullet5,12.329,7.13721,0.8,0,1
100044,flyer4,4.49999,14.1449,-0.3,0,2
100044,bullet1,12.3291,7.16785,0.8,0,1
100045,flyer1,5.15692,9.40581,-0.283577,-0.0978978,2
100046,bullet3,7.72063,7.142,0.8,0,1
100047,player,7.31783,7.17001,-0.00280235,0.0280037,1
100048,flyer3,3.07454,2.39226,-0.298344,-0.0314802,2
100048,bullet5,16.329,7.13721,0.8,0,1
100049,flyer4,2.99999,14.1449,-0.3,0,2
100049,bullet1,16.3291,7.16785,0.8,0,1
100050,flyer1,3.73903,8.91632,-0.283577,-0.0978978,2
100051,bullet3,11.7206,7.142,0.8,0,1
100051,bullet4,8.27335,6.60351,0.8,0,1
100052,player,7.90405,6.59019,0.030703,-0.0133229,1
100053,flyer3,1.58282,2.23486,-0.298344,-0.0314802,2
100053,bullet2,8.31787,6.58419,0.8,0,1
100054,flyer4,1.49999,14.1449,-0.3,0,2
100055,flyer1,2.32114,8.42683,-0.283577,-0.0978978,2
100055,bullet6,8.32688,6.58028,0.8,0,1
100056,bullet3,15.7206,7.142,0.8,0,1
100056,bullet4,12.2733,6.60351,0.8,0,1
100057,player,7.92871,6.57949,0.000566556,-0.000245844,1
100058,flyer3,0.091098,2.07746,-0.298344,-0.0314802,2
100058,bullet2,12.3179,6.58419,0.8,0,1
100059,flyer4,-6.4373e-06,14.1449,-0.3,0,2
100060,flyer1,0.903257,7.93734,-0.283577,-0.0978978,2
100060,bullet6,12.3269,6.58028,0.8,0,1
100061,bullet4,16.2733,6.60351,0.8,0,1
100061,bullet5,9.407,7.65714,0.8,0,1
100062,player,9.08919,7.73932,0.0821938,0.0821788,1
100063,bullet2,16.3179,6.58419,0.8,0,1
100064,flyer6,16.5,13.3217,-0.3,0,2
100065,flyer2,16.5,13.3217,-0.3,0,2
100065,bullet6,16.3269,6.58028,0.8,0,1
100066,flayer7,16.5,5.58926,-0.286151,0.0900966,2
100066,bullet5,13.407,7.65714,0.8,0,1
100066,bullet1,8.47583,7.31442,0.8,0,1
100067,player,7.99517,7.2476,-0.0806667,-0.0668273,1
100068,bullet3,8.35887,7.21752,0.8,0,1
100069,flyer6,15,13.3217,-0.3,0,2
100070,flyer2,15,13.3217,-0.3,0,2
100071,flayer7,15.0692,6.03974,-0.286151,0.0900966,2
100071,bullet1,12.4758,7.31442,0.8,0,1
100072,player,8.48811,7.75165,0.0668552,0.0671106,1
100072,bullet4,8.88811,7.75165,0.8,0,1
100073,bullet3,12.3589,7.21752,0.8,0,1
100074,flyer6,13.5,13.3217,-0.3,0,2
100075,flyer2,13.5,13.3217,-0.3,0,2
100075,explosion7,13.9589,7.21752,-0.286151,0.0900966,1
100076,flayer7,13.6385,6.49022,-0.286151,0.0900966,1
100077,player,9.14411,7.20323,0.0150733,-0.0126012,1
100077,bullet4,12.8881,7.75165,0.8,0,1
100078,bullet2,9.55089,7.19756,0.8,0,1
100079,flyer6,12,13.3217,-0.3,0,2
100080,flyer2,12,13.3217,-0.3,0,2
100080,bullet6,9.55532,7.19386,0.8,0,1
100081,flayer7,12.2077,6.9407,-0.286151,0.0900966,0
100081,explosion8,11.9509,7.19756,-0.286151,0.0900966,1
100081,explosion1,12.2077,6.9407,-0.286151,0.0900966,1
100082,player,9.49372,7.53061,0.337778,0.337267,1
100082,bullet4,16.8881,7.75165,0.8,0,1
100083,bullet5,10.0457,7.68238,0.8,0,1
100084,flyer6,10.5,13.3217,-0.3,0,2
100085,flyer2,10.5,13.3217,-0.3,0,2
100085,bullet6,13.5553,7.19386,0.8,0,1
100086,explosion1,10.777,7.39118,-0.286151,0.0900966,1
100087,player,9.76498,7.80146,0.00623296,0.00622353,1
100088,bullet5,14.0457,7.68238,0.8,0,1
100089,flyer6,9,13.3217,-0.3,0,2
100089,flayer8,16.5,13.3217,-0.261388,0.147229,2
100090,flyer2,9,13.3217,-0.3,0,2
100090,bullet3,10.659,7.80609,0.8,0,1
100092,player,10.021,7.80646,-0.30663,0.000114842,1
100094,flyer6,7.5,13.3217,-0.3,0,2
100094,flayer8,15.1931,14.0578,-0.261388,0.147229,2
100095,flyer2,7.5,13.3217,-0.3,0,2
100095,bullet3,14.659,7.80609,0.8,0,1
100096,bullet1,9.62265,7.24883,0.8,0,1
100097,player,9.18624,7.21808,-0.0364129,-0.0307526,1
100097,bullet2,9.58624,7.21808,0.8,0,1
100099,flyer6,5.99999,13.3217,-0.3,0,2
100099,flayer8,13.8861,14.794,-0.261388,0.147229,2
100099,bullet4,9.56248,7.19801,0.8,0,1
100100,flyer2,5.99999,13.3217,-0.3,0,2
100101,bullet1,13.6226,7.24883,0.8,0,1
100102,player,9.49449,7.53088,0.336828,0.336933,1
100102,bullet2,13.5862,7.21808,0.8,0,1
100104,flyer6,4.49999,13.3217,-0.3,0,2
100104,flayer8,12.5792,15.5301,-0.261388,0.147229,2
100104,bullet4,13.5625,7.19801,0.8,0,1
100104,bullet6,10.1143,7.75073,0.8,0,1
100105,flyer2,4.49999,13.3217,-0.3,0,2
100105,bullet5,10.145,7.78143,0.8,0,1
100107,player,9.76499,7.46397,0.00621543,-0.331283,1
100109,flyer6,2.99999,13.3217,-0.3,0,2
100109,flayer8,11.2722,16.2663,-0.261388,0.147229,2
100109,bullet6,14.1143,7.75073,0.8,0,1
100110,flyer2,2.99999,13.3217,-0.3,0,2
100110,bullet5,14.145,7.78143,0.8,0,1
100112,player,10.3277,7.75564,0.0684584,0.0622307,1
100112,flyer5,16.5,10.2084,-0.254977,-0.158073,2
100112,bullet3,10.7277,7.75564,0.8,0,1
100114,flyer6,1.49999,13.3217,-0.3,0,2
100114,bullet1,10.7724,7.79624,0.8,0,1
100115,flyer2,1.49999,13.3217,-0.3,0,2
100117,player,10.3827,7.31624,0.00126325,-0.150727,1
100117,flyer5,15.2251,9.41799,-0.254977,-0.158073,2
100117,bullet3,14.7277,7.75564,0.8,0,1
100119,flyer6,-6.4373e-06,13.3217,-0.3,0,2
100119,bullet1,14.7724,7.79624,0.8,0,1
100119,bullet2,10.7835,7.21789,0.8,0,1
100120,flyer2,-6.4373e-06,13.3217,-0.3,0,2
100122,player,10.3837,6.63748,2.33105e-05,-0.0711251,1
100122,flyer5,13.9502,8.62763,-0.254977,-0.158073,2
100122,flyer3,16.5,12.7366,-0.249878,0.166014,2
100122,bullet4,10.7837,6.63748,0.8,0,1
100124,bullet2,14.7835,7.21789,0.8,0,1
100125,bullet6,10.7837,6.09521,0.8,0,1
100127,player,10.7212,5.99188,0.3375,-0.0320671,1
100127,flyer5,12.6754,7.83727,-0.254977,-0.158073,2
100127,flyer3,15.2506,13.5666,-0.249878,0.166014,2
100127,bullet4,14.7837,6.63748,0.8,0,1
100130,flyer4,16.5,12.7366,-0.3,0,2
100130,bullet6,14.7837,6.09521,0.8,0,1
100130,bullet5,11.8616,5.47866,0.8,0,1
100132,player,11.5807,5.37766,0.0369825,-0.0313464,1
100132,flyer5,11.4005,7.04691,-0.254977,-0.158073,2
100132,flyer3,14.0012,14.3967,-0.249878,0.166014,2
100132,bullet3,11.1807,5.37766,-0.8,-6.99382e-08,1
100135,flyer4,15,12.7366,-0.3,0,2
100135,bullet5,15.8616,5.47866,0.8,0,1
100135,bullet1,12.4976,5.84372,0.8,0,1
100137,player,12.1989,5.94096,0.0314371,0.0301763,1
100137,flyer5,10.1256,6.25654,-0.254977,-0.158073,2
100137,flyer3,12.7518,15.2268,-0.249878,0.166014,2
100137,bullet3,7.18073,5.37766,-0.8,-6.99382e-08,1
100137,bullet2,12.5989,5.94096,0.8,0,1
100139,bullet4,12.6194,5.96065,0.8,0,1
100140,flyer4,13.5,12.7366,-0.3,0,2
100140,bullet6,12.6223,5.9634,0.8,0,1
100142,player,12.2242,5.96519,0.000580103,0.000556837,1
100142,flyer5,8.85071,5.46618,-0.254977,-0.158073,2
100142,flyer3,11.5024,16.0569,-0.249878,0.166014,2
100142,bullet3,3.18073,5.37766,-0.8,-6.99382e-08,1
100142,bullet5,12.6242,5.96519,0.8,0,1
100145,flyer4,12,12.7366,-0.3,0,2
100147,player,11.3977,6.79251,-0.489364,0.489385,1
100147,flyer5,7.57583,4.67582,-0.254977,-0.158073,2
100147,flyer1,16.5,12.7366,-0.3,0,2
100147,bullet5,16.6242,5.96519,0.8,0,1
100148,flayer7,16.5,7.24597,-0.3,0,2
100150,flyer4,10.5,12.7366,-0.3,0,2
100152,player,10.4163,7.774,-0.0397848,0.0397852,1
100152,flyer5,6.30095,3.88546,-0.254977,-0.158073,2
100152,flyer1,15,12.7366,-0.3,0,2
100153,flayer7,15,7.24597,-0.3,0,2
100155,flyer4,9,12.7366,-0.3,0,2
100157,player,10.6353,8.24255,-0.307479,0.217114,1
100157,flyer5,5.02606,3.09509,-0.254977,-0.158073,2
100157,flyer1,13.5,12.7366,-0.3,0,2
100158,flayer7,13.5,7.24597,-0.3,0,2
100159,bullet1,10.8347,8.38422,0.8,0,1
100160,flyer4,7.5,12.7366,-0.3,0,2
100161,bullet2,10.794,8.41291,0.8,0,1
100162,player,10.7259,8.41691,0.331826,0.00400636,1
100162,flyer5,3.75118,2.30473,-0.254977,-0.158073,2
100162,flyer1,12,12.7366,-0.3,0,2
100163,flayer7,12,7.24597,-0.3,0,2
100164,bullet1,14.8347,8.38422,0.8,0,1
100165,flyer4,5.99999,12.7366,-0.3,0,2
100166,bullet2,14.794,8.41291,0.8,0,1
100167,player,10.8933,8.42013,0.127243,7.39286e-05,1
100167,flyer5,2.4763,1.51437,-0.254977,-0.158073,2
100167,flyer1,10.5,12.7366,-0.3,0,2
100167,bullet4,11.2933,8.42013,0.8,0,1
100168,flayer7,10.5,7.24597,-0.3,0,2
100169,bullet6,11.3763,8.42018,0.8,0,1
100170,flyer4,4.49999,12.7366,-0.3,0,2
100172,player,10.9954,8.42019,0.002348,1.36419e-06,1
100172,flyer5,1.20141,0.724002,-0.254977,-0.158073,2
100172,flyer1,9,12.7366,-0.3,0,2
100172,bullet4,15.2933,8.42013,0.8,0,1
100172,bullet3,11.3954,8.42019,0.8,0,1
100173,flayer7,9,7.24597,-0.3,0,2
100174,bullet6,15.3763,8.42018,0.8,0,1
100174,bullet5,11.397,8.42019,0.8,0,1
100175,flyer4,2.99999,12.7366,-0.3,0,2
100177,player,10.508,8.90957,-0.151832,0.151875,1
100177,flyer5,-0.0734695,-0.0663615,-0.254977,-0.158073,2
100177,flyer1,7.5,12.7366,-0.3,0,2
100177,bullet3,15.3954,8.42019,0.8,0,1
100178,flayer7,7.5,7.24597,-0.3,0,2
100178,bullet1,10.8396,8.97791,0.8,0,1
100179,bullet5,15.397,8.42019,0.8,0,1
100179,bullet2,10.8089,9.00867,0.8,0,1
100180,flyer4,1.49999,12.7366,-0.3,0,2
100182,player,9.55915,9.52091,-0.492177,0.154678,1
100182,flyer1,5.99999,12.7366,-0.3,0,2
100183,flayer7,5.99999,7.24597,-0.3,0,2
100183,bullet1,14.8396,8.97791,0.8,0,1
100184,bullet2,14.8089,9.00867,0.8,0,1
100184,bullet4,9.638,9.62184,0.8,0,1
100185,flyer4,-6.4373e-06,12.7366,-0.3,0,2
100186,bullet6,9.57297,9.64228,0.8,0,1
100187,player,9.16389,9.64513,-0.00908205,0.00285424,1
100187,flyer1,4.49999,12.7366,-0.3,0,2
100188,flayer7,4.49999,7.24597,-0.3,0,2
100189,bullet4,13.638,9.62184,0.8,0,1
100189,bullet3,9.55796,9.647,0.8,0,1
100191,bullet6,13.573,9.64228,0.8,0,1
100192,player,9.64597,10.1368,0.151707,0.151928,1
100192,flyer1,2.99999,12.7366,-0.3,0,2
100193,flayer7,2.99999,7.24597,-0.3,0,2
100194,bullet3,13.558,9.647,0.8,0,1
100195,flayer8,16.5,7.24597,-0.299642,-0.0146561,2
100197,player,9.27843,10.1459,-0.149076,0.140839,1
100197,flyer1,1.49999,12.7366,-0.3,0,2
100198,flayer7,1.49999,7.24597,-0.3,0,2
100198,flyer6,16.5,7.24597,-0.296698,0.0443861,2
100200,flayer8,15.0018,7.17269,-0.299642,-0.0146561,2
100201,bullet5,10.1499,9.11019,0.8,0,1
100202,player,9.76102,9.0682,0.0110887,-0.0419954,1
100202,flyer1,-6.4373e-06,12.7366,-0.3,0,2
100203,flayer7,-6.4373e-06,7.24597,-0.3,0,2
100203,flyer6,15.0165,7.4679,-0.296698,0.0443861,2
100205,flayer8,13.5036,7.09941,-0.299642,-0.0146561,2
100205,flyer2,16.5,7.24597,-0.3,0,2
100206,bullet5,14.1499,9.11019,0.8,0,1
100206,bullet1,10.1697,9.13435,0.8,0,1
100207,player,9.76993,9.07907,0.000204619,-0.0552791,1
100208,flyer6,13.533,7.68983,-0.296698,0.0443861,2
100208,bullet2,10.17,9.05419,0.8,0,1
100210,flayer8,12.0054,7.02613,-0.299642,-0.0146561,2
100210,flyer2,15,7.24597,-0.3,0,2
100210,bullet4,10.1701,9.03796,0.8,0,1
100211,bullet1,14.1697,9.13435,0.8,0,1
100212,player,9.43259,9.03468,-0.337496,-0.00102005,1
100213,flyer6,12.0495,7.91176,-0.296698,0.0443861,2
100213,bullet2,14.17,9.05419,0.8,0,1
100215,flayer8,10.5072,6.95285,-0.299642,-0.0146561,2
100215,flyer2,13.5,7.24597,-0.3,0,2
100215,bullet4,14.1701,9.03796,0.8,0,1
100216,bullet6,8.97931,9.62235,0.8,0,1
100217,player,8.55924,9.63617,-0.0200674,0.0138208,1
100218,flyer6,10.566,8.13369,-0.296698,0.0443861,2
100218,bullet3,8.95021,9.64239,0.8,0,1
100220,flayer8,9.00896,6.87957,-0.299642,-0.0146561,2
100220,flyer2,12,7.24597,-0.3,0,2
100220,bullet5,8.94432,9.64645,0.8,0,1
100221,bullet6,12.9793,9.62235,0.8,0,1
100222,player,8.54313,9.64727,-0.000370299,0.000255032,1
100222,bullet1,8.94313,9.64727,0.8,0,1
100223,flyer6,9.08254,8.35562,-0.296698,0.0443861,2
100223,bullet3,12.9502,9.64239,0.8,0,1
100225,flayer8,7.51075,6.80629,-0.299642,-0.0146561,2
100225,flyer2,10.5,7.24597,-0.3,0,2
100225,bullet5,12.9443,9.64645,0.8,0,1
100227,player,8.20533,9.64748,-0.337507,4.70606e-06,1
100227,bullet1,12.9431,9.64727,0.8,0,1
100228,flyer6,7.59904,8.57755,-0.296698,0.0443861,2
100230,flayer8,6.01254,6.73301,-0.299642,-0.0146561,2
100230,flyer2,9,7.24597,-0.3,0,2
100230,bullet2,8.91207,10.2052,0.8,0,1
100232,player,8.5366,10.2498,0.00761166,0.0138397,1
100232,bullet4,8.9366,10.2498,0.8,0,1
100233,flyer6,6.11555,8.79948,-0.296698,0.0443861,2
100233,bullet6,8.94002,10.256,0.8,0,1
100235,flayer8,4.51433,6.65973,-0.299642,-0.0146561,2
100235,flyer2,7.5,7.24597,-0.3,0,2
100235,bullet2,12.9121,10.2052,0.8,0,1
100237,player,9.43793,10.0407,0.405984,0.269412,1
100237,bullet4,12.9366,10.2498,0.8,0,1
100238,flyer6,4.63206,9.02141,-0.296698,0.0443861,2
100238,bullet6,12.94,10.256,0.8,0,1
100238,bullet3,10.0206,10.1619,0.8,0,1
100240,flayer8,3.01613,6.58645,-0.299642,-0.0146561,2
100240,flyer2,5.99999,7.24597,-0.3,0,2
100240,bullet5,10.1398,10.241,0.8,0,1
100242,player,9.76396,10.2571,0.00749155,0.0049714,1
100242,bullet1,10.164,10.2571,0.8,0,1
100243,flyer6,3.14857,9.24334,-0.296698,0.0443861,2
100243,bullet3,14.0206,10.1619,0.8,0,1
100243,bullet2,10.1673,10.2593,0.8,0,1
100245,flayer8,1.51792,6.51317,-0.299642,-0.0146561,2
100245,flyer2,4.49999,7.24597,-0.3,0,2
100245,bullet5,14.1398,10.241,0.8,0,1
100247,player,10.3277,10.8188,0.068482,0.0684355,1
100247,bullet1,14.164,10.2571,0.8,0,1
100247,bullet4,10.7277,10.8188,0.8,0,1
100248,flyer6,1.66508,9.46527,-0.296698,0.0443861,2
100248,bullet2,14.1673,10.2593,0.8,0,1
100250,flayer8,0.0197074,6.43989,-0.299642,-0.0146561,2
100250,flyer2,2.99999,7.24597,-0.3,0,2
100251,bullet6,10.2237,10.3147,0.8,0,1
100252,player,9.79423,10.2853,-0.029491,-0.0294919,1
100252,bullet4,14.7277,10.8188,0.8,0,1
100253,flyer6,0.181589,9.6872,-0.296698,0.0443861,2
100253,bullet3,10.181,10.272,0.8,0,1
100255,flyer2,1.49999,7.24597,-0.3,0,2
100256,flyer3,16.5,7.24597,-0.3,0,2
100256,bullet6,14.2237,10.3147,0.8,0,1
100257,player,10.108,10.8193,0.336956,0.0677995,1
100258,bullet3,14.181,10.272,0.8,0,1
100259,flyer5,16.5,13.8564,-0.235201,-0.186227,2
100259,bullet5,10.7279,10.8635,0.8,0,1
100260,flyer2,-6.4373e-06,7.24597,-0.3,0,2
100261,flyer3,15,7.24597,-0.3,0,2
100262,player,9.88927,10.3844,-0.145657,-0.150624,1
100262,flyer4,16.5,13.8564,-0.292284,0.0676023,2
100264,flyer5,15.324,12.9253,-0.235201,-0.186227,2
100264,bullet5,14.7279,10.8635,0.8,0,1
100265,bullet1,10.7387,10.8301,0.8,0,1
100266,flyer3,13.5,7.24597,-0.3,0,2
100267,player,10.3746,10.8657,0.0111518,0.0110602,1
100267,flyer4,15.0386,14.1944,-0.292284,0.0676023,2
100269,flyer5,14.148,11.9941,-0.235201,-0.186227,2
100270,bullet1,14.7387,10.8301,0.8,0,1
100271,flyer3,12,7.24597,-0.3,0,2
100272,player,10.4519,11.4323,-0.0833255,0.0685478,1
100272,flyer4,13.5772,14.5324,-0.292284,0.0676023,2
100273,flyer1,16.5,13.8564,-0.240511,-0.179317,2
100274,flyer5,12.972,11.063,-0.235201,-0.186227,2
100276,flyer3,10.5,7.24597,-0.3,0,2
100277,player,9.29331,10.3957,-0.167252,-0.16445,1
100277,flyer4,12.1157,14.8704,-0.292284,0.0676023,2
100278,flyer1,15.2974,12.9598,-0.240511,-0.179317,2
100279,flyer5,11.796,10.1318,-0.235201,-0.186227,2
100281,flyer3,9,7.24597,-0.3,0,2
100282,player,9.15899,10.219,-0.00308627,0.0514696,1
100282,flyer4,10.6543,15.2084,-0.292284,0.0676023,2
100283,flyer1,14.0949,12.0632,-0.240511,-0.179317,2
100283,bullet2,9.5576,10.2422,0.8,0,1
100284,flyer5,10.62,9.20072,-0.235201,-0.186227,2
100286,flyer3,7.5,7.24597,-0.3,0,2
100286,bullet4,9.55657,9.77001,0.8,0,1
100287,player,9.15651,9.70262,-5.69504e-05,-0.067394,1
100287,flyer4,9.1929,15.5464,-0.292284,0.0676023,2
100288,flyer1,12.8923,11.1666,-0.240511,-0.179317,2
100288,bullet2,13.5576,10.2422,0.8,0,1
