6654,player,0.895845,7.12403,0.3375,-0.3375,1
6655,bullet1,1.44772,6.97216,0.8,0,1
6656,bullet2,1.51606,6.90381,0.8,0,1
6658,bullet3,1.07128,7.34859,0.8,0,1
6659,player,0.609167,7.41071,-0.0621159,0.0621159,1
6659,bullet4,1.00917,7.41071,0.8,0,1
6660,bullet1,5.44772,6.97216,0.8,0,1
6661,bullet2,5.51606,6.90381,0.8,0,1
6663,bullet3,5.07128,7.34859,0.8,0,1
6664,player,1.1616,7.46059,0.0126934,0.00114621,1
6664,bullet4,5.00917,7.41071,0.8,0,1
6665,bullet1,9.44772,6.97216,0.8,0,1
6666,bullet2,9.51606,6.90381,0.8,0,1
6668,bullet3,9.07128,7.34859,0.8,0,1
6669,player,1.76026,6.87304,0.0309889,-0.0307335,1
6669,bullet4,9.00917,7.41071,0.8,0,1
6670,bullet1,13.4477,6.97216,0.8,0,1
6671,bullet2,13.5161,6.90381,0.8,0,1
6673,bullet3,13.0713,7.34859,0.8,0,1
6674,player,2.94518,7.45067,0.0827552,0.0132725,1
6674,flyer1,16.5,1.32159,-0.3,0,2
6674,bullet4,13.0092,7.41071,0.8,0,1
6674,bullet5,3.34518,7.45067,0.8,0,1
6675,bullet6,3.38242,7.45664,0.8,0,1
6679,player,2.52227,6.97195,-0.150348,-0.15163,1
6679,flyer1,15,1.32159,-0.3,0,2
6679,flyer2,16.5,1.32159,-0.3,0,2
6679,bullet5,7.34518,7.45067,0.8,0,1
6679,bullet1,2.92227,6.97195,0.8,0,1
6680,bullet6,7.38242,7.45664,0.8,0,1
6682,bullet2,2.25275,7.41692,0.8,0,1
6684,player,1.79921,7.45249,-0.016614,0.0110416,1
6684,flyer1,13.5,1.32159,-0.3,0,2
6684,flyer2,15,1.32159,-0.3,0,2
6684,bullet5,11.3452,7.45067,0.8,0,1
6684,bullet1,6.92227,6.97195,0.8,0,1
6685,bullet6,11.3824,7.45664,0.8,0,1
6687,bullet2,6.25275,7.41692,0.8,0,1
6689,player,1.22815,8.01908,-0.0686503,0.0685475,1
6689,flyer1,12,1.32159,-0.3,0,2
6689,flyer2,13.5,1.32159,-0.3,0,2
6689,bullet5,15.3452,7.45067,0.8,0,1
6689,bullet1,10.9223,6.97195,0.8,0,1
6690,bullet6,15.3824,7.45664,0.8,0,1
6691,bullet3,1.58336,8.06381,0.8,0,1
6692,bullet2,10.2527,7.41692,0.8,0,1
6692,bullet4,1.5771,8.07005,0.8,0,1
6694,player,1.17302,8.07413,-0.00126679,0.00126489,1
6694,flyer1,10.5,1.32159,-0.3,0,2
6694,flyer2,12,1.32159,-0.3,0,2
6694,bullet1,14.9223,6.97195,0.8,0,1
6696,bullet3,5.58336,8.06381,0.8,0,1
6697,bullet2,14.2527,7.41692,0.8,0,1
6697,bullet4,5.5771,8.07005,0.8,0,1
6698,bullet5,1.64037,7.48665,0.8,0,1
6699,player,1.20276,7.47283,-0.0376124,-0.0138163,1
6699,flyer1,9,1.32159,-0.3,0,2
6699,flyer2,10.5,1.32159,-0.3,0,2
6701,bullet3,9.58336,8.06381,0.8,0,1
6701,bullet6,1.08884,6.97444,0.8,0,1
6702,bullet4,9.5771,8.07005,0.8,0,1
6703,bullet5,5.64037,7.48665,0.8,0,1
6704,player,0.570237,7.41714,-0.0145337,0.0542492,1
6704,flyer1,7.5,1.32159,-0.3,0,2
6704,flyer2,9,1.32159,-0.3,0,2
6706,bullet3,13.5834,8.06381,0.8,0,1
6706,bullet6,5.08884,6.97444,0.8,0,1
6707,bullet4,13.5771,8.07005,0.8,0,1
6708,bullet5,9.64037,7.48665,0.8,0,1
6709,player,0.889375,7.89731,0.151875,0.217381,1
6709,flyer1,5.99999,1.32159,-0.3,0,2
6709,flyer2,7.5,1.32159,-0.3,0,2
6711,bullet6,9.08884,6.97444,0.8,0,1
6713,bullet5,13.6404,7.48665,0.8,0,1
6713,bullet1,2.06536,7.51015,0.8,0,1
6714,player,1.98191,7.82091,0.316553,0.310757,1
6714,flyer1,4.49999,1.32159,-0.3,0,2
6714,flyer2,5.99999,1.32159,-0.3,0,2
6716,bullet6,13.0888,6.97444,0.8,0,1
6716,bullet2,2.58846,8.51305,0.8,0,1
6717,bullet3,2.61731,8.60971,0.8,0,1
6718,bullet1,6.06536,7.51015,0.8,0,1
6719,player,2.23613,8.67279,0.00584129,0.0195739,1
6719,flyer1,2.99999,1.32159,-0.3,0,2
6719,flyer2,4.49999,1.32159,-0.3,0,2
6721,bullet2,6.58846,8.51305,0.8,0,1
6722,bullet3,6.61731,8.60971,0.8,0,1
6723,bullet1,10.0654,7.51015,0.8,0,1
6724,player,1.70685,8.62016,-0.0972631,0.0838924,1
6724,flyer1,1.49999,1.32159,-0.3,0,2
6724,flyer2,2.99999,1.32159,-0.3,0,2
6724,bullet4,1.30685,8.62016,-0.8,-6.99382e-08,1
6726,bullet2,10.5885,8.51305,0.8,0,1
6727,bullet3,10.6173,8.60971,0.8,0,1
6727,bullet5,1.47681,8.68254,0.8,0,1
6728,bullet1,14.0654,7.51015,0.8,0,1
6729,player,0.537053,8.19816,-0.167509,-0.150327,1
6729,flyer1,-6.4373e-06,1.32159,-0.3,0,2
6729,flyer2,1.49999,1.32159,-0.3,0,2
6731,bullet2,14.5885,8.51305,0.8,0,1
6732,bullet3,14.6173,8.60971,0.8,0,1
6732,bullet5,5.47681,8.68254,0.8,0,1
6734,player,0.4,8.17653,0,-0.123894,1
6734,flyer2,-6.4373e-06,1.32159,-0.3,0,2
6734,flyer3,16.5,1.32159,-0.293946,-0.0599635,2
6734,bullet6,0.8,8.17653,0.8,0,1
6736,flyer4,16.5,9.286,-0.271979,-0.1266,2
6736,bullet4,0.8,8.09569,0.8,0,1
6737,bullet5,9.47681,8.68254,0.8,0,1
6738,bullet1,0.8,8.07932,0.8,0,1
6739,player,0.4,8.07703,0,-0.0022862,1
6739,flyer3,15.0303,1.02177,-0.293946,-0.0599635,2
6739,bullet6,4.8,8.17653,0.8,0,1
6741,flyer4,15.1401,8.65301,-0.271979,-0.1266,2
6741,bullet4,4.8,8.09569,0.8,0,1
6742,bullet5,13.4768,8.68254,0.8,0,1
6743,bullet1,4.8,8.07932,0.8,0,1
6743,explosion1,14.2768,8.68254,-0.271979,-0.1266,1
6744,player,0.889375,8.0752,0.151875,-4.21868e-05,1
6744,flyer3,13.5605,0.721951,-0.293946,-0.0599635,2
6744,bullet6,8.8,8.17653,0.8,0,1
6746,flyer4,13.7802,8.02001,-0.271979,-0.1266,1
6746,bullet4,8.8,8.09569,0.8,0,1
6748,bullet1,8.8,8.07932,0.8,0,1
6749,player,0.521969,7.48669,-0.149072,-0.0307555,1
6749,flyer3,12.0908,0.422134,-0.293946,-0.0599635,2
6749,explosion2,12.8,8.17653,-0.271979,-0.1266,1
6749,explosion3,12.9643,7.64021,-0.271979,-0.1266,1
6750,bullet2,0.854886,7.47285,0.8,0,1
6751,bullet4,12.8,8.09569,0.8,0,1
6751,bullet3,0.824699,7.46662,0.8,0,1
6753,bullet1,12.8,8.07932,0.8,0,1
6754,player,0.4,7.46199,0,-0.000567525,1
6754,flyer3,10.6211,0.122316,-0.293946,-0.0599635,2
6754,explosion3,11.6044,7.00721,-0.271979,-0.1266,1
6755,bullet2,4.85489,7.47285,0.8,0,1
6756,bullet3,4.8247,7.46662,0.8,0,1
6758,flyer5,16.5,9.286,-0.3,0,2
6759,player,0.430755,6.31534,-0.0375891,-0.0991089,1
6759,flyer3,9.15134,-0.177502,-0.293946,-0.0599635,2
6760,bullet2,8.85489,7.47285,0.8,0,1
6760,bullet5,0.81384,6.27074,0.8,0,1
6761,bullet3,8.8247,7.46662,0.8,0,1
6761,bullet6,0.806228,6.25067,0.8,0,1
6763,flyer5,15,9.286,-0.3,0,2
6764,player,0.400567,6.23575,-0.000693624,-0.00182884,1
6764,flyer3,7.68161,-0.477319,-0.293946,-0.0599635,2
6765,bullet2,12.8549,7.47285,0.8,0,1
6765,bullet5,4.81384,6.27074,0.8,0,1
6766,bullet3,12.8247,7.46662,0.8,0,1
6766,bullet6,4.80623,6.25067,0.8,0,1
6768,flyer5,13.5,9.286,-0.3,0,2
6769,player,0.400011,6.23428,-1.27993e-05,-3.37472e-05,1
6770,bullet5,8.81384,6.27074,0.8,0,1
6770,bullet4,0.800005,6.23426,0.8,0,1
6771,bullet6,8.80623,6.25067,0.8,0,1
6773,flyer5,12,9.286,-0.3,0,2
6774,player,0.4,6.13515,0,0.12112,1
6774,bullet1,0.8,6.13515,0.8,0,1
6775,bullet5,12.8138,6.27074,0.8,0,1
6775,bullet4,4.8,6.23426,0.8,0,1
6776,bullet6,12.8062,6.25067,0.8,0,1
6778,flyer5,10.5,9.286,-0.3,0,2
6779,player,0.4,6.23243,0,0.002235,1
6779,bullet1,4.8,6.13515,0.8,0,1
6780,bullet4,8.80001,6.23426,0.8,0,1
6781,flyer6,16.5,9.286,-0.283698,-0.097548,2
6783,flyer5,9,9.286,-0.3,0,2
6784,player,0.988474,6.23422,0.0307547,4.1242e-05,1
6784,bullet1,8.8,6.13515,0.8,0,1
6784,bullet2,1.38847,6.23422,0.8,0,1
6785,bullet4,12.8,6.23426,0.8,0,1
6786,flyer6,15.0815,8.79826,-0.283698,-0.097548,2
6788,flyer5,7.5,9.286,-0.3,0,2
6789,player,0.4,6.23425,-0,7.61031e-07,1
6789,bullet1,12.8,6.13515,0.8,0,1
6789,bullet2,5.38847,6.23422,0.8,0,1
6791,flyer6,13.663,8.31052,-0.283698,-0.097548,2
6791,bullet3,1.28938,6.72363,0.8,0,1
6793,flyer5,5.99999,9.286,-0.3,0,2
6793,bullet5,1.38847,6.82273,0.8,0,1
6794,player,0.664813,6.49907,-0.32366,-0.32366,1
6794,bullet2,9.38847,6.23422,0.8,0,1
6796,flyer6,12.2445,7.82278,-0.283698,-0.097548,2
6796,bullet3,5.28938,6.72363,0.8,0,1
6798,flyer5,4.49999,9.286,-0.3,0,2
6798,bullet5,5.38847,6.82273,0.8,0,1
6799,player,0.99336,6.72852,0.0247822,0.145903,1
6799,bullet2,13.3885,6.23422,0.8,0,1
6800,bullet6,1.40451,6.79417,0.8,0,1
6801,flyer6,10.826,7.33504,-0.283698,-0.097548,2
6801,bullet3,9.28938,6.72363,0.8,0,1
6802,explosion4,10.0894,6.72363,-0.283698,-0.097548,1
6803,flyer5,2.99999,9.286,-0.3,0,2
6803,bullet5,9.38847,6.82273,0.8,0,1
6803,explosion5,9.38847,6.82273,-0.283698,-0.097548,1
6803,explosion6,10.2586,7.13994,-0.283698,-0.097548,1
6804,player,0.523887,7.33506,-0.151418,0.154567,1
6804,bullet4,0.923887,7.33506,0.8,0,1
6805,bullet6,5.40451,6.79417,0.8,0,1
6807,bullet1,0.811289,7.45,0.8,0,1
6808,flyer5,1.49999,9.286,-0.3,0,2
6808,explosion6,8.84015,6.6522,-0.283698,-0.097548,1
6809,player,0.402286,7.45919,-0.00279408,0.0028522,1
6809,bullet4,4.92389,7.33506,0.8,0,1
6810,bullet6,9.40451,6.79417,0.8,0,1
6811,bullet3,0,6.97168,-0.8,-6.99382e-08,1
6812,bullet1,4.81129,7.45,0.8,0,1
6813,flyer5,-6.4373e-06,9.286,-0.3,0,2
6814,player,0.7375,6.85917,0.3375,-0.013787,1
6814,bullet4,8.92389,7.33506,0.8,0,1
6815,flayer7,16.5,7.99183,-0.246246,0.171356,2
6815,bullet6,13.4045,6.79417,0.8,0,1
6817,bullet1,8.81129,7.45,0.8,0,1
6818,bullet2,1.99079,6.94745,0.8,0,1
6819,player,1.61085,6.89269,0.0200674,-0.0547586,1
6819,bullet4,12.9239,7.33506,0.8,0,1
6820,flayer7,15.2688,8.84861,-0.246246,0.171356,2
6821,bullet5,1.53457,7.34634,0.8,0,1
6822,bullet1,12.8113,7.45,0.8,0,1
6823,bullet2,5.99079,6.94745,0.8,0,1
6824,player,1.36216,7.45103,0.324031,0.0128292,1
6825,flayer7,14.0375,9.70539,-0.246246,0.171356,2
6826,bullet5,5.53457,7.34634,0.8,0,1
6827,flayer8,16.5,7.99183,-0.3,0,2
6827,bullet3,2.00311,7.46057,0.8,0,1
6828,bullet2,9.99079,6.94745,0.8,0,1
6829,player,1.13301,7.95071,-0.145896,0.152112,1
6830,flayer7,12.8063,10.5622,-0.246246,0.171356,2
6830,bullet6,1.46735,8.01916,0.8,0,1
6831,bullet5,9.53457,7.34634,0.8,0,1
6832,flayer8,15,7.99183,-0.3,0,2
6832,bullet3,6.00311,7.46057,0.8,0,1
6833,bullet2,13.9908,6.94745,0.8,0,1
6834,player,1.60431,7.48439,0.0280625,-0.0279478,1
6835,flayer7,11.5751,11.419,-0.246246,0.171356,2
6835,bullet6,5.46735,8.01916,0.8,0,1
6836,explosion7,13.5346,7.34634,-0.3,0,1
6837,flayer8,13.5,7.99183,-0.3,0,1
6837,bullet3,10.0031,7.46057,0.8,0,1
6838,bullet4,1.43786,7.46247,0.8,0,1
6839,player,1.02454,7.46195,-0.0133218,-0.000515715,1
6840,flayer7,10.3438,12.2757,-0.246246,0.171356,2
6840,bullet6,9.46735,8.01916,0.8,0,1
6840,explosion8,12.4031,7.46057,-0.3,0,1
6840,explosion1,12.6,7.99183,-0.3,0,1
6841,explosion7,12.0346,7.34634,-0.3,0,1
6843,bullet4,5.43786,7.46247,0.8,0,1
6844,player,0.914739,6.95832,0.120874,-0.134969,1
6845,flayer7,9.11261,13.1325,-0.246246,0.171356,2
6845,bullet6,13.4674,8.01916,0.8,0,1
6845,explosion1,11.1,7.99183,-0.3,0,1
6846,flyer1,16.5,7.99183,-0.3,0,2
6846,bullet1,1.39361,6.38088,0.8,0,1
6848,bullet4,9.43786,7.46247,0.8,0,1
6848,explosion2,15.8674,8.01916,-0.3,0,1
6849,player,1.01181,5.75824,0.00223047,-0.168205,1
6850,flayer7,7.88138,13.9893,-0.246246,0.171356,2
6851,flyer1,15,7.99183,-0.3,0,1
6851,bullet1,5.39361,6.38088,0.8,0,1
6853,bullet4,13.4379,7.46247,0.8,0,1
6854,player,1.08195,5.06544,-0.0834901,-0.0714476,1
6854,explosion3,14.2379,7.46247,-0.3,0,1
6854,explosion4,14.1,7.99183,-0.3,0,1
6855,flayer7,6.65015,14.8461,-0.246246,0.171356,2
6855,bullet5,1.44438,5.03329,0.8,0,1
6856,bullet1,9.39361,6.38088,0.8,0,1
6859,player,1.60337,4.51869,0.0292141,-0.153193,1
6859,explosion4,12.6,7.99183,-0.3,0,1
6860,flayer7,5.41892,15.7029,-0.246246,0.171356,2
6860,flyer2,16.5,7.99183,-0.3,0,2
6860,bullet5,5.44438,5.03329,0.8,0,1
6860,bullet2,2.01652,4.44975,0.8,0,1
6861,bullet1,13.3936,6.38088,0.8,0,1
6862,bullet3,2.02509,4.40477,0.8,0,1
6864,player,1.13746,3.90629,-0.151336,-0.154702,1
6865,flyer2,15,7.99183,-0.3,0,2
6865,bullet5,9.44438,5.03329,0.8,0,1
6865,bullet2,6.01652,4.44975,0.8,0,1
6867,bullet3,6.02509,4.40477,0.8,0,1
6869,player,1.83845,2.95952,-0.258109,0.252462,1
6870,flyer2,13.5,7.99183,-0.3,0,2
6870,bullet5,13.4444,5.03329,0.8,0,1
6870,bullet2,10.0165,4.44975,0.8,0,1
6872,bullet3,10.0251,4.40477,0.8,0,1
6874,player,2.07595,3.16227,0.201616,0.00465863,1
6874,flyer4,16.5,7.99183,-0.299402,0.0189283,2
6875,flyer2,12,7.99183,-0.3,0,2
6875,bullet2,14.0165,4.44975,0.8,0,1
6875,bullet6,2.56668,3.16436,0.8,0,1
6876,bullet4,2.60751,3.1653,0.8,0,1
6877,bullet3,14.0251,4.40477,0.8,0,1
6879,player,2.57537,2.82851,0.34122,-0.337414,1
6879,flyer4,15.003,8.08647,-0.299402,0.0189283,2
6880,flyer2,10.5,7.99183,-0.3,0,2
6880,bullet6,6.56668,3.16436,0.8,0,1
6881,bullet4,6.60751,3.1653,0.8,0,1
6884,player,4.00943,3.22819,0.0884798,-0.0759179,1
6884,flyer4,13.506,8.18112,-0.299402,0.0189283,2
6885,flyer2,9,7.99183,-0.3,0,2
6885,bullet6,10.5667,3.16436,0.8,0,1
6885,bullet1,4.44924,3.19403,0.8,0,1
6886,bullet4,10.6075,3.1653,0.8,0,1
6886,bullet5,4.46716,3.17865,0.8,0,1
6889,player,4.08048,3.6566,0.0016327,0.150474,1
6889,flyer4,12.009,8.27576,-0.299402,0.0189283,2
6890,flyer2,7.5,7.99183,-0.3,0,2
6890,bullet6,14.5667,3.16436,0.8,0,1
6890,bullet1,8.44924,3.19403,0.8,0,1
6891,bullet4,14.6075,3.1653,0.8,0,1
6891,bullet5,8.46716,3.17865,0.8,0,1
6894,player,4.01345,3.77744,0.0835614,0.00277667,1
6894,flyer4,10.512,8.3704,-0.299402,0.0189283,2
6895,flyer2,5.99999,7.99183,-0.3,0,2
6895,bullet1,12.4492,3.19403,0.8,0,1
6896,bullet5,12.4672,3.17865,0.8,0,1
6899,player,3.59118,3.77967,-0.150333,5.12374e-05,1
6899,flyer4,9.01494,8.46504,-0.299402,0.0189283,2
6900,flyer2,4.49999,7.99183,-0.3,0,2
6900,flyer3,16.5,7.09256,-0.285252,-0.0929056,2
6900,bullet2,3.92353,3.77969,0.8,0,1
6902,bullet3,3.87939,3.77971,0.8,0,1
6903,bullet6,3.87323,3.77971,0.8,0,1
6904,player,3.47045,3.77971,-0.00277407,9.45474e-07,1
6904,flyer4,7.51793,8.55969,-0.299402,0.0189283,2
6905,flyer2,2.99999,7.99183,-0.3,0,2
6905,flyer3,15.0737,6.62803,-0.285252,-0.0929056,2
6905,bullet2,7.92353,3.77969,0.8,0,1
6906,bullet4,3.55802,3.77971,-0.8,-6.99382e-08,1
6907,bullet3,7.87939,3.77971,0.8,0,1
6908,bullet6,7.87323,3.77971,0.8,0,1
6909,player,4.07054,3.77971,0.0137884,1.74466e-08,1
6909,flyer4,6.02092,8.65433,-0.299402,0.0189283,2
6910,flyer2,1.49999,7.99183,-0.3,0,2
6910,flyer3,13.6475,6.1635,-0.285252,-0.0929056,2
6910,bullet2,11.9235,3.77969,0.8,0,1
6911,bullet1,3.67953,3.77971,-0.8,-6.99382e-08,1
6912,bullet3,11.8794,3.77971,0.8,0,1
6913,bullet6,11.8732,3.77971,0.8,0,1
6914,player,4.41911,3.77971,0.337754,3.2194e-10,1
6914,flyer4,4.52391,8.74897,-0.299402,0.0189283,2
6915,flyer2,-6.4373e-06,7.99183,-0.3,0,2
6915,flyer3,12.2212,5.69897,-0.285252,-0.0929056,2
6915,bullet2,15.9235,3.77969,0.8,0,1
6916,bullet1,-0.320466,3.77971,-0.8,-6.99382e-08,1
6917,bullet3,15.8794,3.77971,0.8,0,1
6918,flyer6,16.5,13.7556,-0.3,0,2
6918,bullet6,15.8732,3.77971,0.8,0,1
6918,bullet5,4.5264,4.33743,0.8,0,1
6919,player,4.10188,4.36818,-0.0245222,0.0307547,1
6919,flyer4,3.0269,8.84361,-0.299402,0.0189283,2
6920,flyer3,10.795,5.23445,-0.285252,-0.0929056,2
6921,bullet4,4.48588,4.38825,0.8,0,1
6923,flyer6,15,13.7556,-0.3,0,2
6923,bullet5,8.52641,4.33743,0.8,0,1
6923,bullet2,4.48264,4.39231,0.8,0,1
6924,player,4.08219,4.39288,-0.000452503,0.00056751,1
6924,flyer4,1.52989,8.93826,-0.299402,0.0189283,2
6924,explosion5,9.32641,4.33743,-0.285252,-0.0929056,1
6924,bullet1,4.48219,4.39288,0.8,0,1
6925,flyer3,9.36871,4.76992,-0.285252,-0.0929056,1
6926,explosion6,8.48588,4.38825,-0.285252,-0.0929056,1
6926,explosion7,9.08346,4.67701,-0.285252,-0.0929056,1
6928,flyer6,13.5,13.7556,-0.3,0,2
6928,bullet2,8.48264,4.39231,0.8,0,1
6928,bullet3,3.92411,3.83561,0.8,0,1
6929,player,3.49335,3.80487,-0.030763,-0.0307442,1
6929,flyer4,0.0328767,9.0329,-0.299402,0.0189283,2
6929,bullet1,8.48219,4.39288,0.8,0,1
6929,bullet6,3.89335,3.80487,0.8,0,1
6931,explosion7,7.6572,4.21248,-0.285252,-0.0929056,1
6933,flyer6,12,13.7556,-0.3,0,2
6933,bullet2,12.4826,4.39231,0.8,0,1
6933,bullet3,7.92412,3.83561,0.8,0,1
6934,player,3.46865,3.1917,-0.000567665,-0.031322,1
6934,bullet1,12.4822,4.39288,0.8,0,1
6934,bullet6,7.89335,3.80487,0.8,0,1
6938,flyer6,10.5,13.7556,-0.3,0,2
6938,bullet3,11.9241,3.83561,0.8,0,1
6939,player,3.62007,2.82905,-0.185635,-0.338078,1
6939,flyer5,16.5,13.7556,-0.299182,0.0221408,2
6939,bullet6,11.8934,3.80487,0.8,0,1
6942,bullet5,3.88202,2.57764,0.8,0,1
6943,flyer6,9,13.7556,-0.3,0,2
6943,bullet3,15.9241,3.83561,0.8,0,1
6944,player,2.98161,3.04692,-0.1553,0.145636,1
6944,flyer5,15.0041,13.8663,-0.299182,0.0221408,2
6944,bullet6,15.8934,3.80487,0.8,0,1
6945,flayer8,16.5,13.7556,-0.276967,0.11528,2
6945,bullet4,3.31173,3.11245,0.8,0,1
6947,bullet5,7.88202,2.57764,0.8,0,1
6948,flyer6,7.5,13.7556,-0.3,0,2
6949,player,1.93092,4.57922,-0.37112,0.522817,1
6949,flyer5,13.5082,13.977,-0.299182,0.0221408,2
6950,flayer8,15.1152,14.332,-0.276967,0.11528,2
6950,bullet4,7.31173,3.11245,0.8,0,1
6952,bullet5,11.882,2.57764,0.8,0,1
6952,bullet2,2.05494,4.968,0.8,0,1
6953,flyer6,5.99999,13.7556,-0.3,0,2
6954,player,2.12225,4.99909,0.145027,0.00964745,1
6954,flyer5,12.0123,14.0877,-0.299182,0.0221408,2
6955,flayer8,13.7303,14.9084,-0.276967,0.11528,2
6955,bullet4,11.3117,3.11245,0.8,0,1
6955,bullet1,2.58751,5.00343,0.8,0,1
6957,bullet5,15.882,2.57764,0.8,0,1
6957,bullet2,6.05494,4.968,0.8,0,1
6958,flyer6,4.49999,13.7556,-0.3,0,2
6959,player,1.65025,5.10593,-0.0280785,-0.120942,1
6959,flyer5,10.5164,14.1984,-0.299182,0.0221408,2
6959,bullet3,2.05025,5.10593,0.8,0,1
6960,flayer8,12.3455,15.4848,-0.276967,0.11528,2
6960,bullet4,15.3117,3.11245,0.8,0,1
6960,bullet1,6.58751,5.00343,0.8,0,1
6962,bullet2,10.0549,4.968,0.8,0,1
6962,bullet6,1.22937,5.016,-0.8,-6.99382e-08,1
6963,flyer6,2.99999,13.7556,-0.3,0,2
6964,player,2.11707,5.49818,0.151357,0.149643,1
6964,flyer5,9.02045,14.3091,-0.299182,0.0221408,2
6964,bullet3,6.05025,5.10593,0.8,0,1
6965,flayer8,10.9607,16.0612,-0.276967,0.11528,2
6965,bullet1,10.5875,5.00343,0.8,0,1
6967,bullet2,14.0549,4.968,0.8,0,1
6968,flyer6,1.49999,13.7556,-0.3,0,2
6969,player,2.23863,5.61836,0.00279296,0.00276134,1
6969,flyer5,7.52454,14.4198,-0.299182,0.0221408,2
6969,bullet3,10.0502,5.10593,0.8,0,1
6969,bullet5,2.63863,5.61836,0.8,0,1
6970,bullet1,14.5875,5.00343,0.8,0,1
6972,bullet4,3.19842,5.06269,0.8,0,1
6973,flyer6,-6.4373e-06,13.7556,-0.3,0,2
6973,bullet6,3.22929,5.03205,0.8,0,1
6974,player,2.84318,5.01826,0.0138911,-0.0137887,1
6974,flyer5,6.02863,14.5305,-0.299182,0.0221408,2
6974,bullet3,14.0503,5.10593,0.8,0,1
6974,bullet5,6.63863,5.61836,0.8,0,1
6977,bullet4,7.19842,5.06269,0.8,0,1
6978,bullet6,7.22929,5.03205,0.8,0,1
6979,player,2.85434,5.00719,0.000256331,-0.000254439,1
6979,flyer5,4.53272,14.6412,-0.299182,0.0221408,2
6979,bullet5,10.6386,5.61836,0.8,0,1
6979,bullet2,3.25434,5.00719,0.8,0,1
6982,bullet4,11.1984,5.06269,0.8,0,1
6983,bullet6,11.2293,5.03205,0.8,0,1
6984,player,2.85454,3.9153,4.73002e-06,-0.165719,1
6984,flyer5,3.03681,14.7519,-0.299182,0.0221408,2
6984,bullet5,14.6386,5.61836,0.8,0,1
6984,bullet2,7.25434,5.00719,0.8,0,1
6987,bullet4,15.1984,5.06269,0.8,0,1
6988,bullet6,15.2293,5.03205,0.8,0,1
6989,player,4.01458,3.33743,0.0821835,-0.209437,1
6989,flyer5,1.5409,14.8626,-0.299182,0.0221408,2
6989,flyer1,16.5,13.7556,-0.283531,-0.0980317,2
6989,bullet2,11.2543,5.00719,0.8,0,1
6990,flayer7,16.5,3.99417,-0.253285,-0.160768,2
6994,player,4.68289,4.32927,0.0153561,0.0783187,1
6994,flyer5,0.0449946,14.9733,-0.299182,0.0221408,2
6994,flyer1,15.0823,13.2654,-0.283531,-0.0980317,2
6994,bullet2,15.2543,5.00719,0.8,0,1
6995,flayer7,15.2336,3.19032,-0.253285,-0.160768,2
6996,flyer2,16.5,3.99417,-0.282118,-0.102026,2
6997,flyer3,16.5,3.99417,-0.3,0,2
6997,bullet1,5.09431,3.82979,0.8,0,1
6999,player,4.20585,3.78985,-0.151592,-0.0123944,1
6999,flyer1,13.6647,12.7753,-0.283531,-0.0980317,2
7000,flayer7,13.9671,2.38648,-0.253285,-0.160768,2
7001,flyer2,15.0894,3.48404,-0.282118,-0.102026,2
7002,flyer3,15,3.99417,-0.3,0,2
7002,bullet1,9.09431,3.82979,0.8,0,1
7003,bullet3,5.04462,3.19165,0.8,0,1
7004,player,4.67258,3.17758,0.0279574,-0.0140683,1
7004,flyer1,12.247,12.2851,-0.283531,-0.0980317,2
7005,flayer7,12.7007,1.58264,-0.253285,-0.160768,2
7006,flyer2,13.6788,2.9739,-0.282118,-0.102026,2
7007,flyer3,13.5,3.99417,-0.3,0,1
7007,explosion8,13.0943,3.82979,-0.3,0,1
7008,bullet3,9.04463,3.19165,0.8,0,1
7008,bullet5,6.17237,2.08869,0.8,0,1
7009,player,5.85507,2.00625,0.0826993,-0.082443,1
7009,flyer1,10.8294,11.7949,-0.283531,-0.0980317,2
7010,flayer7,11.4343,0.778796,-0.253285,-0.160768,2
7011,flyer2,12.2682,2.46377,-0.282118,-0.102026,2
7011,explosion1,11.4446,3.19165,-0.3,0,1
7011,explosion2,12.3,3.99417,-0.3,0,1
7011,bullet4,6.30903,1.46308,0.8,0,1
7012,explosion8,11.5943,3.82979,-0.3,0,1
7013,bullet5,10.1724,2.08869,0.8,0,1
7014,player,5.92148,1.33773,0.00152603,-0.0153609,1
7014,flyer1,9.41172,11.3048,-0.283531,-0.0980317,2
7014,explosion3,10.9724,2.08869,-0.282118,-0.102026,1
7014,bullet6,6.32148,1.33773,0.8,0,1
7015,flayer7,10.1679,-0.025046,-0.253285,-0.160768,2
7015,bullet2,6.32217,1.33082,0.8,0,1
7016,flyer2,10.8576,1.95364,-0.282118,-0.102026,0
7016,explosion2,10.8,3.99417,-0.3,0,1
7016,bullet4,10.309,1.46308,0.8,0,1
7016,explosion4,10.309,1.46308,-0.282118,-0.102026,1
7016,explosion5,10.8576,1.95364,-0.282118,-0.102026,1
7017,bullet1,6.32262,1.32631,0.8,0,1
7019,player,6.41208,0.836018,0.151903,-0.152158,1
7019,flyer1,7.99406,10.8146,-0.283531,-0.0980317,2
7019,explosion3,9.56178,1.57856,-0.282118,-0.102026,1
7019,bullet6,10.3215,1.33773,0.8,0,1
7020,bullet2,10.3222,1.33082,0.8,0,1
7021,explosion5,9.44705,1.44351,-0.282118,-0.102026,1
7022,bullet1,10.3226,1.32631,0.8,0,1
7024,player,6.53407,0.713822,0.00280304,-0.00280775,1
7024,flyer1,6.57641,10.3245,-0.283531,-0.0980317,2
7024,bullet6,14.3215,1.33773,0.8,0,1
7024,bullet3,6.93407,0.713822,0.8,0,1
7025,bullet2,14.3222,1.33082,0.8,0,1
7027,bullet1,14.3226,1.32631,0.8,0,1
7027,bullet5,6.93616,0.711735,0.8,0,1
7029,player,6.53632,0.4,5.1724e-05,-0,1
7029,flyer1,5.15875,9.83431,-0.283531,-0.0980317,2
7029,bullet3,10.9341,0.713822,0.8,0,1
7030,flyer4,16.5,3.35289,-0.3,0,2
7030,bullet4,6.93634,0.4,0.8,0,1
7032,bullet5,10.9362,0.711735,0.8,0,1
7034,player,7.09408,0.4,0.0683447,0,1
7034,flyer1,3.7411,9.34415,-0.283531,-0.0980317,2
7034,bullet3,14.9341,0.713822,0.8,0,1
7034,bullet6,6.69408,0.4,-0.8,-6.99382e-08,1
7035,flyer4,15,3.35289,-0.3,0,2
7035,bullet4,10.9363,0.4,0.8,0,1
7037,bullet5,14.9362,0.711735,0.8,0,1
7037,bullet2,7.5449,0.4,0.8,0,1
7039,player,7.14897,0.4,0.00126115,0,1
7039,flyer1,2.32344,8.85399,-0.283531,-0.0980317,2
7039,bullet6,2.69408,0.4,-0.8,-6.99382e-08,1
7039,bullet1,7.54897,0.4,0.8,0,1
7040,flyer4,13.5,3.35289,-0.3,0,2
7040,bullet4,14.9363,0.4,0.8,0,1
7042,bullet2,11.5449,0.4,0.8,0,1
7044,player,6.81248,0.4,-0.337477,0,1
7044,flyer1,0.905787,8.36383,-0.283531,-0.0980317,2
7044,bullet1,11.549,0.4,0.8,0,1
7045,flyer4,12,3.35289,-0.3,0,2
7047,bullet2,15.5449,0.4,0.8,0,1
7047,bullet3,6.4038,0.957719,0.8,0,1
7048,bullet5,6.35921,0.988474,0.8,0,1
7049,player,5.93914,1.00231,-0.020067,0.0138396,1
7049,bullet1,15.549,0.4,0.8,0,1
7050,flyer4,10.5,3.35289,-0.3,0,2
7051,flayer8,16.5,3.35289,-0.256349,0.155837,2
7052,bullet3,10.4038,0.957719,0.8,0,1
7053,bullet5,10.3592,0.988474,0.8,0,1
7054,player,5.36531,1.35093,-0.068714,0.337755,1
7055,flyer4,9,3.35289,-0.3,0,2
7056,flayer8,15.2183,4.13208,-0.256349,0.155837,2
7057,bullet3,14.4038,0.957719,0.8,0,1
7057,bullet4,5.15649,1.60209,0.8,0,1
7058,bullet5,14.3592,0.988474,0.8,0,1
7059,player,4.70781,1.62217,-0.0151076,0.00623254,1
7059,bullet6,5.10781,1.62217,0.8,0,1
7060,flyer4,7.5,3.35289,-0.3,0,2
7061,flayer8,13.9365,4.91126,-0.256349,0.155837,2
7062,bullet4,9.15649,1.60209,0.8,0,1
7064,player,5.62165,1.03871,0.367976,-0.0306397,1
7064,bullet6,9.10781,1.62217,0.8,0,1
7065,flyer4,5.99999,3.35289,-0.3,0,2
7065,bullet2,5.38724,1.02492,-0.8,-6.99382e-08,1
7066,flayer8,12.6548,5.69045,-0.256349,0.155837,2
7067,bullet4,13.1565,1.60209,0.8,0,1
7067,bullet1,6.29528,1.01592,0.8,0,1
7069,player,5.91716,1.0141,0.00679019,-0.000565388,1
7069,bullet6,13.1078,1.62217,0.8,0,1
7070,flyer4,4.49999,3.35289,-0.3,0,2
7070,bullet2,1.38724,1.02492,-0.8,-6.99382e-08,1
7071,flayer8,11.373,6.46963,-0.256349,0.155837,2
7072,bullet1,10.2953,1.01592,0.8,0,1
7072,bullet3,5.7645,0.45596,0.8,0,1
7074,player,5.65781,0.4,0.323786,-0,1
7075,flyer4,2.99999,3.35289,-0.3,0,2
7076,flayer8,10.0913,7.24882,-0.256349,0.155837,2
7077,bullet1,14.2953,1.01592,0.8,0,1
7077,bullet3,9.7645,0.45596,0.8,0,1
7079,player,5.91783,1.00231,0.00597476,0.0138396,1
7080,flyer4,1.49999,3.35289,-0.3,0,2
7080,flyer6,16.5,3.35289,-0.3,0,2
7081,flayer8,8.80951,8.028,-0.256349,0.155837,2
7081,bullet5,6.32173,1.01134,0.8,0,1
7082,bullet3,13.7645,0.45596,0.8,0,1
7082,bullet4,6.32228,1.0126,0.8,0,1
7084,player,6.26013,0.675928,0.33761,-0.337245,1
7085,flyer4,-6.4373e-06,3.35289,-0.3,0,2
7085,flyer6,15,3.35289,-0.3,0,2
7086,flayer8,7.52777,8.80719,-0.256349,0.155837,2
7086,bullet5,10.3217,1.01134,0.8,0,1
7087,bullet4,10.3223,1.0126,0.8,0,1
7087,bullet2,5.55347,0.982863,-0.8,-6.99382e-08,1
7088,bullet6,6.33656,0.999789,0.8,0,1
7089,player,5.92895,1.00741,-0.00760975,0.0076165,1
7090,flyer6,13.5,3.35289,-0.3,0,2
7091,flayer8,6.24602,9.58637,-0.256349,0.155837,2
7091,bullet5,14.3217,1.01134,0.8,0,1
7092,bullet4,14.3223,1.0126,0.8,0,1
7092,bullet2,1.55347,0.982863,-0.8,-6.99382e-08,1
7093,bullet6,10.3366,0.999789,0.8,0,1
7094,player,5.87824,1.57124,0.0543637,0.0684843,1
7094,bullet1,6.27824,1.57124,0.8,0,1
7095,flyer6,12,3.35289,-0.3,0,2
7096,flayer8,4.96428,10.3656,-0.256349,0.155837,2
7097,bullet3,6.31867,1.06445,0.8,0,1
7098,bullet6,14.3366,0.999789,0.8,0,1
7098,bullet5,6.32089,1.0365,0.8,0,1
7099,player,5.9219,1.02393,0.00100316,-0.0125759,1
7099,bullet1,10.2782,1.57124,0.8,0,1
7100,flyer6,10.5,3.35289,-0.3,0,2
7101,flayer8,3.68253,11.1447,-0.256349,0.155837,2
7102,bullet3,10.3187,1.06445,0.8,0,1
7103,bullet5,10.3209,1.0365,0.8,0,1
7104,player,6.48042,0.411513,0.0683623,-0.0140717,1
7104,bullet1,14.2782,1.57124,0.8,0,1
7104,bullet4,6.08042,0.411513,-0.8,-6.99382e-08,1
7105,flyer6,9,3.35289,-0.3,0,2
7106,flayer8,2.40078,11.9239,-0.256349,0.155837,2
7107,bullet3,14.3187,1.06445,0.8,0,1
7108,bullet5,14.3209,1.0365,0.8,0,1
7108,bullet2,6.93407,0.889847,0.8,0,1
7109,player,6.53533,0.957931,0.00126148,0.0680841,1
7109,bullet4,2.08042,0.411513,-0.8,-6.99382e-08,1
7110,flyer6,7.5,3.35289,-0.3,0,2
7110,bullet6,6.93589,0.988569,0.8,0,1
7111,flayer8,1.11904,12.7031,-0.256349,0.155837,2
7113,bullet2,10.9341,0.889847,0.8,0,1
7114,player,5.97862,1.01261,-0.0683205,0.00125634,1
7114,bullet1,6.37862,1.01261,0.8,0,1
7115,flyer6,5.99999,3.35289,-0.3,0,2
7115,bullet6,10.9359,0.988569,0.8,0,1
7116,flayer8,-0.162707,13.4823,-0.256349,0.155837,2
7118,bullet2,14.9341,0.889847,0.8,0,1
7118,bullet3,5.83564,0.914496,0.8,0,1
7119,player,5.36604,0.969023,-0.0696045,0.0545273,1
7119,bullet1,10.3786,1.01261,0.8,0,1
7120,flyer6,4.49999,3.35289,-0.3,0,2
7120,bullet6,14.9359,0.988569,0.8,0,1
7122,flyer5,16.5,6.77636,-0.257826,-0.153382,2
7123,bullet3,9.83564,0.914496,0.8,0,1
7124,player,5.31014,2.159,-0.0012844,0.100105,1
7124,bullet1,14.3786,1.01261,0.8,0,1
7124,bullet5,5.71014,2.159,0.8,0,1
7125,flyer6,2.99999,3.35289,-0.3,0,2
7127,flyer5,15.2109,6.00945,-0.257826,-0.153382,2
7128,bullet3,13.8356,0.914496,0.8,0,1
7128,bullet4,5.70913,1.1597,0.8,0,1
7129,player,5.30911,1.07937,-2.37008e-05,-0.0803362,1
7129,bullet5,9.71014,2.159,0.8,0,1
7130,flyer6,1.49999,3.35289,-0.3,0,2
7132,flyer5,13.9217,5.24254,-0.257826,-0.153382,2
7132,bullet2,5.70909,1.01963,0.8,0,1
7133,bullet4,9.70913,1.1597,0.8,0,1
7134,player,5.30909,1.01485,-4.37346e-07,-0.00148243,1
7134,bullet5,13.7101,2.159,0.8,0,1
7135,flyer6,-6.4373e-06,3.35289,-0.3,0,2
7137,flyer5,12.6326,4.47563,-0.257826,-0.153382,2
7137,bullet2,9.70909,1.01963,0.8,0,1
7138,flyer3,16.5,3.35289,-0.265034,0.140559,2
7138,bullet4,13.7091,1.1597,0.8,0,1
7139,player,4.70678,2.66306,-0.0138396,0.234031,1
7142,flyer5,11.3435,3.70873,-0.257826,-0.153382,2
7142,flyer2,16.5,10.4887,-0.3,0,2
7142,bullet2,13.7091,1.01963,0.8,0,1
7142,bullet6,5.6542,2.8371,0.8,0,1
7143,flyer3,15.1748,4.05568,-0.265034,0.140559,2
7144,player,5.29798,2.51351,0.0135842,-0.333181,1
7145,bullet1,5.70409,2.36358,0.8,0,1
7147,flyer5,10.0544,2.94182,-0.257826,-0.153382,1
7147,flyer2,15,10.4887,-0.3,0,2
7147,explosion6,9.6542,2.8371,-0.257826,-0.153382,1
7147,bullet3,5.70808,2.26575,0.8,0,1
7148,flyer3,13.8497,4.75848,-0.265034,0.140559,2
7149,player,4.81951,2.73531,-0.151624,0.145727,1
7149,explosion7,8.90409,2.36358,-0.257826,-0.153382,1
7149,explosion8,9.5387,2.63505,-0.257826,-0.153382,1
7150,bullet5,5.15128,2.80089,0.8,0,1
7152,flyer2,13.5,10.4887,-0.3,0,2
7152,bullet3,9.70808,2.26575,0.8,0,1
7153,flyer3,12.5245,5.46127,-0.265034,0.140559,2
7154,player,4.69774,2.85234,-0.0027979,0.00268907,1
7154,explosion8,8.24957,1.86814,-0.257826,-0.153382,1
7154,bullet4,5.09774,2.85234,0.8,0,1
7155,bullet5,9.15128,2.80089,0.8,0,1
7157,flyer2,12,10.4887,-0.3,0,2
7157,bullet3,13.7081,2.26575,0.8,0,1
7157,bullet2,5.65338,3.41206,0.8,0,1
7158,flyer3,11.1993,6.16407,-0.265034,0.140559,2
7159,player,5.29781,3.45682,0.013788,0.0138892,1
7159,bullet4,9.09774,2.85234,0.8,0,1
7160,bullet5,13.1513,2.80089,0.8,0,1
7162,flyer2,10.5,10.4887,-0.3,0,2
7162,bullet2,9.65338,3.41206,0.8,0,1
7163,flyer3,9.87413,6.86686,-0.265034,0.140559,2
7164,player,4.92678,4.07028,-0.282741,0.0140959,1
7164,bullet4,13.0977,2.85234,0.8,0,1
7167,flyer2,9,10.4887,-0.3,0,2
7167,bullet2,13.6534,3.41206,0.8,0,1
7168,flyer3,8.54896,7.56965,-0.265034,0.140559,2
7169,player,5.25744,4.57098,0.0631264,0.152135,1
7169,flayer7,16.5,10.4887,-0.3,0,2
7171,flyer1,16.5,10.4887,-0.293314,-0.0629825,2
7172,flyer2,7.5,10.4887,-0.3,0,2
7173,flyer3,7.22379,8.27245,-0.265034,0.140559,2
7174,player,5.26354,3.53312,0.055669,-0.079376,1
7174,flayer7,15,10.4887,-0.3,0,2
7174,bullet6,5.66354,3.53312,0.8,0,1
7176,flyer1,15.0334,10.1738,-0.293314,-0.0629825,2
7177,flyer2,5.99999,10.4887,-0.3,0,2
7178,flyer3,5.89861,8.97524,-0.265034,0.140559,2
7179,player,5.91056,1.81997,0.0148669,-0.235523,1
7179,flayer7,13.5,10.4887,-0.3,0,2
7179,bullet6,9.66354,3.53312,0.8,0,1
7180,bullet1,6.31725,1.71399,0.8,0,1
7181,flyer1,13.5669,9.85891,-0.293314,-0.0629825,2
7182,flyer2,4.49999,10.4887,-0.3,0,2
7182,bullet3,6.32162,1.64483,0.8,0,1
7183,flyer3,4.57344,9.67803,-0.265034,0.140559,2
7184,player,5.9225,1.63083,0.000274335,-0.00434606,1
7184,flayer7,12,10.4887,-0.3,0,2
7184,bullet6,13.6635,3.53312,0.8,0,1
7184,bullet5,6.3225,1.63083,0.8,0,1
7185,bullet1,10.3173,1.71399,0.8,0,1
7186,flyer1,12.1003,9.544,-0.293314,-0.0629825,2
7187,flyer2,2.99999,10.4887,-0.3,0,2
7187,bullet3,10.3216,1.64483,0.8,0,1
7188,flyer3,3.24827,10.3808,-0.265034,0.140559,2
7188,bullet4,6.91119,2.21589,0.8,0,1
7189,player,6.52503,2.22965,0.0138447,0.0137594,1
7189,flayer7,10.5,10.4887,-0.3,0,2
7189,bullet5,10.3225,1.63083,0.8,0,1
7190,bullet1,14.3173,1.71399,0.8,0,1
7191,flyer1,10.6337,9.22909,-0.293314,-0.0629825,2
7192,flyer2,1.49999,10.4887,-0.3,0,2
7192,bullet3,14.3216,1.64483,0.8,0,1
7193,flyer3,1.9231,11.0836,-0.265034,0.140559,2
7193,bullet4,10.9112,2.21589,0.8,0,1
7194,player,6.31593,3.04939,0.269412,-0.238148,1
7194,flayer7,9,10.4887,-0.3,0,2
7194,bullet5,14.3225,1.63083,0.8,0,1
7196,flyer1,9.16715,8.91418,-0.293314,-0.0629825,2
7197,flyer2,-6.4373e-06,10.4887,-0.3,0,2
7198,flyer3,0.597924,11.7864,-0.265034,0.140559,2
7198,bullet4,14.9112,2.21589,0.8,0,1
7199,player,5.92998,1.69811,-0.00886821,-0.0865778,1
7199,flayer7,7.5,10.4887,-0.3,0,2
7199,bullet2,6.32998,1.69811,0.8,0,1
7201,flyer1,7.70058,8.59926,-0.293314,-0.0629825,2
7201,bullet6,6.32419,1.64162,0.8,0,1
7204,player,5.92286,1.62858,-0.000163643,-0.0015976,1
7204,flayer7,5.99999,10.4887,-0.3,0,2
7204,bullet2,10.33,1.69811,0.8,0,1
7204,bullet1,6.32286,1.62858,0.8,0,1
7205,bullet3,6.32278,1.62786,0.8,0,1
7206,flyer1,6.23401,8.28435,-0.293314,-0.0629825,2
7206,bullet6,10.3242,1.64162,0.8,0,1
7209,player,5.92272,1.6273,-3.01968e-06,-2.94803e-05,1
7209,flayer7,4.49999,10.4887,-0.3,0,2
7209,bullet2,14.33,1.69811,0.8,0,1
7209,bullet1,10.3229,1.62858,0.8,0,1
7210,bullet3,10.3228,1.62786,0.8,0,1
7211,flyer1,4.76744,7.96944,-0.293314,-0.0629825,2
7211,bullet6,14.3242,1.64162,0.8,0,1
7214,player,6.81794,1.93402,0.405844,0.375089,1
7214,flayer7,2.99999,10.4887,-0.3,0,2
7214,bullet1,14.3229,1.62858,0.8,0,1
7215,bullet3,14.3228,1.62786,0.8,0,1
7216,flyer1,3.30087,7.65452,-0.293314,-0.0629825,2
7216,bullet5,7.48275,2.17876,0.8,0,1
7218,flyer4,16.5,10.4887,-0.298209,0.0327365,2
7218,bullet4,7.53638,2.22833,0.8,0,1
7219,player,7.14387,2.23525,0.00748896,0.00692144,1
7219,flayer7,1.49999,10.4887,-0.3,0,2
7219,bullet2,7.54387,2.23525,0.8,0,1
7221,flyer1,1.8343,7.33961,-0.293314,-0.0629825,2
7221,bullet5,11.4828,2.17876,0.8,0,1
7223,flyer4,15.009,10.6524,-0.298209,0.0327365,2
7223,bullet4,11.5364,2.22833,0.8,0,1
7224,player,8.0451,3.13602,0.405982,0.405971,1
7224,flayer7,-6.4373e-06,10.4887,-0.3,0,2
7224,bullet2,11.5439,2.23525,0.8,0,1
7226,flyer1,0.367728,7.0247,-0.293314,-0.0629825,2
7226,bullet5,15.4828,2.17876,0.8,0,1
7228,flyer4,13.5179,10.8161,-0.298209,0.0327365,2
7228,bullet4,15.5364,2.22833,0.8,0,1
7228,bullet6,8.76364,2.89684,0.8,0,1
7229,player,8.37114,2.87358,0.00749151,-0.0232634,1
7229,bullet2,15.5439,2.23525,0.8,0,1
7229,bullet1,8.77114,2.87358,0.8,0,1
7231,flayer8,16.5,1.29686,-0.3,0,2
7231,bullet3,8.77603,2.8584,0.8,0,1
7233,flyer4,12.0269,10.9798,-0.298209,0.0327365,2
7233,bullet6,12.7636,2.89684,0.8,0,1
7234,player,8.93488,3.41262,0.068482,0.0679145,1
7234,bullet1,12.7711,2.87358,0.8,0,1
7234,bullet5,9.33488,3.41262,0.8,0,1
7236,flayer8,15,1.29686,-0.3,0,2
7236,bullet3,12.776,2.8584,0.8,0,1
7238,flyer4,10.5358,11.1435,-0.298209,0.0327365,2
7239,player,9.32737,3.73197,0.338764,-0.322407,1
7239,bullet5,13.3349,3.41262,0.8,0,1
7241,flayer8,13.5,1.29686,-0.3,0,2
7241,flyer6,16.5,3.38762,-0.3,0,2
7241,bullet4,9.94841,3.5216,0.8,0,1
7242,explosion1,15.7349,3.41262,-0.3,0,1
7243,flyer4,9.04479,11.3072,-0.298209,0.0327365,2
7244,player,9.59943,2.91533,0.00625114,-0.0742931,1
7244,bullet2,9.19943,2.91533,-0.8,-6.99382e-08,1
7245,bullet6,10.0022,2.8819,0.8,0,1
7246,flayer8,12,1.29686,-0.3,0,2
7246,flyer6,15,3.38762,-0.3,0,1
7246,bullet4,13.9484,3.5216,0.8,0,1
7247,explosion1,14.2349,3.41262,-0.3,0,1
7247,explosion2,14.7484,3.5216,-0.3,0,1
7247,explosion3,14.7,3.38762,-0.3,0,1
7248,flyer4,7.55375,11.4708,-0.298209,0.0327365,2
7249,player,9.5361,1.80857,0.0836466,-0.22159,1
7249,bullet2,5.19943,2.91533,-0.8,-6.99382e-08,1
7250,bullet6,14.0022,2.8819,0.8,0,1
7251,flayer8,10.5,1.29686,-0.3,0,2
7252,explosion3,13.2,3.38762,-0.3,0,1
7252,bullet1,9.9983,1.08607,0.8,0,1
