9419,player,4.2883,6.28031,0,0,1
9419,bullet1,4.6883,6.28031,0.8,0,1
9421,bullet2,4.6883,6.28031,0.8,0,1
9424,player,4.2883,5.72259,0,-0.0683438,1
9424,bullet1,8.6883,6.28031,0.8,0,1
9424,bullet3,4.6883,5.72259,0.8,0,1
9426,bullet2,8.6883,6.28031,0.8,0,1
9429,player,4.06808,5.41674,0.269156,0.305484,1
9429,flyer1,16.5,5.71972,-0.3,0,2
9429,bullet1,12.6883,6.28031,0.8,0,1
9429,bullet3,8.6883,5.72259,0.8,0,1
9431,bullet2,12.6883,6.28031,0.8,0,1
9432,explosion1,15.0883,6.28031,-0.3,0,1
9432,bullet4,5.15761,5.15453,0.8,0,1
9434,player,4.87271,4.73609,0.0357214,-0.362618,1
9434,flyer1,15,5.71972,-0.3,0,0
9434,bullet3,12.6883,5.72259,0.8,0,1
9434,explosion2,15.0883,6.28031,-0.3,0,1
9434,explosion3,15,5.71972,-0.3,0,1
9437,bullet4,9.15761,5.15453,0.8,0,1
9437,bullet5,4.8099,3.97707,0.8,0,1
9439,player,4.31292,3.85641,-0.0300955,-0.037446,1
9439,flyer2,16.5,5.71972,-0.284133,-0.0962738,2
9439,explosion2,13.5883,6.28031,-0.3,0,1
9439,bullet6,4.71292,3.85641,0.8,0,1
9442,bullet4,13.1576,5.15453,0.8,0,1
9442,bullet5,8.8099,3.97707,0.8,0,1
9444,player,4.28875,3.79558,-0.000555347,0.0368981,1
9444,flyer2,15.0793,5.23835,-0.284133,-0.0962738,1
9444,bullet6,8.71292,3.85641,0.8,0,1
9444,explosion4,14.7576,5.15453,-0.284133,-0.0962738,1
9444,bullet1,4.68875,3.79558,0.8,0,1
9447,bullet5,12.8099,3.97707,0.8,0,1
9447,bullet2,4.13062,3.2653,0.8,0,1
9448,explosion5,13.6099,3.97707,-0.284133,-0.0962738,1
9448,explosion6,13.9428,4.85326,-0.284133,-0.0962738,1
9449,player,3.686,3.2229,-0.0138499,-0.0131587,1
9449,bullet6,12.7129,3.85641,0.8,0,1
9449,explosion4,13.3369,4.67316,-0.284133,-0.0962738,1
9449,bullet1,8.68876,3.79558,0.8,0,1
9449,bullet3,4.086,3.2229,0.8,0,1
9452,bullet2,8.13062,3.2653,0.8,0,1
9453,explosion6,12.5221,4.37189,-0.284133,-0.0962738,1
9454,player,3.33737,3.21233,-0.337756,-0.000242816,1
9454,flyer3,16.5,5.71972,-0.298524,0.0297229,2
9454,bullet1,12.6888,3.79558,0.8,0,1
9454,bullet3,8.086,3.2229,0.8,0,1
9457,bullet2,12.1306,3.2653,0.8,0,1
9457,bullet4,2.99683,3.70152,0.8,0,1
9459,player,2.47765,3.80061,-0.0369872,0.0307502,1
9459,flyer3,15.0074,5.86834,-0.298524,0.0297229,2
9459,bullet3,12.086,3.2229,0.8,0,1
9459,bullet5,2.87765,3.80061,0.8,0,1
9462,bullet2,16.1306,3.2653,0.8,0,1
9462,bullet4,6.99683,3.70152,0.8,0,1
9464,player,2.44795,4.1628,-0.000682518,0.338067,1
9464,flyer3,13.5148,6.01695,-0.298524,0.0297229,2
9464,bullet3,16.086,3.2229,0.8,0,1
9464,bullet5,6.87765,3.80061,0.8,0,1
9465,flyer4,16.5,2.0583,-0.286786,-0.088054,2
9467,bullet4,10.9968,3.70152,0.8,0,1
9469,player,1.28737,5.32952,-0.082196,0.412082,1
9469,flyer3,12.0221,6.16556,-0.298524,0.0297229,2
9469,bullet5,10.8777,3.80061,0.8,0,1
9470,flyer4,15.0661,1.61803,-0.286786,-0.088054,2
9471,bullet6,1.63374,5.5984,0.8,0,1
9472,bullet4,14.9968,3.70152,0.8,0,1
9472,bullet1,1.62625,5.63595,0.8,0,1
9474,player,1.55886,5.66045,0.335983,0.00760407,1
9474,flyer3,10.5295,6.31418,-0.298524,0.0297229,2
9474,bullet5,14.8777,3.80061,0.8,0,1
9475,flyer4,13.6321,1.17776,-0.286786,-0.088054,2
9475,bullet2,2.11005,5.66388,0.8,0,1
9476,bullet6,5.63374,5.5984,0.8,0,1
9477,bullet1,5.62625,5.63595,0.8,0,1
9477,bullet3,2.20871,5.66611,0.8,0,1
9479,player,1.82868,5.66656,0.00619984,0.000140317,1
9479,flyer3,9.0369,6.46279,-0.298524,0.0297229,2
9480,flyer4,12.1982,0.737488,-0.286786,-0.088054,2
9480,bullet2,6.11005,5.66388,0.8,0,1
9480,explosion7,8.02625,5.63595,-0.298524,0.0297229,1
9480,explosion8,8.83374,5.5984,-0.298524,0.0297229,1
9480,explosion1,8.73838,6.49251,-0.298524,0.0297229,1
9481,bullet4,2.23273,5.66665,0.8,0,1
9482,bullet3,6.20871,5.66611,0.8,0,1
9482,bullet5,2.23329,5.66666,0.8,0,1
9484,player,1.83366,5.66667,0.000114404,2.58923e-06,1
9485,flyer4,10.7643,0.297218,-0.286786,-0.088054,2
9485,bullet2,10.1101,5.66388,0.8,0,1
9485,explosion8,7.34112,5.74701,-0.298524,0.0297229,1
9485,explosion1,7.24576,6.64113,-0.298524,0.0297229,1
9486,bullet4,6.23273,5.66665,0.8,0,1
9487,bullet3,10.2087,5.66611,0.8,0,1
9487,bullet5,6.23329,5.66666,0.8,0,1
9489,player,2.09857,6.00417,-0.323658,0.3375,1
9490,flyer4,9.33035,-0.143052,-0.286786,-0.088054,2
9490,bullet2,14.1101,5.66388,0.8,0,1
9491,bullet4,10.2327,5.66665,0.8,0,1
9492,bullet3,14.2087,5.66611,0.8,0,1
9492,bullet5,10.2333,5.66666,0.8,0,1
9494,player,1.25017,5.93771,-0.0367271,-0.331272,1
9495,flyer5,16.5,5.71972,-0.3,0,2
9496,flyer6,16.5,5.71972,-0.3,0,2
9496,bullet4,14.2327,5.66665,0.8,0,1
9497,bullet5,14.2333,5.66666,0.8,0,1
9497,explosion3,15.0327,5.66665,-0.3,0,1
9498,explosion2,15.0333,5.66666,-0.3,0,1
9499,player,1.22067,4.51164,-0.000677718,-0.0882963,1
9499,bullet6,1.62067,4.51164,0.8,0,1
9500,flyer5,15,5.71972,-0.3,0,1
9501,flyer6,15,5.71972,-0.3,0,1
9501,bullet1,1.62023,4.45403,0.8,0,1
9504,player,1.77785,3.88301,0.0683312,-0.0699731,1
9504,bullet6,5.62068,4.51164,0.8,0,1
9505,flyer5,13.5,5.71972,-0.3,0,1
9506,flyer6,13.5,5.71972,-0.3,0,1
9506,bullet1,5.62023,4.45403,0.8,0,1
9509,player,1.23041,4.49747,-0.0125787,-0.0709828,1
9509,bullet6,9.62068,4.51164,0.8,0,1
9510,flyer5,12,5.71972,-0.3,0,1
9511,flyer6,12,5.71972,-0.3,0,1
9511,bullet1,9.62023,4.45403,0.8,0,1
9511,bullet2,1.6222,4.45116,0.8,0,1
9512,bullet3,1.62106,4.44469,0.8,0,1
9514,player,1.22031,4.10297,-0.000232113,-0.33881,1
9514,bullet6,13.6207,4.51164,0.8,0,1
9515,flyer5,10.5,5.71972,-0.3,0,1
9516,flyer6,10.5,5.71972,-0.3,0,1
9516,bullet1,13.6202,4.45403,0.8,0,1
9516,bullet2,5.6222,4.45116,0.8,0,1
9517,bullet3,5.62106,4.44469,0.8,0,1
9519,player,0.882623,3.22856,-0.337504,-0.0200916,1
9520,flyer5,9,5.71972,-0.3,0,1
9520,bullet4,1.13075,3.21952,0.8,0,1
9521,flyer6,9,5.71972,-0.3,0,1
9521,bullet2,9.62221,4.45116,0.8,0,1
9522,bullet3,9.62106,4.44469,0.8,0,1
9524,player,0.611579,3.21243,-0.0062279,-0.000370747,1
9524,bullet5,0.211579,3.21243,-0.8,-6.99382e-08,1
9525,flyer5,7.5,5.71972,-0.3,0,1
9525,bullet4,5.13075,3.21952,0.8,0,1
9525,bullet6,1.00878,3.21226,0.8,0,1
9526,flyer6,7.5,5.71972,-0.3,0,1
9526,bullet2,13.6222,4.45116,0.8,0,1
9527,bullet3,13.6211,4.44469,0.8,0,1
9529,player,0.674921,3.14379,-0.0836462,0.0835244,1
9530,flyer5,5.99999,5.71972,-0.3,0,1
9530,bullet4,9.13075,3.21952,0.8,0,1
9530,bullet6,5.00878,3.21226,0.8,0,1
9530,bullet1,1.03728,3.18137,0.8,0,1
9531,flyer6,5.99999,5.71972,-0.3,0,1
9532,bullet5,1.01272,3.2059,0.8,0,1
9534,player,0.607746,3.21086,-0.00154351,0.00154126,1
9535,flyer5,4.49999,5.71972,-0.3,0,1
9535,bullet4,13.1307,3.21952,0.8,0,1
9535,bullet6,9.00878,3.21226,0.8,0,1
9535,bullet1,5.03728,3.18137,0.8,0,1
9536,flyer6,4.49999,5.71972,-0.3,0,1
9537,bullet5,5.01272,3.2059,0.8,0,1
9539,player,1.6536,2.16501,0.22019,-0.22019,1
9540,flyer5,2.99999,5.71972,-0.3,0,1
9540,bullet6,13.0088,3.21226,0.8,0,1
9540,bullet1,9.03728,3.18137,0.8,0,1
9540,bullet2,2.15269,2.06592,0.8,0,1
9541,flyer6,2.99999,5.71972,-0.3,0,1
9542,bullet5,9.01272,3.2059,0.8,0,1
9544,player,1.83043,1.65067,0.00406313,-0.341563,1
9545,flyer5,1.49999,5.71972,-0.3,0,1
9545,bullet1,13.0373,3.18137,0.8,0,1
9545,bullet2,6.15269,2.06592,0.8,0,1
9546,flyer6,1.49999,5.71972,-0.3,0,1
9547,bullet5,13.0127,3.2059,0.8,0,1
9549,player,1.4516,2.1989,-0.282921,-0.261619,1
9550,flyer5,-6.4373e-06,5.71972,-0.3,0,1
9550,bullet2,10.1527,2.06592,0.8,0,1
9551,flyer6,-6.4373e-06,5.71972,-0.3,0,1
9551,bullet3,1.66699,2.0282,0.8,0,1
9552,bullet5,17.0127,3.2059,0.8,0,1
9553,flayer7,16.5,1.48101,-0.3,0,2
9554,player,1.56189,2.88402,0.332279,0.401016,1
9554,flayer8,16.5,1.48101,-0.3,0,2
9555,bullet2,14.1527,2.06592,0.8,0,1
9556,bullet3,5.667,2.0282,0.8,0,1
9556,explosion4,14.9527,2.06592,-0.3,0,1
9558,flayer7,15,1.48101,-0.3,0,1
9559,player,0.668708,4.3661,-0.0760519,0.0895832,1
9559,flayer8,15,1.48101,-0.3,0,2
9559,bullet4,1.06871,4.3661,0.8,0,1
9561,bullet3,9.667,2.0282,0.8,0,1
9562,bullet6,0.8,3.94334,0.8,0,1
9563,flayer7,13.5,1.48101,-0.3,0,1
9564,player,0.4,3.84957,0,-0.0291016,1
9564,flayer8,13.5,1.48101,-0.3,0,2
9564,bullet4,5.06871,4.3661,0.8,0,1
9564,bullet1,0.8,3.84957,0.8,0,1
9565,explosion5,12.867,2.0282,-0.3,0,1
9565,bullet5,0.8,3.83647,0.8,0,1
9567,bullet6,4.8,3.94334,0.8,0,1
9568,flayer7,12,1.48101,-0.3,0,1
9569,player,0.620219,3.8262,-0.269156,-0.000537007,1
9569,flayer8,12,1.48101,-0.3,0,1
9569,bullet4,9.06871,4.3661,0.8,0,1
9569,bullet1,4.8,3.84957,0.8,0,1
9570,bullet5,4.8,3.83647,0.8,0,1
9572,bullet6,8.8,3.94334,0.8,0,1
9573,flayer7,10.5,1.48101,-0.3,0,1
9574,player,0.741564,4.04599,0.332533,-0.269166,1
9574,flayer8,10.5,1.48101,-0.3,0,1
9574,bullet4,13.0687,4.3661,0.8,0,1
9574,bullet1,8.8,3.84957,0.8,0,1
9575,bullet5,8.8,3.83647,0.8,0,1
9577,bullet6,12.8,3.94334,0.8,0,1
9578,flayer7,9,1.48101,-0.3,0,1
9579,player,1.61093,3.22751,0.0199758,-0.0188065,1
9579,flayer8,9,1.48101,-0.3,0,1
9579,bullet1,12.8,3.84957,0.8,0,1
9579,bullet2,2.01093,3.22751,0.8,0,1
9580,bullet5,12.8,3.83647,0.8,0,1
9582,bullet3,2.02578,3.21353,0.8,0,1
9583,flayer7,7.5,1.48101,-0.3,0,1
9584,player,1.28947,3.21241,-0.337131,-0.000347033,1
9584,flayer8,7.5,1.48101,-0.3,0,1
9584,bullet2,6.01093,3.22751,0.8,0,1
9587,bullet3,6.02578,3.21353,0.8,0,1
9588,flayer7,5.99999,1.48101,-0.3,0,1
9589,player,2.51626,2.99191,0.413462,0.26915,1
9589,flayer8,5.99999,1.48101,-0.3,0,1
9589,bullet2,10.0109,3.22751,0.8,0,1
9591,bullet4,3.18604,3.16753,0.8,0,1
9592,bullet3,10.0258,3.21353,0.8,0,1
9592,bullet6,3.22372,3.19206,0.8,0,1
9593,flayer7,4.49999,1.48101,-0.3,0,1
9594,player,2.8483,3.54556,0.00762954,0.342467,1
9594,flayer8,4.49999,1.48101,-0.3,0,1
9594,bullet2,14.0109,3.22751,0.8,0,1
9596,bullet4,7.18604,3.16753,0.8,0,1
9597,bullet3,14.0258,3.21353,0.8,0,1
9597,bullet6,7.22372,3.19206,0.8,0,1
9598,flayer7,2.99999,1.48101,-0.3,0,1
9599,player,3.93228,4.40906,0.18277,0.0370742,1
9599,flayer8,2.99999,1.48101,-0.3,0,1
9601,bullet4,11.186,3.16753,0.8,0,1
9601,bullet1,4.45154,4.43325,0.8,0,1
9602,bullet6,11.2237,3.19206,0.8,0,1
9603,flayer7,1.49999,1.48101,-0.3,0,1
9604,player,4.07906,4.43884,0.00337263,0.000684123,1
9604,flayer8,1.49999,1.48101,-0.3,0,1
9604,bullet5,4.47906,4.43884,0.8,0,1
9606,bullet4,15.186,3.16753,0.8,0,1
9606,bullet1,8.45154,4.43325,0.8,0,1
9607,bullet6,15.2237,3.19206,0.8,0,1
9608,flayer7,-6.4373e-06,1.48101,-0.3,0,1
9609,player,4.67024,4.43939,0.0308169,1.2624e-05,1
9609,flayer8,-6.4373e-06,1.48101,-0.3,0,1
9609,bullet5,8.47906,4.43884,0.8,0,1
9609,bullet2,5.07024,4.43939,0.8,0,1
9611,flyer1,16.5,1.48101,-0.3,0,2
9611,bullet1,12.4515,4.43325,0.8,0,1
9611,bullet3,5.09035,4.4394,0.8,0,1
9614,player,4.69499,4.4394,0.000568659,2.32948e-07,1
9614,bullet5,12.4791,4.43884,0.8,0,1
9614,bullet2,9.07024,4.43939,0.8,0,1
9616,flyer1,15,1.48101,-0.3,0,2
9616,bullet3,9.09035,4.4394,0.8,0,1
9619,player,4.7262,4.47015,-0.0375786,-0.0375891,1
9619,flyer2,16.5,4.40548,-0.296657,0.0446609,2
9619,bullet2,13.0702,4.43939,0.8,0,1
9619,bullet4,5.1262,4.47015,0.8,0,1
9621,flyer1,13.5,1.48101,-0.3,0,2
9621,bullet3,13.0903,4.4394,0.8,0,1
9621,bullet6,5.10168,4.44563,0.8,0,1
9622,explosion6,15.4702,4.43939,-0.296657,0.0446609,1
9623,explosion7,14.6903,4.4394,-0.296657,0.0446609,1
9623,explosion8,15.3134,4.58412,-0.296657,0.0446609,1
9624,player,4.4758,4.66019,0.268463,-0.26985,1
9624,bullet4,9.1262,4.47015,0.8,0,1
9626,flyer1,12,1.48101,-0.3,0,2
9626,bullet6,9.10168,4.44563,0.8,0,1
9628,explosion8,13.8301,4.80743,-0.296657,0.0446609,1
9629,player,4.3539,4.41272,-0.332546,0.0326096,1
9629,flyer3,16.5,1.48101,-0.296877,0.0431773,2
9629,bullet4,13.1262,4.47015,0.8,0,1
9631,flyer1,10.5,1.48101,-0.3,0,2
9631,bullet6,13.1017,4.44563,0.8,0,1
9632,bullet1,3.21723,4.92634,-0.8,-6.99382e-08,1
9634,player,3.49836,5.02738,-0.0368911,0.0313564,1
9634,flyer3,15.0156,1.6969,-0.296877,0.0431773,2
9634,bullet5,3.89836,5.02738,0.8,0,1
9636,flyer1,9,1.48101,-0.3,0,2
9637,flyer4,16.5,1.48101,-0.3,0,2
9639,player,3.46874,5.05256,-0.000680744,0.000578614,1
9639,flyer3,13.5312,1.91278,-0.296877,0.0431773,2
9639,bullet5,7.89836,5.02738,0.8,0,1
9639,bullet2,3.86874,5.05256,0.8,0,1
9641,flyer1,7.5,1.48101,-0.3,0,2
9642,flyer4,15,1.48101,-0.3,0,2
9643,bullet3,4.42592,5.61074,0.8,0,1
9644,player,4.05666,5.6415,0.0307421,0.0307654,1
9644,flyer3,12.0468,2.12867,-0.296877,0.0431773,2
9644,bullet5,11.8984,5.02738,0.8,0,1
9644,bullet2,7.86874,5.05256,0.8,0,1
9646,flyer1,5.99999,1.48101,-0.3,0,2
9647,flyer4,13.5,1.48101,-0.3,0,2
9648,bullet3,8.42592,5.61074,0.8,0,1
9648,bullet4,4.48079,5.07717,0.8,0,1
9649,player,4.08135,5.40139,0.000567279,0.324228,1
9649,flyer3,10.5625,2.34456,-0.296877,0.0431773,2
9649,bullet5,15.8984,5.02738,0.8,0,1
9649,bullet2,11.8687,5.05256,0.8,0,1
9651,flyer1,4.49999,1.48101,-0.3,0,2
9652,flyer4,12,1.48101,-0.3,0,2
9653,bullet3,12.4259,5.61074,0.8,0,1
9653,bullet4,8.48079,5.07717,0.8,0,1
9653,bullet6,4.23952,5.65579,-0.8,-6.99382e-08,1
9654,player,4.67028,5.66178,0.0307652,0.00598292,1
9654,flyer3,9.07808,2.56044,-0.296877,0.0431773,2
9654,bullet2,15.8687,5.05256,0.8,0,1
9655,bullet1,5.08413,5.66447,0.8,0,1
9656,flyer1,2.99999,1.48101,-0.3,0,2
9657,flyer4,10.5,1.48101,-0.3,0,2
9658,bullet4,12.4808,5.07717,0.8,0,1
9658,bullet6,0.239516,5.65579,-0.8,-6.99382e-08,1
9658,bullet5,5.09442,5.10876,0.8,0,1
9659,player,4.69499,5.07811,0.000567704,-0.0306443,1
9659,flyer3,7.59369,2.77633,-0.296877,0.0431773,2
9660,bullet1,9.08413,5.66447,0.8,0,1
9661,flyer1,1.49999,1.48101,-0.3,0,2
9661,bullet2,5.09536,5.54749,0.8,0,1
9662,flyer4,9,1.48101,-0.3,0,2
9663,bullet5,9.09442,5.10876,0.8,0,1
9663,bullet3,5.09543,5.64254,0.8,0,1
9664,player,4.69544,5.65581,1.04757e-05,0.0132741,1
9664,flyer3,6.10931,2.99222,-0.296877,0.0431773,2
9665,bullet1,13.0841,5.66447,0.8,0,1
9666,flyer1,-6.4373e-06,1.48101,-0.3,0,2
9666,bullet2,9.09536,5.54749,0.8,0,1
9667,flyer4,7.5,1.48101,-0.3,0,2
9668,bullet5,13.0944,5.10876,0.8,0,1
9668,bullet3,9.09543,5.64254,0.8,0,1
9669,player,5.7733,6.15585,0.18263,0.15212,1
9669,flyer3,4.62493,3.2081,-0.296877,0.0431773,2
9671,bullet2,13.0954,5.54749,0.8,0,1
9672,flyer4,5.99999,1.48101,-0.3,0,2
9673,bullet3,13.0954,5.64254,0.8,0,1
9673,bullet6,5.1704,6.27521,0.8,0,1
9674,player,4.72918,6.27802,-0.0412243,0.00280704,1
9674,flyer3,3.14055,3.42399,-0.296877,0.0431773,2
9674,bullet4,4.32918,6.27802,-0.8,-6.99382e-08,1
9677,flyer4,4.49999,1.48101,-0.3,0,2
9678,bullet6,9.1704,6.27521,0.8,0,1
9678,bullet1,4.53911,6.28022,0.8,0,1
9679,player,4.1076,6.28027,-0.0315154,5.17978e-05,1
9679,flyer3,1.65616,3.63988,-0.296877,0.0431773,2
9679,bullet4,0.329179,6.27802,-0.8,-6.99382e-08,1
9680,bullet5,4.49342,6.28029,0.8,0,1
9682,flyer4,2.99999,1.48101,-0.3,0,2
9683,bullet6,13.1704,6.27521,0.8,0,1
9683,bullet1,8.53911,6.28022,0.8,0,1
9684,player,3.00444,6.28031,-0.183211,9.55815e-07,1
9684,flyer3,0.17178,3.85576,-0.296877,0.0431773,2
9685,bullet5,8.49342,6.28029,0.8,0,1
9687,flyer4,1.49999,1.48101,-0.3,0,2
9688,flyer5,16.5,8.07197,-0.217813,-0.206294,2
9688,bullet1,12.5391,6.28022,0.8,0,1
9688,bullet2,2.46069,6.28031,-0.8,-6.99382e-08,1
9689,player,2.85731,6.28031,-0.00338076,1.76375e-08,1
9690,bullet5,12.4934,6.28029,0.8,0,1
9692,flyer4,-6.4373e-06,1.48101,-0.3,0,2
9693,flyer5,15.4109,7.0405,-0.217813,-0.206294,1
9693,explosion1,14.8934,6.28029,-0.217813,-0.206294,1
9693,bullet3,3.2239,7.4265,0.8,0,1
9694,player,2.84075,7.47109,0.0168527,0.0445943,1
9695,flyer6,16.5,8.07197,-0.255325,0.157508,2
9695,bullet4,3.24834,7.49116,0.8,0,1
9698,flyer5,14.3219,6.00902,-0.217813,-0.206294,1
9698,bullet3,7.2239,7.4265,0.8,0,1
9698,bullet6,3.81169,7.50608,0.8,0,1
9699,player,3.44276,7.16941,0.0310657,-0.336677,1
9700,flyer6,15.2234,8.85951,-0.255325,0.157508,2
9700,bullet4,7.24834,7.49116,0.8,0,1
9703,flyer5,13.2328,4.97755,-0.217813,-0.206294,1
9703,bullet3,11.2239,7.4265,0.8,0,1
9703,bullet6,7.8117,7.50608,0.8,0,1
9703,bullet2,3.86714,7.39462,0.8,0,1
9704,player,3.46771,7.45675,0.000573249,0.0621311,1
9705,flyer6,13.9467,9.64706,-0.255325,0.157508,2
9705,bullet4,11.2483,7.49116,0.8,0,1
9708,flyer5,12.1437,3.94608,-0.217813,-0.206294,1
9708,bullet3,15.2239,7.4265,0.8,0,1
9708,bullet6,11.8117,7.50608,0.8,0,1
9708,bullet2,7.86714,7.39462,0.8,0,1
9709,player,2.27738,9.03493,-0.0445837,0.383241,1
9710,flyer6,12.6701,10.4346,-0.255325,0.157508,2
9710,bullet4,15.2483,7.49116,0.8,0,1
9713,flyer5,11.0547,2.91461,-0.217813,-0.206294,1
9713,bullet6,15.8117,7.50608,0.8,0,1
9713,bullet2,11.8671,7.39462,0.8,0,1
9713,bullet1,2.6424,8.77791,0.8,0,1
9714,player,2.24158,8.75423,-0.000822695,-0.0236828,1
9715,flyer6,11.3935,11.2221,-0.255325,0.157508,2
9715,bullet5,2.64121,8.74357,0.8,0,1
9718,flyer5,9.9656,1.88314,-0.217813,-0.206294,1
9718,bullet2,15.8671,7.39462,0.8,0,1
9718,bullet1,6.6424,8.77791,0.8,0,1
9718,bullet3,3.19865,8.73565,0.8,0,1
9719,player,2.82939,8.73521,0.0307395,-0.000437015,1
9720,flyer6,10.1169,12.0097,-0.255325,0.157508,2
9720,bullet5,6.64121,8.74357,0.8,0,1
9723,flyer5,8.87653,0.851664,-0.217813,-0.206294,1
9723,bullet1,10.6424,8.77791,0.8,0,1
9723,bullet3,7.19865,8.73565,0.8,0,1
9723,bullet4,3.81123,7.58867,0.8,0,1
9724,player,3.44255,7.54407,0.0313219,-0.0446024,1
9725,flyer6,8.84024,12.7972,-0.255325,0.157508,2
9725,bullet5,10.6412,8.74357,0.8,0,1
9728,flyer5,7.78746,-0.179807,-0.217813,-0.206294,1
9728,bullet1,14.6424,8.77791,0.8,0,1
9728,bullet3,11.1987,8.73565,0.8,0,1
9728,bullet4,7.81123,7.58867,0.8,0,1
9729,player,3.13021,7.17075,-0.336922,-0.338323,1
9730,flyer6,7.56361,13.5848,-0.255325,0.157508,2
9730,bullet5,14.6412,8.74357,0.8,0,1
9732,bullet6,3.27966,6.91917,0.8,0,1
9733,bullet3,15.1987,8.73565,0.8,0,1
9733,bullet4,11.8112,7.58867,0.8,0,1
9733,bullet2,2.46585,6.90529,-0.8,-6.99382e-08,1
9734,player,2.85963,6.89905,-0.00621716,-0.00624301,1
9735,flyer6,6.28699,14.3723,-0.255325,0.157508,2
9735,bullet1,3.25683,6.89624,0.8,0,1
9737,bullet6,7.27966,6.91917,0.8,0,1
9738,bullet4,15.8112,7.58867,0.8,0,1
9739,player,2.36526,7.38341,-0.15199,0.15176,1
9739,flayer7,16.5,8.07197,-0.3,0,2
9740,flyer6,5.01036,15.1599,-0.255325,0.157508,2
9740,bullet1,7.25683,6.89624,0.8,0,1
9740,bullet5,2.69687,7.4517,0.8,0,1
9741,bullet3,2.66609,7.48244,0.8,0,1
9742,bullet6,11.2797,6.91917,0.8,0,1
9744,player,2.2432,7.01591,-0.00280464,-0.149075,1
9744,flayer7,15,8.07197,-0.3,0,2
9745,flyer6,3.73373,15.9474,-0.255325,0.157508,2
9745,bullet1,11.2568,6.89624,0.8,0,1
9745,bullet5,6.69687,7.4517,0.8,0,1
9746,bullet3,6.66609,7.48244,0.8,0,1
9747,bullet6,15.2797,6.91917,0.8,0,1
9749,player,2.24095,6.29388,-5.17535e-05,-0.0165905,1
9749,flayer7,13.5,8.07197,-0.3,0,2
9750,bullet1,15.2568,6.89624,0.8,0,1
9750,bullet5,10.6969,7.4517,0.8,0,1
9750,bullet2,2.64093,6.28642,0.8,0,1
9751,bullet3,10.6661,7.48244,0.8,0,1
9752,explosion3,12.2969,7.4517,-0.3,0,1
9753,explosion2,12.2661,7.48244,-0.3,0,1
9753,explosion4,12.3,8.07197,-0.3,0,1
9754,player,1.75153,6.76994,-0.151876,0.151569,1
9755,bullet2,6.64093,6.28642,0.8,0,1
9755,bullet4,2.08319,6.83814,0.8,0,1
9756,bullet6,2.05243,6.86884,0.8,0,1
9758,explosion4,10.8,8.07197,-0.3,0,1
9759,player,2.11894,6.40228,0.149072,-0.149078,1
9759,flayer8,16.5,15.4091,-0.3,0,2
9760,bullet2,10.6409,6.28642,0.8,0,1
9760,bullet4,6.08319,6.83814,0.8,0,1
9761,bullet6,6.05243,6.86884,0.8,0,1
9762,bullet1,3.18751,5.73371,0.8,0,1
9764,player,2.84097,5.19087,0.0165904,-0.168466,1
9764,flayer8,15,15.4091,-0.3,0,2
9765,bullet2,14.6409,6.28642,0.8,0,1
9765,bullet4,10.0832,6.83814,0.8,0,1
9766,bullet6,10.0524,6.86884,0.8,0,1
9767,bullet1,7.18751,5.73371,0.8,0,1
9769,player,2.85429,5.99539,0.00030614,0.348231,1
9769,flayer8,13.5,15.4091,-0.3,0,2
9770,bullet4,14.0832,6.83814,0.8,0,1
9770,bullet5,3.25443,6.1521,0.8,0,1
9771,bullet6,14.0524,6.86884,0.8,0,1
9772,bullet1,11.1875,5.73371,0.8,0,1
9774,player,3.41226,5.78568,0.0683494,-0.145449,1
9774,flyer2,16.5,8.07197,-0.3,0,2
9774,flayer8,12,15.4091,-0.3,0,2
9775,bullet5,7.25443,6.1521,0.8,0,1
9775,bullet3,3.84301,5.72022,0.8,0,1
9777,bullet1,15.1875,5.73371,0.8,0,1
9779,player,4.02487,5.11115,0.069605,-0.0710277,1
9779,flyer2,15,8.07197,-0.3,0,2
9779,flayer8,10.5,15.4091,-0.3,0,2
9779,bullet2,4.42487,5.11115,0.8,0,1
9780,bullet5,11.2544,6.1521,0.8,0,1
9780,bullet3,7.84301,5.72022,0.8,0,1
9780,bullet4,4.45619,5.07919,0.8,0,1
9784,player,4.08076,4.56473,0.00128441,-0.153186,1
9784,flyer2,13.5,8.07197,-0.3,0,2
9784,flayer8,9,15.4091,-0.3,0,2
9784,bullet2,8.42487,5.11115,0.8,0,1
9785,bullet5,15.2544,6.1521,0.8,0,1
9785,bullet3,11.843,5.72022,0.8,0,1
9785,bullet4,8.45619,5.07919,0.8,0,1
9787,bullet6,5.03944,5.00854,0.8,0,1
9789,player,4.68411,5.38153,0.0138633,0.348513,1
9789,flyer2,12,8.07197,-0.3,0,2
9789,flayer8,7.5,15.4091,-0.3,0,2
9789,bullet2,12.4249,5.11115,0.8,0,1
9790,bullet3,15.843,5.72022,0.8,0,1
9790,bullet4,12.4562,5.07919,0.8,0,1
9792,bullet6,9.03944,5.00854,0.8,0,1
9794,player,5.25296,6.21913,0.0685996,0.0747748,1
9794,flyer2,10.5,8.07197,-0.3,0,2
9794,flayer8,5.99999,15.4091,-0.3,0,2
9795,flyer1,16.5,15.4091,-0.3,0,2
9795,bullet1,5.68383,6.25278,0.8,0,1
9797,bullet6,13.0394,5.00854,0.8,0,1
9799,player,4.75033,5.72146,-0.0670779,-0.0669639,1
9799,flyer2,9,8.07197,-0.3,0,2
9799,flayer8,4.49999,15.4091,-0.3,0,2
9799,bullet5,5.15033,5.72146,0.8,0,1
9800,flyer1,15,15.4091,-0.3,0,2
9800,bullet1,9.68383,6.25278,0.8,0,1
9804,player,4.62812,5.06537,0.0822935,-0.0150753,1
9804,flyer2,7.5,8.07197,-0.3,0,2
9804,flayer8,2.99999,15.4091,-0.3,0,2
9804,bullet5,9.15033,5.72146,0.8,0,1
9805,flyer1,13.5,15.4091,-0.3,0,2
9805,bullet1,13.6838,6.25278,0.8,0,1
9809,player,3.99279,5.55648,0.108799,0.134682,1
9809,flyer2,5.99999,8.07197,-0.3,0,2
9809,flayer8,1.49999,15.4091,-0.3,0,2
9809,bullet5,13.1503,5.72146,0.8,0,1
9810,flyer1,12,15.4091,-0.3,0,2
9813,bullet3,5.06663,5.76126,0.8,0,1
9814,player,4.68248,5.70924,0.0158473,-0.0520189,1
9814,flyer2,4.49999,8.07197,-0.3,0,2
9814,flayer8,-6.4373e-06,15.4091,-0.3,0,2
9815,flyer1,10.5,15.4091,-0.3,0,2
9815,bullet2,5.08961,5.68583,0.8,0,1
9816,bullet4,5.09282,5.67529,0.8,0,1
9818,bullet3,9.06664,5.76126,0.8,0,1
9819,player,4.69521,5.66746,0.000292427,-0.000959895,1
9819,flyer2,2.99999,8.07197,-0.3,0,2
9819,bullet6,5.09521,5.66746,0.8,0,1
9820,flyer1,9,15.4091,-0.3,0,2
9820,bullet2,9.08961,5.68583,0.8,0,1
9821,bullet4,9.09282,5.67529,0.8,0,1
9823,bullet3,13.0666,5.76126,0.8,0,1
9824,player,4.09313,5.66669,-0.0138342,-1.77128e-05,1
9824,flyer2,1.49999,8.07197,-0.3,0,2
9824,bullet6,9.09521,5.66746,0.8,0,1
9825,flyer1,7.5,15.4091,-0.3,0,2
9825,bullet2,13.0896,5.68583,0.8,0,1
9826,bullet4,13.0928,5.67529,0.8,0,1
9829,player,4.67049,4.7407,0.0304994,-0.368255,1
9829,flyer2,-6.4373e-06,8.07197,-0.3,0,2
9829,bullet6,13.0952,5.66746,0.8,0,1
9830,flyer1,5.99999,15.4091,-0.3,0,2
9830,bullet1,5.08422,4.57499,0.8,0,1
9831,bullet4,17.0928,5.67529,0.8,0,1
9832,flyer3,16.5,8.07197,-0.242595,-0.176488,2
9834,player,4.13726,3.95559,-0.0677809,-0.15867,1
9834,flyer4,16.5,8.6672,-0.283799,0.0972523,2
9835,flyer1,4.49999,15.4091,-0.3,0,2
9835,bullet1,9.08422,4.57499,0.8,0,1
9837,flyer3,15.287,7.18953,-0.242595,-0.176488,2
9839,player,2.93664,3.79741,-0.100349,0.0346611,1
9839,flyer4,15.081,9.15345,-0.283799,0.0972523,2
9839,bullet5,3.33664,3.79741,0.8,0,1
9840,flyer1,2.99999,15.4091,-0.3,0,2
9840,bullet1,13.0842,4.57499,0.8,0,1
9840,bullet3,3.29148,3.81301,0.8,0,1
9842,flyer3,14.0741,6.3071,-0.242595,-0.176488,2
9843,bullet2,3.2579,4.31398,0.8,0,1
9844,player,2.85605,4.38296,-0.00185172,0.0689833,1
9844,flyer4,13.662,9.63971,-0.283799,0.0972523,2
9844,bullet5,7.33664,3.79741,0.8,0,1
9845,flyer1,1.49999,15.4091,-0.3,0,2
9845,bullet3,7.29148,3.81301,0.8,0,1
9846,bullet4,3.25484,4.42797,0.8,0,1
9847,flyer3,12.8611,5.42466,-0.242595,-0.176488,2
9848,bullet2,7.2579,4.31398,0.8,0,1
9849,player,2.63434,4.10086,0.269122,-0.336227,1
9849,flyer4,12.243,10.126,-0.283799,0.0972523,2
9849,bullet5,11.3366,3.79741,0.8,0,1
9850,flyer1,-6.4373e-06,15.4091,-0.3,0,2
9850,bullet3,11.2915,3.81301,0.8,0,1
9851,bullet4,7.25484,4.42797,0.8,0,1
9852,flyer3,11.6481,4.54222,-0.242595,-0.176488,2
9853,explosion5,11.2579,4.31398,-0.242595,-0.176488,1
9854,player,3.45278,3.22853,0.0188057,-0.0200439,1
9854,flyer4,10.824,10.6122,-0.283799,0.0972523,2
9854,bullet5,15.3366,3.79741,0.8,0,1
9854,bullet6,3.85278,3.22853,0.8,0,1
9855,bullet3,15.2915,3.81301,0.8,0,1
9855,explosion6,10.4548,4.42797,-0.242595,-0.176488,1
9855,explosion7,10.9203,4.01276,-0.242595,-0.176488,1
9858,explosion5,10.0449,3.43154,-0.242595,-0.176488,1
9859,player,4.0256,2.94762,0.0686908,0.323291,1
9859,flyer4,9.40502,11.0985,-0.283799,0.0972523,2
9859,bullet6,7.85278,3.22853,0.8,0,1
9860,flyer5,16.5,8.6672,-0.265612,-0.139465,2
9860,explosion7,9.70735,3.13032,-0.242595,-0.176488,1
9861,flyer6,16.5,7.80195,-0.3,0,2
9864,player,2.93458,3.76497,-0.0978309,0.0743094,1
9864,flyer4,7.98602,11.5848,-0.283799,0.0972523,2
9864,bullet6,11.8528,3.22853,0.8,0,1
9864,bullet1,3.33458,3.76497,0.8,0,1
9865,flyer5,15.1719,7.96987,-0.265612,-0.139465,2
9865,bullet2,3.29055,3.79841,0.8,0,1
9866,flyer6,15,7.80195,-0.3,0,2
9869,player,2.85601,4.31402,-0.00180526,0.153246,1
9869,flyer4,6.56703,12.071,-0.283799,0.0972523,2
9869,bullet6,15.8528,3.22853,0.8,0,1
9869,bullet1,7.33458,3.76497,0.8,0,1
9870,flyer5,13.8439,7.27255,-0.265612,-0.139465,2
9870,bullet2,7.29055,3.79841,0.8,0,1
9871,flyer6,13.5,7.80195,-0.3,0,2
9874,player,3.1613,4.18611,0.375056,0.309573,1
9874,flyer4,5.14803,12.5573,-0.283799,0.0972523,2
9874,bullet1,11.3346,3.76497,0.8,0,1
9875,flyer5,12.5158,6.57523,-0.265612,-0.139465,2
9875,bullet2,11.2906,3.79841,0.8,0,1
9876,flyer6,12,7.80195,-0.3,0,2
9879,player,2.04716,4.5866,-0.513209,-0.179912,1
9879,flyer4,3.72904,13.0435,-0.283799,0.0972523,2
9879,bullet1,15.3346,3.76497,0.8,0,1
9880,flyer5,11.1878,5.87791,-0.265612,-0.139465,2
9880,bullet2,15.2906,3.79841,0.8,0,1
9881,flyer6,10.5,7.80195,-0.3,0,2
9882,flayer7,16.5,7.80195,-0.281783,-0.102948,2
9882,bullet4,1.57615,3.96344,0.8,0,1
9884,player,1.04653,3.51614,-0.0402248,-0.371575,1
9884,flyer4,2.31004,13.5298,-0.283799,0.0972523,2
9885,flyer5,9.85971,5.18059,-0.265612,-0.139465,2
9885,bullet5,1.42843,3.34893,0.8,0,1
9886,flyer6,9,7.80195,-0.3,0,2
9887,flayer7,15.0911,7.28721,-0.281783,-0.102948,2
9887,bullet4,5.57615,3.96344,0.8,0,1
9889,player,1.57195,2.99752,0.0676015,0.2623,1
9889,flyer4,0.891045,14.016,-0.283799,0.0972523,2
9890,flyer5,8.53165,4.48326,-0.265612,-0.139465,1
9890,bullet5,5.42843,3.34893,0.8,0,1
9890,explosion8,7.97615,3.96344,-0.265612,-0.139465,1
9891,flyer6,7.5,7.80195,-0.3,0,2
9892,flayer7,13.6822,6.77248,-0.281783,-0.102948,2
9893,explosion1,7.82843,3.34893,-0.265612,-0.139465,1
9893,explosion3,7.73482,4.06487,-0.265612,-0.139465,1
9894,player,1.59548,3.23892,0.0388365,-0.0327489,1
9894,bullet3,1.99548,3.23892,0.8,0,1
9896,flyer6,5.99999,7.80195,-0.3,0,2
9897,flayer7,12.2733,6.25774,-0.281783,-0.102948,2
9898,explosion3,6.40676,3.36755,-0.265612,-0.139465,1
9898,bullet6,1.22596,3.77094,-0.8,-6.99382e-08,1
9899,player,1.62667,3.4636,0.000716643,-0.30735,1
9899,bullet3,5.99548,3.23892,0.8,0,1
9901,flyer6,4.49999,7.80195,-0.3,0,2
9901,flayer8,16.5,7.80195,-0.265794,0.139116,2
9902,flayer7,10.8643,5.743,-0.281783,-0.102948,2
9904,player,1.25899,3.18601,-0.299898,0.0319176,1
9904,bullet3,9.99549,3.23892,0.8,0,1
9906,flyer6,2.99999,7.80195,-0.3,0,2
9906,flayer8,15.171,8.49753,-0.265794,0.139116,2
9907,flayer7,9.45542,5.22826,-0.281783,-0.102948,2
9909,player,0.680651,3.43186,-0.343034,-0.268567,1
9909,bullet3,13.9955,3.23892,0.8,0,1
9911,flyer6,1.49999,7.80195,-0.3,0,2
9911,flayer8,13.8421,9.19312,-0.265794,0.139116,2
9911,bullet1,0.856822,3.25662,0.8,0,1
9912,flayer7,8.04651,4.71352,-0.281783,-0.102948,2
9914,player,0.4,4.1114,0,0.400888,1
9916,flyer6,-6.4373e-06,7.80195,-0.3,0,2
9916,flayer8,12.5131,9.8887,-0.265794,0.139116,2
9916,bullet1,4.85682,3.25662,0.8,0,1
9916,bullet2,0.8,4.37298,0.8,0,1
9917,flayer7,6.63759,4.19878,-0.281783,-0.102948,2
9918,explosion2,6.45682,3.25662,-0.281783,-0.102948,1
9918,bullet4,0.8,4.42595,0.8,0,1
9919,player,0.4,4.43335,0,0.00739751,1
9919,bullet5,0.8,4.43335,0.8,0,1
9921,flayer8,11.1841,10.5843,-0.265794,0.139116,2
9921,explosion4,4.8,4.37298,-0.281783,-0.102948,1
9921,explosion5,5.51046,3.78699,-0.281783,-0.102948,1
9923,bullet4,4.8,4.42595,0.8,0,1
9924,player,0.4,5.02776,0,0.0308912,1
9924,bullet5,4.8,4.43335,0.8,0,1
9926,flayer8,9.85513,11.2799,-0.265794,0.139116,2
9926,explosion5,4.10154,3.27225,-0.281783,-0.102948,1
9927,flyer2,16.5,7.80195,-0.253881,0.159826,2
9928,bullet4,8.8,4.42595,0.8,0,1
9929,player,0.7375,4.9007,0.3375,0.186195,1
9929,bullet5,8.8,4.43335,0.8,0,1
9931,flayer8,8.52616,11.9754,-0.265794,0.139116,2
9931,bullet6,1.35772,5.02219,0.8,0,1
9932,flyer2,15.2306,8.60108,-0.253881,0.159826,2
9933,bullet4,12.8,4.42595,0.8,0,1
9934,player,1.49792,4.56085,0.158103,-0.148439,1
9934,bullet5,12.8,4.43335,0.8,0,1
9935,bullet3,1.96906,4.49406,0.8,0,1
9936,flayer8,7.19719,12.671,-0.265794,0.139116,2
9936,bullet6,5.35772,5.02219,0.8,0,1
9937,flyer2,13.9612,9.40022,-0.253881,0.159826,2
9938,bullet1,2.02197,4.44438,0.8,0,1
9939,player,1.62489,4.44164,0.00291744,-0.00273912,1
9940,bullet3,5.96906,4.49406,0.8,0,1
9941,flayer8,5.86821,13.3666,-0.265794,0.139116,2
9941,bullet6,9.35772,5.02219,0.8,0,1
9942,flyer2,12.6918,10.1993,-0.253881,0.159826,2
9943,bullet1,6.02197,4.44438,0.8,0,1
9944,player,2.32864,4.34035,-0.107227,0.12107,1
9945,bullet3,9.96906,4.49406,0.8,0,1
9945,bullet2,2.68039,4.39483,0.8,0,1
9946,flayer8,4.53924,14.0622,-0.265794,0.139116,2
9946,bullet6,13.3577,5.02219,0.8,0,1
9947,flyer2,11.4224,10.9985,-0.253881,0.159826,2
9948,bullet1,10.022,4.44438,0.8,0,1
9949,player,2.24253,4.43757,-0.00197864,0.00223408,1
9950,bullet3,13.9691,4.49406,0.8,0,1
9950,bullet2,6.68039,4.39483,0.8,0,1
9951,flayer8,3.21027,14.7578,-0.265794,0.139116,2
9952,flyer2,10.153,11.7976,-0.253881,0.159826,2
9953,bullet1,14.022,4.44438,0.8,0,1
9954,player,1.30113,5.29266,-0.351376,-0.292864,1
9955,bullet2,10.6804,4.39483,0.8,0,1
9956,flayer8,1.8813,15.4533,-0.265794,0.139116,2
9956,flyer1,16.5,2.02684,-0.3,0,2
9957,flyer2,8.88356,12.5967,-0.253881,0.159826,2
9958,bullet4,1.42542,5.62058,0.8,0,1
9959,player,1.01894,5.64593,-0.00648388,0.0253505,1
9959,bullet5,1.41894,5.64593,0.8,0,1
9960,bullet2,14.6804,4.39483,0.8,0,1
9961,flayer8,0.552329,16.1489,-0.265794,0.139116,2
9961,flyer1,15,2.02684,-0.3,0,2
9961,bullet6,1.41471,5.66247,0.8,0,1
9962,flyer2,7.61415,13.3959,-0.253881,0.159826,2
9963,bullet4,5.42543,5.62058,0.8,0,1
9963,bullet3,1.41385,5.66582,0.8,0,1
9964,player,1.01373,5.66629,-0.000119646,0.000467788,1
9964,bullet5,5.41894,5.64593,0.8,0,1
9966,flyer1,13.5,2.02684,-0.3,0,2
9966,bullet6,5.41471,5.66247,0.8,0,1
9967,flyer2,6.34475,14.195,-0.253881,0.159826,2
9968,bullet4,9.42543,5.62058,0.8,0,1
9968,bullet3,5.41385,5.66582,0.8,0,1
9969,player,1.01364,5.19113,-2.2078e-06,-0.168781,1
9969,bullet5,9.41894,5.64593,0.8,0,1
9971,flyer1,12,2.02684,-0.3,0,2
9971,bullet6,9.41471,5.66247,0.8,0,1
9972,flyer2,5.07534,14.9941,-0.253881,0.159826,2
9973,bullet4,13.4254,5.62058,0.8,0,1
9973,bullet3,9.41385,5.66582,0.8,0,1
9974,player,2.66304,4.56621,0.234058,-0.154989,1
9974,bullet5,13.4189,5.64593,0.8,0,1
9976,flyer1,10.5,2.02684,-0.3,0,2
9976,bullet6,13.4147,5.66247,0.8,0,1
9977,flyer2,3.80594,15.7933,-0.253881,0.159826,2
9978,bullet3,13.4139,5.66582,0.8,0,1
9979,player,1.75932,4.44174,-0.161396,-0.00285999,1
9980,flyer3,16.5,7.80195,-0.3,0,2
9980,bullet1,2.08669,4.44045,0.8,0,1
9981,flyer1,9,2.02684,-0.3,0,2
9981,bullet2,2.05401,4.43987,0.8,0,1
9983,bullet4,2.03269,4.4395,0.8,0,1
9984,player,1.62971,4.43944,-0.0029782,-5.27749e-05,1
9985,flyer3,15,7.80195,-0.3,0,2
9985,bullet1,6.08669,4.44045,0.8,0,1
9985,bullet5,2.02837,4.43942,0.8,0,1
9986,flyer1,7.5,2.02684,-0.3,0,2
9986,bullet2,6.05401,4.43987,0.8,0,1
9988,bullet4,6.03269,4.4395,0.8,0,1
9989,player,1.13794,4.92877,-0.15193,0.151874,1
9990,flyer3,13.5,7.80195,-0.3,0,2
9990,bullet1,10.0867,4.44045,0.8,0,1
9990,bullet5,6.02837,4.43942,0.8,0,1
9991,flyer1,5.99999,2.02684,-0.3,0,2
9991,bullet2,10.054,4.43987,0.8,0,1
9993,bullet4,10.0327,4.4395,0.8,0,1
9994,player,0.413616,5.06458,-0.0166431,-0.0141126,1
9995,flyer3,12,7.80195,-0.3,0,2
9995,bullet1,14.0867,4.44045,0.8,0,1
9995,bullet5,10.0284,4.43942,0.8,0,1
9996,flyer1,4.49999,2.02684,-0.3,0,2
9996,bullet2,14.054,4.43987,0.8,0,1
9998,bullet4,14.0327,4.4395,0.8,0,1
9998,bullet6,1.28993,5.54288,0.8,0,1
9999,player,0.957969,5.61097,0.0680366,0.0680833,1
10000,flyer3,10.5,7.80195,-0.3,0,2
10000,bullet5,14.0284,4.43942,0.8,0,1
10001,flyer1,2.99999,2.02684,-0.3,0,2
10003,flyer4,16.5,2.02684,-0.229783,-0.192873,2
10003,bullet6,5.28993,5.54288,0.8,0,1
10004,player,1.26358,7.19393,-0.30549,0.383351,1
10005,flyer3,9,7.80195,-0.3,0,2
10005,bullet3,0.726111,7.36644,-0.8,-6.99382e-08,1
10006,flyer1,1.49999,2.02684,-0.3,0,2
10007,bullet1,1.43641,7.479,0.8,0,1
10008,flyer4,15.3511,1.06247,-0.229783,-0.192873,2
10008,bullet6,9.28993,5.54288,0.8,0,1
10008,bullet2,1.42388,7.49472,0.8,0,1
10009,player,1.01825,7.50179,-0.00563715,0.0070739,1
10010,flyer3,7.5,7.80195,-0.3,0,2
10011,flyer1,-6.4373e-06,2.02684,-0.3,0,2
10012,bullet1,5.43641,7.479,0.8,0,1
10013,flyer4,14.2022,0.0981105,-0.229783,-0.192873,2
10013,bullet6,13.2899,5.54288,0.8,0,1
10013,bullet2,5.42388,7.49472,0.8,0,1
10013,explosion6,6.23641,7.479,-0.3,0,1
10014,player,0.889375,8.09595,0.151875,0.0308852,1
10014,explosion7,6.22388,7.49472,-0.3,0,1
10014,explosion8,6.29999,7.80195,-0.3,0,1
10016,bullet4,1.38847,8.1161,0.8,0,1
10018,explosion6,4.73641,7.479,-0.3,0,1
10019,player,1.01134,8.12075,0.00280252,0.000569919,1
10019,flyer5,16.5,2.02684,-0.3,0,2
10019,explosion7,4.72388,7.49472,-0.3,0,1
10019,explosion8,4.79999,7.80195,-0.3,0,1
10020,flyer6,16.5,2.02684,-0.3,0,2
10021,flayer7,16.5,14.1478,-0.3,0,2
10021,bullet4,5.38847,8.1161,0.8,0,1
10021,bullet5,1.41317,7.63175,0.8,0,1
10023,bullet3,1.41354,7.53272,0.8,0,1
10024,player,1.01359,7.51889,5.17144e-05,-0.0138291,1
10024,flyer5,15,2.02684,-0.3,0,2
10025,flyer6,15,2.02684,-0.3,0,2
10025,bullet1,1.41362,7.51267,0.8,0,1
10026,flayer7,15,14.1478,-0.3,0,2
10026,bullet4,9.38847,8.1161,0.8,0,1
10026,bullet5,5.41317,7.63175,0.8,0,1
10028,bullet3,5.41354,7.53272,0.8,0,1
10029,player,1.01364,6.95007,9.54276e-07,-0.0685989,1
10029,flyer5,13.5,2.02684,-0.3,0,2
10030,flyer6,13.5,2.02684,-0.3,0,2
10030,bullet1,5.41362,7.51267,0.8,0,1
10031,flayer7,13.5,14.1478,-0.3,0,2
10031,bullet4,13.3885,8.1161,0.8,0,1
10031,bullet5,9.41317,7.63175,0.8,0,1
10033,bullet3,9.41354,7.53272,0.8,0,1
10034,player,0.411323,6.89498,-0.0138396,-0.00126584,1
10034,flyer5,12,2.02684,-0.3,0,2
10035,flyer6,12,2.02684,-0.3,0,2
10035,bullet1,9.41362,7.51267,0.8,0,1
10036,flayer7,12,14.1478,-0.3,0,2
10036,bullet5,13.4132,7.63175,0.8,0,1
10036,bullet2,0.8,7.38353,0.8,0,1
10038,bullet3,13.4135,7.53272,0.8,0,1
10039,player,0.4,7.49627,0,0.0138163,1
10039,flyer5,10.5,2.02684,-0.3,0,2
10040,flyer6,10.5,2.02684,-0.3,0,2
10040,bullet1,13.4136,7.51267,0.8,0,1
10041,flayer7,10.5,14.1478,-0.3,0,2
10041,bullet2,4.8,7.38353,0.8,0,1
10044,player,0.4,8.06509,0,0.0685987,1
10044,flyer5,9,2.02684,-0.3,0,2
10045,flyer6,9,2.02684,-0.3,0,2
10045,bullet6,0.8,8.09596,0.8,0,1
10046,flayer7,9,14.1478,-0.3,0,2
10046,bullet2,8.8,7.38353,0.8,0,1
10047,bullet4,0.8,8.1161,0.8,0,1
10049,player,0.4,7.78268,0,-0.336234,1
10049,flyer5,7.5,2.02684,-0.3,0,2
10050,flyer6,7.5,2.02684,-0.3,0,2
10050,bullet6,4.8,8.09596,0.8,0,1
10050,bullet5,0.8,7.63137,0.8,0,1
10051,flayer7,7.5,14.1478,-0.3,0,2
10051,bullet2,12.8,7.38353,0.8,0,1
10052,bullet4,4.8,8.1161,0.8,0,1
10054,player,0.889375,7.51265,0.151875,-0.00620447,1
10054,flyer5,5.99999,2.02684,-0.3,0,2
10055,flyer6,5.99999,2.02684,-0.3,0,2
10055,bullet6,8.8,8.09596,0.8,0,1
10055,bullet5,4.8,7.63137,0.8,0,1
10056,flayer7,5.99999,14.1478,-0.3,0,2
10057,bullet4,8.8,8.1161,0.8,0,1
10059,player,0.4,7.24286,0,0.323546,1
10059,flyer5,4.49999,2.02684,-0.3,0,2
10060,flyer6,4.49999,2.02684,-0.3,0,2
10060,bullet6,12.8,8.09596,0.8,0,1
10060,bullet5,8.8,7.63137,0.8,0,1
10061,flayer7,4.49999,14.1478,-0.3,0,2
10062,bullet4,12.8,8.1161,0.8,0,1
10064,player,0.933969,7.50269,0.0973709,0.00597033,1
10064,flyer5,2.99999,2.02684,-0.3,0,2
10065,flyer6,2.99999,2.02684,-0.3,0,2
10065,bullet5,12.8,7.63137,0.8,0,1
10066,flayer7,2.99999,14.1478,-0.3,0,2
10069,player,1.04292,7.50749,-0.0357923,0.000110169,1
10069,flyer5,1.49999,2.02684,-0.3,0,2
10069,bullet3,0.642921,7.50749,-0.8,-6.99382e-08,1
10070,flyer6,1.49999,2.02684,-0.3,0,2
10071,flayer7,1.49999,14.1478,-0.3,0,2
10071,flayer8,16.5,5.62904,-0.3,0,2
10072,bullet1,1.41631,6.94985,0.8,0,1
10074,player,0.524802,6.41589,-0.152535,-0.165713,1
10074,flyer5,-6.4373e-06,2.02684,-0.3,0,2
10075,flyer6,-6.4373e-06,2.02684,-0.3,0,2
10076,flayer7,-6.4373e-06,14.1478,-0.3,0,2
10076,flayer8,15,5.62904,-0.3,0,2
10076,bullet2,0.825272,6.30776,0.8,0,1
10077,bullet1,5.41631,6.94985,0.8,0,1
10077,bullet6,0.811373,6.29266,0.8,0,1
10079,player,0.402303,6.2828,-0.00281471,-0.00305786,1
10079,bullet4,0.802303,6.2828,0.8,0,1
10081,flayer8,13.5,5.62904,-0.3,0,2
10081,bullet2,4.82527,6.30776,0.8,0,1
10082,bullet1,9.41631,6.94985,0.8,0,1
10082,bullet6,4.81137,6.29266,0.8,0,1
10084,player,0.4,6.88266,-0.098014,0.0137832,1
10084,bullet4,4.8023,6.2828,0.8,0,1
10086,flayer8,12,5.62904,-0.3,0,2
10086,bullet2,8.82527,6.30776,0.8,0,1
10087,bullet1,13.4163,6.94985,0.8,0,1
10087,bullet6,8.81137,6.29266,0.8,0,1
10089,player,0.957719,6.33601,0.0683438,-0.0680894,1
10089,bullet4,8.8023,6.2828,0.8,0,1
10089,explosion1,10.4114,6.29266,-0.3,0,1
10089,explosion3,11.2253,6.30776,-0.3,0,1
10089,explosion2,11.1,5.62904,-0.3,0,1
10089,bullet5,1.35772,6.33601,0.8,0,1
10094,player,1.0126,6.34968,0.00126113,-0.0847877,1
10094,bullet4,12.8023,6.2828,0.8,0,1
10094,explosion3,9.72527,6.30776,-0.3,0,1
10094,explosion2,9.6,5.62904,-0.3,0,1
10094,bullet5,5.35772,6.33601,0.8,0,1
10095,flyer2,16.5,5.62904,-0.269092,0.132626,2
10096,flyer1,16.5,5.62904,-0.3,0,2
10096,bullet3,1.41343,6.29435,0.8,0,1
10097,explosion4,15.2023,6.2828,-0.269092,0.132626,1
10099,player,1.57134,6.28158,0.068367,-0.00156457,1
10099,bullet5,9.35772,6.33601,0.8,0,1
10099,bullet2,1.97134,6.28158,0.8,0,1
10100,flyer2,15.1545,6.29217,-0.269092,0.132626,1
10101,flyer1,15,5.62904,-0.3,0,2
10101,bullet3,5.41343,6.29435,0.8,0,1
10102,bullet1,2.57989,5.7227,0.8,0,1
10104,player,2.22855,5.67801,0.0151012,-0.0138685,1
10104,bullet2,5.97134,6.28158,0.8,0,1
10104,explosion5,13.3577,6.33601,-0.3,0,1
10105,flyer2,13.8091,6.9553,-0.269092,0.132626,1
10106,flyer1,13.5,5.62904,-0.3,0,1
10106,bullet3,9.41343,6.29435,0.8,0,1
10106,bullet6,2.63841,5.66897,0.8,0,1
10107,bullet1,6.5799,5.7227,0.8,0,1
10109,player,2.57818,6.00438,0.337779,0.337244,1
10109,bullet2,9.97134,6.28158,0.8,0,1
10109,explosion6,11.8134,6.29435,-0.3,0,1
10109,explosion7,12.6,5.62904,-0.3,0,1
10110,flyer2,12.4636,7.61843,-0.269092,0.132626,1
10110,bullet4,3.13018,6.15614,0.8,0,1
10111,bullet6,6.63841,5.66897,0.8,0,1
10112,bullet1,10.5799,5.7227,0.8,0,1
10114,player,2.7811,6.27521,0.0897642,0.0062231,1
10114,bullet2,13.9713,6.28158,0.8,0,1
10114,explosion7,11.1,5.62904,-0.3,0,1
10115,flyer2,11.1182,8.28156,-0.269092,0.132626,1
10115,bullet4,7.13018,6.15614,0.8,0,1
10116,bullet6,10.6384,5.66897,0.8,0,1
10117,bullet1,14.5799,5.7227,0.8,0,1
10119,player,2.51569,6.64846,-0.335844,0.300026,1
10120,flyer2,9.77271,8.94469,-0.269092,0.132626,1
10120,flyer3,16.5,5.62904,-0.3,0,2
10120,bullet4,11.1302,6.15614,0.8,0,1
10120,bullet5,2.76456,6.78348,0.8,0,1
10121,bullet6,14.6384,5.66897,0.8,0,1
10122,explosion8,15.4384,5.66897,-0.3,0,1
10122,bullet3,2.66595,6.87157,0.8,0,1
10124,player,1.75661,7.37878,-0.158072,0.157411,1
10125,flyer2,8.42725,9.60782,-0.269092,0.132626,1
10125,flyer3,15,5.62904,-0.3,0,0
10125,bullet5,6.76456,6.78348,0.8,0,1
10125,explosion1,15.1302,6.15614,-0.3,0,1
10125,explosion3,15,5.62904,-0.3,0,1
10126,bullet2,2.05346,7.48149,0.8,0,1
10127,bullet3,6.66595,6.87157,0.8,0,1
10127,bullet1,2.03906,7.49584,0.8,0,1
10129,player,1.96716,7.1677,0.334583,-0.334595,1
10130,flyer2,7.08179,10.2709,-0.269092,0.132626,1
10130,bullet5,10.7646,6.78348,0.8,0,1
10130,explosion3,13.5,5.62904,-0.3,0,1
10131,bullet2,6.05346,7.48149,0.8,0,1
10132,bullet3,10.666,6.87157,0.8,0,1
10132,bullet1,6.03906,7.49584,0.8,0,1
10134,player,2.82433,7.23649,0.0369287,0.331326,1
10135,flyer2,5.73633,10.9341,-0.269092,0.132626,1
10135,bullet5,14.7646,6.78348,0.8,0,1
10136,bullet2,10.0535,7.48149,0.8,0,1
10137,bullet3,14.666,6.87157,0.8,0,1
10137,bullet1,10.0391,7.49584,0.8,0,1
10139,player,3.44246,8.09105,0.0314361,0.0368686,1
10140,flyer2,4.39088,11.5972,-0.269092,0.132626,1
10140,flyer4,16.5,14.5386,-0.3,0,2
10141,bullet2,14.0535,7.48149,0.8,0,1
10141,bullet6,4.35235,7.62573,0.8,0,1
10142,bullet1,14.0391,7.49584,0.8,0,1
10143,bullet4,4.4556,7.53151,0.8,0,1
10144,player,4.07002,7.51835,0.0144197,-0.0131593,1
10145,flyer2,3.04542,12.2603,-0.269092,0.132626,1
10145,flyer4,15,14.5386,-0.3,0,2
10145,bullet5,4.47651,7.51242,0.8,0,1
10146,bullet6,8.35235,7.62573,0.8,0,1
10147,bullet3,4.48074,7.50856,0.8,0,1
10148,bullet4,8.4556,7.53151,0.8,0,1
10149,player,4.57098,7.99715,0.152141,0.151632,1
10150,flyer2,1.69996,12.9235,-0.269092,0.132626,1
10150,flyer4,13.5,14.5386,-0.3,0,2
10150,bullet5,8.47651,7.51242,0.8,0,1
10151,bullet6,12.3524,7.62573,0.8,0,1
10152,bullet3,8.48075,7.50856,0.8,0,1
10153,bullet4,12.4556,7.53151,0.8,0,1
10154,player,5.03066,7.78142,0.340307,-0.334702,1
10155,flyer2,0.3545,13.5866,-0.269092,0.132626,1
10155,flyer4,12,14.5386,-0.3,0,2
10155,bullet5,12.4765,7.51242,0.8,0,1
10156,bullet6,16.3524,7.62573,0.8,0,1
10157,bullet3,12.4807,7.50856,0.8,0,1
10158,bullet2,5.2083,7.02943,0.8,0,1
10159,player,4.74624,6.95491,-0.0620641,-0.0745199,1
10160,flyer5,16.5,5.62904,-0.3,0,2
10160,flyer4,10.5,14.5386,-0.3,0,2
10160,bullet1,5.11831,6.92138,0.8,0,1
10161,bullet6,5.10574,6.90629,0.8,0,1
10163,bullet2,9.2083,7.02943,0.8,0,1
10164,player,4.20702,6.40569,-0.15302,-0.15325,1
10164,bullet4,4.60702,6.40569,0.8,0,1
10165,flyer5,15,5.62904,-0.3,0,2
10165,flyer4,9,14.5386,-0.3,0,2
10165,bullet1,9.11831,6.92138,0.8,0,1
10166,bullet6,9.10574,6.90629,0.8,0,1
10168,bullet2,13.2083,7.02943,0.8,0,1
10169,player,4.67261,6.18352,0.027931,0.118292,1
10169,bullet4,8.60702,6.40569,0.8,0,1
10170,flyer5,13.5,5.62904,-0.3,0,2
10170,flyer4,7.5,14.5386,-0.3,0,2
10170,bullet1,13.1183,6.92138,0.8,0,1
10171,bullet6,13.1057,6.90629,0.8,0,1
10173,explosion2,11.807,6.40569,-0.3,0,1
10174,player,3.60335,6.27852,-0.165199,0.00218283,1
10174,bullet5,4.00335,6.27852,0.8,0,1
10175,flyer5,12,5.62904,-0.3,0,1
10175,flyer4,5.99999,14.5386,-0.3,0,2
10178,flyer6,16.5,14.5386,-0.245327,0.172669,2
10178,bullet3,3.31601,5.72251,0.8,0,1
10179,player,2.88221,5.6918,-0.0338031,-0.0307144,1
10179,bullet5,8.00335,6.27852,0.8,0,1
10180,flyer5,10.5,5.62904,-0.3,0,1
10180,flyer4,4.49999,14.5386,-0.3,0,2
10181,explosion4,9.60335,6.27852,-0.3,0,1
10181,explosion5,10.2,5.62904,-0.3,0,1
10181,bullet2,2.77078,5.67176,0.8,0,1
10183,flyer6,15.2734,15.402,-0.245327,0.172669,2
10183,bullet3,7.31601,5.72251,0.8,0,1
10184,player,1.91525,6.00463,-0.351963,0.336933,1
10185,flyer4,2.99999,14.5386,-0.3,0,2
10186,explosion5,8.7,5.62904,-0.3,0,1
10186,bullet2,6.77078,5.67176,0.8,0,1
10186,bullet4,2.08559,6.22449,0.8,0,1
10188,flyer6,14.0467,16.2653,-0.245327,0.172669,2
10188,bullet3,11.316,5.72251,0.8,0,1
10189,player,1.29509,5.7175,-0.343995,-0.0621264,1
10190,flyer4,1.49999,14.5386,-0.3,0,2
10191,bullet2,10.7708,5.67176,0.8,0,1
10191,bullet4,6.08559,6.22449,0.8,0,1
10191,bullet1,1.47064,5.67697,0.8,0,1
10193,bullet3,15.316,5.72251,0.8,0,1
10194,player,1.01884,5.66761,-0.00634767,-0.00114641,1
10195,flyer4,-6.4373e-06,14.5386,-0.3,0,2
10196,bullet2,14.7708,5.67176,0.8,0,1
10196,bullet4,10.0856,6.22449,0.8,0,1
10196,bullet1,5.47064,5.67697,0.8,0,1
10196,bullet6,1.41469,5.66686,0.8,0,1
10199,player,1.01374,5.32919,-0.000117132,-0.337521,1
10199,flayer7,16.5,14.5386,-0.285443,0.0923177,2
10200,bullet5,1.41368,5.17731,0.8,0,1
10201,bullet4,14.0856,6.22449,0.8,0,1
10201,bullet1,9.47064,5.67697,0.8,0,1
10201,bullet6,5.41469,5.66686,0.8,0,1
10204,player,1.01364,5.05814,-2.16142e-06,-0.00622821,1
10204,flayer7,15.0728,15.0002,-0.285443,0.0923177,2
10204,bullet3,1.41364,5.05814,0.8,0,1
10205,bullet5,5.41368,5.17731,0.8,0,1
10206,bullet1,13.4706,5.67697,0.8,0,1
10206,bullet6,9.41469,5.66686,0.8,0,1
10209,player,1.82233,4.46466,-0.238402,-0.0308696,1
10209,flayer7,13.6456,15.4618,-0.285443,0.0923177,2
10209,bullet3,5.41364,5.05814,0.8,0,1
10210,bullet5,9.41369,5.17731,0.8,0,1
10211,bullet6,13.4147,5.66686,0.8,0,1
10212,bullet2,2.04505,4.99942,0.8,0,1
10214,player,1.1415,4.55281,-0.156274,-0.138605,1
10214,flayer7,12.2184,15.9234,-0.285443,0.0923177,2
10214,bullet3,9.41364,5.05814,0.8,0,1
10215,bullet5,13.4137,5.17731,0.8,0,1
10217,bullet2,6.04505,4.99942,0.8,0,1
10217,bullet4,0.935918,3.96036,0.8,0,1
10219,player,0.427528,3.85302,-0.0336384,-0.0333123,1
10219,flayer7,10.7912,16.385,-0.285443,0.0923177,2
10219,bullet3,13.4136,5.05814,0.8,0,1
10219,bullet1,0.827528,3.85302,0.8,0,1
10222,bullet2,10.0451,4.99942,0.8,0,1
10222,bullet4,4.93592,3.96036,0.8,0,1
10223,flayer8,16.5,4.14928,-0.3,0,2
10224,player,0.4,3.26855,0,-0.0689585,1
10224,bullet1,4.82753,3.85302,0.8,0,1
10224,bullet6,0.8,3.26855,0.8,0,1
10227,bullet2,14.0451,4.99942,0.8,0,1
10227,bullet4,8.93592,3.96036,0.8,0,1
10228,flayer8,15,4.14928,-0.3,0,1
10228,explosion6,14.8451,4.99942,-0.3,0,1
10229,player,0.4,3.21317,0,-0.00127248,1
10229,bullet1,8.82753,3.85302,0.8,0,1
10229,bullet6,4.8,3.26855,0.8,0,1
10229,bullet5,0.8,3.21317,0.8,0,1
10232,explosion7,12.9359,3.96036,-0.3,0,1
10232,explosion8,13.8,4.14928,-0.3,0,1
10233,explosion6,13.3451,4.99942,-0.3,0,1
10234,player,1.47785,2.1343,0.18263,-0.182653,1
10234,bullet1,12.8275,3.85302,0.8,0,1
10234,bullet6,8.8,3.26855,0.8,0,1
10234,bullet5,4.8,3.21317,0.8,0,1
10234,bullet3,1.87785,2.1343,0.8,0,1
10237,explosion8,12.3,4.14928,-0.3,0,1
10239,player,0.478323,1.98761,-0.0957284,-0.00337046,1
10239,flyer1,16.5,14.5386,-0.29964,0.014688,2
10239,bullet6,12.8,3.26855,0.8,0,1
10239,bullet5,8.8,3.21317,0.8,0,1
10239,bullet3,5.87785,2.1343,0.8,0,1
10244,player,0.4,1.49553,0,-0.151937,1
10244,flyer1,15.0018,14.6121,-0.29964,0.014688,2
10244,flyer3,16.5,7.92307,-0.295771,0.0501953,2
10244,bullet5,12.8,3.21317,0.8,0,1
10244,bullet3,9.87785,2.1343,0.8,0,1
10244,bullet2,0.8,1.49553,0.8,0,1
10246,bullet4,0,1.39639,-0.8,-6.99382e-08,1
10247,bullet1,0.8,1.38255,0.8,0,1
10249,player,0.4,1.37351,0,-0.00280367,1
10249,flyer1,13.5036,14.6855,-0.29964,0.014688,2
10249,flyer3,15.0211,8.17405,-0.295771,0.0501953,2
10249,bullet3,13.8779,2.1343,0.8,0,1
10249,bullet2,4.8,1.49553,0.8,0,1
10249,bullet6,0.8,1.37351,0.8,0,1
10252,bullet1,4.8,1.38255,0.8,0,1
10254,player,0.7375,1.86064,0.3375,0.151823,1
10254,flyer1,12.0054,14.759,-0.29964,0.014688,2
10254,flyer3,13.5423,8.42503,-0.295771,0.0501953,2
10254,bullet2,8.8,1.49553,0.8,0,1
10254,bullet6,4.8,1.37351,0.8,0,1
10257,bullet1,8.8,1.38255,0.8,0,1
10259,player,0.4,3.06041,-0,0.185431,1
10259,flyer1,10.5072,14.8324,-0.29964,0.014688,2
10259,flyer3,12.0634,8.67601,-0.295771,0.0501953,2
10259,bullet2,12.8,1.49553,0.8,0,1
10259,bullet6,8.8,1.37351,0.8,0,1
10262,bullet1,12.8,1.38255,0.8,0,1
10264,player,0.4,2.87183,-0,-0.334078,1
10264,flyer1,9.00898,14.9058,-0.29964,0.014688,2
10264,flyer3,10.5846,8.92699,-0.295771,0.0501953,2
10264,bullet6,12.8,1.37351,0.8,0,1
10267,flyer2,16.5,7.92307,-0.274347,-0.121382,2
10269,player,0.4,2.70263,0,-0.127285,1
10269,flyer1,7.51078,14.9793,-0.29964,0.014688,2
10269,flyer3,9.10573,9.17796,-0.295771,0.0501953,2
10269,flyer5,16.5,12.3924,-0.3,0,2
10272,flyer2,15.1283,7.31616,-0.274347,-0.121382,2
10274,player,2.08016,2.12488,0.196469,-0.171139,1
10274,flyer1,6.01258,15.0527,-0.29964,0.014688,2
10274,flyer3,7.62688,9.42894,-0.295771,0.0501953,2
10274,flyer5,15,12.3924,-0.3,0,2
10274,bullet4,2.48016,2.12488,0.8,0,1
10277,flyer2,13.7565,6.70925,-0.274347,-0.121382,2
10277,bullet5,2.62626,1.99762,0.8,0,1
10279,player,2.23794,2.47681,0.00362541,0.148717,1
10279,flyer1,4.51438,15.1262,-0.29964,0.014688,2
10279,flyer3,6.14802,9.67992,-0.295771,0.0501953,2
10279,flyer5,13.5,12.3924,-0.3,0,2
10279,bullet4,6.48016,2.12488,0.8,0,1
10282,flyer2,12.3848,6.10235,-0.274347,-0.121382,2
10282,bullet5,6.62626,1.99762,0.8,0,1
10284,player,1.90336,3.75628,-0.337433,0.0849276,1
10284,flyer1,3.01618,15.1996,-0.29964,0.014688,2
10284,flyer3,4.66917,9.9309,-0.295771,0.0501953,2
10284,flyer5,12,12.3924,-0.3,0,2
10284,bullet4,10.4802,2.12488,0.8,0,1
10287,flyer2,11.0131,5.49544,-0.274347,-0.121382,2
10287,bullet5,10.6263,1.99762,0.8,0,1
10289,player,1.03006,3.82448,-0.0200662,0.00156715,1
10289,flyer1,1.51798,15.273,-0.29964,0.014688,2
10289,flyer3,3.19031,10.1819,-0.295771,0.0501953,2
10289,flyer5,10.5,12.3924,-0.3,0,2
10289,bullet4,14.4802,2.12488,0.8,0,1
10291,bullet3,1.41696,3.82551,0.8,0,1
10292,flyer2,9.64132,4.88853,-0.274347,-0.121382,2
10292,bullet5,14.6263,1.99762,0.8,0,1
10292,bullet2,1.41513,3.82565,0.8,0,1
10294,player,0.67644,4.16324,-0.33787,0.337529,1
10294,flyer1,0.0197766,15.3465,-0.29964,0.014688,2
10294,flyer3,1.71146,10.4329,-0.295771,0.0501953,2
10294,flyer5,9,12.3924,-0.3,0,2
10296,bullet3,5.41696,3.82551,0.8,0,1
10297,flyer2,8.26958,4.28162,-0.274347,-0.121382,2
10297,bullet2,5.41513,3.82565,0.8,0,1
10298,bullet1,0.8,5.01655,0.8,0,1
10299,player,0.4,4.69912,0,-0.317432,1
10299,flyer3,0.232605,10.6838,-0.295771,0.0501953,2
10299,flyer5,7.5,12.3924,-0.3,0,2
10299,explosion1,7.01513,3.82565,-0.274347,-0.121382,1
10299,explosion3,7.81696,3.82551,-0.274347,-0.121382,1
10299,explosion2,7.72089,4.03886,-0.274347,-0.121382,1
10301,bullet6,0.8,4.49199,0.8,0,1
10302,bullet4,0.8,4.46307,0.8,0,1
10303,bullet1,4.8,5.01655,0.8,0,1
10304,player,0.4,4.44419,0,-0.00585751,1
10304,flyer5,5.99999,12.3924,-0.3,0,2
10304,explosion3,6.44523,3.2186,-0.274347,-0.121382,1
10304,explosion2,6.34915,3.43195,-0.274347,-0.121382,1
10304,bullet5,0.8,4.44419,0.8,0,1
10306,bullet6,4.8,4.49199,0.8,0,1
10307,bullet4,4.8,4.46307,0.8,0,1
10308,bullet1,8.8,5.01655,0.8,0,1
10309,player,0.4,4.3949,0,0.0543961,1
10309,flyer5,4.49999,12.3924,-0.3,0,2
10309,bullet5,4.8,4.44419,0.8,0,1
10311,bullet6,8.8,4.49199,0.8,0,1
10312,bullet4,8.8,4.46307,0.8,0,1
10313,bullet1,12.8,5.01655,0.8,0,1
10314,player,0.4,5.02705,0,0.0317584,1
10314,flyer5,2.99999,12.3924,-0.3,0,2
10314,bullet5,8.8,4.44419,0.8,0,1
10316,bullet6,12.8,4.49199,0.8,0,1
10317,bullet4,12.8,4.46307,0.8,0,1
10319,player,0.4,5.05256,0,0.000586033,1
10319,flyer5,1.49999,12.3924,-0.3,0,2
10319,bullet5,12.8,4.44419,0.8,0,1
10319,bullet3,0.8,5.05256,0.8,0,1
10322,flyer6,16.5,12.3924,-0.294357,-0.0579122,2
10323,bullet2,0.8,4.4953,0.8,0,1
10324,player,0.4,4.46456,0,-0.0307439,1
10324,flyer5,-6.4373e-06,12.3924,-0.3,0,2
10324,bullet3,4.8,5.05256,0.8,0,1
10324,bullet1,0.8,4.46456,0.8,0,1
10327,flyer6,15.0282,12.1029,-0.294357,-0.0579122,2
10327,bullet6,1.28938,4.4417,0.8,0,1
10328,bullet2,4.8,4.4953,0.8,0,1
10329,player,0.988474,4.43987,0.0307547,-0.000567311,1
10329,bullet3,8.8,5.05256,0.8,0,1
10329,bullet1,4.8,4.46456,0.8,0,1
10332,flyer6,13.5564,11.8133,-0.294357,-0.0579122,2
10332,bullet6,5.28938,4.4417,0.8,0,1
10333,bullet2,8.8,4.4953,0.8,0,1
10334,player,1.44977,5.36539,0.216947,0.368244,1
10334,bullet3,12.8,5.05256,0.8,0,1
10334,bullet1,8.8,4.46456,0.8,0,1
10337,flyer6,12.0846,11.5237,-0.294357,-0.0579122,2
10337,bullet6,9.28938,4.4417,0.8,0,1
10338,bullet2,12.8,4.4953,0.8,0,1
10339,player,1.624,5.66112,0.00400329,0.00679514,1
10339,bullet1,12.8,4.46456,0.8,0,1
10339,bullet4,1.224,5.66112,-0.8,-6.99382e-08,1
10342,flyer6,10.6129,11.2342,-0.294357,-0.0579122,2
10342,bullet6,13.2894,4.4417,0.8,0,1
10343,flyer4,16.5,12.3924,-0.296843,-0.0434046,2
10343,bullet5,2.02714,5.66645,0.8,0,1
10344,player,1.62721,5.66658,7.38719e-05,0.000125389,1
10344,bullet3,2.02721,5.66658,0.8,0,1
10347,flyer6,9.14107,10.9446,-0.294357,-0.0579122,2
10348,flyer4,15.0158,12.1754,-0.296843,-0.0434046,2
10348,bullet5,6.02714,5.66645,0.8,0,1
10348,bullet4,1.46955,5.10896,0.8,0,1
10349,player,1.0388,5.0782,-0.0307533,-0.0307524,1
10349,bullet3,6.02721,5.66658,0.8,0,1
10352,flyer6,7.66928,10.6551,-0.294357,-0.0579122,2
10353,flyer4,13.5316,11.9584,-0.296843,-0.0434046,2
10353,bullet5,10.0271,5.66645,0.8,0,1
10353,bullet4,5.46955,5.10896,0.8,0,1
10353,bullet2,2.00314,4.49636,0.8,0,1
10354,player,1.61641,4.46504,0.0132721,-0.0313222,1
10354,bullet3,10.0272,5.66658,0.8,0,1
10357,flyer6,6.19749,10.3655,-0.294357,-0.0579122,2
10358,flyer4,12.0473,11.7414,-0.296843,-0.0434046,2
10358,bullet5,14.0271,5.66645,0.8,0,1
10358,bullet4,9.46955,5.10896,0.8,0,1
10358,bullet2,6.00314,4.49636,0.8,0,1
10359,player,1.62707,4.43988,0.000244908,-0.000577982,1
10359,bullet3,14.0272,5.66658,0.8,0,1
10361,bullet1,2.02723,4.43951,0.8,0,1
10362,flyer6,4.72571,10.0759,-0.294357,-0.0579122,2
10363,flyer4,10.5631,11.5243,-0.296843,-0.0434046,2
10363,bullet4,13.4696,5.10896,0.8,0,1
10363,bullet2,10.0031,4.49636,0.8,0,1
10363,bullet6,2.02727,4.43943,0.8,0,1
10364,player,1.28977,4.77692,-0.337496,0.337489,1
10366,bullet1,6.02723,4.43951,0.8,0,1
10367,flyer6,3.25392,9.78639,-0.294357,-0.0579122,2
10368,flyer4,9.07891,11.3073,-0.296843,-0.0434046,2
10368,bullet2,14.0031,4.49636,0.8,0,1
10368,bullet6,6.02727,4.43943,0.8,0,1
10368,bullet5,0.867241,4.48401,0.8,0,1
10369,player,0.430259,4.45948,-0.0369824,-0.0245271,1
10371,bullet1,10.0272,4.43951,0.8,0,1
10372,flyer6,1.78214,9.49683,-0.294357,-0.0579122,2
10373,flyer4,7.5947,11.0903,-0.296843,-0.0434046,2
10373,bullet6,10.0273,4.43943,0.8,0,1
10373,bullet5,4.86724,4.48401,0.8,0,1
10373,bullet3,0.8,4.44024,0.8,0,1
10374,player,0.4,4.43978,0,-0.000452593,1
10376,bullet1,14.0272,4.43951,0.8,0,1
10377,flyer6,0.310349,9.20727,-0.294357,-0.0579122,2
10378,flyer4,6.11048,10.8733,-0.296843,-0.0434046,2
10378,bullet6,14.0273,4.43943,0.8,0,1
10378,bullet5,8.86724,4.48401,0.8,0,1
10378,bullet3,4.8,4.44024,0.8,0,1
10379,player,0.4,4.43942,0,-8.35162e-06,1
10380,bullet4,0.8,4.43942,0.8,0,1
10382,bullet2,0.8,4.43941,0.8,0,1
10383,flyer4,4.62626,10.6562,-0.296843,-0.0434046,2
10383,bullet5,12.8672,4.48401,0.8,0,1
10383,bullet3,8.8,4.44024,0.8,0,1
10384,player,0.4,4.43941,0,-1.54111e-07,1
10385,bullet4,4.8,4.43942,0.8,0,1
10387,bullet2,4.8,4.43941,0.8,0,1
10388,flyer4,3.14204,10.4392,-0.296843,-0.0434046,2
10388,bullet3,12.8,4.44024,0.8,0,1
10389,player,1.00231,4.55235,0.0138396,-0.138035,1
10390,bullet4,8.8,4.43942,0.8,0,1
10392,bullet2,8.8,4.43941,0.8,0,1
10393,flyer4,1.65782,10.2222,-0.296843,-0.0434046,2
10393,flayer7,16.5,12.3924,-0.29829,-0.0319868,2
10394,player,1.68408,5.04381,-0.0694363,0.0112925,1
10395,bullet4,12.8,4.43942,0.8,0,1
10395,bullet1,2.05284,5.04889,0.8,0,1
10397,bullet2,12.8,4.43941,0.8,0,1
10398,flyer4,0.173607,10.0052,-0.296843,-0.0434046,2
10398,flayer7,15.0085,12.2325,-0.29829,-0.0319868,2
10398,bullet6,1.47189,4.49495,0.8,0,1
10399,player,1.03985,4.46441,-0.032036,-0.0305463,1
10400,bullet1,6.05284,5.04889,0.8,0,1
10400,bullet5,1.42543,4.45066,0.8,0,1
10402,bullet3,1.41603,4.44169,0.8,0,1
10403,flayer7,13.5171,12.0725,-0.29829,-0.0319868,2
10403,bullet6,5.47189,4.49495,0.8,0,1
10404,player,1.01412,3.9505,-0.000591154,-0.152439,1
10405,bullet1,10.0528,5.04889,0.8,0,1
10405,bullet5,5.42543,4.45066,0.8,0,1
10407,bullet3,5.41603,4.44169,0.8,0,1
10408,flayer7,12.0256,11.9126,-0.29829,-0.0319868,2
10408,bullet6,9.47189,4.49495,0.8,0,1
10409,player,1.01365,3.82808,-1.09085e-05,-0.00281292,1
10410,bullet1,14.0528,5.04889,0.8,0,1
10410,bullet5,9.42543,4.45066,0.8,0,1
10412,bullet3,9.41603,4.44169,0.8,0,1
10413,flayer7,10.5342,11.7527,-0.29829,-0.0319868,2
10413,bullet6,13.4719,4.49495,0.8,0,1
10413,bullet4,0.924263,3.2374,0.8,0,1
10414,player,0.455919,3.22351,-0.068344,-0.0138915,1
10415,bullet5,13.4254,4.45066,0.8,0,1
10417,bullet3,13.416,4.44169,0.8,0,1
10418,flayer7,9.04274,11.5927,-0.29829,-0.0319868,2
10418,bullet4,4.92426,3.2374,0.8,0,1
