35375,player,5.73817,12.7365,-0.3375,0.3375,1
35376,bullet1,5.98629,12.8884,0.8,0,1
35380,player,4.87865,11.9605,-0.0369825,-0.213991,1
35380,bullet2,5.27865,11.9605,0.8,0,1
35381,bullet1,9.98629,12.8884,0.8,0,1
35383,bullet3,5.74053,11.2436,0.8,0,1
35384,bullet4,5.80736,11.2041,0.8,0,1
35385,player,5.09993,11.5238,-0.307428,0.319712,1
35385,bullet2,9.27866,11.9605,0.8,0,1
35386,bullet1,13.9863,12.8884,0.8,0,1
35388,bullet3,9.74053,11.2436,0.8,0,1
35389,bullet4,9.80736,11.2041,0.8,0,1
35390,player,3.99975,10.8715,0.287233,-0.383029,1
35390,bullet2,13.2787,11.9605,0.8,0,1
35391,bullet5,3.729,10.6991,-0.8,-6.99382e-08,1
35393,bullet3,13.7405,11.2436,0.8,0,1
35394,bullet4,13.8074,11.2041,0.8,0,1
35395,player,4.45064,10.7841,-0.263856,-0.276224,1
35396,bullet5,-0.270996,10.6991,-0.8,-6.99382e-08,1
35397,flyer1,16.5,1.91875,-0.3,0,2
35397,bullet6,4.67847,11.0933,0.8,0,1
35398,bullet1,4.65443,11.1364,0.8,0,1
35400,player,4.57624,11.654,0.332631,0.160618,1
35401,bullet2,4.32592,11.7262,-0.8,-6.99382e-08,1
35402,flyer1,15,1.91875,-0.3,0,2
35402,bullet6,8.67847,11.0933,0.8,0,1
35402,bullet3,5.19328,11.7588,0.8,0,1
35403,bullet1,8.65443,11.1364,0.8,0,1
35405,player,4.0165,10.9561,-0.483237,-0.486411,1
35406,bullet2,0.325925,11.7262,-0.8,-6.99382e-08,1
35407,flyer1,13.5,1.91875,-0.3,0,2
35407,bullet6,12.6785,11.0933,0.8,0,1
35407,bullet3,9.19328,11.7588,0.8,0,1
35407,bullet4,4.10119,10.6387,0.8,0,1
35408,bullet1,12.6544,11.1364,0.8,0,1
35410,player,3.69676,10.0077,-0.0924483,-0.0773194,1
35412,flyer1,12,1.91875,-0.3,0,2
35412,bullet3,13.1933,11.7588,0.8,0,1
35412,bullet4,8.10119,10.6387,0.8,0,1
35413,flyer2,16.5,1.91875,-0.298708,0.0278151,2
35413,bullet5,4.02801,9.95024,0.8,0,1
35414,bullet2,4.02422,9.94707,0.8,0,1
35415,player,3.62252,9.94564,-0.00170593,-0.00142676,1
35417,flyer1,10.5,1.91875,-0.3,0,2
35417,bullet4,12.1012,10.6387,0.8,0,1
35417,bullet6,4.51078,9.45533,0.8,0,1
35418,flyer2,15.0065,2.05783,-0.298708,0.0278151,2
35418,bullet5,8.02801,9.95024,0.8,0,1
35419,bullet2,8.02422,9.94707,0.8,0,1
35420,player,4.22346,9.34218,0.0138081,-0.0138659,1
35422,flyer1,9,1.91875,-0.3,0,2
35422,bullet4,16.1012,10.6387,0.8,0,1
35422,bullet6,8.51078,9.45533,0.8,0,1
35423,flyer2,13.5129,2.1969,-0.298708,0.0278151,2
35423,bullet5,12.028,9.95024,0.8,0,1
35423,bullet1,5.19145,9.88959,0.8,0,1
35424,bullet2,12.0242,9.94707,0.8,0,1
35425,player,4.34749,10.4227,-0.137781,0.165459,1
35427,flyer1,7.5,1.91875,-0.3,0,2
35427,bullet6,12.5108,9.45533,0.8,0,1
35428,flyer2,12.0194,2.33598,-0.298708,0.0278151,2
35428,bullet5,16.028,9.95024,0.8,0,1
35428,bullet1,9.19145,9.88959,0.8,0,1
35429,bullet2,16.0242,9.94707,0.8,0,1
35430,player,4.23683,10.5556,-0.00254244,0.00305318,1
35430,bullet3,4.63683,10.5556,0.8,0,1
35431,bullet4,4.63569,10.557,0.8,0,1
35432,flyer1,5.99999,1.91875,-0.3,0,2
35432,bullet5,4.63518,10.5576,0.8,0,1
35433,flyer2,10.5258,2.47505,-0.298708,0.0278151,2
35433,bullet1,13.1914,9.88959,0.8,0,1
35435,player,3.74542,11.3849,-0.151922,0.489431,1
35435,bullet3,8.63684,10.5556,0.8,0,1
35436,bullet4,8.63569,10.557,0.8,0,1
35437,flyer1,4.49999,1.91875,-0.3,0,2
35437,bullet5,8.63518,10.5576,0.8,0,1
35438,flyer2,9.0323,2.61413,-0.298708,0.0278151,2
35440,player,3.55507,13.1626,0.0807279,0.56675,1
35440,bullet3,12.6368,10.5556,0.8,0,1
35441,bullet4,12.6357,10.557,0.8,0,1
35441,bullet2,3.99139,13.4176,0.8,0,1
35442,flyer1,2.99999,1.91875,-0.3,0,2
35442,bullet5,12.6352,10.5576,0.8,0,1
35443,flyer2,7.53876,2.7532,-0.298708,0.0278151,2
35445,player,4.76609,14.7639,0.100588,0.109557,1
35445,bullet6,5.16609,14.7639,0.8,0,1
35446,bullet2,7.9914,13.4176,0.8,0,1
35447,flyer1,1.49999,1.91875,-0.3,0,2
35448,flyer2,6.04522,2.89228,-0.298708,0.0278151,2
35448,bullet1,4.68317,14.8454,0.8,0,1
35449,bullet3,4.65654,14.8499,0.8,0,1
35450,player,4.24456,14.8519,-0.0119835,0.00202163,1
35450,bullet6,9.16609,14.7639,0.8,0,1
35451,bullet2,11.9914,13.4176,0.8,0,1
35452,flyer1,-6.4373e-06,1.91875,-0.3,0,2
35453,flyer2,4.55168,3.03136,-0.298708,0.0278151,2
35453,bullet1,8.68317,14.8454,0.8,0,1
35454,bullet3,8.65654,14.8499,0.8,0,1
35455,player,4.23493,14.8535,-0.000221129,3.73047e-05,1
35455,bullet6,13.1661,14.7639,0.8,0,1
35456,bullet2,15.9914,13.4176,0.8,0,1
35457,bullet4,4.63479,14.8536,0.8,0,1
35458,flyer2,3.05814,3.17043,-0.298708,0.0278151,2
35458,bullet1,12.6832,14.8454,0.8,0,1
35459,bullet3,12.6565,14.8499,0.8,0,1
35460,player,4.23475,14.2958,-4.08045e-06,-0.0683431,1
35460,bullet5,4.63475,14.2958,0.8,0,1
35462,bullet4,8.63479,14.8536,0.8,0,1
35463,flyer2,1.5646,3.30951,-0.298708,0.0278151,2
35464,flyer3,16.5,13.4131,-0.286655,-0.088481,2
35464,bullet2,5.7126,14.2422,0.8,0,1
35465,player,5.39478,14.2409,0.0821833,-0.00126112,1
35465,bullet5,8.63476,14.2958,0.8,0,1
35467,bullet4,12.6348,14.8536,0.8,0,1
35467,bullet6,5.84841,14.2401,0.8,0,1
35468,flyer2,0.0710654,3.44858,-0.298708,0.0278151,2
35469,flyer3,15.0667,12.9707,-0.286655,-0.088481,2
35469,bullet2,9.7126,14.2422,0.8,0,1
35470,player,5.79828,14.2399,0.339017,-2.32712e-05,1
35470,bullet5,12.6348,14.2958,0.8,0,1
35472,bullet6,9.84841,14.2401,0.8,0,1
35474,flyer3,13.6334,12.5283,-0.286655,-0.088481,2
35474,bullet2,13.7126,14.2422,0.8,0,1
35475,player,5.17532,15.1351,-0.399588,0.405843,1
35475,flyer4,16.5,1.21508,-0.299785,0.011363,2
35477,bullet6,13.8484,14.2401,0.8,0,1
35478,flyer5,16.5,1.21508,-0.292446,0.0668986,2
35479,flyer3,12.2002,12.0859,-0.286655,-0.088481,2
35480,player,5.44289,15.2408,0.0233812,0.276645,1
35480,flyer4,15.0011,1.2719,-0.299785,0.011363,2
35481,flyer6,16.5,1.21508,-0.274469,0.121107,2
35483,flyer5,15.0378,1.54958,-0.292446,0.0668986,2
35484,flyer3,10.7669,11.6435,-0.286655,-0.088481,2
35484,bullet1,6.35061,14.8694,0.8,0,1
35485,player,6.01939,14.8607,0.0687752,-0.00873473,1
35485,flyer4,13.5022,1.32871,-0.299785,0.011363,2
35486,flyer6,15.1277,1.82062,-0.274469,0.121107,2
35488,flyer5,13.5755,1.88407,-0.292446,0.0668986,2
35489,flyer3,9.33361,11.2011,-0.286655,-0.088481,2
35489,bullet1,10.3506,14.8694,0.8,0,1
35490,player,6.07462,14.8537,0.0012691,-0.00016118,1
35490,flyer4,12.0032,1.38553,-0.299785,0.011363,2
35490,bullet3,6.47462,14.8537,0.8,0,1
35491,flyer6,13.7553,2.42616,-0.274469,0.121107,2
35493,flyer5,12.1133,2.21856,-0.292446,0.0668986,2
35493,bullet4,6.47556,14.2958,0.8,0,1
35494,flyer3,7.90034,10.7587,-0.286655,-0.088481,2
35494,bullet1,14.3506,14.8694,0.8,0,1
35494,bullet5,6.47562,14.2651,0.8,0,1
35495,player,6.07564,14.2512,2.34184e-05,-0.0138426,1
35495,flyer4,10.5043,1.44234,-0.299785,0.011363,2
35495,bullet3,10.4746,14.8537,0.8,0,1
35496,flyer6,12.383,3.0317,-0.274469,0.121107,2
35497,bullet2,6.47565,14.2422,0.8,0,1
35498,flyer5,10.6511,2.55306,-0.292446,0.0668986,2
35498,bullet4,10.4756,14.2958,0.8,0,1
35499,flyer3,6.46706,10.3162,-0.286655,-0.088481,2
35499,bullet5,10.4756,14.2651,0.8,0,1
35500,player,5.73816,14.5776,-0.3375,0.337245,1
35500,flyer4,9.00538,1.49916,-0.299785,0.011363,2
35500,bullet3,14.4746,14.8537,0.8,0,1
35501,flyer6,11.0106,3.63723,-0.274469,0.121107,2
35502,bullet2,10.4757,14.2422,0.8,0,1
35503,flyer5,9.18885,2.88755,-0.292446,0.0668986,2
35503,bullet4,14.4756,14.2958,0.8,0,1
35503,bullet6,5.88718,14.8284,0.8,0,1
35504,flyer3,5.03379,9.87385,-0.286655,-0.088481,2
35504,bullet5,14.4756,14.2651,0.8,0,1
35505,player,5.46712,14.8485,-0.00622782,0.00622311,1
35505,flyer4,7.50646,1.55597,-0.299785,0.011363,2
35506,flyer6,9.63829,4.24277,-0.274469,0.121107,2
35507,bullet2,14.4757,14.2422,0.8,0,1
35508,flyer5,7.72662,3.22204,-0.292446,0.0668986,2
35508,bullet6,9.88719,14.8284,0.8,0,1
35509,flyer3,3.60051,9.43144,-0.286655,-0.088481,2
35510,player,6.05059,15.4419,0.0306398,0.0308695,1
35510,flyer4,6.00754,1.61279,-0.299785,0.011363,2
35511,flyer6,8.26595,4.84831,-0.274469,0.121107,2
35512,bullet1,5.98121,15.4621,0.8,0,1
35513,flyer5,6.26439,3.55654,-0.292446,0.0668986,2
35513,bullet6,13.8872,14.8284,0.8,0,1
35514,flyer3,2.16724,8.98904,-0.286655,-0.088481,2
35514,bullet3,5.88616,15.4661,0.8,0,1
35515,player,5.13538,15.4667,-0.350774,0.00056963,1
35515,flyer4,4.50861,1.6696,-0.299785,0.011363,2
35516,flyer6,6.8936,5.45385,-0.274469,0.121107,2
35517,bullet1,9.98121,15.4621,0.8,0,1
35518,flyer5,4.80216,3.89103,-0.292446,0.0668986,2
35518,bullet4,5.27454,15.4671,0.8,0,1
35519,flyer3,0.733963,8.54663,-0.286655,-0.088481,2
35519,bullet3,9.88616,15.4661,0.8,0,1
35519,bullet5,5.26016,15.4672,0.8,0,1
35520,player,4.85368,15.4672,-0.00647277,1.05113e-05,1
35520,flyer4,3.00969,1.72642,-0.299785,0.011363,2
35521,flyer6,5.52126,6.05938,-0.274469,0.121107,2
35522,bullet1,13.9812,15.4621,0.8,0,1
35523,flyer5,3.33993,4.22552,-0.292446,0.0668986,2
35523,bullet4,9.27454,15.4671,0.8,0,1
35524,bullet3,13.8862,15.4661,0.8,0,1
35524,bullet5,9.26016,15.4672,0.8,0,1
35525,player,4.35911,14.8649,-0.151994,-0.0138394,1
35525,flyer4,1.51077,1.78323,-0.299785,0.011363,2
35526,flyer6,4.14892,6.66492,-0.274469,0.121107,2
35528,flyer5,1.8777,4.56001,-0.292446,0.0668986,2
35528,bullet4,13.2745,15.4671,0.8,0,1
35529,bullet5,13.2602,15.4672,0.8,0,1
35529,bullet2,4.42833,15.4425,-0.8,-6.99382e-08,1
35530,player,4.83936,15.4561,0.0110349,0.0135842,1
35530,flyer4,0.011842,1.84004,-0.299785,0.011363,2
35531,flyer6,2.77658,7.27046,-0.274469,0.121107,2
35533,flyer5,0.415472,4.8945,-0.292446,0.0668986,2
35533,flayer7,16.5,1.21508,-0.3,0,2
35534,bullet2,0.428325,15.4425,-0.8,-6.99382e-08,1
35535,player,4.24591,15.0423,-0.013636,-0.0683438,1
35535,bullet6,3.84591,15.0423,-0.8,-6.99382e-08,1
35536,flyer6,1.40423,7.876,-0.274469,0.121107,2
35537,flayer8,16.5,14.863,-0.3,0,2
35538,flayer7,15,1.21508,-0.3,0,2
35540,player,3.74558,15.4768,-0.152127,0.150614,1
35540,bullet6,-0.154093,15.0423,-0.8,-6.99382e-08,1
35541,flyer6,0.0318904,8.48153,-0.274469,0.121107,2
35541,flyer1,16.5,1.21508,-0.292849,0.0651107,2
35542,flayer8,15,14.863,-0.3,0,2
35542,bullet1,4.04632,15.575,0.8,0,1
35543,flayer7,13.5,1.21508,-0.3,0,2
35545,player,3.06569,15.5977,-0.0711509,0.00277925,1
35545,bullet3,3.46569,15.5977,0.8,0,1
35546,flyer1,15.0358,1.54064,-0.292849,0.0651107,2
35546,bullet4,3.43368,15.599,0.8,0,1
35547,flayer8,13.5,14.863,-0.3,0,2
35547,bullet1,8.04632,15.575,0.8,0,1
35548,flayer7,12,1.21508,-0.3,0,2
35550,player,2.51918,15.1106,-0.153188,-0.151824,1
35550,bullet3,7.46569,15.5977,0.8,0,1
35550,bullet5,2.91918,15.1106,0.8,0,1
35551,flyer1,13.5715,1.86619,-0.292849,0.0651107,2
35551,bullet4,7.43368,15.599,0.8,0,1
35552,flayer8,12,14.863,-0.3,0,1
35552,explosion1,12.0463,15.575,-0.3,0,1
35552,bullet2,2.81922,15.0115,0.8,0,1
35553,flayer7,10.5,1.21508,-0.3,0,2
35554,explosion2,10.6657,15.5977,-0.3,0,1
35554,explosion3,11.4,14.863,-0.3,0,1
35555,player,3.29137,14.7684,0.403017,0.266355,1
35555,bullet5,6.91918,15.1106,0.8,0,1
35556,flyer1,12.1073,2.19175,-0.292849,0.0651107,2
35556,bullet4,11.4337,15.599,0.8,0,1
35557,bullet2,6.81922,15.0115,0.8,0,1
35557,bullet6,3.95434,14.9422,0.8,0,1
35558,flayer7,9,1.21508,-0.3,0,2
35559,explosion3,9.9,14.863,-0.3,0,1
35560,player,3.61503,14.9823,0.0074368,0.00491499,1
35560,bullet5,10.9192,15.1106,0.8,0,1
35561,flyer1,10.643,2.5173,-0.292849,0.0651107,2
35561,bullet4,15.4337,15.599,0.8,0,1
35562,bullet2,10.8192,15.0115,0.8,0,1
35562,bullet6,7.95434,14.9422,0.8,0,1
35563,flayer7,7.5,1.21508,-0.3,0,2
35564,bullet1,4.02087,14.9862,0.8,0,1
35565,player,3.621,14.9863,0.00013723,9.06954e-05,1
35565,bullet5,14.9192,15.1106,0.8,0,1
35566,flyer1,9.17876,2.84285,-0.292849,0.0651107,2
35567,bullet2,14.8192,15.0115,0.8,0,1
35567,bullet6,11.9543,14.9422,0.8,0,1
35568,flayer7,5.99999,1.21508,-0.3,0,2
35569,bullet1,8.02087,14.9862,0.8,0,1
35570,player,2.43033,15.0002,-0.0445918,-0.0169134,1
35570,bullet3,2.83033,15.0002,0.8,0,1
35571,flyer1,7.71452,3.16841,-0.292849,0.0651107,2
35572,bullet6,15.9543,14.9422,0.8,0,1
35573,flayer7,4.49999,1.21508,-0.3,0,2
35574,bullet1,12.0209,14.9862,0.8,0,1
35574,bullet4,2.79534,14.3985,0.8,0,1
35575,player,2.39452,14.3843,-0.000822843,-0.0141517,1
35575,bullet3,6.83033,15.0002,0.8,0,1
35576,flyer1,6.25027,3.49396,-0.292849,0.0651107,2
35578,flayer7,2.99999,1.21508,-0.3,0,2
35579,bullet1,16.0209,14.9862,0.8,0,1
35579,bullet4,6.79534,14.3985,0.8,0,1
35580,player,2.4077,14.9614,-0.0169303,0.0304935,1
35580,bullet3,10.8303,15.0002,0.8,0,1
35580,bullet5,2.8077,14.9614,0.8,0,1
35581,flyer1,4.78602,3.81951,-0.292849,0.0651107,2
35581,bullet2,2.80008,14.9751,0.8,0,1
35583,flayer7,1.49999,1.21508,-0.3,0,2
35584,bullet4,10.7953,14.3985,0.8,0,1
35585,player,2.3941,14.9859,-0.000312411,0.000562692,1
35585,bullet3,14.8303,15.0002,0.8,0,1
35585,bullet5,6.8077,14.9614,0.8,0,1
35586,flyer1,3.32178,4.14507,-0.292849,0.0651107,2
35586,bullet2,6.80008,14.9751,0.8,0,1
35588,flayer7,-6.4373e-06,1.21508,-0.3,0,2
35589,bullet4,14.7953,14.3985,0.8,0,1
35590,player,2.07019,15.31,-0.354421,0.354425,1
35590,bullet5,10.8077,14.9614,0.8,0,1
35591,flyer1,1.85753,4.47062,-0.292849,0.0651107,2
35591,bullet2,10.8001,14.9751,0.8,0,1
35592,flyer2,16.5,14.863,-0.290717,-0.0740534,2
35593,bullet6,2.20663,15.5736,0.8,0,1
35595,player,2.27493,15.1053,0.145335,-0.145335,1
35595,explosion4,14.8077,14.9614,-0.290717,-0.0740534,1
35596,flyer1,0.393288,4.79617,-0.292849,0.0651107,2
35596,explosion5,14.8001,14.9751,-0.290717,-0.0740534,1
35596,explosion6,15.3371,14.5668,-0.290717,-0.0740534,1
35597,bullet1,2.76976,15.0104,0.8,0,1
35598,bullet6,6.20663,15.5736,0.8,0,1
35598,bullet3,2.78301,14.9972,0.8,0,1
35600,player,2.72915,15.3261,0.340182,0.334818,1
35600,explosion4,13.3541,14.5911,-0.290717,-0.0740534,1
35601,explosion5,13.3465,14.6049,-0.290717,-0.0740534,1
35601,explosion6,13.8836,14.1965,-0.290717,-0.0740534,1
35601,bullet4,3.28223,15.4767,0.8,0,1
35602,bullet1,6.76976,15.0104,0.8,0,1
35603,bullet6,10.2066,15.5736,0.8,0,1
35603,bullet3,6.78301,14.9972,0.8,0,1
35605,player,3.33984,15.6,0.343777,0,1
35606,bullet4,7.28223,15.4767,0.8,0,1
35607,bullet1,10.7698,15.0104,0.8,0,1
35608,bullet6,14.2066,15.5736,0.8,0,1
35608,bullet3,10.783,14.9972,0.8,0,1
35610,player,4.17365,15.0423,0.0746874,-0.0683438,1
35611,flyer3,16.5,14.863,-0.295158,-0.0536812,2
35611,bullet4,11.2822,15.4767,0.8,0,1
35611,bullet5,4.60725,15.0115,0.8,0,1
35612,bullet1,14.7698,15.0104,0.8,0,1
35613,bullet3,14.783,14.9972,0.8,0,1
35613,explosion7,15.5698,15.0104,-0.295158,-0.0536812,1
35614,explosion8,15.583,14.9972,-0.295158,-0.0536812,1
35614,explosion1,15.6145,14.7019,-0.295158,-0.0536812,1
35615,player,4.23363,14.498,0.00137819,-0.153136,1
35615,bullet2,4.63363,14.498,0.8,0,1
35616,bullet4,15.2822,15.4767,0.8,0,1
35616,bullet5,8.60725,15.0115,0.8,0,1
35617,bullet6,4.63452,14.3981,0.8,0,1
35618,explosion7,14.094,14.742,-0.295158,-0.0536812,1
35618,bullet1,3.83465,14.3841,-0.8,-6.99382e-08,1
35619,explosion8,14.1072,14.7288,-0.295158,-0.0536812,1
35619,explosion1,14.1387,14.4335,-0.295158,-0.0536812,1
35620,player,4.23473,14.375,2.54315e-05,-0.00282579,1
35620,bullet2,8.63363,14.498,0.8,0,1
35621,bullet5,12.6073,15.0115,0.8,0,1
35622,bullet6,8.63452,14.3981,0.8,0,1
35623,bullet1,-0.16535,14.3841,-0.8,-6.99382e-08,1
35624,flyer4,16.5,14.863,-0.3,0,2
35625,player,3.33953,14.0353,-0.405843,-0.337552,1
35625,bullet2,12.6336,14.498,0.8,0,1
35625,explosion2,15.8073,15.0115,-0.3,0,1
35627,bullet6,12.6345,14.3981,0.8,0,1
35627,bullet3,3.47472,13.815,0.8,0,1
35628,explosion3,15.0336,14.498,-0.3,0,1
35628,explosion4,15.3,14.863,-0.3,0,1
35630,player,2.45589,14.3219,-0.0758327,0.062115,1
35630,bullet4,2.85589,14.3219,0.8,0,1
35631,bullet1,2.82177,14.3499,0.8,0,1
35632,bullet3,7.47472,13.815,0.8,0,1
35633,explosion4,13.8,14.863,-0.3,0,1
35634,flyer5,16.5,8.3129,-0.295424,-0.0521977,2
35635,player,2.88437,14.5237,0.150476,-0.184479,1
35635,bullet4,6.85589,14.3219,0.8,0,1
35636,bullet1,6.82177,14.3499,0.8,0,1
35637,bullet3,11.4747,13.815,0.8,0,1
35637,bullet5,3.38255,14.4033,0.8,0,1
35639,flyer5,15.0229,8.05192,-0.295424,-0.0521977,2
35640,player,3.00521,13.8178,0.0027767,-0.0717479,1
35640,bullet4,10.8559,14.3219,0.8,0,1
35641,bullet1,10.8218,14.3499,0.8,0,1
35642,bullet3,15.4747,13.815,0.8,0,1
35642,bullet5,7.38255,14.4033,0.8,0,1
35644,flyer5,13.5458,7.79093,-0.295424,-0.0521977,2
35644,bullet2,3.19586,14.35,-0.8,-6.99382e-08,1
35645,player,3.60975,14.3625,0.0138908,0.0125157,1
35645,bullet4,14.8559,14.3219,0.8,0,1
35646,bullet1,14.8218,14.3499,0.8,0,1
35647,bullet5,11.3826,14.4033,0.8,0,1
35648,flyer6,16.5,14.863,-0.3,0,2
35648,bullet6,4.02008,14.3718,0.8,0,1
35649,flyer5,12.0686,7.52994,-0.295424,-0.0521977,2
35649,bullet3,4.02065,14.3723,0.8,0,1
35650,player,3.62091,14.3725,0.000256325,0.000230949,1
35652,explosion5,15.3826,14.4033,-0.3,0,1
35652,bullet4,4.51045,14.3727,0.8,0,1
35653,flyer6,15,14.863,-0.3,0,1
35653,bullet6,8.02008,14.3718,0.8,0,1
35654,flyer5,10.5915,7.26895,-0.295424,-0.0521977,2
35654,bullet3,8.02065,14.3723,0.8,0,1
35655,player,4.22343,14.3727,0.0138443,4.26166e-06,1
35655,bullet1,3.82343,14.3727,-0.8,-6.99382e-08,1
35657,bullet4,8.51045,14.3727,0.8,0,1
35658,flyer6,13.5,14.863,-0.3,0,1
35658,bullet6,12.0201,14.3718,0.8,0,1
35659,flyer5,9.11439,7.00796,-0.295424,-0.0521977,2
35659,bullet3,12.0207,14.3723,0.8,0,1
35659,explosion6,12.8201,14.3718,-0.3,0,1
35659,explosion7,13.2,14.863,-0.3,0,1
35659,bullet2,5.12366,14.8621,0.8,0,1
35660,player,4.79226,14.9304,0.0685992,0.0683438,1
35660,bullet1,-0.176574,14.3727,-0.8,-6.99382e-08,1
35662,bullet4,12.5105,14.3727,0.8,0,1
35664,flyer5,7.63727,6.74697,-0.295424,-0.0521977,2
35664,bullet3,16.0207,14.3723,0.8,0,1
35664,explosion7,11.7,14.863,-0.3,0,1
35664,bullet2,9.12367,14.8621,0.8,0,1
35665,player,4.24504,15.5431,-0.0125738,0.0696049,1
35665,bullet5,4.64504,15.5431,0.8,0,1
35667,flayer8,16.5,8.3129,-0.3,0,2
35669,flyer5,6.16015,6.48598,-0.295424,-0.0521977,2
35669,bullet2,13.1237,14.8621,0.8,0,1
35670,player,5.32663,15.0412,0.165483,-0.0670593,1
35670,bullet5,8.64505,15.5431,0.8,0,1
35672,flayer8,15,8.3129,-0.3,0,2
35672,bullet6,5.83461,14.5081,0.8,0,1
35674,flyer5,4.68303,6.22499,-0.295424,-0.0521977,2
35675,player,5.79703,14.7226,0.340554,0.322423,1
35675,bullet5,12.645,15.5431,0.8,0,1
35677,flayer8,13.5,8.3129,-0.3,0,2
35677,bullet6,9.83461,14.5081,0.8,0,1
35679,flyer5,3.20591,5.964,-0.295424,-0.0521977,2
35680,player,6.67284,15.5392,0.0201238,0.0742934,1
35680,flayer7,16.5,8.3129,-0.3,0,2
35682,flayer8,12,8.3129,-0.3,0,2
35682,bullet6,13.8346,14.5081,0.8,0,1
35682,bullet1,7.08597,15.5877,0.8,0,1
35684,flyer5,1.72879,5.70301,-0.295424,-0.0521977,2
35685,player,6.689,15.6,0.00037134,0,1
35685,flayer7,15,8.3129,-0.3,0,2
35687,flayer8,10.5,8.3129,-0.3,0,2
35687,bullet1,11.086,15.5877,0.8,0,1
35689,flyer5,0.251668,5.44202,-0.295424,-0.0521977,2
35689,bullet3,7.67777,15.0115,0.8,0,1
35690,player,7.29161,14.9977,0.0138465,-0.0138396,1
35690,flayer7,13.5,8.3129,-0.3,0,2
35690,bullet4,7.69161,14.9977,0.8,0,1
35692,flayer8,9,8.3129,-0.3,0,2
35692,bullet1,15.086,15.5877,0.8,0,1
35693,bullet2,7.70191,14.498,0.8,0,1
35694,bullet3,11.6778,15.0115,0.8,0,1
35695,player,7.64024,14.7356,0.337756,0.30649,1
35695,flayer7,12,8.3129,-0.3,0,2
35695,bullet4,11.6916,14.9977,0.8,0,1
35697,flayer8,7.5,8.3129,-0.3,0,2
35697,bullet5,8.26062,14.9356,0.8,0,1
35698,bullet2,11.7019,14.498,0.8,0,1
35699,bullet3,15.6778,15.0115,0.8,0,1
35700,player,7.57398,15.3192,-0.331267,0.343156,1
35700,flayer7,10.5,8.3129,-0.3,0,2
35700,bullet4,15.6916,14.9977,0.8,0,1
35702,flayer8,5.99999,8.3129,-0.3,0,2
35702,bullet5,12.2606,14.9356,0.8,0,1
35703,bullet2,15.7019,14.498,0.8,0,1
35704,flyer2,16.5,8.3129,-0.3,0,2
35705,player,8.45414,15.0371,0.0929856,-0.0620116,1
35705,flayer7,9,8.3129,-0.3,0,2
35706,bullet6,8.89598,15.0092,0.8,0,1
35707,flayer8,4.49999,8.3129,-0.3,0,2
35707,bullet5,16.2606,14.9356,0.8,0,1
35709,flyer2,15,8.3129,-0.3,0,2
35709,bullet1,8.9271,14.4307,0.8,0,1
35710,player,8.52882,14.3988,0.00171585,-0.031899,1
35710,flayer7,7.5,8.3129,-0.3,0,2
35711,bullet6,12.896,15.0092,0.8,0,1
35712,flayer8,2.99999,8.3129,-0.3,0,2
35714,flyer2,13.5,8.3129,-0.3,0,2
35714,bullet1,12.9271,14.4307,0.8,0,1
35714,bullet3,8.93016,14.3738,0.8,0,1
35715,player,8.53019,14.3732,3.16622e-05,-0.000588626,1
35715,flayer7,5.99999,8.3129,-0.3,0,2
35717,flayer8,1.49999,8.3129,-0.3,0,2
35719,flyer2,12,8.3129,-0.3,0,2
35719,bullet3,12.9302,14.3738,0.8,0,1
35720,player,8.05468,15.4506,-0.168789,0.182619,1
35720,flayer7,4.49999,8.3129,-0.3,0,2
35722,flayer8,-6.4373e-06,8.3129,-0.3,0,2
35724,flyer2,10.5,8.3129,-0.3,0,2
35724,flyer1,16.5,4.58266,-0.3,0,2
35724,flyer3,16.5,4.58266,-0.3,0,2
35724,bullet4,8.42134,15.4948,0.8,0,1
35725,player,7.96372,15.5526,-0.0576188,0.057874,1
35725,flayer7,2.99999,8.3129,-0.3,0,2
35728,bullet2,7.8315,15.1063,0.8,0,1
35729,flyer2,9,8.3129,-0.3,0,2
35729,flyer1,15,4.58266,-0.3,0,2
35729,flyer3,15,4.58266,-0.3,0,2
35729,bullet4,12.4213,15.4948,0.8,0,1
35730,player,7.32897,15.0107,-0.0318179,-0.0296867,1
35730,flayer7,1.49999,8.3129,-0.3,0,2
35730,bullet5,7.72897,15.0107,0.8,0,1
35733,bullet2,11.8315,15.1063,0.8,0,1
35733,bullet6,7.14759,14.4309,0.8,0,1
35734,flyer2,7.5,8.3129,-0.3,0,2
35734,flyer1,13.5,4.58266,-0.3,0,2
35734,flyer3,13.5,4.58266,-0.3,0,2
35735,player,6.21173,14.3845,-0.166302,-0.0143874,1
35735,flayer7,-6.4373e-06,8.3129,-0.3,0,2
35735,bullet5,11.729,15.0107,0.8,0,1
35738,bullet2,15.8315,15.1063,0.8,0,1
35738,bullet6,11.1476,14.4309,0.8,0,1
35739,flyer2,5.99999,8.3129,-0.3,0,2
35739,flyer1,12,4.58266,-0.3,0,2
35739,flyer3,12,4.58266,-0.3,0,2
35740,player,6.88687,14.0047,-0.24147,-0.300176,1
35740,bullet5,15.729,15.0107,0.8,0,1
35741,bullet1,7.17821,13.8696,0.8,0,1
35743,bullet6,15.1476,14.4309,0.8,0,1
35744,flyer2,4.49999,8.3129,-0.3,0,2
35744,flyer1,10.5,4.58266,-0.3,0,2
35744,flyer3,10.5,4.58266,-0.3,0,2
35745,player,6.69295,13.7636,-0.00445581,-0.0055391,1
35745,bullet3,7.09295,13.7636,0.8,0,1
35746,bullet1,11.1782,13.8696,0.8,0,1
35747,bullet4,7.09004,13.76,0.8,0,1
35748,bullet2,7.08964,13.7595,0.8,0,1
35749,flyer2,2.99999,8.3129,-0.3,0,2
35749,flyer1,9,4.58266,-0.3,0,2
35749,flyer3,9,4.58266,-0.3,0,2
35750,player,6.68937,13.7592,-8.22221e-05,-0.000102212,1
35750,bullet3,11.093,13.7636,0.8,0,1
35751,bullet1,15.1782,13.8696,0.8,0,1
35752,bullet4,11.09,13.76,0.8,0,1
35753,bullet2,11.0896,13.7595,0.8,0,1
35754,flyer2,1.49999,8.3129,-0.3,0,2
35754,flyer1,7.5,4.58266,-0.3,0,2
35754,flyer3,7.5,4.58266,-0.3,0,2
35755,player,7.16484,14.3614,0.168789,0.0138377,1
35755,bullet3,15.093,13.7636,0.8,0,1
35757,bullet4,15.09,13.76,0.8,0,1
35758,bullet2,15.0896,13.7595,0.8,0,1
35759,flyer2,-6.4373e-06,8.3129,-0.3,0,2
35759,flyer1,5.99999,4.58266,-0.3,0,2
35759,flyer3,5.99999,4.58266,-0.3,0,2
35760,player,7.85811,13.8148,0.0714584,-0.0680884,1
35760,flyer4,16.5,4.58266,-0.299938,-0.00607463,2
35761,flyer6,16.5,4.58266,-0.3,0,2
35761,bullet5,8.29027,13.7842,0.8,0,1
35764,flyer1,4.49999,4.58266,-0.3,0,2
35764,flyer3,4.49999,4.58266,-0.3,0,2
35765,player,7.9155,14.3486,0.00131861,0.0294983,1
35765,flyer4,15.0003,4.55229,-0.299938,-0.00607463,2
35765,bullet6,8.3155,14.3486,0.8,0,1
35766,flyer6,15,4.58266,-0.3,0,2
35766,bullet5,12.2903,13.7842,0.8,0,1
35769,flyer1,2.99999,4.58266,-0.3,0,2
35769,flyer3,2.99999,4.58266,-0.3,0,2
35770,player,7.81746,14.3723,0.121145,0.000544326,1
35770,flyer4,13.5006,4.52191,-0.299938,-0.00607463,2
35770,bullet6,12.3155,14.3486,0.8,0,1
35771,flyer6,13.5,4.58266,-0.3,0,2
35771,bullet5,16.2903,13.7842,0.8,0,1
35774,flyer1,1.49999,4.58266,-0.3,0,2
35774,flyer3,1.49999,4.58266,-0.3,0,2
35774,bullet1,7.16632,14.4035,0.8,0,1
35775,player,6.72396,14.3866,-0.0423588,-0.016905,1
35775,flyer4,12.0009,4.49154,-0.299938,-0.00607463,2
35775,bullet6,16.3155,14.3486,0.8,0,1
35775,bullet3,7.12396,14.3866,0.8,0,1
35776,flyer6,12,4.58266,-0.3,0,2
35779,flyer1,-6.4373e-06,4.58266,-0.3,0,2
35779,flyer3,-6.4373e-06,4.58266,-0.3,0,2
35779,bullet1,11.1663,14.4035,0.8,0,1
35780,player,6.75829,13.8836,-0.0843129,-0.152187,1
35780,flyer4,10.5012,4.46117,-0.299938,-0.00607463,2
35780,bullet3,11.124,14.3866,0.8,0,1
35781,flyer6,10.5,4.58266,-0.3,0,2
35782,bullet4,7.10327,13.7843,0.8,0,1
35784,bullet1,15.1663,14.4035,0.8,0,1
35785,player,6.2012,14.2508,-0.153431,0.149067,1
35785,flyer4,9.00154,4.4308,-0.299938,-0.00607463,2
35785,bullet3,15.124,14.3866,0.8,0,1
35785,bullet2,6.6012,14.2508,0.8,0,1
35786,flyer6,9,4.58266,-0.3,0,2
35787,bullet4,11.1033,13.7843,0.8,0,1
35790,player,7.12508,14.3705,0.217388,0.0027507,1
35790,flyer4,7.50185,4.40043,-0.299938,-0.00607463,2
35790,bullet2,10.6012,14.2508,0.8,0,1
35791,flyer6,7.5,4.58266,-0.3,0,2
35792,bullet4,15.1033,13.7843,0.8,0,1
35792,bullet5,7.17755,14.8617,0.8,0,1
35794,bullet6,7.10717,14.9611,0.8,0,1
35795,player,7.03484,15.3125,0.327672,0.35139,1
35795,flyer4,6.00216,4.37005,-0.299938,-0.00607463,2
35795,bullet2,14.6012,14.2508,0.8,0,1
35796,flyer6,5.99999,4.58266,-0.3,0,2
35797,bullet5,11.1776,14.8617,0.8,0,1
35798,bullet1,7.67851,15.5738,0.8,0,1
35799,bullet6,11.1072,14.9611,0.8,0,1
35800,player,7.29799,15.5947,0.00604647,0.00648414,1
35800,flyer4,4.50247,4.33968,-0.299938,-0.00607463,2
35801,flyer6,4.49999,4.58266,-0.3,0,2
35801,bullet3,7.70071,15.5976,0.8,0,1
35802,bullet5,15.1776,14.8617,0.8,0,1
35803,bullet1,11.6785,15.5738,0.8,0,1
35804,bullet6,15.1072,14.9611,0.8,0,1
35805,player,6.81347,15.5999,-0.151763,0.000119651,1
35805,flyer4,3.00277,4.30931,-0.299938,-0.00607463,2
35805,bullet4,7.21347,15.5999,0.8,0,1
35806,flyer6,2.99999,4.58266,-0.3,0,2
35806,bullet3,11.7007,15.5976,0.8,0,1
35808,bullet1,15.6785,15.5738,0.8,0,1
35808,bullet2,7.10062,15.6,0.8,0,1
35810,player,6.20222,15.6,-0.154675,2.20789e-06,1
35810,flyer4,1.50308,4.27894,-0.299938,-0.00607463,2
35810,bullet4,11.2135,15.5999,0.8,0,1
35811,flyer6,1.49999,4.58266,-0.3,0,2
35811,bullet3,15.7007,15.5976,0.8,0,1
35812,bullet5,6.99067,15.6,0.8,0,1
35813,bullet2,11.1006,15.6,0.8,0,1
35815,player,6.68032,15.6,0.0109854,0,1
35815,flyer4,0.00338912,4.24857,-0.299938,-0.00607463,2
35815,bullet4,15.2135,15.5999,0.8,0,1
35816,flyer6,-6.4373e-06,4.58266,-0.3,0,2
35817,bullet5,10.9907,15.6,0.8,0,1
35818,flyer5,16.5,4.58266,-0.3,0,2
35818,bullet2,15.1006,15.6,0.8,0,1
35819,flayer8,16.5,15.2612,-0.3,0,2
35819,bullet6,7.67741,15.1106,0.8,0,1
35820,player,7.29146,15.0423,0.0140423,-0.0683438,1
35822,explosion8,14.9907,15.6,-0.3,0,1
35822,explosion1,15.6,15.2612,-0.3,0,1
35823,flyer5,15,4.58266,-0.3,0,2
35824,bullet6,11.6774,15.1106,0.8,0,1
35825,player,6.1427,14.9874,-0.0819242,-0.00126113,1
35825,bullet1,6.5427,14.9874,0.8,0,1
35827,explosion1,14.1,15.2612,-0.3,0,1
35828,flyer5,13.5,4.58266,-0.3,0,2
35828,flayer7,16.5,13.4174,-0.3,0,2
35828,bullet3,6.48178,15.5442,0.8,0,1
35829,bullet6,15.6774,15.1106,0.8,0,1
35830,player,6.56629,15.5887,0.150363,0.0138163,1
35830,bullet1,10.5427,14.9874,0.8,0,1
35832,bullet4,7.0644,15.5977,0.8,0,1
35833,flyer5,12,4.58266,-0.3,0,2
35833,flayer7,15,13.4174,-0.3,0,2
35833,bullet3,10.4818,15.5442,0.8,0,1
35835,player,6.12932,15.6,-0.0655691,0,1
35835,bullet1,14.5427,14.9874,0.8,0,1
35837,bullet4,11.0644,15.5977,0.8,0,1
35838,flyer5,10.5,4.58266,-0.3,0,2
35838,flayer7,13.5,13.4174,-0.3,0,2
35838,bullet3,14.4818,15.5442,0.8,0,1
35838,bullet2,6.48056,15.6,0.8,0,1
35839,bullet5,6.47787,15.6,0.8,0,1
35840,player,6.07666,15.6,-0.00120993,0,1
35842,bullet4,15.0644,15.5977,0.8,0,1
35843,flyer5,9,4.58266,-0.3,0,2
35843,flayer7,12,13.4174,-0.3,0,2
35843,bullet2,10.4806,15.6,0.8,0,1
35843,bullet6,5.98639,15.6,0.8,0,1
35844,bullet5,10.4779,15.6,0.8,0,1
35845,player,5.48722,15.6,-0.030777,0,1
35848,flyer5,7.5,4.58266,-0.3,0,2
35848,flayer7,10.5,13.4174,-0.3,0,2
35848,bullet2,14.4806,15.6,0.8,0,1
35848,bullet6,9.98639,15.6,0.8,0,1
35849,bullet5,14.4779,15.6,0.8,0,1
35849,bullet1,6.45154,15.0115,0.8,0,1
35850,player,6.06482,14.9977,0.0132717,-0.0138396,1
35852,bullet3,6.47347,14.9887,0.8,0,1
35853,flyer5,5.99999,4.58266,-0.3,0,2
35853,flayer7,9,13.4174,-0.3,0,2
35853,bullet6,13.9864,15.6,0.8,0,1
35853,bullet4,6.47468,14.9874,0.8,0,1
35854,bullet1,10.4515,15.0115,0.8,0,1
35855,player,6.07547,14.9866,0.0002449,-0.00025538,1
35857,bullet3,10.4735,14.9887,0.8,0,1
35858,flyer5,4.49999,4.58266,-0.3,0,2
35858,flayer7,7.5,13.4174,-0.3,0,2
35858,bullet4,10.4747,14.9874,0.8,0,1
35859,bullet1,14.4515,15.0115,0.8,0,1
35859,bullet2,6.47566,14.3979,0.8,0,1
35860,player,6.41317,14.384,0.337505,-0.0138443,1
35862,bullet3,14.4735,14.9887,0.8,0,1
35863,flyer5,2.99999,4.58266,-0.3,0,2
35863,flayer7,5.99999,13.4174,-0.3,0,2
35863,bullet4,14.4747,14.9874,0.8,0,1
35863,bullet5,7.06415,14.3738,0.8,0,1
35864,bullet2,10.4757,14.3979,0.8,0,1
35865,player,6.68421,14.3729,0.00622791,-0.000255467,1
35868,flyer5,1.49999,4.58266,-0.3,0,2
35868,flayer7,4.49999,13.4174,-0.3,0,2
35868,bullet5,11.0641,14.3738,0.8,0,1
35869,bullet2,14.4757,14.3979,0.8,0,1
35869,bullet6,7.0891,13.7843,0.8,0,1
35870,player,7.02671,13.4329,0.337615,-0.351344,1
35873,flyer5,-6.4373e-06,4.58266,-0.3,0,2
35873,flayer7,2.99999,13.4174,-0.3,0,2
35873,bullet5,15.0641,14.3738,0.8,0,1
35874,bullet6,11.0891,13.7843,0.8,0,1
35875,player,7.19875,12.6614,0.12735,-0.158358,1
35875,flyer2,16.5,8.73873,-0.3,0,2
35876,flyer1,16.5,8.73873,-0.3,0,2
35878,flayer7,1.49999,13.4174,-0.3,0,2
35879,bullet6,15.0891,13.7843,0.8,0,1
35880,player,7.7904,12.5342,0.154225,-0.00292216,1
35880,flyer2,15,8.73873,-0.3,0,2
35881,flyer1,15,8.73873,-0.3,0,2
35881,flyer3,16.5,8.73873,-0.3,0,2
35881,bullet1,7.4598,12.5329,-0.8,-6.99382e-08,1
35883,flayer7,-6.4373e-06,13.4174,-0.3,0,2
35885,player,7.84591,11.4848,0.0863771,-0.220273,1
35885,flyer2,13.5,8.73873,-0.3,0,2
35886,flyer1,13.5,8.73873,-0.3,0,2
35886,flyer3,15,8.73873,-0.3,0,2
35886,bullet1,3.4598,12.5329,-0.8,-6.99382e-08,1
35887,bullet3,8.79164,10.8517,0.8,0,1
35890,player,8.18009,10.7055,-0.322066,-0.0179043,1
35890,flyer2,12,8.73873,-0.3,0,2
35891,flyer1,12,8.73873,-0.3,0,2
35891,flyer3,13.5,8.73873,-0.3,0,2
35891,bullet4,8.43516,10.6975,0.8,0,1
35892,bullet3,12.7916,10.8517,0.8,0,1
35893,bullet2,8.34059,10.6922,0.8,0,1
35894,bullet5,8.32738,10.6915,0.8,0,1
35895,player,7.92144,10.6912,-0.00594303,-0.000330384,1
35895,flyer2,10.5,8.73873,-0.3,0,2
35896,flyer1,10.5,8.73873,-0.3,0,2
35896,flyer3,12,8.73873,-0.3,0,2
35896,bullet4,12.4352,10.6975,0.8,0,1
35897,bullet6,8.31756,10.691,0.8,0,1
35898,bullet2,12.3406,10.6922,0.8,0,1
35899,bullet5,12.3274,10.6915,0.8,0,1
35900,player,7.91667,10.6909,-0.000109666,-6.09651e-06,1
35900,flyer2,9,8.73873,-0.3,0,2
35901,flyer1,9,8.73873,-0.3,0,2
35901,flyer3,10.5,8.73873,-0.3,0,2
35902,bullet6,12.3176,10.691,0.8,0,1
35903,bullet2,16.3406,10.6922,0.8,0,1
35904,bullet5,16.3274,10.6915,0.8,0,1
35905,player,8.4743,11.2486,0.0683417,0.0683436,1
35905,flyer2,7.5,8.73873,-0.3,0,2
35905,bullet1,8.8743,11.2486,0.8,0,1
35906,flyer1,7.5,8.73873,-0.3,0,2
35906,flyer3,9,8.73873,-0.3,0,2
35907,bullet6,16.3176,10.691,0.8,0,1
35907,bullet3,8.91889,11.2932,0.8,0,1
35910,player,8.30896,12.1987,0.270417,0.407105,1
35910,flyer2,5.99999,8.73873,-0.3,0,2
35910,bullet1,12.8743,11.2486,0.8,0,1
35911,flyer1,5.99999,8.73873,-0.3,0,2
35911,flyer3,7.5,8.73873,-0.3,0,2
35912,bullet3,12.9189,11.2932,0.8,0,1
35914,bullet4,8.33267,13.1066,0.8,0,1
35915,player,7.92382,13.128,-0.00884965,0.0213518,1
35915,flyer2,4.49999,8.73873,-0.3,0,2
35915,bullet2,8.32382,13.128,0.8,0,1
35916,flyer1,4.49999,8.73873,-0.3,0,2
35916,flyer3,5.99999,8.73873,-0.3,0,2
35917,bullet5,8.31804,13.1419,0.8,0,1
35919,bullet4,12.3327,13.1066,0.8,0,1
35920,player,7.35899,13.7028,-0.0685071,0.0687377,1
35920,flyer2,2.99999,8.73873,-0.3,0,2
35920,bullet2,12.3238,13.128,0.8,0,1
35920,bullet6,7.75899,13.7028,0.8,0,1
35921,flyer1,2.99999,8.73873,-0.3,0,2
35921,flyer3,4.49999,8.73873,-0.3,0,2
35922,bullet5,12.318,13.1419,0.8,0,1
35924,bullet4,16.3327,13.1066,0.8,0,1
35925,player,7.30398,13.758,-0.00126415,0.0012684,1
35925,flyer2,1.49999,8.73873,-0.3,0,2
35925,bullet2,16.3238,13.128,0.8,0,1
35925,bullet6,11.759,13.7028,0.8,0,1
35926,flyer1,1.49999,8.73873,-0.3,0,2
35926,flyer3,2.99999,8.73873,-0.3,0,2
35927,bullet5,16.318,13.1419,0.8,0,1
35928,bullet1,7.21366,14.2484,0.8,0,1
35930,player,6.71449,14.3475,-0.030778,0.0307781,1
35930,flyer2,-6.4373e-06,8.73873,-0.3,0,2
35930,bullet6,15.759,13.7028,0.8,0,1
35930,bullet3,7.11449,14.3475,0.8,0,1
35931,flyer1,-6.4373e-06,8.73873,-0.3,0,2
35931,flyer3,1.49999,8.73873,-0.3,0,2
35932,bullet4,7.0944,14.3676,0.8,0,1
35933,bullet1,11.2137,14.2484,0.8,0,1
35934,bullet2,7.09034,14.3717,0.8,0,1
35935,player,7.02727,14.7098,0.336932,0.338068,1
35935,bullet3,11.1145,14.3475,0.8,0,1
35936,flyer3,-6.4373e-06,8.73873,-0.3,0,2
35937,bullet4,11.0944,14.3676,0.8,0,1
35938,bullet1,15.2137,14.2484,0.8,0,1
35939,bullet2,11.0903,14.3717,0.8,0,1
35940,player,7.32861,14.3928,-0.0313717,-0.0245164,1
35940,flyer4,16.5,8.73873,-0.296997,-0.042342,2
35940,bullet3,15.1145,14.3475,0.8,0,1
35942,flyer6,16.5,0.838252,-0.3,0,2
35942,bullet4,15.0944,14.3676,0.8,0,1
35942,bullet5,7.70814,14.3768,0.8,0,1
35944,bullet2,15.0903,14.3717,0.8,0,1
35944,bullet6,7.70399,14.3735,0.8,0,1
35945,player,7.30341,14.3731,-0.000578896,-0.000452396,1
35945,flyer4,15.015,8.52702,-0.296997,-0.042342,2
35945,bullet1,7.70341,14.3731,0.8,0,1
35947,flyer6,15,0.838252,-0.3,0,2
35947,bullet5,11.7081,14.3768,0.8,0,1
35949,bullet6,11.704,14.3735,0.8,0,1
35950,player,6.81357,14.8621,-0.151886,0.151867,1
35950,flyer4,13.53,8.31531,-0.296997,-0.042342,2
35950,bullet1,11.7034,14.3731,0.8,0,1
35952,flyer6,13.5,0.838252,-0.3,0,2
35952,bullet5,15.7081,14.3768,0.8,0,1
35952,bullet3,7.11447,15.4506,0.8,0,1
35954,bullet6,15.704,14.3735,0.8,0,1
35955,player,6.6916,15.097,-0.00280272,-0.135233,1
35955,flyer4,12.045,8.1036,-0.296997,-0.042342,2
35955,bullet1,15.7034,14.3731,0.8,0,1
35955,bullet4,7.0916,15.097,0.8,0,1
35957,flyer6,12,0.838252,-0.3,0,2
35957,bullet3,11.1145,15.4506,0.8,0,1
35959,bullet2,7.0894,14.5015,0.8,0,1
35960,player,6.68935,14.4307,-5.1718e-05,-0.0708392,1
35960,flyer4,10.5601,7.89188,-0.296997,-0.042342,2
35960,bullet4,11.0916,15.097,0.8,0,1
35961,bullet5,6.28932,14.3988,-0.8,-6.99382e-08,1
35962,flyer6,10.5,0.838252,-0.3,0,2
35962,bullet3,15.1145,15.4506,0.8,0,1
35964,bullet2,11.0894,14.5015,0.8,0,1
35965,player,7.27778,14.9623,0.0307537,0.0294475,1
35965,flyer4,9.07507,7.68017,-0.296997,-0.042342,2
35965,bullet4,15.0916,15.097,0.8,0,1
35965,bullet6,7.67778,14.9623,0.8,0,1
35966,bullet5,2.28932,14.3988,-0.8,-6.99382e-08,1
35967,flyer6,9,0.838252,-0.3,0,2
35968,bullet1,8.25837,14.9841,0.8,0,1
35969,bullet2,15.0894,14.5015,0.8,0,1
35970,player,8.39417,15.4753,0.166282,0.152418,1
35970,flyer4,7.59009,7.46846,-0.296997,-0.042342,2
35970,bullet6,11.6778,14.9623,0.8,0,1
35972,flyer6,7.5,0.838252,-0.3,0,2
35973,bullet1,12.2584,14.9841,0.8,0,1
35975,player,8.49695,14.6717,0.0406574,-0.365442,1
35975,flyer4,6.1051,7.25675,-0.296997,-0.042342,2
35975,bullet6,15.6778,14.9623,0.8,0,1
35976,flayer8,16.5,0.838252,-0.3,0,2
35976,bullet3,8.91524,14.5073,0.8,0,1
35977,flyer6,5.99999,0.838252,-0.3,0,2
35978,bullet1,16.2584,14.9841,0.8,0,1
35980,player,7.70272,14.8676,-0.488625,0.145132,1
35980,flyer4,4.62012,7.04504,-0.296997,-0.042342,2
35981,flayer8,15,0.838252,-0.3,0,2
35981,bullet3,12.9152,14.5073,0.8,0,1
35982,flyer6,4.49999,0.838252,-0.3,0,2
35982,bullet4,7.78389,14.9623,0.8,0,1
35985,player,7.86803,15.5419,0.0593272,0.0710218,1
35985,flyer4,3.13513,6.83333,-0.296997,-0.042342,2
35986,flayer8,13.5,0.838252,-0.3,0,2
35987,flyer6,2.99999,0.838252,-0.3,0,2
35987,bullet4,11.7839,14.9623,0.8,0,1
35989,bullet5,7.16839,15.0423,0.8,0,1
35990,player,7.06239,15.349,0.294,0.306745,1
35990,flyer4,1.65015,6.62162,-0.296997,-0.042342,2
35991,flayer8,12,0.838252,-0.3,0,2
35992,flyer6,1.49999,0.838252,-0.3,0,2
35992,bullet4,15.7839,14.9623,0.8,0,1
35993,bullet2,7.68102,15.5771,0.8,0,1
35994,bullet5,11.1684,15.0423,0.8,0,1
35994,bullet6,7.69307,15.5897,0.8,0,1
35995,player,7.2985,15.5954,0.00542514,0.00566031,1
35995,flyer4,0.165164,6.40991,-0.296997,-0.042342,2
35996,flayer8,10.5,0.838252,-0.3,0,2
35997,flyer6,-6.4373e-06,0.838252,-0.3,0,2
35998,bullet2,11.681,15.5771,0.8,0,1
35999,bullet5,15.1684,15.0423,0.8,0,1
35999,bullet6,11.6931,15.5897,0.8,0,1
36000,player,6.95152,14.7466,-0.320485,0.29301,1
36001,flayer8,9,0.838252,-0.3,0,2
36001,flyer5,16.5,0.838252,-0.3,0,2
36001,bullet1,7.2073,14.8785,0.8,0,1
36003,bullet2,15.681,15.5771,0.8,0,1
36003,bullet3,7.1132,14.9645,0.8,0,1
36004,bullet6,15.6931,15.5897,0.8,0,1
36005,player,6.20477,14.9819,-0.157789,0.00540686,1
36006,flayer8,7.5,0.838252,-0.3,0,2
36006,flyer5,15,0.838252,-0.3,0,2
36006,bullet1,11.2073,14.8785,0.8,0,1
36008,bullet3,11.1132,14.9645,0.8,0,1
36010,player,6.07805,14.9724,-0.00291165,0.0170149,1
36010,bullet4,6.47805,14.9724,0.8,0,1
36011,flayer8,5.99999,0.838252,-0.3,0,2
36011,flyer5,13.5,0.838252,-0.3,0,2
36011,bullet1,15.2073,14.8785,0.8,0,1
36013,bullet3,15.1132,14.9645,0.8,0,1
36014,bullet5,5.98639,15.5743,0.8,0,1
36015,player,5.51799,15.5884,-0.0683975,0.0141536,1
36015,bullet4,10.4781,14.9724,0.8,0,1
36016,flayer8,4.49999,0.838252,-0.3,0,2
36016,flyer5,12,0.838252,-0.3,0,2
36017,bullet2,5.87336,15.5976,0.8,0,1
36019,bullet5,9.98639,15.5743,0.8,0,1
36020,player,5.68328,15.6,-0.270418,0,1
36020,bullet4,14.4781,14.9724,0.8,0,1
36021,flayer8,2.99999,0.838252,-0.3,0,2
36021,flyer5,10.5,0.838252,-0.3,0,2
36022,bullet2,9.87336,15.5976,0.8,0,1
36023,bullet6,5.88219,15.6,0.8,0,1
36024,bullet5,13.9864,15.5743,0.8,0,1
36025,player,4.97674,15.6,-0.156865,0,1
36026,flayer8,1.49999,0.838252,-0.3,0,2
36026,flyer5,9,0.838252,-0.3,0,2
36027,bullet2,13.8734,15.5976,0.8,0,1
36028,bullet6,9.88219,15.6,0.8,0,1
36030,player,4.26229,14.4092,-0.0336493,-0.0445943,1
36030,bullet1,4.66229,14.4092,0.8,0,1
36031,flayer8,-6.4373e-06,0.838252,-0.3,0,2
36031,flyer5,7.5,0.838252,-0.3,0,2
36031,bullet3,4.64715,14.3891,0.8,0,1
36033,bullet6,13.8822,15.6,0.8,0,1
36034,bullet4,4.63589,14.8636,0.8,0,1
36035,player,4.23527,14.9311,-0.000620924,0.0675209,1
36035,bullet1,8.66229,14.4092,0.8,0,1
36036,flyer5,5.99999,0.838252,-0.3,0,2
36036,bullet3,8.64715,14.3891,0.8,0,1
36038,bullet5,4.14543,14.9813,0.8,0,1
36039,bullet4,8.63589,14.8636,0.8,0,1
36040,player,3.6463,14.6478,-0.0307661,-0.336254,1
36040,bullet1,12.6623,14.4092,0.8,0,1
36041,flyer5,4.49999,0.838252,-0.3,0,2
36041,bullet3,12.6472,14.3891,0.8,0,1
36043,bullet5,8.14543,14.9813,0.8,0,1
36044,bullet4,12.6359,14.8636,0.8,0,1
36045,player,3.62159,14.3778,-0.000567722,-0.00620483,1
36046,flyer5,2.99999,0.838252,-0.3,0,2
36046,flayer7,16.5,0.838252,-0.3,0,2
36047,bullet2,4.02122,14.3738,0.8,0,1
36048,bullet5,12.1454,14.9813,0.8,0,1
36050,player,4.17885,14.9305,0.0683333,0.0682293,1
36050,bullet6,4.57885,14.9305,0.8,0,1
36051,flyer5,1.49999,0.838252,-0.3,0,2
36051,flayer7,15,0.838252,-0.3,0,2
36052,bullet2,8.02122,14.3738,0.8,0,1
36053,bullet5,16.1454,14.9813,0.8,0,1
36053,bullet1,5.18738,15.539,0.8,0,1
36055,player,4.83604,15.5876,0.0151005,0.0150986,1
36055,bullet6,8.57885,14.9305,0.8,0,1
36056,flyer5,-6.4373e-06,0.838252,-0.3,0,2
36056,flayer7,13.5,0.838252,-0.3,0,2
36057,bullet2,12.0212,14.3738,0.8,0,1
36058,bullet1,9.18738,15.539,0.8,0,1
36058,bullet3,5.24727,15.5989,0.8,0,1
36060,player,5.18567,15.5998,0.337779,0.000278612,1
36060,bullet6,12.5789,14.9305,0.8,0,1
36061,flayer7,12,0.838252,-0.3,0,2
36062,bullet2,16.0212,14.3738,0.8,0,1
36063,bullet1,13.1874,15.539,0.8,0,1
36063,bullet3,9.24727,15.5989,0.8,0,1
36065,player,4.85462,15.6,-0.00760664,5.14118e-06,1
36065,flyer2,16.5,0.838252,-0.3,0,2
36066,flayer7,10.5,0.838252,-0.3,0,2
36068,flyer1,16.5,5.7246,-0.3,0,2
36068,bullet3,13.2473,15.5989,0.8,0,1
36068,bullet4,5.73834,15.6,0.8,0,1
36070,player,5.43698,15.6,0.0306143,9.48692e-08,1
36070,flyer2,15,0.838252,-0.3,0,2
36071,flayer7,9,0.838252,-0.3,0,2
36071,bullet5,5.85076,15.6,0.8,0,1
36072,bullet2,5.85696,15.6,0.8,0,1
36073,flyer1,15,5.7246,-0.3,0,2
36073,bullet4,9.73834,15.6,0.8,0,1
36074,bullet6,5.861,15.6,0.8,0,1
36075,player,5.46157,15.6,0.00056492,1.7506e-09,1
36075,flyer2,13.5,0.838252,-0.3,0,2
36076,flayer7,7.5,0.838252,-0.3,0,2
36076,bullet5,9.85076,15.6,0.8,0,1
36077,bullet2,9.85696,15.6,0.8,0,1
36078,flyer1,13.5,5.7246,-0.3,0,2
36078,bullet4,13.7383,15.6,0.8,0,1
36079,bullet6,9.861,15.6,0.8,0,1
36080,player,4.97265,15.6,-0.151865,0,1
36080,flyer2,12,0.838252,-0.3,0,2
36081,flayer7,5.99999,0.838252,-0.3,0,2
36081,bullet5,13.8508,15.6,0.8,0,1
36082,bullet2,13.857,15.6,0.8,0,1
36082,bullet1,4.78418,15.6,0.8,0,1
36083,flyer1,12,5.7246,-0.3,0,2
36084,bullet6,13.861,15.6,0.8,0,1
36085,player,3.91087,15.2625,-0.354142,-0.3375,1
36085,flyer2,10.5,0.838252,-0.3,0,2
36086,flayer7,4.49999,0.838252,-0.3,0,2
36086,bullet3,4.15151,15.1106,0.8,0,1
36087,bullet1,8.78418,15.6,0.8,0,1
36088,flyer1,10.5,5.7246,-0.3,0,2
36088,bullet4,4.04753,15.0115,0.8,0,1
36090,player,3.62647,14.9915,-0.00653491,-0.00622782,1
36090,flyer2,9,0.838252,-0.3,0,2
36091,flayer7,2.99999,0.838252,-0.3,0,2
36091,bullet3,8.15151,15.1106,0.8,0,1
36092,bullet1,12.7842,15.6,0.8,0,1
36093,flyer1,9,5.7246,-0.3,0,2
36093,bullet4,8.04753,15.0115,0.8,0,1
36095,player,4.20969,14.9726,0.0306341,0.0168002,1
36095,flyer2,7.5,0.838252,-0.3,0,2
36095,bullet5,4.60969,14.9726,0.8,0,1
36096,flayer7,1.49999,0.838252,-0.3,0,2
36096,bullet3,12.1515,15.1106,0.8,0,1
36098,flyer1,7.5,5.7246,-0.3,0,2
36098,bullet4,12.0475,15.0115,0.8,0,1
36100,player,3.67658,14.9861,-0.0677785,0.00031001,1
36100,flyer2,5.99999,0.838252,-0.3,0,2
36100,bullet5,8.6097,14.9726,0.8,0,1
36100,bullet2,4.07658,14.9861,0.8,0,1
36101,flayer7,-6.4373e-06,0.838252,-0.3,0,2
36101,bullet3,16.1515,15.1106,0.8,0,1
36102,bullet6,3.23235,14.9863,-0.8,-6.99382e-08,1
36103,flyer1,5.99999,5.7246,-0.3,0,2
36103,bullet4,16.0475,15.0115,0.8,0,1
36105,player,4.17986,15.5441,0.067093,0.0683495,1
36105,flyer2,4.49999,0.838252,-0.3,0,2
36105,bullet5,12.6097,14.9726,0.8,0,1
36105,bullet2,8.07658,14.9861,0.8,0,1
36105,bullet1,4.57986,15.5441,0.8,0,1
36108,flyer1,4.49999,5.7246,-0.3,0,2
36110,player,3.74437,15.6,-0.150637,0,1
36110,flyer2,2.99999,0.838252,-0.3,0,2
36110,bullet2,12.0766,14.9861,0.8,0,1
36110,bullet1,8.57986,15.5441,0.8,0,1
36110,bullet3,4.14437,15.6,0.8,0,1
36112,bullet4,4.04608,15.6,0.8,0,1
36113,flyer1,2.99999,5.7246,-0.3,0,2
36115,player,3.62339,15.6,-0.00277968,0,1
36115,flyer2,1.49999,0.838252,-0.3,0,2
36115,bullet2,16.0766,14.9861,0.8,0,1
36115,bullet1,12.5799,15.5441,0.8,0,1
36115,bullet3,8.14437,15.6,0.8,0,1
36116,bullet6,4.02214,15.6,0.8,0,1
36117,bullet4,8.04608,15.6,0.8,0,1
36118,flyer1,1.49999,5.7246,-0.3,0,2
36120,player,3.62116,15.2625,-5.12928e-05,-0.3375,1
36120,flyer2,-6.4373e-06,0.838252,-0.3,0,2
36120,bullet3,12.1444,15.6,0.8,0,1
36121,bullet6,8.02214,15.6,0.8,0,1
36122,bullet4,12.0461,15.6,0.8,0,1
36123,flyer1,-6.4373e-06,5.7246,-0.3,0,2
36125,player,2.47493,15.6,-0.0990994,0,1
36125,flyer3,16.5,5.7246,-0.3,0,2
36125,bullet3,16.1444,15.6,0.8,0,1
36126,flyer4,16.5,5.7246,-0.299968,0.00436762,2
36126,bullet6,12.0221,15.6,0.8,0,1
36126,bullet5,2.83033,15.6,0.8,0,1
36127,bullet4,16.0461,15.6,0.8,0,1
36130,player,2.15694,15.6,-0.460449,0,1
36130,flyer3,15,5.7246,-0.3,0,2
36131,flyer4,15.0002,5.74644,-0.299968,0.00436762,2
36131,bullet6,16.0221,15.6,0.8,0,1
36131,bullet5,6.83033,15.6,0.8,0,1
36132,flyer6,16.5,5.7246,-0.3,0,2
36133,bullet2,1.72516,15.6,0.8,0,1
36135,player,1.19869,15.6,-0.0392513,0,1
36135,flyer3,13.5,5.7246,-0.3,0,2
36136,flyer4,13.5003,5.76828,-0.299968,0.00436762,2
36136,bullet5,10.8303,15.6,0.8,0,1
36136,bullet1,1.58102,15.6,0.8,0,1
36137,flyer6,15,5.7246,-0.3,0,2
36137,bullet3,1.57307,15.6,0.8,0,1
36138,bullet2,5.72516,15.6,0.8,0,1
36140,player,1.50466,14.7731,0.336776,-0.489375,1
36140,flyer3,12,5.7246,-0.3,0,2
36141,flyer4,12.0005,5.79012,-0.299968,0.00436762,2
36141,bullet5,14.8303,15.6,0.8,0,1
36141,bullet1,5.58102,15.6,0.8,0,1
36142,flyer6,13.5,5.7246,-0.3,0,2
36142,bullet3,5.57307,15.6,0.8,0,1
36143,bullet2,9.72516,15.6,0.8,0,1
36144,bullet4,2.16891,13.8998,0.8,0,1
36145,player,1.77512,13.8224,0.00621446,-0.0773741,1
36145,flyer3,10.5,5.7246,-0.3,0,2
36146,flyer4,10.5006,5.81196,-0.299968,0.00436762,2
36146,bullet1,9.58102,15.6,0.8,0,1
36147,flyer6,12,5.7246,-0.3,0,2
36147,bullet3,9.57308,15.6,0.8,0,1
36148,bullet2,13.7252,15.6,0.8,0,1
36149,bullet4,6.16891,13.8998,0.8,0,1
36150,player,2.38243,13.1718,0.0139543,-0.0321825,1
36150,flyer3,9,5.7246,-0.3,0,2
36151,flyer4,9.0008,5.8338,-0.299968,0.00436762,2
36151,bullet1,13.581,15.6,0.8,0,1
36152,flyer6,10.5,5.7246,-0.3,0,2
36152,bullet3,13.5731,15.6,0.8,0,1
36153,bullet6,2.7928,13.1479,0.8,0,1
36154,bullet4,10.1689,13.8998,0.8,0,1
36155,player,2.39363,13.1459,0.000257496,-0.000593857,1
36155,flyer3,7.5,5.7246,-0.3,0,2
36156,flyer4,7.50097,5.85564,-0.299968,0.00436762,2
36157,flyer6,9,5.7246,-0.3,0,2
36158,bullet6,6.7928,13.1479,0.8,0,1
36159,bullet4,14.1689,13.8998,0.8,0,1
36160,player,2.34925,12.2502,0.0545089,-0.405855,1
36160,flyer3,5.99999,5.7246,-0.3,0,2
36161,flyer4,6.00112,5.87748,-0.299968,0.00436762,2
36161,bullet5,2.77377,12.0676,0.8,0,1
36162,flyer6,7.5,5.7246,-0.3,0,2
36163,bullet6,10.7928,13.1479,0.8,0,1
36163,bullet2,2.78978,11.9484,0.8,0,1
36164,bullet1,2.79201,11.9318,0.8,0,1
36165,player,2.39302,11.9243,0.00100584,-0.00748916,1
36165,flyer3,4.49999,5.7246,-0.3,0,2
36166,flyer4,4.50128,5.89932,-0.299968,0.00436762,2
36166,bullet5,6.77378,12.0676,0.8,0,1
36167,flyer6,5.99999,5.7246,-0.3,0,2
36168,bullet6,14.7928,13.1479,0.8,0,1
36168,bullet2,6.78978,11.9484,0.8,0,1
36169,bullet1,6.79202,11.9318,0.8,0,1
36170,player,2.05633,11.9183,-0.337481,-0.000138196,1
36170,flyer3,2.99999,5.7246,-0.3,0,2
36171,flyer4,3.00144,5.92115,-0.299968,0.00436762,2
36171,bullet5,10.7738,12.0676,0.8,0,1
36172,flyer6,4.49999,5.7246,-0.3,0,2
36172,bullet3,2.23612,11.9182,0.8,0,1
36173,bullet2,10.7898,11.9484,0.8,0,1
36174,bullet1,10.792,11.9318,0.8,0,1
36175,player,2.1228,11.5807,0.331273,-0.337503,1
36175,flyer3,1.49999,5.7246,-0.3,0,2
36176,flyer4,1.5016,5.94299,-0.299968,0.00436762,2
36176,bullet5,14.7738,12.0676,0.8,0,1
36177,flyer6,2.99999,5.7246,-0.3,0,2
36177,bullet3,6.23612,11.9182,0.8,0,1
36178,bullet2,14.7898,11.9484,0.8,0,1
36179,bullet1,14.792,11.9318,0.8,0,1
36180,player,2.97732,11.8981,0.0368676,0.0245268,1
36180,flyer3,-6.4373e-06,5.7246,-0.3,0,2
36180,bullet4,3.37732,11.8981,0.8,0,1
36181,flyer4,0.00175911,5.96483,-0.299968,0.00436762,2
36182,flyer6,1.49999,5.7246,-0.3,0,2
36182,bullet3,10.2361,11.9182,0.8,0,1
36183,flayer8,16.5,12.8664,-0.3,0,2
36184,bullet6,2.84853,11.9174,0.8,0,1
36185,player,2.41845,11.9178,-0.0300744,0.000452589,1
36185,bullet4,7.37732,11.8981,0.8,0,1
36185,bullet5,2.81845,11.9178,0.8,0,1
36187,flyer6,-6.4373e-06,5.7246,-0.3,0,2
36187,bullet3,14.2361,11.9182,0.8,0,1
36188,flayer8,15,12.8664,-0.3,0,2
36189,bullet6,6.84853,11.9174,0.8,0,1
36190,player,2.3943,11.9182,-0.000554957,8.35154e-06,1
36190,bullet4,11.3773,11.8981,0.8,0,1
36190,bullet5,6.81845,11.9178,0.8,0,1
36192,bullet2,3.28331,11.9182,0.8,0,1
36193,flayer8,13.5,12.8664,-0.3,0,2
36194,bullet6,10.8485,11.9174,0.8,0,1
36195,player,2.99617,11.9182,0.0138294,1.54109e-07,1
36195,bullet4,15.3773,11.8981,0.8,0,1
36195,bullet5,10.8185,11.9178,0.8,0,1
36197,bullet2,7.28331,11.9182,0.8,0,1
36198,flayer8,12,12.8664,-0.3,0,2
36199,bullet6,14.8485,11.9174,0.8,0,1
36200,player,2.5179,12.4076,-0.15162,0.151875,1
36200,bullet5,14.8185,11.9178,0.8,0,1
36201,flyer5,16.5,12.8664,-0.3,0,2
36202,flayer7,16.5,12.8664,-0.271178,-0.128307,2
36202,bullet2,11.2833,11.9182,0.8,0,1
36203,flayer8,10.5,12.8664,-0.3,0,2
36204,bullet1,3.3874,13.1152,0.8,0,1
36205,player,3.33595,12.7943,0.348542,-0.320858,1
36206,flyer5,15,12.8664,-0.3,0,2
36207,flayer7,15.1441,12.2249,-0.271178,-0.128307,1
36207,explosion2,15.2833,11.9182,-0.271178,-0.128307,1
36208,flayer8,9,12.8664,-0.3,0,2
36209,bullet1,7.38741,13.1152,0.8,0,1
36209,bullet3,4.4988,12.5426,0.8,0,1
36210,player,4.17357,12.5367,0.0747753,-0.00592073,1
36210,explosion3,8.18741,13.1152,-0.3,0,1
36211,flyer5,13.5,12.8664,-0.3,0,2
36212,flayer7,13.7882,11.5834,-0.271178,-0.128307,1
36213,flayer8,7.5,12.8664,-0.3,0,0
36213,explosion4,7.6988,12.5426,-0.3,0,1
36213,explosion5,7.5,12.8664,-0.3,0,1
36215,player,4.21979,13.2333,0.0182949,-0.10739,1
36215,bullet4,4.61979,13.2333,0.8,0,1
36216,flyer5,12,12.8664,-0.3,0,2
36217,flayer7,12.4323,10.9418,-0.271178,-0.128307,1
36218,explosion5,5.99999,12.8664,-0.3,0,1
36219,flyer2,16.5,2.57947,-0.3,0,2
36219,bullet6,4.63414,12.5914,0.8,0,1
36220,player,4.23448,12.5586,0.000337592,-0.0327363,1
36220,bullet4,8.61979,13.2333,0.8,0,1
36221,flyer5,10.5,12.8664,-0.3,0,2
36222,flayer7,11.0765,10.3003,-0.271178,-0.128307,1
36222,explosion6,10.2198,13.2333,-0.3,0,1
36224,flyer2,15,2.57947,-0.3,0,2
36224,bullet6,8.63414,12.5914,0.8,0,1
36225,player,3.64628,12.0291,-0.0307485,-0.135564,1
36225,explosion7,9.43414,12.5914,-0.3,0,1
36225,explosion8,9.3,12.8664,-0.3,0,1
36227,flayer7,9.72057,9.65874,-0.271178,-0.128307,1
36229,flyer2,13.5,2.57947,-0.3,0,2
36230,player,3.62158,12.478,-0.000567396,0.0658422,1
36230,flyer1,16.5,2.57947,-0.283947,-0.0968199,2
36230,explosion8,7.8,12.8664,-0.3,0,1
36231,flyer3,16.5,2.57947,-0.3,0,2
36232,flayer7,8.36468,9.01721,-0.271178,-0.128307,1
36234,flyer2,12,2.57947,-0.3,0,2
36235,player,3.50819,13.0341,0.138025,0.136175,1
36235,flyer1,15.0803,2.09537,-0.283947,-0.0968199,2
36235,bullet5,3.90819,13.0341,0.8,0,1
36236,flyer3,15,2.57947,-0.3,0,2
36237,flayer7,7.00879,8.37567,-0.271178,-0.128307,1
36239,flyer2,10.5,2.57947,-0.3,0,2
36240,player,4.10841,12.654,0.154422,-0.149362,1
36240,flyer1,13.6605,1.61127,-0.283947,-0.0968199,2
36240,bullet5,7.90819,13.0341,0.8,0,1
36241,flyer3,13.5,2.57947,-0.3,0,2
36242,flayer7,5.6529,7.73414,-0.271178,-0.128307,1
36242,bullet2,5.09854,13.046,0.8,0,1
36244,flyer2,9,2.57947,-0.3,0,2
36245,player,4.83473,12.647,0.0166891,-0.140792,1
36245,flyer1,12.2408,1.12717,-0.283947,-0.0968199,2
36245,bullet5,11.9082,13.0341,0.8,0,1
36245,bullet1,5.23474,12.647,0.8,0,1
36246,flyer3,12,2.57947,-0.3,0,2
36247,flayer7,4.29702,7.0926,-0.271178,-0.128307,1
36247,bullet2,9.09855,13.046,0.8,0,1
36249,flyer2,7.5,2.57947,-0.3,0,2
36249,bullet3,5.24783,11.9788,0.8,0,1
36250,player,4.84814,11.9455,0.000307961,-0.0333527,1
36250,flyer1,10.8211,0.643068,-0.283947,-0.0968199,2
36250,bullet5,15.9082,13.0341,0.8,0,1
36250,bullet1,9.23474,12.647,0.8,0,1
36251,flyer3,10.5,2.57947,-0.3,0,2
36252,flayer7,2.94113,6.45107,-0.271178,-0.128307,1
36252,bullet2,13.0985,13.046,0.8,0,1
36252,bullet4,5.73771,12.4131,0.8,0,1
36254,flyer2,5.99999,2.57947,-0.3,0,2
36254,bullet3,9.24783,11.9788,0.8,0,1
36255,player,5.7882,12.1835,0.351345,-0.324276,1
36255,flyer1,9.40133,0.158968,-0.283947,-0.0968199,2
36255,bullet1,13.2347,12.647,0.8,0,1
36256,flyer3,9,2.57947,-0.3,0,2
36257,flayer7,1.58524,5.80953,-0.271178,-0.128307,1
36257,bullet4,9.73771,12.4131,0.8,0,1
36259,flyer2,4.49999,2.57947,-0.3,0,2
36259,bullet3,13.2478,11.9788,0.8,0,1
36260,player,6.62808,12.4808,0.0748271,0.06236,1
36260,flyer1,7.98159,-0.325131,-0.283947,-0.0968199,2
36261,flyer3,7.5,2.57947,-0.3,0,2
36261,bullet6,7.06175,12.5089,0.8,0,1
36262,flayer7,0.229349,5.168,-0.271178,-0.128307,1
36262,bullet4,13.7377,12.4131,0.8,0,1
36263,bullet5,7.08372,12.5272,0.8,0,1
36264,flyer2,2.99999,2.57947,-0.3,0,2
36265,player,6.35067,12.5309,-0.336119,0.00115072,1
36266,flyer3,5.99999,2.57947,-0.3,0,2
36266,bullet6,11.0618,12.5089,0.8,0,1
36266,bullet2,6.59942,12.5314,0.8,0,1
36268,bullet5,11.0837,12.5272,0.8,0,1
36269,flyer2,1.49999,2.57947,-0.3,0,2
36270,player,6.08074,12.6002,-0.00620235,-0.08351,1
36271,flyer3,4.49999,2.57947,-0.3,0,2
36271,bullet6,15.0618,12.5089,0.8,0,1
36271,bullet2,10.5994,12.5314,0.8,0,1
36273,bullet5,15.0837,12.5272,0.8,0,1
36274,flyer2,-6.4373e-06,2.57947,-0.3,0,2
36275,player,6.32673,13.1216,-0.30686,0.0292137,1
36275,flyer4,16.5,4.23564,-0.3,0,2
36276,flyer3,2.99999,2.57947,-0.3,0,2
36276,flyer6,16.5,11.8295,-0.285895,0.0909064,2
36276,bullet2,14.5994,12.5314,0.8,0,1
36277,explosion1,15.3994,12.5314,-0.285895,0.0909064,1
36280,player,5.96736,12.9205,0.132373,-0.474996,1
36280,flyer4,15,4.23564,-0.3,0,2
36281,flyer3,1.49999,2.57947,-0.3,0,2
36281,flyer6,15.0705,12.284,-0.285895,0.0909064,1
36282,flayer8,16.5,11.8295,-0.3,0,2
36285,player,5.1477,12.5083,-0.365812,0.028824,1
36285,flyer4,13.5,4.23564,-0.3,0,2
36286,flyer3,-6.4373e-06,2.57947,-0.3,0,2
36286,flyer6,13.641,12.7385,-0.285895,0.0909064,1
36287,flayer8,15,11.8295,-0.3,0,2
36288,flyer5,16.5,11.8295,-0.3,0,2
36290,player,5.19142,11.4536,0.33075,-0.182098,1
36290,flyer4,12,4.23564,-0.3,0,2
36291,flyer6,12.2116,13.193,-0.285895,0.0909064,1
36292,flayer8,13.5,11.8295,-0.3,0,2
36293,flyer5,15,11.8295,-0.3,0,2
36295,player,5.42628,10.7496,0.0436923,-0.071704,1
36295,flyer4,10.5,4.23564,-0.3,0,2
36296,flyer6,10.7821,13.6476,-0.285895,0.0909064,1
36296,bullet1,5.84594,10.7173,0.8,0,1
36297,flayer8,12,11.8295,-0.3,0,2
36298,flyer5,13.5,11.8295,-0.3,0,2
36299,bullet3,5.30285,11.251,0.8,0,1
36300,player,4.8729,11.2805,-0.0299484,0.0294315,1
36300,flyer4,9,4.23564,-0.3,0,2
36301,flyer6,9.35262,14.1021,-0.285895,0.0909064,1
36301,bullet1,9.84595,10.7173,0.8,0,1
36302,flayer8,10.5,11.8295,-0.3,0,2
36302,bullet4,5.25336,11.2997,0.8,0,1
36303,flyer5,12,11.8295,-0.3,0,2
36304,explosion2,9.30285,11.251,-0.3,0,1
36304,bullet6,5.2494,11.3036,0.8,0,1
36305,player,4.84885,11.3041,-0.000552633,0.000543095,1
36305,flyer4,7.5,4.23564,-0.3,0,2
36306,flyer6,7.92314,14.5566,-0.285895,0.0909064,1
36306,bullet1,13.8459,10.7173,0.8,0,1
36306,explosion3,8.45336,11.2997,-0.3,0,1
36306,explosion4,9.3,11.8295,-0.3,0,1
36306,bullet5,5.2486,11.3043,0.8,0,1
36308,flyer5,10.5,11.8295,-0.3,0,2
36309,bullet6,9.2494,11.3036,0.8,0,1
36310,player,4.25993,11.3045,-0.0307649,1.00216e-05,1
36310,flyer4,5.99999,4.23564,-0.3,0,2
36310,explosion5,10.0494,11.3036,-0.3,0,1
36311,flyer6,6.49366,15.0112,-0.285895,0.0909064,1
36311,explosion3,6.95336,11.2997,-0.3,0,1
36311,explosion4,7.8,11.8295,-0.3,0,1
36311,explosion6,9.2486,11.3043,-0.3,0,1
36311,explosion7,9.6,11.8295,-0.3,0,1
36315,player,4.68,12.4646,0.205811,0.0821835,1
36315,flyer4,4.49999,4.23564,-0.3,0,2
36316,flyer6,5.06419,15.4657,-0.285895,0.0909064,1
36316,flyer1,16.5,14.0687,-0.3,0,2
36316,explosion7,8.1,11.8295,-0.3,0,1
36316,bullet2,5.17262,12.5016,0.8,0,1
36317,bullet3,5.21429,12.5182,0.8,0,1
36319,bullet4,5.24149,12.5291,0.8,0,1
36320,player,4.84528,12.5306,0.0037978,0.00151652,1
36320,flyer4,2.99999,4.23564,-0.3,0,2
36321,flyer6,3.63471,15.9202,-0.285895,0.0909064,1
36321,flyer1,15,14.0687,-0.3,0,2
36321,bullet2,9.17262,12.5016,0.8,0,1
36322,bullet3,9.21429,12.5182,0.8,0,1
36323,bullet1,5.80583,11.974,0.8,0,1
36324,bullet4,9.24149,12.5291,0.8,0,1
36325,player,5.94002,11.9295,0.165785,-0.0138116,1
36325,flyer4,1.49999,4.23564,-0.3,0,2
36326,flyer6,2.20524,16.3748,-0.285895,0.0909064,1
36326,flyer1,13.5,14.0687,-0.3,0,2
36326,bullet2,13.1726,12.5016,0.8,0,1
36327,bullet3,13.2143,12.5182,0.8,0,1
36328,bullet1,9.80583,11.974,0.8,0,1
36329,bullet4,13.2415,12.5291,0.8,0,1
36330,player,5.47085,10.9924,-0.0107804,-0.36851,1
36330,flyer4,-6.4373e-06,4.23564,-0.3,0,2
36331,flyer1,12,14.0687,-0.3,0,2
36331,bullet6,5.866,10.8266,0.8,0,1
36332,bullet3,17.2143,12.5182,0.8,0,1
36333,bullet1,13.8058,11.974,0.8,0,1
36334,flayer7,16.5,14.0687,-0.29664,-0.0447764,2
36335,player,5.46219,10.2071,-0.000198929,-0.158675,1
36335,bullet5,5.86219,10.2071,0.8,0,1
36336,flyer1,10.5,14.0687,-0.3,0,2
36336,bullet6,9.866,10.8266,0.8,0,1
36338,bullet2,5.86204,9.59973,0.8,0,1
36339,flayer7,15.0168,13.8448,-0.29664,-0.0447764,2
36340,player,5.79953,9.49119,0.337496,-0.0336827,1
36340,bullet5,9.86219,10.2071,0.8,0,1
36341,flyer1,9,14.0687,-0.3,0,2
36341,bullet6,13.866,10.8266,0.8,0,1
36341,bullet3,6.3514,9.47604,0.8,0,1
36343,bullet2,9.86204,9.59973,0.8,0,1
36344,flayer7,13.5336,13.6209,-0.29664,-0.0447764,2
36345,player,6.55994,9.95352,0.158103,0.151253,1
36345,bullet5,13.8622,10.2071,0.8,0,1
36345,bullet4,6.95994,9.95352,0.8,0,1
36346,flyer1,7.5,14.0687,-0.3,0,2
36346,bullet3,10.3514,9.47604,0.8,0,1
36348,bullet2,13.862,9.59973,0.8,0,1
36349,flayer7,12.0504,13.397,-0.29664,-0.0447764,2
36350,player,6.68691,10.075,0.00291744,0.00279105,1
36350,bullet4,10.9599,9.95352,0.8,0,1
36350,bullet1,7.08691,10.075,0.8,0,1
36351,flyer1,5.99999,14.0687,-0.3,0,2
36351,bullet3,14.3514,9.47604,0.8,0,1
36352,bullet6,7.08881,10.0768,0.8,0,1
36354,flayer7,10.5672,13.1732,-0.29664,-0.0447764,2
36354,bullet5,7.0892,10.0772,0.8,0,1
36355,player,6.68925,10.0772,5.3835e-05,5.15028e-05,1
36355,bullet4,14.9599,9.95352,0.8,0,1
36355,bullet1,11.0869,10.075,0.8,0,1
36356,flyer1,4.49999,14.0687,-0.3,0,2
36357,bullet6,11.0888,10.0768,0.8,0,1
36359,flayer7,9.08401,12.9493,-0.29664,-0.0447764,2
36359,bullet5,11.0892,10.0772,0.8,0,1
36360,player,6.65854,11.2235,0.0375901,0.0990994,1
36360,bullet1,15.0869,10.075,0.8,0,1
36360,bullet2,7.05854,11.2235,0.8,0,1
36361,flyer1,2.99999,14.0687,-0.3,0,2
36362,bullet6,15.0888,10.0768,0.8,0,1
36364,flayer7,7.60082,12.7254,-0.29664,-0.0447764,2
36364,bullet5,15.0892,10.0772,0.8,0,1
36365,player,7.17811,11.7924,0.152569,0.153704,1
36365,bullet2,11.0585,11.2235,0.8,0,1
36365,bullet3,7.57811,11.7924,0.8,0,1
