15969,player,7.38887,4.79496,0.3375,0.3375,1
15971,bullet1,7.51972,5.50455,0.8,0,1
15973,bullet2,7.46521,5.64824,0.8,0,1
15974,player,7.3951,6.00581,0.329888,0.357567,1
15975,bullet3,7.14355,6.16672,-0.8,-6.99382e-08,1
15976,bullet1,11.5197,5.50455,0.8,0,1
15976,bullet4,8.01035,6.23912,0.8,0,1
15978,bullet2,11.4652,5.64824,0.8,0,1
15979,player,8.14941,5.73525,0.157962,-0.0617456,1
15980,bullet3,3.14355,6.16672,-0.8,-6.99382e-08,1
15981,bullet1,15.5197,5.50455,0.8,0,1
15981,bullet4,12.0104,6.23912,0.8,0,1
15983,bullet2,15.4652,5.64824,0.8,0,1
15983,bullet5,8.67335,5.6868,0.8,0,1
15984,player,8.27626,5.68566,0.00291485,-0.00113938,1
15985,bullet3,-0.85645,6.16672,-0.8,-6.99382e-08,1
15985,bullet6,8.67757,5.68515,0.8,0,1
15986,bullet4,16.0104,6.23912,0.8,0,1
15987,bullet1,8.67843,5.68482,0.8,0,1
15988,bullet5,12.6733,5.6868,0.8,0,1
15988,bullet2,8.67855,5.68477,0.8,0,1
15989,player,8.2786,5.68475,5.37872e-05,-2.10248e-05,1
15990,bullet6,12.6776,5.68515,0.8,0,1
15992,bullet1,12.6784,5.68482,0.8,0,1
15993,bullet2,12.6785,5.68477,0.8,0,1
15993,bullet3,8.67864,6.24245,0.8,0,1
15994,player,7.94115,6.27321,-0.337499,0.0307543,1
15995,bullet4,8.18927,6.28705,0.8,0,1
15997,flyer1,16.5,12.0577,-0.268964,0.132884,2
15998,bullet3,12.6786,6.24245,0.8,0,1
15999,player,8.25858,4.66234,0.0245269,-0.250406,1
15999,bullet5,8.65858,4.66234,0.8,0,1
16000,bullet4,12.1893,6.28705,0.8,0,1
16002,flyer1,15.1552,12.7221,-0.268964,0.132884,2
16002,bullet6,8.18744,3.42904,0.8,0,1
16003,bullet1,8.12011,3.31967,0.8,0,1
16004,player,7.68981,3.60795,-0.0303021,0.288285,1
16004,bullet5,12.6586,4.66234,0.8,0,1
16005,bullet4,16.1893,6.28705,0.8,0,1
16007,flyer1,13.8104,13.3865,-0.268964,0.132884,2
16007,bullet6,12.1874,3.42904,0.8,0,1
16007,bullet2,8.06727,3.89067,0.8,0,1
16008,bullet1,12.1201,3.31967,0.8,0,1
16009,player,7.32797,3.85331,-0.338059,-0.0115954,1
16011,bullet3,7.99676,3.35637,0.8,0,1
16012,flyer1,12.4655,14.051,-0.268964,0.132884,2
16012,bullet6,16.1874,3.42904,0.8,0,1
16012,bullet2,12.0673,3.89067,0.8,0,1
16013,bullet1,16.1201,3.31967,0.8,0,1
16014,player,6.83192,4.06856,-0.481774,0.475321,1
16014,flyer2,16.5,12.0577,-0.230103,-0.19249,2
16016,bullet3,11.9968,3.35637,0.8,0,1
16017,flyer1,11.1207,14.7154,-0.268964,0.132884,2
16017,bullet2,16.0673,3.89067,0.8,0,1
16017,bullet4,6.87366,3.37493,0.8,0,1
16019,player,6.93439,2.922,0.142985,-0.373323,1
16019,flyer2,15.3495,11.0952,-0.230103,-0.19249,2
16020,bullet5,7.39873,2.754,0.8,0,1
16021,bullet3,15.9968,3.35637,0.8,0,1
16021,bullet6,7.42769,2.6784,0.8,0,1
16022,flyer1,9.77588,15.3798,-0.268964,0.132884,2
16022,bullet4,10.8737,3.37493,0.8,0,1
16023,bullet1,6.64658,2.62908,-0.8,-6.99382e-08,1
16024,player,7.04922,2.62219,0.00263847,-0.00688886,1
16024,flyer2,14.199,10.1328,-0.230103,-0.19249,2
16025,bullet5,11.3987,2.754,0.8,0,1
16026,bullet6,11.4277,2.6784,0.8,0,1
16027,flyer1,8.43106,16.0442,-0.268964,0.132884,2
16027,bullet4,14.8737,3.37493,0.8,0,1
16028,bullet1,2.64658,2.62908,-0.8,-6.99382e-08,1
16029,player,6.24264,2.61666,0.23845,-0.000127119,1
16029,flyer2,13.0484,9.17034,-0.230103,-0.19249,2
16030,bullet5,15.3987,2.754,0.8,0,1
16031,bullet6,15.4277,2.6784,0.8,0,1
16032,flyer3,16.5,12.0577,-0.3,0,2
16033,flyer4,16.5,2.1449,-0.3,0,2
16033,bullet1,-1.35342,2.62908,-0.8,-6.99382e-08,1
16033,bullet2,5.19417,3.10593,0.8,0,1
16034,player,4.34813,3.51177,-0.446038,0.405841,1
16034,flyer2,11.8979,8.20789,-0.230103,-0.19249,2
16035,bullet3,4.54742,3.6944,0.8,0,1
16036,bullet4,4.45709,3.77658,0.8,0,1
16037,flyer3,15,12.0577,-0.3,0,2
16037,bullet5,4.41645,3.81357,0.8,0,1
16038,flyer4,15,2.1449,-0.3,0,2
16038,bullet2,9.19417,3.10593,0.8,0,1
16039,player,3.98993,3.98957,-0.00823066,-0.178136,1
16039,flyer2,10.7474,7.24543,-0.230103,-0.19249,2
16040,bullet3,8.54742,3.6944,0.8,0,1
16041,bullet4,8.45709,3.77658,0.8,0,1
16042,flyer3,13.5,12.0577,-0.3,0,2
16042,bullet5,8.41645,3.81357,0.8,0,1
16043,flyer4,13.5,2.1449,-0.3,0,2
16043,bullet2,13.1942,3.10593,0.8,0,1
16044,player,2.83713,3.28879,-0.0992503,-0.0716309,1
16044,flyer2,9.5969,6.28298,-0.230103,-0.19249,2
16045,bullet3,12.5474,3.6944,0.8,0,1
16046,bullet4,12.4571,3.77658,0.8,0,1
16047,flyer3,12,12.0577,-0.3,0,2
16047,bullet5,12.4164,3.81357,0.8,0,1
16048,flyer4,12,2.1449,-0.3,0,2
16048,bullet6,2.94772,3.82106,-0.8,-6.99382e-08,1
16049,player,3.35973,3.83358,0.0120082,0.0125178,1
16049,flyer2,8.44638,5.32053,-0.230103,-0.19249,2
16052,flyer3,10.5,12.0577,-0.3,0,2
16053,flyer4,10.5,2.1449,-0.3,0,2
16053,flyer5,16.5,2.1449,-0.293869,-0.06034,2
16054,player,2.76706,4.44595,-0.013618,0.0140706,1
16054,flyer2,7.29586,4.35808,-0.230103,-0.19249,2
16054,bullet1,3.16706,4.44595,0.8,0,1
16057,flyer3,9,12.0577,-0.3,0,2
16057,bullet2,2.59922,5.01413,0.8,0,1
16058,flyer4,9,2.1449,-0.3,0,2
16058,flyer5,15.0307,1.8432,-0.293869,-0.06034,2
16058,explosion1,6.36706,4.44595,-0.230103,-0.19249,1
16058,bullet3,2.5679,5.04546,0.8,0,1
16059,player,2.15381,5.05956,-0.0140909,0.0140993,1
16059,flyer2,6.14535,3.39562,-0.230103,-0.19249,1
16062,flyer3,7.5,12.0577,-0.3,0,2
16062,bullet2,6.59922,5.01413,0.8,0,1
16063,flyer4,7.5,2.1449,-0.3,0,2
16063,flyer5,13.5613,1.5415,-0.293869,-0.06034,2
16063,bullet3,6.56791,5.04546,0.8,0,1
16064,player,2.17325,6.21708,-0.0378491,0.0993586,1
16064,flyer2,4.99483,2.43317,-0.230103,-0.19249,1
16064,bullet4,2.57325,6.21708,0.8,0,1
16067,flyer3,5.99999,12.0577,-0.3,0,2
16067,bullet2,10.5992,5.01413,0.8,0,1
16068,flyer4,5.99999,2.1449,-0.3,0,2
16068,flyer5,12.092,1.2398,-0.293869,-0.06034,2
16068,bullet3,10.5679,5.04546,0.8,0,1
16069,player,2.70057,5.35705,0.0676453,-0.349506,1
16069,flyer2,3.84432,1.47072,-0.230103,-0.19249,1
16069,bullet4,6.57325,6.21708,0.8,0,1
16072,flyer3,4.49999,12.0577,-0.3,0,2
16072,bullet2,14.5992,5.01413,0.8,0,1
16072,bullet5,3.15088,4.60778,0.8,0,1
16073,flyer4,4.49999,2.1449,-0.3,0,2
16073,flyer5,10.6226,0.938102,-0.293869,-0.06034,2
16073,bullet3,14.5679,5.04546,0.8,0,1
16074,player,2.7549,4.1504,0.00124825,-0.374704,1
16074,flyer2,2.6938,0.508268,-0.230103,-0.19249,1
16074,bullet4,10.5733,6.21708,0.8,0,1
16075,bullet6,3.15546,3.98178,0.8,0,1
16077,flyer3,2.99999,12.0577,-0.3,0,2
16077,bullet5,7.15088,4.60778,0.8,0,1
16078,flyer4,2.99999,2.1449,-0.3,0,2
16078,flyer5,9.15327,0.636401,-0.293869,-0.06034,2
16078,bullet1,3.15588,3.85639,0.8,0,1
16079,player,2.7559,3.51198,2.30337e-05,-0.344414,1
16079,flyer2,1.54329,-0.454184,-0.230103,-0.19249,1
16079,bullet4,14.5733,6.21708,0.8,0,1
16080,bullet6,7.15546,3.98178,0.8,0,1
16082,flyer3,1.49999,12.0577,-0.3,0,2
16082,bullet5,11.1509,4.60778,0.8,0,1
16082,bullet2,3.15592,3.74524,0.8,0,1
16083,flyer4,1.49999,2.1449,-0.3,0,2
16083,flyer5,7.68393,0.334701,-0.293869,-0.06034,2
16083,bullet1,7.15588,3.85639,0.8,0,1
16084,player,2.75592,3.82386,4.25036e-07,0.0243993,1
16085,bullet6,11.1555,3.98178,0.8,0,1
16087,flyer3,-6.4373e-06,12.0577,-0.3,0,2
16087,bullet5,15.1509,4.60778,0.8,0,1
16087,bullet2,7.15592,3.74524,0.8,0,1
16088,flyer4,-6.4373e-06,2.1449,-0.3,0,2
16088,flyer5,6.21458,0.0330009,-0.293869,-0.06034,2
16088,bullet1,11.1559,3.85639,0.8,0,1
16089,player,3.09342,3.84345,0.3375,0.000450235,1
16090,bullet6,15.1555,3.98178,0.8,0,1
16091,bullet3,3.71364,3.84374,0.8,0,1
16092,bullet2,11.1559,3.74524,0.8,0,1
16092,bullet4,3.74439,3.84379,0.8,0,1
16093,flyer5,4.74524,-0.268699,-0.293869,-0.06034,2
16093,bullet1,15.1559,3.85639,0.8,0,1
16094,player,3.36446,3.50631,0.00622782,-0.337492,1
16096,bullet3,7.71364,3.84374,0.8,0,1
16097,flyer6,16.5,2.1449,-0.253723,0.160076,2
16097,bullet2,15.1559,3.74524,0.8,0,1
16097,bullet4,7.7444,3.84379,0.8,0,1
16099,player,3.63428,3.68572,-0.323545,0.193237,1
16099,flayer7,16.5,2.78814,-0.3,0,2
16101,bullet3,11.7136,3.84374,0.8,0,1
16102,flyer6,15.2314,2.94528,-0.253723,0.160076,2
16102,bullet4,11.7444,3.84379,0.8,0,1
16102,bullet5,3.79368,3.34004,0.8,0,1
16104,player,3.03694,2.91493,-0.34347,-0.364689,1
16104,flayer7,15,2.78814,-0.3,0,2
16104,explosion2,14.1136,3.84374,-0.253723,0.160076,1
16105,explosion3,14.1444,3.84379,-0.253723,0.160076,1
16105,explosion4,14.4702,3.42551,-0.253723,0.160076,1
16107,bullet5,7.79368,3.34004,0.8,0,1
16109,player,3.31882,2.06433,0.0620058,-0.0750733,1
16109,flayer7,13.5,2.78814,-0.3,0,2
16109,bullet6,3.71882,2.06433,0.8,0,1
16110,explosion4,13.2016,4.2259,-0.253723,0.160076,1
16111,flayer8,16.5,2.78814,-0.297847,0.0358792,2
16111,bullet1,3.75928,2.01535,0.8,0,1
16112,explosion5,11.7937,3.34004,-0.3,0,1
16112,bullet2,2.96493,2.00851,-0.8,-6.99382e-08,1
16114,player,3.36862,2.00404,0.00114418,-0.00138531,1
16114,flayer7,12,2.78814,-0.3,0,1
16114,bullet6,7.71883,2.06433,0.8,0,1
16114,bullet3,3.76862,2.00404,0.8,0,1
16116,flayer8,15.0108,2.96754,-0.297847,0.0358792,2
16116,bullet1,7.75928,2.01535,0.8,0,1
16117,bullet2,-1.03507,2.00851,-0.8,-6.99382e-08,1
16118,explosion6,10.9188,2.06433,-0.3,0,1
16118,explosion7,10.8,2.78814,-0.3,0,1
16119,player,3.36954,2.00293,2.11134e-05,-2.55629e-05,1
16119,bullet3,7.76862,2.00404,0.8,0,1
16119,bullet4,3.76954,2.00293,0.8,0,1
16121,flayer8,13.5215,3.14694,-0.297847,0.0358792,2
16121,bullet1,11.7593,2.01535,0.8,0,1
16121,bullet5,3.76955,2.00292,0.8,0,1
16123,explosion7,9.3,2.78814,-0.3,0,1
16124,player,3.92727,2.00291,0.0683441,-4.71708e-07,1
16124,bullet3,11.7686,2.00404,0.8,0,1
16124,bullet4,7.76954,2.00293,0.8,0,1
16126,flayer8,12.0323,3.32633,-0.297847,0.0358792,2
16126,bullet1,15.7593,2.01535,0.8,0,1
16126,bullet5,7.76955,2.00292,0.8,0,1
16128,bullet6,4.3809,2.56063,0.8,0,1
16129,player,3.98216,2.59139,0.00126114,0.0307547,1
16129,bullet3,15.7686,2.00404,0.8,0,1
16129,bullet4,11.7695,2.00293,0.8,0,1
16131,flayer8,10.5431,3.50573,-0.297847,0.0358792,2
16131,bullet5,11.7696,2.00292,0.8,0,1
16131,bullet2,4.38298,2.61145,0.8,0,1
16133,bullet6,8.3809,2.56063,0.8,0,1
16134,player,3.98317,2.61608,2.32716e-05,0.00056751,1
16134,bullet4,15.7695,2.00293,0.8,0,1
16136,flayer8,9.05383,3.68512,-0.297847,0.0358792,2
16136,bullet5,15.7696,2.00292,0.8,0,1
16136,bullet2,8.38298,2.61145,0.8,0,1
16137,flyer1,16.5,2.78814,-0.298768,-0.0271566,2
16138,bullet6,12.3809,2.56063,0.8,0,1
16138,bullet1,3.237,3.76272,0.8,0,1
16139,player,2.7924,3.80733,-0.0445939,0.0446048,1
16141,flayer8,7.5646,3.86452,-0.297847,0.0358792,2
16141,bullet2,12.383,2.61145,0.8,0,1
16141,explosion8,14.7809,2.56063,-0.298768,-0.0271566,1
16142,flyer1,15.0062,2.65236,-0.298768,-0.0271566,1
16142,explosion1,6.437,3.76272,-0.297847,0.0358792,1
16143,explosion2,13.983,2.61145,-0.298768,-0.0271566,1
16143,explosion3,14.7074,2.62521,-0.298768,-0.0271566,1
16144,player,3.24597,4.92099,0.151052,0.183453,1
16144,bullet3,3.64597,4.92099,0.8,0,1
16146,flayer8,6.07536,4.04391,-0.297847,0.0358792,0
16146,explosion4,5.24597,4.92099,-0.297847,0.0358792,1
16146,explosion5,6.07536,4.04391,-0.297847,0.0358792,1
16146,bullet4,3.74453,5.0407,0.8,0,1
16147,explosion1,4.94777,3.94212,-0.297847,0.0358792,1
16148,explosion2,12.4891,2.47567,-0.298768,-0.0271566,1
16148,explosion3,13.2136,2.48942,-0.298768,-0.0271566,1
16149,player,2.8779,5.06832,-0.149088,0.00338522,1
16150,flyer2,16.5,12.8203,-0.3,0,2
16151,flyer3,16.5,12.8203,-0.3,-0.000345033,2
16151,explosion5,4.58613,4.22331,-0.297847,0.0358792,1
16151,bullet4,7.74453,5.0407,0.8,0,1
16151,bullet5,3.67,5.07053,0.8,0,1
16153,bullet6,3.74939,5.07098,0.8,0,1
16154,player,3.36048,5.40854,0.0110885,0.337562,1
16155,flyer2,15,12.8203,-0.3,0,2
16156,flyer3,15,12.8186,-0.3,-0.000345033,2
16156,bullet4,11.7445,5.0407,0.8,0,1
16156,bullet5,7.67,5.07053,0.8,0,1
16158,bullet6,7.7494,5.07098,0.8,0,1
16158,bullet1,4.25856,5.6734,0.8,0,1
16159,player,3.92711,5.67963,0.0685484,0.00622898,1
16160,flyer2,13.5,12.8203,-0.3,0,2
16161,flyer3,13.5,12.8168,-0.3,-0.000345033,2
16161,bullet4,15.7445,5.0407,0.8,0,1
16161,bullet5,11.67,5.07053,0.8,0,1
16163,bullet6,11.7494,5.07098,0.8,0,1
16163,bullet1,8.25856,5.6734,0.8,0,1
16164,player,3.98215,6.17401,0.00126491,0.15199,1
16165,flyer2,12,12.8203,-0.3,0,2
16165,bullet2,4.38272,6.24241,0.8,0,1
16166,flyer3,12,12.8151,-0.3,-0.000345033,2
16166,bullet5,15.67,5.07053,0.8,0,1
16168,bullet6,15.7494,5.07098,0.8,0,1
16168,bullet1,12.2586,5.6734,0.8,0,1
16169,player,3.98317,5.95857,2.33412e-05,-0.334695,1
16170,flyer2,10.5,12.8203,-0.3,0,2
16170,bullet2,8.38272,6.24241,0.8,0,1
16171,flyer3,10.5,12.8134,-0.3,-0.000345033,2
16173,bullet1,16.2586,5.6734,0.8,0,1
16174,player,4.47256,4.64269,0.151875,-0.226395,1
16174,flyer4,16.5,12.8203,-0.272429,0.125627,2
16175,flyer2,9,12.8203,-0.3,0,2
16175,bullet2,12.3827,6.24241,0.8,0,1
16175,bullet3,4.94091,4.54081,0.8,0,1
16176,flyer3,9,12.8117,-0.3,-0.000345033,2
16177,bullet4,4.9855,4.47434,0.8,0,1
16179,player,4.25703,4.79838,-0.334697,0.333322,1
16179,flyer4,15.1379,13.4484,-0.272429,0.125627,2
16180,flyer2,7.5,12.8203,-0.3,0,2
16180,bullet2,16.3827,6.24241,0.8,0,1
16180,bullet3,8.94091,4.54081,0.8,0,1
16181,flyer3,7.5,12.8099,-0.3,-0.000345033,2
16182,bullet4,8.9855,4.47434,0.8,0,1
16184,player,4.47762,3.97438,0.145699,-0.159564,1
16184,flyer4,13.7757,14.0766,-0.272429,0.125627,2
16185,flyer2,5.99999,12.8203,-0.3,0,2
16185,bullet3,12.9409,4.54081,0.8,0,1
16185,bullet5,4.94318,3.90257,0.8,0,1
16186,flyer3,6,12.8082,-0.3,-0.000345033,2
16186,bullet6,4.97269,3.87026,0.8,0,1
16187,bullet4,12.9855,4.47434,0.8,0,1
16189,player,4.59463,4.33561,0.00268855,0.148931,1
16189,flyer4,12.4136,14.7047,-0.272429,0.125627,2
16190,flyer2,4.49999,12.8203,-0.3,0,2
16190,bullet5,8.94318,3.90257,0.8,0,1
16191,flyer3,4.5,12.8065,-0.3,-0.000345033,2
16191,bullet6,8.97269,3.87026,0.8,0,1
16194,player,5.67464,2.77505,0.182679,-0.193721,1
16194,flyer4,11.0514,15.3328,-0.272429,0.125627,2
16195,flyer2,2.99999,12.8203,-0.3,0,2
16195,bullet5,12.9432,3.90257,0.8,0,1
16196,flyer3,3,12.8047,-0.3,-0.000345033,2
16196,bullet6,12.9727,3.87026,0.8,0,1
16197,bullet1,6.21048,2.631,0.8,0,1
16198,bullet2,6.21797,2.62305,0.8,0,1
16199,player,5.82134,2.61948,0.00337095,-0.0035747,1
16199,flyer4,9.68926,15.961,-0.272429,0.125627,2
16200,flyer2,1.49999,12.8203,-0.3,0,2
16200,bullet3,5.42286,2.61787,-0.8,-6.99382e-08,1
16201,flyer3,1.5,12.803,-0.3,-0.000345033,2
16202,bullet1,10.2105,2.631,0.8,0,1
16202,bullet4,6.22385,2.61682,0.8,0,1
16203,bullet2,10.218,2.62305,0.8,0,1
16204,player,5.82405,2.2791,6.22034e-05,-0.337566,1
16205,flyer2,-6.4373e-06,12.8203,-0.3,0,2
16205,bullet3,1.42286,2.61787,-0.8,-6.99382e-08,1
16206,flyer3,2.563e-06,12.8013,-0.3,-0.000345033,2
16207,bullet1,14.2105,2.631,0.8,0,1
16207,bullet4,10.2239,2.61682,0.8,0,1
16208,flyer5,16.5,14.9028,-0.3,0,2
16208,bullet2,14.218,2.62305,0.8,0,1
16209,player,6.38182,2.00801,0.0683449,-0.00622904,1
16209,bullet5,6.78182,2.00801,0.8,0,1
16211,flyer6,16.5,12.8203,-0.233083,0.188871,2
16211,bullet6,6.82642,2.00394,0.8,0,1
16212,bullet4,14.2239,2.61682,0.8,0,1
16212,bullet3,6.83264,2.00338,0.8,0,1
16213,flyer5,15,14.9028,-0.3,0,2
16214,player,6.43671,2.34051,0.00126116,0.337385,1
16214,bullet5,10.7818,2.00801,0.8,0,1
16215,bullet1,6.03727,2.49233,-0.8,-6.99382e-08,1
16216,flyer6,15.3346,13.7646,-0.233083,0.188871,2
16216,bullet6,10.8264,2.00394,0.8,0,1
16217,bullet3,10.8326,2.00338,0.8,0,1
16218,flyer5,13.5,14.9028,-0.3,0,2
16219,player,6.43772,2.27396,2.32719e-05,-0.331274,1
16219,bullet5,14.7818,2.00801,0.8,0,1
16220,bullet1,2.03727,2.49233,-0.8,-6.99382e-08,1
16221,flyer6,14.1692,14.709,-0.233083,0.188871,2
16221,bullet6,14.8264,2.00394,0.8,0,1
16222,bullet3,14.8326,2.00338,0.8,0,1
16222,bullet2,6.83773,1.53824,0.8,0,1
16223,flyer5,12,14.9028,-0.3,0,2
16224,player,6.43774,1.41944,4.29431e-07,-0.0368676,1
16224,bullet4,6.83774,1.41944,0.8,0,1
16226,flyer6,13.0038,15.6534,-0.233083,0.188871,2
16226,bullet5,6.83774,1.39538,0.8,0,1
16227,bullet2,10.8377,1.53824,0.8,0,1
16228,flyer5,10.5,14.9028,-0.3,0,2
16229,player,6.43774,1.87921,7.92422e-09,0.151195,1
16229,bullet4,10.8377,1.41944,0.8,0,1
16229,bullet6,6.83774,1.87921,0.8,0,1
16231,bullet5,10.8377,1.39538,0.8,0,1
16232,bullet2,14.8377,1.53824,0.8,0,1
16233,flyer5,9,14.9028,-0.3,0,2
16234,player,6.43774,1.51125,1.46224e-10,-0.149085,1
16234,bullet4,14.8377,1.41944,0.8,0,1
16234,bullet6,10.8377,1.87921,0.8,0,1
16236,flayer7,16.5,12.8203,-0.3,0,2
16236,bullet5,14.8377,1.39538,0.8,0,1
16236,bullet3,6.83774,1.41398,0.8,0,1
16238,flyer5,7.5,14.9028,-0.3,0,2
16239,player,6.43774,1.39153,2.69825e-12,-0.00275104,1
16239,bullet6,14.8377,1.87921,0.8,0,1
16239,bullet1,6.83774,1.39153,0.8,0,1
16240,bullet2,6.83774,1.39029,0.8,0,1
16241,flayer7,15,12.8203,-0.3,0,2
16241,bullet3,10.8377,1.41398,0.8,0,1
16243,flyer5,5.99999,14.9028,-0.3,0,2
16243,bullet4,6.34836,1.38937,0.8,0,1
16244,player,5.88002,1.38932,-0.0683438,-5.07644e-05,1
16244,bullet1,10.8377,1.39153,0.8,0,1
16245,bullet2,10.8377,1.39029,0.8,0,1
16246,flayer7,13.5,12.8203,-0.3,0,2
16246,bullet3,14.8377,1.41398,0.8,0,1
16248,flyer5,4.49999,14.9028,-0.3,0,2
16248,bullet4,10.3484,1.38937,0.8,0,1
16249,player,5.82513,1.38928,-0.00126113,-9.36746e-07,1
16249,bullet1,14.8377,1.39153,0.8,0,1
16249,bullet5,6.22513,1.38928,0.8,0,1
16250,bullet2,14.8377,1.39029,0.8,0,1
16251,flayer7,12,12.8203,-0.3,0,2
16252,bullet6,6.78191,0.831557,0.8,0,1
16253,flyer5,2.99999,14.9028,-0.3,0,2
16253,bullet4,14.3484,1.38937,0.8,0,1
16254,player,6.42643,0.786962,0.0138163,-0.0138396,1
16254,bullet5,10.2251,1.38928,0.8,0,1
16254,bullet3,6.82643,0.786962,0.8,0,1
16256,flayer7,10.5,12.8203,-0.3,0,2
16256,bullet1,6.83545,0.777932,0.8,0,1
16257,bullet6,10.7819,0.831557,0.8,0,1
16258,flyer5,1.49999,14.9028,-0.3,0,2
16259,player,7.33275,1.11335,0.406099,0.337245,1
16259,bullet5,14.2251,1.38928,0.8,0,1
16259,bullet3,10.8264,0.786962,0.8,0,1
16261,flayer7,9,12.8203,-0.3,0,2
16261,bullet1,10.8355,0.777932,0.8,0,1
16262,bullet6,14.7819,0.831557,0.8,0,1
16263,flyer5,-6.4373e-06,14.9028,-0.3,0,2
16263,bullet2,8.05139,1.93568,0.8,0,1
16264,player,7.65888,1.97266,0.00749366,0.0369778,1
16264,bullet3,14.8264,0.786962,0.8,0,1
16266,flayer7,7.5,12.8203,-0.3,0,2
16266,bullet1,14.8355,0.777932,0.8,0,1
16267,flyer1,16.5,13.5892,-0.293704,0.0611379,2
16267,bullet4,7.57508,2.00015,0.8,0,1
16268,bullet2,12.0514,1.93568,0.8,0,1
16269,player,7.07643,2.00235,-0.0306164,0.000682344,1
16269,bullet5,7.47643,2.00235,0.8,0,1
16271,flayer7,5.99999,12.8203,-0.3,0,2
16272,flyer1,15.0315,13.8949,-0.293704,0.0611379,2
16272,bullet4,11.5751,2.00015,0.8,0,1
16273,bullet2,16.0514,1.93568,0.8,0,1
16273,bullet6,8.04088,1.41441,0.8,0,1
16274,player,7.65415,1.40059,0.0132747,-0.013827,1
16274,bullet5,11.4764,2.00235,0.8,0,1
16276,flayer7,4.49999,12.8203,-0.3,0,2
16276,bullet3,8.06281,1.39157,0.8,0,1
16277,flyer1,13.563,14.2006,-0.293704,0.0611379,2
16277,bullet4,15.5751,2.00015,0.8,0,1
16278,bullet6,12.0409,1.41441,0.8,0,1
16279,player,7.17544,1.38948,-0.15163,-0.000255147,1
16279,bullet5,15.4764,2.00235,0.8,0,1
16281,flayer7,2.99999,12.8203,-0.3,0,2
16281,bullet3,12.0628,1.39157,0.8,0,1
16282,flyer1,12.0944,14.5063,-0.293704,0.0611379,2
16283,bullet6,16.0409,1.41441,0.8,0,1
16283,bullet1,7.45646,1.947,0.8,0,1
16284,player,7.05367,1.97775,-0.002798,0.03075,1
16284,bullet2,7.45367,1.97775,0.8,0,1
16286,flayer7,1.49999,12.8203,-0.3,0,2
16286,bullet3,16.0628,1.39157,0.8,0,1
16287,flyer1,10.6259,14.812,-0.293704,0.0611379,2
16288,bullet1,11.4565,1.947,0.8,0,1
16289,player,5.90523,1.97169,-0.0991501,0.0381565,1
16289,bullet2,11.4537,1.97775,0.8,0,1
16290,bullet4,6.26061,1.98886,0.8,0,1
16291,flayer7,-6.4373e-06,12.8203,-0.3,0,2
16291,bullet5,6.24053,1.99659,0.8,0,1
16292,flyer1,9.1574,15.1177,-0.293704,0.0611379,2
16293,bullet1,15.4565,1.947,0.8,0,1
16294,player,5.8256,2.00233,-0.0018296,0.000704095,1
16294,bullet2,15.4537,1.97775,0.8,0,1
16295,bullet4,10.2606,1.98886,0.8,0,1
16296,flayer8,16.5,4.62368,-0.3,0,2
16296,bullet5,10.2405,1.99659,0.8,0,1
16297,flyer1,7.68888,15.4234,-0.293704,0.0611379,2
16299,player,6.97032,2.37115,0.0990647,0.299924,1
16300,bullet4,14.2606,1.98886,0.8,0,1
16301,flayer8,15,4.62368,-0.3,0,2
16301,bullet5,14.2405,1.99659,0.8,0,1
16302,flyer1,6.22036,15.7291,-0.293704,0.0611379,2
16303,flyer4,16.5,1.23634,-0.248246,0.168445,2
16303,bullet6,7.44805,2.04876,0.8,0,1
16304,player,7.04988,2.02355,0.00182802,-0.0252202,1
16304,bullet3,7.44988,2.02355,0.8,0,1
16306,flayer8,13.5,4.62368,-0.3,0,2
16307,flyer1,4.75184,16.0348,-0.293704,0.0611379,2
16307,bullet1,7.45124,2.49417,0.8,0,1
16308,flyer4,15.2588,2.07857,-0.248246,0.168445,1
16308,bullet6,11.4481,2.04876,0.8,0,1
16309,player,7.05135,2.92926,3.37321e-05,0.367789,1
16309,bullet3,11.4499,2.02355,0.8,0,1
16311,flayer8,12,4.62368,-0.3,0,2
16311,explosion6,13.8481,2.04876,-0.248246,0.168445,1
16311,explosion7,14.514,2.5839,-0.248246,0.168445,1
16312,flyer1,3.28332,16.3405,-0.293704,0.0611379,2
16312,bullet1,11.4512,2.49417,0.8,0,1
16314,player,6.22884,2.28482,0.255317,-0.344553,1
16314,bullet3,15.4499,2.02355,0.8,0,1
16316,flayer8,10.5,4.62368,-0.3,0,2
16316,flyer2,16.5,1.23634,-0.282864,-0.0999394,2
16316,explosion6,12.6068,2.89099,-0.248246,0.168445,1
16316,bullet2,6.79544,2.06,0.8,0,1
16317,bullet1,15.4512,2.49417,0.8,0,1
16319,player,6.09639,1.78789,-0.332789,0.262798,1
16319,flyer3,16.5,1.23634,-0.3,0,2
16320,bullet4,6.34663,1.90615,0.8,0,1
16321,flayer8,9,4.62368,-0.3,0,2
16321,flyer2,15.0857,0.736643,-0.282864,-0.0999394,2
16321,bullet2,10.7954,2.06,0.8,0,1
16324,player,5.27141,1.99894,-0.0744846,0.00484937,1
16324,flyer3,15,1.23634,-0.3,0,2
16324,bullet5,5.67141,1.99894,0.8,0,1
16325,bullet4,10.3466,1.90615,0.8,0,1
16325,explosion8,13.9954,2.06,-0.3,0,1
16326,flayer8,7.5,4.62368,-0.3,0,2
16326,flyer2,13.6714,0.236946,-0.282864,-0.0999394,2
16326,bullet6,5.62281,2.00211,0.8,0,1
16327,bullet3,5.61602,2.00255,0.8,0,1
16329,player,5.21159,2.00284,-0.00137445,8.94845e-05,1
16329,flyer3,13.5,1.23634,-0.3,0,0
16329,bullet5,9.67141,1.99894,0.8,0,1
16329,explosion1,13.5466,1.90615,-0.3,0,1
16329,explosion2,13.5,1.23634,-0.3,0,1
16329,bullet1,5.61159,2.00284,0.8,0,1
16330,explosion8,12.4954,2.06,-0.3,0,1
16331,flayer8,5.99999,4.62368,-0.3,0,2
16331,flyer2,12.257,-0.262751,-0.282864,-0.0999394,2
16331,bullet6,9.62281,2.00211,0.8,0,1
16332,bullet3,9.61602,2.00255,0.8,0,1
16334,player,4.87299,2.89813,-0.337525,0.405845,1
16334,bullet5,13.6714,1.99894,0.8,0,1
16334,explosion2,12,1.23634,-0.3,0,1
16334,bullet1,9.61159,2.00284,0.8,0,1
16336,flayer8,4.49999,4.62368,-0.3,0,2
16336,bullet6,13.6228,2.00211,0.8,0,1
16337,bullet3,13.616,2.00255,0.8,0,1
