90997,player,3.13538,12.537,0,0,1
90999,bullet1,2.73538,12.0476,-0.8,-6.99382e-08,1
91001,bullet2,3.53538,11.9485,0.8,0,1
91002,player,3.13538,11.9347,0,-0.0138396,1
91002,bullet3,3.53538,11.9347,0.8,0,1
91004,bullet4,3.53538,11.9256,0.8,0,1
91006,bullet2,7.53538,11.9485,0.8,0,1
91007,player,2.646,12.4129,-0.151875,0.15162,1
91007,bullet3,7.53538,11.9347,0.8,0,1
91009,flyer1,16.5,11.5539,-0.3,0,2
91009,bullet4,7.53538,11.9256,0.8,0,1
91011,bullet2,11.5354,11.9485,0.8,0,1
91011,bullet5,2.33836,12.5011,0.8,0,1
91012,player,1.58422,12.8584,-0.354142,0.357213,1
91012,bullet3,11.5354,11.9347,0.8,0,1
91014,flyer1,15,11.5539,-0.3,0,2
91014,bullet4,11.5354,11.9256,0.8,0,1
91015,explosion1,13.9354,11.9347,-0.3,0,1
91015,explosion2,14.7354,11.9485,-0.3,0,1
91015,explosion3,14.7,11.5539,-0.3,0,1
91015,bullet6,0.920873,13.124,-0.8,-6.99382e-08,1
91016,bullet5,6.33836,12.5011,0.8,0,1
91016,bullet1,1.70635,13.1386,0.8,0,1
91017,player,1.29982,13.1452,-0.00653492,0.00659158,1
91018,bullet2,1.69688,13.1482,0.8,0,1
91019,bullet4,15.5354,11.9256,0.8,0,1
91020,explosion2,13.2354,11.9485,-0.3,0,1
91020,explosion3,13.2,11.5539,-0.3,0,1
91021,bullet5,10.3384,12.5011,0.8,0,1
91021,bullet1,5.70635,13.1386,0.8,0,1
91021,bullet3,1.45241,13.7081,-0.8,-6.99382e-08,1
91022,player,1.88304,13.739,0.0306341,0.0308763,1
91023,bullet2,5.69688,13.1482,0.8,0,1
91024,bullet6,2.30303,13.7591,0.8,0,1
91026,bullet5,14.3384,12.5011,0.8,0,1
91026,bullet1,9.70635,13.1386,0.8,0,1
91027,player,1.41827,14.2532,-0.15131,0.152445,1
91028,bullet2,9.69688,13.1482,0.8,0,1
91029,flyer2,16.5,6.45789,-0.268145,-0.13453,2
91029,bullet6,6.30303,13.7591,0.8,0,1
91029,bullet4,1.23016,13.8633,0.8,0,1
91031,bullet1,13.7064,13.1386,0.8,0,1
91032,player,0.69444,13.7733,-0.0166317,-0.0110266,1
91033,bullet2,13.6969,13.1482,0.8,0,1
91034,flyer2,15.1593,5.78524,-0.268145,-0.13453,2
91034,bullet6,10.303,13.7591,0.8,0,1
91034,bullet4,5.23016,13.8633,0.8,0,1
91035,bullet3,1.08207,13.7651,0.8,0,1
91037,player,0.681084,13.7644,-0.000306902,-0.000203471,1
91038,bullet5,1.08095,13.7643,0.8,0,1
91039,flyer2,13.8186,5.11259,-0.268145,-0.13453,2
91039,bullet6,14.303,13.7591,0.8,0,1
91039,bullet4,9.23016,13.8633,0.8,0,1
91040,bullet3,5.08207,13.7651,0.8,0,1
91042,player,0.680837,13.7643,-5.6632e-06,-3.75462e-06,1
91042,bullet1,1.08084,13.7643,0.8,0,1
91043,bullet5,5.08095,13.7643,0.8,0,1
91044,flyer2,12.4778,4.43994,-0.268145,-0.13453,2
91044,bullet4,13.2302,13.8633,0.8,0,1
91045,bullet3,9.08207,13.7651,0.8,0,1
91047,player,0.680833,14.2536,-1.04502e-07,0.151875,1
91047,bullet1,5.08084,13.7643,0.8,0,1
91048,bullet5,9.08095,13.7643,0.8,0,1
91049,flyer2,11.1371,3.7673,-0.268145,-0.13453,2
91050,bullet3,13.0821,13.7651,0.8,0,1
91052,player,0.680833,13.8179,-1.92835e-09,-0.0655412,1
91052,bullet1,9.08084,13.7643,0.8,0,1
91053,bullet5,13.0809,13.7643,0.8,0,1
91053,bullet2,1.08083,13.7884,0.8,0,1
91054,flyer2,9.79638,3.09465,-0.268145,-0.13453,2
91057,player,1.23855,13.7652,0.0683438,-0.00120942,1
91057,bullet1,13.0808,13.7643,0.8,0,1
91058,flyer3,16.5,8.33296,-0.280435,-0.106566,2
91058,bullet2,5.08083,13.7884,0.8,0,1
91059,flyer2,8.45566,2.422,-0.268145,-0.13453,2
91060,bullet6,1.68937,13.275,0.8,0,1
91062,player,1.29344,13.1758,0.00126113,-0.030777,1
91062,bullet4,1.69344,13.1758,0.8,0,1
91063,flyer3,15.0978,7.80013,-0.280435,-0.106566,2
91063,bullet2,9.08083,13.7884,0.8,0,1
91064,flyer2,7.11494,1.74935,-0.268145,-0.13453,2
91065,bullet6,5.68937,13.275,0.8,0,1
91066,bullet3,1.10595,13.7401,0.8,0,1
91067,player,0.692137,13.7534,-0.0138163,0.0132717,1
91067,bullet4,5.69344,13.1758,0.8,0,1
91068,flyer3,13.6957,7.26729,-0.280435,-0.106566,2
91068,bullet2,13.0808,13.7884,0.8,0,1
91069,flyer2,5.77421,1.0767,-0.268145,-0.13453,2
91070,bullet6,9.68937,13.275,0.8,0,1
91071,bullet3,5.10595,13.7401,0.8,0,1
91072,player,0.681041,13.7641,-0.00025495,0.0002449,1
91072,bullet4,9.69344,13.1758,0.8,0,1
91073,flyer3,12.2935,6.73446,-0.280435,-0.106566,2
91074,flyer2,4.43349,0.404055,-0.268145,-0.13453,2
91074,bullet5,1.08087,13.7642,0.8,0,1
91075,bullet6,13.6894,13.275,0.8,0,1
91076,bullet3,9.10595,13.7401,0.8,0,1
91077,player,0.680836,13.7643,-4.70455e-06,4.51909e-06,1
91077,bullet4,13.6934,13.1758,0.8,0,1
91078,flyer3,10.8913,6.20163,-0.280435,-0.106566,2
91079,flyer2,3.09276,-0.268593,-0.268145,-0.13453,2
91079,bullet5,5.08087,13.7642,0.8,0,1
91081,bullet3,13.106,13.7401,0.8,0,1
91082,player,1.26931,13.2065,0.0307546,-0.0683437,1
91082,flyer4,16.5,8.33296,-0.3,0,2
91083,flyer3,9.48913,5.6688,-0.280435,-0.106566,2
91084,bullet5,9.08088,13.7642,0.8,0,1
91084,bullet1,1.68937,13.162,0.8,0,1
91087,player,1.44588,12.6623,-0.185057,-0.153136,1
91087,flyer4,15,8.33296,-0.3,0,2
91088,flyer3,8.08696,5.13597,-0.280435,-0.106566,2
91089,bullet5,13.0809,13.7642,0.8,0,1
91089,bullet1,5.68937,13.162,0.8,0,1
91092,player,2.44346,13.1278,0.0956836,0.0279289,1
91092,flyer4,13.5,8.33296,-0.3,0,2
91093,flyer3,6.68479,4.60313,-0.280435,-0.106566,2
91093,bullet2,2.88651,13.1403,0.8,0,1
91094,bullet1,9.68937,13.162,0.8,0,1
91096,bullet6,2.36081,13.1497,0.8,0,1
91097,player,1.93182,13.1502,-0.0289891,0.000515367,1
91097,flyer4,12,8.33296,-0.3,0,2
91097,bullet4,2.33182,13.1502,0.8,0,1
91098,flyer3,5.28261,4.0703,-0.280435,-0.106566,2
91098,bullet2,6.88651,13.1403,0.8,0,1
91099,bullet1,13.6894,13.162,0.8,0,1
91101,bullet6,6.36081,13.1497,0.8,0,1
91102,player,2.49702,13.1506,0.0302198,9.50997e-06,1
91102,flyer4,10.5,8.33296,-0.3,0,2
91102,bullet4,6.33182,13.1502,0.8,0,1
91103,flyer3,3.88044,3.53747,-0.280435,-0.106566,2
91103,bullet2,10.8865,13.1403,0.8,0,1
91104,bullet3,2.91674,13.1506,0.8,0,1
91106,bullet6,10.3608,13.1497,0.8,0,1
91107,player,3.34816,13.1506,0.489933,1.75486e-07,1
91107,flyer4,9,8.33296,-0.3,0,2
91107,bullet4,10.3318,13.1502,0.8,0,1
91108,flyer3,2.47827,3.00464,-0.280435,-0.106566,2
91108,bullet2,14.8865,13.1403,0.8,0,1
91109,bullet3,6.91674,13.1506,0.8,0,1
91111,bullet6,14.3608,13.1497,0.8,0,1
91111,bullet5,3.57486,13.1506,0.8,0,1
91112,player,3.15315,13.1506,-0.0217141,3.2382e-09,1
91112,flyer4,7.5,8.33296,-0.3,0,2
91112,bullet4,14.3318,13.1502,0.8,0,1
91113,flyer3,1.0761,2.4718,-0.280435,-0.106566,2
91114,bullet3,10.9167,13.1506,0.8,0,1
91116,bullet5,7.57486,13.1506,0.8,0,1
91117,player,3.83712,14.2423,-0.107681,0.165715,1
91117,flyer4,5.99999,8.33296,-0.3,0,2
91118,flyer3,-0.326078,1.93897,-0.280435,-0.106566,2
91118,bullet1,4.18866,14.3169,0.8,0,1
91119,bullet3,14.9167,13.1506,0.8,0,1
91120,bullet2,4.15704,14.3655,0.8,0,1
91121,bullet5,11.5749,13.1506,0.8,0,1
91121,bullet6,4.15263,14.3723,0.8,0,1
91122,player,3.75064,14.3754,-0.00198702,0.0030579,1
91122,flyer4,4.49999,8.33296,-0.3,0,2
91123,bullet1,8.18866,14.3169,0.8,0,1
91125,bullet2,8.15705,14.3655,0.8,0,1
91126,bullet5,15.5749,13.1506,0.8,0,1
91126,bullet6,8.15263,14.3723,0.8,0,1
91127,player,3.74905,13.8201,-3.66662e-05,-0.0682873,1
91127,flyer4,2.99999,8.33296,-0.3,0,2
91128,bullet1,12.1887,14.3169,0.8,0,1
91130,bullet2,12.157,14.3655,0.8,0,1
91131,bullet6,12.1526,14.3723,0.8,0,1
91132,player,3.1467,14.3676,-0.0138403,0.0125795,1
91132,flyer4,1.49999,8.33296,-0.3,0,2
91132,bullet4,3.5467,14.3676,0.8,0,1
91133,bullet1,16.1887,14.3169,0.8,0,1
91135,bullet2,16.157,14.3655,0.8,0,1
91136,flyer5,16.5,8.33296,-0.299801,-0.0109165,2
91136,bullet6,16.1526,14.3723,0.8,0,1
91137,player,3.72406,13.82,0.0304993,-0.0681116,1
91137,flyer4,-6.4373e-06,8.33296,-0.3,0,2
91137,flyer6,16.5,3.46947,-0.212501,-0.211763,2
91137,bullet4,7.5467,14.3676,0.8,0,1
91137,bullet3,3.32406,13.82,-0.8,-6.99382e-08,1
91138,bullet5,4.13779,13.7893,0.8,0,1
91141,flyer5,15.001,8.27837,-0.299801,-0.0109165,2
91142,player,3.74855,12.8701,0.000562798,-0.407101,1
91142,flyer6,15.4375,2.41065,-0.212501,-0.211763,2
91142,bullet4,11.5467,14.3676,0.8,0,1
91143,bullet5,8.13779,13.7893,0.8,0,1
91146,flyer5,13.502,8.22379,-0.299801,-0.0109165,2
91147,player,2.26531,12.7633,-0.436588,-0.276668,1
91147,flyer6,14.375,1.35184,-0.212501,-0.211763,2
91147,bullet4,15.5467,14.3676,0.8,0,1
91148,bullet5,12.1378,13.7893,0.8,0,1
91148,bullet1,2.46885,12.6388,0.8,0,1
91150,bullet2,2.34066,12.5576,0.8,0,1
91151,flyer5,12.003,8.16921,-0.299801,-0.0109165,2
91152,player,1.9147,12.5412,-0.00805628,-0.00510531,1
91152,flyer6,13.3125,0.293024,-0.212501,-0.211763,2
91152,bullet6,2.3147,12.5412,0.8,0,1
91153,bullet5,16.1378,13.7893,0.8,0,1
91153,bullet1,6.46885,12.6388,0.8,0,1
91155,bullet2,6.34066,12.5576,0.8,0,1
91155,bullet3,2.30871,12.048,0.8,0,1
91156,flyer5,10.504,8.11462,-0.299801,-0.0109165,2
91157,player,1.90823,12.2861,-0.000148661,0.306651,1
91157,bullet6,6.3147,12.5412,0.8,0,1
91158,bullet1,10.4689,12.6388,0.8,0,1
91160,bullet2,10.3407,12.5576,0.8,0,1
91160,bullet3,6.30871,12.048,0.8,0,1
91161,flyer5,9.00498,8.06004,-0.299801,-0.0109165,2
91162,player,2.00721,13.0217,-0.121123,0.157534,1
91162,bullet6,10.3147,12.5412,0.8,0,1
91163,bullet1,14.4689,12.6388,0.8,0,1
91165,bullet2,14.3407,12.5576,0.8,0,1
91165,bullet3,10.3087,12.048,0.8,0,1
91166,flyer5,7.50597,8.00546,-0.299801,-0.0109165,2
91167,player,2.49841,12.5598,0.0285196,-0.0278477,1
91167,bullet6,14.3147,12.5412,0.8,0,1
91168,flayer7,16.5,9.83032,-0.3,0,2
91168,bullet4,2.91124,12.5472,0.8,0,1
91170,bullet3,14.3087,12.048,0.8,0,1
91171,flyer5,6.00697,7.95087,-0.299801,-0.0109165,2
91172,player,2.03194,12.4383,-0.151349,0.120606,1
91172,bullet5,2.43194,12.4383,0.8,0,1
91173,flayer7,15,9.83032,-0.3,0,2
91173,bullet4,6.91124,12.5472,0.8,0,1
91176,flyer5,4.50796,7.89629,-0.299801,-0.0109165,2
91176,bullet1,1.82381,13.0223,0.8,0,1
91177,player,1.35267,13.0929,-0.0711366,0.0705693,1
91177,bullet5,6.43194,12.4383,0.8,0,1
91178,flayer7,13.5,9.83032,-0.3,0,2
91178,bullet4,10.9112,12.5472,0.8,0,1
91179,bullet2,1.21688,13.1389,0.8,0,1
91181,flyer5,3.00895,7.84171,-0.299801,-0.0109165,2
91181,bullet1,5.82381,13.0223,0.8,0,1
91182,player,0.693231,13.1496,-0.0151523,0.0013022,1
91182,bullet5,10.4319,12.4383,0.8,0,1
91183,flayer7,12,9.83032,-0.3,0,2
91183,bullet4,14.9112,12.5472,0.8,0,1
91184,bullet2,5.21688,13.1389,0.8,0,1
91186,flyer5,1.50995,7.78712,-0.299801,-0.0109165,2
91186,bullet1,9.82381,13.0223,0.8,0,1
91186,bullet6,1.57072,14.2284,0.8,0,1
91187,player,1.23878,14.3106,0.0680642,0.0822074,1
91187,bullet5,14.4319,12.4383,0.8,0,1
91188,flayer7,10.5,9.83032,-0.3,0,2
91189,bullet2,9.21688,13.1389,0.8,0,1
91191,flyer5,0.0109392,7.73254,-0.299801,-0.0109165,2
91191,bullet1,13.8238,13.0223,0.8,0,1
91191,bullet6,5.57072,14.2284,0.8,0,1
91192,player,1.89576,13.7743,0.0150956,-0.0123227,1
91192,bullet3,2.29576,13.7743,0.8,0,1
91193,flayer7,9,9.83032,-0.3,0,2
91194,bullet2,13.2169,13.1389,0.8,0,1
91196,bullet6,9.57072,14.2284,0.8,0,1
91197,player,1.35016,13.8328,-0.0680652,-0.0837586,1
91197,bullet3,6.29576,13.7743,0.8,0,1
91198,flayer7,7.5,9.83032,-0.3,0,2
91198,flayer8,16.5,11.8869,-0.246956,0.170331,2
91201,bullet6,13.5707,14.2284,0.8,0,1
91202,player,0.712411,13.4588,0.312411,-0.376635,1
91202,bullet3,10.2958,13.7743,0.8,0,1
91203,flayer7,5.99999,9.83032,-0.3,0,2
91203,flayer8,15.2652,12.7385,-0.246956,0.170331,2
91203,bullet4,1.253,13.2893,0.8,0,1
91207,player,0.405585,12.5986,-0.0625789,-0.0752937,1
91207,explosion4,14.2958,13.7743,-0.246956,0.170331,1
91207,bullet5,0.805585,12.5986,0.8,0,1
91208,flayer7,4.49999,9.83032,-0.3,0,2
91208,flayer8,14.0304,13.5902,-0.246956,0.170331,1
91208,bullet4,5.253,13.2893,0.8,0,1
91209,bullet1,0.793664,12.5494,0.8,0,1
91212,player,0.946671,11.9804,0.0677664,-0.0697331,1
91212,bullet5,4.80559,12.5986,0.8,0,1
91212,bullet2,1.34667,11.9804,0.8,0,1
91213,flayer7,2.99999,9.83032,-0.3,0,2
91213,flayer8,12.7957,14.4419,-0.246956,0.170331,1
91213,bullet4,9.253,13.2893,0.8,0,1
91214,bullet1,4.79366,12.5494,0.8,0,1
91217,player,1.00109,11.1702,0.00125048,0.170499,1
91217,bullet5,8.80559,12.5986,0.8,0,1
91217,bullet2,5.34667,11.9804,0.8,0,1
91218,flayer7,1.49999,9.83032,-0.3,0,2
91218,flayer8,11.5609,15.2935,-0.246956,0.170331,1
91218,bullet4,13.253,13.2893,0.8,0,1
91219,bullet1,8.79366,12.5494,0.8,0,1
91222,player,1.0021,11.3071,2.30749e-05,0.00314618,1
91222,bullet5,12.8056,12.5986,0.8,0,1
91222,bullet2,9.34667,11.9804,0.8,0,1
91222,bullet6,1.4021,11.3071,0.8,0,1
91223,flayer7,-6.4373e-06,9.83032,-0.3,0,2
91223,flayer8,10.3261,16.1452,-0.246956,0.170331,1
91224,bullet1,12.7937,12.5494,0.8,0,1
91227,player,1.00212,11.3097,4.25796e-07,5.80559e-05,1
91227,flyer1,16.5,11.8869,-0.297467,-0.0389007,2
91227,bullet2,13.3467,11.9804,0.8,0,1
91227,bullet6,5.4021,11.3071,0.8,0,1
91227,bullet3,1.40212,11.3097,0.8,0,1
91228,explosion5,15.9937,12.5494,-0.297467,-0.0389007,1
91229,bullet4,1.40212,11.3097,0.8,0,1
91230,explosion6,15.7467,11.9804,-0.297467,-0.0389007,1
91230,explosion7,15.6076,11.7702,-0.297467,-0.0389007,1
91230,bullet5,1.40212,11.3097,0.8,0,1
91232,player,1.00212,11.3097,7.85714e-09,1.07129e-06,1
91232,bullet6,9.4021,11.3071,0.8,0,1
91232,bullet3,5.40212,11.3097,0.8,0,1
91234,bullet4,5.40212,11.3097,0.8,0,1
91235,explosion7,14.1203,11.5757,-0.297467,-0.0389007,1
91235,bullet5,5.40212,11.3097,0.8,0,1
91237,player,0.737303,11.2959,0.32366,0.0169151,1
91237,bullet6,13.4021,11.3071,0.8,0,1
91237,bullet3,9.40212,11.3097,0.8,0,1
91239,bullet4,9.40212,11.3097,0.8,0,1
91240,bullet5,9.40212,11.3097,0.8,0,1
91241,flyer2,16.5,11.8869,-0.3,0,2
91242,player,0.898131,11.8979,0.127093,0.0310668,1
91242,bullet3,13.4021,11.3097,0.8,0,1
91243,bullet1,1.35532,11.9119,0.8,0,1
91244,bullet4,13.4021,11.3097,0.8,0,1
91244,explosion8,15.0021,11.3097,-0.3,0,1
91244,bullet2,1.38106,11.9182,0.8,0,1
91245,bullet5,13.4021,11.3097,0.8,0,1
91246,flyer2,15,11.8869,-0.3,0,-1
91246,explosion1,14.2021,11.3097,-0.3,0,1
91246,explosion3,15.0021,11.3097,-0.3,0,1
91246,explosion2,15,11.8869,-0.3,0,1
91247,player,0.510822,11.4335,-0.14953,-0.151302,1
91247,bullet6,0.910822,11.4335,0.8,0,1
91248,bullet1,5.35532,11.9119,0.8,0,1
91249,bullet2,5.38106,11.9182,0.8,0,1
91249,bullet3,0.813254,11.3348,0.8,0,1
91251,explosion3,13.5021,11.3097,-0.3,0,1
91251,explosion2,13.5,11.8869,-0.3,0,1
91252,player,0.39931,10.8226,-0.00206943,-0.154667,1
91252,bullet6,4.91082,11.4335,0.8,0,1
91253,bullet1,9.35532,11.9119,0.8,0,1
91254,bullet2,9.38106,11.9182,0.8,0,1
91254,bullet3,4.81325,11.3348,0.8,0,1
91257,player,0.411488,10.6984,-0.0169533,-0.00285404,1
91257,bullet6,8.91082,11.4335,0.8,0,1
91258,bullet1,13.3553,11.9119,0.8,0,1
91259,bullet2,13.3811,11.9182,0.8,0,1
91259,bullet3,8.81325,11.3348,0.8,0,1
91262,player,2.04728,10.6515,0.233746,0.0544515,1
91262,flyer3,16.5,6.14246,-0.24146,0.178036,2
91262,bullet6,12.9108,11.4335,0.8,0,1
91263,flyer4,16.5,6.14246,-0.3,0,2
91263,bullet4,2.55247,10.676,0.8,0,1
91264,bullet3,12.8133,11.3348,0.8,0,1
91264,bullet5,2.5998,10.687,0.8,0,1
91267,player,2.235,10.6952,0.00431326,0.00100478,1
91267,flyer3,15.2927,7.03264,-0.24146,0.178036,2
91267,bullet1,2.635,10.6952,0.8,0,1
91268,flyer4,15,6.14246,-0.3,0,2
91268,bullet4,6.55247,10.676,0.8,0,1
91269,bullet5,6.5998,10.687,0.8,0,1
91271,bullet2,2.14901,11.1854,0.8,0,1
91272,player,1.68074,11.2538,-0.0682642,0.0683623,1
91272,flyer3,14.0854,7.92282,-0.24146,0.178036,2
91272,bullet1,6.635,10.6952,0.8,0,1
91273,flyer4,13.5,6.14246,-0.3,0,2
91273,bullet4,10.5525,10.676,0.8,0,1
91274,bullet5,10.5998,10.687,0.8,0,1
91276,bullet2,6.14901,11.1854,0.8,0,1
91277,player,1.62592,11.3087,-0.00125967,0.00126148,1
91277,flyer3,12.8781,8.81301,-0.24146,0.178036,2
91277,bullet1,10.635,10.6952,0.8,0,1
91278,flyer4,12,6.14246,-0.3,0,2
91278,bullet4,14.5525,10.676,0.8,0,1
91279,bullet5,14.5998,10.687,0.8,0,1
91281,bullet2,10.149,11.1854,0.8,0,1
91282,player,1.0226,11.912,-0.0138629,0.0138629,1
91282,flyer3,11.6708,9.70319,-0.24146,0.178036,2
91282,bullet1,14.635,10.6952,0.8,0,1
91282,bullet6,1.4226,11.912,0.8,0,1
91283,flyer4,10.5,6.14246,-0.3,0,2
91285,bullet3,0.922913,11.9223,0.8,0,1
91286,bullet2,14.149,11.1854,0.8,0,1
91287,player,0.42299,12.2606,-0.0310105,0.337756,1
91287,flyer3,10.4635,10.5934,-0.24146,0.178036,2
91287,bullet6,5.4226,11.912,0.8,0,1
91288,flyer4,9,6.14246,-0.3,0,2
91290,bullet3,4.92291,11.9223,0.8,0,1
91291,explosion4,8.6226,11.912,-0.24146,0.178036,1
91291,bullet4,0.8,11.9372,0.8,0,1
91292,player,0.4,11.5921,0,-0.345107,1
91292,flyer3,9.2562,11.4836,-0.24146,0.178036,1
91293,flyer4,7.5,6.14246,-0.3,0,2
91294,explosion5,8.12291,11.9223,-0.24146,0.178036,1
91294,explosion6,8.77328,11.8396,-0.24146,0.178036,1
91295,bullet5,0.8,11.3354,0.8,0,1
91296,bullet4,4.8,11.9372,0.8,0,1
91297,player,0.4,11.3149,0,-0.0063682,1
91297,bullet1,0.8,11.3149,0.8,0,1
91298,flyer4,5.99999,6.14246,-0.3,0,2
91299,explosion6,7.56598,12.7298,-0.24146,0.178036,1
91299,bullet2,0.8,11.3108,0.8,0,1
91300,bullet5,4.8,11.3354,0.8,0,1
91301,bullet4,8.8,11.9372,0.8,0,1
91302,player,0.4,10.9723,-0,-0.337618,1
91302,bullet1,4.8,11.3149,0.8,0,1
91303,flyer4,4.49999,6.14246,-0.3,0,2
91304,bullet2,4.8,11.3108,0.8,0,1
91305,bullet5,8.8,11.3354,0.8,0,1
91306,bullet4,12.8,11.9372,0.8,0,1
91307,player,0.4,10.3637,0,-0.34373,1
91307,bullet1,8.8,11.3149,0.8,0,1
91308,flyer4,2.99999,6.14246,-0.3,0,2
91309,bullet2,8.8,11.3108,0.8,0,1
91310,bullet5,12.8,11.3354,0.8,0,1
91312,player,0.4,9.59825,0,-0.158218,1
91312,bullet1,12.8,11.3149,0.8,0,1
91312,bullet6,0.8,9.59825,0.8,0,1
91313,flyer4,1.49999,6.14246,-0.3,0,2
91314,bullet2,12.8,11.3108,0.8,0,1
91315,bullet3,0.8,9.4806,0.8,0,1
91317,player,0.4,9.47119,0,-0.00291956,1
91317,bullet6,4.8,9.59825,0.8,0,1
91318,flyer4,-6.4373e-06,6.14246,-0.3,0,2
91319,flyer6,16.5,6.14246,-0.3,0,2
91319,bullet4,0.8,9.95866,0.8,0,1
91320,bullet3,4.8,9.4806,0.8,0,1
91322,player,0.4,9.58178,-0,-0.138089,1
91322,bullet6,8.8,9.59825,0.8,0,1
91324,flyer6,15,6.14246,-0.3,0,2
91324,bullet4,4.8,9.95866,0.8,0,1
91324,bullet5,0.8,9.49168,0.8,0,1
91325,bullet3,8.8,9.4806,0.8,0,1
91327,player,0.4,9.47088,0,-0.00254814,1
91327,bullet6,12.8,9.59825,0.8,0,1
91329,flyer6,13.5,6.14246,-0.3,0,2
91329,bullet4,8.8,9.95866,0.8,0,1
91329,bullet5,4.8,9.49168,0.8,0,1
91330,bullet3,12.8,9.4806,0.8,0,1
91332,player,0.4,9.46884,0,-4.70203e-05,1
91334,flyer6,12,6.14246,-0.3,0,2
91334,bullet4,12.8,9.95866,0.8,0,1
91334,bullet5,8.8,9.49168,0.8,0,1
91334,bullet1,0.8,9.46881,0.8,0,1
91337,player,0.4,9.4688,0,-8.67656e-07,1
91339,flyer6,10.5,6.14246,-0.3,0,2
91339,flyer5,16.5,15.1303,-0.298752,-0.0273378,2
91339,bullet5,12.8,9.49168,0.8,0,1
91339,bullet1,4.8,9.46881,0.8,0,1
91342,player,0.4,8.76739,-0.114655,0.107281,1
91344,flyer6,9,6.14246,-0.3,0,2
91344,flyer5,15.0062,14.9936,-0.298752,-0.0273378,2
91344,flayer7,16.5,15.1303,-0.238359,-0.182167,2
91344,bullet1,8.8,9.46881,0.8,0,1
91345,bullet2,0.8,8.84717,0.8,0,1
91347,player,0.4,9.34292,0,0.153855,1
91349,flyer6,7.5,6.14246,-0.3,0,2
91349,flyer5,13.5125,14.8569,-0.298752,-0.0273378,2
91349,flayer7,15.3082,14.2194,-0.238359,-0.182167,2
91349,bullet1,12.8,9.46881,0.8,0,1
91349,bullet6,0.8,8.95394,0.8,0,1
91350,bullet2,4.8,8.84717,0.8,0,1
91352,player,0.4,8.37479,0,-0.162876,1
91352,bullet3,0.8,8.37479,0.8,0,1
91354,flyer6,5.99999,6.14246,-0.3,0,2
91354,flyer5,12.0187,14.7202,-0.298752,-0.0273378,2
91354,flayer7,14.1164,13.3086,-0.238359,-0.182167,2
91354,bullet6,4.8,8.95394,0.8,0,1
91355,bullet2,8.8,8.84717,0.8,0,1
91357,player,0.430755,8.21323,-0.0375891,0.0345835,1
91357,bullet3,4.8,8.37479,0.8,0,1
91359,flyer6,4.49999,6.14246,-0.3,0,2
91359,flyer5,10.525,14.5835,-0.298752,-0.0273378,2
91359,flayer7,12.9246,12.3978,-0.238359,-0.182167,2
91359,bullet6,8.8,8.95394,0.8,0,1
91359,bullet4,1.2956,7.74642,0.8,0,1
91360,bullet2,12.8,8.84717,0.8,0,1
91362,player,1.00288,7.63869,0.013146,-0.0132014,1
91362,bullet3,8.8,8.37479,0.8,0,1
91364,flyer6,2.99999,6.14246,-0.3,0,2
91364,flyer5,9.0312,14.4468,-0.298752,-0.0273378,2
91364,flayer7,11.7328,11.4869,-0.238359,-0.182167,2
91364,bullet6,12.8,8.95394,0.8,0,1
91364,bullet4,5.2956,7.74642,0.8,0,1
91367,player,0.524063,8.11746,-0.151632,0.151631,1
91367,bullet3,12.8,8.37479,0.8,0,1
91369,flyer6,1.49999,6.14246,-0.3,0,2
91369,flyer5,7.53745,14.3101,-0.298752,-0.0273378,2
91369,flayer7,10.541,10.5761,-0.238359,-0.182167,2
91369,bullet4,9.2956,7.74642,0.8,0,1
91371,bullet5,0,8.8249,-0.8,-6.99382e-08,1
91372,player,0.4,8.84154,0,0.0166376,1
91374,flyer6,-6.4373e-06,6.14246,-0.3,0,2
91374,flyer5,6.04369,14.1734,-0.298752,-0.0273378,2
91374,flayer7,9.34922,9.66526,-0.238359,-0.182167,2
91374,bullet4,13.2956,7.74642,0.8,0,1
91376,flayer8,16.5,15.277,-0.3,0,2
91377,player,0.512938,9.94659,-0.138035,0.166022,1
91378,flyer1,16.5,15.277,-0.3,0,2
91378,bullet1,0.850822,10.0213,0.8,0,1
91379,flyer5,4.54993,14.0367,-0.298752,-0.0273378,2
91379,flayer7,8.15742,8.75442,-0.238359,-0.182167,2
91379,bullet2,0.02287,10.0549,-0.8,-6.99382e-08,1
91381,flayer8,15,15.277,-0.3,0,2
91382,player,0.402084,10.0799,-0.00254714,0.00306357,1
91382,bullet6,0.802084,10.0799,0.8,0,1
91383,flyer1,15,15.277,-0.3,0,2
91383,bullet1,4.85082,10.0213,0.8,0,1
91384,flyer5,3.05617,13.9001,-0.298752,-0.0273378,2
91384,flayer7,6.96562,7.84359,-0.238359,-0.182167,2
91386,flayer8,13.5,15.277,-0.3,0,2
91386,bullet3,0.800086,9.49385,0.8,0,1
91387,player,0.400039,9.48007,-4.70019e-05,-0.0137831,1
91387,bullet6,4.80208,10.0799,0.8,0,1
91388,flyer1,13.5,15.277,-0.3,0,2
91388,bullet1,8.85082,10.0213,0.8,0,1
91389,flyer5,1.56241,13.7634,-0.298752,-0.0273378,2
91389,flayer7,5.77383,6.93275,-0.238359,-0.182167,2
91390,bullet5,0.8,10.0275,0.8,0,1
91391,flayer8,12,15.277,-0.3,0,2
91391,bullet3,4.80009,9.49385,0.8,0,1
91392,player,0.7375,9.73382,0.3375,-0.323915,1
91392,bullet6,8.80208,10.0799,0.8,0,1
91393,flyer1,12,15.277,-0.3,0,2
91393,bullet1,12.8508,10.0213,0.8,0,1
91394,flyer5,0.0686493,13.6267,-0.298752,-0.0273378,2
91394,flayer7,4.58203,6.02191,-0.238359,-0.182167,2
91395,bullet5,4.8,10.0275,0.8,0,1
91396,flayer8,10.5,15.277,-0.3,0,2
91396,bullet3,8.80009,9.49385,0.8,0,1
91397,player,0.406228,8.87137,-0.00761179,-0.0198167,1
91397,bullet6,12.8021,10.0799,0.8,0,1
91398,flyer1,10.5,15.277,-0.3,0,2
91399,flayer7,3.39024,5.11107,-0.238359,-0.182167,2
91400,bullet5,8.8,10.0275,0.8,0,1
91401,flayer8,9,15.277,-0.3,0,2
91401,bullet3,12.8001,9.49385,0.8,0,1
91402,player,0.4,8.85546,0,-0.000365675,1
91403,flyer1,9,15.277,-0.3,0,2
91403,bullet4,0.8,8.85529,0.8,0,1
91404,flayer7,2.19844,4.20024,-0.238359,-0.182167,2
91405,bullet5,12.8,10.0275,0.8,0,1
91406,flayer8,7.5,15.277,-0.3,0,2
91407,player,0.957719,8.63495,0.0683438,0.26915,1
91408,flyer1,7.5,15.277,-0.3,0,2
91408,bullet4,4.8,8.85529,0.8,0,1
91409,flayer7,1.00665,3.2894,-0.238359,-0.182167,2
91411,flayer8,5.99999,15.277,-0.3,0,2
91412,player,0.4,9.99729,0,0.104065,1
91412,bullet2,0.8,9.99729,0.8,0,1
91413,flyer1,5.99999,15.277,-0.3,0,2
91413,bullet4,8.8,8.85529,0.8,0,1
91413,bullet1,0.8,10.0441,0.8,0,1
91414,flayer7,-0.185146,2.37856,-0.238359,-0.182167,2
91416,flayer8,4.49999,15.277,-0.3,0,2
91417,player,0.4,9.74336,0,-0.33558,1
91417,bullet2,4.8,9.99729,0.8,0,1
91418,flyer1,4.49999,15.277,-0.3,0,2
91418,bullet4,12.8,8.85529,0.8,0,1
91418,bullet1,4.8,10.0441,0.8,0,1
91420,bullet6,0.8,9.00444,0.8,0,1
91421,flayer8,2.99999,15.277,-0.3,0,2
91422,player,0.4,8.88539,0,-0.0369471,1
91422,bullet2,8.8,9.99729,0.8,0,1
91423,flyer1,2.99999,15.277,-0.3,0,2
91423,bullet1,8.8,10.0441,0.8,0,1
91423,bullet3,0.8,8.86876,0.8,0,1
91425,bullet6,4.8,9.00444,0.8,0,1
91426,flayer8,1.49999,15.277,-0.3,0,2
91427,player,0.889375,8.78737,0.151875,0.0828495,1
91427,bullet2,12.8,9.99729,0.8,0,1
91428,flyer1,1.49999,15.277,-0.3,0,2
91428,bullet1,12.8,10.0441,0.8,0,1
91428,bullet3,4.8,8.86876,0.8,0,1
91430,bullet6,8.8,9.00444,0.8,0,1
91431,flayer8,-6.4373e-06,15.277,-0.3,0,2
91432,player,1.01134,8.85391,0.00280252,0.00152881,1
91432,bullet5,1.41134,8.85391,0.8,0,1
91433,flyer1,-6.4373e-06,15.277,-0.3,0,2
91433,bullet1,16.8,10.0441,0.8,0,1
91433,bullet3,8.8,8.86876,0.8,0,1
91435,flyer2,16.5,15.277,-0.3,0,2
91435,bullet6,12.8,9.00444,0.8,0,1
91436,bullet4,1.41354,8.36573,0.8,0,1
91437,player,1.01359,8.29741,5.17144e-05,-0.0683155,1
91437,bullet5,5.41134,8.85391,0.8,0,1
91438,bullet3,12.8,8.86876,0.8,0,1
91440,flyer2,15,15.277,-0.3,0,2
91440,bullet2,1.41363,8.24661,0.8,0,1
91441,bullet4,5.41354,8.36573,0.8,0,1
91442,player,1.01364,8.58005,9.54276e-07,0.336239,1
91442,bullet5,9.41134,8.85391,0.8,0,1
91443,bullet1,1.41364,8.73136,0.8,0,1
91445,flyer2,13.5,15.277,-0.3,0,2
91445,bullet2,5.41363,8.24661,0.8,0,1
91446,bullet4,9.41354,8.36573,0.8,0,1
91447,player,0.524261,8.78174,-0.151875,0.0897358,1
91447,bullet5,13.4113,8.85391,0.8,0,1
91448,bullet1,5.41364,8.73136,0.8,0,1
91450,flyer2,12,15.277,-0.3,0,2
91450,bullet2,9.41363,8.24661,0.8,0,1
91451,bullet4,13.4135,8.36573,0.8,0,1
91452,player,0.4,9.19131,-0,0.339156,1
91453,bullet1,9.41364,8.73136,0.8,0,1
91453,bullet6,0.8,9.34393,0.8,0,1
91455,flyer2,10.5,15.277,-0.3,0,2
91455,bullet2,13.4136,8.24661,0.8,0,1
91457,player,0.4,9.46368,0,0.00625838,1
91457,bullet3,0.8,9.46368,0.8,0,1
91458,bullet1,13.4136,8.73136,0.8,0,1
91458,bullet6,4.8,9.34393,0.8,0,1
91460,flyer2,9,15.277,-0.3,0,2
91462,player,0.4,9.8062,-0,0.337615,1
91462,flyer3,16.5,3.70768,-0.298826,0.0265183,2
91462,bullet3,4.8,9.46368,0.8,0,1
91463,bullet6,8.8,9.34393,0.8,0,1
91465,flyer2,7.5,15.277,-0.3,0,2
91467,player,0.4,9.9644,0,0.144265,1
91467,flyer3,15.0059,3.84027,-0.298826,0.0265183,2
91467,bullet3,8.8,9.46368,0.8,0,1
91467,bullet5,0.8,9.9644,0.8,0,1
91468,bullet6,12.8,9.34393,0.8,0,1
91469,bullet4,0.8,10.0585,0.8,0,1
91470,flyer2,5.99999,15.277,-0.3,0,2
91472,player,0.4,9.52254,0,-0.0656816,1
91472,flyer3,13.5117,3.97286,-0.298826,0.0265183,2
91472,bullet3,12.8,9.46368,0.8,0,1
91472,bullet5,4.8,9.9644,0.8,0,1
91473,bullet2,0.8,9.49298,0.8,0,1
91474,bullet4,4.8,10.0585,0.8,0,1
91475,flyer2,4.49999,15.277,-0.3,0,2
91477,player,0.4,8.98041,0,-0.153087,1
91477,flyer3,12.0176,4.10545,-0.298826,0.0265183,2
91477,bullet5,8.8,9.9644,0.8,0,1
91477,bullet1,0.8,8.98041,0.8,0,1
91478,bullet2,4.8,9.49298,0.8,0,1
91479,bullet4,8.8,10.0585,0.8,0,1
91480,flyer2,2.99999,15.277,-0.3,0,2
91482,player,0.4,8.85747,0,-0.00282489,1
91482,flyer3,10.5235,4.23804,-0.298826,0.0265183,2
91482,bullet5,12.8,9.9644,0.8,0,1
91482,bullet1,4.8,8.98041,0.8,0,1
91483,bullet2,8.8,9.49298,0.8,0,1
91484,bullet4,12.8,10.0585,0.8,0,1
91485,flyer2,1.49999,15.277,-0.3,0,2
91487,player,1.32597,8.02833,0.368255,-0.489427,1
91487,flyer3,9.02937,4.37064,-0.298826,0.0265183,2
91487,bullet1,8.8,8.98041,0.8,0,1
91488,bullet2,12.8,9.49298,0.8,0,1
91489,bullet6,1.96626,7.70898,0.8,0,1
91490,flyer2,-6.4373e-06,15.277,-0.3,0,2
91491,bullet3,2.01492,7.64431,0.8,0,1
91492,player,1.62171,7.63528,0.00679533,-0.00903131,1
91492,flyer3,7.53524,4.50323,-0.298826,0.0265183,2
91492,bullet1,12.8,8.98041,0.8,0,1
91493,bullet5,2.02477,7.63121,0.8,0,1
91494,bullet6,5.96626,7.70898,0.8,0,1
91496,bullet3,6.01492,7.64431,0.8,0,1
91497,player,1.62717,7.03955,0.000125393,-0.0309213,1
91497,flyer3,6.04111,4.63582,-0.298826,0.0265183,2
91498,bullet5,6.02477,7.63121,0.8,0,1
91499,bullet6,9.96626,7.70898,0.8,0,1
91501,bullet3,10.0149,7.64431,0.8,0,1
91502,player,2.71896,7.57244,0.165717,0.0677732,1
91502,flyer3,4.54698,4.76841,-0.298826,0.0265183,2
91503,bullet5,10.0248,7.63121,0.8,0,1
91503,bullet4,3.19353,7.60294,0.8,0,1
91504,bullet6,13.9663,7.70898,0.8,0,1
91506,bullet3,14.0149,7.64431,0.8,0,1
91507,player,2.85204,7.06915,0.00305794,-0.0670931,1
91507,flyer3,3.05285,4.901,-0.298826,0.0265183,2
91508,bullet5,14.0248,7.63121,0.8,0,1
91508,bullet4,7.19353,7.60294,0.8,0,1
91509,flyer4,16.5,3.70768,-0.3,0,2
91511,flyer6,16.5,3.70768,-0.214082,-0.210164,2
91511,bullet2,2.66597,7.60498,0.8,0,1
91512,player,2.25219,7.61758,-0.0137832,0.0126016,1
91512,flyer3,1.55873,5.0336,-0.298826,0.0265183,2
91512,bullet1,2.65219,7.61758,0.8,0,1
91513,bullet4,11.1935,7.60294,0.8,0,1
91514,flyer4,15,3.70768,-0.3,0,2
91515,bullet6,3.13131,7.62695,0.8,0,1
91516,flyer6,15.4296,2.65686,-0.214082,-0.210164,2
91516,bullet2,6.66597,7.60498,0.8,0,1
91517,player,2.49209,7.9652,-0.307,0.337733,1
91517,flyer3,0.0645969,5.16619,-0.298826,0.0265183,2
91517,bullet1,6.65219,7.61758,0.8,0,1
91518,bullet4,15.1935,7.60294,0.8,0,1
91519,flyer4,13.5,3.70768,-0.3,0,2
91520,bullet6,7.13131,7.62695,0.8,0,1
91520,bullet3,2.6638,8.21635,0.8,0,1
91521,flyer6,14.3592,1.60603,-0.214082,-0.210164,2
91521,bullet2,10.666,7.60498,0.8,0,1
91522,player,1.90805,8.57393,-0.343165,0.343732,1
91522,bullet1,10.6522,7.61758,0.8,0,1
91524,flyer4,12,3.70768,-0.3,0,2
91525,bullet6,11.1313,7.62695,0.8,0,1
91525,bullet3,6.6638,8.21635,0.8,0,1
91526,flyer6,13.2888,0.555214,-0.214082,-0.210164,2
91526,bullet2,14.666,7.60498,0.8,0,1
91527,player,1.04398,8.2615,-0.037087,-0.0244119,1
91527,bullet1,14.6522,7.61758,0.8,0,1
91529,flyer4,10.5,3.70768,-0.3,0,2
91530,bullet6,15.1313,7.62695,0.8,0,1
91530,bullet3,10.6638,8.21635,0.8,0,1
91531,flyer6,12.2184,-0.495607,-0.214082,-0.210164,2
91531,bullet5,2.00336,8.24234,0.8,0,1
91532,player,1.27901,8.5794,-0.324345,0.33705,1
91533,flyer5,16.5,3.70768,-0.255611,-0.157044,2
91534,flyer4,9,3.70768,-0.3,0,2
91535,bullet3,14.6638,8.21635,0.8,0,1
91535,bullet4,1.43782,9.31941,0.8,0,1
91536,bullet5,6.00336,8.24234,0.8,0,1
91537,player,1.01854,9.43855,-0.00598507,0.0369742,1
91538,flyer5,15.2219,2.92246,-0.255611,-0.157044,2
91538,bullet2,1.41584,9.45519,0.8,0,1
91539,flyer4,7.5,3.70768,-0.3,0,2
91540,bullet4,5.43782,9.31941,0.8,0,1
91541,bullet5,10.0034,8.24234,0.8,0,1
91541,bullet1,1.41384,10.0253,0.8,0,1
91542,player,1.01373,10.0567,-0.000110441,0.031437,1
91543,flyer5,13.9439,2.13723,-0.255611,-0.157044,2
91543,bullet2,5.41584,9.45519,0.8,0,1
91544,flyer4,5.99999,3.70768,-0.3,0,2
91545,bullet4,9.43782,9.31941,0.8,0,1
91546,bullet5,14.0034,8.24234,0.8,0,1
91546,bullet1,5.41384,10.0253,0.8,0,1
91547,player,1.01364,10.082,-2.03796e-06,0.0005801,1
91548,flyer5,12.6658,1.35201,-0.255611,-0.157044,2
91548,bullet2,9.41584,9.45519,0.8,0,1
91549,flyer4,4.49999,3.70768,-0.3,0,2
91550,bullet4,13.4378,9.31941,0.8,0,1
91551,bullet1,9.41384,10.0253,0.8,0,1
91552,player,0.676139,11.0084,-0.3375,0.368265,1
91553,flyer5,11.3878,0.56679,-0.255611,-0.157044,2
91553,bullet2,13.4158,9.45519,0.8,0,1
91553,bullet6,0.924264,11.1741,0.8,0,1
91554,flyer4,2.99999,3.70768,-0.3,0,2
91556,bullet1,13.4138,10.0253,0.8,0,1
91556,bullet3,1.3007,10.808,0.8,0,1
91557,player,0.962816,10.7464,0.0621159,-0.0615482,1
91558,flyer5,10.1097,-0.218432,-0.255611,-0.157044,2
91558,bullet6,4.92426,11.1741,0.8,0,1
91558,bullet5,1.39077,10.7187,0.8,0,1
91559,flyer4,1.49999,3.70768,-0.3,0,2
91561,bullet3,5.3007,10.808,0.8,0,1
91562,player,0.675201,11.5922,-0.336354,0.404708,1
91563,bullet6,8.92426,11.1741,0.8,0,1
91563,bullet5,5.39077,10.7187,0.8,0,1
91563,bullet4,0.923842,11.7743,0.8,0,1
91564,flyer4,-6.4373e-06,3.70768,-0.3,0,2
91566,bullet3,9.3007,10.808,0.8,0,1
91567,player,0.4,12.4066,0,0.159343,1
91568,bullet6,12.9243,11.1741,0.8,0,1
91568,bullet5,9.39077,10.7187,0.8,0,1
91568,bullet4,4.92384,11.7743,0.8,0,1
91571,bullet3,13.3007,10.808,0.8,0,1
91572,player,0.4,13.1231,0,0.033695,1
91573,flayer7,16.5,13.093,-0.266193,-0.138351,2
91573,bullet5,13.3908,10.7187,0.8,0,1
91573,bullet4,8.92384,11.7743,0.8,0,1
91575,flayer8,16.5,13.093,-0.25537,-0.157437,2
91576,bullet2,0,12.6601,-0.8,-6.99382e-08,1
91577,player,0.4,12.5924,0,-0.067722,1
91577,flyer1,16.5,13.093,-0.3,0,2
91578,flayer7,15.169,12.4012,-0.266193,-0.138351,2
91578,bullet4,12.9238,11.7743,0.8,0,1
91580,flayer8,15.2232,12.3058,-0.25537,-0.157437,1
91580,explosion7,14.5238,11.7743,-0.25537,-0.157437,1
91582,player,1.20869,12.3178,-0.238402,0.267907,1
91582,flyer1,15,13.093,-0.3,0,2
91583,flayer7,13.8381,11.7095,-0.266193,-0.138351,2
91585,flayer8,13.9463,11.5186,-0.25537,-0.157437,1
91585,flyer2,16.5,7.97874,-0.27583,0.117974,2
91587,player,0.865361,11.7061,0.181226,-0.484431,1
91587,flyer1,13.5,13.093,-0.3,0,2
91588,flayer7,12.5071,11.0177,-0.266193,-0.138351,2
91590,flayer8,12.6695,10.7314,-0.25537,-0.157437,1
91590,flyer2,15.1209,8.56861,-0.27583,0.117974,2
91590,bullet1,0.91075,11.3458,0.8,0,1
91592,player,0.422427,11.317,-0.0274106,-0.00893912,1
91592,flyer1,12,13.093,-0.3,0,2
91593,flayer7,11.1761,10.3259,-0.266193,-0.138351,2
91594,bullet6,1.29392,11.8006,0.8,0,1
91595,flayer8,11.3926,9.94423,-0.25537,-0.157437,1
91595,flyer2,13.7417,9.15849,-0.27583,0.117974,2
91595,bullet1,4.91075,11.3458,0.8,0,1
91597,player,0.513352,11.9122,-0.138541,0.0136747,1
91597,flyer1,10.5,13.093,-0.3,0,2
91597,bullet3,0.913352,11.9122,0.8,0,1
91598,flayer7,9.84517,9.63419,-0.266193,-0.138351,2
91599,bullet6,5.29392,11.8006,0.8,0,1
91600,flayer8,10.1158,9.15704,-0.25537,-0.157437,1
91600,flyer2,12.3626,9.74836,-0.27583,0.117974,2
91600,bullet1,8.91075,11.3458,0.8,0,1
91600,bullet5,0.810329,11.9223,0.8,0,1
91602,player,0.891467,11.4338,0.149319,-0.151623,1
91602,flyer1,9,13.093,-0.3,0,2
91602,bullet3,4.91335,11.9122,0.8,0,1
91603,flayer7,8.5142,8.94243,-0.266193,-0.138351,2
91604,bullet6,9.29392,11.8006,0.8,0,1
91605,flayer8,8.83892,8.36985,-0.25537,-0.157437,1
91605,flyer2,10.9834,10.3382,-0.27583,0.117974,2
91605,bullet1,12.9108,11.3458,0.8,0,1
91605,bullet5,4.81033,11.9223,0.8,0,1
91607,player,1.01138,11.312,0.00275535,-0.00279786,1
91607,flyer1,7.5,13.093,-0.3,0,2
91607,bullet3,8.91335,11.9122,0.8,0,1
91608,flayer7,7.18323,8.25067,-0.266193,-0.138351,2
91609,bullet6,13.2939,11.8006,0.8,0,1
91610,flayer8,7.56208,7.58267,-0.25537,-0.157437,1
91610,flyer2,9.60427,10.9281,-0.27583,0.117974,2
91610,bullet5,8.81033,11.9223,0.8,0,1
91611,explosion8,9.61033,11.9223,-0.27583,0.117974,1
91612,player,0.4,11.7545,-0,0.206328,1
91612,flyer1,5.99999,13.093,-0.3,0,2
91612,bullet3,12.9134,11.9122,0.8,0,1
91613,flayer7,5.85226,7.55891,-0.266193,-0.138351,2
91613,bullet2,0.8,11.8474,0.8,0,1
91615,flayer8,6.28523,6.79548,-0.25537,-0.157437,1
91615,flyer2,8.22512,11.518,-0.27583,0.117974,1
91617,player,0.4,11.9202,0,0.00380732,1
91617,flyer1,4.49999,13.093,-0.3,0,2
91617,bullet4,0.8,11.9202,0.8,0,1
91618,flayer7,4.5213,6.86716,-0.266193,-0.138351,2
91618,bullet2,4.8,11.8474,0.8,0,1
91620,flayer8,5.00838,6.0083,-0.25537,-0.157437,1
91620,flyer2,6.84597,12.1078,-0.27583,0.117974,0
91620,explosion1,6.4,11.8474,-0.27583,0.117974,1
91620,explosion3,6.84597,12.1078,-0.27583,0.117974,1
91622,player,0.933969,11.4339,0.0973709,-0.151805,1
91622,flyer1,2.99999,13.093,-0.3,0,2
91622,bullet4,4.8,11.9202,0.8,0,1
91623,flayer7,3.19033,6.1754,-0.266193,-0.138351,2
91625,flayer8,3.73153,5.22111,-0.25537,-0.157437,1
91625,explosion3,5.46682,12.6977,-0.27583,0.117974,1
91627,player,1.93814,10.4168,0.370051,-0.408645,1
91627,flyer1,1.49999,13.093,-0.3,0,2
91627,bullet4,8.8,11.9202,0.8,0,1
91628,flayer7,1.85936,5.48364,-0.266193,-0.138351,2
91628,bullet1,2.50466,10.2329,0.8,0,1
91630,flayer8,2.45468,4.43393,-0.25537,-0.157437,1
91632,player,1.6776,10.6463,-0.0615153,0.0608031,1
91632,flyer1,-6.4373e-06,13.093,-0.3,0,2
91632,bullet4,12.8,11.9202,0.8,0,1
91632,bullet5,2.0776,10.6463,0.8,0,1
91633,flayer7,0.528397,4.79189,-0.266193,-0.138351,2
91633,bullet1,6.50466,10.2329,0.8,0,1
91635,flayer8,1.17784,3.64675,-0.25537,-0.157437,1
91635,bullet6,2.52123,10.6915,0.8,0,1
91637,player,2.21668,10.6952,0.0296196,0.00112199,1
91637,bullet4,16.8,11.9202,0.8,0,1
91637,bullet5,6.0776,10.6463,0.8,0,1
91638,bullet1,10.5047,10.2329,0.8,0,1
91640,flayer8,-0.0990114,2.85956,-0.25537,-0.157437,1
91640,bullet6,6.52123,10.6915,0.8,0,1
91640,bullet3,3.19642,10.696,0.8,0,1
91642,player,2.84278,10.6961,0.0143862,2.07038e-05,1
91642,bullet5,10.0776,10.6463,0.8,0,1
91643,bullet1,14.5047,10.2329,0.8,0,1
91645,bullet6,10.5212,10.6915,0.8,0,1
91645,bullet3,7.19642,10.696,0.8,0,1
91646,flyer3,16.5,13.093,-0.3,0,2
91647,player,2.85433,10.6961,0.000265465,3.82044e-07,1
91647,bullet5,14.0776,10.6463,0.8,0,1
91647,bullet2,2.45433,10.6961,-0.8,-6.99382e-08,1
91650,bullet6,14.5212,10.6915,0.8,0,1
91650,bullet3,11.1964,10.696,0.8,0,1
91651,flyer3,15,13.093,-0.3,0,2
91651,flyer6,16.5,7.97874,-0.3,0,2
91651,bullet4,3.25454,10.6961,0.8,0,1
91652,player,2.85454,10.6961,4.89858e-06,7.04979e-09,1
91652,bullet1,3.25454,10.6961,0.8,0,1
91654,bullet5,3.25454,10.6961,0.8,0,1
91655,bullet3,15.1964,10.696,0.8,0,1
91656,flyer3,13.5,13.093,-0.3,0,2
91656,flyer6,15,7.97874,-0.3,0,2
91656,bullet4,7.25454,10.6961,0.8,0,1
91657,player,2.85454,11.2538,9.03926e-08,0.0683438,1
91657,bullet1,7.25454,10.6961,0.8,0,1
91658,bullet2,3.25454,11.2845,0.8,0,1
91659,bullet5,7.25455,10.6961,0.8,0,1
91661,flyer3,12,13.093,-0.3,0,2
91661,flyer6,13.5,7.97874,-0.3,0,2
91661,bullet4,11.2545,10.6961,0.8,0,1
91662,player,2.51704,11.6462,-0.3375,0.338761,1
91662,bullet1,11.2545,10.6961,0.8,0,1
91663,bullet2,7.25455,11.2845,0.8,0,1
91664,bullet5,11.2545,10.6961,0.8,0,1
91666,flyer3,10.5,13.093,-0.3,0,2
91666,flyer6,12,7.97874,-0.3,0,2
91666,bullet4,15.2545,10.6961,0.8,0,1
91667,player,2.246,11.9182,-0.00622782,0.0062511,1
91667,bullet1,15.2545,10.6961,0.8,0,1
91668,bullet2,11.2545,11.2845,0.8,0,1
91669,bullet5,15.2545,10.6961,0.8,0,1
91669,bullet6,3.13132,11.4329,0.8,0,1
91671,flyer3,9,13.093,-0.3,0,2
91671,flyer6,10.5,7.97874,-0.3,0,2
91672,player,2.50582,11.3209,-0.323775,-0.0137243,1
91673,bullet2,15.2545,11.2845,0.8,0,1
91673,bullet3,2.76012,11.3148,0.8,0,1
91674,bullet6,7.13132,11.4329,0.8,0,1
91676,flyer3,7.5,13.093,-0.3,0,2
91676,flyer6,9,7.97874,-0.3,0,2
91677,player,1.68808,10.2628,-0.0743183,-0.220472,1
91678,bullet3,6.76012,11.3148,0.8,0,1
91679,bullet6,11.1313,11.4329,0.8,0,1
91680,bullet4,2.03281,10.6566,0.8,0,1
91681,flyer3,5.99999,13.093,-0.3,0,2
91681,flyer6,7.5,7.97874,-0.3,0,2
91682,player,1.6284,10.6881,-0.00137138,0.00977128,1
91682,bullet1,2.0284,10.6881,0.8,0,1
91683,bullet3,10.7601,11.3148,0.8,0,1
91684,bullet6,15.1313,11.4329,0.8,0,1
91685,bullet4,6.03281,10.6566,0.8,0,1
91686,flyer3,4.49999,13.093,-0.3,0,2
91686,flyer6,5.99999,7.97874,-0.3,0,2
91687,player,1.55895,11.1853,0.0835059,0.152055,1
91687,bullet1,6.0284,10.6881,0.8,0,1
91688,bullet3,14.7601,11.3148,0.8,0,1
91689,bullet5,2.01344,11.2845,0.8,0,1
91690,bullet4,10.0328,10.6566,0.8,0,1
91691,flyer3,2.99999,13.093,-0.3,0,2
91691,flyer6,4.49999,7.97874,-0.3,0,2
91692,player,1.62601,11.3074,0.00154092,0.00280585,1
91692,bullet1,10.0284,10.6881,0.8,0,1
91692,bullet2,2.02601,11.3074,0.8,0,1
91694,bullet5,6.01344,11.2845,0.8,0,1
91695,bullet4,14.0328,10.6566,0.8,0,1
91696,flyer3,1.49999,13.093,-0.3,0,2
91696,flyer6,2.99999,7.97874,-0.3,0,2
91697,player,2.22956,11.3097,0.013868,5.17758e-05,1
91697,bullet1,14.0284,10.6881,0.8,0,1
91697,bullet2,6.02601,11.3074,0.8,0,1
91699,bullet5,10.0134,11.2845,0.8,0,1
91699,bullet6,2.63861,11.3097,0.8,0,1
91701,flyer3,-6.4373e-06,13.093,-0.3,0,2
91701,flyer6,1.49999,7.97874,-0.3,0,2
91702,player,1.68298,10.752,-0.0680878,-0.0683428,1
91702,bullet2,10.026,11.3074,0.8,0,1
91702,bullet3,2.08298,10.752,0.8,0,1
91704,bullet5,14.0134,11.2845,0.8,0,1
91704,bullet6,6.63861,11.3097,0.8,0,1
91706,flyer6,-6.4373e-06,7.97874,-0.3,0,2
91707,player,1.7274,9.61926,-0.122377,-0.183891,1
91707,bullet2,14.026,11.3074,0.8,0,1
91707,bullet3,6.08298,10.752,0.8,0,1
91707,bullet4,2.1274,9.61926,0.8,0,1
91709,bullet6,10.6386,11.3097,0.8,0,1
91710,flyer5,16.5,7.97874,-0.214002,0.210246,2
91712,player,1.96662,9.47157,0.335242,-0.0033933,1
91712,bullet3,10.083,10.752,0.8,0,1
91712,bullet4,6.1274,9.61926,0.8,0,1
91714,bullet6,14.6386,11.3097,0.8,0,1
91714,bullet1,2.58537,9.46936,0.8,0,1
91715,flyer5,15.43,9.02997,-0.214002,0.210246,2
91717,player,1.74647,9.46885,-0.145689,-6.2616e-05,1
91717,bullet3,14.083,10.752,0.8,0,1
91717,bullet4,10.1274,9.61926,0.8,0,1
91717,bullet5,2.14647,9.46885,0.8,0,1
91719,bullet1,6.58537,9.46936,0.8,0,1
91720,flyer5,14.36,10.0812,-0.214002,0.210246,2
91720,bullet2,1.54876,9.95818,0.8,0,1
91721,explosion2,13.3274,9.61926,-0.214002,0.210246,1
91722,player,1.041,9.71977,-0.0334431,-0.306746,1
91722,bullet5,6.14648,9.46885,0.8,0,1
91724,bullet1,10.5854,9.46936,0.8,0,1
91725,flyer5,13.29,11.1324,-0.214002,0.210246,1
91725,bullet2,5.54876,9.95818,0.8,0,1
91725,finish,18.6096,8,-0.2,0,1
91727,player,0.4,8.39558,-0,-0.18829,1
91727,bullet5,10.1465,9.46885,0.8,0,1
91727,bullet6,0.8,8.39558,0.8,0,1
91729,bullet1,14.5854,9.46936,0.8,0,1
91730,flyer5,12.22,12.1836,-0.214002,0.210246,1
91730,bullet2,9.54876,9.95818,0.8,0,1
91730,finish,17.6096,8,-0.2,0,1
91732,player,0.4,8.24437,0,-0.00347448,1
91732,bullet5,14.1465,9.46885,0.8,0,1
91732,bullet6,4.8,8.39558,0.8,0,1
91734,bullet3,0.8,7.75272,0.8,0,1
91735,flyer5,11.15,13.2349,-0.214002,0.210246,1
91735,bullet2,13.5488,9.95818,0.8,0,1
91735,finish,16.6096,8,-0.2,0,1
91737,player,0.4,7.14989,0,-0.165779,1
91737,bullet6,8.8,8.39558,0.8,0,1
91738,bullet4,0.8,7.07529,0.8,0,1
91739,bullet3,4.8,7.75272,0.8,0,1
91740,flyer5,10.0799,14.2861,-0.214002,0.210246,1
91740,finish,15.6096,8,-0.2,0,1
91740,bullet1,0.8,7.02661,0.8,0,1
91742,player,0.4,7.50613,0,0.148816,1
91742,bullet6,12.8,8.39558,0.8,0,1
91743,bullet4,4.8,7.07529,0.8,0,1
91744,bullet3,8.8,7.75272,0.8,0,1
91745,flyer5,9.00994,15.3373,-0.214002,0.210246,1
91745,finish,14.6096,8,-0.2,0,1
91745,bullet1,4.8,7.02661,0.8,0,1
91747,player,1.00231,7.03717,0.0138396,-0.0280086,1
91748,bullet4,8.8,7.07529,0.8,0,1
91748,bullet5,1.40854,7.02456,0.8,0,1
91749,bullet3,12.8,7.75272,0.8,0,1
91750,flyer5,7.93993,16.3885,-0.214002,0.210246,1
91750,finish,13.6096,8,-0.2,0,1
91750,bullet1,8.8,7.02661,0.8,0,1
91752,player,1.01343,7.01467,0.00025538,-0.000516838,1
91753,bullet4,12.8,7.07529,0.8,0,1
91753,bullet5,5.40854,7.02456,0.8,0,1
91755,finish,12.6096,8,-0.2,0,1
91755,bullet1,12.8,7.02661,0.8,0,1
91757,player,0.676133,7.39635,-0.337495,0.282986,1
91758,flyer4,16.5,7.97874,-0.3,0,2
91758,bullet5,9.40854,7.02456,0.8,0,1
91760,flyer2,16.5,7.97874,-0.229047,-0.193746,2
91760,finish,11.6096,8,-0.2,0,1
91761,bullet2,0.811324,8.20686,0.8,0,1
91762,player,0.4,8.56342,-0,0.356561,1
91763,flyer4,15,7.97874,-0.3,0,2
91763,bullet5,13.4085,7.02456,0.8,0,1
91764,bullet6,0.8,8.79608,0.8,0,1
91765,flyer2,15.3548,7.01001,-0.229047,-0.193746,1
91765,finish,10.6096,8,-0.2,0,1
91765,explosion4,15.0085,7.02456,-0.229047,-0.193746,1
91766,bullet2,4.81132,8.20686,0.8,0,1
91767,player,0.4,9.40749,0,0.0749233,1
91768,flyer4,13.5,7.97874,-0.3,0,2
91769,bullet6,4.8,8.79608,0.8,0,1
91770,flyer2,14.2095,6.04128,-0.229047,-0.193746,1
91770,finish,9.60962,8,-0.2,0,1
91771,bullet2,8.81132,8.20686,0.8,0,1
91772,player,0.4,8.86535,-0,-0.0124571,1
91773,flyer4,12,7.97874,-0.3,0,2
91774,bullet6,8.8,8.79608,0.8,0,1
91774,explosion5,11.2113,8.20686,-0.3,0,1
91775,flyer2,13.0643,5.07255,-0.229047,-0.193746,1
91775,finish,8.60962,8,-0.2,0,1
91776,explosion6,10.4,8.79608,-0.3,0,1
91776,explosion7,11.1,7.97874,-0.3,0,1
91777,player,0.889375,8.26687,0.151875,-0.0309846,1
91778,bullet3,1.35772,8.25293,0.8,0,1
91779,bullet4,1.38847,8.24666,0.8,0,1
91780,flyer2,11.9191,4.10382,-0.229047,-0.193746,1
91780,finish,7.60962,8,-0.2,0,1
91781,explosion7,9.6,7.97874,-0.3,0,1
91781,bullet1,1.40854,8.24256,0.8,0,1
91782,player,1.01134,8.24199,0.00280252,-0.000571752,1
91782,bullet5,1.41134,8.24199,0.8,0,1
91783,bullet3,5.35772,8.25293,0.8,0,1
91784,bullet4,5.38847,8.24666,0.8,0,1
91785,flyer2,10.7738,3.13509,-0.229047,-0.193746,1
91785,finish,6.60962,8,-0.2,0,1
91786,bullet1,5.40854,8.24256,0.8,0,1
91787,player,1.50297,8.24153,0.151927,-1.05504e-05,1
91787,bullet5,5.41134,8.24199,0.8,0,1
91788,bullet3,9.35772,8.25293,0.8,0,1
91789,bullet4,9.38847,8.24666,0.8,0,1
91790,flyer2,9.62859,2.16636,-0.229047,-0.193746,1
91790,finish,5.60962,8,-0.2,0,1
91791,bullet1,9.40854,8.24256,0.8,0,1
91792,player,2.56479,9.18134,0.354143,0.351339,1
91792,bullet5,9.41134,8.24199,0.8,0,1
