33704,player,3.13884,4.41175,0,-0.3375,1
33707,bullet1,4.02821,3.67141,0.8,0,1
33709,player,3.72731,3.55224,0.0307547,-0.0369825,1
33710,bullet2,4.14115,3.5356,0.8,0,1
33712,bullet1,8.02821,3.67141,0.8,0,1
33713,bullet3,4.70916,4.08094,0.8,0,1
33714,player,4.34049,4.11101,0.0313222,0.0300723,1
33714,bullet4,4.74049,4.11101,0.8,0,1
33715,bullet2,8.14115,3.5356,0.8,0,1
33717,bullet1,12.0282,3.67141,0.8,0,1
33718,bullet3,8.70916,4.08094,0.8,0,1
33719,player,3.80792,4.13517,-0.0677658,0.000554918,1
33719,bullet4,8.74049,4.11101,0.8,0,1
33720,bullet2,12.1412,3.5356,0.8,0,1
33722,bullet1,16.0282,3.67141,0.8,0,1
33723,bullet3,12.7092,4.08094,0.8,0,1
33724,player,3.26412,4.62499,-0.153125,0.151885,1
33724,bullet4,12.7405,4.11101,0.8,0,1
33724,bullet5,3.66412,4.62499,0.8,0,1
33725,bullet2,16.1412,3.5356,0.8,0,1
33729,player,3.69887,4.74696,0.0655182,0.00280271,1
33729,bullet5,7.66412,4.62499,0.8,0,1
33731,flyer1,16.5,7.91973,-0.22995,0.192673,2
33731,bullet6,4.63099,4.74879,0.8,0,1
33734,player,4.0163,4.74921,-0.322451,5.17179e-05,1
33734,bullet5,11.6641,4.62499,0.8,0,1
33735,bullet1,4.2712,4.74924,0.8,0,1
33736,flyer1,15.3502,8.88309,-0.22995,0.192673,2
33736,bullet6,8.631,4.74879,0.8,0,1
33737,bullet2,4.17652,4.74925,0.8,0,1
33739,player,3.75734,4.25988,-0.00595014,-0.151874,1
33739,bullet5,15.6641,4.62499,0.8,0,1
33740,bullet1,8.2712,4.74924,0.8,0,1
33741,flyer1,14.2005,9.84645,-0.22995,0.192673,2
33741,bullet6,12.631,4.74879,0.8,0,1
33741,bullet3,4.15346,4.16078,0.8,0,1
33742,bullet2,8.17652,4.74925,0.8,0,1
33744,player,4.09007,3.80041,0.33739,-0.340302,1
33745,bullet1,12.2712,4.74924,0.8,0,1
33746,flyer1,13.0507,10.8098,-0.22995,0.192673,2
33746,bullet3,8.15346,4.16078,0.8,0,1
33747,bullet2,12.1765,4.74925,0.8,0,1
33748,bullet4,4.75479,3.5334,0.8,0,1
33749,player,4.36102,3.52712,0.0062258,-0.00627954,1
33750,bullet1,16.2712,4.74924,0.8,0,1
33751,flyer1,11.901,11.7732,-0.22995,0.192673,2
33751,bullet3,12.1535,4.16078,0.8,0,1
33751,bullet5,4.76508,3.52302,0.8,0,1
33752,bullet2,16.1765,4.74925,0.8,0,1
33753,bullet4,8.75479,3.5334,0.8,0,1
33754,player,4.92374,4.07979,0.0684586,0.0682279,1
33756,flyer1,10.7512,12.7365,-0.22995,0.192673,2
33756,bullet3,16.1535,4.16078,0.8,0,1
33756,bullet5,8.76508,3.52302,0.8,0,1
33757,flyer2,16.5,7.91973,-0.3,0,2
33758,bullet4,12.7548,3.5334,0.8,0,1
33759,player,5.45425,4.24752,0.170053,-0.136776,1
33759,bullet6,5.85425,4.24752,0.8,0,1
33761,flyer1,9.60147,13.6999,-0.22995,0.192673,2
33761,bullet5,12.7651,3.52302,0.8,0,1
33762,flyer2,15,7.91973,-0.3,0,2
33763,bullet1,5.98768,4.1402,0.8,0,1
33764,player,5.59081,4.13768,0.00313796,-0.00252391,1
33764,bullet6,9.85425,4.24752,0.8,0,1
33766,flyer1,8.45172,14.6633,-0.22995,0.192673,2
33767,flyer2,13.5,7.91973,-0.3,0,2
33768,bullet1,9.98768,4.1402,0.8,0,1
33768,bullet2,5.99328,4.1357,0.8,0,1
33769,player,5.59333,4.13565,5.79042e-05,-4.65732e-05,1
33769,bullet6,13.8542,4.24752,0.8,0,1
33771,flyer1,7.30197,15.6266,-0.22995,0.192673,2
33772,flyer2,12,7.91973,-0.3,0,2
33772,bullet3,5.99338,4.13562,0.8,0,1
33773,bullet1,13.9877,4.1402,0.8,0,1
33773,bullet2,9.99328,4.1357,0.8,0,1
33773,bullet4,5.99338,4.13562,0.8,0,1
33774,player,5.59338,4.13562,1.0685e-06,-8.59407e-07,1
33777,flyer2,10.5,7.91973,-0.3,0,2
33777,bullet3,9.99338,4.13562,0.8,0,1
33778,bullet2,13.9933,4.1357,0.8,0,1
33778,bullet4,9.99338,4.13562,0.8,0,1
33779,player,6.08275,2.94483,0.151875,-0.0445943,1
33779,bullet5,6.48275,2.94483,0.8,0,1
33782,flyer2,9,7.91973,-0.3,0,2
33782,bullet3,13.9934,4.13562,0.8,0,1
33783,bullet4,13.9934,4.13562,0.8,0,1
33783,bullet6,5.31255,2.90984,-0.8,-6.99382e-08,1
33784,player,5.64701,2.90902,-0.0655412,-0.00082289,1
33784,bullet5,10.4828,2.94483,0.8,0,1
33786,bullet1,6.49361,2.90848,0.8,0,1
33787,flyer2,7.5,7.91973,-0.3,0,2
33788,bullet6,1.31255,2.90984,-0.8,-6.99382e-08,1
33789,player,6.19668,2.90836,0.0126302,-1.51846e-05,1
33789,bullet5,14.4828,2.94483,0.8,0,1
33791,flyer3,16.5,7.91973,-0.299049,0.0238747,2
33791,bullet1,10.4936,2.90848,0.8,0,1
33792,flyer2,5.99999,7.91973,-0.3,0,2
33792,flyer4,16.5,4.27399,-0.257635,-0.153702,2
33792,bullet2,7.16379,3.46606,0.8,0,1
33794,player,6.80914,3.02128,0.0140727,-0.138036,1
33796,flyer3,15.0048,8.0391,-0.299049,0.0238747,2
33796,bullet1,14.4936,2.90848,0.8,0,1
33797,flyer2,4.49999,7.91973,-0.3,0,2
33797,flyer4,15.2118,3.50548,-0.257635,-0.153702,1
33797,bullet2,11.1638,3.46606,0.8,0,1
33797,explosion1,15.2936,2.90848,-0.257635,-0.153702,1
33799,player,7.96663,1.42674,0.0993581,-0.439146,1
33800,explosion2,13.5638,3.46606,-0.257635,-0.153702,1
33800,explosion3,14.4389,3.04437,-0.257635,-0.153702,1
33801,flyer3,13.5095,8.15847,-0.299049,0.0238747,2
33802,flyer2,2.99999,7.91973,-0.3,0,2
33804,player,7.44411,0.516347,-0.0120062,-0.0764472,1
33805,flyer5,16.5,7.91973,-0.219826,0.204148,2
33805,explosion3,13.1508,2.27586,-0.257635,-0.153702,1
33806,flyer3,12.0143,8.27784,-0.299049,0.0238747,2
33806,flyer6,16.5,4.27399,-0.3,0,2
33806,bullet3,7.83628,0.466465,0.8,0,1
33807,flyer2,1.49999,7.91973,-0.3,0,2
33807,bullet4,7.83518,0.459499,0.8,0,1
33809,player,7.43447,0.454953,-0.000221548,-0.00141067,1
33809,bullet6,7.83447,0.454953,0.8,0,1
33810,flyer5,15.4009,8.94047,-0.219826,0.204148,2
33811,flyer3,10.519,8.39721,-0.299049,0.0238747,2
33811,flyer6,15,4.27399,-0.3,0,2
33811,bullet3,11.8363,0.466465,0.8,0,1
33812,flyer2,-6.4373e-06,7.91973,-0.3,0,2
33812,bullet4,11.8352,0.459499,0.8,0,1
33814,player,6.84582,1.04229,-0.0307588,0.0307287,1
33814,bullet6,11.8345,0.454953,0.8,0,1
33814,bullet5,7.24582,1.04229,0.8,0,1
33815,flyer5,14.3017,9.96121,-0.219826,0.204148,2
33816,flyer3,9.02379,8.51658,-0.299049,0.0238747,2
33816,flyer6,13.5,4.27399,-0.3,0,2
33816,bullet3,15.8363,0.466465,0.8,0,1
33817,bullet4,15.8352,0.459499,0.8,0,1
33818,bullet1,6.66396,1.62412,0.8,0,1
33819,player,6.23264,1.65544,-0.0313223,0.0313217,1
33819,bullet6,15.8345,0.454953,0.8,0,1
33819,bullet5,11.2458,1.04229,0.8,0,1
33820,flyer5,13.2026,10.9819,-0.219826,0.204148,2
33821,flyer3,7.52855,8.63596,-0.299049,0.0238747,2
33821,flyer6,12,4.27399,-0.3,0,2
33823,bullet1,10.664,1.62412,0.8,0,1
33824,player,7.39827,0.602751,0.0440163,-0.182052,1
33824,bullet5,15.2458,1.04229,0.8,0,1
33825,flyer5,12.1035,12.0027,-0.219826,0.204148,2
33825,bullet2,7.81808,0.520828,0.8,0,1
33826,flyer3,6.0333,8.75533,-0.299049,0.0238747,2
33826,flyer6,10.5,4.27399,-0.3,0,2
33828,bullet1,14.664,1.62412,0.8,0,1
33829,player,6.38653,1.50364,-0.219407,0.216859,1
33830,flyer5,11.0043,13.0234,-0.219826,0.204148,2
33830,bullet2,11.8181,0.520828,0.8,0,1
33830,bullet3,6.6878,1.60123,0.8,0,1
33831,flyer3,4.53806,8.8747,-0.299049,0.0238747,2
33831,flyer6,9,4.27399,-0.3,0,2
33834,player,6.21033,1.6778,-0.00404867,0.00400167,1
33834,bullet4,6.61033,1.6778,0.8,0,1
33835,flyer5,9.9052,14.0442,-0.219826,0.204148,2
33835,bullet2,15.8181,0.520828,0.8,0,1
33835,bullet3,10.6878,1.60123,0.8,0,1
33836,flyer3,3.04282,8.99407,-0.299049,0.0238747,2
33836,flyer6,7.5,4.27399,-0.3,0,2
33839,player,5.60476,1.79395,-0.0139143,-0.137962,1
33839,bullet4,10.6103,1.6778,0.8,0,1
33839,bullet6,6.00477,1.79395,0.8,0,1
33840,flyer5,8.80607,15.0649,-0.219826,0.204148,2
33840,bullet3,14.6878,1.60123,0.8,0,1
33841,flyer3,1.54758,9.11344,-0.299049,0.0238747,2
33841,flyer6,5.99999,4.27399,-0.3,0,2
33841,bullet5,5.19569,1.70393,-0.8,-6.99382e-08,1
33844,player,5.59359,1.12544,-0.000256758,-0.0708895,1
33844,bullet4,14.6103,1.6778,0.8,0,1
33844,bullet6,10.0048,1.79395,0.8,0,1
33845,flyer5,7.70693,16.0857,-0.219826,0.204148,2
33846,flyer3,0.052335,9.23281,-0.299049,0.0238747,2
33846,flyer6,4.49999,4.27399,-0.3,0,2
33846,bullet5,1.19569,1.70393,-0.8,-6.99382e-08,1
33848,flayer7,16.5,4.27399,-0.3,0,2
33848,bullet1,5.99339,0.48134,0.8,0,1
33849,player,5.59338,0.466192,-4.73791e-06,-0.0151477,1
33849,bullet6,14.0048,1.79395,0.8,0,1
33849,bullet2,5.99338,0.466192,0.8,0,1
33851,flyer6,2.99999,4.27399,-0.3,0,2
33851,bullet3,5.99338,0.456308,0.8,0,1
33853,flayer7,15,4.27399,-0.3,0,2
33853,bullet1,9.99339,0.48134,0.8,0,1
33854,player,5.59338,0.454027,-8.74278e-08,-0.000279518,1
33854,bullet2,9.99338,0.466192,0.8,0,1
33855,bullet4,5.99338,0.453901,0.8,0,1
33856,flyer6,1.49999,4.27399,-0.3,0,2
33856,bullet3,9.99338,0.456308,0.8,0,1
33858,flayer7,13.5,4.27399,-0.3,0,2
33858,bullet1,13.9934,0.48134,0.8,0,1
33859,player,5.59338,0.453802,-1.61329e-09,-5.15789e-06,1
33859,bullet2,13.9934,0.466192,0.8,0,1
33860,bullet4,9.99338,0.453901,0.8,0,1
33861,flyer6,-6.4373e-06,4.27399,-0.3,0,2
33861,bullet3,13.9934,0.456308,0.8,0,1
33863,flayer7,12,4.27399,-0.3,0,2
33863,bullet5,6.5511,1.01152,0.8,0,1
33864,player,6.18185,1.04227,0.0307547,0.0307546,1
33865,flayer8,16.5,4.27399,-0.3,0,2
33865,bullet4,13.9934,0.453901,0.8,0,1
33868,flayer7,10.5,4.27399,-0.3,0,2
33868,bullet5,10.5511,1.01152,0.8,0,1
33868,bullet6,6.60598,0.4,0.8,0,1
33869,player,6.54405,0.7375,0.338068,0.3375,1
33870,flayer8,15,4.27399,-0.3,0,2
33872,bullet1,7.19544,0.988474,0.8,0,1
33873,flayer7,9,4.27399,-0.3,0,2
33873,bullet5,14.5511,1.01152,0.8,0,1
33873,bullet6,10.606,0.4,0.8,0,1
33874,player,6.81555,0.519166,0.0062383,-0.145647,1
33875,flayer8,13.5,4.27399,-0.3,0,2
33877,bullet1,11.1954,0.988474,0.8,0,1
33878,flayer7,7.5,4.27399,-0.3,0,2
33878,bullet6,14.606,0.4,0.8,0,1
33879,player,7.32377,0.420039,0.135075,-0.125252,1
33880,flayer8,12,4.27399,-0.3,0,2
33880,bullet2,7.78455,0.4,0.8,0,1
33882,bullet1,15.1954,0.988474,0.8,0,1
33883,flayer7,5.99999,4.27399,-0.3,0,2
33884,player,7.3639,0.887265,0.0860238,0.151442,1
33884,flyer1,16.5,14.8407,-0.3,0,2
33885,flayer8,10.5,4.27399,-0.3,0,2
33885,bullet2,11.7846,0.4,0.8,0,1
33886,bullet3,8.30941,1.47546,0.8,0,1
33888,flayer7,4.49999,4.27399,-0.3,0,2
33889,player,8.3728,1.9487,0.352927,0.354134,1
33889,flyer1,15,14.8407,-0.3,0,2
33890,flayer8,9,4.27399,-0.3,0,2
33890,bullet2,15.7846,0.4,0.8,0,1
33891,bullet3,12.3094,1.47546,0.8,0,1
33892,bullet4,8.47753,2.76976,0.8,0,1
33893,flayer7,2.99999,4.27399,-0.3,0,2
33893,bullet5,8.46125,2.81504,0.8,0,1
33894,player,8.05392,2.83541,-0.00732711,0.0203744,1
33894,flyer1,13.5,14.8407,-0.3,0,2
33895,flayer8,7.5,4.27399,-0.3,0,2
33896,bullet3,16.3094,1.47546,0.8,0,1
33897,bullet4,12.4775,2.76976,0.8,0,1
33897,bullet6,8.93785,2.85056,0.8,0,1
33898,flayer7,1.49999,4.27399,-0.3,0,2
33898,bullet5,12.4612,2.81504,0.8,0,1
33899,player,8.63651,2.85177,0.0306195,0.000375965,1
33899,flyer1,12,14.8407,-0.3,0,2
33900,flayer8,5.99999,4.27399,-0.3,0,2
33902,bullet6,12.9378,2.85056,0.8,0,1
33903,flayer7,-6.4373e-06,4.27399,-0.3,0,2
33904,player,8.6611,2.85208,0.000565016,6.9376e-06,1
33904,flyer1,10.5,14.8407,-0.3,0,2
33905,flayer8,4.49999,4.27399,-0.3,0,2
33905,flyer4,16.5,14.8407,-0.234778,0.186759,2
33906,bullet1,9.06147,2.85208,0.8,0,1
33907,bullet2,9.06152,2.85208,0.8,0,1
33909,player,8.32405,2.85208,-0.33749,1.28018e-07,1
33909,flyer1,9,14.8407,-0.3,0,2
33910,flayer8,2.99999,4.27399,-0.3,0,2
33910,flyer4,15.3261,15.7745,-0.234778,0.186759,2
33911,bullet1,13.0615,2.85208,0.8,0,1
33912,bullet2,13.0615,2.85208,0.8,0,1
33914,player,8.5424,2.85208,0.145647,2.3623e-09,1
33914,flyer1,7.5,14.8407,-0.3,0,2
33914,bullet3,8.9424,2.85208,0.8,0,1
33915,flayer8,1.49999,4.27399,-0.3,0,2
33917,flyer2,16.5,8.07263,-0.3,0,2
33919,player,8.07089,2.26361,-0.0280671,-0.0307547,1
33919,flyer1,5.99999,14.8407,-0.3,0,2
33919,bullet3,12.9424,2.85208,0.8,0,1
33920,flayer8,-6.4373e-06,4.27399,-0.3,0,2
33920,bullet4,7.65826,2.24977,-0.8,-6.99382e-08,1
33921,bullet5,8.45257,2.24354,0.8,0,1
33922,flyer2,15,8.07263,-0.3,0,2
33923,bullet6,8.44887,2.23948,0.8,0,1
33924,player,8.04835,2.23891,-0.000517917,-0.00056751,1
33924,flyer1,4.49999,14.8407,-0.3,0,2
33924,bullet1,8.44835,2.23891,0.8,0,1
33925,bullet4,3.65826,2.24977,-0.8,-6.99382e-08,1
33926,bullet5,12.4526,2.24354,0.8,0,1
33927,flyer2,13.5,8.07263,-0.3,0,2
33928,bullet6,12.4489,2.23948,0.8,0,1
33929,player,8.04793,1.74908,-9.55702e-06,-0.151885,1
33929,flyer1,2.99999,14.8407,-0.3,0,2
33929,bullet1,12.4483,2.23891,0.8,0,1
33930,bullet4,-0.341743,2.24977,-0.8,-6.99382e-08,1
33931,bullet5,16.4526,2.24354,0.8,0,1
33932,flyer2,12,8.07263,-0.3,0,2
33933,flyer3,16.5,8.07263,-0.299308,0.0203688,2
33934,player,8.14702,1.6271,-0.12112,-0.00280271,1
33934,flyer1,1.49999,14.8407,-0.3,0,2
33934,flyer5,16.5,8.07263,-0.253447,0.160513,2
33934,bullet2,8.54702,1.6271,0.8,0,1
33936,bullet3,8.46799,1.62527,0.8,0,1
33937,flyer2,10.5,8.07263,-0.3,0,2
33938,flyer3,15.0035,8.17447,-0.299308,0.0203688,2
33938,bullet4,8.45199,1.6249,0.8,0,1
33939,player,8.04975,1.62485,-0.00223501,-5.1718e-05,1
33939,flyer1,-6.4373e-06,14.8407,-0.3,0,2
33939,flyer5,15.2328,8.87519,-0.253447,0.160513,2
33939,bullet2,12.547,1.6271,0.8,0,1
33940,bullet5,8.44874,1.62483,0.8,0,1
33941,bullet3,12.468,1.62527,0.8,0,1
33942,flyer2,9,8.07263,-0.3,0,2
33943,flyer3,13.5069,8.27631,-0.299308,0.0203688,2
33943,bullet4,12.452,1.6249,0.8,0,1
33944,player,8.14705,1.52571,-0.121162,0.121119,1
33944,flyer5,13.9655,9.67776,-0.253447,0.160513,2
33944,bullet6,8.54705,1.52571,0.8,0,1
33945,bullet5,12.4487,1.62483,0.8,0,1
33947,flyer2,7.5,8.07263,-0.3,0,2
33947,bullet1,8.45695,1.61578,0.8,0,1
33948,flyer3,12.0104,8.37815,-0.299308,0.0203688,2
33948,bullet2,8.45199,1.62074,0.8,0,1
33949,player,8.04975,1.62298,-0.00223577,0.00223499,1
33949,flyer5,12.6983,10.4803,-0.253447,0.160513,2
33949,bullet6,12.5471,1.52571,0.8,0,1
33950,bullet3,8.44874,1.62398,0.8,0,1
33952,flyer2,5.99999,8.07263,-0.3,0,2
33952,bullet1,12.457,1.61578,0.8,0,1
33953,flyer3,10.5138,8.48,-0.299308,0.0203688,2
33953,bullet2,12.452,1.62074,0.8,0,1
33954,player,8.63643,1.62477,0.0307134,4.12419e-05,1
33954,flyer5,11.4311,11.2829,-0.253447,0.160513,2
33955,bullet3,12.4487,1.62398,0.8,0,1
33955,bullet4,9.05025,1.62479,0.8,0,1
33957,flyer2,4.49999,8.07263,-0.3,0,2
33957,bullet5,9.05927,1.6248,0.8,0,1
33958,flyer3,9.01731,8.58184,-0.299308,0.0203688,2
33958,bullet6,9.06053,1.6248,0.8,0,1
33959,player,8.66109,1.62481,0.000566749,7.61029e-07,1
33959,flyer5,10.1638,12.0854,-0.253447,0.160513,2
33960,bullet4,13.0503,1.62479,0.8,0,1
33962,flyer2,2.99999,8.07263,-0.3,0,2
33962,bullet5,13.0593,1.6248,0.8,0,1
33962,bullet1,9.06152,1.62481,0.8,0,1
33963,flyer3,7.52077,8.68368,-0.299308,0.0203688,2
33963,bullet6,13.0605,1.6248,0.8,0,1
33964,player,8.32405,1.96231,-0.33749,0.3375,1
33964,flyer5,8.89657,12.888,-0.253447,0.160513,2
33965,bullet2,8.57218,2.11418,0.8,0,1
33967,flyer2,1.49999,8.07263,-0.3,0,2
33967,bullet1,13.0615,1.62481,0.8,0,1
33967,bullet3,8.47309,2.21328,0.8,0,1
33968,flyer3,6.02423,8.78553,-0.299308,0.0203688,2
33969,player,8.05302,2.72272,-0.00622763,0.158103,1
33969,flyer5,7.62934,13.6906,-0.253447,0.160513,2
33970,bullet2,12.5722,2.11418,0.8,0,1
33970,bullet4,8.45021,2.79387,0.8,0,1
33972,flyer2,-6.4373e-06,8.07263,-0.3,0,2
33972,bullet3,12.4731,2.21328,0.8,0,1
33973,flyer3,4.52769,8.88737,-0.299308,0.0203688,2
33974,player,8.60573,2.29197,0.0682288,-0.0654263,1
33974,flyer5,6.3621,14.4931,-0.253447,0.160513,2
33974,bullet5,8.20573,2.29197,-0.8,-6.99382e-08,1
33975,bullet4,12.4502,2.79387,0.8,0,1
33975,bullet6,9.03644,2.26253,0.8,0,1
33978,flyer3,3.03115,8.98921,-0.299308,0.0203688,2
33979,player,9.1499,2.17109,0.153134,0.082324,1
33979,flyer5,5.09486,15.2957,-0.253447,0.160513,2
33979,bullet5,4.20573,2.29197,-0.8,-6.99382e-08,1
33980,bullet6,13.0364,2.26253,0.8,0,1
33982,bullet1,10.2215,2.79003,0.8,0,1
33983,flyer3,1.53461,9.09105,-0.299308,0.0203688,2
33984,player,9.87519,3.17701,0.0166654,0.352859,1
33984,flyer5,3.82762,16.0983,-0.253447,0.160513,2
33984,bullet5,0.205732,2.29197,-0.8,-6.99382e-08,1
33985,bullet6,17.0364,2.26253,0.8,0,1
33986,flyer6,16.5,8.07263,-0.270028,-0.13071,2
33987,flayer7,16.5,8.07263,-0.282927,0.0997608,2
33987,bullet1,14.2215,2.79003,0.8,0,1
33988,flyer3,0.0380715,9.1929,-0.299308,0.0203688,2
33989,player,9.33086,4.62042,-0.0680362,0.0886946,1
33989,bullet2,9.73086,4.62042,0.8,0,1
33991,flyer6,15.1499,7.41908,-0.270028,-0.13071,2
33991,flyer4,16.5,5.62129,-0.213472,-0.210784,2
33991,bullet3,8.88647,4.6783,-0.8,-6.99382e-08,1
33992,flayer7,15.0854,8.57143,-0.282927,0.0997608,2
33994,player,8.7185,4.69165,-0.0695992,0.00163666,1
33994,bullet2,13.7309,4.62042,0.8,0,1
33994,bullet4,9.1185,4.69165,0.8,0,1
33995,bullet5,9.08718,4.69239,0.8,0,1
33996,flyer6,13.7997,6.76552,-0.270028,-0.13071,2
33996,flyer4,15.4326,4.56738,-0.213472,-0.210784,1
33996,bullet3,4.88646,4.6783,-0.8,-6.99382e-08,1
33996,explosion4,15.3309,4.62042,-0.213472,-0.210784,1
33997,flayer7,13.6707,9.07024,-0.282927,0.0997608,2
33998,bullet6,9.06389,4.69294,0.8,0,1
33999,player,9.00011,4.35547,0.336216,-0.33747,1
33999,bullet4,13.1185,4.69165,0.8,0,1
34000,bullet5,13.0872,4.69239,0.8,0,1
34001,flyer6,12.4496,6.11197,-0.270028,-0.13071,2
34001,flyer4,14.3653,3.51346,-0.213472,-0.210784,1
34001,bullet3,0.886464,4.6783,-0.8,-6.99382e-08,1
34002,flayer7,12.2561,9.56904,-0.282927,0.0997608,2
34003,bullet6,13.0639,4.69294,0.8,0,1
34004,player,9.27011,4.08445,0.00620413,-0.00622727,1
34004,bullet1,9.67011,4.08445,0.8,0,1
34006,flyer6,11.0995,5.45842,-0.270028,-0.13071,2
34006,flyer4,13.2979,2.45954,-0.213472,-0.210784,1
34007,flayer7,10.8415,10.0678,-0.282927,0.0997608,2
34008,bullet2,9.08651,4.66804,0.8,0,1
34009,player,8.67278,4.68176,-0.0137251,0.0137247,1
34009,bullet1,13.6701,4.08445,0.8,0,1
34009,explosion5,9.88651,4.66804,-0.270028,-0.13071,1
34009,bullet3,9.07278,4.68176,0.8,0,1
34010,explosion6,9.87278,4.68176,-0.270028,-0.13071,1
34010,explosion7,10.0193,4.93558,-0.270028,-0.13071,1
34011,flyer4,12.2306,1.40562,-0.213472,-0.210784,1
34011,bullet4,9.06383,4.69072,0.8,0,1
34012,flayer7,9.42681,10.5667,-0.282927,0.0997608,2
34014,player,9.21948,4.13506,0.0680905,-0.0680905,1
34015,explosion7,8.66921,4.28203,-0.270028,-0.13071,1
34016,flyer4,11.1632,0.351706,-0.213472,-0.210784,1
34016,flayer8,16.5,5.62129,-0.213816,0.210434,2
34016,bullet4,13.0638,4.69072,0.8,0,1
34016,bullet5,9.66391,3.60126,0.8,0,1
34017,flayer7,8.01218,11.0655,-0.282927,0.0997608,2
34019,player,9.27417,3.47807,0.00125646,-0.0150961,1
34019,bullet6,9.67417,3.47807,0.8,0,1
34021,flayer8,15.4309,6.67347,-0.213816,0.210434,2
34021,bullet4,17.0638,4.69072,0.8,0,1
34021,bullet5,13.6639,3.60126,0.8,0,1
34022,flayer7,6.59754,11.5643,-0.282927,0.0997608,2
34024,player,8.7858,2.87747,-0.151852,-0.0310333,1
34024,bullet6,13.6742,3.47807,0.8,0,1
34025,flyer1,16.5,5.62129,-0.3,0,2
34026,flayer8,14.3618,7.72564,-0.213816,0.210434,2
34026,bullet2,9.08672,2.85722,0.8,0,1
34027,flayer7,5.18291,12.0631,-0.282927,0.0997608,2
34028,bullet3,9.06666,2.85312,0.8,0,1
34029,player,8.66385,2.51505,-0.00280209,-0.338073,1
34030,flyer1,15,5.62129,-0.3,0,2
34031,flayer8,13.2928,8.77781,-0.213816,0.210434,2
34031,bullet2,13.0867,2.85722,0.8,0,1
34032,flayer7,3.76827,12.5619,-0.282927,0.0997608,2
34032,bullet1,9.06177,2.26365,0.8,0,1
34033,bullet3,13.0667,2.85312,0.8,0,1
34034,player,9.15097,2.73292,0.151823,0.145637,1
34035,flyer1,13.5,5.62129,-0.3,0,2
34036,flayer8,12.2237,9.82998,-0.213816,0.210434,2
34037,flayer7,2.35363,13.0607,-0.282927,0.0997608,2
34037,bullet1,13.0618,2.26365,0.8,0,1
34038,bullet4,9.6701,1.701,0.8,0,1
34039,player,9.2729,1.6591,0.00280157,-0.0419069,1
34039,bullet5,9.6729,1.6591,0.8,0,1
34040,flyer1,12,5.62129,-0.3,0,2
34041,flayer8,11.1546,10.8821,-0.213816,0.210434,2
34042,flayer7,0.938998,13.5595,-0.282927,0.0997608,2
34042,bullet6,9.67498,1.62793,0.8,0,1
34043,bullet4,13.6701,1.701,0.8,0,1
34044,player,9.27515,1.13607,5.16968e-05,-0.152648,1
34044,bullet5,13.6729,1.6591,0.8,0,1
34045,flyer1,10.5,5.62129,-0.3,0,2
34046,flayer8,10.0855,11.9343,-0.213816,0.210434,2
34047,flayer7,-0.475638,14.0583,-0.282927,0.0997608,2
34047,bullet6,13.675,1.62793,0.8,0,1
34048,flyer2,16.5,3.93057,-0.272312,0.125882,2
34048,bullet2,9.67519,0.42782,0.8,0,1
34049,player,8.93769,0.4,-0.337499,-0,1
34050,flyer1,9,5.62129,-0.3,0,2
34051,flayer8,9.01642,12.9865,-0.213816,0.210434,2
34053,flyer2,15.1384,4.55998,-0.272312,0.125882,2
34053,bullet2,13.6752,0.42782,0.8,0,1
34054,player,9.71375,0.957719,0.213991,0.0683438,1
34055,flyer1,7.5,5.62129,-0.3,0,2
34055,bullet3,10.21,0.988474,0.8,0,1
34056,flayer8,7.94734,14.0387,-0.213816,0.210434,2
34056,bullet1,10.2534,1.00231,0.8,0,1
34058,flyer2,13.7769,5.18938,-0.272312,0.125882,2
34059,player,9.8856,0.4,0.00394873,-0.244057,1
34060,flyer1,5.99999,5.62129,-0.3,0,2
34060,bullet3,14.21,0.988474,0.8,0,1
34061,flayer8,6.87826,15.0908,-0.213816,0.210434,2
34061,bullet1,14.2534,1.00231,0.8,0,1
34061,bullet4,10.2882,0.4,0.8,0,1
34063,flyer2,12.4153,5.81879,-0.272312,0.125882,2
34063,bullet5,10.2887,0.4,0.8,0,1
34064,player,9.88877,0.4,7.28653e-05,0,1
34065,flyer1,4.49999,5.62129,-0.3,0,2
34065,bullet6,10.2888,0.4,0.8,0,1
34066,flayer8,5.80918,16.143,-0.213816,0.210434,2
34066,bullet4,14.2882,0.4,0.8,0,1
34066,bullet2,10.2888,0.4,0.8,0,1
34068,flyer2,11.0538,6.4482,-0.272312,0.125882,2
34068,bullet5,14.2887,0.4,0.8,0,1
34069,player,9.88883,0.4,1.34457e-06,0,1
34070,flyer1,2.99999,5.62129,-0.3,0,2
34070,bullet6,14.2888,0.4,0.8,0,1
34071,bullet2,14.2888,0.4,0.8,0,1
34072,bullet3,10.2888,0.4,0.8,0,1
34073,flyer2,9.6922,7.07761,-0.272312,0.125882,2
34074,player,9.88883,0.4,2.48111e-08,0,1
34074,flyer5,16.5,3.93057,-0.274442,-0.121169,2
34075,flyer1,1.49999,5.62129,-0.3,0,2
34075,bullet1,10.2888,0.4,0.8,0,1
34077,bullet3,14.2888,0.4,0.8,0,1
34077,bullet4,10.2888,0.4,0.8,0,1
34078,flyer2,8.33064,7.70702,-0.272312,0.125882,2
34079,player,9.55133,0.7375,-0.3375,0.3375,1
34079,flyer5,15.1278,3.32473,-0.274442,-0.121169,2
34080,flyer1,-6.4373e-06,5.62129,-0.3,0,2
34080,bullet1,14.2888,0.4,0.8,0,1
34082,bullet4,14.2888,0.4,0.8,0,1
34083,flyer2,6.96907,8.33643,-0.272312,0.125882,2
34083,flyer3,16.5,8.22547,-0.3,0,2
34084,player,9.8826,2.16857,0.00761179,0.0884112,1
34084,flyer5,13.7556,2.71888,-0.274442,-0.121169,2
34084,bullet5,10.2826,2.16857,0.8,0,1
34087,explosion8,12.6826,2.16857,-0.274442,-0.121169,1
34088,flyer2,5.60751,8.96584,-0.272312,0.125882,2
34088,flyer3,15,8.22547,-0.3,0,2
34089,player,9.30024,1.09338,-0.0306142,-0.097467,1
34089,flyer5,12.3834,2.11304,-0.274442,-0.121169,1
34090,bullet6,8.88646,1.04952,-0.8,-6.99382e-08,1
34093,flyer2,4.24595,9.59525,-0.272312,0.125882,2
34093,flyer3,13.5,8.22547,-0.3,0,2
34094,player,9.76503,1.01511,0.15131,-0.00179854,1
34094,flyer5,11.0112,1.5072,-0.274442,-0.121169,1
34094,bullet2,10.165,1.01511,0.8,0,1
34095,bullet6,4.88646,1.04952,-0.8,-6.99382e-08,1
34095,explosion1,10.965,1.01511,-0.274442,-0.121169,1
34095,explosion2,10.7367,1.38603,-0.274442,-0.121169,1
34096,bullet3,10.2638,1.01394,0.8,0,1
