27242,player,2.91689,6.60388,0,0,1
27242,bullet1,3.31689,6.60388,0.8,0,1
27243,bullet2,3.31689,6.60388,0.8,0,1
27246,bullet3,4.36398,6.67222,0.8,0,1
27247,player,4.06308,6.63463,0.0990984,-0.0375891,1
27247,bullet1,7.31689,6.60388,0.8,0,1
27248,bullet2,7.31689,6.60388,0.8,0,1
27251,bullet3,8.36398,6.67222,0.8,0,1
27252,player,4.74497,6.11507,0.0156683,-0.152569,1
27252,bullet1,11.3169,6.60388,0.8,0,1
27252,bullet4,5.14497,6.11507,0.8,0,1
27253,bullet2,11.3169,6.60388,0.8,0,1
27256,bullet3,12.364,6.67222,0.8,0,1
27257,player,4.65028,5.72773,0.13141,0.320845,1
27257,bullet1,15.3169,6.60388,0.8,0,1
27257,bullet4,9.14497,6.11507,0.8,0,1
27258,bullet2,15.3169,6.60388,0.8,0,1
27259,flyer1,16.5,1.13854,-0.299806,0.0107924,2
27260,bullet5,4.65862,4.91923,0.8,0,1
27261,bullet3,16.364,6.67222,0.8,0,1
27261,bullet6,4.59567,4.83329,0.8,0,1
27262,player,4.16734,4.79461,-0.0283298,-0.0386738,1
27262,bullet4,13.145,6.11507,0.8,0,1
27262,bullet1,4.56734,4.79461,0.8,0,1
27264,flyer1,15.001,1.1925,-0.299806,0.0107924,2
27265,bullet5,8.65862,4.91923,0.8,0,1
27266,bullet6,8.59567,4.83329,0.8,0,1
27267,player,4.09999,4.24342,0.0539814,-0.115,1
27267,bullet1,8.56734,4.79461,0.8,0,1
27267,bullet2,4.49999,4.24342,0.8,0,1
27269,flyer1,13.5019,1.24646,-0.299806,0.0107924,2
27270,bullet5,12.6586,4.91923,0.8,0,1
27271,bullet6,12.5957,4.83329,0.8,0,1
27272,player,3.65397,2.40256,-0.150879,-0.11506,1
27272,bullet1,12.5673,4.79461,0.8,0,1
27272,bullet2,8.49999,4.24342,0.8,0,1
27274,flyer1,12.0029,1.30042,-0.299806,0.0107924,2
27276,flyer2,16.5,1.13854,-0.265682,0.139331,2
27277,player,4.45877,0.899156,0.365471,0.222439,1
27277,flyer3,16.5,1.13854,-0.3,0,2
27277,bullet2,12.5,4.24342,0.8,0,1
27278,bullet3,5.02323,0.999253,0.8,0,1
27279,flyer1,10.5039,1.35438,-0.299806,0.0107924,2
27281,flyer2,15.1716,1.83519,-0.265682,0.139331,2
27282,player,4.72152,1.17689,0.044333,-0.117016,1
27282,flyer3,15,1.13854,-0.3,0,2
27283,explosion1,9.02324,0.999253,-0.299806,0.0107924,1
27283,bullet4,5.14147,1.12423,0.8,0,1
27284,flyer1,9.00486,1.40835,-0.299806,0.0107924,1
27285,bullet5,4.66511,1.57925,0.8,0,1
27286,flyer2,13.8432,2.53185,-0.265682,0.139331,2
27286,explosion2,7.54147,1.12423,-0.299806,0.0107924,1
27286,explosion3,8.40525,1.42993,-0.299806,0.0107924,1
27287,player,4.65803,1.82327,0.121938,-0.15703,1
27287,flyer3,13.5,1.13854,-0.3,0,2
27289,bullet6,5.13759,1.23143,0.8,0,1
27290,bullet5,8.66512,1.57925,0.8,0,1
27290,bullet1,5.14871,1.14878,0.8,0,1
27291,flyer2,12.5148,3.22851,-0.265682,0.139331,2
27291,explosion3,6.90622,1.48389,-0.299806,0.0107924,1
27292,player,5.24533,0.60547,0.154125,-0.168612,1
27292,flyer3,12,1.13854,-0.3,0,2
27292,bullet2,5.64533,0.60547,0.8,0,1
27293,explosion4,11.0651,1.57925,-0.3,0,1
27294,bullet6,9.13759,1.23143,0.8,0,1
27295,bullet1,9.14871,1.14878,0.8,0,1
27296,flyer2,11.1864,3.92516,-0.265682,0.139331,2
27296,explosion5,9.94871,1.14878,-0.3,0,1
27296,explosion6,10.7376,1.23143,-0.3,0,1
27296,explosion7,10.8,1.13854,-0.3,0,1
27297,player,4.79755,0.957719,-0.0485846,0.0683438,1
27297,bullet2,9.64533,0.60547,0.8,0,1
27297,bullet3,5.19755,0.957719,0.8,0,1
27298,explosion4,9.56511,1.57925,-0.3,0,1
27298,bullet4,5.17569,0.988474,0.8,0,1
27301,flyer2,9.85797,4.62182,-0.265682,0.139331,2
27301,explosion6,9.23759,1.23143,-0.3,0,1
27301,explosion7,9.3,1.13854,-0.3,0,1
27301,bullet5,5.6488,1.07969,0.8,0,1
27302,player,4.97875,1.38086,-0.270053,0.301172,1
27302,bullet2,13.6453,0.60547,0.8,0,1
27302,bullet3,9.19755,0.957719,0.8,0,1
27303,bullet4,9.17569,0.988474,0.8,0,1
27306,flyer2,8.52956,5.31848,-0.265682,0.139331,2
27306,bullet5,9.6488,1.07969,0.8,0,1
27306,bullet6,4.67749,1.61717,0.8,0,1
27307,player,4.20416,1.96023,-0.073327,0.343057,1
27307,bullet3,13.1976,0.957719,0.8,0,1
27308,bullet4,13.1757,0.988474,0.8,0,1
27311,flyer2,7.20115,6.01513,-0.265682,0.139331,2
27311,bullet5,13.6488,1.07969,0.8,0,1
27311,bullet6,8.67749,1.61717,0.8,0,1
27312,player,3.8943,1.38244,0.305392,0.299236,1
27313,flyer4,16.5,14.4762,-0.3,0,2
27313,bullet1,4.43173,1.5171,0.8,0,1
27315,bullet2,4.5214,1.11559,0.8,0,1
27316,flyer2,5.87274,6.71179,-0.265682,0.139331,2
27316,bullet6,12.6775,1.61717,0.8,0,1
27317,player,4.13955,1.03428,0.00563534,-0.0252329,1
27318,flyer4,15,14.4762,-0.3,0,2
27318,bullet1,8.43173,1.5171,0.8,0,1
27319,bullet3,4.54323,0.528444,0.8,0,1
27320,bullet2,8.5214,1.11559,0.8,0,1
27321,flyer2,4.54434,7.40845,-0.265682,0.139331,2
27321,bullet4,4.54398,0.426012,0.8,0,1
27322,player,4.14408,0.411707,0.000103988,-0.0143052,1
27323,flyer4,13.5,14.4762,-0.3,0,2
27323,bullet1,12.4317,1.5171,0.8,0,1
27324,bullet3,8.54323,0.528444,0.8,0,1
27325,bullet2,12.5214,1.11559,0.8,0,1
27326,flyer2,3.21593,8.1051,-0.265682,0.139331,2
27326,bullet4,8.54398,0.426012,0.8,0,1
27327,player,3.58645,0.957937,-0.0683418,0.0680798,1
27328,flyer4,12,14.4762,-0.3,0,2
27328,bullet5,3.95569,0.988573,0.8,0,1
27329,bullet3,12.5432,0.528444,0.8,0,1
27331,flyer2,1.88752,8.80176,-0.265682,0.139331,2
27331,bullet4,12.544,0.426012,0.8,0,1
27331,bullet6,3.93282,1.01135,0.8,0,1
27332,player,3.53156,1.01261,-0.0012611,0.00125626,1
27333,flyer4,10.5,14.4762,-0.3,0,2
27333,bullet5,7.95569,0.988573,0.8,0,1
27335,bullet1,3.93063,0.52417,0.8,0,1
27336,flyer2,0.559109,9.49842,-0.265682,0.139331,2
27336,bullet6,7.93282,1.01135,0.8,0,1
27337,player,3.53055,0.425147,-2.32708e-05,-0.0307315,1
27338,flyer4,9,14.4762,-0.3,0,2
27338,bullet5,11.9557,0.988573,0.8,0,1
27340,bullet1,7.93063,0.52417,0.8,0,1
27341,bullet6,11.9328,1.01135,0.8,0,1
27342,player,3.53053,0.4,-4.29412e-07,0,1
27342,bullet2,3.93053,0.4,0.8,0,1
27343,flyer4,7.5,14.4762,-0.3,0,2
27343,bullet5,15.9557,0.988573,0.8,0,1
27345,bullet1,11.9306,0.52417,0.8,0,1
27346,bullet6,15.9328,1.01135,0.8,0,1
27347,player,4.11901,0.988474,0.0307547,0.0307547,1
27347,flyer5,16.5,14.4762,-0.233397,-0.188483,2
27347,bullet2,7.93053,0.4,0.8,0,1
27347,bullet3,3.71901,0.988474,-0.8,-6.99382e-08,1
27348,flyer4,5.99999,14.4762,-0.3,0,2
27350,bullet1,15.9306,0.52417,0.8,0,1
27352,player,4.73218,1.50255,0.0313222,0.152442,1
27352,flyer5,15.333,13.5338,-0.233397,-0.188483,2
27352,bullet2,11.9305,0.4,0.8,0,1
27352,bullet3,-0.280995,0.988473,-0.8,-6.99382e-08,1
27352,bullet4,5.13218,1.50255,0.8,0,1
27353,flyer4,4.49999,14.4762,-0.3,0,2
27354,bullet5,5.15262,1.60202,0.8,0,1
27356,bullet6,5.15675,1.62216,0.8,0,1
27357,player,4.75733,1.62497,0.000577983,0.00281299,1
27357,flyer5,14.166,12.5914,-0.233397,-0.188483,2
27357,bullet2,15.9305,0.4,0.8,0,1
27357,bullet4,9.13218,1.50255,0.8,0,1
27358,flyer4,2.99999,14.4762,-0.3,0,2
27359,bullet5,9.15262,1.60202,0.8,0,1
27361,bullet6,9.15675,1.62216,0.8,0,1
27361,bullet1,5.12703,2.21565,0.8,0,1
27362,player,5.08145,2.22954,0.354426,0.0138915,1
27362,flyer5,12.9991,11.6489,-0.233397,-0.188483,2
27362,bullet4,13.1322,1.50255,0.8,0,1
27363,flyer4,1.49999,14.4762,-0.3,0,2
27364,bullet5,13.1526,1.60202,0.8,0,1
27366,bullet6,13.1568,1.62216,0.8,0,1
27366,bullet1,9.12703,2.21565,0.8,0,1
27367,player,5.36609,2.2407,0.00654015,0.000256338,1
27367,flyer5,11.8321,10.7065,-0.233397,-0.188483,2
27368,flyer4,-6.4373e-06,14.4762,-0.3,0,2
27368,bullet3,5.76903,2.24081,0.8,0,1
27371,flyer6,16.5,14.4762,-0.3,0,2
27371,bullet1,13.127,2.21565,0.8,0,1
27372,player,5.95982,2.82938,0.0308754,0.0307594,1
27372,flyer5,10.6651,9.76411,-0.233397,-0.188483,2
27372,bullet2,6.35982,2.82938,0.8,0,1
27373,bullet3,9.76903,2.24081,0.8,0,1
27375,bullet4,6.14049,2.85225,-0.8,-6.99382e-08,1
27376,flyer6,15,14.4762,-0.3,0,2
27377,player,7.0763,2.85408,0.166284,0.000567598,1
27377,flyer5,9.4981,8.8217,-0.233397,-0.188483,2
27377,bullet2,10.3598,2.82938,0.8,0,1
27378,bullet3,13.769,2.24081,0.8,0,1
27379,bullet5,7.09543,2.85445,0.8,0,1
27380,bullet4,2.14049,2.85225,-0.8,-6.99382e-08,1
27381,flyer6,13.5,14.4762,-0.3,0,2
27382,player,6.60753,2.36516,-0.0107712,-0.151865,1
27382,flyer5,8.33112,7.87928,-0.233397,-0.188483,2
27382,bullet2,14.3598,2.82938,0.8,0,1
27383,bullet6,7.00268,2.29682,0.8,0,1
27384,bullet5,11.0954,2.85445,0.8,0,1
27386,flyer6,12,14.4762,-0.3,0,2
27386,bullet1,7.48845,2.73538,0.8,0,1
27387,player,7.1566,2.80092,0.068145,0.0655414,1
27387,flyer5,7.16414,6.93686,-0.233397,-0.188483,2
27388,bullet6,11.0027,2.29682,0.8,0,1
27388,bullet3,7.58726,2.83041,0.8,0,1
27389,bullet5,15.0954,2.85445,0.8,0,1
27391,flyer6,10.5,14.4762,-0.3,0,2
27391,bullet1,11.4885,2.73538,0.8,0,1
27392,player,8.0382,2.70168,0.490632,0.186834,1
27392,flyer5,5.99716,5.99445,-0.233397,-0.188483,2
27393,bullet6,15.0027,2.29682,0.8,0,1
27393,bullet3,11.5873,2.83041,0.8,0,1
27396,flyer6,9,14.4762,-0.3,0,2
27396,bullet1,15.4885,2.73538,0.8,0,1
27397,player,7.84374,2.36235,-0.0217011,-0.148427,1
27397,flyer5,4.83017,5.05203,-0.233397,-0.188483,2
27398,flayer7,16.5,14.4762,-0.291263,-0.0718743,2
27398,bullet3,15.5873,2.83041,0.8,0,1
27400,flayer8,16.5,14.4762,-0.3,0,2
27401,flyer6,7.5,14.4762,-0.3,0,2
27402,player,8.05088,3.18297,0.475135,0.348601,1
27402,flyer5,3.66319,4.10962,-0.233397,-0.188483,2
27403,flayer7,15.0437,14.1168,-0.291263,-0.0718743,2
27405,flayer8,15,14.4762,-0.3,0,2
27406,flyer6,5.99999,14.4762,-0.3,0,2
27407,player,8.43245,2.87445,0.00876758,-0.024322,1
27407,flyer5,2.49621,3.1672,-0.233397,-0.188483,2
27407,bullet4,8.83245,2.87445,0.8,0,1
27408,flayer7,13.5874,13.7574,-0.291263,-0.0718743,2
27409,bullet2,8.83816,2.85858,0.8,0,1
27410,flayer8,13.5,14.4762,-0.3,0,2
27411,flyer6,4.49999,14.4762,-0.3,0,2
27411,bullet5,8.83932,2.85536,0.8,0,1
27412,player,8.77698,3.19242,0.337662,0.337051,1
27412,flyer5,1.32923,2.22478,-0.233397,-0.188483,2
27412,bullet4,12.8324,2.87445,0.8,0,1
27413,flayer7,12.1311,13.3981,-0.291263,-0.0718743,2
27414,bullet2,12.8382,2.85858,0.8,0,1
27415,flayer8,12,14.4762,-0.3,0,2
27415,bullet6,9.42807,2.95368,0.8,0,1
27416,flyer6,2.99999,14.4762,-0.3,0,2
27416,bullet5,12.8393,2.85536,0.8,0,1
27417,player,9.04815,2.87462,0.00623081,-0.0245351,1
27417,flyer5,0.162242,1.28236,-0.233397,-0.188483,2
27417,bullet1,9.44815,2.87462,0.8,0,1
27418,flayer7,10.6747,13.0387,-0.291263,-0.0718743,2
27420,flayer8,10.5,14.4762,-0.3,0,2
27420,bullet6,13.4281,2.95368,0.8,0,1
27421,flyer6,1.49999,14.4762,-0.3,0,2
27422,player,10.131,2.95402,0.182745,-0.121573,1
27422,bullet1,13.4481,2.87462,0.8,0,1
27423,flayer7,9.21843,12.6793,-0.291263,-0.0718743,2
27424,bullet3,10.6502,2.87469,0.8,0,1
27425,flayer8,9,14.4762,-0.3,0,2
27426,flyer6,-6.4373e-06,14.4762,-0.3,0,2
27427,player,9.38253,2.51888,-0.402472,-0.339743,1
27428,flayer7,7.76212,12.32,-0.291263,-0.0718743,2
27428,flyer1,16.5,9.01607,-0.279348,-0.109383,2
27429,bullet3,14.6502,2.87469,0.8,0,1
27430,flayer8,7.5,14.4762,-0.3,0,2
27432,player,8.99097,2.1777,0.0761045,0.077262,1
27432,flyer3,16.5,9.01607,-0.3,0,2
27433,flayer7,6.3058,11.9606,-0.291263,-0.0718743,2
27433,flyer1,15.1033,8.46915,-0.279348,-0.109383,2
27435,flayer8,5.99999,14.4762,-0.3,0,2
27437,player,8.49437,2.79747,-0.0669394,0.0697695,1
27437,flyer3,15,9.01607,-0.3,0,2
27437,bullet4,8.89437,2.79747,0.8,0,1
27438,flayer7,4.84949,11.6012,-0.291263,-0.0718743,2
27438,flyer1,13.7065,7.92224,-0.279348,-0.109383,2
27440,flayer8,4.49999,14.4762,-0.3,0,2
27441,bullet2,8.84185,2.29449,0.8,0,1
27442,player,8.44061,2.26502,-0.00123522,-0.0294672,1
27442,flyer3,13.5,9.01607,-0.3,0,2
27442,bullet4,12.8944,2.79747,0.8,0,1
27442,bullet5,8.84061,2.26502,0.8,0,1
27443,flayer7,3.39317,11.2418,-0.291263,-0.0718743,2
27443,flyer1,12.3098,7.37533,-0.279348,-0.109383,2
27444,bullet6,8.8398,2.2458,0.8,0,1
27445,flayer8,2.99999,14.4762,-0.3,0,2
27446,bullet2,12.8418,2.29449,0.8,0,1
27447,player,7.8819,2.79908,-0.0683665,0.0678,1
27447,flyer3,12,9.01607,-0.3,0,2
27447,bullet5,12.8406,2.26502,0.8,0,1
27448,flayer7,1.93686,10.8825,-0.291263,-0.0718743,2
27448,flyer1,10.913,6.82841,-0.279348,-0.109383,2
27449,bullet6,12.8398,2.2458,0.8,0,1
27450,flayer8,1.49999,14.4762,-0.3,0,2
27451,bullet1,8.78597,2.82152,0.8,0,1
27452,player,8.41547,2.83969,0.0294931,0.0181662,1
27452,flyer3,10.5,9.01607,-0.3,0,2
27452,bullet3,8.81547,2.83969,0.8,0,1
27453,flayer7,0.480545,10.5231,-0.291263,-0.0718743,2
27453,flyer1,9.51629,6.28149,-0.279348,-0.109383,2
27455,flayer8,-6.4373e-06,14.4762,-0.3,0,2
27456,bullet1,12.786,2.82152,0.8,0,1
27457,player,9.02763,2.3649,0.0312989,-0.15154,1
27457,flyer3,9,9.01607,-0.3,0,2
27457,bullet3,12.8155,2.83969,0.8,0,1
27458,flyer1,8.11955,5.73458,-0.279348,-0.109383,2
27458,bullet4,9.44171,2.29671,0.8,0,1
27459,bullet2,9.44805,2.26602,0.8,0,1
27461,bullet5,9.45218,2.246,0.8,0,1
27462,player,9.39026,2.2432,0.338078,-0.00279634,1
27462,flyer3,7.5,9.01607,-0.3,0,2
27463,flyer1,6.72281,5.18766,-0.279348,-0.109383,2
27463,bullet4,13.4417,2.29671,0.8,0,1
27464,bullet2,13.448,2.26602,0.8,0,1
27464,bullet6,10.0109,2.24138,0.8,0,1
27466,bullet5,13.4522,2.246,0.8,0,1
27467,player,9.66176,2.24096,0.00623848,-5.16002e-05,1
27467,flyer3,5.99999,9.01607,-0.3,0,2
27468,flyer1,5.32607,4.64075,-0.279348,-0.109383,2
27468,bullet1,10.0646,2.24093,0.8,0,1
27469,bullet6,14.0109,2.24138,0.8,0,1
27472,player,10.7446,1.31494,0.182745,-0.368256,1
27472,flyer3,4.49999,9.01607,-0.3,0,2
27472,flyer2,16.5,9.01607,-0.292235,0.067813,2
27473,flyer1,3.92932,4.09383,-0.279348,-0.109383,2
27473,bullet1,14.0646,2.24093,0.8,0,1
27476,flyer4,16.5,9.01607,-0.292596,0.0662382,2
27476,bullet3,11.288,0.536623,0.8,0,1
27477,player,10.8914,0.461483,0.00337216,-0.0751391,1
27477,flyer3,2.99999,9.01607,-0.3,0,2
27477,flyer2,15.0388,9.35513,-0.292235,0.067813,2
27478,flyer1,2.53258,3.54692,-0.279348,-0.109383,2
27481,flyer4,15.037,9.34726,-0.292596,0.0662382,2
27481,bullet3,15.288,0.536623,0.8,0,1
27481,bullet4,11.8825,0.4,0.8,0,1
27482,player,11.4964,0.4,0.0139018,0,1
27482,flyer3,1.49999,9.01607,-0.3,0,2
27482,flyer2,13.5776,9.6942,-0.292235,0.067813,2
27482,bullet2,11.8964,0.4,0.8,0,1
27483,flyer1,1.13584,3,-0.279348,-0.109383,2
27484,bullet5,11.9055,0.4,0.8,0,1
27486,flyer4,13.574,9.67845,-0.292596,0.0662382,2
27486,bullet4,15.8825,0.4,0.8,0,1
27487,player,11.9969,0.4,0.152132,0,1
27487,flyer3,-6.4373e-06,9.01607,-0.3,0,2
27487,flyer2,12.1165,10.0333,-0.292235,0.067813,2
27487,bullet2,15.8964,0.4,0.8,0,1
27488,flyer1,-0.260899,2.45309,-0.279348,-0.109383,2
27489,bullet5,15.9055,0.4,0.8,0,1
27490,flyer5,16.5,9.01607,-0.248017,0.168783,2
27490,flyer6,16.5,4.25491,-0.294775,0.0557457,2
27491,flyer4,12.1111,10.0096,-0.292596,0.0662382,2
27492,player,12.232,0.903215,-0.135228,0.13496,1
27492,flyer2,10.6553,10.3723,-0.292235,0.067813,2
27495,flyer5,15.2599,9.85998,-0.248017,0.168783,2
27495,flyer6,15.0261,4.53364,-0.294775,0.0557457,2
27496,flyer4,10.6481,10.3408,-0.292596,0.0662382,2
27496,bullet6,12.0366,1.49848,0.8,0,1
27497,player,11.5657,1.56932,-0.0708391,0.0708341,1
27497,flyer2,9.19412,10.7114,-0.292235,0.067813,2
27500,flyer5,14.0198,10.7039,-0.248017,0.168783,2
27500,flyer6,13.5522,4.81236,-0.294775,0.0557457,2
27500,bullet1,11.3553,1.62199,0.8,0,1
27501,flyer4,9.1851,10.672,-0.292596,0.0662382,2
27501,bullet6,16.0366,1.49848,0.8,0,1
27502,player,11.244,1.6262,0.322353,0.00130709,1
27502,flyer2,7.73294,11.0505,-0.292235,0.067813,2
27503,bullet3,11.7891,1.62679,0.8,0,1
27505,flyer5,12.7797,11.5478,-0.248017,0.168783,2
27505,flyer6,12.0784,5.09109,-0.294775,0.0557457,2
27505,bullet1,15.3553,1.62199,0.8,0,1
27506,flyer4,7.72212,11.0032,-0.292596,0.0662382,2
27507,player,12.0606,2.67435,0.0742921,0.220243,1
27507,flyer2,6.27176,11.3895,-0.292235,0.067813,2
27508,bullet3,15.7891,1.62679,0.8,0,1
27510,flyer5,11.5397,12.3917,-0.248017,0.168783,2
27510,flyer6,10.6045,5.36982,-0.294775,0.0557457,2
27511,flyer4,6.25914,11.3344,-0.292596,0.0662382,2
27512,player,12.1203,1.70503,0.0013709,-0.0950343,1
27512,flyer2,4.81059,11.7286,-0.292235,0.067813,2
27512,bullet4,12.5203,1.70503,0.8,0,1
27515,flyer5,10.2996,13.2356,-0.248017,0.168783,2
27515,flyer6,9.13062,5.64855,-0.294775,0.0557457,2
27516,flyer4,4.79616,11.6656,-0.292596,0.0662382,2
27517,player,11.1816,1.89352,-0.351314,-0.325414,1
27517,flyer2,3.34941,12.0676,-0.292235,0.067813,2
27519,bullet2,11.3523,1.68119,0.8,0,1
27520,flyer5,9.05948,14.0795,-0.248017,0.168783,2
27520,flyer6,7.65675,5.92728,-0.294775,0.0557457,2
27521,flyer4,3.33318,11.9968,-0.292596,0.0662382,2
27522,player,10.8994,1.29469,-0.00648274,-0.343505,1
27522,flyer2,1.88823,12.4067,-0.292235,0.067813,2
27523,bullet5,11.2965,1.14011,0.8,0,1
27524,bullet2,15.3523,1.68119,0.8,0,1
27525,flyer5,7.8194,14.9234,-0.248017,0.168783,2
27525,flyer6,6.18287,6.206,-0.294775,0.0557457,2
27525,bullet6,11.2946,1.03925,0.8,0,1
27526,flyer4,1.8702,12.328,-0.292596,0.0662382,2
27527,player,10.8942,1.01882,-0.000119625,-0.00633863,1
27527,flyer2,0.427058,12.7458,-0.292235,0.067813,2
27527,bullet1,11.2942,1.01882,0.8,0,1
27528,bullet5,15.2965,1.14011,0.8,0,1
27530,flyer5,6.57931,15.7674,-0.248017,0.168783,2
27530,flyer6,4.709,6.48473,-0.294775,0.0557457,2
27530,bullet6,15.2946,1.03925,0.8,0,1
27530,bullet3,11.7835,1.01411,0.8,0,1
27531,flyer4,0.407217,12.6592,-0.292596,0.0662382,2
27532,player,11.8201,0.676232,0.368252,-0.337617,1
27532,bullet1,15.2942,1.01882,0.8,0,1
27535,flyer5,5.33923,16.6113,-0.248017,0.168783,2
27535,flyer6,3.23512,6.76346,-0.294775,0.0557457,2
27535,flayer7,16.5,9.61047,-0.3,0,2
27535,bullet3,15.7835,1.01411,0.8,0,1
27535,bullet4,13.0517,0.98289,0.8,0,1
27536,bullet2,13.0975,0.999801,0.8,0,1
27537,player,12.7182,1.00741,0.0206349,0.00760963,1
27540,flyer6,1.76125,7.04219,-0.294775,0.0557457,2
27540,flayer7,15,9.61047,-0.3,0,2
27540,flayer8,16.5,9.61047,-0.264523,0.141519,2
27540,bullet5,13.6912,1.57079,0.8,0,1
27542,player,13.337,1.95333,0.0142204,0.35148,1
27544,flyer1,16.5,9.61047,-0.259077,0.151258,2
27545,flyer6,0.287371,7.32092,-0.294775,0.0557457,2
27545,flayer7,13.5,9.61047,-0.3,0,2
27545,flayer8,15.1774,10.3181,-0.264523,0.141519,2
27546,bullet6,14.3367,2.81759,0.8,0,1
27547,player,13.9508,2.83792,0.014102,0.0203254,1
27549,flyer1,15.2046,10.3668,-0.259077,0.151258,2
27549,flyer3,16.5,9.61047,-0.3,0,2
27550,flayer7,12,9.61047,-0.3,0,2
27550,flayer8,13.8548,11.0257,-0.264523,0.141519,2
27552,player,12.2819,3.55565,-0.196209,-0.106906,1
27553,bullet1,12.5937,3.50754,0.8,0,1
27554,flyer1,13.9092,11.123,-0.259077,0.151258,2
27554,flyer3,15,9.61047,-0.3,0,2
27555,flayer7,10.5,9.61047,-0.3,0,2
27555,flayer8,12.5321,11.7333,-0.264523,0.141519,2
27556,bullet3,12.528,2.9824,0.8,0,1
27557,player,12.1244,2.91208,-0.00362061,-0.0703165,1
27559,flyer1,12.6138,11.8793,-0.259077,0.151258,2
27559,flyer3,13.5,9.61047,-0.3,0,2
27560,flayer7,9,9.61047,-0.3,0,2
27560,flayer8,11.2095,12.4408,-0.264523,0.141519,2
27562,player,12.1215,1.17545,-6.68104e-05,-0.197767,1
27562,bullet4,12.5215,1.17545,0.8,0,1
27564,flyer1,11.3185,12.6356,-0.259077,0.151258,2
27564,flyer3,12,9.61047,-0.3,0,2
27564,bullet2,12.5214,1.0464,0.8,0,1
27565,flayer7,7.5,9.61047,-0.3,0,2
27565,flayer8,9.88691,13.1484,-0.264523,0.141519,2
27567,player,12.1214,0.527249,-1.23284e-06,-0.155524,1
27569,flyer1,10.0231,13.3919,-0.259077,0.151258,2
27569,flyer3,10.5,9.61047,-0.3,0,2
27569,bullet5,13.0108,0.915144,0.8,0,1
27570,flayer7,5.99999,9.61047,-0.3,0,2
27570,flayer8,8.5643,13.856,-0.264523,0.141519,2
27572,player,12.2343,0.515288,-0.138035,-0.140905,1
27572,bullet6,12.6343,0.515288,0.8,0,1
27574,flyer1,8.72769,14.1482,-0.259077,0.151258,2
27574,flyer3,9,9.61047,-0.3,0,2
27574,bullet1,12.5443,0.423347,0.8,0,1
27575,flayer7,4.49999,9.61047,-0.3,0,2
27575,flayer8,7.24168,14.5636,-0.264523,0.141519,2
27577,player,12.1235,0.4,-0.00254714,0,1
27578,bullet3,12.5224,0.4,0.8,0,1
27579,flyer1,7.4323,14.9045,-0.259077,0.151258,2
27579,flyer3,7.5,9.61047,-0.3,0,2
27579,bullet4,12.5218,0.4,0.8,0,1
27580,flayer7,2.99999,9.61047,-0.3,0,2
27580,flayer8,5.91906,15.2712,-0.264523,0.141519,2
27582,player,12.1215,0.4,-4.70019e-05,0,1
27582,bullet2,12.5215,0.4,0.8,0,1
27584,flyer1,6.13692,15.6608,-0.259077,0.151258,2
27584,flyer3,5.99999,9.61047,-0.3,0,2
27585,flayer7,1.49999,9.61047,-0.3,0,2
27585,flayer8,4.59645,15.9788,-0.264523,0.141519,2
27585,bullet5,12.5214,0.4,0.8,0,1
27586,bullet6,12.5214,0.4,0.8,0,1
27587,player,12.1214,0.4,-8.67318e-07,0,1
27588,bullet1,12.5214,0.4,0.8,0,1
27589,flyer1,4.84153,16.4171,-0.259077,0.151258,2
27589,flyer3,4.49999,9.61047,-0.3,0,2
27590,flayer7,-6.4373e-06,9.61047,-0.3,0,2
27590,bullet5,16.5214,0.4,0.8,0,1
27591,bullet6,16.5214,0.4,0.8,0,1
27592,player,13.5368,1.47785,0.52013,0.18263,1
27592,flyer2,16.5,7.01941,-0.3,0,2
27593,flyer4,16.5,7.01941,-0.295778,-0.050156,2
27593,bullet1,16.5214,0.4,0.8,0,1
27594,flyer3,2.99999,9.61047,-0.3,0,2
27594,flyer5,16.5,7.01941,-0.3,0,2
27597,player,14.5122,1.13514,0.0779416,-0.148505,1
27597,flyer2,15,7.01941,-0.3,0,2
27598,flyer4,15.0211,6.76863,-0.295778,-0.050156,2
27598,bullet3,14.9473,1.06831,0.8,0,1
27599,flyer3,1.49999,9.61047,-0.3,0,2
27599,flyer5,15,7.01941,-0.3,0,2
27602,player,13.9863,1.60435,-0.0293164,0.0280144,1
27602,flyer2,13.5,7.01941,-0.3,0,2
27602,bullet4,14.3863,1.60435,0.8,0,1
27603,flyer4,13.5422,6.51784,-0.295778,-0.050156,2
27604,flyer3,-6.4373e-06,9.61047,-0.3,0,2
27604,flyer5,13.5,7.01941,-0.3,0,2
27606,flyer6,16.5,7.01941,-0.285849,0.0910512,2
27606,bullet2,14.4624,2.11571,0.8,0,1
27607,player,14.0074,2.18457,-0.0550451,0.0688607,1
27607,flyer2,12,7.01941,-0.3,0,2
27608,flyer4,12.0633,6.26706,-0.295778,-0.050156,2
27608,bullet5,14.3826,2.21556,0.8,0,1
27609,flyer5,12,7.01941,-0.3,0,2
27609,bullet6,14.3714,2.2295,0.8,0,1
27611,flyer6,15.0708,7.47466,-0.285849,0.0910512,2
27611,bullet1,14.3642,2.2386,0.8,0,1
27612,player,13.9632,2.23987,-0.00101574,0.00127067,1
27612,flyer2,10.5,7.01941,-0.3,0,2
27613,flyer4,10.5845,6.01628,-0.295778,-0.050156,2
27613,bullet3,14.3627,2.24044,0.8,0,1
27614,flyer5,10.5,7.01941,-0.3,0,2
27616,flyer6,13.6415,7.92992,-0.285849,0.0910512,2
27617,player,14.5201,2.79861,0.068325,0.0683672,1
27617,flyer2,9,7.01941,-0.3,0,2
27618,flyer4,9.10557,5.7655,-0.295778,-0.050156,2
27619,flyer5,9,7.01941,-0.3,0,2
27621,flyer6,12.2123,8.38517,-0.285849,0.0910512,2
27621,bullet4,14.3852,2.26378,0.8,0,1
27622,player,13.9726,2.2512,-0.0125788,-0.012578,1
27622,flyer2,7.5,7.01941,-0.3,0,2
27623,flyer4,7.62668,5.51472,-0.295778,-0.050156,2
27623,bullet2,14.367,2.24554,0.8,0,1
27624,flyer5,7.5,7.01941,-0.3,0,2
27626,flyer6,10.783,8.84043,-0.285849,0.0910512,2
27626,bullet5,13.8734,2.24133,0.8,0,1
27627,player,13.4048,2.2411,-0.0685759,-0.0002321,1
27627,flyer2,5.99999,7.01941,-0.3,0,2
27628,flyer4,6.14779,5.26394,-0.295778,-0.050156,2
27628,bullet6,12.9739,2.24099,-0.8,-6.99382e-08,1
27629,flyer5,5.99999,7.01941,-0.3,0,2
27629,bullet1,13.76,2.24095,0.8,0,1
27631,flyer6,9.35378,9.29568,-0.285849,0.0910512,2
27632,player,13.6872,1.90341,0.336235,-0.337504,1
27632,flyer2,4.49999,7.01941,-0.3,0,2
27633,flyer4,4.6689,5.01316,-0.295778,-0.050156,2
27633,bullet6,8.97393,2.24099,-0.8,-6.99382e-08,1
27633,bullet3,14.2385,1.75154,0.8,0,1
27634,flyer5,4.49999,7.01941,-0.3,0,2
27635,bullet4,14.3373,1.65244,0.8,0,1
27636,flyer6,7.92454,9.75094,-0.285849,0.0910512,2
27636,bullet2,14.351,1.6386,0.8,0,1
27637,player,13.9572,1.63237,0.00620447,-0.0062279,1
27637,flyer2,2.99999,7.01941,-0.3,0,2
27638,flyer4,3.19001,4.76238,-0.295778,-0.050156,2
27638,bullet6,4.97393,2.24099,-0.8,-6.99382e-08,1
27639,flyer5,2.99999,7.01941,-0.3,0,2
27641,flyer6,6.4953,10.2062,-0.285849,0.0910512,2
27641,bullet5,13.8044,0.48129,0.8,0,1
27642,player,13.3738,0.436581,-0.0306402,-0.0447092,1
27642,flyer2,1.49999,7.01941,-0.3,0,2
27643,flyer4,1.71112,4.5116,-0.295778,-0.050156,2
27643,bullet6,0.97393,2.24099,-0.8,-6.99382e-08,1
27644,flyer5,1.49999,7.01941,-0.3,0,2
27646,flyer6,5.06605,10.6615,-0.285849,0.0910512,2
27646,bullet1,13.7497,0.4015,0.8,0,1
27647,player,13.3492,0.400675,-0.000565398,-0.000825011,1
27647,flyer2,-6.4373e-06,7.01941,-0.3,0,2
27648,flyer4,0.232237,4.26082,-0.295778,-0.050156,2
27648,bullet3,13.7489,0.400304,0.8,0,1
27649,flyer5,-6.4373e-06,7.01941,-0.3,0,2
27651,flyer6,3.6368,11.1167,-0.285849,0.0910512,2
27651,flayer8,16.5,7.01941,-0.3,0,2
27652,player,13.3487,0.400013,-1.04332e-05,-1.52238e-05,1
27652,flyer1,16.5,7.90059,-0.29458,0.0567661,2
27652,bullet4,13.7487,0.400013,0.8,0,1
27656,flyer6,2.20756,11.572,-0.285849,0.0910512,2
27656,flayer8,15,7.01941,-0.3,0,2
27656,flayer7,16.5,7.90059,-0.3,0,2
27657,player,12.7464,0.4,-0.0138398,0,1
27657,flyer1,15.0271,8.18443,-0.29458,0.0567661,2
27658,bullet2,13.1401,0.4,0.8,0,1
27659,bullet6,13.1373,0.4,0.8,0,1
27661,flyer6,0.778314,12.0272,-0.285849,0.0910512,2
27661,flayer8,13.5,7.01941,-0.3,0,2
27661,flayer7,15,7.90059,-0.3,0,2
27662,player,12.7353,0.4,-0.000255383,0,1
27662,flyer1,13.5542,8.46826,-0.29458,0.0567661,2
27663,bullet5,13.1351,0.4,0.8,0,1
27666,flayer8,12,7.01941,-0.3,0,2
27666,flayer7,13.5,7.90059,-0.3,0,2
27667,player,13.2928,1.44709,0.068339,0.220219,1
27667,flyer1,12.0813,8.75209,-0.29458,0.0567661,2
27668,flyer3,16.5,6.27039,-0.3,0,2
27668,bullet1,13.7235,1.54619,0.8,0,1
27671,flayer8,10.5,7.01941,-0.3,0,2
27671,flayer7,12,7.90059,-0.3,0,2
27672,player,13.9361,2.54992,0.0320157,0.372318,1
27672,flyer1,10.6084,9.03592,-0.29458,0.0567661,2
27673,flyer3,15,6.27039,-0.3,0,2
27675,bullet3,14.3599,2.26907,0.8,0,1
27676,flayer8,9,7.01941,-0.3,0,2
27676,flayer7,10.5,7.90059,-0.3,0,2
27676,bullet4,14.3612,2.25358,0.8,0,1
27677,player,13.9618,2.24661,0.00059078,-0.00696929,1
27677,flyer1,9.13549,9.31976,-0.29458,0.0567661,2
27678,flyer3,13.5,6.27039,-0.3,0,2
27679,bullet2,14.8516,2.73144,0.8,0,1
27681,flayer8,7.5,7.01941,-0.3,0,2
27681,flayer7,9,7.90059,-0.3,0,2
27682,player,14.2271,3.18083,-0.323649,0.351211,1
27682,flyer1,7.66259,9.60359,-0.29458,0.0567661,2
27683,flyer3,12,6.27039,-0.3,0,2
27686,flayer8,5.99999,7.01941,-0.3,0,2
27686,flayer7,7.5,7.90059,-0.3,0,2
27687,player,12.8072,4.50997,-0.0881556,0.2267,1
27687,flyer1,6.18968,9.88742,-0.29458,0.0567661,2
27688,flyer3,10.5,6.27039,-0.3,0,2
27688,bullet6,13.1675,4.61199,0.8,0,1
27691,flayer8,4.49999,7.01941,-0.3,0,2
27691,flayer7,5.99999,7.90059,-0.3,0,2
27692,player,12.1479,4.94301,-0.0323814,-0.302562,1
27692,flyer1,4.71678,10.1713,-0.29458,0.0567661,2
27693,flyer3,9,6.27039,-0.3,0,2
27695,bullet5,12.5238,4.71801,0.8,0,1
27696,flayer8,2.99999,7.01941,-0.3,0,2
27696,flayer7,4.49999,7.90059,-0.3,0,2
27696,bullet1,12.5225,4.70561,0.8,0,1
27697,player,12.1219,4.70002,-0.000597528,-0.00558312,1
27697,flyer1,3.24388,10.4551,-0.29458,0.0567661,2
27698,flyer3,7.5,6.27039,-0.3,0,2
27699,bullet3,12.5215,4.69638,0.8,0,1
27701,flayer8,1.49999,7.01941,-0.3,0,2
27701,flayer7,2.99999,7.90059,-0.3,0,2
27702,player,12.1214,4.35804,-1.10261e-05,-0.337603,1
27702,flyer1,1.77098,10.7389,-0.29458,0.0567661,2
27703,flyer3,5.99999,6.27039,-0.3,0,2
27703,bullet4,12.5214,4.20612,0.8,0,1
27706,flayer8,-6.4373e-06,7.01941,-0.3,0,2
27706,flayer7,1.49999,7.90059,-0.3,0,2
27707,player,12.1214,4.08692,-2.03462e-07,-0.00622973,1
27707,flyer1,0.298075,11.0228,-0.29458,0.0567661,2
27708,flyer3,4.49999,6.27039,-0.3,0,2
27708,flyer2,16.5,6.27039,-0.287808,0.0846542,2
27710,flyer4,16.5,6.27039,-0.285223,-0.0929931,2
27711,flayer7,-6.4373e-06,7.90059,-0.3,0,2
27712,player,11.5329,3.49344,-0.0307547,-0.0308696,1
27712,bullet2,11.9329,3.49344,0.8,0,1
27713,flyer3,2.99999,6.27039,-0.3,0,2
27713,flyer2,15.061,6.69366,-0.287808,0.0846542,2
27715,flyer4,15.0739,5.80542,-0.285223,-0.0929931,2
27715,bullet6,11.9101,4.0282,0.8,0,1
27717,player,11.0189,3.58159,-0.152443,-0.138605,1
27717,bullet2,15.9329,3.49344,0.8,0,1
27718,flyer3,1.49999,6.27039,-0.3,0,2
27718,flyer2,13.6219,7.11693,-0.287808,0.0846542,2
27718,bullet5,11.3503,3.51921,0.8,0,1
27720,flyer4,13.6478,5.34046,-0.285223,-0.0929931,2
27720,bullet6,15.9101,4.0282,0.8,0,1
27722,player,10.3387,3.47027,-0.0711567,-0.00255765,1
27722,bullet1,10.7387,3.47027,0.8,0,1
27723,flyer3,-6.4373e-06,6.27039,-0.3,0,2
27723,flyer2,12.1829,7.54021,-0.287808,0.0846542,2
27723,bullet5,15.3503,3.51921,0.8,0,1
27725,flyer4,12.2217,4.87549,-0.285223,-0.0929931,2
27725,flyer5,16.5,6.27039,-0.3,0,2
27727,player,9.67926,3.58116,-0.0151527,-0.138083,1
27727,bullet1,14.7387,3.47027,0.8,0,1
27728,flyer2,10.7438,7.96348,-0.287808,0.0846542,2
27730,flyer4,10.7955,4.41053,-0.285223,-0.0929931,2
27730,flyer5,15,6.27039,-0.3,0,2
27730,flyer6,16.5,7.97527,-0.279818,-0.108175,2
27730,bullet3,10.6257,3.47848,0.8,0,1
