53000,player,7.01871,3.97983,-0.3375,0.3375,1
53002,bullet1,6.70912,3.71067,0.8,0,1
53005,player,6.14536,4.13793,-0.0200674,0.144263,1
53006,bullet2,6.53633,4.20285,0.8,0,1
53007,bullet1,10.7091,3.71067,0.8,0,1
53007,bullet3,6.53226,4.23206,0.8,0,1
53009,bullet4,6.04024,4.25112,0.8,0,1
53010,player,5.23402,3.91629,-0.406214,-0.334838,1
53011,bullet2,10.5363,4.20285,0.8,0,1
53012,bullet1,14.7091,3.71067,0.8,0,1
53012,bullet3,10.5323,4.23206,0.8,0,1
53014,bullet4,10.0402,4.25112,0.8,0,1
53015,player,5.15877,2.72141,-0.314241,-0.374433,1
53016,bullet2,14.5363,4.20285,0.8,0,1
53017,bullet3,14.5323,4.23206,0.8,0,1
53019,bullet4,14.0402,4.25112,0.8,0,1
53019,bullet5,4.72373,3.47471,0.8,0,1
53020,player,4.3041,3.5669,-0.0196382,0.0921891,1
53020,bullet6,4.7041,3.5669,0.8,0,1
53022,bullet1,4.20191,3.62705,0.8,0,1
53024,bullet5,8.72374,3.47471,0.8,0,1
53025,player,3.75436,4.13031,-0.0977332,0.153576,1
53025,bullet6,8.7041,3.5669,0.8,0,1
53027,bullet1,8.20191,3.62705,0.8,0,1
53028,bullet2,3.59231,4.73389,0.8,0,1
53029,bullet5,12.7237,3.47471,0.8,0,1
53030,player,3.91427,5.33149,0.456817,0.185464,1
53030,bullet6,12.7041,3.5669,0.8,0,1
53032,bullet1,12.2019,3.62705,0.8,0,1
53033,bullet2,7.59231,4.73389,0.8,0,1
53034,flyer1,16.5,9.68295,-0.3,0,2
53035,player,4.77051,6.55828,0.160305,0.186052,1
53035,flyer2,16.5,9.68295,-0.298633,-0.0286051,2
53035,bullet3,5.17051,6.55828,0.8,0,1
53036,bullet4,5.24265,6.642,0.8,0,1
53037,bullet1,16.2019,3.62705,0.8,0,1
53038,bullet2,11.5923,4.73389,0.8,0,1
53039,flyer1,15,9.68295,-0.3,0,2
53039,bullet5,5.29629,7.19364,0.8,0,1
53040,player,4.89925,7.26542,0.00295807,0.0717769,1
53040,flyer2,15.0068,9.53992,-0.298633,-0.0286051,2
53040,bullet3,9.17051,6.55828,0.8,0,1
53041,bullet4,9.24265,6.642,0.8,0,1
53043,bullet2,15.5923,4.73389,0.8,0,1
53044,flyer1,13.5,9.68295,-0.3,0,2
53044,bullet5,9.29629,7.19364,0.8,0,1
53045,player,4.93237,6.27596,-0.0375345,-0.218894,1
53045,flyer2,13.5137,9.3969,-0.298633,-0.0286051,2
53045,bullet3,13.1705,6.55828,0.8,0,1
53046,bullet4,13.2426,6.642,0.8,0,1
53049,flyer1,12,9.68295,-0.3,0,2
53049,bullet5,13.2963,7.19364,0.8,0,1
53049,bullet6,5.40202,6.20331,0.8,0,1
53050,player,4.94682,6.14477,-0.0551968,-0.0585434,1
53050,flyer2,12.0205,9.25387,-0.298633,-0.0286051,2
53050,bullet1,5.34682,6.14477,0.8,0,1
53051,bullet2,5.32199,6.11842,0.8,0,1
53053,bullet3,4.8164,6.10123,0.8,0,1
53054,flyer1,10.5,9.68295,-0.3,0,2
53054,bullet6,9.40202,6.20331,0.8,0,1
53055,player,3.48715,6.24963,-0.521148,-0.186705,1
53055,flyer2,10.5273,9.11084,-0.298633,-0.0286051,2
53055,bullet1,9.34683,6.14477,0.8,0,1
53056,bullet2,9.32199,6.11842,0.8,0,1
53058,bullet3,8.81641,6.10123,0.8,0,1
53059,flyer1,9,9.68295,-0.3,0,2
53059,bullet6,13.402,6.20331,0.8,0,1
53060,player,1.32012,5.64107,-0.122555,-0.192909,1
53060,flyer2,9.03416,8.96781,-0.298633,-0.0286051,2
53060,bullet1,13.3468,6.14477,0.8,0,1
53061,bullet2,13.322,6.11842,0.8,0,1
53063,bullet3,12.8164,6.10123,0.8,0,1
53064,flyer1,7.5,9.68295,-0.3,0,2
53065,player,0.588627,6.18756,0.021488,-0.11084,1
53065,flyer2,7.54099,8.82479,-0.298633,-0.0286051,2
53065,flyer3,16.5,9.68295,-0.216326,-0.207854,2
53065,bullet4,0.988627,6.18756,0.8,0,1
53067,bullet5,0,6.11524,-0.8,-6.99382e-08,1
53069,flyer1,5.99999,9.68295,-0.3,0,2
53069,bullet6,0.8,5.61122,0.8,0,1
53070,player,0.4,5.54083,0,-0.0703891,1
53070,flyer2,6.04783,8.68176,-0.298633,-0.0286051,2
53070,flyer3,15.4184,8.64368,-0.216326,-0.207854,2
53070,bullet4,4.98863,6.18756,0.8,0,1
53070,bullet1,0.8,5.54083,0.8,0,1
53071,bullet2,0.8,5.50915,0.8,0,1
53074,flyer1,4.49999,9.68295,-0.3,0,2
53074,bullet6,4.8,5.61122,0.8,0,1
53075,player,0.4,5.4843,0,-0.00129888,1
53075,flyer2,4.55466,8.53873,-0.298633,-0.0286051,2
53075,flyer3,14.3367,7.60442,-0.216326,-0.207854,2
53075,bullet4,8.98863,6.18756,0.8,0,1
53075,bullet1,4.8,5.54083,0.8,0,1
53076,bullet2,4.8,5.50915,0.8,0,1
53079,flyer1,2.99999,9.68295,-0.3,0,2
53079,bullet6,8.8,5.61122,0.8,0,1
53080,player,0.4,4.88094,0,-0.0138636,1
53080,flyer2,3.0615,8.3957,-0.298633,-0.0286051,2
53080,flyer3,13.2551,6.56515,-0.216326,-0.207854,1
53080,bullet1,8.8,5.54083,0.8,0,1
53080,explosion1,12.9886,6.18756,-0.216326,-0.207854,1
53081,bullet2,8.8,5.50915,0.8,0,1
53081,bullet3,0.8,4.8747,0.8,0,1
53083,explosion2,12,5.61122,-0.216326,-0.207854,1
53083,explosion3,12.6061,5.94159,-0.216326,-0.207854,1
53084,flyer1,1.49999,9.68295,-0.3,0,2
53085,player,0.620219,4.64959,-0.269156,0.2689,1
53085,flyer2,1.56833,8.25268,-0.298633,-0.0286051,2
53085,bullet1,12.8,5.54083,0.8,0,1
53086,bullet2,12.8,5.50915,0.8,0,1
53086,bullet3,4.8,4.8747,0.8,0,1
53088,explosion3,11.5245,4.90232,-0.216326,-0.207854,1
53088,bullet5,0.820068,4.84955,0.8,0,1
53089,flyer1,-6.4373e-06,9.68295,-0.3,0,2
53090,player,0.404064,4.86554,-0.00496669,0.00496197,1
53090,flyer2,0.0751662,8.10965,-0.298633,-0.0286051,2
53090,bullet4,0.804064,4.86554,0.8,0,1
53091,bullet2,16.8,5.50915,0.8,0,1
53091,bullet3,8.8,4.8747,0.8,0,1
53093,flyer4,16.5,9.68295,-0.216212,0.207972,2
53093,bullet5,4.82007,4.84955,0.8,0,1
53093,bullet6,0.8,4.86923,0.8,0,1
53095,player,0.4,5.20703,-0,0.337592,1
53095,bullet4,4.80406,4.86554,0.8,0,1
53096,bullet3,12.8,4.8747,0.8,0,1
53098,flyer4,15.4189,10.7228,-0.216212,0.207972,2
53098,bullet5,8.82007,4.84955,0.8,0,1
53098,bullet6,4.8,4.86923,0.8,0,1
53100,player,0.4,5.47814,0,0.00622951,1
53100,bullet4,8.80406,4.86554,0.8,0,1
53102,bullet1,0.8,5.48221,0.8,0,1
53103,flyer4,14.3379,11.7627,-0.216212,0.207972,2
53103,bullet5,12.8201,4.84955,0.8,0,1
53103,bullet6,8.8,4.86923,0.8,0,1
53105,player,0.4,6.04086,-0,0.0684587,1
53105,bullet4,12.8041,4.86554,0.8,0,1
53107,bullet1,4.8,5.48221,0.8,0,1
53108,flyer4,13.2568,12.8025,-0.216212,0.207972,2
53108,bullet6,12.8,4.86923,0.8,0,1
53109,bullet2,0.8,6.09458,0.8,0,1
53110,player,0.7375,5.75834,0.3375,-0.336237,1
53112,bullet1,8.8,5.48221,0.8,0,1
53112,bullet3,1.35772,5.53895,0.8,0,1
53113,flyer4,12.1758,13.8424,-0.216212,0.207972,2
53113,bullet5,1.38847,5.50831,0.8,0,1
53114,bullet2,4.8,6.09458,0.8,0,1
53115,player,1.00854,5.48831,0.00622782,-0.00620451,1
53117,bullet1,12.8,5.48221,0.8,0,1
53117,bullet3,5.35772,5.53895,0.8,0,1
53118,flyer4,11.0947,14.8823,-0.216212,0.207972,2
53118,bullet5,5.38847,5.50831,0.8,0,1
53119,bullet2,8.8,6.09458,0.8,0,1
53120,player,1.01354,5.97271,0.000114921,0.151761,1
53122,bullet3,9.35772,5.53895,0.8,0,1
53123,flyer4,10.0137,15.9221,-0.216212,0.207972,2
53123,bullet5,9.38847,5.50831,0.8,0,1
53124,bullet2,12.8,6.09458,0.8,0,1
53125,player,0.793416,6.40133,0.269158,0.377889,1
53126,flyer5,16.5,9.68295,-0.289425,-0.0789516,2
53127,bullet3,13.3577,5.53895,0.8,0,1
53128,bullet5,13.3885,5.50831,0.8,0,1
53129,flyer6,16.5,8.99152,-0.232724,0.189314,2
53130,player,1.61189,6.7048,0.0188063,0.00697312,1
53130,bullet4,2.01189,6.7048,0.8,0,1
53131,flyer5,15.0529,9.28819,-0.289425,-0.0789516,2
53132,flayer7,16.5,8.99152,-0.3,0,2
53132,bullet6,2.02416,6.70935,0.8,0,1
53133,bullet1,2.02587,6.70999,0.8,0,1
53134,flyer6,15.3364,9.93809,-0.232724,0.189314,2
53135,player,1.28949,7.0479,-0.337153,0.337629,1
53135,bullet4,6.01189,6.7048,0.8,0,1
53136,flyer5,13.6058,8.89343,-0.289425,-0.0789516,2
53136,bullet2,1.53777,7.19984,0.8,0,1
53137,flayer7,15,8.99152,-0.3,0,2
53137,bullet6,6.02416,6.70935,0.8,0,1
53138,bullet1,6.02587,6.70999,0.8,0,1
53139,flyer6,14.1728,10.8847,-0.232724,0.189314,2
53140,player,1.01873,7.31905,-0.00622142,0.0062302,1
53140,bullet4,10.0119,6.7048,0.8,0,1
53141,flyer5,12.1586,8.49867,-0.289425,-0.0789516,2
53141,bullet2,5.53777,7.19984,0.8,0,1
53142,flayer7,13.5,8.99152,-0.3,0,2
53142,bullet6,10.0242,6.70935,0.8,0,1
53143,bullet1,10.0259,6.70999,0.8,0,1
53144,flyer6,13.0092,11.8312,-0.232724,0.189314,2
53145,player,0.425257,7.91253,-0.0308695,0.0308697,1
53145,bullet4,14.0119,6.7048,0.8,0,1
53146,flyer5,10.7115,8.10391,-0.289425,-0.0789516,2
53146,bullet2,9.53777,7.19984,0.8,0,1
53147,flayer7,12,8.99152,-0.3,0,2
53147,bullet6,14.0242,6.70935,0.8,0,1
53147,explosion4,10.3378,7.19984,-0.289425,-0.0789516,1
53148,bullet1,14.0259,6.70999,0.8,0,1
53149,flyer6,11.8455,12.7778,-0.232724,0.189314,2
53150,player,0.46881,8.05025,-0.0841009,-0.137466,1
53151,flyer5,9.26438,7.70916,-0.289425,-0.0789516,1
53152,flayer7,10.5,8.99152,-0.3,0,2
53152,flayer8,16.5,7.50795,-0.3,0,2
53154,flyer6,10.6819,13.7244,-0.232724,0.189314,2
53155,player,0.4,9.08605,0,0.0965618,1
53155,bullet3,0.8,9.08605,0.8,0,1
53156,flyer5,7.81725,7.3144,-0.289425,-0.0789516,1
53156,bullet5,0.8,9.1295,0.8,0,1
53157,flayer7,9,8.99152,-0.3,0,2
53157,flayer8,15,7.50795,-0.3,0,2
53159,flyer6,9.5183,14.6709,-0.232724,0.189314,2
53160,player,0.4,8.67422,0,-0.150093,1
53160,bullet3,4.8,9.08605,0.8,0,1
53161,flyer5,6.37013,6.91964,-0.289425,-0.0789516,1
53161,bullet5,4.8,9.1295,0.8,0,1
53162,flayer7,7.5,8.99152,-0.3,0,2
53162,flayer8,13.5,7.50795,-0.3,0,2
53162,bullet2,0.8,8.57628,0.8,0,1
53163,explosion5,6.4,9.1295,-0.3,0,1
53163,explosion6,7.2,9.08605,-0.3,0,1
53163,explosion7,7.2,8.99152,-0.3,0,1
53163,bullet4,0.8,8.5626,0.8,0,1
53164,flyer6,8.35469,15.6175,-0.232724,0.189314,2
53165,player,0.4,8.55368,0,-0.00276964,1
53165,bullet6,0.8,8.55368,0.8,0,1
53166,flyer5,4.923,6.52489,-0.289425,-0.0789516,1
53166,bullet1,0.8,8.55243,0.8,0,1
53167,flayer8,12,7.50795,-0.3,0,2
53167,bullet2,4.8,8.57628,0.8,0,1
53168,explosion6,5.7,9.08605,-0.3,0,1
53168,explosion7,5.69999,8.99152,-0.3,0,1
53168,bullet4,4.8,8.5626,0.8,0,1
53170,player,0.7375,8.21396,0.3375,-0.337551,1
53170,bullet6,4.8,8.55368,0.8,0,1
53171,flyer5,3.47588,6.13013,-0.289425,-0.0789516,1
53171,bullet1,4.8,8.55243,0.8,0,1
53172,flayer8,10.5,7.50795,-0.3,0,2
53172,bullet2,8.8,8.57628,0.8,0,1
53173,bullet4,8.8,8.5626,0.8,0,1
53175,player,1.34604,7.0169,0.343728,-0.374483,1
53175,bullet6,8.8,8.55368,0.8,0,1
53176,flyer5,2.02876,5.73537,-0.289425,-0.0789516,1
53176,bullet1,8.8,8.55243,0.8,0,1
53177,flayer8,9,7.50795,-0.3,0,2
53177,bullet2,12.8,8.57628,0.8,0,1
53178,bullet4,12.8,8.5626,0.8,0,1
53180,player,0.68227,7.31847,-0.344997,0.00692934,1
53180,bullet6,12.8,8.55368,0.8,0,1
53181,flyer5,0.581633,5.34062,-0.289425,-0.0789516,1
53181,bullet1,12.8,8.55243,0.8,0,1
53182,flayer8,7.5,7.50795,-0.3,0,2
53185,player,0.4,6.17785,0,-0.0989706,1
53185,flyer3,16.5,7.50795,-0.3,0,2
53185,bullet6,16.8,8.55368,0.8,0,1
53186,flyer1,16.5,7.50795,-0.227837,-0.195167,2
53186,bullet1,16.8,8.55243,0.8,0,1
53186,bullet3,0.8,6.13331,0.8,0,1
53187,flayer8,5.99999,7.50795,-0.3,0,2
53187,bullet5,0.8,6.11327,0.8,0,1
53189,bullet2,0.8,6.10019,0.8,0,1
53190,player,0.4,6.09836,0,-0.00182629,1
53190,flyer3,15,7.50795,-0.3,0,2
53190,bullet4,0.8,6.09836,0.8,0,1
53191,flyer1,15.3608,6.53211,-0.227837,-0.195167,2
53191,bullet3,4.8,6.13331,0.8,0,1
53192,flayer8,4.49999,7.50795,-0.3,0,2
53192,bullet5,4.8,6.11327,0.8,0,1
53194,bullet2,4.8,6.10019,0.8,0,1
53195,player,0.499099,6.68537,-0.12112,0.030721,1
53195,flyer3,13.5,7.50795,-0.3,0,2
53195,bullet4,4.8,6.09836,0.8,0,1
53196,flyer1,14.2216,5.55628,-0.227837,-0.195167,2
53196,bullet3,8.8,6.13331,0.8,0,1
53197,flayer8,2.99999,7.50795,-0.3,0,2
53197,bullet5,8.8,6.11327,0.8,0,1
53199,bullet2,8.8,6.10019,0.8,0,1
53200,player,0.401829,6.12157,-0.00223501,-0.0301878,1
53200,flyer3,12,7.50795,-0.3,0,2
53200,bullet4,8.8,6.09836,0.8,0,1
53201,flyer1,13.0825,4.58044,-0.227837,-0.195167,2
53201,bullet3,12.8,6.13331,0.8,0,1
53202,flayer8,1.49999,7.50795,-0.3,0,2
53202,bullet5,12.8,6.11327,0.8,0,1
53204,bullet2,12.8,6.10019,0.8,0,1
53205,player,0.4,6.09733,0,-0.00055705,1
53205,flyer3,10.5,7.50795,-0.3,0,2
53205,bullet4,12.8,6.09836,0.8,0,1
53206,flyer1,11.9433,3.6046,-0.227837,-0.195167,2
53207,flayer8,-6.4373e-06,7.50795,-0.3,0,2
53209,flyer2,16.5,7.50795,-0.297952,-0.0349937,2
53210,player,1.59079,4.90609,0.0445943,-0.0446046,1
53210,flyer3,9,7.50795,-0.3,0,2
53210,flyer4,16.5,7.50795,-0.269326,0.13215,2
53210,bullet6,1.99079,4.90609,0.8,0,1
53211,flyer1,10.8041,2.62876,-0.227837,-0.195167,2
53211,bullet1,2.01085,4.88602,0.8,0,1
53214,flyer2,15.0102,7.33298,-0.297952,-0.0349937,2
53214,bullet3,2.02578,4.87109,0.8,0,1
53215,player,1.6266,4.87027,0.00082289,-0.00082308,1
53215,flyer3,7.5,7.50795,-0.3,0,2
53215,flyer4,15.1534,8.1687,-0.269326,0.13215,2
53215,bullet6,5.99079,4.90609,0.8,0,1
53216,flyer1,9.6649,1.65292,-0.227837,-0.195167,2
53216,bullet1,6.01085,4.88602,0.8,0,1
53217,bullet5,2.51651,5.35911,0.8,0,1
53219,flyer2,13.5205,7.15801,-0.297952,-0.0349937,2
53219,bullet3,6.02578,4.87109,0.8,0,1
53220,player,2.22957,5.47192,0.0138548,0.0138244,1
53220,flyer3,5.99999,7.50795,-0.3,0,2
53220,flyer4,13.8067,8.82946,-0.269326,0.13215,2
53220,bullet6,9.99079,4.90609,0.8,0,1
53221,flyer1,8.52572,0.677087,-0.227837,-0.195167,2
53221,bullet1,10.0109,4.88602,0.8,0,1
53222,bullet5,6.51651,5.35911,0.8,0,1
53224,flyer2,12.0307,6.98305,-0.297952,-0.0349937,2
53224,bullet3,10.0258,4.87109,0.8,0,1
53225,player,1.75132,5.37008,-0.151619,0.13829,1
53225,flyer3,4.49999,7.50795,-0.3,0,2
53225,flyer4,12.4601,9.49021,-0.269326,0.13215,2
53225,bullet6,13.9908,4.90609,0.8,0,1
53226,flyer1,7.38653,-0.298751,-0.227837,-0.195167,2
53226,bullet1,14.0109,4.88602,0.8,0,1
53227,bullet5,10.5165,5.35911,0.8,0,1
53229,flyer2,10.541,6.80808,-0.297952,-0.0349937,2
53229,bullet3,14.0258,4.87109,0.8,0,1
53230,player,1.07184,6.03886,-0.0711415,0.0708956,1
53230,flyer3,2.99999,7.50795,-0.3,0,2
53230,flyer4,11.1135,10.151,-0.269326,0.13215,2
53230,bullet2,1.47184,6.03886,0.8,0,1
53232,bullet5,14.5165,5.35911,0.8,0,1
53233,bullet4,1.41894,6.09158,0.8,0,1
53234,flyer2,9.05121,6.63311,-0.297952,-0.0349937,2
53235,player,0.67721,5.75829,-0.338813,-0.336192,1
53235,flyer3,1.49999,7.50795,-0.3,0,2
53235,flyer4,9.76687,10.8117,-0.269326,0.13215,2
53235,bullet2,5.47184,6.03886,0.8,0,1
53237,bullet6,0.856134,5.53893,0.8,0,1
53238,bullet4,5.41894,6.09158,0.8,0,1
53238,explosion8,7.87184,6.03886,-0.297952,-0.0349937,1
53239,flyer2,7.56145,6.45814,-0.297952,-0.0349937,1
53240,player,0.405114,4.93058,-0.00625205,-0.0745474,1
53240,flyer3,-6.4373e-06,7.50795,-0.3,0,2
53240,flyer4,8.42024,11.4725,-0.269326,0.13215,2
53240,explosion1,7.01894,6.09158,-0.297952,-0.0349937,1
53240,explosion2,7.26349,6.42315,-0.297952,-0.0349937,1
53240,bullet1,0.805114,4.93058,0.8,0,1
53241,bullet3,0.802301,4.89704,0.8,0,1
53242,bullet6,4.85613,5.53893,0.8,0,1
53245,player,0.4,5.36009,-0,0.150499,1
53245,flyer4,7.07361,12.1332,-0.269326,0.13215,2
53245,explosion2,5.77373,6.24818,-0.297952,-0.0349937,1
53245,bullet1,4.80511,4.93058,0.8,0,1
53246,bullet3,4.8023,4.89704,0.8,0,1
53247,bullet6,8.85614,5.53893,0.8,0,1
53247,bullet5,0.8,5.45829,0.8,0,1
53250,player,0.957719,6.03867,0.0683438,0.0711209,1
53250,flyer4,5.72699,12.794,-0.269326,0.13215,2
53250,bullet1,8.80512,4.93058,0.8,0,1
53251,bullet3,8.8023,4.89704,0.8,0,1
53252,bullet6,12.8561,5.53893,0.8,0,1
53252,bullet5,4.8,5.45829,0.8,0,1
53255,player,1.26358,7.02176,-0.305484,0.369567,1
53255,flyer4,4.38036,13.4547,-0.269326,0.13215,2
53255,bullet1,12.8051,4.93058,0.8,0,1
53256,bullet3,12.8023,4.89704,0.8,0,1
53257,bullet5,8.8,5.45829,0.8,0,1
53258,bullet2,1.43641,7.29658,0.8,0,1
53260,player,1.50762,6.82918,0.146238,-0.145055,1
53260,flyer4,3.03373,14.1155,-0.269326,0.13215,2
53261,flayer7,16.5,14.2028,-0.297618,0.0377302,2
53261,bullet4,1.97343,6.7639,0.8,0,1
53262,bullet5,12.8,5.45829,0.8,0,1
53262,bullet6,2.00304,6.73453,0.8,0,1
53263,bullet2,5.43641,7.29658,0.8,0,1
53265,player,1.62506,6.71269,0.0026985,-0.00267668,1
53265,flyer4,1.6871,14.7762,-0.269326,0.13215,2
53266,flayer7,15.0119,14.3914,-0.297618,0.0377302,2
53266,bullet4,5.97343,6.7639,0.8,0,1
53267,bullet6,6.00304,6.73453,0.8,0,1
53267,bullet1,2.02683,6.71094,0.8,0,1
53268,bullet2,9.43641,7.29658,0.8,0,1
53270,player,1.62723,6.71054,4.9795e-05,-4.93923e-05,1
53270,flyer4,0.340471,15.437,-0.269326,0.13215,2
53271,flayer7,13.5238,14.5801,-0.297618,0.0377302,2
53271,bullet4,9.97343,6.7639,0.8,0,1
53272,bullet6,10.003,6.73453,0.8,0,1
53272,bullet1,6.02683,6.71094,0.8,0,1
53273,bullet2,13.4364,7.29658,0.8,0,1
53275,player,1.62727,7.29897,9.18857e-07,0.0307538,1
53276,flayer7,12.0357,14.7687,-0.297618,0.0377302,2
53276,bullet4,13.9734,6.7639,0.8,0,1
53277,bullet6,14.003,6.73453,0.8,0,1
53277,bullet1,10.0268,6.71094,0.8,0,1
53278,bullet3,1.5379,7.81122,0.8,0,1
53280,player,1.0388,7.57464,-0.0307547,-0.306178,1
53281,flayer7,10.5476,14.9574,-0.297618,0.0377302,2
53281,flyer6,16.5,14.2028,-0.298961,-0.0249526,2
53282,bullet1,14.0268,6.71094,0.8,0,1
53283,bullet3,5.5379,7.81122,0.8,0,1
53285,player,1.04486,7.298,-0.0381566,0.0319392,1
53285,flyer5,16.5,14.2028,-0.237474,0.18332,2
53286,flayer7,9.05955,15.146,-0.297618,0.0377302,2
53286,flyer6,15.0052,14.078,-0.298961,-0.0249526,2
53286,bullet5,1.42769,7.31237,0.8,0,1
53288,bullet3,9.5379,7.81122,0.8,0,1
53290,player,0.4,6.2458,-0,-0.18204,1
53290,flyer5,15.3126,15.1194,-0.237474,0.18332,2
53290,bullet2,0.8,6.2458,0.8,0,1
53291,flayer7,7.57146,15.3347,-0.297618,0.0377302,2
53291,flyer6,13.5104,13.9532,-0.298961,-0.0249526,2
53291,bullet5,5.42769,7.31237,0.8,0,1
53292,bullet4,0.8,6.12702,0.8,0,1
53293,bullet3,13.5379,7.81122,0.8,0,1
53295,player,0.4,6.43711,0,0.334141,1
53295,flyer5,14.1253,16.036,-0.237474,0.18332,2
53295,bullet2,4.8,6.2458,0.8,0,1
53296,flayer7,6.08337,15.5233,-0.297618,0.0377302,2
53296,flyer6,12.0156,13.8285,-0.298961,-0.0249526,2
53296,bullet5,9.42769,7.31237,0.8,0,1
53297,bullet4,4.8,6.12702,0.8,0,1
53300,player,0.4,6.45448,-0.114655,0.312911,1
53300,bullet2,8.8,6.2458,0.8,0,1
53301,flayer7,4.59528,15.712,-0.297618,0.0377302,2
53301,flyer6,10.5208,13.7037,-0.298961,-0.0249526,2
53301,bullet5,13.4277,7.31237,0.8,0,1
53302,bullet4,8.8,6.12702,0.8,0,1
53302,bullet6,0.8,6.65865,0.8,0,1
53305,player,0.4,7.26349,0,0.0741178,1
53305,bullet2,12.8,6.2458,0.8,0,1
53306,flayer7,3.10719,15.9006,-0.297618,0.0377302,2
53306,flyer6,9.02598,13.5789,-0.298961,-0.0249526,2
53306,bullet1,0.8,7.29685,0.8,0,1
53307,bullet4,12.8,6.12702,0.8,0,1
53307,bullet6,4.8,6.65865,0.8,0,1
53310,player,0.988474,6.73455,0.0307547,-0.029387,1
53310,bullet3,1.38847,6.73455,0.8,0,1
53311,flayer7,1.6191,16.0893,-0.297618,0.0377302,2
53311,flyer6,7.53118,13.4542,-0.298961,-0.0249526,2
53311,bullet1,4.8,7.29685,0.8,0,1
53312,bullet6,8.8,6.65865,0.8,0,1
53313,bullet5,1.41134,6.71269,0.8,0,1
53315,player,1.01317,6.71095,0.00056751,-0.000542273,1
53315,bullet3,5.38847,6.73455,0.8,0,1
53316,flayer7,0.131014,16.2779,-0.297618,0.0377302,2
53316,flyer6,6.03638,13.3294,-0.298961,-0.0249526,2
53316,bullet1,8.8,7.29685,0.8,0,1
53317,bullet6,12.8,6.65865,0.8,0,1
53318,bullet5,5.41134,6.71269,0.8,0,1
53320,player,1.6021,5.51972,0.0307652,-0.0446043,1
53320,bullet3,9.38847,6.73455,0.8,0,1
53321,flyer6,4.54157,13.2047,-0.298961,-0.0249526,2
53321,bullet1,12.8,7.29685,0.8,0,1
53323,bullet5,9.41134,6.71269,0.8,0,1
53323,bullet2,2.02498,5.48655,0.8,0,1
53325,player,1.62681,5.4839,0.000567704,-0.000823075,1
53325,bullet3,13.3885,6.73455,0.8,0,1
53326,flyer6,3.04677,13.0799,-0.298961,-0.0249526,2
53326,bullet4,2.02706,5.48353,0.8,0,1
53328,bullet5,13.4113,6.71269,0.8,0,1
53328,bullet2,6.02498,5.48655,0.8,0,1
53330,player,2.21574,4.89476,0.0307652,-0.0307699,1
53330,bullet6,2.61574,4.89476,0.8,0,1
53331,flyer6,1.55197,12.9551,-0.298961,-0.0249526,2
53331,bullet4,6.02706,5.48353,0.8,0,1
53333,bullet2,10.025,5.48655,0.8,0,1
53335,player,2.24045,5.9479,0.000567704,0.182062,1
53335,bullet6,6.61574,4.89476,0.8,0,1
53336,flyer6,0.0571663,12.8304,-0.298961,-0.0249526,2
53336,bullet4,10.0271,5.48353,0.8,0,1
53336,bullet1,2.6407,6.02983,0.8,0,1
53338,bullet2,14.025,5.48655,0.8,0,1
53340,player,2.5784,6.09411,0.33751,0.00335955,1
53340,bullet6,10.6157,4.89476,0.8,0,1
53341,flayer8,16.5,14.2028,-0.254025,-0.159597,2
53341,bullet4,14.0271,5.48353,0.8,0,1
53341,bullet1,6.6407,6.02983,0.8,0,1
53344,flyer1,16.5,6.79479,-0.3,0,2
53345,player,2.59848,6.34778,0.312973,-0.306683,1
53345,bullet6,14.6157,4.89476,0.8,0,1
53346,flayer8,15.2299,13.4048,-0.254025,-0.159597,2
53346,bullet1,10.6407,6.02983,0.8,0,1
53348,flyer2,16.5,6.79479,-0.226808,-0.196362,2
53349,flyer1,15,6.79479,-0.3,0,2
53349,bullet3,2.68633,6.10715,0.8,0,1
53350,player,2.26135,6.10149,-0.0249794,-0.00565917,1
53350,explosion3,13.8407,6.02983,-0.3,0,1
53350,bullet5,2.66135,6.10149,0.8,0,1
53351,flayer8,13.9597,12.6068,-0.254025,-0.159597,2
53353,flyer2,15.366,5.81297,-0.226808,-0.196362,2
53354,flyer1,13.5,6.79479,-0.3,0,1
53354,bullet3,6.68633,6.10715,0.8,0,1
53355,player,2.30963,6.16529,-0.0839922,-0.0836357,1
53355,bullet5,6.66135,6.10149,0.8,0,1
53356,flayer8,12.6896,11.8088,-0.254025,-0.159597,2
53358,flyer2,14.2319,4.83116,-0.226808,-0.196362,2
53359,flyer1,12,6.79479,-0.3,0,1
53359,bullet3,10.6863,6.10715,0.8,0,1
53360,player,2.22834,6.21106,0.0153652,-0.139579,1
53360,bullet5,10.6613,6.10149,0.8,0,1
53360,explosion4,11.4863,6.10715,-0.3,0,1
53360,explosion5,11.7,6.79479,-0.3,0,1
53361,flayer8,11.4195,11.0108,-0.254025,-0.159597,2
53363,flyer2,13.0979,3.84935,-0.226808,-0.196362,2
53364,bullet2,3.12977,6.20064,0.8,0,1
53365,player,2.7984,6.14356,0.0686273,-0.0570798,1
53365,bullet5,14.6613,6.10149,0.8,0,1
53365,explosion5,10.2,6.79479,-0.3,0,1
53366,flayer8,10.1494,10.2129,-0.254025,-0.159597,2
53367,bullet4,3.24318,6.10632,0.8,0,1
53368,flyer2,11.9638,2.86754,-0.226808,-0.196362,2
53369,bullet2,7.12977,6.20064,0.8,0,1
53370,player,2.36413,6.5871,-0.150609,0.150822,1
53371,flayer8,8.87924,9.41488,-0.254025,-0.159597,2
53371,bullet6,2.69636,6.65497,0.8,0,1
53372,bullet4,7.24318,6.10632,0.8,0,1
53373,flyer2,10.8298,1.88572,-0.226808,-0.196362,2
53373,bullet1,2.65214,6.69925,0.8,0,1
53374,bullet2,11.1298,6.20064,0.8,0,1
53375,player,2.24318,6.70822,-0.00277915,0.00278308,1
53376,flayer8,7.60911,8.61689,-0.254025,-0.159597,2
53376,bullet6,6.69636,6.65497,0.8,0,1
53377,bullet4,11.2432,6.10632,0.8,0,1
53378,flyer2,9.69577,0.903911,-0.226808,-0.196362,2
53378,bullet1,6.65214,6.69925,0.8,0,1
53379,bullet2,15.1298,6.20064,0.8,0,1
53380,player,1.63864,6.71045,-0.0138909,5.13557e-05,1
53381,flayer8,6.33898,7.81891,-0.254025,-0.159597,2
53381,bullet6,10.6964,6.65497,0.8,0,1
53382,bullet4,15.2432,6.10632,0.8,0,1
53383,flyer2,8.56173,-0.0779011,-0.226808,-0.196362,2
53383,bullet1,10.6521,6.69925,0.8,0,1
53383,bullet3,2.02831,6.71049,0.8,0,1
53385,player,1.62748,6.22112,-0.000256326,-0.151874,1
53386,flayer8,5.06886,7.02093,-0.254025,-0.159597,1
53386,bullet6,14.6964,6.65497,0.8,0,1
53386,explosion6,4.42831,6.71049,-0.254025,-0.159597,1
53386,bullet5,2.02737,6.15277,0.8,0,1
53388,bullet1,14.6521,6.69925,0.8,0,1
53388,bullet2,1.22729,6.10818,-0.8,-6.99382e-08,1
53389,explosion7,4.42737,6.15277,-0.254025,-0.159597,1
53389,explosion8,4.30678,6.54213,-0.254025,-0.159597,1
53390,player,1.62728,6.09915,-4.72994e-06,-0.0028025,1
53390,bullet4,2.02728,6.09915,0.8,0,1
53391,explosion6,3.15818,5.91251,-0.254025,-0.159597,1
53391,bullet3,2.02727,6.09789,0.8,0,1
53393,bullet6,2.02727,6.09707,0.8,0,1
53394,explosion8,3.03665,5.74415,-0.254025,-0.159597,1
53394,bullet5,2.02727,6.09695,0.8,0,1
53395,player,1.62727,6.0969,-8.72806e-08,-5.17141e-05,1
53395,bullet4,6.02728,6.09915,0.8,0,1
53396,bullet3,6.02727,6.09789,0.8,0,1
53398,bullet6,6.02727,6.09707,0.8,0,1
53399,bullet5,6.02727,6.09695,0.8,0,1
53400,player,1.25902,6.12761,-0.299911,-0.03759,1
53400,bullet4,10.0273,6.09915,0.8,0,1
53401,bullet3,10.0273,6.09789,0.8,0,1
53403,bullet6,10.0273,6.09707,0.8,0,1
53404,bullet5,10.0273,6.09695,0.8,0,1
53405,player,1.95798,6.31764,0.345805,-0.26985,1
53405,bullet4,14.0273,6.09915,0.8,0,1
53406,bullet3,14.0273,6.09789,0.8,0,1
53408,flyer3,16.5,6.79479,-0.298309,0.0318046,2
53408,bullet6,14.0273,6.09707,0.8,0,1
53408,bullet1,2.61513,6.11697,0.8,0,1
53409,bullet5,14.0273,6.09695,0.8,0,1
53410,player,2.23569,5.76343,0.00638108,-0.342479,1
53410,explosion1,15.6273,6.09707,-0.298309,0.0318046,1
53410,explosion2,15.9034,6.85839,-0.298309,0.0318046,1
53412,flyer4,16.5,10.5349,-0.3,0,2
53413,bullet1,6.61513,6.11697,0.8,0,1
53413,bullet2,3.19815,4.95103,0.8,0,1
53415,player,3.18062,4.88608,0.351457,-0.0201593,1
53415,explosion2,14.4118,7.01742,-0.298309,0.0318046,1
53416,flyer5,16.5,6.79479,-0.257083,0.154623,2
53417,flyer4,15,10.5349,-0.3,0,2
53417,bullet4,3.80995,4.87292,0.8,0,1
53418,bullet1,10.6151,6.11697,0.8,0,1
53418,bullet2,7.19815,4.95103,0.8,0,1
53420,player,2.90515,5.42761,-0.0618584,0.0679718,1
53420,bullet3,3.30515,5.42761,0.8,0,1
53421,flyer5,15.2146,7.5679,-0.257083,0.154623,2
53422,flyer4,13.5,10.5349,-0.3,0,2
53422,bullet4,7.80995,4.87292,0.8,0,1
53423,bullet1,14.6151,6.11697,0.8,0,1
53423,bullet2,11.1982,4.95103,0.8,0,1
53425,player,2.29776,6.03991,-0.0694852,0.069598,1
53425,bullet3,7.30516,5.42761,0.8,0,1
53426,flyer5,13.9292,8.34102,-0.257083,0.154623,2
53427,flyer4,12,10.5349,-0.3,0,2
53427,bullet4,11.8099,4.87292,0.8,0,1
53427,bullet6,2.65242,6.08533,0.8,0,1
53428,bullet2,15.1982,4.95103,0.8,0,1
53430,player,2.24196,5.53809,-0.0012822,-0.0670595,1
53430,bullet3,11.3052,5.42761,0.8,0,1
53430,bullet5,2.64196,5.53809,0.8,0,1
53431,flyer5,12.6438,9.11413,-0.257083,0.154623,2
53432,flyer4,10.5,10.5349,-0.3,0,2
53432,bullet4,15.81,4.87292,0.8,0,1
53432,bullet6,6.65242,6.08533,0.8,0,1
53434,bullet1,1.25248,6.07395,-0.8,-6.99382e-08,1
53435,player,1.63861,6.08655,-0.0138633,0.0126022,1
53435,bullet3,15.3052,5.42761,0.8,0,1
53435,bullet5,6.64196,5.53809,0.8,0,1
53436,flyer5,11.3583,9.88725,-0.257083,0.154623,2
53437,flyer4,9,10.5349,-0.3,0,2
53437,bullet6,10.6524,6.08533,0.8,0,1
53440,player,2.1852,5.53895,0.0680879,-0.0681112,1
53440,bullet5,10.642,5.53809,0.8,0,1
53441,flyer5,10.0729,10.6604,-0.257083,0.154623,2
53442,flyer4,7.5,10.5349,-0.3,0,2
53442,bullet6,14.6524,6.08533,0.8,0,1
53442,bullet2,2.62963,5.49451,0.8,0,1
53444,bullet4,2.63862,5.48551,0.8,0,1
53445,player,2.23988,5.14675,0.00125641,-0.338757,1
53445,bullet5,14.642,5.53809,0.8,0,1
53446,flyer5,8.78751,11.4335,-0.257083,0.154623,2
53447,flyer4,5.99999,10.5349,-0.3,0,2
53447,bullet2,6.62963,5.49451,0.8,0,1
53447,bullet3,2.6407,4.92572,0.8,0,1
53449,bullet4,6.63862,5.48551,0.8,0,1
53449,bullet1,2.64087,4.88096,0.8,0,1
53450,player,2.24089,4.87471,2.31844e-05,-0.00625102,1
53451,flyer5,7.5021,12.2066,-0.257083,0.154623,2
53452,flyer4,4.49999,10.5349,-0.3,0,2
53452,bullet2,10.6296,5.49451,0.8,0,1
53452,bullet3,6.6407,4.92572,0.8,0,1
53454,bullet4,10.6386,5.48551,0.8,0,1
53454,bullet1,6.64087,4.88096,0.8,0,1
53455,player,2.24091,5.472,4.27817e-07,0.0137243,1
53456,flyer5,6.21668,12.9797,-0.257083,0.154623,2
53457,flyer4,2.99999,10.5349,-0.3,0,2
53457,bullet2,14.6296,5.49451,0.8,0,1
53457,bullet3,10.6407,4.92572,0.8,0,1
53459,bullet4,14.6386,5.48551,0.8,0,1
53459,bullet1,10.6409,4.88096,0.8,0,1
53460,player,2.19631,6.08533,0.0545042,0.0140929,1
53461,flyer5,4.93127,13.7528,-0.257083,0.154623,2
53462,flyer4,1.49999,10.5349,-0.3,0,2
53462,bullet3,14.6407,4.92572,0.8,0,1
53463,bullet6,2.14747,6.58519,0.8,0,1
53464,bullet1,14.6409,4.88096,0.8,0,1
53465,player,1.65161,6.68512,-0.0297489,0.0310147,1
53465,bullet5,1.25161,6.68512,-0.8,-6.99382e-08,1
53466,flyer5,3.64585,14.5259,-0.257083,0.154623,2
53466,bullet2,2.03822,6.69908,0.8,0,1
53467,flyer4,-6.4373e-06,10.5349,-0.3,0,2
53468,bullet6,6.14747,6.58519,0.8,0,1
53469,flayer7,16.5,6.79479,-0.3,0,2
53470,player,1.96522,6.22066,0.336951,-0.151303,1
53471,flyer5,2.36044,15.2991,-0.257083,0.154623,2
53471,bullet2,6.03822,6.69908,0.8,0,1
53473,bullet6,10.1475,6.58519,0.8,0,1
53473,bullet4,2.12641,6.10814,0.8,0,1
53474,flayer7,15,6.79479,-0.3,0,2
53475,player,1.64735,6.09914,-0.024537,-0.00279196,1
53476,flyer5,1.07503,16.0722,-0.257083,0.154623,2
53476,bullet2,10.0382,6.69908,0.8,0,1
53477,explosion3,13.3475,6.58519,-0.3,0,1
53478,bullet4,6.12641,6.10814,0.8,0,1
53479,flayer7,13.5,6.79479,-0.3,0,1
53479,bullet3,2.61657,5.53923,0.8,0,1
53480,player,1.89245,5.84593,-0.324113,0.306694,1
53480,explosion4,13.2382,6.69908,-0.3,0,1
53480,explosion5,13.2,6.79479,-0.3,0,1
53483,bullet4,10.1264,6.10814,0.8,0,1
53484,bullet3,6.61657,5.53923,0.8,0,1
53485,player,1.63216,6.06147,-0.0059808,0.0432484,1
53485,flyer6,16.5,10.5349,-0.3,0,2
53485,explosion5,11.7,6.79479,-0.3,0,1
53485,bullet1,2.03216,6.06147,0.8,0,1
53487,bullet5,2.02826,6.08969,0.8,0,1
53488,bullet4,14.1264,6.10814,0.8,0,1
53489,bullet3,10.6166,5.53923,0.8,0,1
53490,player,1.06964,6.65392,-0.0684541,0.0691418,1
53490,flyer6,15,10.5349,-0.3,0,2
53490,bullet1,6.03216,6.06147,0.8,0,1
53492,bullet5,6.02826,6.08969,0.8,0,1
53494,bullet3,14.6166,5.53923,0.8,0,1
53495,player,1.01467,6.37195,-0.00126317,-0.336224,1
53495,flyer6,13.5,10.5349,-0.3,0,2
53495,bullet1,10.0322,6.06147,0.8,0,1
53497,flyer1,16.5,10.5349,-0.299965,0.00456351,2
53497,bullet5,10.0283,6.08969,0.8,0,1
53497,bullet6,1.41384,6.15257,0.8,0,1
53499,bullet2,1.41368,6.10814,0.8,0,1
53500,player,1.01365,6.10194,-2.33091e-05,-0.00620428,1
53500,flyer6,12,10.5349,-0.3,0,2
53500,bullet1,14.0322,6.06147,0.8,0,1
53502,flyer1,15.0002,10.5577,-0.299965,0.00456351,2
53502,bullet5,14.0283,6.08969,0.8,0,1
53502,bullet6,5.41384,6.15257,0.8,0,1
53504,bullet2,5.41368,6.10814,0.8,0,1
53504,bullet4,1.41363,6.09707,0.8,0,1
53505,player,1.01363,6.09695,-4.30118e-07,-0.000114486,1
53505,flyer6,10.5,10.5349,-0.3,0,2
53507,flyer1,13.5004,10.5806,-0.299965,0.00456351,2
53507,bullet6,9.41384,6.15257,0.8,0,1
53507,bullet3,0.924259,5.6075,0.8,0,1
53509,bullet2,9.41368,6.10814,0.8,0,1
53509,bullet4,5.41364,6.09707,0.8,0,1
53510,player,0.563196,5.49455,-0.199465,-0.0138417,1
53510,flyer6,9,10.5349,-0.3,0,2
53512,flyer1,12.0005,10.6034,-0.299965,0.00456351,2
53512,bullet6,13.4138,6.15257,0.8,0,1
53512,bullet3,4.92426,5.6075,0.8,0,1
53514,bullet2,13.4137,6.10814,0.8,0,1
53514,bullet4,9.41364,6.09707,0.8,0,1
53515,player,0.4,4.92571,0,-0.0685992,1
53515,flyer6,7.5,10.5349,-0.3,0,2
53516,bullet1,0.8,4.89484,0.8,0,1
53517,flyer1,10.5007,10.6262,-0.299965,0.00456351,2
53517,bullet3,8.92426,5.6075,0.8,0,1
53519,bullet4,13.4136,6.09707,0.8,0,1
53520,player,0.4,4.87062,0,-0.00126585,1
53520,flyer6,5.99999,10.5349,-0.3,0,2
53521,bullet1,4.8,4.89484,0.8,0,1
53522,flyer1,9.00088,10.649,-0.299965,0.00456351,2
53522,bullet3,12.9243,5.6075,0.8,0,1
53523,bullet5,0.8,5.4274,0.8,0,1
53525,player,0.889375,5.96129,0.151875,0.165691,1
53525,flyer6,4.49999,10.5349,-0.3,0,2
53526,bullet1,8.8,4.89484,0.8,0,1
53527,flyer1,7.50105,10.6718,-0.299965,0.00456351,2
53527,bullet6,1.38847,5.58003,0.8,0,1
53528,bullet5,4.8,5.4274,0.8,0,1
53529,bullet2,1.40854,5.50283,0.8,0,1
53530,player,1.01134,5.49204,0.00280252,-0.0107821,1
53530,flyer6,2.99999,10.5349,-0.3,0,2
53531,bullet1,12.8,4.89484,0.8,0,1
53532,flyer1,6.00122,10.6946,-0.299965,0.00456351,2
53532,bullet6,5.38847,5.58003,0.8,0,1
53533,bullet5,8.8,5.4274,0.8,0,1
53534,bullet2,5.40854,5.50283,0.8,0,1
53535,player,0.900656,5.37045,0.138087,0.137836,1
53535,flyer6,1.49999,10.5349,-0.3,0,2
53537,flyer1,4.5014,10.7175,-0.299965,0.00456351,2
53537,bullet6,9.38847,5.58003,0.8,0,1
53538,bullet5,12.8,5.4274,0.8,0,1
53539,bullet2,9.40854,5.50283,0.8,0,1
53540,player,0.508337,6.57283,-0.132412,0.168258,1
53540,flyer6,-6.4373e-06,10.5349,-0.3,0,2
53542,flyer1,3.00157,10.7403,-0.299965,0.00456351,2
53542,bullet6,13.3885,5.58003,0.8,0,1
53543,flyer2,16.5,7.68911,-0.3,0,2
53544,bullet2,13.4085,5.50283,0.8,0,1
53545,player,0.889375,6.70796,0.151875,0.00310483,1
53546,flayer8,16.5,7.68911,-0.3,0,2
53546,bullet4,1.35772,6.70935,0.8,0,1
53547,flyer1,1.50174,10.7631,-0.299965,0.00456351,2
53547,bullet3,1.38847,6.70998,0.8,0,1
53548,flyer2,15,7.68911,-0.3,0,2
53550,player,1.34884,6.37295,0.340303,-0.337443,1
53551,flayer8,15,7.68911,-0.3,0,2
53551,bullet4,5.35772,6.70935,0.8,0,1
53552,flyer1,0.00191814,10.7859,-0.299965,0.00456351,2
53552,bullet3,5.38847,6.70998,0.8,0,1
53553,flyer2,13.5,7.68911,-0.3,0,2
53553,bullet1,1.2019,6.67974,-0.8,-6.99382e-08,1
53554,bullet5,1.21586,6.69666,-0.8,-6.99382e-08,1
53555,player,1.62214,6.70427,0.00627954,0.00761284,1
53556,flayer8,13.5,7.68911,-0.3,0,2
53556,bullet4,9.35772,6.70935,0.8,0,1
53556,bullet6,2.02496,6.70769,0.8,0,1
53557,bullet3,9.38847,6.70998,0.8,0,1
53558,flyer2,12,7.68911,-0.3,0,2
53560,player,1.06946,6.71038,-0.0682279,0.000140478,1
53560,bullet2,1.46946,6.71038,0.8,0,1
53561,flayer8,12,7.68911,-0.3,0,2
53561,bullet4,13.3577,6.70935,0.8,0,1
53561,bullet6,6.02496,6.70769,0.8,0,1
53562,bullet3,13.3885,6.70998,0.8,0,1
53563,flyer2,10.5,7.68911,-0.3,0,2
53565,player,1.01467,6.75509,-0.001259,-0.0545016,1
53565,bullet2,5.46946,6.71038,0.8,0,1
53566,flayer8,10.5,7.68911,-0.3,0,2
53566,bullet6,10.025,6.70769,0.8,0,1
53567,bullet1,1.90322,7.2089,0.8,0,1
53568,flyer2,9,7.68911,-0.3,0,2
53570,player,1.12659,6.82426,-0.138059,-0.139041,1
53570,bullet2,9.46946,6.71038,0.8,0,1
53571,flayer8,9,7.68911,-0.3,0,2
53571,bullet6,14.025,6.70769,0.8,0,1
53572,bullet1,5.90322,7.2089,0.8,0,1
53573,flyer2,7.5,7.68911,-0.3,0,1
53573,explosion6,6.70322,7.2089,-0.3,0,1
53573,bullet5,1.42393,7.27858,0.8,0,1
53575,player,1.01572,6.82553,-0.00254757,-0.140601,1
53575,bullet2,13.4695,6.71038,0.8,0,1
53576,flayer8,7.5,7.68911,-0.3,0,2
53578,flyer2,5.99999,7.68911,-0.3,0,0
53578,bullet5,5.42393,7.27858,0.8,0,1
53578,explosion7,5.42393,7.27858,-0.3,0,1
53578,explosion8,5.99999,7.68911,-0.3,0,1
53580,player,1.93965,5.78664,0.368208,-0.370849,1
53580,flyer3,16.5,7.68911,-0.223254,0.200394,2
53581,flayer8,5.99999,7.68911,-0.3,0,2
53583,flyer4,16.5,3.06415,-0.3,0,2
53583,explosion8,4.49999,7.68911,-0.3,0,1
53583,bullet4,2.61346,6.06859,0.8,0,1
53585,player,2.23535,6.09113,0.00679447,0.0069964,1
53585,flyer3,15.3837,8.69108,-0.223254,0.200394,2
53585,bullet3,2.63535,6.09113,0.8,0,1
53586,flayer8,4.49999,7.68911,-0.3,0,2
53587,bullet1,2.63978,6.0957,0.8,0,1
53588,flyer4,15,3.06415,-0.3,0,2
53588,bullet4,6.61346,6.06859,0.8,0,1
53590,player,2.24081,5.53903,0.000125377,-0.0682146,1
53590,flyer3,14.2675,9.69306,-0.223254,0.200394,2
53590,bullet3,6.63535,6.09113,0.8,0,1
53590,bullet6,2.64081,5.53903,0.8,0,1
53591,flayer8,2.99999,7.68911,-0.3,0,2
53592,bullet1,6.63978,6.0957,0.8,0,1
53593,flyer4,13.5,3.06415,-0.3,0,2
53593,bullet4,10.6135,6.06859,0.8,0,1
53595,player,2.84322,4.88194,0.0138419,-0.0150984,1
53595,flyer3,13.1512,10.695,-0.223254,0.200394,2
53595,bullet3,10.6354,6.09113,0.8,0,1
53595,bullet6,6.64081,5.53903,0.8,0,1
53596,flayer8,1.49999,7.68911,-0.3,0,2
53597,bullet1,10.6398,6.0957,0.8,0,1
53598,flyer4,12,3.06415,-0.3,0,2
53598,bullet4,14.6135,6.06859,0.8,0,1
53600,player,2.04564,6.3535,0.238657,0.43632,1
53600,flyer3,12.0349,11.697,-0.223254,0.200394,2
53600,bullet3,14.6354,6.09113,0.8,0,1
53600,bullet6,10.6408,5.53903,0.8,0,1
53601,flayer8,-6.4373e-06,7.68911,-0.3,0,2
53602,bullet1,14.6398,6.0957,0.8,0,1
53602,bullet5,2.60137,6.6382,0.8,0,1
53603,flyer4,10.5,3.06415,-0.3,0,2
53604,bullet2,2.6329,6.69585,0.8,0,1
53605,player,2.23731,6.7039,0.00440389,0.00805133,1
53605,flyer3,10.9187,12.699,-0.223254,0.200394,2
53605,bullet6,14.6408,5.53903,0.8,0,1
53605,bullet4,2.63731,6.7039,0.8,0,1
53607,bullet5,6.60137,6.6382,0.8,0,1
53608,flyer4,9,3.06415,-0.3,0,2
53608,bullet3,2.15121,6.70989,0.8,0,1
53609,bullet2,6.6329,6.69585,0.8,0,1
53610,player,1.65237,6.71037,-0.0306734,0.00014857,1
53610,flyer3,9.8024,13.7009,-0.223254,0.200394,2
53610,bullet4,6.63731,6.7039,0.8,0,1
53612,bullet5,10.6014,6.6382,0.8,0,1
53613,flyer4,7.5,3.06415,-0.3,0,2
53613,bullet3,6.15121,6.70989,0.8,0,1
53614,bullet2,10.6329,6.69585,0.8,0,1
53615,player,1.62774,6.37299,-0.000566011,-0.337497,1
53615,flyer3,8.68614,14.7029,-0.223254,0.200394,2
53615,bullet4,10.6373,6.7039,0.8,0,1
53617,bullet5,14.6014,6.6382,0.8,0,1
53618,flyer4,5.99999,3.06415,-0.3,0,2
53618,bullet3,10.1512,6.70989,0.8,0,1
53619,bullet2,14.6329,6.69585,0.8,0,1
53620,player,1.62728,5.54423,-1.04445e-05,-0.0745715,1
53620,flyer3,7.56987,15.7049,-0.223254,0.200394,2
53620,bullet4,14.6373,6.7039,0.8,0,1
53621,bullet1,2.02728,5.51067,0.8,0,1
53623,flyer4,4.49999,3.06415,-0.3,0,2
53623,bullet3,14.1512,6.70989,0.8,0,1
53624,flyer5,16.5,3.06415,-0.273335,-0.123645,2
53625,player,0.549425,5.58344,-0.18263,-0.122496,1
53626,flayer7,16.5,3.06415,-0.3,0,2
53626,bullet1,6.02728,5.51067,0.8,0,1
53628,flyer4,2.99999,3.06415,-0.3,0,2
53628,bullet6,0.8,5.49235,0.8,0,1
53629,flyer5,15.1333,2.44593,-0.273335,-0.123645,2
53629,bullet5,0,5.48733,-0.8,-6.99382e-08,1
53630,player,0.4,5.48507,0,-0.0022604,1
53631,flayer7,15,3.06415,-0.3,0,2
53631,bullet1,10.0273,5.51067,0.8,0,1
53631,bullet2,0.8,5.48405,0.8,0,1
53633,flyer4,1.49999,3.06415,-0.3,0,2
53633,bullet6,4.8,5.49235,0.8,0,1
53634,flyer5,13.7667,1.8277,-0.273335,-0.123645,2
53635,player,0.4,5.48325,0,-4.17108e-05,1
53635,bullet4,0.8,5.48325,0.8,0,1
53636,flayer7,13.5,3.06415,-0.3,0,2
53636,bullet1,14.0273,5.51067,0.8,0,1
53636,bullet2,4.8,5.48405,0.8,0,1
53638,flyer4,-6.4373e-06,3.06415,-0.3,0,2
53638,bullet6,8.8,5.49235,0.8,0,1
53639,flyer5,12.4,1.20948,-0.273335,-0.123645,2
53640,player,0.4,5.14572,-0,-0.337501,1
53640,bullet4,4.8,5.48325,0.8,0,1
53641,flayer7,12,3.06415,-0.3,0,2
53641,bullet2,8.8,5.48405,0.8,0,1
53643,bullet6,12.8,5.49235,0.8,0,1
53644,flyer5,11.0333,0.591256,-0.273335,-0.123645,2
53645,player,0.4,4.31696,0,-0.0745716,1
53645,bullet4,8.8,5.48325,0.8,0,1
53645,bullet3,0.8,4.31696,0.8,0,1
53646,flayer7,10.5,3.06415,-0.3,0,2
53646,bullet2,12.8,5.48405,0.8,0,1
53649,flyer5,9.66664,-0.0269675,-0.273335,-0.123645,2
53649,bullet5,0.8,4.25844,0.8,0,1
53650,player,0.4,4.25707,0,-0.00137606,1
53650,bullet4,12.8,5.48325,0.8,0,1
53650,bullet3,4.8,4.31696,0.8,0,1
53651,flayer7,9,3.06415,-0.3,0,2
53654,bullet5,4.8,4.25844,0.8,0,1
53655,player,0.4,4.25596,0,-2.53921e-05,1
53655,flyer6,16.5,14.1653,-0.256158,0.156151,2
53655,bullet3,8.8,4.31696,0.8,0,1
53656,flayer7,7.5,3.06415,-0.3,0,2
53657,bullet1,0.8,4.25595,0.8,0,1
53659,bullet5,8.8,4.25844,0.8,0,1
53660,player,0.4,4.25594,0,-4.68556e-07,1
53660,flyer6,15.2192,14.9461,-0.256158,0.156151,2
53660,bullet3,12.8,4.31696,0.8,0,1
53660,bullet6,0.8,4.25594,0.8,0,1
53661,flayer7,5.99999,3.06415,-0.3,0,2
53662,bullet1,4.8,4.25595,0.8,0,1
53664,bullet5,12.8,4.25844,0.8,0,1
53665,player,1.00231,4.85825,0.0138396,0.0138396,1
53665,flyer6,13.9384,15.7268,-0.256158,0.156151,2
53665,bullet6,4.8,4.25594,0.8,0,1
53666,flayer7,4.49999,3.06415,-0.3,0,2
53667,bullet1,8.8,4.25595,0.8,0,1
53670,player,1.35093,4.85553,0.337755,0.0171705,1
53670,flyer1,16.5,14.1653,-0.231281,-0.191074,2
53670,bullet6,8.8,4.25594,0.8,0,1
53671,flayer7,2.99999,3.06415,-0.3,0,2
53672,bullet1,12.8,4.25595,0.8,0,1
53675,player,1.57758,5.42704,0.0607367,0.0686606,1
53675,flyer1,15.3436,13.21,-0.231281,-0.191074,2
53675,bullet6,12.8,4.25594,0.8,0,1
53676,flayer7,1.49999,3.06415,-0.3,0,2
53677,flyer2,16.5,14.1653,-0.3,0,2
53677,bullet2,1.21721,5.47184,-0.8,-6.99382e-08,1
53680,player,2.18407,5.48218,0.0694645,0.00126698,1
53680,flyer1,14.1872,12.2546,-0.231281,-0.191074,2
53680,flayer8,16.5,2.24067,-0.3,0,2
53680,bullet4,2.58407,5.48218,0.8,0,1
53681,flayer7,-6.4373e-06,3.06415,-0.3,0,2
53682,flyer2,15,14.1653,-0.3,0,2
53684,bullet3,2.63858,6.07164,0.8,0,1
53685,player,1.90236,6.08551,-0.336218,0.013863,1
53685,flyer1,13.0308,11.2992,-0.231281,-0.191074,2
53685,flayer8,15,2.24067,-0.3,0,2
53685,bullet4,6.58408,5.48218,0.8,0,1
53687,flyer2,13.5,14.1653,-0.3,0,2
53687,bullet5,1.28298,6.09455,-0.8,-6.99382e-08,1
53688,bullet1,2.05234,6.09582,0.8,0,1
53689,bullet3,6.63858,6.07164,0.8,0,1
53690,player,1.63235,6.43414,-0.00620417,0.337756,1
53690,flyer1,11.8744,10.3439,-0.231281,-0.191074,2
53690,flayer8,13.5,2.24067,-0.3,0,2
53690,bullet4,10.5841,5.48218,0.8,0,1
53692,flyer2,12,14.1653,-0.3,0,2
53693,bullet1,6.05234,6.09582,0.8,0,1
53694,bullet3,10.6386,6.07164,0.8,0,1
53695,player,1.77924,7.3077,-0.185739,0.0200722,1
53695,flyer1,10.718,9.38849,-0.231281,-0.191074,2
53695,flayer8,12,2.24067,-0.3,0,2
53695,bullet4,14.5841,5.48218,0.8,0,1
53697,flyer2,10.5,14.1653,-0.3,0,2
53698,bullet1,10.0523,6.09582,0.8,0,1
53699,bullet3,14.6386,6.07164,0.8,0,1
53700,player,1.66083,7.32382,-0.0410165,0.000370388,1
53700,flyer1,9.56156,8.43312,-0.231281,-0.191074,2
53700,flayer8,10.5,2.24067,-0.3,0,2
53700,bullet6,2.06083,7.32382,0.8,0,1
53701,bullet2,2.04237,7.32399,0.8,0,1
53702,flyer2,9,14.1653,-0.3,0,2
53703,bullet1,14.0523,6.09582,0.8,0,1
53703,bullet5,2.03033,7.3241,0.8,0,1
53705,player,1.62789,7.32412,-0.000756869,6.8347e-06,1
53705,flyer1,8.40516,7.47775,-0.231281,-0.191074,2
53705,flayer8,9,2.24067,-0.3,0,2
53705,bullet6,6.06083,7.32382,0.8,0,1
53706,bullet2,6.04237,7.32399,0.8,0,1
53707,flyer2,7.5,14.1653,-0.3,0,2
53707,explosion1,7.66083,7.32382,-0.231281,-0.191074,1
53707,bullet4,2.0274,7.32412,0.8,0,1
53708,bullet5,6.03033,7.3241,0.8,0,1
53708,explosion2,7.64237,7.32399,-0.231281,-0.191074,1
53708,explosion3,7.71131,6.90453,-0.231281,-0.191074,1
53710,player,1.62728,7.88184,-1.39664e-05,0.0683439,1
53710,flayer8,7.5,2.24067,-0.3,0,2
53710,bullet3,2.02728,7.88184,0.8,0,1
53712,flyer2,5.99999,14.1653,-0.3,0,2
53712,bullet4,6.0274,7.32412,0.8,0,1
53713,bullet5,10.0303,7.3241,0.8,0,1
53713,explosion3,6.55491,5.94916,-0.231281,-0.191074,1
53715,player,1.51433,8.38717,0.138035,0.200726,1
53715,flayer8,5.99999,2.24067,-0.3,0,2
53715,bullet3,6.02728,7.88184,0.8,0,1
53717,flyer2,4.49999,14.1653,-0.3,0,2
53717,bullet4,10.0274,7.32412,0.8,0,1
53718,bullet5,14.0303,7.3241,0.8,0,1
53720,player,0.729969,9.69456,-0.403297,0.102802,1
53720,flayer8,4.49999,2.24067,-0.3,0,2
53720,bullet3,10.0273,7.88184,0.8,0,1
53722,flyer2,2.99999,14.1653,-0.3,0,2
53722,bullet4,14.0274,7.32412,0.8,0,1
53724,bullet1,0.8,10.3637,0.8,0,1
53725,player,0.4,10.0419,-0,-0.321763,1
53725,flayer8,2.99999,2.24067,-0.3,0,2
53725,bullet3,14.0273,7.88184,0.8,0,1
53727,flyer2,1.49999,14.1653,-0.3,0,2
53728,flyer3,16.5,14.1653,-0.249865,-0.166035,2
53728,bullet6,1.28938,9.80266,0.8,0,1
53729,bullet1,4.8,10.3637,0.8,0,1
53730,player,0.988474,9.78353,0.0307547,-0.00593744,1
53730,flayer8,1.49999,2.24067,-0.3,0,2
53730,bullet2,1.38847,9.78353,0.8,0,1
53731,bullet5,1.40231,9.78086,0.8,0,1
53732,flyer2,-6.4373e-06,14.1653,-0.3,0,2
53733,flyer3,15.2507,13.3352,-0.249865,-0.166035,2
53733,bullet6,5.28938,9.80266,0.8,0,1
53734,bullet1,8.8,10.3637,0.8,0,1
53735,player,0.455454,10.3365,-0.0677762,0.0682342,1
53735,flayer8,-6.4373e-06,2.24067,-0.3,0,2
53735,bullet2,5.38847,9.78353,0.8,0,1
53736,bullet5,5.40231,9.78086,0.8,0,1
53738,flyer3,14.0014,12.505,-0.249865,-0.166035,2
53738,bullet6,9.28938,9.80266,0.8,0,1
53739,bullet1,12.8,10.3637,0.8,0,1
53740,player,0.401024,10.3913,-0.00125066,0.00125911,1
53740,bullet2,9.38847,9.78353,0.8,0,1
53741,bullet5,9.40231,9.78086,0.8,0,1
53743,flyer3,12.752,11.6748,-0.249865,-0.166035,2
53743,bullet6,13.2894,9.80266,0.8,0,1
53745,player,0.400019,10.3923,-2.30782e-05,2.32342e-05,1
53745,bullet2,13.3885,9.78353,0.8,0,1
53745,bullet4,0.800019,10.3923,0.8,0,1
53746,bullet5,13.4023,9.78086,0.8,0,1
53748,flyer3,11.5027,10.8446,-0.249865,-0.166035,2
53749,flyer4,16.5,2.24067,-0.3,0,2
53749,bullet3,0.800001,10.3923,0.8,0,1
53750,player,0.400001,10.3923,-4.25858e-07,4.28736e-07,1
53750,bullet4,4.80002,10.3923,0.8,0,1
53750,bullet1,0.800001,10.3923,0.8,0,1
53752,bullet6,0.8,10.3923,0.8,0,1
53753,flyer3,10.2534,10.0145,-0.249865,-0.166035,2
53754,flyer4,15,2.24067,-0.3,0,2
53754,bullet3,4.8,10.3923,0.8,0,1
53755,player,0.4,10.95,0,0.0683438,1
53755,bullet4,8.80002,10.3923,0.8,0,1
53755,bullet1,4.8,10.3923,0.8,0,1
53756,explosion4,9.60002,10.3923,-0.249865,-0.166035,1
53756,bullet2,0.8,10.9808,0.8,0,1
53757,bullet6,4.8,10.3923,0.8,0,1
53758,flyer3,9.00406,9.18428,-0.249865,-0.166035,1
53759,flyer4,13.5,2.24067,-0.3,0,2
53759,bullet3,8.8,10.3923,0.8,0,1
53760,player,0.4,10.4472,0,-0.0670826,1
53760,bullet1,8.8,10.3923,0.8,0,1
53761,bullet2,4.8,10.9808,0.8,0,1
53762,bullet6,8.8,10.3923,0.8,0,1
53763,flyer3,7.75474,8.35411,-0.249865,-0.166035,1
53764,flyer4,12,2.24067,-0.3,0,2
53764,bullet3,12.8,10.3923,0.8,0,1
53765,player,0.4,10.3933,0,-0.00123786,1
53765,bullet1,12.8,10.3923,0.8,0,1
53766,bullet2,8.8,10.9808,0.8,0,1
53767,bullet6,12.8,10.3923,0.8,0,1
53768,flyer3,6.50542,7.52394,-0.249865,-0.166035,1
53769,flyer4,10.5,2.24067,-0.3,0,2
53770,player,0.4,10.5053,0,-0.138058,1
53770,bullet5,0.8,10.5053,0.8,0,1
53771,bullet2,12.8,10.9808,0.8,0,1
53773,flyer3,5.25609,6.69376,-0.249865,-0.166035,1
53774,flyer4,9,2.24067,-0.3,0,2
53775,player,1.32597,9.58571,0.368255,0.235854,1
53775,bullet5,4.8,10.5053,0.8,0,1
53776,flyer5,16.5,14.1653,-0.3,0,2
53778,flyer3,4.00677,5.86358,-0.249865,-0.166035,1
53779,flyer4,7.5,2.24067,-0.3,0,2
53780,player,3.27112,10.8668,0.240854,0.170067,1
53780,bullet5,8.8,10.5053,0.8,0,1
53781,flyer5,15,14.1653,-0.3,0,2
53782,bullet4,3.82828,10.9778,0.8,0,1
53783,flyer3,2.75745,5.03341,-0.249865,-0.166035,1
53784,flyer4,5.99999,2.24067,-0.3,0,2
53785,player,2.90683,11.5611,-0.0638993,0.071482,1
53785,bullet5,12.8,10.5053,0.8,0,1
53785,bullet3,3.30683,11.5611,0.8,0,1
53786,flyer5,13.5,14.1653,-0.3,0,2
53787,bullet4,7.82828,10.9778,0.8,0,1
53788,flyer3,1.50812,4.20323,-0.249865,-0.166035,1
53789,flyer4,4.49999,2.24067,-0.3,0,2
53790,player,1.69548,11.3256,-0.0833625,-0.390685,1
53790,bullet3,7.30683,11.5611,0.8,0,1
53791,flyer5,12,14.1653,-0.3,0,2
53792,bullet4,11.8283,10.9778,0.8,0,1
53793,flyer3,0.2588,3.37306,-0.249865,-0.166035,1
53794,flyer4,2.99999,2.24067,-0.3,0,2
53795,player,0.482339,11.0119,-0.100637,-0.00720924,1
53795,bullet3,11.3068,11.5611,0.8,0,1
53796,flyer5,10.5,14.1653,-0.3,0,2
53796,bullet1,0.837052,11.0086,0.8,0,1
53797,bullet4,15.8283,10.9778,0.8,0,1
53799,flyer4,1.49999,2.24067,-0.3,0,2
53800,player,0.4,10.4176,0,-0.0308877,1
53800,bullet3,15.3068,11.5611,0.8,0,1
53800,bullet6,0,10.4176,-0.8,-6.99382e-08,1
53801,flyer5,9,14.1653,-0.3,0,2
53801,bullet1,4.83705,11.0086,0.8,0,1
53802,flyer6,16.5,5.10284,-0.286312,0.0895839,2
53802,bullet2,0.8,10.3974,0.8,0,1
53803,bullet5,0.8,10.3946,0.8,0,1
53804,flyer4,-6.4373e-06,2.24067,-0.3,0,2
53805,player,0.4,10.3928,-0,-0.000569965,1
53806,flyer5,7.5,14.1653,-0.3,0,2
53806,bullet1,8.83705,11.0086,0.8,0,1
53807,flyer6,15.0684,5.55075,-0.286312,0.0895839,2
53807,bullet2,4.8,10.3974,0.8,0,1
53807,bullet4,0.8,10.3924,0.8,0,1
53808,bullet5,4.8,10.3946,0.8,0,1
53810,player,0.4,10.8817,0,0.151864,1
53811,flyer5,5.99999,14.1653,-0.3,0,2
53811,bullet1,12.8371,11.0086,0.8,0,1
53812,flyer6,13.6369,5.99867,-0.286312,0.0895839,2
53812,bullet2,8.8,10.3974,0.8,0,1
53812,bullet4,4.8,10.3924,0.8,0,1
53813,bullet5,8.8,10.3946,0.8,0,1
53815,player,0.4,11.0037,0,0.00280233,1
53816,flyer5,4.49999,14.1653,-0.3,0,2
53817,flyer6,12.2053,6.44659,-0.286312,0.0895839,2
53817,bullet2,12.8,10.3974,0.8,0,1
53817,bullet4,8.8,10.3924,0.8,0,1
53818,bullet5,12.8,10.3946,0.8,0,1
53820,player,0.551875,11.8328,-0.185625,0.489427,1
53821,flyer5,2.99999,14.1653,-0.3,0,2
53822,flyer6,10.7738,6.89451,-0.286312,0.0895839,2
53822,bullet4,12.8,10.3924,0.8,0,1
53823,flayer7,16.5,5.10284,-0.298337,-0.0315484,2
53825,player,0.960522,11.9749,0.0649184,0.315777,1
53826,flyer5,1.49999,14.1653,-0.3,0,2
53827,flyer6,9.3422,7.34243,-0.286312,0.0895839,2
53827,flyer1,16.5,4.50083,-0.3,0,2
53827,bullet6,1.40288,12.1809,0.8,0,1
53828,flayer7,15.0083,4.94509,-0.298337,-0.0315484,2
53830,player,0.675156,11.7391,-0.336302,-0.146048,1
53831,flyer5,-6.4373e-06,14.1653,-0.3,0,2
53832,flyer6,7.91064,7.79035,-0.286312,0.0895839,2
53832,flyer1,15,4.50083,-0.3,0,2
53832,bullet6,5.40288,12.1809,0.8,0,1
53833,flayer7,13.5166,4.78735,-0.298337,-0.0315484,2
53833,bullet3,0.514449,11.1411,-0.8,-6.99382e-08,1
53834,finish,18.9485,8,-0.2,0,1
53835,player,0.993551,11.0333,0.024549,-0.0334497,1
53837,flyer6,6.47908,8.23827,-0.286312,0.0895839,2
53837,flyer1,13.5,4.50083,-0.3,0,2
53837,bullet6,9.40288,12.1809,0.8,0,1
53837,bullet1,0.920194,11.0115,0.8,0,1
53838,flayer7,12.0249,4.62961,-0.298337,-0.0315484,2
53839,finish,17.9485,8,-0.2,0,1
53839,bullet2,0.824339,11.0071,0.8,0,1
53840,player,0.4,10.669,-0,-0.338117,1
53842,flyer6,5.04752,8.68619,-0.286312,0.0895839,2
53842,flyer1,12,4.50083,-0.3,0,2
53842,bullet6,13.4029,12.1809,0.8,0,1
53842,bullet1,4.92019,11.0115,0.8,0,1
53842,bullet5,0.8,10.4483,0.8,0,1
53843,flayer7,10.5333,4.47187,-0.298337,-0.0315484,2
53844,finish,16.9485,8,-0.2,0,1
53844,bullet2,4.82434,11.0071,0.8,0,1
53845,player,0.4,10.9551,0,0.0621045,1
53847,flyer6,3.61595,9.13412,-0.286312,0.0895839,2
53847,flyer1,10.5,4.50083,-0.3,0,2
53847,bullet1,8.92019,11.0115,0.8,0,1
53847,bullet5,4.8,10.4483,0.8,0,1
53847,bullet4,0.8,10.5063,0.8,0,1
53848,flayer7,9.04158,4.31412,-0.298337,-0.0315484,2
53849,finish,15.9485,8,-0.2,0,1
53849,bullet2,8.82434,11.0071,0.8,0,1
53850,player,0.4,9.91333,0,-0.164569,1
53852,flyer6,2.18439,9.58204,-0.286312,0.0895839,2
53852,flyer1,9,4.50083,-0.3,0,2
53852,bullet1,12.9202,11.0115,0.8,0,1
53852,bullet5,8.8,10.4483,0.8,0,1
53852,bullet4,4.8,10.5063,0.8,0,1
53853,flayer7,7.54989,4.15638,-0.298337,-0.0315484,2
53854,finish,14.9485,8,-0.2,0,1
53854,bullet2,12.8243,11.0071,0.8,0,1
53855,player,0.4,9.1927,0,-0.0337914,1
