56667,player,11.9735,8.70033,0,0,1
56667,bullet1,12.3735,8.70033,0.8,0,1
56671,bullet2,11.3264,9.74743,0.8,0,1
56672,player,11.1648,9.84653,0.238402,0.0990984,1
56672,bullet1,16.3735,8.70033,0.8,0,1
56673,bullet3,11.6721,9.89112,0.8,0,1
56674,bullet4,11.7204,9.91119,0.8,0,1
56676,bullet2,15.3264,9.74743,0.8,0,1
56677,player,11.914,10.1463,0.0727429,-0.267328,1
56678,bullet3,15.6721,9.89112,0.8,0,1
56679,bullet4,15.7204,9.91119,0.8,0,1
56679,bullet5,12.8509,9.9719,0.8,0,1
56682,player,11.8652,10.421,0.132463,0.146942,1
56683,bullet6,12.3248,10.4871,0.8,0,1
56684,bullet1,12.3516,10.5169,0.8,0,1
56686,bullet2,12.3691,10.0469,0.8,0,1
56687,player,11.9715,9.98131,0.00244432,-0.0656323,1
56687,bullet3,12.3715,9.98131,0.8,0,1
56688,bullet6,16.3248,10.4871,0.8,0,1
56689,bullet1,16.3516,10.5169,0.8,0,1
56689,bullet4,11.8838,10.4279,0.8,0,1
56690,bullet5,11.0156,10.4902,-0.8,-6.99382e-08,1
56691,bullet2,16.3691,10.0469,0.8,0,1
56692,player,10.8818,11.0203,-0.16567,0.164504,1
56692,bullet3,16.3715,9.98131,0.8,0,1
56692,bullet6,11.2818,11.0203,0.8,0,1
56694,flyer1,16.5,9.18563,-0.298204,-0.0327735,2
56694,bullet4,15.8838,10.4279,0.8,0,1
56694,bullet1,11.6631,11.1276,0.8,0,1
56695,bullet5,7.01564,10.4902,-0.8,-6.99382e-08,1
56695,bullet2,10.9163,11.1426,-0.8,-6.99382e-08,1
56697,player,11.3511,11.1524,0.0107825,0.00303555,1
56697,bullet6,15.2818,11.0203,0.8,0,1
56699,flyer1,15.009,9.02176,-0.298204,-0.0327735,2
56699,bullet1,15.6631,11.1276,0.8,0,1
56700,bullet5,3.01564,10.4902,-0.8,-6.99382e-08,1
56700,bullet2,6.91634,11.1426,-0.8,-6.99382e-08,1
56701,bullet3,10.124,12.2326,0.8,0,1
56702,player,9.61124,11.9774,-0.112739,-0.255261,1
56703,bullet4,9.96051,11.8625,0.8,0,1
56704,flyer1,13.518,8.85789,-0.298204,-0.0327735,2
56705,bullet2,2.91634,11.1426,-0.8,-6.99382e-08,1
56706,bullet3,14.124,12.2326,0.8,0,1
56706,bullet6,9.43341,11.7771,0.8,0,1
56707,player,8.96298,11.7724,-0.0704241,-0.00471028,1
56708,bullet4,13.9605,11.8625,0.8,0,1
56709,flyer1,12.0269,8.69402,-0.298204,-0.0327735,2
56709,bullet1,9.31703,11.7693,0.8,0,1
56710,bullet5,9.31061,11.7689,0.8,0,1
56711,bullet6,13.4334,11.7771,0.8,0,1
56712,player,8.90643,11.7686,-0.00129952,-8.69178e-05,1
56712,bullet3,9.30643,11.7686,0.8,0,1
56714,flyer1,10.5359,8.53015,-0.298204,-0.0327735,2
56714,bullet1,13.317,11.7693,0.8,0,1
56715,bullet5,13.3106,11.7689,0.8,0,1
56717,player,7.22522,12.2717,-0.196493,0.134958,1
56717,bullet3,13.3064,11.7686,0.8,0,1
56717,bullet2,7.62522,12.2717,0.8,0,1
56718,bullet4,7.5368,12.3325,0.8,0,1
56719,flyer1,9.04489,8.36628,-0.298204,-0.0327735,2
56719,bullet6,7.49701,12.3598,0.8,0,1
56722,player,7.40492,12.7176,0.333874,0.33999,1
56722,bullet2,11.6252,12.2717,0.8,0,1
56723,bullet4,11.5368,12.3325,0.8,0,1
56724,flyer1,7.55387,8.20241,-0.298204,-0.0327735,2
56724,bullet6,11.497,12.3598,0.8,0,1
56725,bullet1,6.69548,13.0388,-0.8,-6.99382e-08,1
56727,player,7.07074,12.5151,-0.00767869,-0.162516,1
56727,bullet2,15.6252,12.2717,0.8,0,1
56728,bullet4,15.5368,12.3325,0.8,0,1
56728,bullet5,7.46728,12.442,0.8,0,1
56729,flyer1,6.06285,8.03854,-0.298204,-0.0327735,2
56729,bullet6,15.497,12.3598,0.8,0,1
56730,bullet1,2.69548,13.0388,-0.8,-6.99382e-08,1
56731,flyer2,16.5,9.12089,-0.286412,-0.0892658,2
56732,player,6.96547,12.9047,0.120979,0.111287,1
56732,bullet3,7.36547,12.9047,0.8,0,1
56733,bullet5,11.4673,12.442,0.8,0,1
56734,flyer1,4.57182,7.87468,-0.298204,-0.0327735,2
56736,flyer2,15.0679,8.67456,-0.286412,-0.0892658,2
56737,player,7.73328,13.2143,-0.0674592,-0.267103,1
56737,bullet3,11.3655,12.9047,0.8,0,1
56738,bullet5,15.4673,12.442,0.8,0,1
56739,flyer1,3.0808,7.71081,-0.298204,-0.0327735,2
56740,flyer3,16.5,9.12089,-0.299999,-0.000679969,2
56741,flyer2,13.6359,8.22823,-0.286412,-0.0892658,2
56742,player,8.23683,12.5104,0.0670989,-0.156804,1
56742,bullet3,15.3655,12.9047,0.8,0,1
56744,flyer1,1.58978,7.54694,-0.298204,-0.0327735,2
56744,flyer4,16.5,9.12089,-0.3,0,2
56744,bullet2,8.68061,12.4081,0.8,0,1
56745,flyer3,15,9.11749,-0.299999,-0.000679969,2
56745,bullet4,8.68672,12.3938,0.8,0,1
56746,flyer2,12.2038,7.7819,-0.286412,-0.0892658,2
56747,player,8.29072,12.047,0.00123816,-0.340393,1
56749,flyer1,0.0987566,7.38307,-0.298204,-0.0327735,2
56749,flyer4,15,9.12089,-0.3,0,2
56749,bullet2,12.6806,12.4081,0.8,0,1
56750,flyer3,13.5,9.11409,-0.299999,-0.000679969,2
56750,bullet4,12.6867,12.3938,0.8,0,1
56751,flyer2,10.7718,7.33557,-0.286412,-0.0892658,2
56752,player,9.3834,11.1713,0.165737,-0.0201208,1
56752,bullet6,9.7834,11.1713,0.8,0,1
56754,flyer4,13.5,9.12089,-0.3,0,2
56754,bullet1,9.89154,11.1582,0.8,0,1
56755,flyer3,12,9.11069,-0.299999,-0.000679969,2
56756,flyer2,9.33972,6.88924,-0.286412,-0.0892658,2
56757,player,8.95878,11.1552,-0.0652854,-0.000371286,1
56757,bullet6,13.7834,11.1713,0.8,0,1
56758,bullet5,9.3294,11.155,0.8,0,1
56759,flyer4,12,9.12089,-0.3,0,2
56759,bullet1,13.8915,11.1582,0.8,0,1
56759,bullet3,9.31618,11.1549,0.8,0,1
56760,flyer3,10.5,9.10729,-0.299999,-0.000679969,2
56761,flyer2,7.90766,6.44291,-0.286412,-0.0892658,2
56761,bullet2,9.30755,11.1549,0.8,0,1
56762,player,8.90635,11.1549,-0.0012047,-6.85127e-06,1
56763,bullet5,13.3294,11.155,0.8,0,1
56764,flyer4,10.5,9.12089,-0.3,0,2
56764,bullet3,13.3162,11.1549,0.8,0,1
56765,flyer3,9.00002,9.10389,-0.299999,-0.000679969,2
56766,flyer2,6.4756,5.99659,-0.286412,-0.0892658,2
56766,bullet2,13.3076,11.1549,0.8,0,1
56766,bullet4,9.3054,11.6442,0.8,0,1
56767,player,8.90538,11.7126,-2.22301e-05,0.0683436,1
56769,flyer4,9,9.12089,-0.3,0,2
56770,flyer3,7.50002,9.10049,-0.299999,-0.000679969,2
56770,bullet6,9.30536,12.2528,0.8,0,1
56771,flyer2,5.04354,5.55026,-0.286412,-0.0892658,2
56771,bullet4,13.3054,11.6442,0.8,0,1
56772,player,8.56786,12.0184,-0.3375,-0.305484,1
56773,bullet1,8.81598,11.881,0.8,0,1
56774,flyer4,7.5,9.12089,-0.3,0,2
56775,flyer3,6.00003,9.09709,-0.299999,-0.000679969,2
56775,bullet6,13.3054,12.2528,0.8,0,1
56776,flyer2,3.61148,5.10393,-0.286412,-0.0892658,2
56777,player,7.7391,11.7731,-0.0745716,-0.00563704,1
56777,bullet5,8.1391,11.7731,0.8,0,1
56778,bullet1,12.816,11.881,0.8,0,1
56779,flyer4,5.99999,9.12089,-0.3,0,2
56779,bullet3,8.09044,11.7694,0.8,0,1
56780,flyer3,4.50003,9.09369,-0.299999,-0.000679969,2
56781,flyer2,2.17943,4.6576,-0.286412,-0.0892658,2
56782,player,7.45899,11.4311,0.26778,-0.337604,1
56782,bullet5,12.1391,11.7731,0.8,0,1
56783,bullet2,7.97949,11.2792,0.8,0,1
56784,flyer4,4.49999,9.12089,-0.3,0,2
56784,bullet3,12.0904,11.7694,0.8,0,1
56785,flyer3,3.00003,9.09029,-0.299999,-0.000679969,2
56786,flyer2,0.747368,4.21127,-0.286412,-0.0892658,2
56787,player,7.67404,10.6706,0.0049413,-0.158105,1
56787,bullet5,16.1391,11.7731,0.8,0,1
56787,bullet4,8.07404,10.6706,0.8,0,1
56788,bullet2,11.9795,11.2792,0.8,0,1
56789,flyer4,2.99999,9.12089,-0.3,0,2
56789,bullet3,16.0904,11.7694,0.8,0,1
56789,bullet6,8.07727,10.5674,0.8,0,1
56790,flyer3,1.50004,9.08689,-0.299999,-0.000679969,2
56792,player,7.45779,10.5436,0.269247,-0.00291748,1
56792,bullet4,12.074,10.6706,0.8,0,1
56793,bullet2,15.9795,11.2792,0.8,0,1
56794,flyer4,1.49999,9.12089,-0.3,0,2
56794,bullet6,12.0773,10.5674,0.8,0,1
56795,flyer3,4.19617e-05,9.08349,-0.299999,-0.000679969,2
56797,player,7.18464,9.93895,-0.146907,-0.0138934,1
56797,flyer5,16.5,10.9324,-0.3,0,2
56797,bullet4,16.074,10.6706,0.8,0,1
56797,bullet1,7.58464,9.93895,0.8,0,1
56799,flyer4,-6.4373e-06,9.12089,-0.3,0,2
56799,explosion1,16.0773,10.5674,-0.3,0,1
56799,explosion2,15.9,10.9324,-0.3,0,1
56801,flyer6,16.5,10.9324,-0.3,0,2
56801,bullet5,8.02709,9.92805,0.8,0,1
56802,player,7.65514,9.9278,0.0280438,-0.000256373,1
56802,bullet1,11.5846,9.93895,0.8,0,1
56802,bullet3,8.05514,9.9278,0.8,0,1
56804,explosion2,14.4,10.9324,-0.3,0,1
56806,flyer6,15,10.9324,-0.3,0,2
56806,bullet5,12.0271,9.92805,0.8,0,1
56806,bullet2,8.63486,9.92759,0.8,0,1
56807,player,8.26613,9.92759,0.0312722,-4.7308e-06,1
56807,bullet1,15.5846,9.93895,0.8,0,1
56807,bullet3,12.0551,9.9278,0.8,0,1
56811,flyer6,13.5,10.9324,-0.3,0,2
56811,bullet5,16.0271,9.92805,0.8,0,1
56811,bullet2,12.6349,9.92759,0.8,0,1
56811,bullet4,8.13295,10.4853,0.8,0,1
56812,player,7.70277,10.5161,-0.0301776,0.0307546,1
56812,bullet3,16.0551,9.9278,0.8,0,1
56812,bullet6,8.10277,10.5161,0.8,0,1
56816,flyer6,12,10.9324,-0.3,0,0
56816,bullet4,12.133,10.4853,0.8,0,1
56816,explosion3,11.3028,10.5161,-0.3,0,1
56816,explosion4,12.133,10.4853,-0.3,0,1
56816,explosion5,12,10.9324,-0.3,0,1
56816,bullet1,7.52137,11.0979,0.8,0,1
56817,player,7.09006,11.1292,-0.0313115,0.0313222,1
56817,bullet6,12.1028,10.5161,0.8,0,1
56821,flayer7,16.5,11.3907,-0.299504,-0.0172371,2
56821,explosion4,10.6329,10.4853,-0.3,0,1
56821,explosion5,10.5,10.9324,-0.3,0,1
56821,bullet1,11.5214,11.0979,0.8,0,1
56821,bullet5,7.4655,11.1538,0.8,0,1
56822,player,7.06492,11.1544,-0.000577786,0.000577983,1
56822,bullet3,7.46492,11.1544,0.8,0,1
56825,explosion6,14.7214,11.0979,-0.299504,-0.0172371,1
56826,flayer7,15.0025,11.3045,-0.299504,-0.0172371,1
56826,bullet5,11.4655,11.1538,0.8,0,1
56827,player,7.1328,12.2019,-0.0835419,0.220229,1
56827,bullet3,11.4649,11.1544,0.8,0,1
56829,explosion7,13.8655,11.1538,-0.299504,-0.0172371,1
56829,explosion8,14.104,11.2528,-0.299504,-0.0172371,1
56830,explosion6,13.2239,11.0117,-0.299504,-0.0172371,1
56831,flayer8,16.5,11.3907,-0.294408,-0.0576555,2
56832,player,7.16481,12.2659,-0.122662,0.142099,1
56832,explosion1,15.4649,11.1544,-0.294408,-0.0576555,1
56833,bullet2,7.50961,12.3298,0.8,0,1
56834,explosion8,12.6064,11.1666,-0.299504,-0.0172371,1
56835,flyer1,16.5,11.3907,-0.229883,-0.192753,2
56835,bullet4,7.47359,12.3715,0.8,0,1
56836,flayer8,15.028,11.1024,-0.294408,-0.0576555,1
56836,bullet6,7.46856,12.3774,0.8,0,1
56837,player,7.0663,12.38,-0.00226346,0.00262213,1
56838,bullet2,11.5096,12.3298,0.8,0,1
56838,bullet1,7.46528,12.3812,0.8,0,1
56840,flyer1,15.3506,10.4269,-0.229883,-0.192753,2
56840,bullet4,11.4736,12.3715,0.8,0,1
56841,flayer8,13.5559,10.8141,-0.294408,-0.0576555,1
56841,bullet6,11.4686,12.3774,0.8,0,1
56842,player,7.40198,12.3821,0.337458,4.83857e-05,1
56843,bullet2,15.5096,12.3298,0.8,0,1
56843,bullet1,11.4653,12.3812,0.8,0,1
56845,flyer1,14.2012,9.46312,-0.229883,-0.192753,2
56845,bullet4,15.4736,12.3715,0.8,0,1
56846,flayer8,12.0839,10.5258,-0.294408,-0.0576555,1
56846,bullet6,15.4686,12.3774,0.8,0,1
56846,bullet5,7.57739,12.3821,0.8,0,1
56847,player,7.11527,12.3821,-0.0621167,8.92852e-07,1
56848,bullet1,15.4653,12.3812,0.8,0,1
56849,bullet3,7.96411,12.8715,0.8,0,1
56850,flyer1,13.0518,8.49936,-0.229883,-0.192753,2
56851,flayer8,10.6118,10.2375,-0.294408,-0.0576555,1
56851,bullet5,11.5774,12.3821,0.8,0,1
56851,bullet2,8.055,12.9706,0.8,0,1
56852,player,7.6677,12.9845,0.0126934,0.0138396,1
56853,bullet4,8.07341,12.9907,0.8,0,1
56854,bullet3,11.9641,12.8715,0.8,0,1
56855,flyer1,11.9023,7.53559,-0.229883,-0.192753,2
56856,flayer8,9.1398,9.94927,-0.294408,-0.0576555,1
56856,bullet5,15.5774,12.3821,0.8,0,1
56856,bullet2,12.055,12.9706,0.8,0,1
56857,player,7.67789,12.9956,0.000234229,0.00025538,1
56858,bullet4,12.0734,12.9907,0.8,0,1
56859,bullet3,15.9641,12.8715,0.8,0,1
56859,bullet6,7.58867,13.4851,0.8,0,1
56860,flyer1,10.7529,6.57183,-0.229883,-0.192753,2
56861,flayer8,7.66777,9.66099,-0.294408,-0.0576555,1
56861,bullet2,16.055,12.9706,0.8,0,1
56862,player,7.07577,13.5981,-0.0138353,0.0138443,1
56863,bullet4,16.0734,12.9907,0.8,0,1
56864,flyer2,16.5,12.0744,-0.281784,-0.102947,2
56864,bullet6,11.5887,13.4851,0.8,0,1
56865,flyer1,9.6035,5.60807,-0.229883,-0.192753,2
56866,flayer8,6.19573,9.37271,-0.294408,-0.0576555,1
56866,bullet1,6.97554,13.7081,0.8,0,1
56867,player,6.50694,13.6538,-0.0685991,-0.0542487,1
56869,flyer2,15.0911,11.5597,-0.281784,-0.102947,2
56869,bullet6,15.5887,13.4851,0.8,0,1
56870,flyer1,8.45409,4.6443,-0.229883,-0.192753,2
56871,flayer8,4.72369,9.08444,-0.294408,-0.0576555,1
56871,bullet1,10.9755,13.7081,0.8,0,1
56872,player,6.95506,13.6241,0.133694,-0.0179161,1
56874,flyer2,13.6822,11.0449,-0.281784,-0.102947,2
56875,flyer1,7.30467,3.68054,-0.229883,-0.192753,2
56876,flayer8,3.25165,8.79616,-0.294408,-0.0576555,1
56876,bullet1,14.9755,13.7081,0.8,0,1
56876,bullet5,6.97058,13.5109,0.8,0,1
56877,player,6.50471,13.5651,-0.0658767,0.0541735,1
56879,flyer2,12.2732,10.5302,-0.281784,-0.102947,2
56880,flyer1,6.15526,2.71677,-0.229883,-0.192753,2
56880,bullet3,7.3451,14.0948,0.8,0,1
56881,flayer8,1.77961,8.50788,-0.294408,-0.0576555,1
56881,bullet5,10.9706,13.5109,0.8,0,1
56882,player,7.04028,14.1971,0.0295391,0.0317543,1
56882,bullet2,7.44028,14.1971,0.8,0,1
56883,bullet4,7.45357,14.2114,0.8,0,1
56884,flyer2,10.8643,10.0155,-0.281784,-0.102947,2
56885,flyer1,5.00584,1.75301,-0.229883,-0.192753,2
56885,bullet3,11.3451,14.0948,0.8,0,1
56886,flayer8,0.307573,8.21961,-0.294408,-0.0576555,1
56886,bullet5,14.9706,13.5109,0.8,0,1
56887,player,7.064,14.2226,0.000545079,0.000585957,1
56887,bullet2,11.4403,14.1971,0.8,0,1
56888,bullet4,11.4536,14.2114,0.8,0,1
56888,bullet6,6.66425,14.2228,-0.8,-6.99382e-08,1
56889,flyer2,9.4554,9.50073,-0.281784,-0.102947,2
56890,flyer1,3.85642,0.789245,-0.229883,-0.192753,2
56890,bullet3,15.3451,14.0948,0.8,0,1
56892,player,7.06444,14.223,1.00582e-05,1.08126e-05,1
56892,bullet2,15.4403,14.1971,0.8,0,1
56892,bullet1,7.46444,14.223,0.8,0,1
56893,bullet4,15.4536,14.2114,0.8,0,1
56893,bullet6,2.66425,14.2228,-0.8,-6.99382e-08,1
56894,flyer2,8.04648,8.986,-0.281784,-0.102947,2
56895,flyer1,2.70701,-0.174519,-0.229883,-0.192753,2
56895,bullet5,8.02217,14.2231,0.8,0,1
56896,bullet3,8.05292,14.2231,0.8,0,1
56897,player,7.66676,14.2231,0.0138398,1.99522e-07,1
56897,bullet1,11.4644,14.223,0.8,0,1
56899,flyer2,6.63756,8.47127,-0.281784,-0.102947,2
56900,bullet5,12.0222,14.2231,0.8,0,1
56901,bullet3,12.0529,14.2231,0.8,0,1
56902,player,8.23559,13.6346,0.0685991,-0.0307547,1
56902,bullet1,15.4644,14.223,0.8,0,1
56904,flyer2,5.22864,7.95654,-0.281784,-0.102947,2
56904,flyer3,16.5,12.0744,-0.3,0,2
56904,bullet2,8.68036,13.6145,0.8,0,1
56905,bullet5,16.0222,14.2231,0.8,0,1
56906,bullet3,16.0529,14.2231,0.8,0,1
56907,player,7.80131,13.1205,-0.150609,-0.152442,1
56907,flyer5,16.5,14.8476,-0.3,0,2
56907,bullet4,8.20131,13.1205,0.8,0,1
56909,flyer2,3.81972,7.4418,-0.281784,-0.102947,2
56909,flyer3,15,12.0744,-0.3,0,2
56909,bullet2,12.6804,13.6145,0.8,0,1
56910,bullet6,8.57869,13.4965,0.8,0,1
56912,player,8.26883,13.5866,0.0279755,0.0279417,1
56912,flyer5,15,14.8476,-0.3,0,2
56912,bullet4,12.2013,13.1205,0.8,0,1
56913,bullet1,8.68142,13.5991,0.8,0,1
56914,flyer2,2.41081,6.92707,-0.281784,-0.102947,2
56914,flyer3,13.5,12.0744,-0.3,0,2
56915,bullet6,12.5787,13.4965,0.8,0,1
56916,bullet5,8.69078,13.0508,0.8,0,1
56917,player,8.2913,13.0205,0.000516227,-0.0302391,1
56917,flyer5,13.5,14.8476,-0.3,0,2
56917,bullet4,16.2013,13.1205,0.8,0,1
56918,bullet1,12.6814,13.5991,0.8,0,1
56919,flyer2,1.00189,6.41234,-0.281784,-0.102947,2
56919,flyer3,12,12.0744,-0.3,0,2
56921,bullet5,12.6908,13.0508,0.8,0,1
56921,bullet3,8.13398,13.5545,0.8,0,1
56922,player,7.70324,13.5847,-0.0307452,0.0301967,1
56922,flyer5,12,14.8476,-0.3,0,2
56924,flyer2,-0.407029,5.8976,-0.281784,-0.102947,2
56924,flyer3,10.5,12.0744,-0.3,0,2
56924,bullet2,8.57255,14.0938,0.8,0,1
56926,bullet3,12.134,13.5545,0.8,0,1
56926,explosion2,10.1726,14.0938,-0.3,0,1
56926,bullet4,8.66759,14.1969,0.8,0,1
56927,player,8.28086,14.2113,0.0132723,0.0143968,1
56927,flyer5,10.5,14.8476,-0.3,0,1
56927,bullet6,8.68086,14.2113,0.8,0,1
56928,explosion3,9.48086,14.2113,-0.3,0,1
56928,explosion4,10.2676,14.1969,-0.3,0,1
56928,explosion5,10.2,14.8476,-0.3,0,1
56929,flyer3,9,12.0744,-0.3,0,2
56931,bullet3,16.134,13.5545,0.8,0,1
56932,player,7.21367,15.3007,-0.182385,0.182895,1
56933,flyer4,16.5,12.9504,-0.265084,-0.140466,2
56933,explosion4,8.76759,14.1969,-0.3,0,1
56933,explosion5,8.7,14.8476,-0.3,0,1
56934,flyer3,7.5,12.0744,-0.3,0,2
56934,flyer6,16.5,12.9504,-0.212344,-0.211919,2
56934,bullet1,7.00529,15.42,0.8,0,1
56936,bullet5,6.8821,15.4442,0.8,0,1
56937,player,6.46489,15.4476,-0.0172051,0.00337493,1
56937,bullet2,6.86489,15.4476,0.8,0,1
56938,flyer4,15.1746,12.2481,-0.265084,-0.140466,2
56939,flyer3,5.99999,12.0744,-0.3,0,2
56939,flyer6,15.4383,11.8908,-0.212344,-0.211919,2
56939,bullet1,11.0053,15.42,0.8,0,1
56940,bullet4,6.8521,15.4501,0.8,0,1
56941,bullet5,10.8821,15.4442,0.8,0,1
56942,player,6.45107,15.4503,-0.000317483,6.2277e-05,1
56942,bullet2,10.8649,15.4476,0.8,0,1
56943,flyer4,13.8492,11.5458,-0.265084,-0.140466,2
56944,flyer3,4.49999,12.0744,-0.3,0,2
56944,flyer6,14.3766,10.8312,-0.212344,-0.211919,2
56944,bullet1,15.0053,15.42,0.8,0,1
56945,bullet4,10.8521,15.4501,0.8,0,1
56946,bullet5,14.8821,15.4442,0.8,0,1
56947,player,5.86235,14.2595,-0.0307605,-0.0445931,1
56947,bullet2,14.8649,15.4476,0.8,0,1
56947,bullet6,5.46235,14.2595,-0.8,-6.99382e-08,1
56948,flyer4,12.5238,10.8435,-0.265084,-0.140466,2
56948,bullet3,6.24851,14.2395,0.8,0,1
56949,flyer3,2.99999,12.0744,-0.3,0,2
56949,flyer6,13.3148,9.77165,-0.212344,-0.211919,2
56950,bullet4,14.8521,15.4501,0.8,0,1
56952,player,6.39536,13.8862,0.0677761,-0.338323,1
56952,bullet6,1.46235,14.2595,-0.8,-6.99382e-08,1
56953,flyer4,11.1983,10.1411,-0.265084,-0.140466,2
56953,bullet3,10.2485,14.2395,0.8,0,1
56954,flyer3,1.49999,12.0744,-0.3,0,2
56954,flyer6,12.2531,8.71205,-0.212344,-0.211919,2
56955,bullet1,6.84576,13.1453,0.8,0,1
56957,player,6.44979,13.0261,0.00125066,-0.0369977,1
56957,bullet5,6.84979,13.0261,0.8,0,1
56958,flyer4,9.87292,9.4388,-0.265084,-0.140466,2
56958,bullet3,14.2485,14.2395,0.8,0,1
56959,flyer3,-6.4373e-06,12.0744,-0.3,0,2
56959,flyer6,11.1914,7.65245,-0.212344,-0.211919,2
56960,bullet1,10.8458,13.1453,0.8,0,1
56962,player,6.4508,12.9517,2.30782e-05,0.0538214,1
56962,bullet5,10.8498,13.0261,0.8,0,1
56962,bullet2,6.8508,12.9517,0.8,0,1
56963,flyer4,8.5475,8.73647,-0.265084,-0.140466,2
56964,flyer6,10.1297,6.59286,-0.212344,-0.211919,2
56964,bullet4,6.85081,12.9869,0.8,0,1
56965,bullet1,14.8458,13.1453,0.8,0,1
56967,player,6.45081,12.995,4.25858e-07,0.000993157,1
56967,bullet5,14.8498,13.0261,0.8,0,1
56967,bullet2,10.8508,12.9517,0.8,0,1
56967,bullet6,6.85081,12.995,0.8,0,1
56968,flyer4,7.22208,8.03415,-0.265084,-0.140466,2
56969,flyer6,9.06795,5.53326,-0.212344,-0.211919,2
56969,bullet4,10.8508,12.9869,0.8,0,1
56972,player,5.96144,13.8226,-0.151875,0.489393,1
56972,bullet2,14.8508,12.9517,0.8,0,1
56972,bullet6,10.8508,12.995,0.8,0,1
56973,flyer4,5.89666,7.33182,-0.265084,-0.140466,2
56974,flyer6,8.00623,4.47366,-0.212344,-0.211919,2
56974,bullet4,14.8508,12.9869,0.8,0,1
56975,bullet3,6.73788,14.6759,0.8,0,1
56977,player,6.42794,14.8041,0.0279522,0.0397854,1
56977,bullet6,14.8508,12.995,0.8,0,1
56978,flyer4,4.57124,6.62949,-0.265084,-0.140466,2
56979,flyer6,6.94451,3.41407,-0.212344,-0.211919,2
56979,flayer7,16.5,8.60244,-0.3,0,2
56979,bullet1,6.35681,14.8301,0.8,0,1
56980,bullet3,10.7379,14.6759,0.8,0,1
56982,player,5.51058,15.1736,-0.350824,0.338234,1
56983,flyer4,3.24583,5.92716,-0.265084,-0.140466,2
56984,flyer6,5.88278,2.35447,-0.212344,-0.211919,2
56984,flayer7,15,8.60244,-0.3,0,2
56984,bullet1,10.3568,14.8301,0.8,0,1
56985,bullet3,14.7379,14.6759,0.8,0,1
56986,bullet5,5.14594,14.9496,0.8,0,1
56987,player,4.67112,14.8875,-0.0748174,-0.0621024,1
56988,flyer4,1.92041,5.22483,-0.265084,-0.140466,2
56989,flyer6,4.82106,1.29487,-0.212344,-0.211919,2
56989,flayer7,13.5,8.60244,-0.3,0,2
56989,bullet1,14.3568,14.8301,0.8,0,1
56991,bullet5,9.14594,14.9496,0.8,0,1
56992,player,4.05331,14.4555,-0.0697243,-0.284142,1
56993,flyer4,0.594988,4.5225,-0.265084,-0.140466,2
56993,bullet2,4.42194,14.3277,0.8,0,1
56994,flyer6,3.75934,0.235277,-0.212344,-0.211919,2
56994,flayer7,12,8.60244,-0.3,0,2
56995,bullet4,4.40146,14.2442,0.8,0,1
56996,bullet5,13.1459,14.9496,0.8,0,1
56996,bullet6,4.39861,14.2326,0.8,0,1
56997,player,3.99732,14.2273,-0.00128661,-0.00524322,1
56998,bullet2,8.42194,14.3277,0.8,0,1
56999,flayer7,10.5,8.60244,-0.3,0,2
57000,bullet4,8.40147,14.2442,0.8,0,1
57001,bullet6,8.39861,14.2326,0.8,0,1
57002,player,4.21651,14.5606,-0.26918,0.337403,1
57003,bullet2,12.4219,14.3277,0.8,0,1
57003,bullet3,4.49537,14.7125,0.8,0,1
57004,flayer7,9,8.60244,-0.3,0,2
57005,bullet4,12.4015,14.2442,0.8,0,1
57006,bullet6,12.3986,14.2326,0.8,0,1
57007,player,3.44261,14.8316,-0.0733109,0.00622604,1
57008,bullet3,8.49537,14.7125,0.8,0,1
57009,flayer7,7.5,8.60244,-0.3,0,2
57009,bullet1,3.79478,14.8357,0.8,0,1
57010,bullet5,3.7881,14.8362,0.8,0,1
57011,bullet6,16.3986,14.2326,0.8,0,1
57012,player,3.04624,14.4991,-0.338853,-0.337385,1
57013,bullet3,12.4954,14.7125,0.8,0,1
57014,flayer7,5.99999,8.60244,-0.3,0,2
57014,bullet1,7.79478,14.8357,0.8,0,1
57015,bullet5,7.7881,14.8362,0.8,0,1
57016,bullet2,2.69099,14.8229,0.8,0,1
57017,player,2.21639,14.8305,-0.0745965,0.0076139,1
57019,flayer7,4.49999,8.60244,-0.3,0,2
57019,bullet1,11.7948,14.8357,0.8,0,1
57019,bullet4,2.56772,14.8354,0.8,0,1
57020,bullet5,11.7881,14.8362,0.8,0,1
57021,bullet2,6.69099,14.8229,0.8,0,1
57022,player,2.15648,14.8366,-0.00137652,0.000140498,1
57024,flayer7,2.99999,8.60244,-0.3,0,2
57024,bullet1,15.7948,14.8357,0.8,0,1
57024,bullet4,6.56772,14.8354,0.8,0,1
57025,bullet5,15.7881,14.8362,0.8,0,1
57026,flayer8,16.5,8.60244,-0.3,0,2
57026,bullet2,10.691,14.8229,0.8,0,1
57027,player,1.666,15.1742,-0.1519,0.337503,1
57029,flayer7,1.49999,8.60244,-0.3,0,2
57029,bullet4,10.5677,14.8354,0.8,0,1
57029,bullet6,1.96689,15.3944,0.8,0,1
57031,flayer8,15,8.60244,-0.3,0,2
57031,bullet2,14.691,14.8229,0.8,0,1
57032,player,1.54401,14.8875,-0.00280299,-0.0621159,1
57032,bullet3,1.94401,14.8875,0.8,0,1
57034,flayer7,-6.4373e-06,8.60244,-0.3,0,2
57034,bullet4,14.5677,14.8354,0.8,0,1
57034,bullet6,5.96689,15.3944,0.8,0,1
57036,flayer8,13.5,8.60244,-0.3,0,2
57036,bullet1,1.94181,14.8388,0.8,0,1
57037,player,1.20426,14.8376,-0.337552,-0.00114621,1
57037,bullet3,5.94401,14.8875,0.8,0,1
57039,bullet6,9.96689,15.3944,0.8,0,1
57039,bullet5,1.38401,14.8369,0.8,0,1
57041,flayer8,12,8.60244,-0.3,0,2
57041,bullet1,5.94181,14.8388,0.8,0,1
57042,player,0.595681,15.1742,-0.343729,0.337479,1
57042,bullet3,9.94401,14.8875,0.8,0,1
57044,bullet6,13.9669,15.3944,0.8,0,1
57044,bullet5,5.38401,14.8369,0.8,0,1
57046,flayer8,10.5,8.60244,-0.3,0,2
57046,bullet1,9.94182,14.8388,0.8,0,1
57047,player,0.398216,15.1077,-0.0017839,-0.331273,1
57047,bullet3,13.944,14.8875,0.8,0,1
57049,bullet5,9.38401,14.8369,0.8,0,1
57050,bullet2,1.28626,14.8614,0.8,0,1
57051,flayer8,9,8.60244,-0.3,0,2
57051,bullet1,13.9418,14.8388,0.8,0,1
57052,player,0.985257,14.8417,0.0307218,-0.00611291,1
57053,bullet4,1.39908,14.839,0.8,0,1
57054,bullet5,13.384,14.8369,0.8,0,1
57055,bullet2,5.28626,14.8614,0.8,0,1
57056,flayer8,7.5,8.60244,-0.3,0,2
57056,bullet6,1.40936,14.8369,0.8,0,1
57057,player,1.00993,14.8368,0.000566903,-0.0001128,1
57058,bullet4,5.39908,14.839,0.8,0,1
57060,bullet2,9.28627,14.8614,0.8,0,1
57061,flayer8,5.99999,8.60244,-0.3,0,2
57061,bullet6,5.40936,14.8369,0.8,0,1
57061,bullet3,0.920999,15.3261,0.8,0,1
57062,player,0.452666,15.3944,-0.0683333,0.0683417,1
57063,bullet4,9.39908,14.839,0.8,0,1
57065,bullet2,13.2863,14.8614,0.8,0,1
57066,flayer8,4.49999,8.60244,-0.3,0,2
57066,bullet6,9.40936,14.8369,0.8,0,1
57066,bullet3,4.921,15.3261,0.8,0,1
57067,player,0.986262,15.4493,0.0294937,0.0012611,1
57068,bullet4,13.3991,14.839,0.8,0,1
57071,flayer8,2.99999,8.60244,-0.3,0,2
57071,bullet6,13.4094,14.8369,0.8,0,1
57071,bullet3,8.921,15.3261,0.8,0,1
57072,player,0.4,15.6,-0,0,1
57072,flyer1,16.5,10.3814,-0.3,0,2
57073,bullet1,0.8,15.6,0.8,0,1
57076,flayer8,1.49999,8.60244,-0.3,0,2
57076,bullet3,12.921,15.3261,0.8,0,1
57077,player,0.4,15.6,0,0,1
57077,flyer1,15,10.3814,-0.3,0,2
57077,bullet5,0.8,15.6,0.8,0,1
57078,bullet1,4.8,15.6,0.8,0,1
57080,bullet2,0.8,15.6,0.8,0,1
57081,flayer8,-6.4373e-06,8.60244,-0.3,0,2
57082,player,0.4,15.6,0,0,1
57082,flyer1,13.5,10.3814,-0.3,0,2
57082,bullet5,4.8,15.6,0.8,0,1
57083,bullet1,8.8,15.6,0.8,0,1
57085,bullet2,4.8,15.6,0.8,0,1
57087,player,0.957719,15.6,0.0683438,0,1
57087,flyer1,12,10.3814,-0.3,0,2
57087,bullet5,8.8,15.6,0.8,0,1
57087,bullet4,1.35772,15.6,0.8,0,1
57088,bullet1,12.8,15.6,0.8,0,1
57090,bullet2,8.8,15.6,0.8,0,1
57092,player,1.0126,15.6,0.00126113,0,1
57092,flyer1,10.5,10.3814,-0.3,0,2
57092,bullet5,12.8,15.6,0.8,0,1
57092,bullet4,5.35772,15.6,0.8,0,1
57095,bullet2,12.8,15.6,0.8,0,1
57095,bullet6,1.41354,15.6,0.8,0,1
57097,player,0.524243,15.6,-0.151852,0,1
57097,flyer1,9,10.3814,-0.3,0,2
57097,bullet4,9.35772,15.6,0.8,0,1
57098,bullet3,0.855909,15.6,0.8,0,1
57100,bullet6,5.41354,15.6,0.8,0,1
57102,player,0.4,15.4481,-0,0.185625,1
57102,flyer1,7.5,10.3814,-0.3,0,2
57102,bullet4,13.3577,15.6,0.8,0,1
57103,bullet3,4.85591,15.6,0.8,0,1
57104,bullet1,0.8,15.5692,0.8,0,1
57105,bullet6,9.41354,15.6,0.8,0,1
57106,bullet5,0.8,15.5938,0.8,0,1
57107,player,0.4,15.5972,0,0.0034253,1
57107,flyer1,5.99999,10.3814,-0.3,0,2
57108,bullet3,8.85591,15.6,0.8,0,1
57109,bullet1,4.8,15.5692,0.8,0,1
57110,bullet6,13.4135,15.6,0.8,0,1
57111,bullet5,4.8,15.5938,0.8,0,1
57112,player,0.4,15.6,0,0,1
57112,flyer1,4.49999,10.3814,-0.3,0,2
57113,bullet3,12.8559,15.6,0.8,0,1
57114,bullet1,8.8,15.5692,0.8,0,1
57115,bullet2,0.8,15.6,0.8,0,1
57116,bullet5,8.8,15.5938,0.8,0,1
57117,player,0.4,15.6,0,0,1
57117,flyer1,2.99999,10.3814,-0.3,0,2
57119,bullet1,12.8,15.5692,0.8,0,1
57120,bullet2,4.8,15.6,0.8,0,1
57120,bullet4,0,15.6,-0.8,-6.99382e-08,1
57121,bullet5,12.8,15.5938,0.8,0,1
57122,player,0.4,15.6,0,0,1
57122,flyer1,1.49999,10.3814,-0.3,0,2
57122,bullet6,0.8,15.6,0.8,0,1
57125,bullet2,8.8,15.6,0.8,0,1
57125,bullet3,0.8,15.6,0.8,0,1
57126,bullet4,0.8,15.6,0.8,0,1
57127,player,0.4,15.6,0,0,1
57127,flyer1,-6.4373e-06,10.3814,-0.3,0,2
57127,bullet6,4.8,15.6,0.8,0,1
57130,bullet2,12.8,15.6,0.8,0,1
57130,bullet3,4.8,15.6,0.8,0,1
57131,bullet4,4.8,15.6,0.8,0,1
57132,player,0.4,15.6,-0,0,1
57132,bullet6,8.8,15.6,0.8,0,1
57135,flyer2,16.5,10.3814,-0.293891,-0.0602347,2
57135,bullet3,8.8,15.6,0.8,0,1
57136,bullet4,8.8,15.6,0.8,0,1
57137,player,0.4,15.6,0,0,1
57137,bullet6,12.8,15.6,0.8,0,1
57137,bullet1,0.8,15.6,0.8,0,1
57140,flyer2,15.0305,10.0802,-0.293891,-0.0602347,2
57140,bullet3,12.8,15.6,0.8,0,1
57141,bullet4,12.8,15.6,0.8,0,1
57142,player,0.4,15.6,0,0,1
57142,bullet1,4.8,15.6,0.8,0,1
57142,bullet5,0.8,15.6,0.8,0,1
57145,flyer2,13.5611,9.77904,-0.293891,-0.0602347,2
57146,flyer5,16.5,10.3814,-0.3,0,2
57147,player,0.7375,15.6,0.3375,0.237768,1
57147,bullet1,8.8,15.6,0.8,0,1
57147,bullet5,4.8,15.6,0.8,0,1
57149,bullet2,1.35772,15.6,0.8,0,1
57150,flyer2,12.0916,9.47786,-0.293891,-0.0602347,2
57151,flyer5,15,10.3814,-0.3,0,2
57152,player,0.4,15.6,-0.099904,0,1
57152,bullet1,12.8,15.6,0.8,0,1
57152,bullet5,8.8,15.6,0.8,0,1
57154,bullet2,5.35772,15.6,0.8,0,1
57154,bullet6,0.8,15.6,0.8,0,1
57155,flyer2,10.6222,9.17669,-0.293891,-0.0602347,2
57156,flyer5,13.5,10.3814,-0.3,0,2
57157,player,0.4,15.6,-0,0,1
57157,bullet5,12.8,15.6,0.8,0,1
57159,bullet2,9.35772,15.6,0.8,0,1
57159,bullet6,4.8,15.6,0.8,0,1
57160,flyer2,9.15273,8.87551,-0.293891,-0.0602347,2
57161,flyer5,12,10.3814,-0.3,0,2
57162,player,0.4,15.6,0,0,1
57163,bullet3,0.8,15.6,0.8,0,1
57164,bullet2,13.3577,15.6,0.8,0,1
57164,bullet6,8.8,15.6,0.8,0,1
57165,flyer2,7.68327,8.57434,-0.293891,-0.0602347,2
57166,flyer5,10.5,10.3814,-0.3,0,2
57166,bullet4,0.8,15.6,0.8,0,1
57167,player,0.4,15.6,0,0,1
57168,bullet3,4.8,15.6,0.8,0,1
57169,bullet6,12.8,15.6,0.8,0,1
57170,flyer2,6.21382,8.27316,-0.293891,-0.0602347,2
57170,bullet1,0.8,15.6,0.8,0,1
57171,flyer5,9,10.3814,-0.3,0,2
57171,bullet4,4.8,15.6,0.8,0,1
57172,player,0.4,15.6,0,0,1
57173,bullet3,8.8,15.6,0.8,0,1
57175,flyer2,4.74436,7.97199,-0.293891,-0.0602347,2
57175,bullet1,4.8,15.6,0.8,0,1
57176,flyer5,7.5,10.3814,-0.3,0,2
57176,bullet4,8.8,15.6,0.8,0,1
57177,player,0.4,15.6,-0,0,1
57178,bullet3,12.8,15.6,0.8,0,1
57178,bullet5,0.8,15.6,0.8,0,1
57180,flyer2,3.27491,7.67081,-0.293891,-0.0602347,2
57180,bullet1,8.8,15.6,0.8,0,1
57181,flyer5,5.99999,10.3814,-0.3,0,2
57181,bullet4,12.8,15.6,0.8,0,1
57182,player,0.4,15.6,0,0,1
57183,bullet5,4.8,15.6,0.8,0,1
57183,bullet2,0.8,15.6,0.8,0,1
57185,flyer2,1.80546,7.36964,-0.293891,-0.0602347,2
57185,bullet1,12.8,15.6,0.8,0,1
57186,flyer5,4.49999,10.3814,-0.3,0,2
57187,player,0.4,15.6,-0,0,1
57188,bullet5,8.8,15.6,0.8,0,1
57188,bullet2,4.8,15.6,0.8,0,1
57190,flyer2,0.336001,7.06847,-0.293891,-0.0602347,2
57190,bullet6,0.8,15.6,0.8,0,1
57191,flyer5,2.99999,10.3814,-0.3,0,2
57192,player,0.4,15.2625,-0,-0.3375,1
57193,bullet5,12.8,15.6,0.8,0,1
57193,bullet2,8.8,15.6,0.8,0,1
57194,bullet3,0.8,15.0423,0.8,0,1
57195,bullet6,4.8,15.6,0.8,0,1
57196,flyer5,1.49999,10.3814,-0.3,0,2
57197,player,0.7375,15.329,0.3375,0.331272,1
57198,bullet2,12.8,15.6,0.8,0,1
57198,bullet4,1.28938,15.478,0.8,0,1
57199,bullet3,4.8,15.0423,0.8,0,1
57200,bullet6,8.8,15.6,0.8,0,1
57201,flyer5,-6.4373e-06,10.3814,-0.3,0,2
57202,player,0.450822,15.595,-0.0621159,0.0061129,1
57203,bullet2,16.8,15.6,0.8,0,1
57203,bullet4,5.28938,15.478,0.8,0,1
57204,flyer3,16.5,10.3814,-0.230633,0.191856,2
57204,bullet3,8.8,15.0423,0.8,0,1
57204,bullet1,0.810292,15.599,0.8,0,1
57205,bullet6,12.8,15.6,0.8,0,1
57207,player,0.400938,15.5999,-0.00114621,0.0001128,1
57208,bullet4,9.28938,15.478,0.8,0,1
57209,flyer3,15.3468,11.3407,-0.230633,0.191856,2
57209,bullet3,12.8,15.0423,0.8,0,1
57209,bullet1,4.81029,15.599,0.8,0,1
57212,player,0.400017,15.6,-2.11509e-05,2.08148e-06,1
57212,bullet5,0.800017,15.6,0.8,0,1
57213,bullet4,13.2894,15.478,0.8,0,1
57214,flyer3,14.1937,12.2999,-0.230633,0.191856,2
57214,bullet1,8.81029,15.599,0.8,0,1
57217,player,0.988474,15.0115,0.0307543,-0.0307546,1
57217,flyer4,16.5,3.47254,-0.3,0,2
57217,bullet5,4.80002,15.6,0.8,0,1
57217,bullet2,1.38847,15.0115,0.8,0,1
57218,bullet6,1.40231,14.9977,0.8,0,1
57219,flyer3,13.0405,13.2592,-0.230633,0.191856,2
57219,bullet1,12.8103,15.599,0.8,0,1
57222,player,1.01317,14.9868,0.000567503,-0.00056751,1
57222,flyer4,15,3.47254,-0.3,0,2
57222,bullet5,8.80002,15.6,0.8,0,1
57222,bullet2,5.38847,15.0115,0.8,0,1
57223,bullet6,5.40231,14.9977,0.8,0,1
57224,flyer3,11.8873,14.2185,-0.230633,0.191856,2
57227,player,1.01363,14.3979,1.0472e-05,-0.0307652,1
57227,flyer4,13.5,3.47254,-0.3,0,2
57227,bullet5,12.8,15.6,0.8,0,1
57227,bullet2,9.38848,15.0115,0.8,0,1
57228,bullet6,9.40231,14.9977,0.8,0,1
57228,explosion6,10.1885,15.0115,-0.230633,0.191856,1
57229,flyer3,10.7342,15.1778,-0.230633,0.191856,0
57229,explosion7,10.2023,14.9977,-0.230633,0.191856,1
57229,explosion8,10.7342,15.1778,-0.230633,0.191856,1
57229,bullet3,1.41364,14.3778,0.8,0,1
57232,player,1.50301,13.8838,0.151875,-0.152443,1
57232,flyer4,12,3.47254,-0.3,0,2
57232,bullet4,1.90301,13.8838,0.8,0,1
57234,explosion8,9.58102,16.1371,-0.230633,0.191856,1
57234,bullet3,5.41364,14.3778,0.8,0,1
57234,bullet1,2.00211,13.7843,0.8,0,1
57235,bullet2,2.01595,13.7704,0.8,0,1
57237,player,1.62498,13.7614,0.00280252,-0.002813,1
57237,flyer4,10.5,3.47254,-0.3,0,2
57237,bullet4,5.90301,13.8838,0.8,0,1
57239,bullet3,9.41364,14.3778,0.8,0,1
57239,bullet1,6.00211,13.7843,0.8,0,1
57240,bullet2,6.01595,13.7704,0.8,0,1
57242,player,0.4,13.8582,-0.260039,-0.121172,1
57242,flyer4,9,3.47254,-0.3,0,2
57242,bullet4,9.90301,13.8838,0.8,0,1
57244,bullet3,13.4136,14.3778,0.8,0,1
57244,bullet1,10.0021,13.7843,0.8,0,1
57245,bullet2,10.016,13.7704,0.8,0,1
57247,player,0.988474,13.7609,0.0307547,-0.00223597,1
57247,flyer4,7.5,3.47254,-0.3,0,2
57247,bullet4,13.903,13.8838,0.8,0,1
57248,bullet6,1.40231,13.7599,0.8,0,1
57249,bullet1,14.0021,13.7843,0.8,0,1
57250,bullet2,14.016,13.7704,0.8,0,1
57252,player,1.50255,14.2485,0.152442,0.151834,1
57252,flyer4,5.99999,3.47254,-0.3,0,2
57252,flyer6,16.5,7.57536,-0.214158,-0.210087,2
57253,flayer7,16.5,5.82687,-0.3,0,2
57253,bullet6,5.40231,13.7599,0.8,0,1
57253,bullet5,1.97115,14.3168,0.8,0,1
57255,bullet3,2.01591,14.3614,0.8,0,1
57257,player,1.62497,14.3704,0.00281299,0.00280176,1
57257,flyer4,4.49999,3.47254,-0.3,0,2
57257,flyer6,15.4292,6.52493,-0.214158,-0.210087,2
57258,flayer7,15,5.82687,-0.3,0,2
57258,bullet6,9.40231,13.7599,0.8,0,1
57258,bullet5,5.97115,14.3168,0.8,0,1
57259,bullet4,1.53743,14.3722,0.8,0,1
57260,bullet3,6.01591,14.3614,0.8,0,1
57262,player,0.687417,14.3727,-0.351288,5.17003e-05,1
57262,flyer4,2.99999,3.47254,-0.3,0,2
57262,flyer6,14.3584,5.47449,-0.214158,-0.210087,2
57263,flayer7,13.5,5.82687,-0.3,0,2
57263,bullet6,13.4023,13.7599,0.8,0,1
57263,bullet5,9.97115,14.3168,0.8,0,1
57264,bullet4,5.53743,14.3722,0.8,0,1
57265,bullet3,10.0159,14.3614,0.8,0,1
57267,player,0.405304,13.4775,-0.00648225,-0.405843,1
57267,flyer4,1.49999,3.47254,-0.3,0,2
57267,flyer6,13.2876,4.42406,-0.214158,-0.210087,2
57268,flayer7,12,5.82687,-0.3,0,2
57268,bullet5,13.9711,14.3168,0.8,0,1
57269,bullet4,9.53743,14.3722,0.8,0,1
57269,bullet1,0.801074,13.2127,0.8,0,1
57270,bullet3,14.0159,14.3614,0.8,0,1
57272,player,0.400098,13.1516,-0.000119616,-0.00748894,1
57272,flyer4,-6.4373e-06,3.47254,-0.3,0,2
57272,flyer6,12.2168,3.37363,-0.214158,-0.210087,2
57272,bullet2,0.800098,13.1516,0.8,0,1
57273,flayer7,10.5,5.82687,-0.3,0,2
57274,bullet4,13.5374,14.3722,0.8,0,1
57274,bullet1,4.80107,13.2127,0.8,0,1
57276,bullet6,0.800004,12.588,0.8,0,1
57277,player,0.400002,12.5571,-2.20725e-06,-0.0308929,1
57277,flyer6,11.1461,2.32319,-0.214158,-0.210087,2
57277,bullet2,4.8001,13.1516,0.8,0,1
57278,flayer7,9,5.82687,-0.3,0,2
57279,bullet1,8.80107,13.2127,0.8,0,1
57279,bullet5,0.8,12.0476,0.8,0,1
57281,bullet6,4.8,12.588,0.8,0,1
57282,player,0.889375,11.7781,0.151875,0.171215,1
57282,flyer6,10.0753,1.27276,-0.214158,-0.210087,2
57282,bullet2,8.8001,13.1516,0.8,0,1
57283,flayer7,7.5,5.82687,-0.3,0,2
57284,bullet1,12.8011,13.2127,0.8,0,1
57284,bullet5,4.8,12.0476,0.8,0,1
57286,bullet6,8.8,12.588,0.8,0,1
57287,player,0.912245,12.5041,0.123923,0.0339141,1
57287,flyer6,9.00447,0.222326,-0.214158,-0.210087,2
57287,bullet2,12.8001,13.1516,0.8,0,1
57288,flayer7,5.99999,5.82687,-0.3,0,2
57289,bullet5,8.8,12.0476,0.8,0,1
57289,bullet3,0.90373,12.5262,0.8,0,1
57291,bullet6,12.8,12.588,0.8,0,1
57292,player,0.409452,12.1938,-0.0115529,-0.336874,1
57293,flayer7,4.49999,5.82687,-0.3,0,2
57294,bullet5,12.8,12.0476,0.8,0,1
57294,bullet3,4.90373,12.5262,0.8,0,1
57296,flayer8,16.5,15.1152,-0.259683,0.150215,2
57296,bullet4,0.800388,11.3718,0.8,0,1
57297,player,0.400174,11.3348,-0.000213183,-0.036971,1
57298,flayer7,2.99999,5.82687,-0.3,0,2
57298,bullet1,0.800078,11.3181,0.8,0,1
57299,bullet3,8.90373,12.5262,0.8,0,1
57301,flayer8,15.2016,15.8663,-0.259683,0.150215,2
57301,bullet4,4.80039,11.3718,0.8,0,1
57302,player,0.889378,10.8157,0.151871,-0.152557,1
57303,flayer7,1.49999,5.82687,-0.3,0,2
57303,bullet1,4.80008,11.3181,0.8,0,1
57304,bullet3,12.9037,12.5262,0.8,0,1
57306,bullet4,8.80039,11.3718,0.8,0,1
57307,player,1.07969,9.60151,-0.0807288,-0.16853,1
57308,flayer7,-6.4373e-06,5.82687,-0.3,0,2
57308,bullet1,8.80008,11.3181,0.8,0,1
57308,bullet2,0.643359,9.52567,-0.8,-6.99382e-08,1
57310,flyer1,16.5,15.1152,-0.3,0,2
57310,flyer2,16.5,14.8598,-0.239927,0.180098,2
57310,bullet6,1.41965,9.47619,0.8,0,1
57311,bullet4,12.8004,11.3718,0.8,0,1
57312,player,1.01485,9.12866,-0.00148967,-0.34061,1
57313,bullet1,12.8001,11.3181,0.8,0,1
57313,finish,18.9485,8,-0.2,0,1
57315,flyer1,15,15.1152,-0.3,0,2
57315,flyer2,15.3004,15.7602,-0.239927,0.180098,2
57315,bullet6,5.41965,9.47619,0.8,0,1
57316,bullet5,1.41369,8.27294,0.8,0,1
57317,player,1.01366,8.59031,-2.74887e-05,0.317375,1
57318,finish,17.9485,8,-0.2,0,1
57319,bullet3,1.41364,8.7974,0.8,0,1
57320,flyer1,13.5,15.1152,-0.3,0,2
57320,bullet6,9.41966,9.47619,0.8,0,1
57321,bullet5,5.41369,8.27294,0.8,0,1
57322,player,0.455917,9.74041,-0.0683443,0.4117,1
57323,finish,16.9485,8,-0.2,0,1
57324,bullet3,5.41364,8.7974,0.8,0,1
57325,flyer1,12,15.1152,-0.3,0,2
57325,bullet6,13.4197,9.47619,0.8,0,1
57326,bullet5,9.41369,8.27294,0.8,0,1
57327,player,0.4,8.97936,0,-0.158118,1
57327,bullet2,0.8,8.97936,0.8,0,1
57328,finish,15.9485,8,-0.2,0,1
57329,bullet3,9.41364,8.7974,0.8,0,1
57329,bullet4,0.8,8.87618,0.8,0,1
57330,flyer1,10.5,15.1152,-0.3,0,2
57331,bullet5,13.4137,8.27294,0.8,0,1
57332,player,0.4,8.85237,0,-0.00291771,1
57332,bullet2,4.8,8.97936,0.8,0,1
57333,finish,14.9485,8,-0.2,0,1
57334,bullet3,13.4136,8.7974,0.8,0,1
57334,bullet4,4.8,8.87618,0.8,0,1
57335,flyer1,9,15.1152,-0.3,0,2
57337,player,0.4,8.36065,0,-0.151929,1
57337,bullet2,8.8,8.97936,0.8,0,1
57337,bullet1,0.8,8.36065,0.8,0,1
57338,finish,13.9485,8,-0.2,0,1
57339,bullet4,8.8,8.87618,0.8,0,1
57340,flyer1,7.5,15.1152,-0.3,0,2
57340,bullet6,0.8,8.24768,0.8,0,1
57342,player,0.4,8.23865,0,-0.00280351,1
57342,bullet2,12.8,8.97936,0.8,0,1
57342,bullet1,4.8,8.36065,0.8,0,1
57343,finish,12.9485,8,-0.2,0,1
57344,bullet4,12.8,8.87618,0.8,0,1
57345,flyer1,5.99999,15.1152,-0.3,0,2
57345,bullet6,4.8,8.24768,0.8,0,1
57347,player,0.4,8.82487,0,0.030703,1
57347,bullet1,8.8,8.36065,0.8,0,1
57348,finish,11.9485,8,-0.2,0,1
57350,flyer1,4.49999,15.1152,-0.3,0,2
57350,bullet6,8.8,8.24768,0.8,0,1
57352,player,2.04941,7.6895,0.234058,-0.0816168,1
57352,bullet1,12.8,8.36065,0.8,0,1
57353,finish,10.9485,8,-0.2,0,1
57354,bullet5,2.60213,7.63624,0.8,0,1
57355,flyer1,2.99999,15.1152,-0.3,0,2
57355,bullet6,12.8,8.24768,0.8,0,1
57357,player,1.89988,7.62395,-0.333181,-0.00150606,1
57358,finish,9.9485,8,-0.2,0,1
57359,bullet5,6.60213,7.63624,0.8,0,1
57360,flyer1,1.49999,15.1152,-0.3,0,2
57360,flyer5,16.5,14.8598,-0.3,0,2
57361,bullet3,2.62692,7.03429,0.8,0,1
57362,player,2.23462,7.02042,0.00769148,-0.0138674,1
57362,bullet2,2.63462,7.02042,0.8,0,1
57363,finish,8.94851,8,-0.2,0,1
57364,bullet5,10.6021,7.63624,0.8,0,1
57364,bullet4,2.63963,7.01138,0.8,0,1
57365,flyer1,-6.4373e-06,15.1152,-0.3,0,2
57365,flyer5,15,14.8598,-0.3,0,2
57366,bullet3,6.62693,7.03429,0.8,0,1
57367,player,2.24079,7.00929,0.00014193,-0.000255893,1
57367,bullet2,6.63462,7.02042,0.8,0,1
57368,finish,7.94851,8,-0.2,0,1
57369,bullet5,14.6021,7.63624,0.8,0,1
57369,bullet4,6.63964,7.01138,0.8,0,1
57370,flyer5,13.5,14.8598,-0.3,0,2
57371,bullet3,10.6269,7.03429,0.8,0,1
57372,player,2.24091,6.45136,2.619e-06,-0.0683485,1
57372,bullet2,10.6346,7.02042,0.8,0,1
57372,bullet1,2.64091,6.45136,0.8,0,1
57373,finish,6.94851,8,-0.2,0,1
57374,bullet4,10.6396,7.01138,0.8,0,1
57375,flyer5,12,14.8598,-0.3,0,2
57376,bullet3,14.6269,7.03429,0.8,0,1
57377,player,2.24091,6.39648,4.83279e-08,-0.00126122,1
57377,bullet2,14.6346,7.02042,0.8,0,1
57377,bullet1,6.64091,6.45136,0.8,0,1
57378,finish,5.94851,8,-0.2,0,1
57379,bullet4,14.6396,7.01138,0.8,0,1
57380,flyer5,10.5,14.8598,-0.3,0,2
